codigo_municipio,municipio,grupo,variable,mes,hombres menores a 2 años,mujeres menores a 2 años,hombres de 2 a 4 años,mujeres de 2 a 4 años,hombres total,mujeres total,total
51302,ACACIO,desnutricion global,nutricion normal (n),2006-01-01,42,55,45,40,87,95,182
20201,ACHACACHI,desnutricion global,nutricion normal (n),2006-01-01,312,335,368,360,680,695,1375
20104,ACHOCALLA,desnutricion global,nutricion normal (n),2006-01-01,34,34,18,19,52,53,105
30201,AIQUILE,desnutricion global,nutricion normal (n),2006-01-01,52,43,38,27,90,70,160
31303,ALALAY,desnutricion global,nutricion normal (n),2006-01-01,2,2,1,1,3,3,6
10404,ALCALA,desnutricion global,nutricion normal (n),2006-01-01,38,28,35,36,73,64,137
20202,ANCORAIMES,desnutricion global,nutricion normal (n),2006-01-01,79,87,130,124,209,211,420
41201,ANDAMARCA,desnutricion global,nutricion normal (n),2006-01-01,3,3,2,2,5,5,10
30402,ANZALDO,desnutricion global,nutricion normal (n),2006-01-01,5,17,8,8,13,25,38
20701,APOLO,desnutricion global,nutricion normal (n),2006-01-01,45,45,43,32,88,77,165
51301,ARAMPAMPA,desnutricion global,nutricion normal (n),2006-01-01,32,33,32,41,64,74,138
30501,ARANI,desnutricion global,nutricion normal (n),2006-01-01,5,7,3,1,8,8,16
30403,ARBIETO,desnutricion global,nutricion normal (n),2006-01-01,20,13,6,9,26,22,48
30601,ARQUE,desnutricion global,nutricion normal (n),2006-01-01,42,36,28,25,70,61,131
50802,ATOCHA,desnutricion global,nutricion normal (n),2006-01-01,65,74,67,64,132,138,270
20503,AUCAPATA,desnutricion global,nutricion normal (n),2006-01-01,15,27,15,15,30,42,72
20502,AYATA,desnutricion global,nutricion normal (n),2006-01-01,76,48,53,57,129,105,234
21303,AYO AYO,desnutricion global,nutricion normal (n),2006-01-01,23,31,10,5,33,36,69
30301,AYOPAYA (V. DE INDEPENDENCIA),desnutricion global,nutricion normal (n),2006-01-01,134,141,98,98,232,239,471
10201,AZURDUY,desnutricion global,nutricion normal (n),2006-01-01,198,170,191,149,389,319,708
21203,BATALLAS,desnutricion global,nutricion normal (n),2006-01-01,88,71,26,31,114,102,216
80802,BAURES,desnutricion global,nutricion normal (n),2006-01-01,22,28,15,21,37,49,86
41202,BELEN DE ANDAMARCA,desnutricion global,nutricion normal (n),2006-01-01,3,4,1,4,4,8,12
50104,BELEN DE URMIRI,desnutricion global,nutricion normal (n),2006-01-01,9,2,9,5,18,7,25
90104,BELLA FLOR,desnutricion global,nutricion normal (n),2006-01-01,27,30,31,33,58,63,121
60202,BERMEJO,desnutricion global,nutricion normal (n),2006-01-01,16,28,24,19,40,47,87
50301,BETANZOS,desnutricion global,nutricion normal (n),2006-01-01,192,172,198,186,390,358,748
31501,BOLIVAR,desnutricion global,nutricion normal (n),2006-01-01,37,44,43,45,80,89,169
90103,BOLPEBRA,desnutricion global,nutricion normal (n),2006-01-01,15,16,20,12,35,28,63
70707,BOYUIBE,desnutricion global,nutricion normal (n),2006-01-01,29,20,27,44,56,64,120
70401,BUENA VISTA,desnutricion global,nutricion normal (n),2006-01-01,141,153,133,131,274,284,558
70703,CABEZAS,desnutricion global,nutricion normal (n),2006-01-01,93,76,63,51,156,127,283
20905,CAIROMA,desnutricion global,nutricion normal (n),2006-01-01,77,84,54,80,131,164,295
51102,"CAIZA ""D""",desnutricion global,nutricion normal (n),2006-01-01,45,54,37,44,82,98,180
21003,CAJUATA,desnutricion global,nutricion normal (n),2006-01-01,74,71,45,40,119,111,230
20303,CALACOTO,desnutricion global,nutricion normal (n),2006-01-01,29,25,22,21,51,46,97
21304,CALAMARCA,desnutricion global,nutricion normal (n),2006-01-01,89,129,80,56,169,185,354
10701,CAMARGO,desnutricion global,nutricion normal (n),2006-01-01,140,158,112,82,252,240,492
10901,CAMATAQUI (C. VILLA ABECIA),desnutricion global,nutricion normal (n),2006-01-01,30,23,29,14,59,37,96
70706,CAMIRI,desnutricion global,nutricion normal (n),2006-01-01,203,187,152,142,355,329,684
30701,CAPINOTA,desnutricion global,nutricion normal (n),2006-01-01,98,90,71,54,169,144,313
20302,CAQUIAVIRI,desnutricion global,nutricion normal (n),2006-01-01,21,40,22,16,43,56,99
40102,CARACOLLO,desnutricion global,nutricion normal (n),2006-01-01,40,56,17,24,57,80,137
22001,CARANAVI,desnutricion global,nutricion normal (n),2006-01-01,307,279,152,146,459,425,884
41503,CARANGAS,desnutricion global,nutricion normal (n),2006-01-01,4,2,0,1,4,3,7
60302,CARAPARI,desnutricion global,nutricion normal (n),2006-01-01,71,75,52,55,123,130,253
50702,CARIPUYO,desnutricion global,nutricion normal (n),2006-01-01,62,61,83,68,145,129,274
71403,CARMEN RIVERO TORREZ,desnutricion global,nutricion normal (n),2006-01-01,24,12,18,12,42,24,66
21902,CATACORA,desnutricion global,nutricion normal (n),2006-01-01,1,0,2,0,3,0,3
21803,CHACARILLA,desnutricion global,nutricion normal (n),2006-01-01,7,3,2,6,9,9,18
40201,CHALLAPATA,desnutricion global,nutricion normal (n),2006-01-01,88,91,56,63,144,154,298
50302,CHAQUI,desnutricion global,nutricion normal (n),2006-01-01,40,26,29,25,69,51,120
70702,CHARAGUA,desnutricion global,nutricion normal (n),2006-01-01,171,181,144,184,315,365,680
20305,CHARAÑA,desnutricion global,nutricion normal (n),2006-01-01,16,6,6,12,22,18,40
50202,CHAYANTA,desnutricion global,nutricion normal (n),2006-01-01,66,53,46,40,112,93,205
31204,CHIMORE,desnutricion global,nutricion normal (n),2006-01-01,36,29,20,11,56,40,96
40903,CHIPAYA,desnutricion global,nutricion normal (n),2006-01-01,11,8,5,4,16,12,28
40302,CHOQUE COTA,desnutricion global,nutricion normal (n),2006-01-01,5,6,4,5,9,11,20
21101,CHULUMANI (V. DE LA LIBERTAD),desnutricion global,nutricion normal (n),2006-01-01,49,46,18,18,67,64,131
20501,CHUMA,desnutricion global,nutricion normal (n),2006-01-01,42,34,30,28,72,62,134
30801,CLIZA,desnutricion global,nutricion normal (n),2006-01-01,78,77,42,32,120,109,229
90101,COBIJA,desnutricion global,nutricion normal (n),2006-01-01,219,197,146,132,365,329,694
30101,COCHABAMBA,desnutricion global,nutricion normal (n),2006-01-01,1523,1312,656,614,2179,1926,4105
30905,COLCAPIRHUA,desnutricion global,nutricion normal (n),2006-01-01,131,158,87,76,218,234,452
50901,"COLCHA ""K""",desnutricion global,nutricion normal (n),2006-01-01,44,43,35,38,79,81,160
21307,COLLANA,desnutricion global,nutricion normal (n),2006-01-01,8,7,9,3,17,10,27
31002,COLOMI,desnutricion global,nutricion normal (n),2006-01-01,117,91,53,56,170,147,317
70603,COLPA BELGICA,desnutricion global,nutricion normal (n),2006-01-01,32,25,25,21,57,46,103
50401,COLQUECHACA,desnutricion global,nutricion normal (n),2006-01-01,131,85,104,98,235,183,418
21306,COLQUENCHA,desnutricion global,nutricion normal (n),2006-01-01,35,44,39,28,74,72,146
21004,COLQUIRI,desnutricion global,nutricion normal (n),2006-01-01,127,105,87,83,214,188,402
20304,COMANCHE,desnutricion global,nutricion normal (n),2006-01-01,8,11,1,3,9,14,23
71301,COMARAPA,desnutricion global,nutricion normal (n),2006-01-01,82,88,55,53,137,141,278
20605,COMBAYA,desnutricion global,nutricion normal (n),2006-01-01,2,3,5,3,7,6,13
71101,CONCEPCION,desnutricion global,nutricion normal (n),2006-01-01,74,67,41,25,115,92,207
21701,COPACABANA,desnutricion global,nutricion normal (n),2006-01-01,64,67,45,40,109,107,216
21402,CORIPATA,desnutricion global,nutricion normal (n),2006-01-01,81,57,47,36,128,93,221
20301,CORO CORO,desnutricion global,nutricion normal (n),2006-01-01,34,33,23,28,57,61,118
21401,COROICO,desnutricion global,nutricion normal (n),2006-01-01,83,49,52,57,135,106,241
40301,CORQUE,desnutricion global,nutricion normal (n),2006-01-01,17,14,31,21,48,35,83
50601,COTAGAITA,desnutricion global,nutricion normal (n),2006-01-01,108,119,85,74,193,193,386
70102,COTOCA,desnutricion global,nutricion normal (n),2006-01-01,228,198,91,64,319,262,581
71106,CUATRO CAÑADAS,desnutricion global,nutricion normal (n),2006-01-01,46,30,34,32,80,62,142
31405,CUCHUMUELA (V. G. VILLARROEL),desnutricion global,nutricion normal (n),2006-01-01,13,4,15,5,28,9,37
70704,CUEVO,desnutricion global,nutricion normal (n),2006-01-01,12,29,27,26,39,55,94
10902,CULPINA,desnutricion global,nutricion normal (n),2006-01-01,169,142,110,140,279,282,561
40401,CURAHUARA DE CARANGAS,desnutricion global,nutricion normal (n),2006-01-01,15,14,5,9,20,23,43
21602,CURVA,desnutricion global,nutricion normal (n),2006-01-01,6,0,4,2,10,2,12
20804,DESAGUADERO,desnutricion global,nutricion normal (n),2006-01-01,26,27,24,29,50,56,106
20105,EL ALTO,desnutricion global,nutricion normal (n),2006-01-01,3142,2835,1094,1142,4236,3977,8213
40103,EL CHORO,desnutricion global,nutricion normal (n),2006-01-01,14,7,9,15,23,22,45
71503,EL PUENTE(STC),desnutricion global,nutricion normal (n),2006-01-01,72,84,43,52,115,136,251
60502,EL PUENTE(TJA),desnutricion global,nutricion normal (n),2006-01-01,53,39,57,37,110,76,186
70105,EL TORNO,desnutricion global,nutricion normal (n),2006-01-01,171,176,91,70,262,246,508
10405,EL VILLAR,desnutricion global,nutricion normal (n),2006-01-01,69,50,73,57,142,107,249
60601,ENTRE RIOS,desnutricion global,nutricion normal (n),2006-01-01,106,116,95,66,201,182,383
60601,ENTRE RIOS,desnutricion global,nutricion normal (n),2006-01-01,130,105,110,89,240,194,434
40502,ESCARA,desnutricion global,nutricion normal (n),2006-01-01,0,1,1,2,1,3,4
41101,EUCALIPTUS,desnutricion global,nutricion normal (n),2006-01-01,28,26,26,33,54,59,113
90503,EUREKA (SANTOS MERCADO),desnutricion global,nutricion normal (n),2006-01-01,15,24,28,31,43,55,98
80402,EXALTACION,desnutricion global,nutricion normal (n),2006-01-01,9,8,8,7,17,15,32
71004,FERNANDEZ ALONSO,desnutricion global,nutricion normal (n),2006-01-01,121,111,95,98,216,209,425
90203,FILADELFIA,desnutricion global,nutricion normal (n),2006-01-01,18,23,23,30,41,53,94
71002,GENERAL SAAVEDRA,desnutricion global,nutricion normal (n),2006-01-01,145,94,148,107,293,201,494
21601,GRAL. J.J. PEREZ (CHARAZANI),desnutricion global,nutricion normal (n),2006-01-01,32,38,36,24,68,62,130
20602,GUANAY,desnutricion global,nutricion normal (n),2006-01-01,56,39,40,22,96,61,157
20802,GUAQUI,desnutricion global,nutricion normal (n),2006-01-01,38,25,17,15,55,40,95
80202,GUAYARAMERIN,desnutricion global,nutricion normal (n),2006-01-01,237,272,140,136,377,408,785
70705,GUTIERREZ,desnutricion global,nutricion normal (n),2006-01-01,84,96,121,119,205,215,420
10502,HUACARETA,desnutricion global,nutricion normal (n),2006-01-01,100,71,88,90,188,161,349
11002,HUACAYA (VILLA DE HUACAYA),desnutricion global,nutricion normal (n),2006-01-01,32,21,25,26,57,47,104
40501,HUACHACALLA,desnutricion global,nutricion normal (n),2006-01-01,10,3,4,4,14,7,21
40701,HUANUNI,desnutricion global,nutricion normal (n),2006-01-01,148,146,66,48,214,194,408
80803,HUARACAJE,desnutricion global,nutricion normal (n),2006-01-01,25,27,29,28,54,55,109
41601,HUAYLLAMARCA,desnutricion global,nutricion normal (n),2006-01-01,38,26,10,13,48,39,87
21005,ICHOCA,desnutricion global,nutricion normal (n),2006-01-01,21,18,20,12,41,30,71
10304,ICLA,desnutricion global,nutricion normal (n),2006-01-01,98,109,118,129,216,238,454
10703,INCAHUASI,desnutricion global,nutricion normal (n),2006-01-01,191,169,116,127,307,296,603
90402,INGAVI (HUMAITA),desnutricion global,nutricion normal (n),2006-01-01,2,3,8,3,10,6,16
21001,INQUISIVI,desnutricion global,nutricion normal (n),2006-01-01,101,125,88,94,189,219,408
21102,IRUPANA (VILLA DE LANZA),desnutricion global,nutricion normal (n),2006-01-01,119,96,126,87,245,183,428
21501,IXIAMAS,desnutricion global,nutricion normal (n),2006-01-01,66,38,57,28,123,66,189
20806,JESUS DE MACHACA,desnutricion global,nutricion normal (n),2006-01-01,38,43,22,31,60,74,134
21105,LA ASUNTA,desnutricion global,nutricion normal (n),2006-01-01,56,70,44,23,100,93,193
70104,LA GUARDIA,desnutricion global,nutricion normal (n),2006-01-01,303,314,168,162,471,476,947
20101,LA PAZ,desnutricion global,nutricion normal (n),2006-01-01,2822,2457,1177,1160,3999,3617,7616
41501,LA RIVERA,desnutricion global,nutricion normal (n),2006-01-01,0,1,1,1,1,2,3
70701,LAGUNILLAS,desnutricion global,nutricion normal (n),2006-01-01,50,43,50,54,100,97,197
21202,LAJA,desnutricion global,nutricion normal (n),2006-01-01,77,93,37,40,114,133,247
10903,LAS CARRERAS,desnutricion global,nutricion normal (n),2006-01-01,40,46,35,36,75,82,157
21006,LICOMA PAMPA,desnutricion global,nutricion normal (n),2006-01-01,31,23,70,78,101,101,202
50203,LLALLAGUA,desnutricion global,nutricion normal (n),2006-01-01,151,131,111,113,262,244,506
51401,LLICA,desnutricion global,nutricion normal (n),2006-01-01,12,18,14,8,26,26,52
80601,LORETO,desnutricion global,nutricion normal (n),2006-01-01,27,14,27,33,54,47,101
20901,LURIBAY,desnutricion global,nutricion normal (n),2006-01-01,70,55,57,40,127,95,222
40702,MACHACAMARCA,desnutricion global,nutricion normal (n),2006-01-01,8,17,4,8,12,25,37
11003,MACHARETI,desnutricion global,nutricion normal (n),2006-01-01,77,82,102,127,179,209,388
80801,MAGDALENA,desnutricion global,nutricion normal (n),2006-01-01,63,51,33,35,96,86,182
70903,MAIRANA,desnutricion global,nutricion normal (n),2006-01-01,42,69,24,21,66,90,156
20904,MALLA,desnutricion global,nutricion normal (n),2006-01-01,13,19,32,27,45,46,91
20607,MAPIRI,desnutricion global,nutricion normal (n),2006-01-01,124,92,62,49,186,141,327
20103,MECAPACA,desnutricion global,nutricion normal (n),2006-01-01,51,51,21,24,72,75,147
71003,MINEROS,desnutricion global,nutricion normal (n),2006-01-01,137,105,97,88,234,193,427
31301,MIZQUE,desnutricion global,nutricion normal (n),2006-01-01,103,85,67,65,170,150,320
20402,MOCOMOCO,desnutricion global,nutricion normal (n),2006-01-01,38,50,48,37,86,87,173
51002,MOJINETE,desnutricion global,nutricion normal (n),2006-01-01,8,4,5,3,13,7,20
10303,MOJOCOYA,desnutricion global,nutricion normal (n),2006-01-01,75,56,96,81,171,137,308
10501,MONTEAGUDO,desnutricion global,nutricion normal (n),2006-01-01,164,176,182,154,346,330,676
71001,MONTERO,desnutricion global,nutricion normal (n),2006-01-01,927,764,568,507,1495,1271,2766
70803,MORO MORO,desnutricion global,nutricion normal (n),2006-01-01,18,9,12,10,30,19,49
30302,MOROCHATA,desnutricion global,nutricion normal (n),2006-01-01,89,82,59,60,148,142,290
90401,NACEBE (SANTA ROSA DEL ABUNA),desnutricion global,nutricion normal (n),2006-01-01,9,7,13,10,22,17,39
20307,NAZACARA DE PACAJES,desnutricion global,nutricion normal (n),2006-01-01,3,1,5,0,8,1,9
90501,NUEVO MANOA (NUEVA ESPERANZA),desnutricion global,nutricion normal (n),2006-01-01,17,12,19,18,36,30,66
50404,OCURI,desnutricion global,nutricion normal (n),2006-01-01,94,89,97,67,191,156,347
70202,OKINAWA,desnutricion global,nutricion normal (n),2006-01-01,112,107,94,65,206,172,378
30203,OMEREQUE,desnutricion global,nutricion normal (n),2006-01-01,54,53,36,32,90,85,175
40101,ORURO,desnutricion global,nutricion normal (n),2006-01-01,967,916,432,467,1399,1383,2782
60201,PADCAYA,desnutricion global,nutricion normal (n),2006-01-01,98,97,99,92,197,189,386
10401,PADILLA,desnutricion global,nutricion normal (n),2006-01-01,111,106,143,138,254,244,498
70502,PAILON,desnutricion global,nutricion normal (n),2006-01-01,11,219,131,21,142,240,382
20102,PALCA,desnutricion global,nutricion normal (n),2006-01-01,52,47,20,10,72,57,129
21104,PALOS BLANCOS,desnutricion global,nutricion normal (n),2006-01-01,151,136,88,65,239,201,440
40802,PAMPA AULLAGAS,desnutricion global,nutricion normal (n),2006-01-01,16,13,13,9,29,22,51
70902,PAMPA GRANDE,desnutricion global,nutricion normal (n),2006-01-01,52,45,37,45,89,90,179
21802,PAPEL PAMPA,desnutricion global,nutricion normal (n),2006-01-01,11,18,4,13,15,31,46
30202,PASORAPA,desnutricion global,nutricion normal (n),2006-01-01,31,19,37,27,68,46,114
21305,PATACAMAYA,desnutricion global,nutricion normal (n),2006-01-01,131,136,40,29,171,165,336
40602,PAZÑA,desnutricion global,nutricion normal (n),2006-01-01,21,26,14,12,35,38,73
20702,PELECHUCO,desnutricion global,nutricion normal (n),2006-01-01,24,21,8,9,32,30,62
50403,POCOATA,desnutricion global,nutricion normal (n),2006-01-01,90,95,88,82,178,177,355
31203,POCONA,desnutricion global,nutricion normal (n),2006-01-01,43,28,31,27,74,55,129
31202,POJO (CBBA),desnutricion global,nutricion normal (n),2006-01-01,35,42,30,29,65,71,136
40601,POOPO,desnutricion global,nutricion normal (n),2006-01-01,18,23,14,7,32,30,62
51203,PORCO,desnutricion global,nutricion normal (n),2006-01-01,41,35,3,13,44,48,92
10103,POROMA,desnutricion global,nutricion normal (n),2006-01-01,67,72,65,57,132,129,261
70103,PORONGO,desnutricion global,nutricion normal (n),2006-01-01,48,41,38,11,86,52,138
70601,PORTACHUELO,desnutricion global,nutricion normal (n),2006-01-01,138,122,113,91,251,213,464
90102,PORVENIR,desnutricion global,nutricion normal (n),2006-01-01,28,28,21,22,49,50,99
70804,POSTRER VALLE,desnutricion global,nutricion normal (n),2006-01-01,9,8,3,6,12,14,26
50101,POTOSI,desnutricion global,nutricion normal (n),2006-01-01,1021,669,348,283,1369,952,2321
10302,PRESTO,desnutricion global,nutricion normal (n),2006-01-01,53,52,70,56,123,108,231
70805,PUCARA,desnutricion global,nutricion normal (n),2006-01-01,10,5,11,2,21,7,28
21201,PUCARANI,desnutricion global,nutricion normal (n),2006-01-01,115,92,51,59,166,151,317
20401,PUERTO ACOSTA,desnutricion global,nutricion normal (n),2006-01-01,85,82,89,75,174,157,331
20403,PUERTO CARABUCO,desnutricion global,nutricion normal (n),2006-01-01,101,93,66,87,167,180,347
90301,PUERTO GONZALO MORENO,desnutricion global,nutricion normal (n),2006-01-01,23,18,14,13,37,31,68
21204,PUERTO PEREZ,desnutricion global,nutricion normal (n),2006-01-01,64,60,57,66,121,126,247
71402,PUERTO QUIJARRO,desnutricion global,nutricion normal (n),2006-01-01,85,71,29,24,114,95,209
90201,PUERTO RICO,desnutricion global,nutricion normal (n),2006-01-01,37,27,9,18,46,45,91
80703,PUERTO SILES,desnutricion global,nutricion normal (n),2006-01-01,5,8,8,8,13,16,29
71401,PUERTO SUAREZ,desnutricion global,nutricion normal (n),2006-01-01,61,65,24,26,85,91,176
31205,PUERTO VILLARROEL,desnutricion global,nutricion normal (n),2006-01-01,246,195,122,139,368,334,702
51101,PUNA,desnutricion global,nutricion normal (n),2006-01-01,123,110,88,77,211,187,398
31401,PUNATA,desnutricion global,nutricion normal (n),2006-01-01,170,188,56,71,226,259,485
20604,QUIABAYA,desnutricion global,nutricion normal (n),2006-01-01,5,3,4,4,9,7,16
30901,QUILLACOLLO,desnutricion global,nutricion normal (n),2006-01-01,601,586,187,182,788,768,1556
21002,QUIME,desnutricion global,nutricion normal (n),2006-01-01,78,96,68,70,146,166,312
70904,QUIRUSILLAS,desnutricion global,nutricion normal (n),2006-01-01,5,7,3,3,8,10,18
50402,RAVELO,desnutricion global,nutricion normal (n),2006-01-01,79,68,68,54,147,122,269
80301,REYES,desnutricion global,nutricion normal (n),2006-01-01,97,106,72,59,169,165,334
80201,RIBERALTA,desnutricion global,nutricion normal (n),2006-01-01,657,587,248,211,905,798,1703
70503,ROBORE,desnutricion global,nutricion normal (n),2006-01-01,95,88,72,49,167,137,304
80304,RURRENABAQUE,desnutricion global,nutricion normal (n),2006-01-01,45,53,28,25,73,78,151
40901,SABAYA,desnutricion global,nutricion normal (n),2006-01-01,12,9,4,3,16,12,28
31001,SACABA,desnutricion global,nutricion normal (n),2006-01-01,524,461,198,175,722,636,1358
30404,SACABAMBA,desnutricion global,nutricion normal (n),2006-01-01,24,13,12,4,36,17,53
50701,SACACA,desnutricion global,nutricion normal (n),2006-01-01,100,77,96,84,196,161,357
71302,SAIPINA,desnutricion global,nutricion normal (n),2006-01-01,26,19,25,25,51,44,95
40801,SALINAS DE GARCI MENDOZA,desnutricion global,nutricion normal (n),2006-01-01,39,37,36,50,75,87,162
70901,SAMAIPATA,desnutricion global,nutricion normal (n),2006-01-01,65,57,37,34,102,91,193
51601,SAN AGUSTIN,desnutricion global,nutricion normal (n),2006-01-01,6,7,12,7,18,14,32
80602,SAN ANDRES,desnutricion global,nutricion normal (n),2006-01-01,56,57,92,90,148,147,295
20805,SAN ANDRES DE MACHACA,desnutricion global,nutricion normal (n),2006-01-01,22,15,11,17,33,32,65
51003,SAN ANTONIO DE ESMORUCO,desnutricion global,nutricion normal (n),2006-01-01,9,10,3,3,12,13,25
71105,SAN ANTONIO DE LOMERIO,desnutricion global,nutricion normal (n),2006-01-01,42,33,49,46,91,79,170
31403,SAN BENITO,desnutricion global,nutricion normal (n),2006-01-01,61,57,59,63,120,120,240
80302,SAN BORJA,desnutricion global,nutricion normal (n),2006-01-01,341,307,140,133,481,440,921
21502,SAN BUENA VENTURA,desnutricion global,nutricion normal (n),2006-01-01,50,64,26,33,76,97,173
70402,SAN CARLOS,desnutricion global,nutricion normal (n),2006-01-01,179,108,63,86,242,194,436
80501,SAN IGNACIO,desnutricion global,nutricion normal (n),2006-01-01,123,94,77,66,200,160,360
70301,SAN IGNACIO DE VELASCO,desnutricion global,nutricion normal (n),2006-01-01,438,366,301,264,739,630,1369
80102,SAN JAVIER(BNI),desnutricion global,nutricion normal (n),2006-01-01,6,13,20,13,26,26,52
80701,SAN JOAQUIN,desnutricion global,nutricion normal (n),2006-01-01,0,1,26,39,26,40,66
70501,SAN JOSE DE CHIQUITOS,desnutricion global,nutricion normal (n),2006-01-01,56,70,62,47,118,117,235
70404,SAN JUAN DE YAPACANI,desnutricion global,nutricion normal (n),2006-01-01,94,67,65,49,159,116,275
71104,SAN JULIAN,desnutricion global,nutricion normal (n),2006-01-01,93,74,48,49,141,123,264
90302,SAN LORENZO(PND),desnutricion global,nutricion normal (n),2006-01-01,40,25,34,23,74,48,122
60501,SAN LORENZO(TJA),desnutricion global,nutricion normal (n),2006-01-01,109,109,78,79,187,188,375
10702,SAN LUCAS,desnutricion global,nutricion normal (n),2006-01-01,275,242,272,215,547,457,1004
71201,SAN MATIAS,desnutricion global,nutricion normal (n),2006-01-01,62,60,55,46,117,106,223
70302,SAN MIGUEL DE VELASCO,desnutricion global,nutricion normal (n),2006-01-01,81,55,34,30,115,85,200
51001,SAN PABLO DE LIPEZ,desnutricion global,nutricion normal (n),2006-01-01,10,8,8,5,18,13,31
71005,SAN PEDRO,desnutricion global,nutricion normal (n),2006-01-01,126,104,94,88,220,192,412
50501,SAN PEDRO DE BUENA VISTA,desnutricion global,nutricion normal (n),2006-01-01,52,53,32,32,84,85,169
21801,SAN PEDRO DE CURAHUARA,desnutricion global,nutricion normal (n),2006-01-01,17,20,26,33,43,53,96
50902,SAN PEDRO DE QUEMES,desnutricion global,nutricion normal (n),2006-01-01,0,2,1,1,1,3,4
21702,SAN PEDRO DE TIQUINA,desnutricion global,nutricion normal (n),2006-01-01,21,28,11,14,32,42,74
90202,SAN PEDRO(PND),desnutricion global,nutricion normal (n),2006-01-01,11,5,7,11,18,16,34
70303,SAN RAFAEL,desnutricion global,nutricion normal (n),2006-01-01,63,49,49,62,112,111,223
80702,SAN RAMON,desnutricion global,nutricion normal (n),2006-01-01,23,22,22,11,45,33,78
80401,SANTA ANA,desnutricion global,nutricion normal (n),2006-01-01,105,105,56,43,161,148,309
70101,SANTA CRUZ DE LA SIERRA,desnutricion global,nutricion normal (n),2006-01-01,4189,3737,2011,1988,6200,5725,11925
80303,SANTA ROSA,desnutricion global,nutricion normal (n),2006-01-01,25,38,11,18,36,56,92
70602,SANTA ROSA DEL SARA,desnutricion global,nutricion normal (n),2006-01-01,86,83,80,79,166,162,328
20308,SANTIAGO DE CALLAPA,desnutricion global,nutricion normal (n),2006-01-01,17,18,8,4,25,22,47
41401,SANTIAGO DE HUARI,desnutricion global,nutricion normal (n),2006-01-01,39,47,36,43,75,90,165
21901,SANTIAGO DE MACHACA,desnutricion global,nutricion normal (n),2006-01-01,11,5,5,9,16,14,30
30702,SANTIVAÑES,desnutricion global,nutricion normal (n),2006-01-01,44,22,41,27,85,49,134
40202,SANTUARIO DE QUILLACAS,desnutricion global,nutricion normal (n),2006-01-01,11,5,2,2,13,7,20
20902,SAPAHAQUI,desnutricion global,nutricion normal (n),2006-01-01,61,52,36,35,97,87,184
90303,SENA,desnutricion global,nutricion normal (n),2006-01-01,51,48,34,60,85,108,193
21301,SICA SICA (VILLA AROMA),desnutricion global,nutricion normal (n),2006-01-01,101,105,84,89,185,194,379
30703,SICAYA,desnutricion global,nutricion normal (n),2006-01-01,4,2,1,1,5,3,8
30902,SIPE SIPE,desnutricion global,nutricion normal (n),2006-01-01,213,169,86,80,299,249,548
10403,SOPACHUY,desnutricion global,nutricion normal (n),2006-01-01,110,100,125,103,235,203,438
40104,SORACACHI,desnutricion global,nutricion normal (n),2006-01-01,16,34,17,25,33,59,92
20601,SORATA,desnutricion global,nutricion normal (n),2006-01-01,91,69,89,100,180,169,349
10101,SUCRE,desnutricion global,nutricion normal (n),2006-01-01,822,796,461,471,1283,1267,2550
31404,TACACHI,desnutricion global,nutricion normal (n),2006-01-01,5,4,0,0,5,4,9
20603,TACACOMA,desnutricion global,nutricion normal (n),2006-01-01,33,19,23,22,56,41,97
50303,TACOBAMBA,desnutricion global,nutricion normal (n),2006-01-01,43,40,26,24,69,64,133
30602,TACOPAYA,desnutricion global,nutricion normal (n),2006-01-01,39,49,43,30,82,79,161
51402,TAHUA,desnutricion global,nutricion normal (n),2006-01-01,5,5,6,8,11,13,24
31101,TAPACARI,desnutricion global,nutricion normal (n),2006-01-01,100,93,71,64,171,157,328
10601,TARABUCO,desnutricion global,nutricion normal (n),2006-01-01,210,219,273,274,483,493,976
20807,TARACO,desnutricion global,nutricion normal (n),2006-01-01,22,29,44,32,66,61,127
30401,TARATA,desnutricion global,nutricion normal (n),2006-01-01,44,21,6,6,50,27,77
60101,TARIJA,desnutricion global,nutricion normal (n),2006-01-01,837,755,398,372,1235,1127,2362
10202,TARVITA,desnutricion global,nutricion normal (n),2006-01-01,184,172,180,178,364,350,714
20608,TEOPONTE,desnutricion global,nutricion normal (n),2006-01-01,37,41,31,23,68,64,132
20803,TIAWANACU,desnutricion global,nutricion normal (n),2006-01-01,73,46,42,33,115,79,194
50102,TINGUIPAYA,desnutricion global,nutricion normal (n),2006-01-01,55,71,61,67,116,138,254
20606,TIPUANI,desnutricion global,nutricion normal (n),2006-01-01,81,62,27,36,108,98,206
30903,TIQUIPAYA,desnutricion global,nutricion normal (n),2006-01-01,220,164,72,67,292,231,523
31601,TIRAQUE (CBBA),desnutricion global,nutricion normal (n),2006-01-01,235,178,105,123,340,301,641
21703,TITO YUPANQUI (PARQUIPUJIO),desnutricion global,nutricion normal (n),2006-01-01,6,13,8,9,14,22,36
30802,TOCO,desnutricion global,nutricion normal (n),2006-01-01,8,4,3,2,11,6,17
41502,TODOS SANTOS,desnutricion global,nutricion normal (n),2006-01-01,2,1,1,2,3,3,6
30803,TOLATA,desnutricion global,nutricion normal (n),2006-01-01,32,23,15,6,47,29,76
41001,TOLEDO,desnutricion global,nutricion normal (n),2006-01-01,26,14,18,7,44,21,65
51202,TOMAVE,desnutricion global,nutricion normal (n),2006-01-01,31,18,18,8,49,26,75
10402,TOMINA,desnutricion global,nutricion normal (n),2006-01-01,106,99,90,107,196,206,402
50502,TORO TORO,desnutricion global,nutricion normal (n),2006-01-01,101,91,73,70,174,161,335
31201,TOTORA(CBBA),desnutricion global,nutricion normal (n),2006-01-01,52,64,19,8,71,72,143
41301,TOTORA(ORR),desnutricion global,nutricion normal (n),2006-01-01,13,14,8,9,21,23,44
70802,TRIGAL,desnutricion global,nutricion normal (n),2006-01-01,12,12,14,8,26,20,46
80101,TRINIDAD,desnutricion global,nutricion normal (n),2006-01-01,564,419,294,241,858,660,1518
50801,TUPIZA,desnutricion global,nutricion normal (n),2006-01-01,177,168,185,175,362,343,705
40402,TURCO,desnutricion global,nutricion normal (n),2006-01-01,8,14,16,17,24,31,55
21302,UMALA,desnutricion global,nutricion normal (n),2006-01-01,50,16,5,7,55,23,78
50201,UNCIA,desnutricion global,nutricion normal (n),2006-01-01,39,39,36,38,75,77,152
60401,URIONDO (A. CONCEPCION),desnutricion global,nutricion normal (n),2006-01-01,148,79,84,65,232,144,376
51201,UYUNI,desnutricion global,nutricion normal (n),2006-01-01,15,18,15,16,30,34,64
30502,VACAS,desnutricion global,nutricion normal (n),2006-01-01,62,58,18,19,80,77,157
70801,VALLEGRANDE,desnutricion global,nutricion normal (n),2006-01-01,97,81,71,68,168,149,317
20801,VIACHA,desnutricion global,nutricion normal (n),2006-01-01,194,165,84,91,278,256,534
31302,VILA VILA,desnutricion global,nutricion normal (n),2006-01-01,3,5,4,3,7,8,15
60303,VILLA MONTES,desnutricion global,nutricion normal (n),2006-01-01,152,158,108,119,260,277,537
90502,VILLA NUEVA (LOMA ALTA),desnutricion global,nutricion normal (n),2006-01-01,20,22,26,26,46,48,94
31402,VILLA RIVERO,desnutricion global,nutricion normal (n),2006-01-01,3,17,4,7,7,24,31
10801,VILLA SERRANO,desnutricion global,nutricion normal (n),2006-01-01,104,95,141,119,245,214,459
31003,VILLA TUNARI,desnutricion global,nutricion normal (n),2006-01-01,252,222,147,142,399,364,763
11001,VILLA VACA GUZMAN (MUYUPAMPA),desnutricion global,nutricion normal (n),2006-01-01,96,87,116,116,212,203,415
51501,VILLAZON,desnutricion global,nutricion normal (n),2006-01-01,233,222,142,161,375,383,758
50602,VITICHI,desnutricion global,nutricion normal (n),2006-01-01,75,67,65,60,140,127,267
20306,WALDO BALLIVIAN,desnutricion global,nutricion normal (n),2006-01-01,3,4,2,1,5,5,10
70201,WARNES,desnutricion global,nutricion normal (n),2006-01-01,392,350,212,233,604,583,1187
20903,YACO,desnutricion global,nutricion normal (n),2006-01-01,22,30,15,7,37,37,74
60301,YACUIBA,desnutricion global,nutricion normal (n),2006-01-01,255,247,128,127,383,374,757
10602,YAMPARAEZ,desnutricion global,nutricion normal (n),2006-01-01,64,66,99,108,163,174,337
21103,YANACACHI,desnutricion global,nutricion normal (n),2006-01-01,31,37,19,24,50,61,111
70403,YAPACANI,desnutricion global,nutricion normal (n),2006-01-01,361,344,154,182,515,526,1041
50103,YOCALLA,desnutricion global,nutricion normal (n),2006-01-01,18,12,17,17,35,29,64
10102,YOTALA,desnutricion global,nutricion normal (n),2006-01-01,44,46,54,64,98,110,208
60402,YUNCHARA,desnutricion global,nutricion normal (n),2006-01-01,37,28,44,40,81,68,149
10301,ZUDAÑEZ,desnutricion global,nutricion normal (n),2006-01-01,79,44,75,78,154,122,276
51302,ACACIO,desnutricion global,nutricion normal (n),2006-02-01,92,79,106,92,198,171,369
20201,ACHACACHI,desnutricion global,nutricion normal (n),2006-02-01,332,320,345,355,677,675,1352
20104,ACHOCALLA,desnutricion global,nutricion normal (n),2006-02-01,51,57,21,21,72,78,150
30201,AIQUILE,desnutricion global,nutricion normal (n),2006-02-01,86,64,43,36,129,100,229
31303,ALALAY,desnutricion global,nutricion normal (n),2006-02-01,11,2,5,6,16,8,24
10404,ALCALA,desnutricion global,nutricion normal (n),2006-02-01,33,37,40,42,73,79,152
20202,ANCORAIMES,desnutricion global,nutricion normal (n),2006-02-01,77,64,74,81,151,145,296
41201,ANDAMARCA,desnutricion global,nutricion normal (n),2006-02-01,9,15,18,26,27,41,68
30402,ANZALDO,desnutricion global,nutricion normal (n),2006-02-01,18,21,33,21,51,42,93
20701,APOLO,desnutricion global,nutricion normal (n),2006-02-01,184,146,154,132,338,278,616
51301,ARAMPAMPA,desnutricion global,nutricion normal (n),2006-02-01,30,32,22,29,52,61,113
30501,ARANI,desnutricion global,nutricion normal (n),2006-02-01,41,43,27,18,68,61,129
30403,ARBIETO,desnutricion global,nutricion normal (n),2006-02-01,24,16,10,18,34,34,68
30601,ARQUE,desnutricion global,nutricion normal (n),2006-02-01,45,52,46,33,91,85,176
71501,ASCENCION DE GUARAYOS,desnutricion global,nutricion normal (n),2006-02-01,164,216,213,217,377,433,810
50802,ATOCHA,desnutricion global,nutricion normal (n),2006-02-01,104,117,71,87,175,204,379
20503,AUCAPATA,desnutricion global,nutricion normal (n),2006-02-01,45,35,47,24,92,59,151
20502,AYATA,desnutricion global,nutricion normal (n),2006-02-01,65,48,52,51,117,99,216
21303,AYO AYO,desnutricion global,nutricion normal (n),2006-02-01,35,29,30,24,65,53,118
30301,AYOPAYA (V. DE INDEPENDENCIA),desnutricion global,nutricion normal (n),2006-02-01,180,126,117,101,297,227,524
10201,AZURDUY,desnutricion global,nutricion normal (n),2006-02-01,205,164,213,155,418,319,737
21203,BATALLAS,desnutricion global,nutricion normal (n),2006-02-01,95,95,41,43,136,138,274
80802,BAURES,desnutricion global,nutricion normal (n),2006-02-01,18,24,19,13,37,37,74
41202,BELEN DE ANDAMARCA,desnutricion global,nutricion normal (n),2006-02-01,4,2,2,3,6,5,11
50104,BELEN DE URMIRI,desnutricion global,nutricion normal (n),2006-02-01,4,9,4,3,8,12,20
90104,BELLA FLOR,desnutricion global,nutricion normal (n),2006-02-01,24,29,40,40,64,69,133
60202,BERMEJO,desnutricion global,nutricion normal (n),2006-02-01,36,39,46,49,82,88,170
50301,BETANZOS,desnutricion global,nutricion normal (n),2006-02-01,149,142,168,176,317,318,635
31501,BOLIVAR,desnutricion global,nutricion normal (n),2006-02-01,14,13,10,15,24,28,52
90103,BOLPEBRA,desnutricion global,nutricion normal (n),2006-02-01,19,14,25,20,44,34,78
70707,BOYUIBE,desnutricion global,nutricion normal (n),2006-02-01,31,14,19,20,50,34,84
70401,BUENA VISTA,desnutricion global,nutricion normal (n),2006-02-01,158,127,132,131,290,258,548
70703,CABEZAS,desnutricion global,nutricion normal (n),2006-02-01,168,136,127,96,295,232,527
20905,CAIROMA,desnutricion global,nutricion normal (n),2006-02-01,77,85,75,94,152,179,331
51102,"CAIZA ""D""",desnutricion global,nutricion normal (n),2006-02-01,67,44,66,75,133,119,252
21003,CAJUATA,desnutricion global,nutricion normal (n),2006-02-01,84,55,35,32,119,87,206
20303,CALACOTO,desnutricion global,nutricion normal (n),2006-02-01,27,13,14,11,41,24,65
21304,CALAMARCA,desnutricion global,nutricion normal (n),2006-02-01,88,100,58,52,146,152,298
10701,CAMARGO,desnutricion global,nutricion normal (n),2006-02-01,146,168,120,105,266,273,539
10901,CAMATAQUI (C. VILLA ABECIA),desnutricion global,nutricion normal (n),2006-02-01,26,13,26,22,52,35,87
70706,CAMIRI,desnutricion global,nutricion normal (n),2006-02-01,258,254,177,171,435,425,860
30701,CAPINOTA,desnutricion global,nutricion normal (n),2006-02-01,51,44,30,23,81,67,148
20302,CAQUIAVIRI,desnutricion global,nutricion normal (n),2006-02-01,42,47,24,26,66,73,139
40102,CARACOLLO,desnutricion global,nutricion normal (n),2006-02-01,70,82,40,55,110,137,247
22001,CARANAVI,desnutricion global,nutricion normal (n),2006-02-01,389,348,237,236,626,584,1210
41503,CARANGAS,desnutricion global,nutricion normal (n),2006-02-01,2,1,2,0,4,1,5
60302,CARAPARI,desnutricion global,nutricion normal (n),2006-02-01,89,81,74,73,163,154,317
50702,CARIPUYO,desnutricion global,nutricion normal (n),2006-02-01,35,19,36,22,71,41,112
71403,CARMEN RIVERO TORREZ,desnutricion global,nutricion normal (n),2006-02-01,35,27,23,23,58,50,108
21902,CATACORA,desnutricion global,nutricion normal (n),2006-02-01,1,4,5,0,6,4,10
21803,CHACARILLA,desnutricion global,nutricion normal (n),2006-02-01,15,8,12,18,27,26,53
40201,CHALLAPATA,desnutricion global,nutricion normal (n),2006-02-01,134,119,94,75,228,194,422
50302,CHAQUI,desnutricion global,nutricion normal (n),2006-02-01,43,32,36,46,79,78,157
70702,CHARAGUA,desnutricion global,nutricion normal (n),2006-02-01,164,174,140,134,304,308,612
20305,CHARAÑA,desnutricion global,nutricion normal (n),2006-02-01,12,6,6,4,18,10,28
50202,CHAYANTA,desnutricion global,nutricion normal (n),2006-02-01,87,91,60,55,147,146,293
31204,CHIMORE,desnutricion global,nutricion normal (n),2006-02-01,5,11,11,4,16,15,31
40903,CHIPAYA,desnutricion global,nutricion normal (n),2006-02-01,13,2,11,1,24,3,27
40302,CHOQUE COTA,desnutricion global,nutricion normal (n),2006-02-01,0,3,0,3,0,6,6
21101,CHULUMANI (V. DE LA LIBERTAD),desnutricion global,nutricion normal (n),2006-02-01,78,72,31,49,109,121,230
20501,CHUMA,desnutricion global,nutricion normal (n),2006-02-01,57,42,22,30,79,72,151
30801,CLIZA,desnutricion global,nutricion normal (n),2006-02-01,85,50,28,21,113,71,184
90101,COBIJA,desnutricion global,nutricion normal (n),2006-02-01,160,156,96,118,256,274,530
30101,COCHABAMBA,desnutricion global,nutricion normal (n),2006-02-01,1703,1456,782,675,2485,2131,4616
40902,COIPASA,desnutricion global,nutricion normal (n),2006-02-01,1,2,1,2,2,4,6
30905,COLCAPIRHUA,desnutricion global,nutricion normal (n),2006-02-01,108,143,72,58,180,201,381
50901,"COLCHA ""K""",desnutricion global,nutricion normal (n),2006-02-01,42,66,32,37,74,103,177
21307,COLLANA,desnutricion global,nutricion normal (n),2006-02-01,11,6,15,13,26,19,45
31002,COLOMI,desnutricion global,nutricion normal (n),2006-02-01,122,110,78,67,200,177,377
70603,COLPA BELGICA,desnutricion global,nutricion normal (n),2006-02-01,32,25,24,15,56,40,96
50401,COLQUECHACA,desnutricion global,nutricion normal (n),2006-02-01,166,152,154,141,320,293,613
21306,COLQUENCHA,desnutricion global,nutricion normal (n),2006-02-01,42,48,31,26,73,74,147
21004,COLQUIRI,desnutricion global,nutricion normal (n),2006-02-01,125,103,76,89,201,192,393
20304,COMANCHE,desnutricion global,nutricion normal (n),2006-02-01,20,14,8,3,28,17,45
71301,COMARAPA,desnutricion global,nutricion normal (n),2006-02-01,70,70,69,64,139,134,273
20605,COMBAYA,desnutricion global,nutricion normal (n),2006-02-01,11,2,9,6,20,8,28
71101,CONCEPCION,desnutricion global,nutricion normal (n),2006-02-01,109,104,73,62,182,166,348
21701,COPACABANA,desnutricion global,nutricion normal (n),2006-02-01,86,92,84,83,170,175,345
21402,CORIPATA,desnutricion global,nutricion normal (n),2006-02-01,105,77,85,74,190,151,341
20301,CORO CORO,desnutricion global,nutricion normal (n),2006-02-01,55,53,25,27,80,80,160
21401,COROICO,desnutricion global,nutricion normal (n),2006-02-01,78,59,58,59,136,118,254
40301,CORQUE,desnutricion global,nutricion normal (n),2006-02-01,21,17,22,8,43,25,68
50601,COTAGAITA,desnutricion global,nutricion normal (n),2006-02-01,143,116,92,106,235,222,457
70102,COTOCA,desnutricion global,nutricion normal (n),2006-02-01,178,144,73,71,251,215,466
71106,CUATRO CAÑADAS,desnutricion global,nutricion normal (n),2006-02-01,70,49,75,69,145,118,263
31405,CUCHUMUELA (V. G. VILLARROEL),desnutricion global,nutricion normal (n),2006-02-01,23,8,15,13,38,21,59
70704,CUEVO,desnutricion global,nutricion normal (n),2006-02-01,23,38,45,36,68,74,142
10902,CULPINA,desnutricion global,nutricion normal (n),2006-02-01,212,184,137,147,349,331,680
40401,CURAHUARA DE CARANGAS,desnutricion global,nutricion normal (n),2006-02-01,23,23,23,17,46,40,86
21602,CURVA,desnutricion global,nutricion normal (n),2006-02-01,17,14,33,21,50,35,85
20804,DESAGUADERO,desnutricion global,nutricion normal (n),2006-02-01,21,20,17,11,38,31,69
20105,EL ALTO,desnutricion global,nutricion normal (n),2006-02-01,3370,3218,1528,1609,4898,4827,9725
40103,EL CHORO,desnutricion global,nutricion normal (n),2006-02-01,14,5,9,11,23,16,39
71503,EL PUENTE(STC),desnutricion global,nutricion normal (n),2006-02-01,112,105,108,75,220,180,400
60502,EL PUENTE(TJA),desnutricion global,nutricion normal (n),2006-02-01,56,50,64,62,120,112,232
70105,EL TORNO,desnutricion global,nutricion normal (n),2006-02-01,163,164,79,73,242,237,479
10405,EL VILLAR,desnutricion global,nutricion normal (n),2006-02-01,69,70,81,57,150,127,277
60601,ENTRE RIOS,desnutricion global,nutricion normal (n),2006-02-01,166,114,146,104,312,218,530
60601,ENTRE RIOS,desnutricion global,nutricion normal (n),2006-02-01,119,93,91,91,210,184,394
40502,ESCARA,desnutricion global,nutricion normal (n),2006-02-01,1,1,2,2,3,3,6
41101,EUCALIPTUS,desnutricion global,nutricion normal (n),2006-02-01,27,20,31,26,58,46,104
90503,EUREKA (SANTOS MERCADO),desnutricion global,nutricion normal (n),2006-02-01,3,4,3,6,6,10,16
80402,EXALTACION,desnutricion global,nutricion normal (n),2006-02-01,15,17,28,34,43,51,94
71004,FERNANDEZ ALONSO,desnutricion global,nutricion normal (n),2006-02-01,87,113,142,140,229,253,482
90203,FILADELFIA,desnutricion global,nutricion normal (n),2006-02-01,21,28,34,33,55,61,116
71002,GENERAL SAAVEDRA,desnutricion global,nutricion normal (n),2006-02-01,147,78,97,176,244,254,498
21601,GRAL. J.J. PEREZ (CHARAZANI),desnutricion global,nutricion normal (n),2006-02-01,72,68,57,50,129,118,247
20602,GUANAY,desnutricion global,nutricion normal (n),2006-02-01,85,73,72,51,157,124,281
20802,GUAQUI,desnutricion global,nutricion normal (n),2006-02-01,33,29,26,17,59,46,105
80202,GUAYARAMERIN,desnutricion global,nutricion normal (n),2006-02-01,258,206,131,140,389,346,735
70705,GUTIERREZ,desnutricion global,nutricion normal (n),2006-02-01,118,115,128,138,246,253,499
10502,HUACARETA,desnutricion global,nutricion normal (n),2006-02-01,110,92,99,91,209,183,392
11002,HUACAYA (VILLA DE HUACAYA),desnutricion global,nutricion normal (n),2006-02-01,21,27,27,33,48,60,108
40501,HUACHACALLA,desnutricion global,nutricion normal (n),2006-02-01,4,4,2,5,6,9,15
40701,HUANUNI,desnutricion global,nutricion normal (n),2006-02-01,145,125,64,50,209,175,384
80803,HUARACAJE,desnutricion global,nutricion normal (n),2006-02-01,23,18,32,25,55,43,98
41601,HUAYLLAMARCA,desnutricion global,nutricion normal (n),2006-02-01,51,8,8,20,59,28,87
21005,ICHOCA,desnutricion global,nutricion normal (n),2006-02-01,27,13,19,12,46,25,71
10304,ICLA,desnutricion global,nutricion normal (n),2006-02-01,101,117,132,121,233,238,471
10703,INCAHUASI,desnutricion global,nutricion normal (n),2006-02-01,195,197,182,178,377,375,752
90402,INGAVI (HUMAITA),desnutricion global,nutricion normal (n),2006-02-01,15,14,18,12,33,26,59
21001,INQUISIVI,desnutricion global,nutricion normal (n),2006-02-01,97,113,79,78,176,191,367
21102,IRUPANA (VILLA DE LANZA),desnutricion global,nutricion normal (n),2006-02-01,127,115,116,108,243,223,466
21501,IXIAMAS,desnutricion global,nutricion normal (n),2006-02-01,74,43,95,48,169,91,260
20806,JESUS DE MACHACA,desnutricion global,nutricion normal (n),2006-02-01,65,58,43,29,108,87,195
21105,LA ASUNTA,desnutricion global,nutricion normal (n),2006-02-01,125,124,56,54,181,178,359
70104,LA GUARDIA,desnutricion global,nutricion normal (n),2006-02-01,343,319,172,154,515,473,988
20101,LA PAZ,desnutricion global,nutricion normal (n),2006-02-01,2968,2716,1268,1277,4236,3993,8229
41501,LA RIVERA,desnutricion global,nutricion normal (n),2006-02-01,0,1,2,1,2,2,4
70701,LAGUNILLAS,desnutricion global,nutricion normal (n),2006-02-01,38,36,65,54,103,90,193
21202,LAJA,desnutricion global,nutricion normal (n),2006-02-01,99,59,53,50,152,109,261
10903,LAS CARRERAS,desnutricion global,nutricion normal (n),2006-02-01,47,49,42,42,89,91,180
21006,LICOMA PAMPA,desnutricion global,nutricion normal (n),2006-02-01,15,4,10,11,25,15,40
50203,LLALLAGUA,desnutricion global,nutricion normal (n),2006-02-01,190,202,147,129,337,331,668
51401,LLICA,desnutricion global,nutricion normal (n),2006-02-01,13,13,17,13,30,26,56
80601,LORETO,desnutricion global,nutricion normal (n),2006-02-01,21,23,18,27,39,50,89
20901,LURIBAY,desnutricion global,nutricion normal (n),2006-02-01,75,69,67,58,142,127,269
40702,MACHACAMARCA,desnutricion global,nutricion normal (n),2006-02-01,13,16,12,5,25,21,46
11003,MACHARETI,desnutricion global,nutricion normal (n),2006-02-01,73,77,107,114,180,191,371
80801,MAGDALENA,desnutricion global,nutricion normal (n),2006-02-01,57,51,32,31,89,82,171
70903,MAIRANA,desnutricion global,nutricion normal (n),2006-02-01,64,72,52,45,116,117,233
20904,MALLA,desnutricion global,nutricion normal (n),2006-02-01,19,20,27,29,46,49,95
20607,MAPIRI,desnutricion global,nutricion normal (n),2006-02-01,120,106,67,39,187,145,332
20103,MECAPACA,desnutricion global,nutricion normal (n),2006-02-01,69,62,41,38,110,100,210
71003,MINEROS,desnutricion global,nutricion normal (n),2006-02-01,123,96,86,86,209,182,391
31301,MIZQUE,desnutricion global,nutricion normal (n),2006-02-01,172,132,83,93,255,225,480
20402,MOCOMOCO,desnutricion global,nutricion normal (n),2006-02-01,86,89,66,65,152,154,306
51002,MOJINETE,desnutricion global,nutricion normal (n),2006-02-01,8,12,16,4,24,16,40
10303,MOJOCOYA,desnutricion global,nutricion normal (n),2006-02-01,81,58,84,64,165,122,287
10501,MONTEAGUDO,desnutricion global,nutricion normal (n),2006-02-01,171,175,230,166,401,341,742
71001,MONTERO,desnutricion global,nutricion normal (n),2006-02-01,943,785,606,539,1549,1324,2873
70803,MORO MORO,desnutricion global,nutricion normal (n),2006-02-01,22,24,34,27,56,51,107
30302,MOROCHATA,desnutricion global,nutricion normal (n),2006-02-01,85,89,83,85,168,174,342
90401,NACEBE (SANTA ROSA DEL ABUNA),desnutricion global,nutricion normal (n),2006-02-01,18,16,27,9,45,25,70
90501,NUEVO MANOA (NUEVA ESPERANZA),desnutricion global,nutricion normal (n),2006-02-01,0,2,1,3,1,5,6
50404,OCURI,desnutricion global,nutricion normal (n),2006-02-01,116,125,99,108,215,233,448
70202,OKINAWA,desnutricion global,nutricion normal (n),2006-02-01,103,114,123,95,226,209,435
30203,OMEREQUE,desnutricion global,nutricion normal (n),2006-02-01,57,59,45,40,102,99,201
40101,ORURO,desnutricion global,nutricion normal (n),2006-02-01,978,901,521,503,1499,1404,2903
60201,PADCAYA,desnutricion global,nutricion normal (n),2006-02-01,92,99,114,101,206,200,406
10401,PADILLA,desnutricion global,nutricion normal (n),2006-02-01,112,102,145,128,257,230,487
70502,PAILON,desnutricion global,nutricion normal (n),2006-02-01,10,252,113,21,123,273,396
20102,PALCA,desnutricion global,nutricion normal (n),2006-02-01,49,56,28,25,77,81,158
21104,PALOS BLANCOS,desnutricion global,nutricion normal (n),2006-02-01,229,216,179,135,408,351,759
40802,PAMPA AULLAGAS,desnutricion global,nutricion normal (n),2006-02-01,10,14,9,12,19,26,45
70902,PAMPA GRANDE,desnutricion global,nutricion normal (n),2006-02-01,44,36,40,31,84,67,151
21802,PAPEL PAMPA,desnutricion global,nutricion normal (n),2006-02-01,24,16,6,6,30,22,52
30202,PASORAPA,desnutricion global,nutricion normal (n),2006-02-01,33,28,56,39,89,67,156
21305,PATACAMAYA,desnutricion global,nutricion normal (n),2006-02-01,187,163,137,84,324,247,571
40602,PAZÑA,desnutricion global,nutricion normal (n),2006-02-01,30,26,22,14,52,40,92
20702,PELECHUCO,desnutricion global,nutricion normal (n),2006-02-01,24,24,30,27,54,51,105
50403,POCOATA,desnutricion global,nutricion normal (n),2006-02-01,100,114,102,97,202,211,413
31203,POCONA,desnutricion global,nutricion normal (n),2006-02-01,61,58,50,39,111,97,208
31202,POJO (CBBA),desnutricion global,nutricion normal (n),2006-02-01,53,79,36,28,89,107,196
40601,POOPO,desnutricion global,nutricion normal (n),2006-02-01,34,23,15,16,49,39,88
51203,PORCO,desnutricion global,nutricion normal (n),2006-02-01,53,42,17,10,70,52,122
10103,POROMA,desnutricion global,nutricion normal (n),2006-02-01,108,109,105,80,213,189,402
70103,PORONGO,desnutricion global,nutricion normal (n),2006-02-01,43,29,19,19,62,48,110
70601,PORTACHUELO,desnutricion global,nutricion normal (n),2006-02-01,179,151,142,129,321,280,601
90102,PORVENIR,desnutricion global,nutricion normal (n),2006-02-01,5,5,4,3,9,8,17
70804,POSTRER VALLE,desnutricion global,nutricion normal (n),2006-02-01,20,15,8,11,28,26,54
50101,POTOSI,desnutricion global,nutricion normal (n),2006-02-01,890,682,313,279,1203,961,2164
10302,PRESTO,desnutricion global,nutricion normal (n),2006-02-01,80,78,118,76,198,154,352
70805,PUCARA,desnutricion global,nutricion normal (n),2006-02-01,18,13,21,13,39,26,65
21201,PUCARANI,desnutricion global,nutricion normal (n),2006-02-01,165,192,107,107,272,299,571
20401,PUERTO ACOSTA,desnutricion global,nutricion normal (n),2006-02-01,117,107,99,97,216,204,420
20403,PUERTO CARABUCO,desnutricion global,nutricion normal (n),2006-02-01,84,72,52,65,136,137,273
90301,PUERTO GONZALO MORENO,desnutricion global,nutricion normal (n),2006-02-01,26,27,17,21,43,48,91
21204,PUERTO PEREZ,desnutricion global,nutricion normal (n),2006-02-01,43,46,48,60,91,106,197
71402,PUERTO QUIJARRO,desnutricion global,nutricion normal (n),2006-02-01,84,64,30,21,114,85,199
90201,PUERTO RICO,desnutricion global,nutricion normal (n),2006-02-01,41,63,36,62,77,125,202
80703,PUERTO SILES,desnutricion global,nutricion normal (n),2006-02-01,18,20,27,41,45,61,106
71401,PUERTO SUAREZ,desnutricion global,nutricion normal (n),2006-02-01,82,63,18,24,100,87,187
31205,PUERTO VILLARROEL,desnutricion global,nutricion normal (n),2006-02-01,287,249,211,183,498,432,930
51101,PUNA,desnutricion global,nutricion normal (n),2006-02-01,141,119,128,105,269,224,493
31401,PUNATA,desnutricion global,nutricion normal (n),2006-02-01,222,221,85,95,307,316,623
20604,QUIABAYA,desnutricion global,nutricion normal (n),2006-02-01,26,28,30,39,56,67,123
30901,QUILLACOLLO,desnutricion global,nutricion normal (n),2006-02-01,529,506,163,186,692,692,1384
21002,QUIME,desnutricion global,nutricion normal (n),2006-02-01,63,66,63,59,126,125,251
70904,QUIRUSILLAS,desnutricion global,nutricion normal (n),2006-02-01,5,10,9,8,14,18,32
50402,RAVELO,desnutricion global,nutricion normal (n),2006-02-01,120,126,128,96,248,222,470
80301,REYES,desnutricion global,nutricion normal (n),2006-02-01,60,73,55,36,115,109,224
80201,RIBERALTA,desnutricion global,nutricion normal (n),2006-02-01,668,540,695,230,1363,770,2133
70503,ROBORE,desnutricion global,nutricion normal (n),2006-02-01,72,78,71,69,143,147,290
80304,RURRENABAQUE,desnutricion global,nutricion normal (n),2006-02-01,103,98,38,33,141,131,272
40901,SABAYA,desnutricion global,nutricion normal (n),2006-02-01,19,12,17,19,36,31,67
31001,SACABA,desnutricion global,nutricion normal (n),2006-02-01,460,380,169,135,629,515,1144
30404,SACABAMBA,desnutricion global,nutricion normal (n),2006-02-01,16,20,9,10,25,30,55
50701,SACACA,desnutricion global,nutricion normal (n),2006-02-01,113,154,126,111,239,265,504
71302,SAIPINA,desnutricion global,nutricion normal (n),2006-02-01,17,22,20,20,37,42,79
40801,SALINAS DE GARCI MENDOZA,desnutricion global,nutricion normal (n),2006-02-01,57,47,59,51,116,98,214
70901,SAMAIPATA,desnutricion global,nutricion normal (n),2006-02-01,75,52,77,36,152,88,240
51601,SAN AGUSTIN,desnutricion global,nutricion normal (n),2006-02-01,10,4,5,6,15,10,25
80602,SAN ANDRES,desnutricion global,nutricion normal (n),2006-02-01,61,72,61,55,122,127,249
20805,SAN ANDRES DE MACHACA,desnutricion global,nutricion normal (n),2006-02-01,16,9,13,2,29,11,40
51003,SAN ANTONIO DE ESMORUCO,desnutricion global,nutricion normal (n),2006-02-01,2,3,6,7,8,10,18
71105,SAN ANTONIO DE LOMERIO,desnutricion global,nutricion normal (n),2006-02-01,46,62,44,42,90,104,194
31403,SAN BENITO,desnutricion global,nutricion normal (n),2006-02-01,53,52,35,22,88,74,162
80302,SAN BORJA,desnutricion global,nutricion normal (n),2006-02-01,316,324,148,126,464,450,914
21502,SAN BUENA VENTURA,desnutricion global,nutricion normal (n),2006-02-01,56,65,44,41,100,106,206
70402,SAN CARLOS,desnutricion global,nutricion normal (n),2006-02-01,172,169,72,70,244,239,483
80501,SAN IGNACIO,desnutricion global,nutricion normal (n),2006-02-01,159,141,126,113,285,254,539
70301,SAN IGNACIO DE VELASCO,desnutricion global,nutricion normal (n),2006-02-01,423,354,271,252,694,606,1300
80102,SAN JAVIER(BNI),desnutricion global,nutricion normal (n),2006-02-01,8,13,9,7,17,20,37
71102,SAN JAVIER(STC),desnutricion global,nutricion normal (n),2006-02-01,2,9,0,0,2,9,11
80701,SAN JOAQUIN,desnutricion global,nutricion normal (n),2006-02-01,29,31,27,33,56,64,120
70501,SAN JOSE DE CHIQUITOS,desnutricion global,nutricion normal (n),2006-02-01,68,59,57,50,125,109,234
70404,SAN JUAN DE YAPACANI,desnutricion global,nutricion normal (n),2006-02-01,111,82,47,50,158,132,290
71104,SAN JULIAN,desnutricion global,nutricion normal (n),2006-02-01,81,72,81,80,162,152,314
90302,SAN LORENZO(PND),desnutricion global,nutricion normal (n),2006-02-01,47,29,27,27,74,56,130
60501,SAN LORENZO(TJA),desnutricion global,nutricion normal (n),2006-02-01,84,76,55,68,139,144,283
10702,SAN LUCAS,desnutricion global,nutricion normal (n),2006-02-01,291,274,278,230,569,504,1073
71201,SAN MATIAS,desnutricion global,nutricion normal (n),2006-02-01,69,72,77,49,146,121,267
70302,SAN MIGUEL DE VELASCO,desnutricion global,nutricion normal (n),2006-02-01,113,90,98,67,211,157,368
51001,SAN PABLO DE LIPEZ,desnutricion global,nutricion normal (n),2006-02-01,20,13,8,7,28,20,48
71005,SAN PEDRO,desnutricion global,nutricion normal (n),2006-02-01,116,87,68,62,184,149,333
50501,SAN PEDRO DE BUENA VISTA,desnutricion global,nutricion normal (n),2006-02-01,70,43,63,51,133,94,227
21801,SAN PEDRO DE CURAHUARA,desnutricion global,nutricion normal (n),2006-02-01,25,13,18,10,43,23,66
21702,SAN PEDRO DE TIQUINA,desnutricion global,nutricion normal (n),2006-02-01,30,33,23,24,53,57,110
90202,SAN PEDRO(PND),desnutricion global,nutricion normal (n),2006-02-01,1,10,10,14,11,24,35
70303,SAN RAFAEL,desnutricion global,nutricion normal (n),2006-02-01,44,37,27,33,71,70,141
80702,SAN RAMON,desnutricion global,nutricion normal (n),2006-02-01,32,21,27,19,59,40,99
80401,SANTA ANA,desnutricion global,nutricion normal (n),2006-02-01,101,94,53,40,154,134,288
70101,SANTA CRUZ DE LA SIERRA,desnutricion global,nutricion normal (n),2006-02-01,4297,3912,2252,1989,6549,5901,12450
80303,SANTA ROSA,desnutricion global,nutricion normal (n),2006-02-01,3,6,2,6,5,12,17
70602,SANTA ROSA DEL SARA,desnutricion global,nutricion normal (n),2006-02-01,93,128,109,95,202,223,425
20308,SANTIAGO DE CALLAPA,desnutricion global,nutricion normal (n),2006-02-01,19,17,15,15,34,32,66
41401,SANTIAGO DE HUARI,desnutricion global,nutricion normal (n),2006-02-01,52,49,52,63,104,112,216
21901,SANTIAGO DE MACHACA,desnutricion global,nutricion normal (n),2006-02-01,23,18,11,8,34,26,60
30702,SANTIVAÑES,desnutricion global,nutricion normal (n),2006-02-01,32,34,41,24,73,58,131
40202,SANTUARIO DE QUILLACAS,desnutricion global,nutricion normal (n),2006-02-01,11,12,12,9,23,21,44
20902,SAPAHAQUI,desnutricion global,nutricion normal (n),2006-02-01,56,42,53,31,109,73,182
90303,SENA,desnutricion global,nutricion normal (n),2006-02-01,23,23,12,23,35,46,81
21301,SICA SICA (VILLA AROMA),desnutricion global,nutricion normal (n),2006-02-01,133,95,69,83,202,178,380
30703,SICAYA,desnutricion global,nutricion normal (n),2006-02-01,9,6,6,4,15,10,25
30902,SIPE SIPE,desnutricion global,nutricion normal (n),2006-02-01,240,258,178,142,418,400,818
10403,SOPACHUY,desnutricion global,nutricion normal (n),2006-02-01,74,75,70,78,144,153,297
40104,SORACACHI,desnutricion global,nutricion normal (n),2006-02-01,19,15,26,22,45,37,82
20601,SORATA,desnutricion global,nutricion normal (n),2006-02-01,88,86,109,86,197,172,369
10101,SUCRE,desnutricion global,nutricion normal (n),2006-02-01,1164,1093,743,669,1907,1762,3669
31404,TACACHI,desnutricion global,nutricion normal (n),2006-02-01,4,6,2,1,6,7,13
20603,TACACOMA,desnutricion global,nutricion normal (n),2006-02-01,40,34,30,23,70,57,127
50303,TACOBAMBA,desnutricion global,nutricion normal (n),2006-02-01,39,32,27,29,66,61,127
30602,TACOPAYA,desnutricion global,nutricion normal (n),2006-02-01,51,60,63,63,114,123,237
51402,TAHUA,desnutricion global,nutricion normal (n),2006-02-01,7,3,0,2,7,5,12
31101,TAPACARI,desnutricion global,nutricion normal (n),2006-02-01,106,95,53,48,159,143,302
10601,TARABUCO,desnutricion global,nutricion normal (n),2006-02-01,233,220,270,264,503,484,987
20807,TARACO,desnutricion global,nutricion normal (n),2006-02-01,28,33,38,37,66,70,136
30401,TARATA,desnutricion global,nutricion normal (n),2006-02-01,19,18,14,16,33,34,67
60101,TARIJA,desnutricion global,nutricion normal (n),2006-02-01,833,754,376,388,1209,1142,2351
10202,TARVITA,desnutricion global,nutricion normal (n),2006-02-01,113,91,105,102,218,193,411
20608,TEOPONTE,desnutricion global,nutricion normal (n),2006-02-01,45,49,52,46,97,95,192
20803,TIAWANACU,desnutricion global,nutricion normal (n),2006-02-01,55,52,24,32,79,84,163
50102,TINGUIPAYA,desnutricion global,nutricion normal (n),2006-02-01,109,85,89,57,198,142,340
20606,TIPUANI,desnutricion global,nutricion normal (n),2006-02-01,91,60,37,22,128,82,210
30903,TIQUIPAYA,desnutricion global,nutricion normal (n),2006-02-01,149,134,94,69,243,203,446
31601,TIRAQUE (CBBA),desnutricion global,nutricion normal (n),2006-02-01,235,169,94,122,329,291,620
21703,TITO YUPANQUI (PARQUIPUJIO),desnutricion global,nutricion normal (n),2006-02-01,7,7,16,9,23,16,39
30802,TOCO,desnutricion global,nutricion normal (n),2006-02-01,14,3,16,5,30,8,38
41502,TODOS SANTOS,desnutricion global,nutricion normal (n),2006-02-01,0,1,1,2,1,3,4
30803,TOLATA,desnutricion global,nutricion normal (n),2006-02-01,17,16,7,8,24,24,48
41001,TOLEDO,desnutricion global,nutricion normal (n),2006-02-01,19,15,25,22,44,37,81
51202,TOMAVE,desnutricion global,nutricion normal (n),2006-02-01,74,58,62,44,136,102,238
10402,TOMINA,desnutricion global,nutricion normal (n),2006-02-01,134,103,106,117,240,220,460
50502,TORO TORO,desnutricion global,nutricion normal (n),2006-02-01,138,104,77,82,215,186,401
31201,TOTORA(CBBA),desnutricion global,nutricion normal (n),2006-02-01,55,47,26,32,81,79,160
41301,TOTORA(ORR),desnutricion global,nutricion normal (n),2006-02-01,11,7,3,3,14,10,24
70802,TRIGAL,desnutricion global,nutricion normal (n),2006-02-01,13,11,15,17,28,28,56
80101,TRINIDAD,desnutricion global,nutricion normal (n),2006-02-01,584,444,301,231,885,675,1560
50801,TUPIZA,desnutricion global,nutricion normal (n),2006-02-01,253,260,229,201,482,461,943
40402,TURCO,desnutricion global,nutricion normal (n),2006-02-01,8,12,17,21,25,33,58
21302,UMALA,desnutricion global,nutricion normal (n),2006-02-01,24,27,36,30,60,57,117
50201,UNCIA,desnutricion global,nutricion normal (n),2006-02-01,83,83,52,46,135,129,264
60401,URIONDO (A. CONCEPCION),desnutricion global,nutricion normal (n),2006-02-01,118,85,68,53,186,138,324
71502,URUBICHA,desnutricion global,nutricion normal (n),2006-02-01,82,81,145,152,227,233,460
51201,UYUNI,desnutricion global,nutricion normal (n),2006-02-01,133,112,66,86,199,198,397
30502,VACAS,desnutricion global,nutricion normal (n),2006-02-01,58,42,21,24,79,66,145
70801,VALLEGRANDE,desnutricion global,nutricion normal (n),2006-02-01,82,79,68,65,150,144,294
20801,VIACHA,desnutricion global,nutricion normal (n),2006-02-01,183,188,85,90,268,278,546
31302,VILA VILA,desnutricion global,nutricion normal (n),2006-02-01,11,17,18,13,29,30,59
60303,VILLA MONTES,desnutricion global,nutricion normal (n),2006-02-01,147,137,122,122,269,259,528
90502,VILLA NUEVA (LOMA ALTA),desnutricion global,nutricion normal (n),2006-02-01,26,14,0,0,26,14,40
31402,VILLA RIVERO,desnutricion global,nutricion normal (n),2006-02-01,27,23,16,12,43,35,78
10801,VILLA SERRANO,desnutricion global,nutricion normal (n),2006-02-01,125,108,146,142,271,250,521
31003,VILLA TUNARI,desnutricion global,nutricion normal (n),2006-02-01,427,392,269,246,696,638,1334
11001,VILLA VACA GUZMAN (MUYUPAMPA),desnutricion global,nutricion normal (n),2006-02-01,86,92,111,128,197,220,417
51501,VILLAZON,desnutricion global,nutricion normal (n),2006-02-01,240,202,164,173,404,375,779
30904,VINTO,desnutricion global,nutricion normal (n),2006-02-01,0,1,1,2,1,3,4
50602,VITICHI,desnutricion global,nutricion normal (n),2006-02-01,86,111,130,69,216,180,396
20306,WALDO BALLIVIAN,desnutricion global,nutricion normal (n),2006-02-01,16,11,4,9,20,20,40
70201,WARNES,desnutricion global,nutricion normal (n),2006-02-01,437,364,218,236,655,600,1255
20903,YACO,desnutricion global,nutricion normal (n),2006-02-01,49,39,33,20,82,59,141
60301,YACUIBA,desnutricion global,nutricion normal (n),2006-02-01,280,306,170,144,450,450,900
10602,YAMPARAEZ,desnutricion global,nutricion normal (n),2006-02-01,102,113,160,135,262,248,510
21103,YANACACHI,desnutricion global,nutricion normal (n),2006-02-01,31,35,26,12,57,47,104
70403,YAPACANI,desnutricion global,nutricion normal (n),2006-02-01,498,364,241,187,739,551,1290
50103,YOCALLA,desnutricion global,nutricion normal (n),2006-02-01,18,19,33,35,51,54,105
10102,YOTALA,desnutricion global,nutricion normal (n),2006-02-01,60,46,93,85,153,131,284
60402,YUNCHARA,desnutricion global,nutricion normal (n),2006-02-01,46,42,63,55,109,97,206
10301,ZUDAÑEZ,desnutricion global,nutricion normal (n),2006-02-01,86,67,80,68,166,135,301
51302,ACACIO,desnutricion global,nutricion normal (n),2006-03-01,50,65,62,60,112,125,237
20201,ACHACACHI,desnutricion global,nutricion normal (n),2006-03-01,320,301,319,263,639,564,1203
20104,ACHOCALLA,desnutricion global,nutricion normal (n),2006-03-01,56,53,17,12,73,65,138
30201,AIQUILE,desnutricion global,nutricion normal (n),2006-03-01,91,58,50,47,141,105,246
31303,ALALAY,desnutricion global,nutricion normal (n),2006-03-01,27,10,1,4,28,14,42
10404,ALCALA,desnutricion global,nutricion normal (n),2006-03-01,30,20,31,39,61,59,120
20202,ANCORAIMES,desnutricion global,nutricion normal (n),2006-03-01,88,82,94,59,182,141,323
41201,ANDAMARCA,desnutricion global,nutricion normal (n),2006-03-01,8,15,18,14,26,29,55
30402,ANZALDO,desnutricion global,nutricion normal (n),2006-03-01,18,8,13,15,31,23,54
20701,APOLO,desnutricion global,nutricion normal (n),2006-03-01,107,103,85,63,192,166,358
51301,ARAMPAMPA,desnutricion global,nutricion normal (n),2006-03-01,50,33,39,45,89,78,167
30501,ARANI,desnutricion global,nutricion normal (n),2006-03-01,53,59,92,74,145,133,278
30403,ARBIETO,desnutricion global,nutricion normal (n),2006-03-01,15,7,20,15,35,22,57
30601,ARQUE,desnutricion global,nutricion normal (n),2006-03-01,42,30,20,22,62,52,114
71501,ASCENCION DE GUARAYOS,desnutricion global,nutricion normal (n),2006-03-01,12,7,5,2,17,9,26
50802,ATOCHA,desnutricion global,nutricion normal (n),2006-03-01,118,116,91,96,209,212,421
20503,AUCAPATA,desnutricion global,nutricion normal (n),2006-03-01,31,31,17,24,48,55,103
20502,AYATA,desnutricion global,nutricion normal (n),2006-03-01,72,66,40,41,112,107,219
21303,AYO AYO,desnutricion global,nutricion normal (n),2006-03-01,28,29,19,12,47,41,88
30301,AYOPAYA (V. DE INDEPENDENCIA),desnutricion global,nutricion normal (n),2006-03-01,116,123,84,76,200,199,399
10201,AZURDUY,desnutricion global,nutricion normal (n),2006-03-01,247,226,276,224,523,450,973
21203,BATALLAS,desnutricion global,nutricion normal (n),2006-03-01,102,89,39,42,141,131,272
80802,BAURES,desnutricion global,nutricion normal (n),2006-03-01,25,34,19,19,44,53,97
41202,BELEN DE ANDAMARCA,desnutricion global,nutricion normal (n),2006-03-01,10,8,4,8,14,16,30
50104,BELEN DE URMIRI,desnutricion global,nutricion normal (n),2006-03-01,24,14,7,8,31,22,53
90104,BELLA FLOR,desnutricion global,nutricion normal (n),2006-03-01,27,32,48,37,75,69,144
60202,BERMEJO,desnutricion global,nutricion normal (n),2006-03-01,56,62,43,112,99,174,273
50301,BETANZOS,desnutricion global,nutricion normal (n),2006-03-01,199,204,209,231,408,435,843
31501,BOLIVAR,desnutricion global,nutricion normal (n),2006-03-01,50,49,53,37,103,86,189
90103,BOLPEBRA,desnutricion global,nutricion normal (n),2006-03-01,9,8,13,11,22,19,41
70707,BOYUIBE,desnutricion global,nutricion normal (n),2006-03-01,30,21,15,23,45,44,89
70401,BUENA VISTA,desnutricion global,nutricion normal (n),2006-03-01,179,147,148,159,327,306,633
70703,CABEZAS,desnutricion global,nutricion normal (n),2006-03-01,117,97,110,101,227,198,425
20905,CAIROMA,desnutricion global,nutricion normal (n),2006-03-01,84,79,54,60,138,139,277
51102,"CAIZA ""D""",desnutricion global,nutricion normal (n),2006-03-01,84,61,83,76,167,137,304
21003,CAJUATA,desnutricion global,nutricion normal (n),2006-03-01,88,62,47,56,135,118,253
20303,CALACOTO,desnutricion global,nutricion normal (n),2006-03-01,38,34,35,34,73,68,141
21304,CALAMARCA,desnutricion global,nutricion normal (n),2006-03-01,75,101,65,56,140,157,297
10701,CAMARGO,desnutricion global,nutricion normal (n),2006-03-01,146,142,109,96,255,238,493
10901,CAMATAQUI (C. VILLA ABECIA),desnutricion global,nutricion normal (n),2006-03-01,34,23,39,28,73,51,124
70706,CAMIRI,desnutricion global,nutricion normal (n),2006-03-01,313,259,247,208,560,467,1027
30701,CAPINOTA,desnutricion global,nutricion normal (n),2006-03-01,67,61,36,31,103,92,195
20302,CAQUIAVIRI,desnutricion global,nutricion normal (n),2006-03-01,41,58,49,28,90,86,176
40102,CARACOLLO,desnutricion global,nutricion normal (n),2006-03-01,111,106,24,40,135,146,281
22001,CARANAVI,desnutricion global,nutricion normal (n),2006-03-01,493,435,265,282,758,717,1475
41503,CARANGAS,desnutricion global,nutricion normal (n),2006-03-01,0,0,0,3,0,3,3
60302,CARAPARI,desnutricion global,nutricion normal (n),2006-03-01,91,95,69,92,160,187,347
50702,CARIPUYO,desnutricion global,nutricion normal (n),2006-03-01,116,102,126,96,242,198,440
71403,CARMEN RIVERO TORREZ,desnutricion global,nutricion normal (n),2006-03-01,27,15,7,17,34,32,66
21902,CATACORA,desnutricion global,nutricion normal (n),2006-03-01,16,10,16,11,32,21,53
21803,CHACARILLA,desnutricion global,nutricion normal (n),2006-03-01,27,7,1,10,28,17,45
40201,CHALLAPATA,desnutricion global,nutricion normal (n),2006-03-01,165,148,92,79,257,227,484
50302,CHAQUI,desnutricion global,nutricion normal (n),2006-03-01,59,51,47,47,106,98,204
70702,CHARAGUA,desnutricion global,nutricion normal (n),2006-03-01,175,166,133,139,308,305,613
20305,CHARAÑA,desnutricion global,nutricion normal (n),2006-03-01,18,17,20,17,38,34,72
50202,CHAYANTA,desnutricion global,nutricion normal (n),2006-03-01,90,57,47,42,137,99,236
31204,CHIMORE,desnutricion global,nutricion normal (n),2006-03-01,49,33,20,10,69,43,112
40903,CHIPAYA,desnutricion global,nutricion normal (n),2006-03-01,7,9,6,11,13,20,33
40302,CHOQUE COTA,desnutricion global,nutricion normal (n),2006-03-01,8,7,8,6,16,13,29
21101,CHULUMANI (V. DE LA LIBERTAD),desnutricion global,nutricion normal (n),2006-03-01,85,72,39,51,124,123,247
20501,CHUMA,desnutricion global,nutricion normal (n),2006-03-01,57,52,46,45,103,97,200
30801,CLIZA,desnutricion global,nutricion normal (n),2006-03-01,106,119,47,67,153,186,339
90101,COBIJA,desnutricion global,nutricion normal (n),2006-03-01,276,231,121,140,397,371,768
30101,COCHABAMBA,desnutricion global,nutricion normal (n),2006-03-01,2168,1970,1086,953,3254,2923,6177
40902,COIPASA,desnutricion global,nutricion normal (n),2006-03-01,2,0,2,2,4,2,6
30905,COLCAPIRHUA,desnutricion global,nutricion normal (n),2006-03-01,272,216,125,124,397,340,737
50901,"COLCHA ""K""",desnutricion global,nutricion normal (n),2006-03-01,108,104,71,82,179,186,365
21307,COLLANA,desnutricion global,nutricion normal (n),2006-03-01,9,9,14,3,23,12,35
31002,COLOMI,desnutricion global,nutricion normal (n),2006-03-01,177,130,88,94,265,224,489
70603,COLPA BELGICA,desnutricion global,nutricion normal (n),2006-03-01,43,51,26,20,69,71,140
50401,COLQUECHACA,desnutricion global,nutricion normal (n),2006-03-01,152,158,85,75,237,233,470
21306,COLQUENCHA,desnutricion global,nutricion normal (n),2006-03-01,34,54,31,26,65,80,145
21004,COLQUIRI,desnutricion global,nutricion normal (n),2006-03-01,134,109,72,70,206,179,385
20304,COMANCHE,desnutricion global,nutricion normal (n),2006-03-01,21,16,15,15,36,31,67
71301,COMARAPA,desnutricion global,nutricion normal (n),2006-03-01,118,117,82,116,200,233,433
20605,COMBAYA,desnutricion global,nutricion normal (n),2006-03-01,8,8,9,7,17,15,32
71101,CONCEPCION,desnutricion global,nutricion normal (n),2006-03-01,263,239,150,116,413,355,768
21701,COPACABANA,desnutricion global,nutricion normal (n),2006-03-01,65,70,75,63,140,133,273
21402,CORIPATA,desnutricion global,nutricion normal (n),2006-03-01,109,101,93,78,202,179,381
20301,CORO CORO,desnutricion global,nutricion normal (n),2006-03-01,43,48,23,27,66,75,141
21401,COROICO,desnutricion global,nutricion normal (n),2006-03-01,102,88,71,50,173,138,311
40301,CORQUE,desnutricion global,nutricion normal (n),2006-03-01,20,14,20,20,40,34,74
50601,COTAGAITA,desnutricion global,nutricion normal (n),2006-03-01,162,149,132,127,294,276,570
70102,COTOCA,desnutricion global,nutricion normal (n),2006-03-01,273,235,103,75,376,310,686
71106,CUATRO CAÑADAS,desnutricion global,nutricion normal (n),2006-03-01,62,52,61,43,123,95,218
31405,CUCHUMUELA (V. G. VILLARROEL),desnutricion global,nutricion normal (n),2006-03-01,4,6,6,4,10,10,20
70704,CUEVO,desnutricion global,nutricion normal (n),2006-03-01,18,51,29,41,47,92,139
10902,CULPINA,desnutricion global,nutricion normal (n),2006-03-01,209,205,174,179,383,384,767
40401,CURAHUARA DE CARANGAS,desnutricion global,nutricion normal (n),2006-03-01,31,30,19,12,50,42,92
21602,CURVA,desnutricion global,nutricion normal (n),2006-03-01,8,8,2,0,10,8,18
20804,DESAGUADERO,desnutricion global,nutricion normal (n),2006-03-01,31,23,35,21,66,44,110
20105,EL ALTO,desnutricion global,nutricion normal (n),2006-03-01,4065,3824,1864,2027,5929,5851,11780
40103,EL CHORO,desnutricion global,nutricion normal (n),2006-03-01,22,12,16,14,38,26,64
71503,EL PUENTE(STC),desnutricion global,nutricion normal (n),2006-03-01,250,217,179,214,429,431,860
60502,EL PUENTE(TJA),desnutricion global,nutricion normal (n),2006-03-01,61,51,90,77,151,128,279
70105,EL TORNO,desnutricion global,nutricion normal (n),2006-03-01,238,214,102,105,340,319,659
10405,EL VILLAR,desnutricion global,nutricion normal (n),2006-03-01,85,70,83,53,168,123,291
60601,ENTRE RIOS,desnutricion global,nutricion normal (n),2006-03-01,196,159,155,140,351,299,650
60601,ENTRE RIOS,desnutricion global,nutricion normal (n),2006-03-01,126,126,91,88,217,214,431
40502,ESCARA,desnutricion global,nutricion normal (n),2006-03-01,2,4,1,0,3,4,7
41101,EUCALIPTUS,desnutricion global,nutricion normal (n),2006-03-01,38,41,47,39,85,80,165
90503,EUREKA (SANTOS MERCADO),desnutricion global,nutricion normal (n),2006-03-01,18,26,22,25,40,51,91
80402,EXALTACION,desnutricion global,nutricion normal (n),2006-03-01,16,8,14,12,30,20,50
71004,FERNANDEZ ALONSO,desnutricion global,nutricion normal (n),2006-03-01,116,126,127,137,243,263,506
90203,FILADELFIA,desnutricion global,nutricion normal (n),2006-03-01,38,44,39,38,77,82,159
71002,GENERAL SAAVEDRA,desnutricion global,nutricion normal (n),2006-03-01,172,121,150,196,322,317,639
21601,GRAL. J.J. PEREZ (CHARAZANI),desnutricion global,nutricion normal (n),2006-03-01,80,66,54,47,134,113,247
20602,GUANAY,desnutricion global,nutricion normal (n),2006-03-01,93,102,81,72,174,174,348
20802,GUAQUI,desnutricion global,nutricion normal (n),2006-03-01,33,39,19,12,52,51,103
80202,GUAYARAMERIN,desnutricion global,nutricion normal (n),2006-03-01,240,231,155,148,395,379,774
70705,GUTIERREZ,desnutricion global,nutricion normal (n),2006-03-01,99,93,123,120,222,213,435
10502,HUACARETA,desnutricion global,nutricion normal (n),2006-03-01,112,108,118,112,230,220,450
11002,HUACAYA (VILLA DE HUACAYA),desnutricion global,nutricion normal (n),2006-03-01,42,38,41,38,83,76,159
40501,HUACHACALLA,desnutricion global,nutricion normal (n),2006-03-01,5,5,14,7,19,12,31
40701,HUANUNI,desnutricion global,nutricion normal (n),2006-03-01,187,181,62,75,249,256,505
80803,HUARACAJE,desnutricion global,nutricion normal (n),2006-03-01,27,25,18,27,45,52,97
41601,HUAYLLAMARCA,desnutricion global,nutricion normal (n),2006-03-01,31,10,15,24,46,34,80
21005,ICHOCA,desnutricion global,nutricion normal (n),2006-03-01,46,24,35,31,81,55,136
10304,ICLA,desnutricion global,nutricion normal (n),2006-03-01,85,107,117,105,202,212,414
10703,INCAHUASI,desnutricion global,nutricion normal (n),2006-03-01,199,200,174,167,373,367,740
90402,INGAVI (HUMAITA),desnutricion global,nutricion normal (n),2006-03-01,16,11,13,18,29,29,58
21001,INQUISIVI,desnutricion global,nutricion normal (n),2006-03-01,106,105,55,59,161,164,325
21102,IRUPANA (VILLA DE LANZA),desnutricion global,nutricion normal (n),2006-03-01,103,115,103,110,206,225,431
21501,IXIAMAS,desnutricion global,nutricion normal (n),2006-03-01,69,56,67,35,136,91,227
20806,JESUS DE MACHACA,desnutricion global,nutricion normal (n),2006-03-01,61,49,29,27,90,76,166
21105,LA ASUNTA,desnutricion global,nutricion normal (n),2006-03-01,141,110,67,59,208,169,377
70104,LA GUARDIA,desnutricion global,nutricion normal (n),2006-03-01,407,412,183,172,590,584,1174
20101,LA PAZ,desnutricion global,nutricion normal (n),2006-03-01,3418,3183,1965,1910,5383,5093,10476
41501,LA RIVERA,desnutricion global,nutricion normal (n),2006-03-01,1,4,1,1,2,5,7
70701,LAGUNILLAS,desnutricion global,nutricion normal (n),2006-03-01,88,69,89,93,177,162,339
21202,LAJA,desnutricion global,nutricion normal (n),2006-03-01,127,113,56,40,183,153,336
10903,LAS CARRERAS,desnutricion global,nutricion normal (n),2006-03-01,51,48,43,42,94,90,184
21006,LICOMA PAMPA,desnutricion global,nutricion normal (n),2006-03-01,16,16,24,36,40,52,92
50203,LLALLAGUA,desnutricion global,nutricion normal (n),2006-03-01,223,183,141,192,364,375,739
51401,LLICA,desnutricion global,nutricion normal (n),2006-03-01,39,29,33,29,72,58,130
80601,LORETO,desnutricion global,nutricion normal (n),2006-03-01,32,45,41,44,73,89,162
20901,LURIBAY,desnutricion global,nutricion normal (n),2006-03-01,87,84,92,98,179,182,361
40702,MACHACAMARCA,desnutricion global,nutricion normal (n),2006-03-01,33,32,45,24,78,56,134
11003,MACHARETI,desnutricion global,nutricion normal (n),2006-03-01,74,102,117,127,191,229,420
80801,MAGDALENA,desnutricion global,nutricion normal (n),2006-03-01,61,45,31,30,92,75,167
70903,MAIRANA,desnutricion global,nutricion normal (n),2006-03-01,75,65,26,15,101,80,181
20904,MALLA,desnutricion global,nutricion normal (n),2006-03-01,27,18,29,33,56,51,107
20607,MAPIRI,desnutricion global,nutricion normal (n),2006-03-01,126,113,67,64,193,177,370
20103,MECAPACA,desnutricion global,nutricion normal (n),2006-03-01,81,68,44,23,125,91,216
71003,MINEROS,desnutricion global,nutricion normal (n),2006-03-01,154,130,142,120,296,250,546
31301,MIZQUE,desnutricion global,nutricion normal (n),2006-03-01,133,107,108,93,241,200,441
20402,MOCOMOCO,desnutricion global,nutricion normal (n),2006-03-01,83,98,43,50,126,148,274
51002,MOJINETE,desnutricion global,nutricion normal (n),2006-03-01,0,0,2,0,2,0,2
10303,MOJOCOYA,desnutricion global,nutricion normal (n),2006-03-01,70,54,98,72,168,126,294
10501,MONTEAGUDO,desnutricion global,nutricion normal (n),2006-03-01,225,229,215,196,440,425,865
71001,MONTERO,desnutricion global,nutricion normal (n),2006-03-01,1228,1119,800,767,2028,1886,3914
70803,MORO MORO,desnutricion global,nutricion normal (n),2006-03-01,26,26,34,18,60,44,104
30302,MOROCHATA,desnutricion global,nutricion normal (n),2006-03-01,114,96,127,119,241,215,456
90401,NACEBE (SANTA ROSA DEL ABUNA),desnutricion global,nutricion normal (n),2006-03-01,9,13,18,11,27,24,51
20307,NAZACARA DE PACAJES,desnutricion global,nutricion normal (n),2006-03-01,3,1,9,1,12,2,14
90501,NUEVO MANOA (NUEVA ESPERANZA),desnutricion global,nutricion normal (n),2006-03-01,6,13,7,17,13,30,43
50404,OCURI,desnutricion global,nutricion normal (n),2006-03-01,143,137,99,90,242,227,469
70202,OKINAWA,desnutricion global,nutricion normal (n),2006-03-01,137,150,128,112,265,262,527
30203,OMEREQUE,desnutricion global,nutricion normal (n),2006-03-01,20,29,8,11,28,40,68
40101,ORURO,desnutricion global,nutricion normal (n),2006-03-01,1419,1312,780,697,2199,2009,4208
60201,PADCAYA,desnutricion global,nutricion normal (n),2006-03-01,144,149,121,109,265,258,523
10401,PADILLA,desnutricion global,nutricion normal (n),2006-03-01,135,129,177,158,312,287,599
70502,PAILON,desnutricion global,nutricion normal (n),2006-03-01,11,232,171,18,182,250,432
20102,PALCA,desnutricion global,nutricion normal (n),2006-03-01,72,62,18,18,90,80,170
21104,PALOS BLANCOS,desnutricion global,nutricion normal (n),2006-03-01,224,207,157,149,381,356,737
40802,PAMPA AULLAGAS,desnutricion global,nutricion normal (n),2006-03-01,22,14,19,17,41,31,72
70902,PAMPA GRANDE,desnutricion global,nutricion normal (n),2006-03-01,69,77,54,41,123,118,241
21802,PAPEL PAMPA,desnutricion global,nutricion normal (n),2006-03-01,22,9,11,9,33,18,51
30202,PASORAPA,desnutricion global,nutricion normal (n),2006-03-01,27,20,42,32,69,52,121
21305,PATACAMAYA,desnutricion global,nutricion normal (n),2006-03-01,170,129,74,56,244,185,429
40602,PAZÑA,desnutricion global,nutricion normal (n),2006-03-01,28,42,29,20,57,62,119
20702,PELECHUCO,desnutricion global,nutricion normal (n),2006-03-01,34,19,22,14,56,33,89
50403,POCOATA,desnutricion global,nutricion normal (n),2006-03-01,127,114,110,97,237,211,448
31203,POCONA,desnutricion global,nutricion normal (n),2006-03-01,72,49,54,34,126,83,209
31202,POJO (CBBA),desnutricion global,nutricion normal (n),2006-03-01,112,104,117,105,229,209,438
40601,POOPO,desnutricion global,nutricion normal (n),2006-03-01,30,114,24,30,54,144,198
51203,PORCO,desnutricion global,nutricion normal (n),2006-03-01,40,48,12,13,52,61,113
10103,POROMA,desnutricion global,nutricion normal (n),2006-03-01,147,105,136,126,283,231,514
70103,PORONGO,desnutricion global,nutricion normal (n),2006-03-01,74,27,33,19,107,46,153
70601,PORTACHUELO,desnutricion global,nutricion normal (n),2006-03-01,168,169,182,174,350,343,693
90102,PORVENIR,desnutricion global,nutricion normal (n),2006-03-01,37,33,15,15,52,48,100
70804,POSTRER VALLE,desnutricion global,nutricion normal (n),2006-03-01,26,14,20,24,46,38,84
50101,POTOSI,desnutricion global,nutricion normal (n),2006-03-01,1002,755,492,420,1494,1175,2669
10302,PRESTO,desnutricion global,nutricion normal (n),2006-03-01,79,83,122,91,201,174,375
70805,PUCARA,desnutricion global,nutricion normal (n),2006-03-01,8,3,5,3,13,6,19
21201,PUCARANI,desnutricion global,nutricion normal (n),2006-03-01,181,151,133,127,314,278,592
20401,PUERTO ACOSTA,desnutricion global,nutricion normal (n),2006-03-01,115,97,139,109,254,206,460
20403,PUERTO CARABUCO,desnutricion global,nutricion normal (n),2006-03-01,102,106,92,101,194,207,401
90301,PUERTO GONZALO MORENO,desnutricion global,nutricion normal (n),2006-03-01,57,37,46,49,103,86,189
21204,PUERTO PEREZ,desnutricion global,nutricion normal (n),2006-03-01,69,44,42,43,111,87,198
71402,PUERTO QUIJARRO,desnutricion global,nutricion normal (n),2006-03-01,98,106,22,34,120,140,260
90201,PUERTO RICO,desnutricion global,nutricion normal (n),2006-03-01,81,75,63,65,144,140,284
80703,PUERTO SILES,desnutricion global,nutricion normal (n),2006-03-01,4,9,3,4,7,13,20
71401,PUERTO SUAREZ,desnutricion global,nutricion normal (n),2006-03-01,88,86,25,37,113,123,236
31205,PUERTO VILLARROEL,desnutricion global,nutricion normal (n),2006-03-01,378,361,296,253,674,614,1288
51101,PUNA,desnutricion global,nutricion normal (n),2006-03-01,205,146,157,118,362,264,626
31401,PUNATA,desnutricion global,nutricion normal (n),2006-03-01,282,297,66,69,348,366,714
20604,QUIABAYA,desnutricion global,nutricion normal (n),2006-03-01,11,9,16,9,27,18,45
30901,QUILLACOLLO,desnutricion global,nutricion normal (n),2006-03-01,758,746,292,302,1050,1048,2098
21002,QUIME,desnutricion global,nutricion normal (n),2006-03-01,72,79,53,70,125,149,274
70904,QUIRUSILLAS,desnutricion global,nutricion normal (n),2006-03-01,31,14,8,6,39,20,59
50402,RAVELO,desnutricion global,nutricion normal (n),2006-03-01,134,154,163,135,297,289,586
80301,REYES,desnutricion global,nutricion normal (n),2006-03-01,67,99,68,56,135,155,290
80201,RIBERALTA,desnutricion global,nutricion normal (n),2006-03-01,771,657,330,318,1101,975,2076
70503,ROBORE,desnutricion global,nutricion normal (n),2006-03-01,112,111,90,71,202,182,384
80304,RURRENABAQUE,desnutricion global,nutricion normal (n),2006-03-01,150,123,59,51,209,174,383
40901,SABAYA,desnutricion global,nutricion normal (n),2006-03-01,23,13,13,16,36,29,65
31001,SACABA,desnutricion global,nutricion normal (n),2006-03-01,711,624,310,257,1021,881,1902
30404,SACABAMBA,desnutricion global,nutricion normal (n),2006-03-01,27,19,15,9,42,28,70
50701,SACACA,desnutricion global,nutricion normal (n),2006-03-01,149,121,137,111,286,232,518
71302,SAIPINA,desnutricion global,nutricion normal (n),2006-03-01,36,35,34,30,70,65,135
40801,SALINAS DE GARCI MENDOZA,desnutricion global,nutricion normal (n),2006-03-01,75,68,95,87,170,155,325
70901,SAMAIPATA,desnutricion global,nutricion normal (n),2006-03-01,73,59,56,43,129,102,231
51601,SAN AGUSTIN,desnutricion global,nutricion normal (n),2006-03-01,24,22,27,29,51,51,102
80602,SAN ANDRES,desnutricion global,nutricion normal (n),2006-03-01,80,89,83,84,163,173,336
20805,SAN ANDRES DE MACHACA,desnutricion global,nutricion normal (n),2006-03-01,30,15,27,28,57,43,100
51003,SAN ANTONIO DE ESMORUCO,desnutricion global,nutricion normal (n),2006-03-01,17,19,18,19,35,38,73
71105,SAN ANTONIO DE LOMERIO,desnutricion global,nutricion normal (n),2006-03-01,107,81,117,104,224,185,409
31403,SAN BENITO,desnutricion global,nutricion normal (n),2006-03-01,74,78,49,35,123,113,236
80302,SAN BORJA,desnutricion global,nutricion normal (n),2006-03-01,385,340,167,181,552,521,1073
21502,SAN BUENA VENTURA,desnutricion global,nutricion normal (n),2006-03-01,70,65,50,47,120,112,232
70402,SAN CARLOS,desnutricion global,nutricion normal (n),2006-03-01,164,182,130,89,294,271,565
80501,SAN IGNACIO,desnutricion global,nutricion normal (n),2006-03-01,187,146,117,116,304,262,566
70301,SAN IGNACIO DE VELASCO,desnutricion global,nutricion normal (n),2006-03-01,502,456,376,334,878,790,1668
80102,SAN JAVIER(BNI),desnutricion global,nutricion normal (n),2006-03-01,17,14,23,21,40,35,75
80701,SAN JOAQUIN,desnutricion global,nutricion normal (n),2006-03-01,32,33,28,29,60,62,122
70501,SAN JOSE DE CHIQUITOS,desnutricion global,nutricion normal (n),2006-03-01,100,111,108,99,208,210,418
70404,SAN JUAN DE YAPACANI,desnutricion global,nutricion normal (n),2006-03-01,127,113,87,87,214,200,414
71104,SAN JULIAN,desnutricion global,nutricion normal (n),2006-03-01,327,320,147,172,474,492,966
90302,SAN LORENZO(PND),desnutricion global,nutricion normal (n),2006-03-01,33,16,16,10,49,26,75
60501,SAN LORENZO(TJA),desnutricion global,nutricion normal (n),2006-03-01,150,120,94,92,244,212,456
10702,SAN LUCAS,desnutricion global,nutricion normal (n),2006-03-01,331,316,327,303,658,619,1277
71201,SAN MATIAS,desnutricion global,nutricion normal (n),2006-03-01,108,94,67,65,175,159,334
70302,SAN MIGUEL DE VELASCO,desnutricion global,nutricion normal (n),2006-03-01,108,94,47,36,155,130,285
51001,SAN PABLO DE LIPEZ,desnutricion global,nutricion normal (n),2006-03-01,24,26,15,12,39,38,77
71005,SAN PEDRO,desnutricion global,nutricion normal (n),2006-03-01,112,86,78,77,190,163,353
50501,SAN PEDRO DE BUENA VISTA,desnutricion global,nutricion normal (n),2006-03-01,107,101,83,77,190,178,368
21801,SAN PEDRO DE CURAHUARA,desnutricion global,nutricion normal (n),2006-03-01,41,37,36,35,77,72,149
50902,SAN PEDRO DE QUEMES,desnutricion global,nutricion normal (n),2006-03-01,3,13,8,7,11,20,31
21702,SAN PEDRO DE TIQUINA,desnutricion global,nutricion normal (n),2006-03-01,28,25,18,25,46,50,96
70303,SAN RAFAEL,desnutricion global,nutricion normal (n),2006-03-01,41,49,42,34,83,83,166
80702,SAN RAMON,desnutricion global,nutricion normal (n),2006-03-01,34,66,25,18,59,84,143
80401,SANTA ANA,desnutricion global,nutricion normal (n),2006-03-01,122,139,71,64,193,203,396
70101,SANTA CRUZ DE LA SIERRA,desnutricion global,nutricion normal (n),2006-03-01,6104,5689,2829,3123,8933,8812,17745
80303,SANTA ROSA,desnutricion global,nutricion normal (n),2006-03-01,45,64,60,46,105,110,215
70602,SANTA ROSA DEL SARA,desnutricion global,nutricion normal (n),2006-03-01,93,123,88,82,181,205,386
20308,SANTIAGO DE CALLAPA,desnutricion global,nutricion normal (n),2006-03-01,25,21,14,20,39,41,80
41401,SANTIAGO DE HUARI,desnutricion global,nutricion normal (n),2006-03-01,31,35,27,24,58,59,117
21901,SANTIAGO DE MACHACA,desnutricion global,nutricion normal (n),2006-03-01,28,30,18,9,46,39,85
30702,SANTIVAÑES,desnutricion global,nutricion normal (n),2006-03-01,61,50,32,18,93,68,161
40202,SANTUARIO DE QUILLACAS,desnutricion global,nutricion normal (n),2006-03-01,12,14,14,9,26,23,49
20902,SAPAHAQUI,desnutricion global,nutricion normal (n),2006-03-01,64,56,56,45,120,101,221
90303,SENA,desnutricion global,nutricion normal (n),2006-03-01,59,31,67,57,126,88,214
21301,SICA SICA (VILLA AROMA),desnutricion global,nutricion normal (n),2006-03-01,141,147,110,105,251,252,503
30703,SICAYA,desnutricion global,nutricion normal (n),2006-03-01,24,15,7,10,31,25,56
30902,SIPE SIPE,desnutricion global,nutricion normal (n),2006-03-01,336,300,192,195,528,495,1023
10403,SOPACHUY,desnutricion global,nutricion normal (n),2006-03-01,126,104,102,92,228,196,424
40104,SORACACHI,desnutricion global,nutricion normal (n),2006-03-01,43,52,56,68,99,120,219
20601,SORATA,desnutricion global,nutricion normal (n),2006-03-01,120,80,105,101,225,181,406
10101,SUCRE,desnutricion global,nutricion normal (n),2006-03-01,1422,1429,1049,919,2471,2348,4819
31404,TACACHI,desnutricion global,nutricion normal (n),2006-03-01,6,8,1,2,7,10,17
20603,TACACOMA,desnutricion global,nutricion normal (n),2006-03-01,36,22,42,58,78,80,158
50303,TACOBAMBA,desnutricion global,nutricion normal (n),2006-03-01,94,69,71,45,165,114,279
30602,TACOPAYA,desnutricion global,nutricion normal (n),2006-03-01,77,51,68,65,145,116,261
51402,TAHUA,desnutricion global,nutricion normal (n),2006-03-01,9,11,6,10,15,21,36
31101,TAPACARI,desnutricion global,nutricion normal (n),2006-03-01,167,174,169,156,336,330,666
10601,TARABUCO,desnutricion global,nutricion normal (n),2006-03-01,182,157,239,235,421,392,813
20807,TARACO,desnutricion global,nutricion normal (n),2006-03-01,29,35,31,33,60,68,128
30401,TARATA,desnutricion global,nutricion normal (n),2006-03-01,6,11,12,5,18,16,34
60101,TARIJA,desnutricion global,nutricion normal (n),2006-03-01,1147,1067,599,601,1746,1668,3414
10202,TARVITA,desnutricion global,nutricion normal (n),2006-03-01,221,181,245,213,466,394,860
20608,TEOPONTE,desnutricion global,nutricion normal (n),2006-03-01,71,71,89,81,160,152,312
20803,TIAWANACU,desnutricion global,nutricion normal (n),2006-03-01,78,75,48,60,126,135,261
50102,TINGUIPAYA,desnutricion global,nutricion normal (n),2006-03-01,145,85,83,49,228,134,362
20606,TIPUANI,desnutricion global,nutricion normal (n),2006-03-01,90,60,27,28,117,88,205
30903,TIQUIPAYA,desnutricion global,nutricion normal (n),2006-03-01,265,201,164,160,429,361,790
31601,TIRAQUE (CBBA),desnutricion global,nutricion normal (n),2006-03-01,317,230,172,185,489,415,904
21703,TITO YUPANQUI (PARQUIPUJIO),desnutricion global,nutricion normal (n),2006-03-01,6,12,11,10,17,22,39
30802,TOCO,desnutricion global,nutricion normal (n),2006-03-01,16,7,22,19,38,26,64
41502,TODOS SANTOS,desnutricion global,nutricion normal (n),2006-03-01,2,1,1,0,3,1,4
30803,TOLATA,desnutricion global,nutricion normal (n),2006-03-01,48,48,18,16,66,64,130
41001,TOLEDO,desnutricion global,nutricion normal (n),2006-03-01,40,32,42,53,82,85,167
51202,TOMAVE,desnutricion global,nutricion normal (n),2006-03-01,81,33,56,17,137,50,187
10402,TOMINA,desnutricion global,nutricion normal (n),2006-03-01,136,102,107,105,243,207,450
50502,TORO TORO,desnutricion global,nutricion normal (n),2006-03-01,134,107,111,109,245,216,461
31201,TOTORA(CBBA),desnutricion global,nutricion normal (n),2006-03-01,119,87,35,48,154,135,289
41301,TOTORA(ORR),desnutricion global,nutricion normal (n),2006-03-01,23,18,22,23,45,41,86
70802,TRIGAL,desnutricion global,nutricion normal (n),2006-03-01,12,5,27,17,39,22,61
80101,TRINIDAD,desnutricion global,nutricion normal (n),2006-03-01,741,568,422,335,1163,903,2066
50801,TUPIZA,desnutricion global,nutricion normal (n),2006-03-01,335,349,379,365,714,714,1428
40402,TURCO,desnutricion global,nutricion normal (n),2006-03-01,29,22,27,37,56,59,115
21302,UMALA,desnutricion global,nutricion normal (n),2006-03-01,23,22,39,31,62,53,115
50201,UNCIA,desnutricion global,nutricion normal (n),2006-03-01,109,76,87,56,196,132,328
60401,URIONDO (A. CONCEPCION),desnutricion global,nutricion normal (n),2006-03-01,125,98,104,119,229,217,446
51201,UYUNI,desnutricion global,nutricion normal (n),2006-03-01,394,350,184,168,578,518,1096
30502,VACAS,desnutricion global,nutricion normal (n),2006-03-01,60,51,35,40,95,91,186
70801,VALLEGRANDE,desnutricion global,nutricion normal (n),2006-03-01,106,119,79,76,185,195,380
20801,VIACHA,desnutricion global,nutricion normal (n),2006-03-01,192,184,112,117,304,301,605
31302,VILA VILA,desnutricion global,nutricion normal (n),2006-03-01,31,35,45,51,76,86,162
60303,VILLA MONTES,desnutricion global,nutricion normal (n),2006-03-01,195,158,167,174,362,332,694
90502,VILLA NUEVA (LOMA ALTA),desnutricion global,nutricion normal (n),2006-03-01,8,20,20,15,28,35,63
31402,VILLA RIVERO,desnutricion global,nutricion normal (n),2006-03-01,27,30,14,6,41,36,77
10801,VILLA SERRANO,desnutricion global,nutricion normal (n),2006-03-01,144,137,163,154,307,291,598
31003,VILLA TUNARI,desnutricion global,nutricion normal (n),2006-03-01,450,391,267,265,717,656,1373
11001,VILLA VACA GUZMAN (MUYUPAMPA),desnutricion global,nutricion normal (n),2006-03-01,130,103,165,180,295,283,578
51501,VILLAZON,desnutricion global,nutricion normal (n),2006-03-01,279,249,200,224,479,473,952
30904,VINTO,desnutricion global,nutricion normal (n),2006-03-01,113,84,21,21,134,105,239
50602,VITICHI,desnutricion global,nutricion normal (n),2006-03-01,86,93,77,73,163,166,329
20306,WALDO BALLIVIAN,desnutricion global,nutricion normal (n),2006-03-01,12,6,5,4,17,10,27
70201,WARNES,desnutricion global,nutricion normal (n),2006-03-01,465,433,268,253,733,686,1419
20903,YACO,desnutricion global,nutricion normal (n),2006-03-01,39,30,24,10,63,40,103
60301,YACUIBA,desnutricion global,nutricion normal (n),2006-03-01,340,302,262,209,602,511,1113
10602,YAMPARAEZ,desnutricion global,nutricion normal (n),2006-03-01,96,107,141,136,237,243,480
21103,YANACACHI,desnutricion global,nutricion normal (n),2006-03-01,22,24,18,21,40,45,85
70403,YAPACANI,desnutricion global,nutricion normal (n),2006-03-01,389,353,216,229,605,582,1187
50103,YOCALLA,desnutricion global,nutricion normal (n),2006-03-01,13,15,13,16,26,31,57
10102,YOTALA,desnutricion global,nutricion normal (n),2006-03-01,100,84,139,141,239,225,464
60402,YUNCHARA,desnutricion global,nutricion normal (n),2006-03-01,42,43,62,47,104,90,194
10301,ZUDAÑEZ,desnutricion global,nutricion normal (n),2006-03-01,80,65,68,59,148,124,272
51302,ACACIO,desnutricion global,nutricion normal (n),2006-04-01,57,65,58,64,115,129,244
20201,ACHACACHI,desnutricion global,nutricion normal (n),2006-04-01,284,255,182,190,466,445,911
20104,ACHOCALLA,desnutricion global,nutricion normal (n),2006-04-01,50,30,22,9,72,39,111
30201,AIQUILE,desnutricion global,nutricion normal (n),2006-04-01,63,54,57,29,120,83,203
31303,ALALAY,desnutricion global,nutricion normal (n),2006-04-01,17,9,6,2,23,11,34
10404,ALCALA,desnutricion global,nutricion normal (n),2006-04-01,27,38,27,38,54,76,130
20202,ANCORAIMES,desnutricion global,nutricion normal (n),2006-04-01,81,91,136,123,217,214,431
41201,ANDAMARCA,desnutricion global,nutricion normal (n),2006-04-01,20,30,44,46,64,76,140
40603,ANTEQUERA,desnutricion global,nutricion normal (n),2006-04-01,18,20,20,20,38,40,78
30402,ANZALDO,desnutricion global,nutricion normal (n),2006-04-01,14,25,25,24,39,49,88
20701,APOLO,desnutricion global,nutricion normal (n),2006-04-01,114,71,79,80,193,151,344
51301,ARAMPAMPA,desnutricion global,nutricion normal (n),2006-04-01,35,39,26,35,61,74,135
30501,ARANI,desnutricion global,nutricion normal (n),2006-04-01,43,37,18,23,61,60,121
30403,ARBIETO,desnutricion global,nutricion normal (n),2006-04-01,30,15,14,17,44,32,76
30601,ARQUE,desnutricion global,nutricion normal (n),2006-04-01,38,40,31,35,69,75,144
71501,ASCENCION DE GUARAYOS,desnutricion global,nutricion normal (n),2006-04-01,167,201,193,179,360,380,740
50802,ATOCHA,desnutricion global,nutricion normal (n),2006-04-01,97,84,73,75,170,159,329
20503,AUCAPATA,desnutricion global,nutricion normal (n),2006-04-01,46,44,37,51,83,95,178
20502,AYATA,desnutricion global,nutricion normal (n),2006-04-01,58,54,40,28,98,82,180
21303,AYO AYO,desnutricion global,nutricion normal (n),2006-04-01,35,26,10,25,45,51,96
30301,AYOPAYA (V. DE INDEPENDENCIA),desnutricion global,nutricion normal (n),2006-04-01,204,161,133,107,337,268,605
10201,AZURDUY,desnutricion global,nutricion normal (n),2006-04-01,224,192,206,177,430,369,799
21203,BATALLAS,desnutricion global,nutricion normal (n),2006-04-01,98,75,43,41,141,116,257
80802,BAURES,desnutricion global,nutricion normal (n),2006-04-01,23,38,26,33,49,71,120
41202,BELEN DE ANDAMARCA,desnutricion global,nutricion normal (n),2006-04-01,5,5,2,1,7,6,13
50104,BELEN DE URMIRI,desnutricion global,nutricion normal (n),2006-04-01,11,3,5,6,16,9,25
90104,BELLA FLOR,desnutricion global,nutricion normal (n),2006-04-01,24,34,41,34,65,68,133
60202,BERMEJO,desnutricion global,nutricion normal (n),2006-04-01,51,48,55,59,106,107,213
50301,BETANZOS,desnutricion global,nutricion normal (n),2006-04-01,136,139,155,147,291,286,577
31501,BOLIVAR,desnutricion global,nutricion normal (n),2006-04-01,25,30,23,20,48,50,98
90103,BOLPEBRA,desnutricion global,nutricion normal (n),2006-04-01,17,16,18,12,35,28,63
70707,BOYUIBE,desnutricion global,nutricion normal (n),2006-04-01,33,21,30,26,63,47,110
70401,BUENA VISTA,desnutricion global,nutricion normal (n),2006-04-01,180,149,135,149,315,298,613
70703,CABEZAS,desnutricion global,nutricion normal (n),2006-04-01,101,101,117,139,218,240,458
20905,CAIROMA,desnutricion global,nutricion normal (n),2006-04-01,89,86,64,81,153,167,320
51102,"CAIZA ""D""",desnutricion global,nutricion normal (n),2006-04-01,69,37,62,65,131,102,233
21003,CAJUATA,desnutricion global,nutricion normal (n),2006-04-01,60,67,42,33,102,100,202
20303,CALACOTO,desnutricion global,nutricion normal (n),2006-04-01,28,30,23,13,51,43,94
21304,CALAMARCA,desnutricion global,nutricion normal (n),2006-04-01,96,117,65,55,161,172,333
10701,CAMARGO,desnutricion global,nutricion normal (n),2006-04-01,129,137,125,90,254,227,481
10901,CAMATAQUI (C. VILLA ABECIA),desnutricion global,nutricion normal (n),2006-04-01,32,22,36,30,68,52,120
70706,CAMIRI,desnutricion global,nutricion normal (n),2006-04-01,257,230,246,268,503,498,1001
30701,CAPINOTA,desnutricion global,nutricion normal (n),2006-04-01,37,31,24,27,61,58,119
20302,CAQUIAVIRI,desnutricion global,nutricion normal (n),2006-04-01,38,48,25,23,63,71,134
40102,CARACOLLO,desnutricion global,nutricion normal (n),2006-04-01,88,58,41,56,129,114,243
22001,CARANAVI,desnutricion global,nutricion normal (n),2006-04-01,381,291,210,196,591,487,1078
41503,CARANGAS,desnutricion global,nutricion normal (n),2006-04-01,2,4,2,4,4,8,12
60302,CARAPARI,desnutricion global,nutricion normal (n),2006-04-01,79,87,64,57,143,144,287
50702,CARIPUYO,desnutricion global,nutricion normal (n),2006-04-01,62,62,61,54,123,116,239
71403,CARMEN RIVERO TORREZ,desnutricion global,nutricion normal (n),2006-04-01,25,20,20,15,45,35,80
21902,CATACORA,desnutricion global,nutricion normal (n),2006-04-01,2,0,1,0,3,0,3
21803,CHACARILLA,desnutricion global,nutricion normal (n),2006-04-01,14,5,6,13,20,18,38
40201,CHALLAPATA,desnutricion global,nutricion normal (n),2006-04-01,143,133,107,99,250,232,482
50302,CHAQUI,desnutricion global,nutricion normal (n),2006-04-01,34,26,29,29,63,55,118
70702,CHARAGUA,desnutricion global,nutricion normal (n),2006-04-01,195,165,114,133,309,298,607
20305,CHARAÑA,desnutricion global,nutricion normal (n),2006-04-01,14,11,13,9,27,20,47
50202,CHAYANTA,desnutricion global,nutricion normal (n),2006-04-01,98,69,46,57,144,126,270
31204,CHIMORE,desnutricion global,nutricion normal (n),2006-04-01,30,19,31,37,61,56,117
40903,CHIPAYA,desnutricion global,nutricion normal (n),2006-04-01,8,13,12,5,20,18,38
40302,CHOQUE COTA,desnutricion global,nutricion normal (n),2006-04-01,4,0,0,1,4,1,5
21101,CHULUMANI (V. DE LA LIBERTAD),desnutricion global,nutricion normal (n),2006-04-01,115,102,68,63,183,165,348
20501,CHUMA,desnutricion global,nutricion normal (n),2006-04-01,48,51,23,36,71,87,158
30801,CLIZA,desnutricion global,nutricion normal (n),2006-04-01,104,94,17,28,121,122,243
90101,COBIJA,desnutricion global,nutricion normal (n),2006-04-01,164,135,112,102,276,237,513
30101,COCHABAMBA,desnutricion global,nutricion normal (n),2006-04-01,1586,1348,705,641,2291,1989,4280
40902,COIPASA,desnutricion global,nutricion normal (n),2006-04-01,3,1,3,0,6,1,7
30905,COLCAPIRHUA,desnutricion global,nutricion normal (n),2006-04-01,188,182,127,129,315,311,626
50901,"COLCHA ""K""",desnutricion global,nutricion normal (n),2006-04-01,79,88,64,57,143,145,288
21307,COLLANA,desnutricion global,nutricion normal (n),2006-04-01,8,6,6,4,14,10,24
31002,COLOMI,desnutricion global,nutricion normal (n),2006-04-01,117,103,63,64,180,167,347
70603,COLPA BELGICA,desnutricion global,nutricion normal (n),2006-04-01,28,33,27,17,55,50,105
50401,COLQUECHACA,desnutricion global,nutricion normal (n),2006-04-01,139,115,89,80,228,195,423
21306,COLQUENCHA,desnutricion global,nutricion normal (n),2006-04-01,33,39,24,18,57,57,114
21004,COLQUIRI,desnutricion global,nutricion normal (n),2006-04-01,95,82,37,43,132,125,257
20304,COMANCHE,desnutricion global,nutricion normal (n),2006-04-01,14,10,7,9,21,19,40
71301,COMARAPA,desnutricion global,nutricion normal (n),2006-04-01,90,78,43,51,133,129,262
20605,COMBAYA,desnutricion global,nutricion normal (n),2006-04-01,9,5,9,9,18,14,32
71101,CONCEPCION,desnutricion global,nutricion normal (n),2006-04-01,127,113,59,37,186,150,336
21701,COPACABANA,desnutricion global,nutricion normal (n),2006-04-01,69,78,60,53,129,131,260
21402,CORIPATA,desnutricion global,nutricion normal (n),2006-04-01,119,132,87,71,206,203,409
20301,CORO CORO,desnutricion global,nutricion normal (n),2006-04-01,52,61,35,39,87,100,187
21401,COROICO,desnutricion global,nutricion normal (n),2006-04-01,113,127,142,126,255,253,508
40301,CORQUE,desnutricion global,nutricion normal (n),2006-04-01,37,33,50,56,87,89,176
50601,COTAGAITA,desnutricion global,nutricion normal (n),2006-04-01,167,144,113,106,280,250,530
70102,COTOCA,desnutricion global,nutricion normal (n),2006-04-01,224,164,82,63,306,227,533
71106,CUATRO CAÑADAS,desnutricion global,nutricion normal (n),2006-04-01,51,53,66,45,117,98,215
31405,CUCHUMUELA (V. G. VILLARROEL),desnutricion global,nutricion normal (n),2006-04-01,20,10,11,6,31,16,47
70704,CUEVO,desnutricion global,nutricion normal (n),2006-04-01,24,44,37,32,61,76,137
10902,CULPINA,desnutricion global,nutricion normal (n),2006-04-01,188,161,169,151,357,312,669
40401,CURAHUARA DE CARANGAS,desnutricion global,nutricion normal (n),2006-04-01,26,35,24,19,50,54,104
21602,CURVA,desnutricion global,nutricion normal (n),2006-04-01,16,11,20,15,36,26,62
20804,DESAGUADERO,desnutricion global,nutricion normal (n),2006-04-01,30,25,24,15,54,40,94
20105,EL ALTO,desnutricion global,nutricion normal (n),2006-04-01,3248,3048,1672,1600,4920,4648,9568
40103,EL CHORO,desnutricion global,nutricion normal (n),2006-04-01,16,6,8,10,24,16,40
71503,EL PUENTE(STC),desnutricion global,nutricion normal (n),2006-04-01,172,146,150,151,322,297,619
60502,EL PUENTE(TJA),desnutricion global,nutricion normal (n),2006-04-01,60,39,61,51,121,90,211
70105,EL TORNO,desnutricion global,nutricion normal (n),2006-04-01,136,121,53,51,189,172,361
10405,EL VILLAR,desnutricion global,nutricion normal (n),2006-04-01,82,72,85,55,167,127,294
60601,ENTRE RIOS,desnutricion global,nutricion normal (n),2006-04-01,150,128,106,93,256,221,477
60601,ENTRE RIOS,desnutricion global,nutricion normal (n),2006-04-01,107,107,94,84,201,191,392
40502,ESCARA,desnutricion global,nutricion normal (n),2006-04-01,0,1,1,0,1,1,2
41101,EUCALIPTUS,desnutricion global,nutricion normal (n),2006-04-01,23,25,45,35,68,60,128
90503,EUREKA (SANTOS MERCADO),desnutricion global,nutricion normal (n),2006-04-01,3,9,5,7,8,16,24
80402,EXALTACION,desnutricion global,nutricion normal (n),2006-04-01,14,11,19,18,33,29,62
71004,FERNANDEZ ALONSO,desnutricion global,nutricion normal (n),2006-04-01,115,105,99,116,214,221,435
90203,FILADELFIA,desnutricion global,nutricion normal (n),2006-04-01,24,17,17,25,41,42,83
71002,GENERAL SAAVEDRA,desnutricion global,nutricion normal (n),2006-04-01,133,123,158,130,291,253,544
21601,GRAL. J.J. PEREZ (CHARAZANI),desnutricion global,nutricion normal (n),2006-04-01,50,46,30,42,80,88,168
20602,GUANAY,desnutricion global,nutricion normal (n),2006-04-01,101,90,76,60,177,150,327
20802,GUAQUI,desnutricion global,nutricion normal (n),2006-04-01,34,32,32,22,66,54,120
80202,GUAYARAMERIN,desnutricion global,nutricion normal (n),2006-04-01,249,227,137,129,386,356,742
70705,GUTIERREZ,desnutricion global,nutricion normal (n),2006-04-01,101,90,139,136,240,226,466
10502,HUACARETA,desnutricion global,nutricion normal (n),2006-04-01,99,97,117,130,216,227,443
11002,HUACAYA (VILLA DE HUACAYA),desnutricion global,nutricion normal (n),2006-04-01,34,31,39,43,73,74,147
40501,HUACHACALLA,desnutricion global,nutricion normal (n),2006-04-01,3,6,4,2,7,8,15
40701,HUANUNI,desnutricion global,nutricion normal (n),2006-04-01,144,136,68,54,212,190,402
80803,HUARACAJE,desnutricion global,nutricion normal (n),2006-04-01,20,15,25,21,45,36,81
41601,HUAYLLAMARCA,desnutricion global,nutricion normal (n),2006-04-01,16,29,7,6,23,35,58
21005,ICHOCA,desnutricion global,nutricion normal (n),2006-04-01,49,27,26,37,75,64,139
10304,ICLA,desnutricion global,nutricion normal (n),2006-04-01,102,115,162,132,264,247,511
10703,INCAHUASI,desnutricion global,nutricion normal (n),2006-04-01,190,183,159,152,349,335,684
90402,INGAVI (HUMAITA),desnutricion global,nutricion normal (n),2006-04-01,9,9,15,1,24,10,34
21001,INQUISIVI,desnutricion global,nutricion normal (n),2006-04-01,108,99,91,85,199,184,383
21102,IRUPANA (VILLA DE LANZA),desnutricion global,nutricion normal (n),2006-04-01,143,134,175,116,318,250,568
21501,IXIAMAS,desnutricion global,nutricion normal (n),2006-04-01,66,56,46,34,112,90,202
20806,JESUS DE MACHACA,desnutricion global,nutricion normal (n),2006-04-01,48,57,42,38,90,95,185
21105,LA ASUNTA,desnutricion global,nutricion normal (n),2006-04-01,204,188,66,51,270,239,509
70104,LA GUARDIA,desnutricion global,nutricion normal (n),2006-04-01,296,306,159,158,455,464,919
20101,LA PAZ,desnutricion global,nutricion normal (n),2006-04-01,2979,2610,1829,1610,4808,4220,9028
41501,LA RIVERA,desnutricion global,nutricion normal (n),2006-04-01,2,6,2,3,4,9,13
70701,LAGUNILLAS,desnutricion global,nutricion normal (n),2006-04-01,80,66,105,106,185,172,357
21202,LAJA,desnutricion global,nutricion normal (n),2006-04-01,105,68,42,34,147,102,249
10903,LAS CARRERAS,desnutricion global,nutricion normal (n),2006-04-01,39,35,39,33,78,68,146
21006,LICOMA PAMPA,desnutricion global,nutricion normal (n),2006-04-01,1,6,5,7,6,13,19
50203,LLALLAGUA,desnutricion global,nutricion normal (n),2006-04-01,186,157,98,89,284,246,530
51401,LLICA,desnutricion global,nutricion normal (n),2006-04-01,29,29,26,21,55,50,105
80601,LORETO,desnutricion global,nutricion normal (n),2006-04-01,27,25,30,28,57,53,110
20901,LURIBAY,desnutricion global,nutricion normal (n),2006-04-01,110,78,98,82,208,160,368
40702,MACHACAMARCA,desnutricion global,nutricion normal (n),2006-04-01,14,21,37,28,51,49,100
11003,MACHARETI,desnutricion global,nutricion normal (n),2006-04-01,84,66,111,131,195,197,392
80801,MAGDALENA,desnutricion global,nutricion normal (n),2006-04-01,67,49,46,38,113,87,200
70903,MAIRANA,desnutricion global,nutricion normal (n),2006-04-01,51,33,22,11,73,44,117
20904,MALLA,desnutricion global,nutricion normal (n),2006-04-01,19,15,28,38,47,53,100
20607,MAPIRI,desnutricion global,nutricion normal (n),2006-04-01,150,128,83,66,233,194,427
20103,MECAPACA,desnutricion global,nutricion normal (n),2006-04-01,74,69,46,42,120,111,231
71003,MINEROS,desnutricion global,nutricion normal (n),2006-04-01,140,119,125,117,265,236,501
31301,MIZQUE,desnutricion global,nutricion normal (n),2006-04-01,141,113,110,75,251,188,439
20402,MOCOMOCO,desnutricion global,nutricion normal (n),2006-04-01,70,80,74,58,144,138,282
51002,MOJINETE,desnutricion global,nutricion normal (n),2006-04-01,8,2,12,4,20,6,26
10303,MOJOCOYA,desnutricion global,nutricion normal (n),2006-04-01,64,54,83,74,147,128,275
10501,MONTEAGUDO,desnutricion global,nutricion normal (n),2006-04-01,202,204,199,190,401,394,795
71001,MONTERO,desnutricion global,nutricion normal (n),2006-04-01,945,802,656,608,1601,1410,3011
70803,MORO MORO,desnutricion global,nutricion normal (n),2006-04-01,19,26,20,20,39,46,85
30302,MOROCHATA,desnutricion global,nutricion normal (n),2006-04-01,89,69,77,80,166,149,315
90401,NACEBE (SANTA ROSA DEL ABUNA),desnutricion global,nutricion normal (n),2006-04-01,17,26,36,26,53,52,105
20307,NAZACARA DE PACAJES,desnutricion global,nutricion normal (n),2006-04-01,4,1,4,1,8,2,10
90501,NUEVO MANOA (NUEVA ESPERANZA),desnutricion global,nutricion normal (n),2006-04-01,3,5,1,2,4,7,11
50404,OCURI,desnutricion global,nutricion normal (n),2006-04-01,103,98,79,70,182,168,350
70202,OKINAWA,desnutricion global,nutricion normal (n),2006-04-01,109,95,82,83,191,178,369
30203,OMEREQUE,desnutricion global,nutricion normal (n),2006-04-01,38,44,24,23,62,67,129
40101,ORURO,desnutricion global,nutricion normal (n),2006-04-01,1034,997,566,599,1600,1596,3196
60201,PADCAYA,desnutricion global,nutricion normal (n),2006-04-01,123,109,108,121,231,230,461
10401,PADILLA,desnutricion global,nutricion normal (n),2006-04-01,111,128,177,146,288,274,562
70502,PAILON,desnutricion global,nutricion normal (n),2006-04-01,8,194,132,26,140,220,360
20102,PALCA,desnutricion global,nutricion normal (n),2006-04-01,61,58,22,20,83,78,161
21104,PALOS BLANCOS,desnutricion global,nutricion normal (n),2006-04-01,212,167,155,133,367,300,667
40802,PAMPA AULLAGAS,desnutricion global,nutricion normal (n),2006-04-01,8,9,14,8,22,17,39
70902,PAMPA GRANDE,desnutricion global,nutricion normal (n),2006-04-01,40,48,33,28,73,76,149
21802,PAPEL PAMPA,desnutricion global,nutricion normal (n),2006-04-01,21,16,3,9,24,25,49
30202,PASORAPA,desnutricion global,nutricion normal (n),2006-04-01,35,33,42,26,77,59,136
21305,PATACAMAYA,desnutricion global,nutricion normal (n),2006-04-01,231,189,98,90,329,279,608
40602,PAZÑA,desnutricion global,nutricion normal (n),2006-04-01,36,43,31,31,67,74,141
20702,PELECHUCO,desnutricion global,nutricion normal (n),2006-04-01,20,18,19,18,39,36,75
50403,POCOATA,desnutricion global,nutricion normal (n),2006-04-01,114,134,112,103,226,237,463
31203,POCONA,desnutricion global,nutricion normal (n),2006-04-01,67,48,61,56,128,104,232
31202,POJO (CBBA),desnutricion global,nutricion normal (n),2006-04-01,75,63,63,51,138,114,252
40601,POOPO,desnutricion global,nutricion normal (n),2006-04-01,47,58,42,44,89,102,191
51203,PORCO,desnutricion global,nutricion normal (n),2006-04-01,26,36,16,16,42,52,94
10103,POROMA,desnutricion global,nutricion normal (n),2006-04-01,111,94,110,96,221,190,411
70103,PORONGO,desnutricion global,nutricion normal (n),2006-04-01,48,20,17,24,65,44,109
70601,PORTACHUELO,desnutricion global,nutricion normal (n),2006-04-01,100,107,135,118,235,225,460
90102,PORVENIR,desnutricion global,nutricion normal (n),2006-04-01,34,38,17,16,51,54,105
70804,POSTRER VALLE,desnutricion global,nutricion normal (n),2006-04-01,15,13,7,16,22,29,51
50101,POTOSI,desnutricion global,nutricion normal (n),2006-04-01,800,688,362,297,1162,985,2147
10302,PRESTO,desnutricion global,nutricion normal (n),2006-04-01,73,61,105,89,178,150,328
70805,PUCARA,desnutricion global,nutricion normal (n),2006-04-01,19,13,17,23,36,36,72
21201,PUCARANI,desnutricion global,nutricion normal (n),2006-04-01,132,133,96,95,228,228,456
20401,PUERTO ACOSTA,desnutricion global,nutricion normal (n),2006-04-01,84,87,67,79,151,166,317
20403,PUERTO CARABUCO,desnutricion global,nutricion normal (n),2006-04-01,67,54,35,32,102,86,188
90301,PUERTO GONZALO MORENO,desnutricion global,nutricion normal (n),2006-04-01,44,36,33,34,77,70,147
21204,PUERTO PEREZ,desnutricion global,nutricion normal (n),2006-04-01,49,52,50,56,99,108,207
71402,PUERTO QUIJARRO,desnutricion global,nutricion normal (n),2006-04-01,70,76,21,26,91,102,193
90201,PUERTO RICO,desnutricion global,nutricion normal (n),2006-04-01,47,36,29,37,76,73,149
80703,PUERTO SILES,desnutricion global,nutricion normal (n),2006-04-01,14,27,28,42,42,69,111
71401,PUERTO SUAREZ,desnutricion global,nutricion normal (n),2006-04-01,69,62,18,24,87,86,173
31205,PUERTO VILLARROEL,desnutricion global,nutricion normal (n),2006-04-01,164,132,110,86,274,218,492
51101,PUNA,desnutricion global,nutricion normal (n),2006-04-01,208,109,127,99,335,208,543
31401,PUNATA,desnutricion global,nutricion normal (n),2006-04-01,177,229,63,73,240,302,542
20604,QUIABAYA,desnutricion global,nutricion normal (n),2006-04-01,14,21,16,13,30,34,64
30901,QUILLACOLLO,desnutricion global,nutricion normal (n),2006-04-01,635,591,209,201,844,792,1636
21002,QUIME,desnutricion global,nutricion normal (n),2006-04-01,76,86,54,52,130,138,268
70904,QUIRUSILLAS,desnutricion global,nutricion normal (n),2006-04-01,5,8,6,8,11,16,27
50402,RAVELO,desnutricion global,nutricion normal (n),2006-04-01,169,197,168,135,337,332,669
80301,REYES,desnutricion global,nutricion normal (n),2006-04-01,88,110,71,80,159,190,349
80201,RIBERALTA,desnutricion global,nutricion normal (n),2006-04-01,794,656,250,240,1044,896,1940
70503,ROBORE,desnutricion global,nutricion normal (n),2006-04-01,83,122,84,82,167,204,371
80304,RURRENABAQUE,desnutricion global,nutricion normal (n),2006-04-01,95,75,57,54,152,129,281
40901,SABAYA,desnutricion global,nutricion normal (n),2006-04-01,16,16,17,15,33,31,64
31001,SACABA,desnutricion global,nutricion normal (n),2006-04-01,563,441,181,114,744,555,1299
30404,SACABAMBA,desnutricion global,nutricion normal (n),2006-04-01,18,14,17,10,35,24,59
50701,SACACA,desnutricion global,nutricion normal (n),2006-04-01,182,131,203,171,385,302,687
71302,SAIPINA,desnutricion global,nutricion normal (n),2006-04-01,21,36,35,25,56,61,117
40801,SALINAS DE GARCI MENDOZA,desnutricion global,nutricion normal (n),2006-04-01,50,33,39,57,89,90,179
70901,SAMAIPATA,desnutricion global,nutricion normal (n),2006-04-01,63,57,70,59,133,116,249
51601,SAN AGUSTIN,desnutricion global,nutricion normal (n),2006-04-01,9,12,5,5,14,17,31
80602,SAN ANDRES,desnutricion global,nutricion normal (n),2006-04-01,63,69,77,57,140,126,266
20805,SAN ANDRES DE MACHACA,desnutricion global,nutricion normal (n),2006-04-01,26,14,14,11,40,25,65
51003,SAN ANTONIO DE ESMORUCO,desnutricion global,nutricion normal (n),2006-04-01,5,1,5,1,10,2,12
71105,SAN ANTONIO DE LOMERIO,desnutricion global,nutricion normal (n),2006-04-01,78,73,75,63,153,136,289
31403,SAN BENITO,desnutricion global,nutricion normal (n),2006-04-01,66,59,53,36,119,95,214
80302,SAN BORJA,desnutricion global,nutricion normal (n),2006-04-01,300,289,111,103,411,392,803
21502,SAN BUENA VENTURA,desnutricion global,nutricion normal (n),2006-04-01,47,64,35,41,82,105,187
70402,SAN CARLOS,desnutricion global,nutricion normal (n),2006-04-01,169,135,68,79,237,214,451
80501,SAN IGNACIO,desnutricion global,nutricion normal (n),2006-04-01,146,120,89,81,235,201,436
70301,SAN IGNACIO DE VELASCO,desnutricion global,nutricion normal (n),2006-04-01,376,335,260,218,636,553,1189
80102,SAN JAVIER(BNI),desnutricion global,nutricion normal (n),2006-04-01,24,16,42,24,66,40,106
71102,SAN JAVIER(STC),desnutricion global,nutricion normal (n),2006-04-01,24,17,2,5,26,22,48
80701,SAN JOAQUIN,desnutricion global,nutricion normal (n),2006-04-01,18,12,10,16,28,28,56
70501,SAN JOSE DE CHIQUITOS,desnutricion global,nutricion normal (n),2006-04-01,55,49,47,38,102,87,189
70404,SAN JUAN DE YAPACANI,desnutricion global,nutricion normal (n),2006-04-01,80,88,47,48,127,136,263
71104,SAN JULIAN,desnutricion global,nutricion normal (n),2006-04-01,152,146,165,184,317,330,647
90302,SAN LORENZO(PND),desnutricion global,nutricion normal (n),2006-04-01,52,44,51,48,103,92,195
60501,SAN LORENZO(TJA),desnutricion global,nutricion normal (n),2006-04-01,110,88,85,103,195,191,386
10702,SAN LUCAS,desnutricion global,nutricion normal (n),2006-04-01,337,338,348,373,685,711,1396
71201,SAN MATIAS,desnutricion global,nutricion normal (n),2006-04-01,62,58,41,35,103,93,196
70302,SAN MIGUEL DE VELASCO,desnutricion global,nutricion normal (n),2006-04-01,63,46,30,22,93,68,161
51001,SAN PABLO DE LIPEZ,desnutricion global,nutricion normal (n),2006-04-01,16,19,13,10,29,29,58
71005,SAN PEDRO,desnutricion global,nutricion normal (n),2006-04-01,116,85,64,53,180,138,318
50501,SAN PEDRO DE BUENA VISTA,desnutricion global,nutricion normal (n),2006-04-01,114,100,132,113,246,213,459
21801,SAN PEDRO DE CURAHUARA,desnutricion global,nutricion normal (n),2006-04-01,44,41,32,40,76,81,157
50902,SAN PEDRO DE QUEMES,desnutricion global,nutricion normal (n),2006-04-01,5,7,6,10,11,17,28
21702,SAN PEDRO DE TIQUINA,desnutricion global,nutricion normal (n),2006-04-01,21,14,20,17,41,31,72
90202,SAN PEDRO(PND),desnutricion global,nutricion normal (n),2006-04-01,12,15,28,12,40,27,67
70303,SAN RAFAEL,desnutricion global,nutricion normal (n),2006-04-01,42,44,44,44,86,88,174
80702,SAN RAMON,desnutricion global,nutricion normal (n),2006-04-01,22,25,15,13,37,38,75
80401,SANTA ANA,desnutricion global,nutricion normal (n),2006-04-01,82,81,43,46,125,127,252
70101,SANTA CRUZ DE LA SIERRA,desnutricion global,nutricion normal (n),2006-04-01,4733,4428,2421,2272,7154,6700,13854
80303,SANTA ROSA,desnutricion global,nutricion normal (n),2006-04-01,22,19,9,9,31,28,59
70602,SANTA ROSA DEL SARA,desnutricion global,nutricion normal (n),2006-04-01,103,101,68,55,171,156,327
20308,SANTIAGO DE CALLAPA,desnutricion global,nutricion normal (n),2006-04-01,16,23,10,13,26,36,62
41401,SANTIAGO DE HUARI,desnutricion global,nutricion normal (n),2006-04-01,49,47,56,59,105,106,211
21901,SANTIAGO DE MACHACA,desnutricion global,nutricion normal (n),2006-04-01,24,14,6,6,30,20,50
30702,SANTIVAÑES,desnutricion global,nutricion normal (n),2006-04-01,40,38,46,45,86,83,169
40202,SANTUARIO DE QUILLACAS,desnutricion global,nutricion normal (n),2006-04-01,8,11,7,9,15,20,35
20902,SAPAHAQUI,desnutricion global,nutricion normal (n),2006-04-01,53,38,47,48,100,86,186
90303,SENA,desnutricion global,nutricion normal (n),2006-04-01,27,24,18,21,45,45,90
21301,SICA SICA (VILLA AROMA),desnutricion global,nutricion normal (n),2006-04-01,88,79,34,45,122,124,246
30703,SICAYA,desnutricion global,nutricion normal (n),2006-04-01,19,15,5,6,24,21,45
30902,SIPE SIPE,desnutricion global,nutricion normal (n),2006-04-01,241,240,158,143,399,383,782
10403,SOPACHUY,desnutricion global,nutricion normal (n),2006-04-01,56,56,50,51,106,107,213
40104,SORACACHI,desnutricion global,nutricion normal (n),2006-04-01,33,41,44,32,77,73,150
20601,SORATA,desnutricion global,nutricion normal (n),2006-04-01,97,96,59,58,156,154,310
10101,SUCRE,desnutricion global,nutricion normal (n),2006-04-01,1176,1171,882,849,2058,2020,4078
31404,TACACHI,desnutricion global,nutricion normal (n),2006-04-01,4,5,0,2,4,7,11
20603,TACACOMA,desnutricion global,nutricion normal (n),2006-04-01,30,31,31,32,61,63,124
50303,TACOBAMBA,desnutricion global,nutricion normal (n),2006-04-01,80,74,38,43,118,117,235
30602,TACOPAYA,desnutricion global,nutricion normal (n),2006-04-01,75,76,79,81,154,157,311
51402,TAHUA,desnutricion global,nutricion normal (n),2006-04-01,10,7,8,6,18,13,31
31101,TAPACARI,desnutricion global,nutricion normal (n),2006-04-01,123,108,67,48,190,156,346
10601,TARABUCO,desnutricion global,nutricion normal (n),2006-04-01,219,200,276,227,495,427,922
20807,TARACO,desnutricion global,nutricion normal (n),2006-04-01,41,31,41,45,82,76,158
30401,TARATA,desnutricion global,nutricion normal (n),2006-04-01,53,39,29,18,82,57,139
60101,TARIJA,desnutricion global,nutricion normal (n),2006-04-01,878,848,501,523,1379,1371,2750
10202,TARVITA,desnutricion global,nutricion normal (n),2006-04-01,106,115,84,95,190,210,400
20608,TEOPONTE,desnutricion global,nutricion normal (n),2006-04-01,50,50,45,37,95,87,182
20803,TIAWANACU,desnutricion global,nutricion normal (n),2006-04-01,72,53,25,31,97,84,181
50102,TINGUIPAYA,desnutricion global,nutricion normal (n),2006-04-01,109,59,77,32,186,91,277
20606,TIPUANI,desnutricion global,nutricion normal (n),2006-04-01,68,57,30,30,98,87,185
30903,TIQUIPAYA,desnutricion global,nutricion normal (n),2006-04-01,225,189,108,100,333,289,622
31601,TIRAQUE (CBBA),desnutricion global,nutricion normal (n),2006-04-01,247,181,116,112,363,293,656
21703,TITO YUPANQUI (PARQUIPUJIO),desnutricion global,nutricion normal (n),2006-04-01,7,9,9,4,16,13,29
30802,TOCO,desnutricion global,nutricion normal (n),2006-04-01,16,8,13,10,29,18,47
30803,TOLATA,desnutricion global,nutricion normal (n),2006-04-01,32,40,24,12,56,52,108
41001,TOLEDO,desnutricion global,nutricion normal (n),2006-04-01,33,22,25,26,58,48,106
51202,TOMAVE,desnutricion global,nutricion normal (n),2006-04-01,76,22,47,17,123,39,162
10402,TOMINA,desnutricion global,nutricion normal (n),2006-04-01,108,97,96,107,204,204,408
50502,TORO TORO,desnutricion global,nutricion normal (n),2006-04-01,81,88,80,75,161,163,324
31201,TOTORA(CBBA),desnutricion global,nutricion normal (n),2006-04-01,99,69,61,52,160,121,281
41301,TOTORA(ORR),desnutricion global,nutricion normal (n),2006-04-01,9,8,2,4,11,12,23
70802,TRIGAL,desnutricion global,nutricion normal (n),2006-04-01,12,12,15,19,27,31,58
80101,TRINIDAD,desnutricion global,nutricion normal (n),2006-04-01,624,402,346,245,970,647,1617
50801,TUPIZA,desnutricion global,nutricion normal (n),2006-04-01,222,198,241,220,463,418,881
40402,TURCO,desnutricion global,nutricion normal (n),2006-04-01,12,12,12,14,24,26,50
21302,UMALA,desnutricion global,nutricion normal (n),2006-04-01,25,16,27,24,52,40,92
50201,UNCIA,desnutricion global,nutricion normal (n),2006-04-01,90,64,45,46,135,110,245
60401,URIONDO (A. CONCEPCION),desnutricion global,nutricion normal (n),2006-04-01,117,95,115,104,232,199,431
71502,URUBICHA,desnutricion global,nutricion normal (n),2006-04-01,82,87,142,136,224,223,447
51201,UYUNI,desnutricion global,nutricion normal (n),2006-04-01,202,167,101,124,303,291,594
30502,VACAS,desnutricion global,nutricion normal (n),2006-04-01,84,46,32,26,116,72,188
70801,VALLEGRANDE,desnutricion global,nutricion normal (n),2006-04-01,95,90,77,65,172,155,327
20801,VIACHA,desnutricion global,nutricion normal (n),2006-04-01,195,196,127,97,322,293,615
31302,VILA VILA,desnutricion global,nutricion normal (n),2006-04-01,17,14,20,19,37,33,70
60303,VILLA MONTES,desnutricion global,nutricion normal (n),2006-04-01,133,130,86,99,219,229,448
90502,VILLA NUEVA (LOMA ALTA),desnutricion global,nutricion normal (n),2006-04-01,5,3,2,3,7,6,13
31402,VILLA RIVERO,desnutricion global,nutricion normal (n),2006-04-01,25,34,18,12,43,46,89
10801,VILLA SERRANO,desnutricion global,nutricion normal (n),2006-04-01,131,119,169,151,300,270,570
31003,VILLA TUNARI,desnutricion global,nutricion normal (n),2006-04-01,433,371,293,235,726,606,1332
11001,VILLA VACA GUZMAN (MUYUPAMPA),desnutricion global,nutricion normal (n),2006-04-01,110,101,130,146,240,247,487
51501,VILLAZON,desnutricion global,nutricion normal (n),2006-04-01,211,222,153,158,364,380,744
30904,VINTO,desnutricion global,nutricion normal (n),2006-04-01,99,79,24,32,123,111,234
50602,VITICHI,desnutricion global,nutricion normal (n),2006-04-01,49,114,80,58,129,172,301
20306,WALDO BALLIVIAN,desnutricion global,nutricion normal (n),2006-04-01,16,6,9,7,25,13,38
70201,WARNES,desnutricion global,nutricion normal (n),2006-04-01,352,315,221,234,573,549,1122
20903,YACO,desnutricion global,nutricion normal (n),2006-04-01,49,40,32,23,81,63,144
60301,YACUIBA,desnutricion global,nutricion normal (n),2006-04-01,240,228,177,133,417,361,778
10602,YAMPARAEZ,desnutricion global,nutricion normal (n),2006-04-01,86,101,133,112,219,213,432
21103,YANACACHI,desnutricion global,nutricion normal (n),2006-04-01,55,47,47,46,102,93,195
70403,YAPACANI,desnutricion global,nutricion normal (n),2006-04-01,415,332,206,187,621,519,1140
50103,YOCALLA,desnutricion global,nutricion normal (n),2006-04-01,21,17,33,29,54,46,100
10102,YOTALA,desnutricion global,nutricion normal (n),2006-04-01,75,77,115,124,190,201,391
60402,YUNCHARA,desnutricion global,nutricion normal (n),2006-04-01,54,43,60,57,114,100,214
10301,ZUDAÑEZ,desnutricion global,nutricion normal (n),2006-04-01,62,49,74,67,136,116,252
51302,ACACIO,desnutricion global,nutricion normal (n),2006-05-01,45,48,54,41,99,89,188
20201,ACHACACHI,desnutricion global,nutricion normal (n),2006-05-01,352,299,186,172,538,471,1009
20104,ACHOCALLA,desnutricion global,nutricion normal (n),2006-05-01,76,55,35,21,111,76,187
30201,AIQUILE,desnutricion global,nutricion normal (n),2006-05-01,32,31,15,12,47,43,90
31303,ALALAY,desnutricion global,nutricion normal (n),2006-05-01,7,2,7,6,14,8,22
10404,ALCALA,desnutricion global,nutricion normal (n),2006-05-01,37,41,46,39,83,80,163
20202,ANCORAIMES,desnutricion global,nutricion normal (n),2006-05-01,47,38,24,25,71,63,134
41201,ANDAMARCA,desnutricion global,nutricion normal (n),2006-05-01,13,11,19,21,32,32,64
40603,ANTEQUERA,desnutricion global,nutricion normal (n),2006-05-01,21,24,16,16,37,40,77
30402,ANZALDO,desnutricion global,nutricion normal (n),2006-05-01,9,17,28,49,37,66,103
20701,APOLO,desnutricion global,nutricion normal (n),2006-05-01,131,144,123,124,254,268,522
51301,ARAMPAMPA,desnutricion global,nutricion normal (n),2006-05-01,80,48,60,58,140,106,246
30501,ARANI,desnutricion global,nutricion normal (n),2006-05-01,30,38,25,36,55,74,129
30403,ARBIETO,desnutricion global,nutricion normal (n),2006-05-01,27,18,17,16,44,34,78
30601,ARQUE,desnutricion global,nutricion normal (n),2006-05-01,74,40,40,17,114,57,171
50802,ATOCHA,desnutricion global,nutricion normal (n),2006-05-01,118,89,85,85,203,174,377
20503,AUCAPATA,desnutricion global,nutricion normal (n),2006-05-01,33,34,25,27,58,61,119
20502,AYATA,desnutricion global,nutricion normal (n),2006-05-01,153,141,116,84,269,225,494
21303,AYO AYO,desnutricion global,nutricion normal (n),2006-05-01,32,39,16,12,48,51,99
30301,AYOPAYA (V. DE INDEPENDENCIA),desnutricion global,nutricion normal (n),2006-05-01,242,196,147,138,389,334,723
10201,AZURDUY,desnutricion global,nutricion normal (n),2006-05-01,237,180,254,198,491,378,869
21203,BATALLAS,desnutricion global,nutricion normal (n),2006-05-01,107,109,56,45,163,154,317
80802,BAURES,desnutricion global,nutricion normal (n),2006-05-01,35,60,35,34,70,94,164
41202,BELEN DE ANDAMARCA,desnutricion global,nutricion normal (n),2006-05-01,4,7,2,4,6,11,17
50104,BELEN DE URMIRI,desnutricion global,nutricion normal (n),2006-05-01,19,16,5,12,24,28,52
90104,BELLA FLOR,desnutricion global,nutricion normal (n),2006-05-01,33,48,40,47,73,95,168
60202,BERMEJO,desnutricion global,nutricion normal (n),2006-05-01,55,57,65,91,120,148,268
50301,BETANZOS,desnutricion global,nutricion normal (n),2006-05-01,193,190,226,204,419,394,813
31501,BOLIVAR,desnutricion global,nutricion normal (n),2006-05-01,64,61,64,48,128,109,237
90103,BOLPEBRA,desnutricion global,nutricion normal (n),2006-05-01,15,13,14,19,29,32,61
70707,BOYUIBE,desnutricion global,nutricion normal (n),2006-05-01,11,14,22,16,33,30,63
70401,BUENA VISTA,desnutricion global,nutricion normal (n),2006-05-01,178,145,127,127,305,272,577
70703,CABEZAS,desnutricion global,nutricion normal (n),2006-05-01,112,111,86,62,198,173,371
20905,CAIROMA,desnutricion global,nutricion normal (n),2006-05-01,74,75,58,64,132,139,271
51102,"CAIZA ""D""",desnutricion global,nutricion normal (n),2006-05-01,74,64,67,83,141,147,288
21003,CAJUATA,desnutricion global,nutricion normal (n),2006-05-01,79,61,64,47,143,108,251
20303,CALACOTO,desnutricion global,nutricion normal (n),2006-05-01,53,52,34,32,87,84,171
21304,CALAMARCA,desnutricion global,nutricion normal (n),2006-05-01,98,104,60,60,158,164,322
10701,CAMARGO,desnutricion global,nutricion normal (n),2006-05-01,145,179,127,135,272,314,586
10901,CAMATAQUI (C. VILLA ABECIA),desnutricion global,nutricion normal (n),2006-05-01,24,18,35,23,59,41,100
70706,CAMIRI,desnutricion global,nutricion normal (n),2006-05-01,296,264,242,211,538,475,1013
30701,CAPINOTA,desnutricion global,nutricion normal (n),2006-05-01,60,50,32,34,92,84,176
20302,CAQUIAVIRI,desnutricion global,nutricion normal (n),2006-05-01,67,77,44,42,111,119,230
40102,CARACOLLO,desnutricion global,nutricion normal (n),2006-05-01,35,27,19,11,54,38,92
22001,CARANAVI,desnutricion global,nutricion normal (n),2006-05-01,435,416,292,283,727,699,1426
41503,CARANGAS,desnutricion global,nutricion normal (n),2006-05-01,0,6,0,1,0,7,7
60302,CARAPARI,desnutricion global,nutricion normal (n),2006-05-01,113,89,99,101,212,190,402
50702,CARIPUYO,desnutricion global,nutricion normal (n),2006-05-01,117,110,115,112,232,222,454
71403,CARMEN RIVERO TORREZ,desnutricion global,nutricion normal (n),2006-05-01,28,27,17,14,45,41,86
21902,CATACORA,desnutricion global,nutricion normal (n),2006-05-01,10,5,7,4,17,9,26
21803,CHACARILLA,desnutricion global,nutricion normal (n),2006-05-01,9,11,7,11,16,22,38
40201,CHALLAPATA,desnutricion global,nutricion normal (n),2006-05-01,142,133,113,88,255,221,476
50302,CHAQUI,desnutricion global,nutricion normal (n),2006-05-01,42,46,36,41,78,87,165
70702,CHARAGUA,desnutricion global,nutricion normal (n),2006-05-01,126,121,108,102,234,223,457
20305,CHARAÑA,desnutricion global,nutricion normal (n),2006-05-01,17,14,20,16,37,30,67
50202,CHAYANTA,desnutricion global,nutricion normal (n),2006-05-01,126,84,72,87,198,171,369
31204,CHIMORE,desnutricion global,nutricion normal (n),2006-05-01,35,26,59,34,94,60,154
40903,CHIPAYA,desnutricion global,nutricion normal (n),2006-05-01,9,20,13,14,22,34,56
40302,CHOQUE COTA,desnutricion global,nutricion normal (n),2006-05-01,11,9,8,9,19,18,37
21101,CHULUMANI (V. DE LA LIBERTAD),desnutricion global,nutricion normal (n),2006-05-01,113,112,35,54,148,166,314
20501,CHUMA,desnutricion global,nutricion normal (n),2006-05-01,70,82,68,63,138,145,283
30801,CLIZA,desnutricion global,nutricion normal (n),2006-05-01,122,110,51,67,173,177,350
90101,COBIJA,desnutricion global,nutricion normal (n),2006-05-01,221,231,134,146,355,377,732
30101,COCHABAMBA,desnutricion global,nutricion normal (n),2006-05-01,2138,1881,1006,1025,3144,2906,6050
40902,COIPASA,desnutricion global,nutricion normal (n),2006-05-01,2,1,1,3,3,4,7
30905,COLCAPIRHUA,desnutricion global,nutricion normal (n),2006-05-01,275,293,187,143,462,436,898
50901,"COLCHA ""K""",desnutricion global,nutricion normal (n),2006-05-01,105,92,75,97,180,189,369
21307,COLLANA,desnutricion global,nutricion normal (n),2006-05-01,8,2,4,2,12,4,16
31002,COLOMI,desnutricion global,nutricion normal (n),2006-05-01,135,116,72,77,207,193,400
70603,COLPA BELGICA,desnutricion global,nutricion normal (n),2006-05-01,32,37,27,30,59,67,126
50401,COLQUECHACA,desnutricion global,nutricion normal (n),2006-05-01,102,123,84,81,186,204,390
21306,COLQUENCHA,desnutricion global,nutricion normal (n),2006-05-01,38,54,24,20,62,74,136
21004,COLQUIRI,desnutricion global,nutricion normal (n),2006-05-01,105,94,57,63,162,157,319
20304,COMANCHE,desnutricion global,nutricion normal (n),2006-05-01,28,30,20,14,48,44,92
71301,COMARAPA,desnutricion global,nutricion normal (n),2006-05-01,107,103,78,83,185,186,371
20605,COMBAYA,desnutricion global,nutricion normal (n),2006-05-01,9,11,11,8,20,19,39
71101,CONCEPCION,desnutricion global,nutricion normal (n),2006-05-01,75,53,26,36,101,89,190
21701,COPACABANA,desnutricion global,nutricion normal (n),2006-05-01,80,94,87,70,167,164,331
21402,CORIPATA,desnutricion global,nutricion normal (n),2006-05-01,155,174,123,119,278,293,571
20301,CORO CORO,desnutricion global,nutricion normal (n),2006-05-01,56,67,47,50,103,117,220
21401,COROICO,desnutricion global,nutricion normal (n),2006-05-01,83,90,80,77,163,167,330
40301,CORQUE,desnutricion global,nutricion normal (n),2006-05-01,18,21,17,23,35,44,79
50601,COTAGAITA,desnutricion global,nutricion normal (n),2006-05-01,197,196,147,121,344,317,661
70102,COTOCA,desnutricion global,nutricion normal (n),2006-05-01,223,190,67,56,290,246,536
71106,CUATRO CAÑADAS,desnutricion global,nutricion normal (n),2006-05-01,45,34,42,21,87,55,142
31405,CUCHUMUELA (V. G. VILLARROEL),desnutricion global,nutricion normal (n),2006-05-01,9,3,3,2,12,5,17
70704,CUEVO,desnutricion global,nutricion normal (n),2006-05-01,27,35,32,35,59,70,129
10902,CULPINA,desnutricion global,nutricion normal (n),2006-05-01,217,195,221,192,438,387,825
40401,CURAHUARA DE CARANGAS,desnutricion global,nutricion normal (n),2006-05-01,24,23,13,10,37,33,70
21602,CURVA,desnutricion global,nutricion normal (n),2006-05-01,15,11,26,16,41,27,68
20804,DESAGUADERO,desnutricion global,nutricion normal (n),2006-05-01,22,21,21,15,43,36,79
20105,EL ALTO,desnutricion global,nutricion normal (n),2006-05-01,4033,3637,2244,2052,6277,5689,11966
40103,EL CHORO,desnutricion global,nutricion normal (n),2006-05-01,17,7,7,9,24,16,40
71503,EL PUENTE(STC),desnutricion global,nutricion normal (n),2006-05-01,105,118,84,73,189,191,380
60502,EL PUENTE(TJA),desnutricion global,nutricion normal (n),2006-05-01,36,44,70,83,106,127,233
70105,EL TORNO,desnutricion global,nutricion normal (n),2006-05-01,202,186,75,90,277,276,553
10405,EL VILLAR,desnutricion global,nutricion normal (n),2006-05-01,89,74,95,64,184,138,322
60601,ENTRE RIOS,desnutricion global,nutricion normal (n),2006-05-01,181,139,156,128,337,267,604
60601,ENTRE RIOS,desnutricion global,nutricion normal (n),2006-05-01,135,138,101,84,236,222,458
40502,ESCARA,desnutricion global,nutricion normal (n),2006-05-01,0,1,2,0,2,1,3
41101,EUCALIPTUS,desnutricion global,nutricion normal (n),2006-05-01,37,26,37,39,74,65,139
90503,EUREKA (SANTOS MERCADO),desnutricion global,nutricion normal (n),2006-05-01,14,27,16,22,30,49,79
80402,EXALTACION,desnutricion global,nutricion normal (n),2006-05-01,35,32,60,57,95,89,184
71004,FERNANDEZ ALONSO,desnutricion global,nutricion normal (n),2006-05-01,143,137,137,124,280,261,541
90203,FILADELFIA,desnutricion global,nutricion normal (n),2006-05-01,41,52,47,48,88,100,188
71002,GENERAL SAAVEDRA,desnutricion global,nutricion normal (n),2006-05-01,67,46,68,51,135,97,232
21601,GRAL. J.J. PEREZ (CHARAZANI),desnutricion global,nutricion normal (n),2006-05-01,91,77,88,77,179,154,333
20602,GUANAY,desnutricion global,nutricion normal (n),2006-05-01,108,82,86,73,194,155,349
20802,GUAQUI,desnutricion global,nutricion normal (n),2006-05-01,31,24,21,12,52,36,88
80202,GUAYARAMERIN,desnutricion global,nutricion normal (n),2006-05-01,301,266,161,152,462,418,880
70705,GUTIERREZ,desnutricion global,nutricion normal (n),2006-05-01,66,72,95,87,161,159,320
10502,HUACARETA,desnutricion global,nutricion normal (n),2006-05-01,104,101,134,109,238,210,448
11002,HUACAYA (VILLA DE HUACAYA),desnutricion global,nutricion normal (n),2006-05-01,32,38,36,29,68,67,135
40501,HUACHACALLA,desnutricion global,nutricion normal (n),2006-05-01,6,7,4,6,10,13,23
40701,HUANUNI,desnutricion global,nutricion normal (n),2006-05-01,147,165,119,111,266,276,542
80803,HUARACAJE,desnutricion global,nutricion normal (n),2006-05-01,24,22,23,23,47,45,92
41601,HUAYLLAMARCA,desnutricion global,nutricion normal (n),2006-05-01,23,27,23,18,46,45,91
21005,ICHOCA,desnutricion global,nutricion normal (n),2006-05-01,33,43,34,27,67,70,137
10304,ICLA,desnutricion global,nutricion normal (n),2006-05-01,103,149,197,170,300,319,619
10703,INCAHUASI,desnutricion global,nutricion normal (n),2006-05-01,209,222,172,163,381,385,766
90402,INGAVI (HUMAITA),desnutricion global,nutricion normal (n),2006-05-01,0,1,5,3,5,4,9
21001,INQUISIVI,desnutricion global,nutricion normal (n),2006-05-01,107,124,103,113,210,237,447
21102,IRUPANA (VILLA DE LANZA),desnutricion global,nutricion normal (n),2006-05-01,133,117,119,118,252,235,487
21501,IXIAMAS,desnutricion global,nutricion normal (n),2006-05-01,91,101,77,58,168,159,327
20806,JESUS DE MACHACA,desnutricion global,nutricion normal (n),2006-05-01,81,83,37,34,118,117,235
21105,LA ASUNTA,desnutricion global,nutricion normal (n),2006-05-01,155,142,74,65,229,207,436
70104,LA GUARDIA,desnutricion global,nutricion normal (n),2006-05-01,348,335,143,182,491,517,1008
20101,LA PAZ,desnutricion global,nutricion normal (n),2006-05-01,3647,3409,2133,2239,5780,5648,11428
41501,LA RIVERA,desnutricion global,nutricion normal (n),2006-05-01,0,3,3,3,3,6,9
70701,LAGUNILLAS,desnutricion global,nutricion normal (n),2006-05-01,73,83,84,78,157,161,318
21202,LAJA,desnutricion global,nutricion normal (n),2006-05-01,129,129,83,59,212,188,400
10903,LAS CARRERAS,desnutricion global,nutricion normal (n),2006-05-01,53,51,37,45,90,96,186
21006,LICOMA PAMPA,desnutricion global,nutricion normal (n),2006-05-01,19,7,15,10,34,17,51
50203,LLALLAGUA,desnutricion global,nutricion normal (n),2006-05-01,302,232,324,323,626,555,1181
51401,LLICA,desnutricion global,nutricion normal (n),2006-05-01,49,47,37,52,86,99,185
80601,LORETO,desnutricion global,nutricion normal (n),2006-05-01,38,42,25,32,63,74,137
20901,LURIBAY,desnutricion global,nutricion normal (n),2006-05-01,129,118,105,127,234,245,479
40702,MACHACAMARCA,desnutricion global,nutricion normal (n),2006-05-01,14,19,9,5,23,24,47
11003,MACHARETI,desnutricion global,nutricion normal (n),2006-05-01,92,73,106,160,198,233,431
80801,MAGDALENA,desnutricion global,nutricion normal (n),2006-05-01,76,64,40,52,116,116,232
70903,MAIRANA,desnutricion global,nutricion normal (n),2006-05-01,58,50,38,25,96,75,171
20904,MALLA,desnutricion global,nutricion normal (n),2006-05-01,15,12,21,18,36,30,66
20607,MAPIRI,desnutricion global,nutricion normal (n),2006-05-01,132,170,105,89,237,259,496
20103,MECAPACA,desnutricion global,nutricion normal (n),2006-05-01,84,60,36,41,120,101,221
71003,MINEROS,desnutricion global,nutricion normal (n),2006-05-01,143,155,119,85,262,240,502
31301,MIZQUE,desnutricion global,nutricion normal (n),2006-05-01,117,124,61,60,178,184,362
20402,MOCOMOCO,desnutricion global,nutricion normal (n),2006-05-01,121,119,77,88,198,207,405
51002,MOJINETE,desnutricion global,nutricion normal (n),2006-05-01,6,11,11,7,17,18,35
10303,MOJOCOYA,desnutricion global,nutricion normal (n),2006-05-01,77,61,92,82,169,143,312
10501,MONTEAGUDO,desnutricion global,nutricion normal (n),2006-05-01,253,246,362,309,615,555,1170
71001,MONTERO,desnutricion global,nutricion normal (n),2006-05-01,1065,937,604,623,1669,1560,3229
70803,MORO MORO,desnutricion global,nutricion normal (n),2006-05-01,21,24,21,23,42,47,89
30302,MOROCHATA,desnutricion global,nutricion normal (n),2006-05-01,136,118,79,92,215,210,425
90401,NACEBE (SANTA ROSA DEL ABUNA),desnutricion global,nutricion normal (n),2006-05-01,8,14,15,15,23,29,52
20307,NAZACARA DE PACAJES,desnutricion global,nutricion normal (n),2006-05-01,5,3,11,3,16,6,22
90501,NUEVO MANOA (NUEVA ESPERANZA),desnutricion global,nutricion normal (n),2006-05-01,15,17,15,16,30,33,63
50404,OCURI,desnutricion global,nutricion normal (n),2006-05-01,122,154,96,79,218,233,451
70202,OKINAWA,desnutricion global,nutricion normal (n),2006-05-01,97,88,58,71,155,159,314
30203,OMEREQUE,desnutricion global,nutricion normal (n),2006-05-01,32,34,24,22,56,56,112
40101,ORURO,desnutricion global,nutricion normal (n),2006-05-01,1281,1216,765,719,2046,1935,3981
60201,PADCAYA,desnutricion global,nutricion normal (n),2006-05-01,128,120,138,164,266,284,550
10401,PADILLA,desnutricion global,nutricion normal (n),2006-05-01,135,137,233,189,368,326,694
70502,PAILON,desnutricion global,nutricion normal (n),2006-05-01,23,213,138,18,161,231,392
20102,PALCA,desnutricion global,nutricion normal (n),2006-05-01,73,81,34,29,107,110,217
21104,PALOS BLANCOS,desnutricion global,nutricion normal (n),2006-05-01,220,168,177,140,397,308,705
40802,PAMPA AULLAGAS,desnutricion global,nutricion normal (n),2006-05-01,15,13,15,19,30,32,62
70902,PAMPA GRANDE,desnutricion global,nutricion normal (n),2006-05-01,51,67,38,44,89,111,200
21802,PAPEL PAMPA,desnutricion global,nutricion normal (n),2006-05-01,32,30,25,26,57,56,113
30202,PASORAPA,desnutricion global,nutricion normal (n),2006-05-01,36,33,51,46,87,79,166
21305,PATACAMAYA,desnutricion global,nutricion normal (n),2006-05-01,207,224,103,105,310,329,639
40602,PAZÑA,desnutricion global,nutricion normal (n),2006-05-01,32,33,22,33,54,66,120
20702,PELECHUCO,desnutricion global,nutricion normal (n),2006-05-01,46,37,28,31,74,68,142
50403,POCOATA,desnutricion global,nutricion normal (n),2006-05-01,152,146,134,120,286,266,552
31203,POCONA,desnutricion global,nutricion normal (n),2006-05-01,64,54,40,46,104,100,204
31202,POJO (CBBA),desnutricion global,nutricion normal (n),2006-05-01,85,93,71,66,156,159,315
40601,POOPO,desnutricion global,nutricion normal (n),2006-05-01,32,39,24,20,56,59,115
51203,PORCO,desnutricion global,nutricion normal (n),2006-05-01,60,60,56,44,116,104,220
10103,POROMA,desnutricion global,nutricion normal (n),2006-05-01,189,182,165,137,354,319,673
70103,PORONGO,desnutricion global,nutricion normal (n),2006-05-01,38,22,17,21,55,43,98
70601,PORTACHUELO,desnutricion global,nutricion normal (n),2006-05-01,202,193,139,116,341,309,650
90102,PORVENIR,desnutricion global,nutricion normal (n),2006-05-01,36,33,15,23,51,56,107
70804,POSTRER VALLE,desnutricion global,nutricion normal (n),2006-05-01,11,21,26,30,37,51,88
50101,POTOSI,desnutricion global,nutricion normal (n),2006-05-01,907,691,421,415,1328,1106,2434
10302,PRESTO,desnutricion global,nutricion normal (n),2006-05-01,92,78,107,90,199,168,367
70805,PUCARA,desnutricion global,nutricion normal (n),2006-05-01,7,9,2,1,9,10,19
21201,PUCARANI,desnutricion global,nutricion normal (n),2006-05-01,173,155,84,72,257,227,484
20401,PUERTO ACOSTA,desnutricion global,nutricion normal (n),2006-05-01,158,123,111,109,269,232,501
20403,PUERTO CARABUCO,desnutricion global,nutricion normal (n),2006-05-01,105,98,84,80,189,178,367
90301,PUERTO GONZALO MORENO,desnutricion global,nutricion normal (n),2006-05-01,41,34,18,15,59,49,108
21204,PUERTO PEREZ,desnutricion global,nutricion normal (n),2006-05-01,61,55,63,48,124,103,227
71402,PUERTO QUIJARRO,desnutricion global,nutricion normal (n),2006-05-01,71,70,20,15,91,85,176
90201,PUERTO RICO,desnutricion global,nutricion normal (n),2006-05-01,59,46,33,33,92,79,171
80703,PUERTO SILES,desnutricion global,nutricion normal (n),2006-05-01,8,10,4,8,12,18,30
71401,PUERTO SUAREZ,desnutricion global,nutricion normal (n),2006-05-01,101,88,32,36,133,124,257
31205,PUERTO VILLARROEL,desnutricion global,nutricion normal (n),2006-05-01,206,179,150,133,356,312,668
51101,PUNA,desnutricion global,nutricion normal (n),2006-05-01,262,150,228,154,490,304,794
31401,PUNATA,desnutricion global,nutricion normal (n),2006-05-01,281,251,55,74,336,325,661
20604,QUIABAYA,desnutricion global,nutricion normal (n),2006-05-01,10,6,19,8,29,14,43
30901,QUILLACOLLO,desnutricion global,nutricion normal (n),2006-05-01,608,602,283,296,891,898,1789
21002,QUIME,desnutricion global,nutricion normal (n),2006-05-01,91,92,72,79,163,171,334
70904,QUIRUSILLAS,desnutricion global,nutricion normal (n),2006-05-01,9,8,3,4,12,12,24
50402,RAVELO,desnutricion global,nutricion normal (n),2006-05-01,179,196,248,169,427,365,792
80301,REYES,desnutricion global,nutricion normal (n),2006-05-01,87,113,89,101,176,214,390
80201,RIBERALTA,desnutricion global,nutricion normal (n),2006-05-01,709,597,225,204,934,801,1735
70503,ROBORE,desnutricion global,nutricion normal (n),2006-05-01,90,89,75,62,165,151,316
80304,RURRENABAQUE,desnutricion global,nutricion normal (n),2006-05-01,94,96,28,23,122,119,241
40901,SABAYA,desnutricion global,nutricion normal (n),2006-05-01,17,14,14,11,31,25,56
31001,SACABA,desnutricion global,nutricion normal (n),2006-05-01,877,719,384,341,1261,1060,2321
30404,SACABAMBA,desnutricion global,nutricion normal (n),2006-05-01,19,9,10,8,29,17,46
50701,SACACA,desnutricion global,nutricion normal (n),2006-05-01,211,190,247,188,458,378,836
71302,SAIPINA,desnutricion global,nutricion normal (n),2006-05-01,20,29,46,55,66,84,150
40801,SALINAS DE GARCI MENDOZA,desnutricion global,nutricion normal (n),2006-05-01,61,61,90,65,151,126,277
70901,SAMAIPATA,desnutricion global,nutricion normal (n),2006-05-01,81,56,49,42,130,98,228
51601,SAN AGUSTIN,desnutricion global,nutricion normal (n),2006-05-01,13,21,35,33,48,54,102
80602,SAN ANDRES,desnutricion global,nutricion normal (n),2006-05-01,56,73,74,64,130,137,267
20805,SAN ANDRES DE MACHACA,desnutricion global,nutricion normal (n),2006-05-01,30,26,25,29,55,55,110
51003,SAN ANTONIO DE ESMORUCO,desnutricion global,nutricion normal (n),2006-05-01,23,39,5,4,28,43,71
71105,SAN ANTONIO DE LOMERIO,desnutricion global,nutricion normal (n),2006-05-01,68,73,54,59,122,132,254
31403,SAN BENITO,desnutricion global,nutricion normal (n),2006-05-01,114,95,45,39,159,134,293
80302,SAN BORJA,desnutricion global,nutricion normal (n),2006-05-01,398,334,158,149,556,483,1039
21502,SAN BUENA VENTURA,desnutricion global,nutricion normal (n),2006-05-01,61,61,39,42,100,103,203
70402,SAN CARLOS,desnutricion global,nutricion normal (n),2006-05-01,163,170,72,89,235,259,494
80501,SAN IGNACIO,desnutricion global,nutricion normal (n),2006-05-01,261,168,162,158,423,326,749
70301,SAN IGNACIO DE VELASCO,desnutricion global,nutricion normal (n),2006-05-01,440,378,322,278,762,656,1418
80102,SAN JAVIER(BNI),desnutricion global,nutricion normal (n),2006-05-01,18,16,20,16,38,32,70
71102,SAN JAVIER(STC),desnutricion global,nutricion normal (n),2006-05-01,14,16,0,0,14,16,30
80701,SAN JOAQUIN,desnutricion global,nutricion normal (n),2006-05-01,13,11,24,25,37,36,73
70501,SAN JOSE DE CHIQUITOS,desnutricion global,nutricion normal (n),2006-05-01,57,54,55,52,112,106,218
70404,SAN JUAN DE YAPACANI,desnutricion global,nutricion normal (n),2006-05-01,82,92,54,53,136,145,281
71104,SAN JULIAN,desnutricion global,nutricion normal (n),2006-05-01,103,88,52,84,155,172,327
90302,SAN LORENZO(PND),desnutricion global,nutricion normal (n),2006-05-01,29,12,15,5,44,17,61
60501,SAN LORENZO(TJA),desnutricion global,nutricion normal (n),2006-05-01,130,99,89,92,219,191,410
10702,SAN LUCAS,desnutricion global,nutricion normal (n),2006-05-01,389,384,438,416,827,800,1627
71201,SAN MATIAS,desnutricion global,nutricion normal (n),2006-05-01,99,106,82,84,181,190,371
70302,SAN MIGUEL DE VELASCO,desnutricion global,nutricion normal (n),2006-05-01,104,77,48,49,152,126,278
51001,SAN PABLO DE LIPEZ,desnutricion global,nutricion normal (n),2006-05-01,16,24,16,32,32,56,88
71005,SAN PEDRO,desnutricion global,nutricion normal (n),2006-05-01,102,105,63,58,165,163,328
50501,SAN PEDRO DE BUENA VISTA,desnutricion global,nutricion normal (n),2006-05-01,216,176,183,166,399,342,741
21801,SAN PEDRO DE CURAHUARA,desnutricion global,nutricion normal (n),2006-05-01,51,37,61,62,112,99,211
50902,SAN PEDRO DE QUEMES,desnutricion global,nutricion normal (n),2006-05-01,4,3,0,3,4,6,10
21702,SAN PEDRO DE TIQUINA,desnutricion global,nutricion normal (n),2006-05-01,23,27,14,12,37,39,76
90202,SAN PEDRO(PND),desnutricion global,nutricion normal (n),2006-05-01,2,1,7,7,9,8,17
70303,SAN RAFAEL,desnutricion global,nutricion normal (n),2006-05-01,36,46,20,16,56,62,118
80702,SAN RAMON,desnutricion global,nutricion normal (n),2006-05-01,32,34,35,31,67,65,132
80702,SAN RAMON,desnutricion global,nutricion normal (n),2006-05-01,38,47,18,22,56,69,125
80401,SANTA ANA,desnutricion global,nutricion normal (n),2006-05-01,80,75,52,60,132,135,267
70101,SANTA CRUZ DE LA SIERRA,desnutricion global,nutricion normal (n),2006-05-01,4746,4375,2257,2075,7003,6450,13453
80303,SANTA ROSA,desnutricion global,nutricion normal (n),2006-05-01,71,75,59,76,130,151,281
70602,SANTA ROSA DEL SARA,desnutricion global,nutricion normal (n),2006-05-01,120,99,74,92,194,191,385
20308,SANTIAGO DE CALLAPA,desnutricion global,nutricion normal (n),2006-05-01,32,46,27,26,59,72,131
41401,SANTIAGO DE HUARI,desnutricion global,nutricion normal (n),2006-05-01,58,66,45,64,103,130,233
21901,SANTIAGO DE MACHACA,desnutricion global,nutricion normal (n),2006-05-01,34,28,25,27,59,55,114
30702,SANTIVAÑES,desnutricion global,nutricion normal (n),2006-05-01,54,59,61,48,115,107,222
40202,SANTUARIO DE QUILLACAS,desnutricion global,nutricion normal (n),2006-05-01,9,6,13,9,22,15,37
20902,SAPAHAQUI,desnutricion global,nutricion normal (n),2006-05-01,54,66,55,47,109,113,222
90303,SENA,desnutricion global,nutricion normal (n),2006-05-01,50,52,64,67,114,119,233
21301,SICA SICA (VILLA AROMA),desnutricion global,nutricion normal (n),2006-05-01,114,107,74,75,188,182,370
30703,SICAYA,desnutricion global,nutricion normal (n),2006-05-01,22,17,15,6,37,23,60
30902,SIPE SIPE,desnutricion global,nutricion normal (n),2006-05-01,304,266,195,218,499,484,983
10403,SOPACHUY,desnutricion global,nutricion normal (n),2006-05-01,119,102,136,109,255,211,466
40104,SORACACHI,desnutricion global,nutricion normal (n),2006-05-01,54,49,35,38,89,87,176
20601,SORATA,desnutricion global,nutricion normal (n),2006-05-01,102,87,85,74,187,161,348
10101,SUCRE,desnutricion global,nutricion normal (n),2006-05-01,1181,1131,912,862,2093,1993,4086
31404,TACACHI,desnutricion global,nutricion normal (n),2006-05-01,9,5,2,1,11,6,17
20603,TACACOMA,desnutricion global,nutricion normal (n),2006-05-01,47,37,35,28,82,65,147
50303,TACOBAMBA,desnutricion global,nutricion normal (n),2006-05-01,90,76,73,51,163,127,290
30602,TACOPAYA,desnutricion global,nutricion normal (n),2006-05-01,61,48,41,46,102,94,196
51402,TAHUA,desnutricion global,nutricion normal (n),2006-05-01,8,13,5,7,13,20,33
31101,TAPACARI,desnutricion global,nutricion normal (n),2006-05-01,129,114,93,76,222,190,412
10601,TARABUCO,desnutricion global,nutricion normal (n),2006-05-01,201,186,276,234,477,420,897
20807,TARACO,desnutricion global,nutricion normal (n),2006-05-01,28,31,31,35,59,66,125
30401,TARATA,desnutricion global,nutricion normal (n),2006-05-01,47,32,22,23,69,55,124
60101,TARIJA,desnutricion global,nutricion normal (n),2006-05-01,1180,1106,784,906,1964,2012,3976
10202,TARVITA,desnutricion global,nutricion normal (n),2006-05-01,238,239,301,238,539,477,1016
20608,TEOPONTE,desnutricion global,nutricion normal (n),2006-05-01,67,65,77,67,144,132,276
20803,TIAWANACU,desnutricion global,nutricion normal (n),2006-05-01,99,76,48,59,147,135,282
50102,TINGUIPAYA,desnutricion global,nutricion normal (n),2006-05-01,162,182,138,86,300,268,568
20606,TIPUANI,desnutricion global,nutricion normal (n),2006-05-01,98,85,51,49,149,134,283
30903,TIQUIPAYA,desnutricion global,nutricion normal (n),2006-05-01,344,289,211,163,555,452,1007
31601,TIRAQUE (CBBA),desnutricion global,nutricion normal (n),2006-05-01,230,180,150,130,380,310,690
21703,TITO YUPANQUI (PARQUIPUJIO),desnutricion global,nutricion normal (n),2006-05-01,13,7,6,13,19,20,39
30802,TOCO,desnutricion global,nutricion normal (n),2006-05-01,19,6,12,9,31,15,46
41502,TODOS SANTOS,desnutricion global,nutricion normal (n),2006-05-01,3,2,5,2,8,4,12
30803,TOLATA,desnutricion global,nutricion normal (n),2006-05-01,89,95,43,36,132,131,263
41001,TOLEDO,desnutricion global,nutricion normal (n),2006-05-01,47,57,38,52,85,109,194
51202,TOMAVE,desnutricion global,nutricion normal (n),2006-05-01,161,32,89,19,250,51,301
10402,TOMINA,desnutricion global,nutricion normal (n),2006-05-01,126,99,130,120,256,219,475
50502,TORO TORO,desnutricion global,nutricion normal (n),2006-05-01,121,109,101,98,222,207,429
31201,TOTORA(CBBA),desnutricion global,nutricion normal (n),2006-05-01,92,78,48,55,140,133,273
41301,TOTORA(ORR),desnutricion global,nutricion normal (n),2006-05-01,16,19,20,30,36,49,85
70802,TRIGAL,desnutricion global,nutricion normal (n),2006-05-01,11,9,8,8,19,17,36
80101,TRINIDAD,desnutricion global,nutricion normal (n),2006-05-01,754,503,360,284,1114,787,1901
50801,TUPIZA,desnutricion global,nutricion normal (n),2006-05-01,332,335,253,257,585,592,1177
40402,TURCO,desnutricion global,nutricion normal (n),2006-05-01,16,16,21,16,37,32,69
21302,UMALA,desnutricion global,nutricion normal (n),2006-05-01,13,14,20,18,33,32,65
50201,UNCIA,desnutricion global,nutricion normal (n),2006-05-01,84,77,38,49,122,126,248
60401,URIONDO (A. CONCEPCION),desnutricion global,nutricion normal (n),2006-05-01,146,106,110,111,256,217,473
51201,UYUNI,desnutricion global,nutricion normal (n),2006-05-01,188,167,112,109,300,276,576
30502,VACAS,desnutricion global,nutricion normal (n),2006-05-01,49,51,32,23,81,74,155
70801,VALLEGRANDE,desnutricion global,nutricion normal (n),2006-05-01,93,149,67,77,160,226,386
20801,VIACHA,desnutricion global,nutricion normal (n),2006-05-01,289,302,166,180,455,482,937
31302,VILA VILA,desnutricion global,nutricion normal (n),2006-05-01,8,9,16,12,24,21,45
60303,VILLA MONTES,desnutricion global,nutricion normal (n),2006-05-01,215,191,162,200,377,391,768
90502,VILLA NUEVA (LOMA ALTA),desnutricion global,nutricion normal (n),2006-05-01,22,29,24,28,46,57,103
31402,VILLA RIVERO,desnutricion global,nutricion normal (n),2006-05-01,18,21,14,8,32,29,61
10801,VILLA SERRANO,desnutricion global,nutricion normal (n),2006-05-01,157,171,192,174,349,345,694
31003,VILLA TUNARI,desnutricion global,nutricion normal (n),2006-05-01,440,372,252,202,692,574,1266
11001,VILLA VACA GUZMAN (MUYUPAMPA),desnutricion global,nutricion normal (n),2006-05-01,123,128,156,204,279,332,611
51501,VILLAZON,desnutricion global,nutricion normal (n),2006-05-01,297,247,220,244,517,491,1008
30904,VINTO,desnutricion global,nutricion normal (n),2006-05-01,166,130,43,32,209,162,371
50602,VITICHI,desnutricion global,nutricion normal (n),2006-05-01,55,70,36,41,91,111,202
20306,WALDO BALLIVIAN,desnutricion global,nutricion normal (n),2006-05-01,9,6,3,7,12,13,25
70201,WARNES,desnutricion global,nutricion normal (n),2006-05-01,356,315,129,163,485,478,963
20903,YACO,desnutricion global,nutricion normal (n),2006-05-01,46,46,26,23,72,69,141
60301,YACUIBA,desnutricion global,nutricion normal (n),2006-05-01,307,273,214,162,521,435,956
10602,YAMPARAEZ,desnutricion global,nutricion normal (n),2006-05-01,88,115,155,132,243,247,490
21103,YANACACHI,desnutricion global,nutricion normal (n),2006-05-01,28,26,30,12,58,38,96
70403,YAPACANI,desnutricion global,nutricion normal (n),2006-05-01,434,396,168,178,602,574,1176
50103,YOCALLA,desnutricion global,nutricion normal (n),2006-05-01,39,25,38,29,77,54,131
10102,YOTALA,desnutricion global,nutricion normal (n),2006-05-01,99,77,125,126,224,203,427
60402,YUNCHARA,desnutricion global,nutricion normal (n),2006-05-01,43,62,82,71,125,133,258
10301,ZUDAÑEZ,desnutricion global,nutricion normal (n),2006-05-01,77,83,110,83,187,166,353
51302,ACACIO,desnutricion global,nutricion normal (n),2006-06-01,52,66,62,60,114,126,240
20201,ACHACACHI,desnutricion global,nutricion normal (n),2006-06-01,336,353,235,203,571,556,1127
20104,ACHOCALLA,desnutricion global,nutricion normal (n),2006-06-01,42,36,17,8,59,44,103
30201,AIQUILE,desnutricion global,nutricion normal (n),2006-06-01,49,39,44,38,93,77,170
31303,ALALAY,desnutricion global,nutricion normal (n),2006-06-01,11,14,17,21,28,35,63
10404,ALCALA,desnutricion global,nutricion normal (n),2006-06-01,31,34,38,36,69,70,139
20202,ANCORAIMES,desnutricion global,nutricion normal (n),2006-06-01,76,78,70,61,146,139,285
41201,ANDAMARCA,desnutricion global,nutricion normal (n),2006-06-01,15,18,26,14,41,32,73
40603,ANTEQUERA,desnutricion global,nutricion normal (n),2006-06-01,25,34,15,10,40,44,84
30402,ANZALDO,desnutricion global,nutricion normal (n),2006-06-01,15,14,20,28,35,42,77
20701,APOLO,desnutricion global,nutricion normal (n),2006-06-01,66,67,71,62,137,129,266
51301,ARAMPAMPA,desnutricion global,nutricion normal (n),2006-06-01,71,52,46,49,117,101,218
30501,ARANI,desnutricion global,nutricion normal (n),2006-06-01,38,22,8,7,46,29,75
30403,ARBIETO,desnutricion global,nutricion normal (n),2006-06-01,33,20,10,8,43,28,71
30601,ARQUE,desnutricion global,nutricion normal (n),2006-06-01,30,25,12,9,42,34,76
71501,ASCENCION DE GUARAYOS,desnutricion global,nutricion normal (n),2006-06-01,210,257,223,221,433,478,911
50802,ATOCHA,desnutricion global,nutricion normal (n),2006-06-01,90,89,91,97,181,186,367
20503,AUCAPATA,desnutricion global,nutricion normal (n),2006-06-01,57,50,41,36,98,86,184
20502,AYATA,desnutricion global,nutricion normal (n),2006-06-01,71,69,45,25,116,94,210
21303,AYO AYO,desnutricion global,nutricion normal (n),2006-06-01,39,38,18,15,57,53,110
30301,AYOPAYA (V. DE INDEPENDENCIA),desnutricion global,nutricion normal (n),2006-06-01,181,179,101,117,282,296,578
10201,AZURDUY,desnutricion global,nutricion normal (n),2006-06-01,232,181,216,163,448,344,792
21203,BATALLAS,desnutricion global,nutricion normal (n),2006-06-01,101,107,70,64,171,171,342
80802,BAURES,desnutricion global,nutricion normal (n),2006-06-01,35,43,25,27,60,70,130
41202,BELEN DE ANDAMARCA,desnutricion global,nutricion normal (n),2006-06-01,6,3,4,6,10,9,19
50104,BELEN DE URMIRI,desnutricion global,nutricion normal (n),2006-06-01,11,9,4,3,15,12,27
90104,BELLA FLOR,desnutricion global,nutricion normal (n),2006-06-01,31,29,36,46,67,75,142
60202,BERMEJO,desnutricion global,nutricion normal (n),2006-06-01,55,61,47,61,102,122,224
50301,BETANZOS,desnutricion global,nutricion normal (n),2006-06-01,155,166,155,139,310,305,615
31501,BOLIVAR,desnutricion global,nutricion normal (n),2006-06-01,34,28,20,22,54,50,104
90103,BOLPEBRA,desnutricion global,nutricion normal (n),2006-06-01,15,14,8,4,23,18,41
70707,BOYUIBE,desnutricion global,nutricion normal (n),2006-06-01,26,16,25,22,51,38,89
70401,BUENA VISTA,desnutricion global,nutricion normal (n),2006-06-01,160,131,102,128,262,259,521
70703,CABEZAS,desnutricion global,nutricion normal (n),2006-06-01,98,100,78,51,176,151,327
20905,CAIROMA,desnutricion global,nutricion normal (n),2006-06-01,80,99,66,76,146,175,321
51102,"CAIZA ""D""",desnutricion global,nutricion normal (n),2006-06-01,74,46,63,70,137,116,253
21003,CAJUATA,desnutricion global,nutricion normal (n),2006-06-01,62,54,28,26,90,80,170
20303,CALACOTO,desnutricion global,nutricion normal (n),2006-06-01,36,40,21,21,57,61,118
21304,CALAMARCA,desnutricion global,nutricion normal (n),2006-06-01,101,113,71,62,172,175,347
10701,CAMARGO,desnutricion global,nutricion normal (n),2006-06-01,143,132,127,93,270,225,495
10901,CAMATAQUI (C. VILLA ABECIA),desnutricion global,nutricion normal (n),2006-06-01,29,22,24,22,53,44,97
70706,CAMIRI,desnutricion global,nutricion normal (n),2006-06-01,212,181,155,132,367,313,680
30701,CAPINOTA,desnutricion global,nutricion normal (n),2006-06-01,35,31,34,37,69,68,137
20302,CAQUIAVIRI,desnutricion global,nutricion normal (n),2006-06-01,48,39,23,21,71,60,131
40102,CARACOLLO,desnutricion global,nutricion normal (n),2006-06-01,48,49,29,27,77,76,153
22001,CARANAVI,desnutricion global,nutricion normal (n),2006-06-01,375,312,273,236,648,548,1196
41503,CARANGAS,desnutricion global,nutricion normal (n),2006-06-01,0,3,0,1,0,4,4
60302,CARAPARI,desnutricion global,nutricion normal (n),2006-06-01,89,74,85,69,174,143,317
50702,CARIPUYO,desnutricion global,nutricion normal (n),2006-06-01,73,54,89,70,162,124,286
71403,CARMEN RIVERO TORREZ,desnutricion global,nutricion normal (n),2006-06-01,22,28,24,10,46,38,84
21902,CATACORA,desnutricion global,nutricion normal (n),2006-06-01,2,0,1,0,3,0,3
21803,CHACARILLA,desnutricion global,nutricion normal (n),2006-06-01,8,7,6,15,14,22,36
40201,CHALLAPATA,desnutricion global,nutricion normal (n),2006-06-01,125,128,83,69,208,197,405
50302,CHAQUI,desnutricion global,nutricion normal (n),2006-06-01,29,41,22,29,51,70,121
70702,CHARAGUA,desnutricion global,nutricion normal (n),2006-06-01,175,169,155,136,330,305,635
20305,CHARAÑA,desnutricion global,nutricion normal (n),2006-06-01,17,11,9,12,26,23,49
50202,CHAYANTA,desnutricion global,nutricion normal (n),2006-06-01,118,114,90,85,208,199,407
31204,CHIMORE,desnutricion global,nutricion normal (n),2006-06-01,32,29,32,17,64,46,110
40903,CHIPAYA,desnutricion global,nutricion normal (n),2006-06-01,10,12,13,9,23,21,44
40302,CHOQUE COTA,desnutricion global,nutricion normal (n),2006-06-01,2,2,1,2,3,4,7
21101,CHULUMANI (V. DE LA LIBERTAD),desnutricion global,nutricion normal (n),2006-06-01,46,45,12,19,58,64,122
20501,CHUMA,desnutricion global,nutricion normal (n),2006-06-01,48,55,32,24,80,79,159
30801,CLIZA,desnutricion global,nutricion normal (n),2006-06-01,92,114,43,30,135,144,279
90101,COBIJA,desnutricion global,nutricion normal (n),2006-06-01,265,251,145,125,410,376,786
30101,COCHABAMBA,desnutricion global,nutricion normal (n),2006-06-01,1487,1418,673,617,2160,2035,4195
40902,COIPASA,desnutricion global,nutricion normal (n),2006-06-01,4,4,3,3,7,7,14
30905,COLCAPIRHUA,desnutricion global,nutricion normal (n),2006-06-01,203,168,94,88,297,256,553
50901,"COLCHA ""K""",desnutricion global,nutricion normal (n),2006-06-01,112,90,106,103,218,193,411
21307,COLLANA,desnutricion global,nutricion normal (n),2006-06-01,16,7,4,6,20,13,33
31002,COLOMI,desnutricion global,nutricion normal (n),2006-06-01,145,124,72,95,217,219,436
70603,COLPA BELGICA,desnutricion global,nutricion normal (n),2006-06-01,34,33,31,21,65,54,119
50401,COLQUECHACA,desnutricion global,nutricion normal (n),2006-06-01,213,189,276,203,489,392,881
21306,COLQUENCHA,desnutricion global,nutricion normal (n),2006-06-01,20,41,24,19,44,60,104
21004,COLQUIRI,desnutricion global,nutricion normal (n),2006-06-01,107,99,60,80,167,179,346
20304,COMANCHE,desnutricion global,nutricion normal (n),2006-06-01,11,8,10,7,21,15,36
71301,COMARAPA,desnutricion global,nutricion normal (n),2006-06-01,59,73,37,47,96,120,216
20605,COMBAYA,desnutricion global,nutricion normal (n),2006-06-01,4,1,3,4,7,5,12
71101,CONCEPCION,desnutricion global,nutricion normal (n),2006-06-01,22,18,19,17,41,35,76
21701,COPACABANA,desnutricion global,nutricion normal (n),2006-06-01,71,75,80,69,151,144,295
21402,CORIPATA,desnutricion global,nutricion normal (n),2006-06-01,95,117,72,68,167,185,352
20301,CORO CORO,desnutricion global,nutricion normal (n),2006-06-01,44,46,33,28,77,74,151
21401,COROICO,desnutricion global,nutricion normal (n),2006-06-01,74,58,60,43,134,101,235
40301,CORQUE,desnutricion global,nutricion normal (n),2006-06-01,22,27,20,16,42,43,85
50601,COTAGAITA,desnutricion global,nutricion normal (n),2006-06-01,157,135,175,117,332,252,584
70102,COTOCA,desnutricion global,nutricion normal (n),2006-06-01,266,233,143,119,409,352,761
71106,CUATRO CAÑADAS,desnutricion global,nutricion normal (n),2006-06-01,60,62,62,55,122,117,239
31405,CUCHUMUELA (V. G. VILLARROEL),desnutricion global,nutricion normal (n),2006-06-01,8,0,3,2,11,2,13
70704,CUEVO,desnutricion global,nutricion normal (n),2006-06-01,39,55,43,49,82,104,186
10902,CULPINA,desnutricion global,nutricion normal (n),2006-06-01,147,156,133,137,280,293,573
40401,CURAHUARA DE CARANGAS,desnutricion global,nutricion normal (n),2006-06-01,37,25,37,21,74,46,120
21602,CURVA,desnutricion global,nutricion normal (n),2006-06-01,8,8,16,6,24,14,38
20804,DESAGUADERO,desnutricion global,nutricion normal (n),2006-06-01,24,22,19,10,43,32,75
20105,EL ALTO,desnutricion global,nutricion normal (n),2006-06-01,3044,2806,1443,1421,4487,4227,8714
40103,EL CHORO,desnutricion global,nutricion normal (n),2006-06-01,21,10,19,23,40,33,73
71503,EL PUENTE(STC),desnutricion global,nutricion normal (n),2006-06-01,116,98,88,79,204,177,381
60502,EL PUENTE(TJA),desnutricion global,nutricion normal (n),2006-06-01,66,57,109,80,175,137,312
70105,EL TORNO,desnutricion global,nutricion normal (n),2006-06-01,138,153,57,58,195,211,406
10405,EL VILLAR,desnutricion global,nutricion normal (n),2006-06-01,84,77,88,74,172,151,323
60601,ENTRE RIOS,desnutricion global,nutricion normal (n),2006-06-01,157,143,158,140,315,283,598
60601,ENTRE RIOS,desnutricion global,nutricion normal (n),2006-06-01,99,76,75,63,174,139,313
40502,ESCARA,desnutricion global,nutricion normal (n),2006-06-01,0,2,1,0,1,2,3
41101,EUCALIPTUS,desnutricion global,nutricion normal (n),2006-06-01,26,23,27,28,53,51,104
90503,EUREKA (SANTOS MERCADO),desnutricion global,nutricion normal (n),2006-06-01,3,10,7,4,10,14,24
80402,EXALTACION,desnutricion global,nutricion normal (n),2006-06-01,19,19,31,24,50,43,93
71004,FERNANDEZ ALONSO,desnutricion global,nutricion normal (n),2006-06-01,130,119,115,110,245,229,474
90203,FILADELFIA,desnutricion global,nutricion normal (n),2006-06-01,14,9,11,14,25,23,48
71002,GENERAL SAAVEDRA,desnutricion global,nutricion normal (n),2006-06-01,115,89,97,95,212,184,396
21601,GRAL. J.J. PEREZ (CHARAZANI),desnutricion global,nutricion normal (n),2006-06-01,35,39,38,32,73,71,144
20602,GUANAY,desnutricion global,nutricion normal (n),2006-06-01,79,67,70,75,149,142,291
20802,GUAQUI,desnutricion global,nutricion normal (n),2006-06-01,37,25,16,5,53,30,83
80202,GUAYARAMERIN,desnutricion global,nutricion normal (n),2006-06-01,264,268,145,134,409,402,811
70705,GUTIERREZ,desnutricion global,nutricion normal (n),2006-06-01,100,117,152,151,252,268,520
10502,HUACARETA,desnutricion global,nutricion normal (n),2006-06-01,95,75,132,109,227,184,411
11002,HUACAYA (VILLA DE HUACAYA),desnutricion global,nutricion normal (n),2006-06-01,26,26,44,38,70,64,134
40501,HUACHACALLA,desnutricion global,nutricion normal (n),2006-06-01,3,3,10,3,13,6,19
40701,HUANUNI,desnutricion global,nutricion normal (n),2006-06-01,83,81,68,50,151,131,282
80803,HUARACAJE,desnutricion global,nutricion normal (n),2006-06-01,24,21,16,13,40,34,74
41601,HUAYLLAMARCA,desnutricion global,nutricion normal (n),2006-06-01,22,14,16,6,38,20,58
21005,ICHOCA,desnutricion global,nutricion normal (n),2006-06-01,33,38,38,19,71,57,128
10304,ICLA,desnutricion global,nutricion normal (n),2006-06-01,81,84,112,113,193,197,390
10703,INCAHUASI,desnutricion global,nutricion normal (n),2006-06-01,199,196,158,166,357,362,719
90402,INGAVI (HUMAITA),desnutricion global,nutricion normal (n),2006-06-01,13,7,28,12,41,19,60
21001,INQUISIVI,desnutricion global,nutricion normal (n),2006-06-01,125,120,69,73,194,193,387
21102,IRUPANA (VILLA DE LANZA),desnutricion global,nutricion normal (n),2006-06-01,159,115,101,104,260,219,479
21501,IXIAMAS,desnutricion global,nutricion normal (n),2006-06-01,60,51,55,38,115,89,204
20806,JESUS DE MACHACA,desnutricion global,nutricion normal (n),2006-06-01,45,65,48,34,93,99,192
21105,LA ASUNTA,desnutricion global,nutricion normal (n),2006-06-01,166,137,68,51,234,188,422
70104,LA GUARDIA,desnutricion global,nutricion normal (n),2006-06-01,340,312,157,150,497,462,959
20101,LA PAZ,desnutricion global,nutricion normal (n),2006-06-01,2855,2636,1552,1552,4407,4188,8595
41501,LA RIVERA,desnutricion global,nutricion normal (n),2006-06-01,1,2,3,6,4,8,12
70701,LAGUNILLAS,desnutricion global,nutricion normal (n),2006-06-01,73,78,90,114,163,192,355
21202,LAJA,desnutricion global,nutricion normal (n),2006-06-01,116,110,56,45,172,155,327
10903,LAS CARRERAS,desnutricion global,nutricion normal (n),2006-06-01,53,51,64,63,117,114,231
21006,LICOMA PAMPA,desnutricion global,nutricion normal (n),2006-06-01,32,21,38,38,70,59,129
50203,LLALLAGUA,desnutricion global,nutricion normal (n),2006-06-01,405,322,573,654,978,976,1954
51401,LLICA,desnutricion global,nutricion normal (n),2006-06-01,44,34,32,30,76,64,140
80601,LORETO,desnutricion global,nutricion normal (n),2006-06-01,35,28,26,19,61,47,108
20901,LURIBAY,desnutricion global,nutricion normal (n),2006-06-01,98,88,74,77,172,165,337
40702,MACHACAMARCA,desnutricion global,nutricion normal (n),2006-06-01,11,10,5,5,16,15,31
11003,MACHARETI,desnutricion global,nutricion normal (n),2006-06-01,87,91,138,173,225,264,489
80801,MAGDALENA,desnutricion global,nutricion normal (n),2006-06-01,65,46,36,42,101,88,189
70903,MAIRANA,desnutricion global,nutricion normal (n),2006-06-01,77,66,51,50,128,116,244
20904,MALLA,desnutricion global,nutricion normal (n),2006-06-01,15,11,24,34,39,45,84
20607,MAPIRI,desnutricion global,nutricion normal (n),2006-06-01,117,148,81,63,198,211,409
20103,MECAPACA,desnutricion global,nutricion normal (n),2006-06-01,68,59,40,45,108,104,212
71003,MINEROS,desnutricion global,nutricion normal (n),2006-06-01,191,166,156,143,347,309,656
31301,MIZQUE,desnutricion global,nutricion normal (n),2006-06-01,98,88,62,54,160,142,302
20402,MOCOMOCO,desnutricion global,nutricion normal (n),2006-06-01,100,94,79,57,179,151,330
51002,MOJINETE,desnutricion global,nutricion normal (n),2006-06-01,7,5,5,0,12,5,17
10303,MOJOCOYA,desnutricion global,nutricion normal (n),2006-06-01,76,69,124,103,200,172,372
10501,MONTEAGUDO,desnutricion global,nutricion normal (n),2006-06-01,173,184,231,194,404,378,782
71001,MONTERO,desnutricion global,nutricion normal (n),2006-06-01,903,776,532,525,1435,1301,2736
70803,MORO MORO,desnutricion global,nutricion normal (n),2006-06-01,12,9,7,5,19,14,33
30302,MOROCHATA,desnutricion global,nutricion normal (n),2006-06-01,107,113,96,90,203,203,406
90401,NACEBE (SANTA ROSA DEL ABUNA),desnutricion global,nutricion normal (n),2006-06-01,19,24,32,28,51,52,103
20307,NAZACARA DE PACAJES,desnutricion global,nutricion normal (n),2006-06-01,4,4,8,1,12,5,17
50404,OCURI,desnutricion global,nutricion normal (n),2006-06-01,122,109,103,105,225,214,439
70202,OKINAWA,desnutricion global,nutricion normal (n),2006-06-01,107,113,45,51,152,164,316
30203,OMEREQUE,desnutricion global,nutricion normal (n),2006-06-01,45,39,36,43,81,82,163
40101,ORURO,desnutricion global,nutricion normal (n),2006-06-01,1029,946,582,554,1611,1500,3111
60201,PADCAYA,desnutricion global,nutricion normal (n),2006-06-01,124,121,134,143,258,264,522
10401,PADILLA,desnutricion global,nutricion normal (n),2006-06-01,138,121,193,184,331,305,636
70502,PAILON,desnutricion global,nutricion normal (n),2006-06-01,7,177,96,20,103,197,300
20102,PALCA,desnutricion global,nutricion normal (n),2006-06-01,57,63,24,32,81,95,176
21104,PALOS BLANCOS,desnutricion global,nutricion normal (n),2006-06-01,122,100,75,99,197,199,396
40802,PAMPA AULLAGAS,desnutricion global,nutricion normal (n),2006-06-01,14,9,11,17,25,26,51
70902,PAMPA GRANDE,desnutricion global,nutricion normal (n),2006-06-01,40,39,31,22,71,61,132
21802,PAPEL PAMPA,desnutricion global,nutricion normal (n),2006-06-01,15,9,3,2,18,11,29
30202,PASORAPA,desnutricion global,nutricion normal (n),2006-06-01,29,38,51,31,80,69,149
21305,PATACAMAYA,desnutricion global,nutricion normal (n),2006-06-01,154,144,60,53,214,197,411
40602,PAZÑA,desnutricion global,nutricion normal (n),2006-06-01,37,29,28,37,65,66,131
20702,PELECHUCO,desnutricion global,nutricion normal (n),2006-06-01,34,36,19,20,53,56,109
50403,POCOATA,desnutricion global,nutricion normal (n),2006-06-01,173,153,208,219,381,372,753
31203,POCONA,desnutricion global,nutricion normal (n),2006-06-01,57,54,32,47,89,101,190
31202,POJO (CBBA),desnutricion global,nutricion normal (n),2006-06-01,75,81,50,34,125,115,240
40601,POOPO,desnutricion global,nutricion normal (n),2006-06-01,22,24,21,21,43,45,88
51203,PORCO,desnutricion global,nutricion normal (n),2006-06-01,67,68,35,42,102,110,212
10103,POROMA,desnutricion global,nutricion normal (n),2006-06-01,107,95,108,75,215,170,385
70103,PORONGO,desnutricion global,nutricion normal (n),2006-06-01,52,47,24,18,76,65,141
70601,PORTACHUELO,desnutricion global,nutricion normal (n),2006-06-01,118,133,88,79,206,212,418
90102,PORVENIR,desnutricion global,nutricion normal (n),2006-06-01,29,27,15,16,44,43,87
70804,POSTRER VALLE,desnutricion global,nutricion normal (n),2006-06-01,17,20,10,26,27,46,73
50101,POTOSI,desnutricion global,nutricion normal (n),2006-06-01,775,593,307,256,1082,849,1931
10302,PRESTO,desnutricion global,nutricion normal (n),2006-06-01,65,49,110,84,175,133,308
70805,PUCARA,desnutricion global,nutricion normal (n),2006-06-01,17,11,18,23,35,34,69
21201,PUCARANI,desnutricion global,nutricion normal (n),2006-06-01,166,158,74,62,240,220,460
20401,PUERTO ACOSTA,desnutricion global,nutricion normal (n),2006-06-01,122,109,83,75,205,184,389
20403,PUERTO CARABUCO,desnutricion global,nutricion normal (n),2006-06-01,84,77,55,56,139,133,272
90301,PUERTO GONZALO MORENO,desnutricion global,nutricion normal (n),2006-06-01,44,19,35,23,79,42,121
21204,PUERTO PEREZ,desnutricion global,nutricion normal (n),2006-06-01,45,34,32,23,77,57,134
71402,PUERTO QUIJARRO,desnutricion global,nutricion normal (n),2006-06-01,62,60,26,22,88,82,170
90201,PUERTO RICO,desnutricion global,nutricion normal (n),2006-06-01,52,50,34,37,86,87,173
80703,PUERTO SILES,desnutricion global,nutricion normal (n),2006-06-01,5,7,7,8,12,15,27
71401,PUERTO SUAREZ,desnutricion global,nutricion normal (n),2006-06-01,69,69,23,23,92,92,184
31205,PUERTO VILLARROEL,desnutricion global,nutricion normal (n),2006-06-01,184,150,181,146,365,296,661
51101,PUNA,desnutricion global,nutricion normal (n),2006-06-01,229,128,128,122,357,250,607
31401,PUNATA,desnutricion global,nutricion normal (n),2006-06-01,225,248,63,55,288,303,591
20604,QUIABAYA,desnutricion global,nutricion normal (n),2006-06-01,3,3,2,2,5,5,10
30901,QUILLACOLLO,desnutricion global,nutricion normal (n),2006-06-01,650,661,245,227,895,888,1783
21002,QUIME,desnutricion global,nutricion normal (n),2006-06-01,82,69,63,78,145,147,292
70904,QUIRUSILLAS,desnutricion global,nutricion normal (n),2006-06-01,13,6,9,6,22,12,34
50402,RAVELO,desnutricion global,nutricion normal (n),2006-06-01,160,164,167,145,327,309,636
80301,REYES,desnutricion global,nutricion normal (n),2006-06-01,74,87,80,75,154,162,316
80201,RIBERALTA,desnutricion global,nutricion normal (n),2006-06-01,920,736,336,261,1256,997,2253
70503,ROBORE,desnutricion global,nutricion normal (n),2006-06-01,116,102,73,79,189,181,370
80304,RURRENABAQUE,desnutricion global,nutricion normal (n),2006-06-01,82,77,36,22,118,99,217
40901,SABAYA,desnutricion global,nutricion normal (n),2006-06-01,21,15,15,8,36,23,59
31001,SACABA,desnutricion global,nutricion normal (n),2006-06-01,485,365,145,99,630,464,1094
30404,SACABAMBA,desnutricion global,nutricion normal (n),2006-06-01,22,16,11,13,33,29,62
50701,SACACA,desnutricion global,nutricion normal (n),2006-06-01,178,131,207,161,385,292,677
71302,SAIPINA,desnutricion global,nutricion normal (n),2006-06-01,24,23,17,20,41,43,84
40801,SALINAS DE GARCI MENDOZA,desnutricion global,nutricion normal (n),2006-06-01,39,39,35,31,74,70,144
70901,SAMAIPATA,desnutricion global,nutricion normal (n),2006-06-01,70,54,64,34,134,88,222
51601,SAN AGUSTIN,desnutricion global,nutricion normal (n),2006-06-01,19,16,32,27,51,43,94
80602,SAN ANDRES,desnutricion global,nutricion normal (n),2006-06-01,61,44,74,67,135,111,246
20805,SAN ANDRES DE MACHACA,desnutricion global,nutricion normal (n),2006-06-01,25,13,26,19,51,32,83
51003,SAN ANTONIO DE ESMORUCO,desnutricion global,nutricion normal (n),2006-06-01,8,5,12,3,20,8,28
71105,SAN ANTONIO DE LOMERIO,desnutricion global,nutricion normal (n),2006-06-01,85,65,67,68,152,133,285
31403,SAN BENITO,desnutricion global,nutricion normal (n),2006-06-01,49,62,32,36,81,98,179
80302,SAN BORJA,desnutricion global,nutricion normal (n),2006-06-01,277,293,125,115,402,408,810
21502,SAN BUENA VENTURA,desnutricion global,nutricion normal (n),2006-06-01,48,56,22,30,70,86,156
70402,SAN CARLOS,desnutricion global,nutricion normal (n),2006-06-01,138,131,59,49,197,180,377
80501,SAN IGNACIO,desnutricion global,nutricion normal (n),2006-06-01,187,149,150,109,337,258,595
70301,SAN IGNACIO DE VELASCO,desnutricion global,nutricion normal (n),2006-06-01,424,348,248,246,672,594,1266
80102,SAN JAVIER(BNI),desnutricion global,nutricion normal (n),2006-06-01,20,18,23,29,43,47,90
71102,SAN JAVIER(STC),desnutricion global,nutricion normal (n),2006-06-01,10,13,8,4,18,17,35
80701,SAN JOAQUIN,desnutricion global,nutricion normal (n),2006-06-01,8,14,36,24,44,38,82
70501,SAN JOSE DE CHIQUITOS,desnutricion global,nutricion normal (n),2006-06-01,54,63,41,35,95,98,193
70404,SAN JUAN DE YAPACANI,desnutricion global,nutricion normal (n),2006-06-01,54,60,41,34,95,94,189
71104,SAN JULIAN,desnutricion global,nutricion normal (n),2006-06-01,118,107,133,166,251,273,524
90302,SAN LORENZO(PND),desnutricion global,nutricion normal (n),2006-06-01,42,29,42,44,84,73,157
60501,SAN LORENZO(TJA),desnutricion global,nutricion normal (n),2006-06-01,120,122,109,94,229,216,445
10702,SAN LUCAS,desnutricion global,nutricion normal (n),2006-06-01,321,301,364,335,685,636,1321
71201,SAN MATIAS,desnutricion global,nutricion normal (n),2006-06-01,85,91,48,28,133,119,252
70302,SAN MIGUEL DE VELASCO,desnutricion global,nutricion normal (n),2006-06-01,115,109,87,85,202,194,396
51001,SAN PABLO DE LIPEZ,desnutricion global,nutricion normal (n),2006-06-01,20,14,20,19,40,33,73
71005,SAN PEDRO,desnutricion global,nutricion normal (n),2006-06-01,136,122,80,77,216,199,415
50501,SAN PEDRO DE BUENA VISTA,desnutricion global,nutricion normal (n),2006-06-01,151,141,138,121,289,262,551
21801,SAN PEDRO DE CURAHUARA,desnutricion global,nutricion normal (n),2006-06-01,43,33,29,40,72,73,145
50902,SAN PEDRO DE QUEMES,desnutricion global,nutricion normal (n),2006-06-01,2,8,2,1,4,9,13
21702,SAN PEDRO DE TIQUINA,desnutricion global,nutricion normal (n),2006-06-01,24,27,28,18,52,45,97
90202,SAN PEDRO(PND),desnutricion global,nutricion normal (n),2006-06-01,7,27,31,28,38,55,93
70303,SAN RAFAEL,desnutricion global,nutricion normal (n),2006-06-01,49,44,26,25,75,69,144
80702,SAN RAMON,desnutricion global,nutricion normal (n),2006-06-01,20,26,24,19,44,45,89
80401,SANTA ANA,desnutricion global,nutricion normal (n),2006-06-01,93,103,55,44,148,147,295
70101,SANTA CRUZ DE LA SIERRA,desnutricion global,nutricion normal (n),2006-06-01,4579,4131,1803,1874,6382,6005,12387
80303,SANTA ROSA,desnutricion global,nutricion normal (n),2006-06-01,33,32,16,12,49,44,93
70602,SANTA ROSA DEL SARA,desnutricion global,nutricion normal (n),2006-06-01,92,92,48,62,140,154,294
20308,SANTIAGO DE CALLAPA,desnutricion global,nutricion normal (n),2006-06-01,26,29,13,13,39,42,81
41401,SANTIAGO DE HUARI,desnutricion global,nutricion normal (n),2006-06-01,22,25,46,36,68,61,129
21901,SANTIAGO DE MACHACA,desnutricion global,nutricion normal (n),2006-06-01,20,19,8,6,28,25,53
30702,SANTIVAÑES,desnutricion global,nutricion normal (n),2006-06-01,54,51,44,34,98,85,183
40202,SANTUARIO DE QUILLACAS,desnutricion global,nutricion normal (n),2006-06-01,4,5,15,8,19,13,32
20902,SAPAHAQUI,desnutricion global,nutricion normal (n),2006-06-01,57,51,38,39,95,90,185
90303,SENA,desnutricion global,nutricion normal (n),2006-06-01,27,19,22,31,49,50,99
21301,SICA SICA (VILLA AROMA),desnutricion global,nutricion normal (n),2006-06-01,135,106,60,50,195,156,351
30703,SICAYA,desnutricion global,nutricion normal (n),2006-06-01,8,9,7,7,15,16,31
30902,SIPE SIPE,desnutricion global,nutricion normal (n),2006-06-01,225,221,78,93,303,314,617
10403,SOPACHUY,desnutricion global,nutricion normal (n),2006-06-01,77,79,80,66,157,145,302
40104,SORACACHI,desnutricion global,nutricion normal (n),2006-06-01,40,30,34,25,74,55,129
20601,SORATA,desnutricion global,nutricion normal (n),2006-06-01,75,76,75,78,150,154,304
10101,SUCRE,desnutricion global,nutricion normal (n),2006-06-01,1001,1016,833,814,1834,1830,3664
31404,TACACHI,desnutricion global,nutricion normal (n),2006-06-01,2,3,0,0,2,3,5
20603,TACACOMA,desnutricion global,nutricion normal (n),2006-06-01,19,23,16,22,35,45,80
50303,TACOBAMBA,desnutricion global,nutricion normal (n),2006-06-01,60,54,44,40,104,94,198
30602,TACOPAYA,desnutricion global,nutricion normal (n),2006-06-01,61,62,81,71,142,133,275
51402,TAHUA,desnutricion global,nutricion normal (n),2006-06-01,11,8,5,7,16,15,31
31101,TAPACARI,desnutricion global,nutricion normal (n),2006-06-01,155,129,98,67,253,196,449
10601,TARABUCO,desnutricion global,nutricion normal (n),2006-06-01,227,184,272,252,499,436,935
20807,TARACO,desnutricion global,nutricion normal (n),2006-06-01,42,40,48,50,90,90,180
30401,TARATA,desnutricion global,nutricion normal (n),2006-06-01,27,33,24,9,51,42,93
60101,TARIJA,desnutricion global,nutricion normal (n),2006-06-01,936,892,604,632,1540,1524,3064
10202,TARVITA,desnutricion global,nutricion normal (n),2006-06-01,144,91,82,74,226,165,391
20608,TEOPONTE,desnutricion global,nutricion normal (n),2006-06-01,54,43,57,43,111,86,197
20803,TIAWANACU,desnutricion global,nutricion normal (n),2006-06-01,78,73,32,34,110,107,217
50102,TINGUIPAYA,desnutricion global,nutricion normal (n),2006-06-01,35,56,68,45,103,101,204
20606,TIPUANI,desnutricion global,nutricion normal (n),2006-06-01,64,57,19,21,83,78,161
30903,TIQUIPAYA,desnutricion global,nutricion normal (n),2006-06-01,183,140,56,37,239,177,416
31601,TIRAQUE (CBBA),desnutricion global,nutricion normal (n),2006-06-01,240,167,116,128,356,295,651
21703,TITO YUPANQUI (PARQUIPUJIO),desnutricion global,nutricion normal (n),2006-06-01,12,12,6,8,18,20,38
30802,TOCO,desnutricion global,nutricion normal (n),2006-06-01,11,5,16,13,27,18,45
30803,TOLATA,desnutricion global,nutricion normal (n),2006-06-01,38,31,16,13,54,44,98
41001,TOLEDO,desnutricion global,nutricion normal (n),2006-06-01,26,18,16,20,42,38,80
51202,TOMAVE,desnutricion global,nutricion normal (n),2006-06-01,74,22,49,10,123,32,155
10402,TOMINA,desnutricion global,nutricion normal (n),2006-06-01,121,90,118,109,239,199,438
50502,TORO TORO,desnutricion global,nutricion normal (n),2006-06-01,108,84,121,108,229,192,421
31201,TOTORA(CBBA),desnutricion global,nutricion normal (n),2006-06-01,65,75,34,33,99,108,207
41301,TOTORA(ORR),desnutricion global,nutricion normal (n),2006-06-01,16,11,18,9,34,20,54
70802,TRIGAL,desnutricion global,nutricion normal (n),2006-06-01,13,9,8,15,21,24,45
80101,TRINIDAD,desnutricion global,nutricion normal (n),2006-06-01,657,524,312,210,969,734,1703
50801,TUPIZA,desnutricion global,nutricion normal (n),2006-06-01,295,260,269,256,564,516,1080
40402,TURCO,desnutricion global,nutricion normal (n),2006-06-01,14,9,21,19,35,28,63
21302,UMALA,desnutricion global,nutricion normal (n),2006-06-01,32,31,26,30,58,61,119
50201,UNCIA,desnutricion global,nutricion normal (n),2006-06-01,130,93,113,98,243,191,434
60401,URIONDO (A. CONCEPCION),desnutricion global,nutricion normal (n),2006-06-01,118,104,103,118,221,222,443
71502,URUBICHA,desnutricion global,nutricion normal (n),2006-06-01,62,66,106,109,168,175,343
51201,UYUNI,desnutricion global,nutricion normal (n),2006-06-01,270,204,147,154,417,358,775
30502,VACAS,desnutricion global,nutricion normal (n),2006-06-01,48,58,35,27,83,85,168
70801,VALLEGRANDE,desnutricion global,nutricion normal (n),2006-06-01,65,70,50,56,115,126,241
20801,VIACHA,desnutricion global,nutricion normal (n),2006-06-01,190,193,108,104,298,297,595
31302,VILA VILA,desnutricion global,nutricion normal (n),2006-06-01,18,14,31,31,49,45,94
60303,VILLA MONTES,desnutricion global,nutricion normal (n),2006-06-01,115,110,98,111,213,221,434
90502,VILLA NUEVA (LOMA ALTA),desnutricion global,nutricion normal (n),2006-06-01,1,4,5,3,6,7,13
31402,VILLA RIVERO,desnutricion global,nutricion normal (n),2006-06-01,17,28,20,13,37,41,78
10801,VILLA SERRANO,desnutricion global,nutricion normal (n),2006-06-01,124,117,134,142,258,259,517
31003,VILLA TUNARI,desnutricion global,nutricion normal (n),2006-06-01,382,366,260,192,642,558,1200
11001,VILLA VACA GUZMAN (MUYUPAMPA),desnutricion global,nutricion normal (n),2006-06-01,95,88,108,138,203,226,429
51501,VILLAZON,desnutricion global,nutricion normal (n),2006-06-01,232,221,179,165,411,386,797
30904,VINTO,desnutricion global,nutricion normal (n),2006-06-01,167,115,3,2,170,117,287
50602,VITICHI,desnutricion global,nutricion normal (n),2006-06-01,113,59,120,58,233,117,350
20306,WALDO BALLIVIAN,desnutricion global,nutricion normal (n),2006-06-01,9,4,5,6,14,10,24
70201,WARNES,desnutricion global,nutricion normal (n),2006-06-01,342,334,196,205,538,539,1077
20903,YACO,desnutricion global,nutricion normal (n),2006-06-01,31,27,12,13,43,40,83
60301,YACUIBA,desnutricion global,nutricion normal (n),2006-06-01,231,255,203,188,434,443,877
10602,YAMPARAEZ,desnutricion global,nutricion normal (n),2006-06-01,92,97,154,158,246,255,501
21103,YANACACHI,desnutricion global,nutricion normal (n),2006-06-01,27,25,10,21,37,46,83
70403,YAPACANI,desnutricion global,nutricion normal (n),2006-06-01,357,312,156,118,513,430,943
50103,YOCALLA,desnutricion global,nutricion normal (n),2006-06-01,42,24,52,35,94,59,153
10102,YOTALA,desnutricion global,nutricion normal (n),2006-06-01,86,74,112,113,198,187,385
60402,YUNCHARA,desnutricion global,nutricion normal (n),2006-06-01,49,52,49,52,98,104,202
10301,ZUDAÑEZ,desnutricion global,nutricion normal (n),2006-06-01,78,78,116,90,194,168,362
51302,ACACIO,desnutricion global,nutricion normal (n),2006-07-01,48,52,49,47,97,99,196
20201,ACHACACHI,desnutricion global,nutricion normal (n),2006-07-01,382,336,244,247,626,583,1209
20104,ACHOCALLA,desnutricion global,nutricion normal (n),2006-07-01,46,38,15,10,61,48,109
30201,AIQUILE,desnutricion global,nutricion normal (n),2006-07-01,87,79,58,51,145,130,275
31303,ALALAY,desnutricion global,nutricion normal (n),2006-07-01,10,6,5,4,15,10,25
10404,ALCALA,desnutricion global,nutricion normal (n),2006-07-01,36,39,45,45,81,84,165
20202,ANCORAIMES,desnutricion global,nutricion normal (n),2006-07-01,68,73,84,89,152,162,314
41201,ANDAMARCA,desnutricion global,nutricion normal (n),2006-07-01,16,24,35,38,51,62,113
40603,ANTEQUERA,desnutricion global,nutricion normal (n),2006-07-01,30,24,6,5,36,29,65
30402,ANZALDO,desnutricion global,nutricion normal (n),2006-07-01,35,34,28,19,63,53,116
20701,APOLO,desnutricion global,nutricion normal (n),2006-07-01,89,95,69,58,158,153,311
51301,ARAMPAMPA,desnutricion global,nutricion normal (n),2006-07-01,38,41,39,52,77,93,170
30501,ARANI,desnutricion global,nutricion normal (n),2006-07-01,48,33,22,21,70,54,124
30403,ARBIETO,desnutricion global,nutricion normal (n),2006-07-01,26,12,1,4,27,16,43
30601,ARQUE,desnutricion global,nutricion normal (n),2006-07-01,64,53,42,37,106,90,196
50802,ATOCHA,desnutricion global,nutricion normal (n),2006-07-01,79,72,68,61,147,133,280
20503,AUCAPATA,desnutricion global,nutricion normal (n),2006-07-01,25,22,15,11,40,33,73
20502,AYATA,desnutricion global,nutricion normal (n),2006-07-01,59,49,32,26,91,75,166
21303,AYO AYO,desnutricion global,nutricion normal (n),2006-07-01,17,29,7,9,24,38,62
30301,AYOPAYA (V. DE INDEPENDENCIA),desnutricion global,nutricion normal (n),2006-07-01,135,113,99,50,234,163,397
10201,AZURDUY,desnutricion global,nutricion normal (n),2006-07-01,210,145,206,151,416,296,712
21203,BATALLAS,desnutricion global,nutricion normal (n),2006-07-01,106,108,58,51,164,159,323
80802,BAURES,desnutricion global,nutricion normal (n),2006-07-01,57,61,63,72,120,133,253
41202,BELEN DE ANDAMARCA,desnutricion global,nutricion normal (n),2006-07-01,0,21,0,0,0,21,21
50104,BELEN DE URMIRI,desnutricion global,nutricion normal (n),2006-07-01,9,5,5,4,14,9,23
90104,BELLA FLOR,desnutricion global,nutricion normal (n),2006-07-01,28,42,35,46,63,88,151
60202,BERMEJO,desnutricion global,nutricion normal (n),2006-07-01,63,56,52,56,115,112,227
50301,BETANZOS,desnutricion global,nutricion normal (n),2006-07-01,189,196,243,211,432,407,839
31501,BOLIVAR,desnutricion global,nutricion normal (n),2006-07-01,52,44,45,45,97,89,186
90103,BOLPEBRA,desnutricion global,nutricion normal (n),2006-07-01,17,14,17,16,34,30,64
70707,BOYUIBE,desnutricion global,nutricion normal (n),2006-07-01,23,19,16,17,39,36,75
70401,BUENA VISTA,desnutricion global,nutricion normal (n),2006-07-01,147,121,121,128,268,249,517
70703,CABEZAS,desnutricion global,nutricion normal (n),2006-07-01,80,98,77,53,157,151,308
20905,CAIROMA,desnutricion global,nutricion normal (n),2006-07-01,106,81,64,56,170,137,307
51102,"CAIZA ""D""",desnutricion global,nutricion normal (n),2006-07-01,58,53,63,71,121,124,245
21003,CAJUATA,desnutricion global,nutricion normal (n),2006-07-01,84,75,44,51,128,126,254
20303,CALACOTO,desnutricion global,nutricion normal (n),2006-07-01,54,40,37,25,91,65,156
21304,CALAMARCA,desnutricion global,nutricion normal (n),2006-07-01,93,130,75,59,168,189,357
10701,CAMARGO,desnutricion global,nutricion normal (n),2006-07-01,164,164,130,103,294,267,561
10901,CAMATAQUI (C. VILLA ABECIA),desnutricion global,nutricion normal (n),2006-07-01,27,16,18,12,45,28,73
70706,CAMIRI,desnutricion global,nutricion normal (n),2006-07-01,229,226,197,192,426,418,844
30701,CAPINOTA,desnutricion global,nutricion normal (n),2006-07-01,49,51,32,31,81,82,163
20302,CAQUIAVIRI,desnutricion global,nutricion normal (n),2006-07-01,32,36,9,9,41,45,86
40102,CARACOLLO,desnutricion global,nutricion normal (n),2006-07-01,69,64,20,20,89,84,173
22001,CARANAVI,desnutricion global,nutricion normal (n),2006-07-01,424,363,215,216,639,579,1218
41503,CARANGAS,desnutricion global,nutricion normal (n),2006-07-01,4,3,0,0,4,3,7
60302,CARAPARI,desnutricion global,nutricion normal (n),2006-07-01,69,74,77,84,146,158,304
50702,CARIPUYO,desnutricion global,nutricion normal (n),2006-07-01,96,69,97,103,193,172,365
71403,CARMEN RIVERO TORREZ,desnutricion global,nutricion normal (n),2006-07-01,37,20,20,38,57,58,115
21902,CATACORA,desnutricion global,nutricion normal (n),2006-07-01,7,8,10,9,17,17,34
21803,CHACARILLA,desnutricion global,nutricion normal (n),2006-07-01,7,10,7,12,14,22,36
40201,CHALLAPATA,desnutricion global,nutricion normal (n),2006-07-01,108,93,95,81,203,174,377
50302,CHAQUI,desnutricion global,nutricion normal (n),2006-07-01,46,59,40,40,86,99,185
70702,CHARAGUA,desnutricion global,nutricion normal (n),2006-07-01,250,182,179,156,429,338,767
20305,CHARAÑA,desnutricion global,nutricion normal (n),2006-07-01,14,17,19,17,33,34,67
50202,CHAYANTA,desnutricion global,nutricion normal (n),2006-07-01,95,77,80,85,175,162,337
31204,CHIMORE,desnutricion global,nutricion normal (n),2006-07-01,26,30,54,38,80,68,148
40903,CHIPAYA,desnutricion global,nutricion normal (n),2006-07-01,7,9,9,3,16,12,28
40302,CHOQUE COTA,desnutricion global,nutricion normal (n),2006-07-01,9,4,9,7,18,11,29
21101,CHULUMANI (V. DE LA LIBERTAD),desnutricion global,nutricion normal (n),2006-07-01,52,53,17,24,69,77,146
20501,CHUMA,desnutricion global,nutricion normal (n),2006-07-01,64,61,32,48,96,109,205
30801,CLIZA,desnutricion global,nutricion normal (n),2006-07-01,92,83,27,29,119,112,231
90101,COBIJA,desnutricion global,nutricion normal (n),2006-07-01,248,226,149,152,397,378,775
30101,COCHABAMBA,desnutricion global,nutricion normal (n),2006-07-01,1465,1285,737,631,2202,1916,4118
40902,COIPASA,desnutricion global,nutricion normal (n),2006-07-01,2,4,4,1,6,5,11
30905,COLCAPIRHUA,desnutricion global,nutricion normal (n),2006-07-01,233,211,100,93,333,304,637
50901,"COLCHA ""K""",desnutricion global,nutricion normal (n),2006-07-01,78,72,47,46,125,118,243
21307,COLLANA,desnutricion global,nutricion normal (n),2006-07-01,12,4,4,1,16,5,21
31002,COLOMI,desnutricion global,nutricion normal (n),2006-07-01,123,145,68,65,191,210,401
70603,COLPA BELGICA,desnutricion global,nutricion normal (n),2006-07-01,53,41,15,19,68,60,128
50401,COLQUECHACA,desnutricion global,nutricion normal (n),2006-07-01,113,98,33,29,146,127,273
21306,COLQUENCHA,desnutricion global,nutricion normal (n),2006-07-01,40,40,27,27,67,67,134
21004,COLQUIRI,desnutricion global,nutricion normal (n),2006-07-01,106,101,72,101,178,202,380
20304,COMANCHE,desnutricion global,nutricion normal (n),2006-07-01,20,14,8,5,28,19,47
71301,COMARAPA,desnutricion global,nutricion normal (n),2006-07-01,77,72,52,56,129,128,257
20605,COMBAYA,desnutricion global,nutricion normal (n),2006-07-01,12,16,20,18,32,34,66
71101,CONCEPCION,desnutricion global,nutricion normal (n),2006-07-01,49,38,14,13,63,51,114
21701,COPACABANA,desnutricion global,nutricion normal (n),2006-07-01,76,80,85,64,161,144,305
21402,CORIPATA,desnutricion global,nutricion normal (n),2006-07-01,90,87,69,53,159,140,299
20301,CORO CORO,desnutricion global,nutricion normal (n),2006-07-01,41,46,42,31,83,77,160
21401,COROICO,desnutricion global,nutricion normal (n),2006-07-01,68,63,62,44,130,107,237
40301,CORQUE,desnutricion global,nutricion normal (n),2006-07-01,24,27,17,18,41,45,86
50601,COTAGAITA,desnutricion global,nutricion normal (n),2006-07-01,149,163,95,81,244,244,488
70102,COTOCA,desnutricion global,nutricion normal (n),2006-07-01,274,239,96,89,370,328,698
71106,CUATRO CAÑADAS,desnutricion global,nutricion normal (n),2006-07-01,37,29,54,28,91,57,148
31405,CUCHUMUELA (V. G. VILLARROEL),desnutricion global,nutricion normal (n),2006-07-01,9,2,9,9,18,11,29
70704,CUEVO,desnutricion global,nutricion normal (n),2006-07-01,30,57,39,47,69,104,173
10902,CULPINA,desnutricion global,nutricion normal (n),2006-07-01,148,184,198,173,346,357,703
40401,CURAHUARA DE CARANGAS,desnutricion global,nutricion normal (n),2006-07-01,16,18,15,15,31,33,64
21602,CURVA,desnutricion global,nutricion normal (n),2006-07-01,10,13,12,11,22,24,46
20804,DESAGUADERO,desnutricion global,nutricion normal (n),2006-07-01,22,14,6,4,28,18,46
20105,EL ALTO,desnutricion global,nutricion normal (n),2006-07-01,3076,2829,1309,1137,4385,3966,8351
40103,EL CHORO,desnutricion global,nutricion normal (n),2006-07-01,11,12,12,5,23,17,40
71503,EL PUENTE(STC),desnutricion global,nutricion normal (n),2006-07-01,145,154,114,128,259,282,541
60502,EL PUENTE(TJA),desnutricion global,nutricion normal (n),2006-07-01,61,53,90,71,151,124,275
70105,EL TORNO,desnutricion global,nutricion normal (n),2006-07-01,197,154,85,83,282,237,519
10405,EL VILLAR,desnutricion global,nutricion normal (n),2006-07-01,83,80,68,65,151,145,296
60601,ENTRE RIOS,desnutricion global,nutricion normal (n),2006-07-01,166,147,153,133,319,280,599
60601,ENTRE RIOS,desnutricion global,nutricion normal (n),2006-07-01,117,98,74,69,191,167,358
40502,ESCARA,desnutricion global,nutricion normal (n),2006-07-01,0,0,3,1,3,1,4
40505,ESMERALDA,desnutricion global,nutricion normal (n),2006-07-01,0,1,1,0,1,1,2
41101,EUCALIPTUS,desnutricion global,nutricion normal (n),2006-07-01,22,24,37,31,59,55,114
90503,EUREKA (SANTOS MERCADO),desnutricion global,nutricion normal (n),2006-07-01,16,14,17,15,33,29,62
80402,EXALTACION,desnutricion global,nutricion normal (n),2006-07-01,11,8,16,12,27,20,47
71004,FERNANDEZ ALONSO,desnutricion global,nutricion normal (n),2006-07-01,135,126,112,116,247,242,489
90203,FILADELFIA,desnutricion global,nutricion normal (n),2006-07-01,23,25,21,35,44,60,104
71002,GENERAL SAAVEDRA,desnutricion global,nutricion normal (n),2006-07-01,120,98,104,103,224,201,425
21601,GRAL. J.J. PEREZ (CHARAZANI),desnutricion global,nutricion normal (n),2006-07-01,44,55,65,53,109,108,217
20602,GUANAY,desnutricion global,nutricion normal (n),2006-07-01,83,73,74,60,157,133,290
20802,GUAQUI,desnutricion global,nutricion normal (n),2006-07-01,20,27,13,15,33,42,75
80202,GUAYARAMERIN,desnutricion global,nutricion normal (n),2006-07-01,280,227,121,142,401,369,770
70705,GUTIERREZ,desnutricion global,nutricion normal (n),2006-07-01,105,102,134,145,239,247,486
10502,HUACARETA,desnutricion global,nutricion normal (n),2006-07-01,78,77,86,84,164,161,325
11002,HUACAYA (VILLA DE HUACAYA),desnutricion global,nutricion normal (n),2006-07-01,35,31,41,45,76,76,152
40501,HUACHACALLA,desnutricion global,nutricion normal (n),2006-07-01,3,7,9,3,12,10,22
40701,HUANUNI,desnutricion global,nutricion normal (n),2006-07-01,109,102,40,52,149,154,303
80803,HUARACAJE,desnutricion global,nutricion normal (n),2006-07-01,21,23,15,20,36,43,79
41601,HUAYLLAMARCA,desnutricion global,nutricion normal (n),2006-07-01,19,32,9,11,28,43,71
21005,ICHOCA,desnutricion global,nutricion normal (n),2006-07-01,32,31,35,33,67,64,131
10304,ICLA,desnutricion global,nutricion normal (n),2006-07-01,106,133,171,156,277,289,566
10703,INCAHUASI,desnutricion global,nutricion normal (n),2006-07-01,145,162,113,81,258,243,501
21001,INQUISIVI,desnutricion global,nutricion normal (n),2006-07-01,100,104,77,70,177,174,351
21102,IRUPANA (VILLA DE LANZA),desnutricion global,nutricion normal (n),2006-07-01,121,90,109,88,230,178,408
21501,IXIAMAS,desnutricion global,nutricion normal (n),2006-07-01,78,86,63,48,141,134,275
20806,JESUS DE MACHACA,desnutricion global,nutricion normal (n),2006-07-01,48,58,28,30,76,88,164
21105,LA ASUNTA,desnutricion global,nutricion normal (n),2006-07-01,178,139,44,40,222,179,401
70104,LA GUARDIA,desnutricion global,nutricion normal (n),2006-07-01,393,350,174,149,567,499,1066
20101,LA PAZ,desnutricion global,nutricion normal (n),2006-07-01,2654,2502,1188,1125,3842,3627,7469
41501,LA RIVERA,desnutricion global,nutricion normal (n),2006-07-01,1,3,0,5,1,8,9
70701,LAGUNILLAS,desnutricion global,nutricion normal (n),2006-07-01,74,52,67,83,141,135,276
21202,LAJA,desnutricion global,nutricion normal (n),2006-07-01,122,97,38,44,160,141,301
10903,LAS CARRERAS,desnutricion global,nutricion normal (n),2006-07-01,35,36,42,40,77,76,153
21006,LICOMA PAMPA,desnutricion global,nutricion normal (n),2006-07-01,22,15,3,8,25,23,48
50203,LLALLAGUA,desnutricion global,nutricion normal (n),2006-07-01,370,302,400,319,770,621,1391
51401,LLICA,desnutricion global,nutricion normal (n),2006-07-01,41,30,30,21,71,51,122
80601,LORETO,desnutricion global,nutricion normal (n),2006-07-01,17,17,19,21,36,38,74
20901,LURIBAY,desnutricion global,nutricion normal (n),2006-07-01,119,80,68,75,187,155,342
40702,MACHACAMARCA,desnutricion global,nutricion normal (n),2006-07-01,18,23,9,6,27,29,56
11003,MACHARETI,desnutricion global,nutricion normal (n),2006-07-01,88,79,108,130,196,209,405
80801,MAGDALENA,desnutricion global,nutricion normal (n),2006-07-01,101,74,93,79,194,153,347
70903,MAIRANA,desnutricion global,nutricion normal (n),2006-07-01,60,67,22,19,82,86,168
20904,MALLA,desnutricion global,nutricion normal (n),2006-07-01,16,12,25,31,41,43,84
20607,MAPIRI,desnutricion global,nutricion normal (n),2006-07-01,115,128,52,45,167,173,340
20103,MECAPACA,desnutricion global,nutricion normal (n),2006-07-01,86,55,25,34,111,89,200
71003,MINEROS,desnutricion global,nutricion normal (n),2006-07-01,111,126,84,69,195,195,390
31301,MIZQUE,desnutricion global,nutricion normal (n),2006-07-01,148,148,99,116,247,264,511
20402,MOCOMOCO,desnutricion global,nutricion normal (n),2006-07-01,84,88,33,33,117,121,238
51002,MOJINETE,desnutricion global,nutricion normal (n),2006-07-01,8,6,3,3,11,9,20
10303,MOJOCOYA,desnutricion global,nutricion normal (n),2006-07-01,75,67,87,71,162,138,300
10501,MONTEAGUDO,desnutricion global,nutricion normal (n),2006-07-01,177,172,224,182,401,354,755
71001,MONTERO,desnutricion global,nutricion normal (n),2006-07-01,922,871,642,633,1564,1504,3068
70803,MORO MORO,desnutricion global,nutricion normal (n),2006-07-01,12,10,9,9,21,19,40
30302,MOROCHATA,desnutricion global,nutricion normal (n),2006-07-01,122,106,94,74,216,180,396
90501,NUEVO MANOA (NUEVA ESPERANZA),desnutricion global,nutricion normal (n),2006-07-01,17,10,9,14,26,24,50
50404,OCURI,desnutricion global,nutricion normal (n),2006-07-01,136,121,102,119,238,240,478
70202,OKINAWA,desnutricion global,nutricion normal (n),2006-07-01,150,141,83,99,233,240,473
30203,OMEREQUE,desnutricion global,nutricion normal (n),2006-07-01,30,36,18,16,48,52,100
40101,ORURO,desnutricion global,nutricion normal (n),2006-07-01,1126,983,504,438,1630,1421,3051
60201,PADCAYA,desnutricion global,nutricion normal (n),2006-07-01,115,103,117,136,232,239,471
10401,PADILLA,desnutricion global,nutricion normal (n),2006-07-01,147,124,193,167,340,291,631
20102,PALCA,desnutricion global,nutricion normal (n),2006-07-01,64,62,19,32,83,94,177
21104,PALOS BLANCOS,desnutricion global,nutricion normal (n),2006-07-01,159,134,108,100,267,234,501
40802,PAMPA AULLAGAS,desnutricion global,nutricion normal (n),2006-07-01,10,16,8,13,18,29,47
70902,PAMPA GRANDE,desnutricion global,nutricion normal (n),2006-07-01,50,57,43,50,93,107,200
21802,PAPEL PAMPA,desnutricion global,nutricion normal (n),2006-07-01,28,20,6,14,34,34,68
30202,PASORAPA,desnutricion global,nutricion normal (n),2006-07-01,29,30,53,42,82,72,154
21305,PATACAMAYA,desnutricion global,nutricion normal (n),2006-07-01,199,186,98,59,297,245,542
40602,PAZÑA,desnutricion global,nutricion normal (n),2006-07-01,21,29,23,18,44,47,91
20702,PELECHUCO,desnutricion global,nutricion normal (n),2006-07-01,24,19,21,13,45,32,77
50403,POCOATA,desnutricion global,nutricion normal (n),2006-07-01,146,127,104,84,250,211,461
31203,POCONA,desnutricion global,nutricion normal (n),2006-07-01,80,64,53,47,133,111,244
31202,POJO (CBBA),desnutricion global,nutricion normal (n),2006-07-01,93,84,64,58,157,142,299
40601,POOPO,desnutricion global,nutricion normal (n),2006-07-01,44,39,38,41,82,80,162
51203,PORCO,desnutricion global,nutricion normal (n),2006-07-01,38,42,14,6,52,48,100
10103,POROMA,desnutricion global,nutricion normal (n),2006-07-01,159,131,119,100,278,231,509
70103,PORONGO,desnutricion global,nutricion normal (n),2006-07-01,49,30,26,28,75,58,133
70601,PORTACHUELO,desnutricion global,nutricion normal (n),2006-07-01,162,131,93,103,255,234,489
90102,PORVENIR,desnutricion global,nutricion normal (n),2006-07-01,41,46,29,29,70,75,145
70804,POSTRER VALLE,desnutricion global,nutricion normal (n),2006-07-01,16,16,13,21,29,37,66
50101,POTOSI,desnutricion global,nutricion normal (n),2006-07-01,792,611,314,283,1106,894,2000
10302,PRESTO,desnutricion global,nutricion normal (n),2006-07-01,55,56,85,59,140,115,255
70805,PUCARA,desnutricion global,nutricion normal (n),2006-07-01,8,5,0,0,8,5,13
21201,PUCARANI,desnutricion global,nutricion normal (n),2006-07-01,154,148,55,55,209,203,412
20401,PUERTO ACOSTA,desnutricion global,nutricion normal (n),2006-07-01,92,97,73,54,165,151,316
20403,PUERTO CARABUCO,desnutricion global,nutricion normal (n),2006-07-01,91,76,81,74,172,150,322
90301,PUERTO GONZALO MORENO,desnutricion global,nutricion normal (n),2006-07-01,33,24,15,14,48,38,86
21204,PUERTO PEREZ,desnutricion global,nutricion normal (n),2006-07-01,61,46,44,44,105,90,195
71402,PUERTO QUIJARRO,desnutricion global,nutricion normal (n),2006-07-01,65,83,23,16,88,99,187
90201,PUERTO RICO,desnutricion global,nutricion normal (n),2006-07-01,52,37,28,43,80,80,160
80703,PUERTO SILES,desnutricion global,nutricion normal (n),2006-07-01,25,18,27,32,52,50,102
71401,PUERTO SUAREZ,desnutricion global,nutricion normal (n),2006-07-01,78,72,25,35,103,107,210
31205,PUERTO VILLARROEL,desnutricion global,nutricion normal (n),2006-07-01,157,122,100,100,257,222,479
51101,PUNA,desnutricion global,nutricion normal (n),2006-07-01,226,176,235,157,461,333,794
31401,PUNATA,desnutricion global,nutricion normal (n),2006-07-01,198,188,107,109,305,297,602
20604,QUIABAYA,desnutricion global,nutricion normal (n),2006-07-01,21,17,12,14,33,31,64
30901,QUILLACOLLO,desnutricion global,nutricion normal (n),2006-07-01,498,546,242,123,740,669,1409
21002,QUIME,desnutricion global,nutricion normal (n),2006-07-01,72,65,60,86,132,151,283
70904,QUIRUSILLAS,desnutricion global,nutricion normal (n),2006-07-01,29,8,24,15,53,23,76
50402,RAVELO,desnutricion global,nutricion normal (n),2006-07-01,135,140,140,150,275,290,565
80301,REYES,desnutricion global,nutricion normal (n),2006-07-01,76,96,51,40,127,136,263
80201,RIBERALTA,desnutricion global,nutricion normal (n),2006-07-01,867,734,289,254,1156,988,2144
80304,RURRENABAQUE,desnutricion global,nutricion normal (n),2006-07-01,79,71,22,33,101,104,205
40901,SABAYA,desnutricion global,nutricion normal (n),2006-07-01,19,15,13,8,32,23,55
31001,SACABA,desnutricion global,nutricion normal (n),2006-07-01,558,412,192,182,750,594,1344
30404,SACABAMBA,desnutricion global,nutricion normal (n),2006-07-01,7,6,7,30,14,36,50
50701,SACACA,desnutricion global,nutricion normal (n),2006-07-01,132,111,160,127,292,238,530
71302,SAIPINA,desnutricion global,nutricion normal (n),2006-07-01,32,34,38,36,70,70,140
40801,SALINAS DE GARCI MENDOZA,desnutricion global,nutricion normal (n),2006-07-01,64,41,60,62,124,103,227
70901,SAMAIPATA,desnutricion global,nutricion normal (n),2006-07-01,53,51,32,24,85,75,160
51601,SAN AGUSTIN,desnutricion global,nutricion normal (n),2006-07-01,14,12,10,14,24,26,50
80602,SAN ANDRES,desnutricion global,nutricion normal (n),2006-07-01,53,65,44,30,97,95,192
20805,SAN ANDRES DE MACHACA,desnutricion global,nutricion normal (n),2006-07-01,33,24,23,27,56,51,107
51003,SAN ANTONIO DE ESMORUCO,desnutricion global,nutricion normal (n),2006-07-01,7,8,7,7,14,15,29
71105,SAN ANTONIO DE LOMERIO,desnutricion global,nutricion normal (n),2006-07-01,109,86,83,62,192,148,340
31403,SAN BENITO,desnutricion global,nutricion normal (n),2006-07-01,74,61,16,23,90,84,174
80302,SAN BORJA,desnutricion global,nutricion normal (n),2006-07-01,344,336,137,123,481,459,940
21502,SAN BUENA VENTURA,desnutricion global,nutricion normal (n),2006-07-01,69,62,40,36,109,98,207
70402,SAN CARLOS,desnutricion global,nutricion normal (n),2006-07-01,148,180,68,85,216,265,481
80501,SAN IGNACIO,desnutricion global,nutricion normal (n),2006-07-01,183,155,125,136,308,291,599
70301,SAN IGNACIO DE VELASCO,desnutricion global,nutricion normal (n),2006-07-01,318,277,197,191,515,468,983
80102,SAN JAVIER(BNI),desnutricion global,nutricion normal (n),2006-07-01,9,19,28,28,37,47,84
80701,SAN JOAQUIN,desnutricion global,nutricion normal (n),2006-07-01,12,16,22,24,34,40,74
70404,SAN JUAN DE YAPACANI,desnutricion global,nutricion normal (n),2006-07-01,73,72,46,38,119,110,229
71104,SAN JULIAN,desnutricion global,nutricion normal (n),2006-07-01,125,106,137,130,262,236,498
60501,SAN LORENZO(TJA),desnutricion global,nutricion normal (n),2006-07-01,120,99,92,91,212,190,402
10702,SAN LUCAS,desnutricion global,nutricion normal (n),2006-07-01,327,301,283,321,610,622,1232
71201,SAN MATIAS,desnutricion global,nutricion normal (n),2006-07-01,100,103,58,56,158,159,317
70302,SAN MIGUEL DE VELASCO,desnutricion global,nutricion normal (n),2006-07-01,91,80,41,29,132,109,241
51001,SAN PABLO DE LIPEZ,desnutricion global,nutricion normal (n),2006-07-01,14,9,9,13,23,22,45
71005,SAN PEDRO,desnutricion global,nutricion normal (n),2006-07-01,143,128,88,85,231,213,444
50501,SAN PEDRO DE BUENA VISTA,desnutricion global,nutricion normal (n),2006-07-01,91,98,67,56,158,154,312
21801,SAN PEDRO DE CURAHUARA,desnutricion global,nutricion normal (n),2006-07-01,25,39,37,47,62,86,148
50902,SAN PEDRO DE QUEMES,desnutricion global,nutricion normal (n),2006-07-01,4,9,8,8,12,17,29
21702,SAN PEDRO DE TIQUINA,desnutricion global,nutricion normal (n),2006-07-01,21,31,33,24,54,55,109
90202,SAN PEDRO(PND),desnutricion global,nutricion normal (n),2006-07-01,7,6,8,8,15,14,29
70303,SAN RAFAEL,desnutricion global,nutricion normal (n),2006-07-01,43,59,42,39,85,98,183
80702,SAN RAMON,desnutricion global,nutricion normal (n),2006-07-01,35,37,26,16,61,53,114
80401,SANTA ANA,desnutricion global,nutricion normal (n),2006-07-01,105,110,58,58,163,168,331
70101,SANTA CRUZ DE LA SIERRA,desnutricion global,nutricion normal (n),2006-07-01,4855,4234,2208,1974,7063,6208,13271
80303,SANTA ROSA,desnutricion global,nutricion normal (n),2006-07-01,36,30,19,7,55,37,92
70602,SANTA ROSA DEL SARA,desnutricion global,nutricion normal (n),2006-07-01,105,102,92,64,197,166,363
20308,SANTIAGO DE CALLAPA,desnutricion global,nutricion normal (n),2006-07-01,6,16,10,15,16,31,47
41401,SANTIAGO DE HUARI,desnutricion global,nutricion normal (n),2006-07-01,33,24,33,26,66,50,116
21901,SANTIAGO DE MACHACA,desnutricion global,nutricion normal (n),2006-07-01,26,15,7,5,33,20,53
30702,SANTIVAÑES,desnutricion global,nutricion normal (n),2006-07-01,38,29,14,16,52,45,97
40202,SANTUARIO DE QUILLACAS,desnutricion global,nutricion normal (n),2006-07-01,12,14,28,17,40,31,71
20902,SAPAHAQUI,desnutricion global,nutricion normal (n),2006-07-01,52,50,53,41,105,91,196
21301,SICA SICA (VILLA AROMA),desnutricion global,nutricion normal (n),2006-07-01,126,93,69,88,195,181,376
30703,SICAYA,desnutricion global,nutricion normal (n),2006-07-01,15,22,7,1,22,23,45
30902,SIPE SIPE,desnutricion global,nutricion normal (n),2006-07-01,251,199,128,124,379,323,702
10403,SOPACHUY,desnutricion global,nutricion normal (n),2006-07-01,116,85,100,91,216,176,392
40104,SORACACHI,desnutricion global,nutricion normal (n),2006-07-01,29,47,31,12,60,59,119
20601,SORATA,desnutricion global,nutricion normal (n),2006-07-01,122,106,92,101,214,207,421
10101,SUCRE,desnutricion global,nutricion normal (n),2006-07-01,1143,1086,779,776,1922,1862,3784
31404,TACACHI,desnutricion global,nutricion normal (n),2006-07-01,5,5,0,0,5,5,10
20603,TACACOMA,desnutricion global,nutricion normal (n),2006-07-01,53,34,34,38,87,72,159
50303,TACOBAMBA,desnutricion global,nutricion normal (n),2006-07-01,69,67,36,31,105,98,203
30602,TACOPAYA,desnutricion global,nutricion normal (n),2006-07-01,74,64,61,51,135,115,250
51402,TAHUA,desnutricion global,nutricion normal (n),2006-07-01,5,2,0,3,5,5,10
31101,TAPACARI,desnutricion global,nutricion normal (n),2006-07-01,167,171,145,151,312,322,634
10601,TARABUCO,desnutricion global,nutricion normal (n),2006-07-01,155,173,245,233,400,406,806
20807,TARACO,desnutricion global,nutricion normal (n),2006-07-01,17,13,20,8,37,21,58
30401,TARATA,desnutricion global,nutricion normal (n),2006-07-01,38,51,21,13,59,64,123
60101,TARIJA,desnutricion global,nutricion normal (n),2006-07-01,918,863,461,524,1379,1387,2766
10202,TARVITA,desnutricion global,nutricion normal (n),2006-07-01,229,221,281,259,510,480,990
20608,TEOPONTE,desnutricion global,nutricion normal (n),2006-07-01,64,68,58,40,122,108,230
20803,TIAWANACU,desnutricion global,nutricion normal (n),2006-07-01,67,67,53,40,120,107,227
50102,TINGUIPAYA,desnutricion global,nutricion normal (n),2006-07-01,104,94,80,79,184,173,357
20606,TIPUANI,desnutricion global,nutricion normal (n),2006-07-01,68,54,32,19,100,73,173
30903,TIQUIPAYA,desnutricion global,nutricion normal (n),2006-07-01,102,68,39,41,141,109,250
31601,TIRAQUE (CBBA),desnutricion global,nutricion normal (n),2006-07-01,221,171,125,138,346,309,655
21703,TITO YUPANQUI (PARQUIPUJIO),desnutricion global,nutricion normal (n),2006-07-01,12,15,6,14,18,29,47
30802,TOCO,desnutricion global,nutricion normal (n),2006-07-01,18,11,16,11,34,22,56
30803,TOLATA,desnutricion global,nutricion normal (n),2006-07-01,31,22,10,7,41,29,70
41001,TOLEDO,desnutricion global,nutricion normal (n),2006-07-01,31,36,32,44,63,80,143
51202,TOMAVE,desnutricion global,nutricion normal (n),2006-07-01,62,15,36,12,98,27,125
10402,TOMINA,desnutricion global,nutricion normal (n),2006-07-01,133,95,124,137,257,232,489
50502,TORO TORO,desnutricion global,nutricion normal (n),2006-07-01,78,77,60,48,138,125,263
31201,TOTORA(CBBA),desnutricion global,nutricion normal (n),2006-07-01,79,67,26,31,105,98,203
41301,TOTORA(ORR),desnutricion global,nutricion normal (n),2006-07-01,30,26,18,24,48,50,98
70802,TRIGAL,desnutricion global,nutricion normal (n),2006-07-01,12,7,11,12,23,19,42
80101,TRINIDAD,desnutricion global,nutricion normal (n),2006-07-01,647,414,251,211,898,625,1523
50801,TUPIZA,desnutricion global,nutricion normal (n),2006-07-01,324,276,260,267,584,543,1127
40402,TURCO,desnutricion global,nutricion normal (n),2006-07-01,10,12,6,7,16,19,35
21302,UMALA,desnutricion global,nutricion normal (n),2006-07-01,19,14,23,27,42,41,83
50201,UNCIA,desnutricion global,nutricion normal (n),2006-07-01,139,111,86,89,225,200,425
60401,URIONDO (A. CONCEPCION),desnutricion global,nutricion normal (n),2006-07-01,143,106,106,122,249,228,477
71502,URUBICHA,desnutricion global,nutricion normal (n),2006-07-01,4,0,10,10,14,10,24
51201,UYUNI,desnutricion global,nutricion normal (n),2006-07-01,219,171,81,84,300,255,555
30502,VACAS,desnutricion global,nutricion normal (n),2006-07-01,44,42,20,11,64,53,117
70801,VALLEGRANDE,desnutricion global,nutricion normal (n),2006-07-01,98,94,73,83,171,177,348
20801,VIACHA,desnutricion global,nutricion normal (n),2006-07-01,186,168,67,86,253,254,507
31302,VILA VILA,desnutricion global,nutricion normal (n),2006-07-01,8,12,16,14,24,26,50
60303,VILLA MONTES,desnutricion global,nutricion normal (n),2006-07-01,121,101,90,106,211,207,418
90502,VILLA NUEVA (LOMA ALTA),desnutricion global,nutricion normal (n),2006-07-01,14,19,18,24,32,43,75
31402,VILLA RIVERO,desnutricion global,nutricion normal (n),2006-07-01,18,20,19,5,37,25,62
10801,VILLA SERRANO,desnutricion global,nutricion normal (n),2006-07-01,108,134,163,170,271,304,575
31003,VILLA TUNARI,desnutricion global,nutricion normal (n),2006-07-01,370,334,191,154,561,488,1049
11001,VILLA VACA GUZMAN (MUYUPAMPA),desnutricion global,nutricion normal (n),2006-07-01,100,117,138,136,238,253,491
51501,VILLAZON,desnutricion global,nutricion normal (n),2006-07-01,209,203,149,139,358,342,700
30904,VINTO,desnutricion global,nutricion normal (n),2006-07-01,173,122,17,10,190,132,322
50602,VITICHI,desnutricion global,nutricion normal (n),2006-07-01,46,47,42,60,88,107,195
20306,WALDO BALLIVIAN,desnutricion global,nutricion normal (n),2006-07-01,9,4,4,1,13,5,18
70201,WARNES,desnutricion global,nutricion normal (n),2006-07-01,438,373,238,213,676,586,1262
20903,YACO,desnutricion global,nutricion normal (n),2006-07-01,40,26,18,15,58,41,99
60301,YACUIBA,desnutricion global,nutricion normal (n),2006-07-01,161,139,92,90,253,229,482
10602,YAMPARAEZ,desnutricion global,nutricion normal (n),2006-07-01,84,97,168,153,252,250,502
21103,YANACACHI,desnutricion global,nutricion normal (n),2006-07-01,18,18,22,19,40,37,77
70403,YAPACANI,desnutricion global,nutricion normal (n),2006-07-01,346,274,151,136,497,410,907
50103,YOCALLA,desnutricion global,nutricion normal (n),2006-07-01,21,15,30,28,51,43,94
10102,YOTALA,desnutricion global,nutricion normal (n),2006-07-01,83,72,133,135,216,207,423
60402,YUNCHARA,desnutricion global,nutricion normal (n),2006-07-01,39,46,64,58,103,104,207
10301,ZUDAÑEZ,desnutricion global,nutricion normal (n),2006-07-01,70,59,102,88,172,147,319
51302,ACACIO,desnutricion global,nutricion normal (n),2006-08-01,66,47,72,55,138,102,240
20201,ACHACACHI,desnutricion global,nutricion normal (n),2006-08-01,360,353,248,220,608,573,1181
20104,ACHOCALLA,desnutricion global,nutricion normal (n),2006-08-01,47,48,22,16,69,64,133
30201,AIQUILE,desnutricion global,nutricion normal (n),2006-08-01,94,70,54,45,148,115,263
10404,ALCALA,desnutricion global,nutricion normal (n),2006-08-01,34,31,35,30,69,61,130
20202,ANCORAIMES,desnutricion global,nutricion normal (n),2006-08-01,86,101,121,112,207,213,420
41201,ANDAMARCA,desnutricion global,nutricion normal (n),2006-08-01,20,24,40,34,60,58,118
40603,ANTEQUERA,desnutricion global,nutricion normal (n),2006-08-01,20,28,20,16,40,44,84
30402,ANZALDO,desnutricion global,nutricion normal (n),2006-08-01,25,38,45,25,70,63,133
20701,APOLO,desnutricion global,nutricion normal (n),2006-08-01,109,108,91,100,200,208,408
51301,ARAMPAMPA,desnutricion global,nutricion normal (n),2006-08-01,49,63,57,57,106,120,226
30501,ARANI,desnutricion global,nutricion normal (n),2006-08-01,58,45,34,24,92,69,161
30403,ARBIETO,desnutricion global,nutricion normal (n),2006-08-01,33,16,11,8,44,24,68
30601,ARQUE,desnutricion global,nutricion normal (n),2006-08-01,45,52,47,36,92,88,180
71501,ASCENCION DE GUARAYOS,desnutricion global,nutricion normal (n),2006-08-01,210,226,197,185,407,411,818
50802,ATOCHA,desnutricion global,nutricion normal (n),2006-08-01,70,68,49,65,119,133,252
20503,AUCAPATA,desnutricion global,nutricion normal (n),2006-08-01,50,41,32,36,82,77,159
20502,AYATA,desnutricion global,nutricion normal (n),2006-08-01,106,69,49,58,155,127,282
21303,AYO AYO,desnutricion global,nutricion normal (n),2006-08-01,23,35,19,18,42,53,95
30301,AYOPAYA (V. DE INDEPENDENCIA),desnutricion global,nutricion normal (n),2006-08-01,183,160,70,61,253,221,474
10201,AZURDUY,desnutricion global,nutricion normal (n),2006-08-01,210,171,205,144,415,315,730
21203,BATALLAS,desnutricion global,nutricion normal (n),2006-08-01,157,139,77,74,234,213,447
80802,BAURES,desnutricion global,nutricion normal (n),2006-08-01,39,42,31,60,70,102,172
41202,BELEN DE ANDAMARCA,desnutricion global,nutricion normal (n),2006-08-01,13,8,6,6,19,14,33
50104,BELEN DE URMIRI,desnutricion global,nutricion normal (n),2006-08-01,21,16,16,5,37,21,58
90104,BELLA FLOR,desnutricion global,nutricion normal (n),2006-08-01,30,34,22,29,52,63,115
60202,BERMEJO,desnutricion global,nutricion normal (n),2006-08-01,77,77,48,35,125,112,237
50301,BETANZOS,desnutricion global,nutricion normal (n),2006-08-01,188,185,215,181,403,366,769
31501,BOLIVAR,desnutricion global,nutricion normal (n),2006-08-01,36,30,29,34,65,64,129
90103,BOLPEBRA,desnutricion global,nutricion normal (n),2006-08-01,18,10,16,19,34,29,63
70707,BOYUIBE,desnutricion global,nutricion normal (n),2006-08-01,37,33,40,48,77,81,158
70401,BUENA VISTA,desnutricion global,nutricion normal (n),2006-08-01,196,149,145,128,341,277,618
70703,CABEZAS,desnutricion global,nutricion normal (n),2006-08-01,145,134,115,68,260,202,462
20905,CAIROMA,desnutricion global,nutricion normal (n),2006-08-01,98,80,63,87,161,167,328
51102,"CAIZA ""D""",desnutricion global,nutricion normal (n),2006-08-01,79,81,49,58,128,139,267
21003,CAJUATA,desnutricion global,nutricion normal (n),2006-08-01,80,65,25,32,105,97,202
20303,CALACOTO,desnutricion global,nutricion normal (n),2006-08-01,48,42,49,40,97,82,179
21304,CALAMARCA,desnutricion global,nutricion normal (n),2006-08-01,101,112,62,54,163,166,329
10701,CAMARGO,desnutricion global,nutricion normal (n),2006-08-01,168,197,178,113,346,310,656
10901,CAMATAQUI (C. VILLA ABECIA),desnutricion global,nutricion normal (n),2006-08-01,38,29,32,30,70,59,129
70706,CAMIRI,desnutricion global,nutricion normal (n),2006-08-01,267,254,225,249,492,503,995
30701,CAPINOTA,desnutricion global,nutricion normal (n),2006-08-01,87,82,38,42,125,124,249
20302,CAQUIAVIRI,desnutricion global,nutricion normal (n),2006-08-01,53,54,29,31,82,85,167
40102,CARACOLLO,desnutricion global,nutricion normal (n),2006-08-01,85,76,46,53,131,129,260
22001,CARANAVI,desnutricion global,nutricion normal (n),2006-08-01,400,385,245,224,645,609,1254
41503,CARANGAS,desnutricion global,nutricion normal (n),2006-08-01,6,0,0,1,6,1,7
60302,CARAPARI,desnutricion global,nutricion normal (n),2006-08-01,87,79,61,84,148,163,311
50702,CARIPUYO,desnutricion global,nutricion normal (n),2006-08-01,107,115,138,123,245,238,483
71403,CARMEN RIVERO TORREZ,desnutricion global,nutricion normal (n),2006-08-01,34,30,27,18,61,48,109
21902,CATACORA,desnutricion global,nutricion normal (n),2006-08-01,1,0,1,2,2,2,4
21803,CHACARILLA,desnutricion global,nutricion normal (n),2006-08-01,13,6,7,16,20,22,42
40201,CHALLAPATA,desnutricion global,nutricion normal (n),2006-08-01,180,159,127,126,307,285,592
50302,CHAQUI,desnutricion global,nutricion normal (n),2006-08-01,46,46,36,40,82,86,168
70702,CHARAGUA,desnutricion global,nutricion normal (n),2006-08-01,143,137,121,121,264,258,522
20305,CHARAÑA,desnutricion global,nutricion normal (n),2006-08-01,5,3,0,4,5,7,12
50202,CHAYANTA,desnutricion global,nutricion normal (n),2006-08-01,73,68,61,58,134,126,260
31204,CHIMORE,desnutricion global,nutricion normal (n),2006-08-01,36,48,31,27,67,75,142
40903,CHIPAYA,desnutricion global,nutricion normal (n),2006-08-01,7,9,8,11,15,20,35
40302,CHOQUE COTA,desnutricion global,nutricion normal (n),2006-08-01,9,4,8,5,17,9,26
21101,CHULUMANI (V. DE LA LIBERTAD),desnutricion global,nutricion normal (n),2006-08-01,35,40,3,8,38,48,86
20501,CHUMA,desnutricion global,nutricion normal (n),2006-08-01,73,61,20,29,93,90,183
30801,CLIZA,desnutricion global,nutricion normal (n),2006-08-01,139,120,46,54,185,174,359
90101,COBIJA,desnutricion global,nutricion normal (n),2006-08-01,279,237,214,183,493,420,913
30101,COCHABAMBA,desnutricion global,nutricion normal (n),2006-08-01,1875,1680,907,799,2782,2479,5261
40902,COIPASA,desnutricion global,nutricion normal (n),2006-08-01,1,0,2,4,3,4,7
30905,COLCAPIRHUA,desnutricion global,nutricion normal (n),2006-08-01,198,217,106,92,304,309,613
50901,"COLCHA ""K""",desnutricion global,nutricion normal (n),2006-08-01,110,103,59,56,169,159,328
21307,COLLANA,desnutricion global,nutricion normal (n),2006-08-01,15,8,7,5,22,13,35
31002,COLOMI,desnutricion global,nutricion normal (n),2006-08-01,203,154,86,66,289,220,509
70603,COLPA BELGICA,desnutricion global,nutricion normal (n),2006-08-01,53,39,20,19,73,58,131
50401,COLQUECHACA,desnutricion global,nutricion normal (n),2006-08-01,143,138,72,65,215,203,418
21306,COLQUENCHA,desnutricion global,nutricion normal (n),2006-08-01,29,36,56,51,85,87,172
21004,COLQUIRI,desnutricion global,nutricion normal (n),2006-08-01,91,101,51,78,142,179,321
20304,COMANCHE,desnutricion global,nutricion normal (n),2006-08-01,11,9,15,11,26,20,46
71301,COMARAPA,desnutricion global,nutricion normal (n),2006-08-01,92,115,62,68,154,183,337
20605,COMBAYA,desnutricion global,nutricion normal (n),2006-08-01,20,25,4,2,24,27,51
71101,CONCEPCION,desnutricion global,nutricion normal (n),2006-08-01,82,85,45,60,127,145,272
21701,COPACABANA,desnutricion global,nutricion normal (n),2006-08-01,67,57,44,37,111,94,205
21402,CORIPATA,desnutricion global,nutricion normal (n),2006-08-01,143,119,89,80,232,199,431
20301,CORO CORO,desnutricion global,nutricion normal (n),2006-08-01,54,46,45,35,99,81,180
21401,COROICO,desnutricion global,nutricion normal (n),2006-08-01,147,118,102,104,249,222,471
40301,CORQUE,desnutricion global,nutricion normal (n),2006-08-01,48,32,45,36,93,68,161
50601,COTAGAITA,desnutricion global,nutricion normal (n),2006-08-01,192,177,189,156,381,333,714
70102,COTOCA,desnutricion global,nutricion normal (n),2006-08-01,288,277,91,73,379,350,729
71106,CUATRO CAÑADAS,desnutricion global,nutricion normal (n),2006-08-01,53,58,51,51,104,109,213
31405,CUCHUMUELA (V. G. VILLARROEL),desnutricion global,nutricion normal (n),2006-08-01,27,20,9,8,36,28,64
70704,CUEVO,desnutricion global,nutricion normal (n),2006-08-01,25,57,49,49,74,106,180
10902,CULPINA,desnutricion global,nutricion normal (n),2006-08-01,213,206,183,182,396,388,784
40401,CURAHUARA DE CARANGAS,desnutricion global,nutricion normal (n),2006-08-01,34,35,33,30,67,65,132
21602,CURVA,desnutricion global,nutricion normal (n),2006-08-01,17,20,23,14,40,34,74
20804,DESAGUADERO,desnutricion global,nutricion normal (n),2006-08-01,39,27,36,27,75,54,129
20105,EL ALTO,desnutricion global,nutricion normal (n),2006-08-01,3862,3575,1762,1715,5624,5290,10914
40103,EL CHORO,desnutricion global,nutricion normal (n),2006-08-01,17,11,14,20,31,31,62
71503,EL PUENTE(STC),desnutricion global,nutricion normal (n),2006-08-01,112,113,99,79,211,192,403
60502,EL PUENTE(TJA),desnutricion global,nutricion normal (n),2006-08-01,64,63,104,92,168,155,323
70105,EL TORNO,desnutricion global,nutricion normal (n),2006-08-01,184,182,83,78,267,260,527
10405,EL VILLAR,desnutricion global,nutricion normal (n),2006-08-01,73,70,70,70,143,140,283
60601,ENTRE RIOS,desnutricion global,nutricion normal (n),2006-08-01,170,162,151,137,321,299,620
60601,ENTRE RIOS,desnutricion global,nutricion normal (n),2006-08-01,165,153,105,116,270,269,539
40502,ESCARA,desnutricion global,nutricion normal (n),2006-08-01,0,0,1,2,1,2,3
40505,ESMERALDA,desnutricion global,nutricion normal (n),2006-08-01,0,1,4,0,4,1,5
41101,EUCALIPTUS,desnutricion global,nutricion normal (n),2006-08-01,32,22,21,17,53,39,92
90503,EUREKA (SANTOS MERCADO),desnutricion global,nutricion normal (n),2006-08-01,15,11,23,15,38,26,64
80402,EXALTACION,desnutricion global,nutricion normal (n),2006-08-01,8,14,6,10,14,24,38
71004,FERNANDEZ ALONSO,desnutricion global,nutricion normal (n),2006-08-01,146,121,123,143,269,264,533
90203,FILADELFIA,desnutricion global,nutricion normal (n),2006-08-01,35,50,33,37,68,87,155
71002,GENERAL SAAVEDRA,desnutricion global,nutricion normal (n),2006-08-01,135,118,126,134,261,252,513
21601,GRAL. J.J. PEREZ (CHARAZANI),desnutricion global,nutricion normal (n),2006-08-01,64,50,56,46,120,96,216
20602,GUANAY,desnutricion global,nutricion normal (n),2006-08-01,89,95,81,65,170,160,330
20802,GUAQUI,desnutricion global,nutricion normal (n),2006-08-01,56,36,23,21,79,57,136
80202,GUAYARAMERIN,desnutricion global,nutricion normal (n),2006-08-01,282,243,129,130,411,373,784
70705,GUTIERREZ,desnutricion global,nutricion normal (n),2006-08-01,118,89,125,137,243,226,469
10502,HUACARETA,desnutricion global,nutricion normal (n),2006-08-01,117,101,139,110,256,211,467
11002,HUACAYA (VILLA DE HUACAYA),desnutricion global,nutricion normal (n),2006-08-01,37,36,37,41,74,77,151
40701,HUANUNI,desnutricion global,nutricion normal (n),2006-08-01,188,175,71,83,259,258,517
80803,HUARACAJE,desnutricion global,nutricion normal (n),2006-08-01,37,28,31,33,68,61,129
41601,HUAYLLAMARCA,desnutricion global,nutricion normal (n),2006-08-01,34,36,9,16,43,52,95
21005,ICHOCA,desnutricion global,nutricion normal (n),2006-08-01,37,34,19,20,56,54,110
10304,ICLA,desnutricion global,nutricion normal (n),2006-08-01,120,138,179,173,299,311,610
10703,INCAHUASI,desnutricion global,nutricion normal (n),2006-08-01,236,202,194,180,430,382,812
90402,INGAVI (HUMAITA),desnutricion global,nutricion normal (n),2006-08-01,9,5,13,9,22,14,36
21001,INQUISIVI,desnutricion global,nutricion normal (n),2006-08-01,115,104,85,78,200,182,382
21102,IRUPANA (VILLA DE LANZA),desnutricion global,nutricion normal (n),2006-08-01,137,136,113,99,250,235,485
21501,IXIAMAS,desnutricion global,nutricion normal (n),2006-08-01,95,94,102,69,197,163,360
20806,JESUS DE MACHACA,desnutricion global,nutricion normal (n),2006-08-01,75,58,49,43,124,101,225
21105,LA ASUNTA,desnutricion global,nutricion normal (n),2006-08-01,168,142,48,30,216,172,388
70104,LA GUARDIA,desnutricion global,nutricion normal (n),2006-08-01,403,420,149,142,552,562,1114
20101,LA PAZ,desnutricion global,nutricion normal (n),2006-08-01,3533,3216,1623,1725,5156,4941,10097
41501,LA RIVERA,desnutricion global,nutricion normal (n),2006-08-01,3,3,2,5,5,8,13
70701,LAGUNILLAS,desnutricion global,nutricion normal (n),2006-08-01,72,70,79,87,151,157,308
21202,LAJA,desnutricion global,nutricion normal (n),2006-08-01,170,131,59,64,229,195,424
10903,LAS CARRERAS,desnutricion global,nutricion normal (n),2006-08-01,45,54,49,45,94,99,193
21006,LICOMA PAMPA,desnutricion global,nutricion normal (n),2006-08-01,18,16,22,21,40,37,77
50203,LLALLAGUA,desnutricion global,nutricion normal (n),2006-08-01,311,274,305,279,616,553,1169
51401,LLICA,desnutricion global,nutricion normal (n),2006-08-01,39,33,35,29,74,62,136
80601,LORETO,desnutricion global,nutricion normal (n),2006-08-01,25,18,14,12,39,30,69
20901,LURIBAY,desnutricion global,nutricion normal (n),2006-08-01,89,95,89,74,178,169,347
40702,MACHACAMARCA,desnutricion global,nutricion normal (n),2006-08-01,7,12,5,6,12,18,30
11003,MACHARETI,desnutricion global,nutricion normal (n),2006-08-01,116,88,144,160,260,248,508
80801,MAGDALENA,desnutricion global,nutricion normal (n),2006-08-01,77,48,55,54,132,102,234
70903,MAIRANA,desnutricion global,nutricion normal (n),2006-08-01,103,79,54,38,157,117,274
20904,MALLA,desnutricion global,nutricion normal (n),2006-08-01,22,18,37,34,59,52,111
20607,MAPIRI,desnutricion global,nutricion normal (n),2006-08-01,128,117,69,60,197,177,374
20103,MECAPACA,desnutricion global,nutricion normal (n),2006-08-01,64,55,24,26,88,81,169
71003,MINEROS,desnutricion global,nutricion normal (n),2006-08-01,160,141,127,124,287,265,552
31301,MIZQUE,desnutricion global,nutricion normal (n),2006-08-01,159,177,106,113,265,290,555
20402,MOCOMOCO,desnutricion global,nutricion normal (n),2006-08-01,107,122,84,77,191,199,390
51002,MOJINETE,desnutricion global,nutricion normal (n),2006-08-01,4,5,10,8,14,13,27
10303,MOJOCOYA,desnutricion global,nutricion normal (n),2006-08-01,76,60,96,73,172,133,305
10501,MONTEAGUDO,desnutricion global,nutricion normal (n),2006-08-01,205,219,233,181,438,400,838
71001,MONTERO,desnutricion global,nutricion normal (n),2006-08-01,1076,970,609,607,1685,1577,3262
70803,MORO MORO,desnutricion global,nutricion normal (n),2006-08-01,24,14,22,18,46,32,78
30302,MOROCHATA,desnutricion global,nutricion normal (n),2006-08-01,109,91,68,65,177,156,333
90401,NACEBE (SANTA ROSA DEL ABUNA),desnutricion global,nutricion normal (n),2006-08-01,26,32,44,23,70,55,125
90501,NUEVO MANOA (NUEVA ESPERANZA),desnutricion global,nutricion normal (n),2006-08-01,0,1,1,2,1,3,4
50404,OCURI,desnutricion global,nutricion normal (n),2006-08-01,175,146,101,107,276,253,529
70202,OKINAWA,desnutricion global,nutricion normal (n),2006-08-01,99,94,78,77,177,171,348
30203,OMEREQUE,desnutricion global,nutricion normal (n),2006-08-01,61,50,32,36,93,86,179
40101,ORURO,desnutricion global,nutricion normal (n),2006-08-01,1358,1233,690,630,2048,1863,3911
60201,PADCAYA,desnutricion global,nutricion normal (n),2006-08-01,119,118,155,131,274,249,523
10401,PADILLA,desnutricion global,nutricion normal (n),2006-08-01,134,153,194,174,328,327,655
70502,PAILON,desnutricion global,nutricion normal (n),2006-08-01,12,213,139,23,151,236,387
20102,PALCA,desnutricion global,nutricion normal (n),2006-08-01,67,64,57,53,124,117,241
21104,PALOS BLANCOS,desnutricion global,nutricion normal (n),2006-08-01,206,162,151,131,357,293,650
40802,PAMPA AULLAGAS,desnutricion global,nutricion normal (n),2006-08-01,22,27,19,19,41,46,87
70902,PAMPA GRANDE,desnutricion global,nutricion normal (n),2006-08-01,59,67,52,45,111,112,223
21802,PAPEL PAMPA,desnutricion global,nutricion normal (n),2006-08-01,37,37,12,16,49,53,102
30202,PASORAPA,desnutricion global,nutricion normal (n),2006-08-01,31,38,57,53,88,91,179
21305,PATACAMAYA,desnutricion global,nutricion normal (n),2006-08-01,205,159,83,47,288,206,494
40602,PAZÑA,desnutricion global,nutricion normal (n),2006-08-01,36,49,41,45,77,94,171
20702,PELECHUCO,desnutricion global,nutricion normal (n),2006-08-01,46,26,26,21,72,47,119
50403,POCOATA,desnutricion global,nutricion normal (n),2006-08-01,136,143,118,103,254,246,500
31203,POCONA,desnutricion global,nutricion normal (n),2006-08-01,74,65,52,42,126,107,233
31202,POJO (CBBA),desnutricion global,nutricion normal (n),2006-08-01,84,74,32,27,116,101,217
40601,POOPO,desnutricion global,nutricion normal (n),2006-08-01,43,34,18,22,61,56,117
51203,PORCO,desnutricion global,nutricion normal (n),2006-08-01,65,77,17,16,82,93,175
10103,POROMA,desnutricion global,nutricion normal (n),2006-08-01,116,110,111,85,227,195,422
70103,PORONGO,desnutricion global,nutricion normal (n),2006-08-01,63,52,50,32,113,84,197
70601,PORTACHUELO,desnutricion global,nutricion normal (n),2006-08-01,147,151,98,97,245,248,493
90102,PORVENIR,desnutricion global,nutricion normal (n),2006-08-01,81,63,156,113,237,176,413
70804,POSTRER VALLE,desnutricion global,nutricion normal (n),2006-08-01,15,19,22,24,37,43,80
50101,POTOSI,desnutricion global,nutricion normal (n),2006-08-01,989,816,368,391,1357,1207,2564
10302,PRESTO,desnutricion global,nutricion normal (n),2006-08-01,61,46,104,61,165,107,272
70805,PUCARA,desnutricion global,nutricion normal (n),2006-08-01,25,12,25,25,50,37,87
21201,PUCARANI,desnutricion global,nutricion normal (n),2006-08-01,178,165,80,62,258,227,485
20401,PUERTO ACOSTA,desnutricion global,nutricion normal (n),2006-08-01,164,116,106,87,270,203,473
20403,PUERTO CARABUCO,desnutricion global,nutricion normal (n),2006-08-01,96,106,95,88,191,194,385
90301,PUERTO GONZALO MORENO,desnutricion global,nutricion normal (n),2006-08-01,44,44,33,34,77,78,155
21204,PUERTO PEREZ,desnutricion global,nutricion normal (n),2006-08-01,52,41,38,25,90,66,156
71402,PUERTO QUIJARRO,desnutricion global,nutricion normal (n),2006-08-01,60,64,17,22,77,86,163
90201,PUERTO RICO,desnutricion global,nutricion normal (n),2006-08-01,52,47,43,29,95,76,171
80703,PUERTO SILES,desnutricion global,nutricion normal (n),2006-08-01,5,8,5,6,10,14,24
71401,PUERTO SUAREZ,desnutricion global,nutricion normal (n),2006-08-01,63,72,27,28,90,100,190
31205,PUERTO VILLARROEL,desnutricion global,nutricion normal (n),2006-08-01,272,260,189,182,461,442,903
51101,PUNA,desnutricion global,nutricion normal (n),2006-08-01,209,173,170,157,379,330,709
31401,PUNATA,desnutricion global,nutricion normal (n),2006-08-01,225,264,82,80,307,344,651
20604,QUIABAYA,desnutricion global,nutricion normal (n),2006-08-01,8,11,8,7,16,18,34
30901,QUILLACOLLO,desnutricion global,nutricion normal (n),2006-08-01,467,463,203,238,670,701,1371
21002,QUIME,desnutricion global,nutricion normal (n),2006-08-01,77,73,53,71,130,144,274
70904,QUIRUSILLAS,desnutricion global,nutricion normal (n),2006-08-01,28,14,24,28,52,42,94
50402,RAVELO,desnutricion global,nutricion normal (n),2006-08-01,193,174,210,175,403,349,752
80301,REYES,desnutricion global,nutricion normal (n),2006-08-01,57,73,40,56,97,129,226
80201,RIBERALTA,desnutricion global,nutricion normal (n),2006-08-01,920,788,256,207,1176,995,2171
70503,ROBORE,desnutricion global,nutricion normal (n),2006-08-01,113,124,67,72,180,196,376
80304,RURRENABAQUE,desnutricion global,nutricion normal (n),2006-08-01,148,124,40,43,188,167,355
40901,SABAYA,desnutricion global,nutricion normal (n),2006-08-01,21,19,22,22,43,41,84
31001,SACABA,desnutricion global,nutricion normal (n),2006-08-01,542,418,155,132,697,550,1247
30404,SACABAMBA,desnutricion global,nutricion normal (n),2006-08-01,9,4,8,7,17,11,28
50701,SACACA,desnutricion global,nutricion normal (n),2006-08-01,159,208,253,196,412,404,816
71302,SAIPINA,desnutricion global,nutricion normal (n),2006-08-01,28,28,35,38,63,66,129
40801,SALINAS DE GARCI MENDOZA,desnutricion global,nutricion normal (n),2006-08-01,59,74,55,68,114,142,256
70901,SAMAIPATA,desnutricion global,nutricion normal (n),2006-08-01,92,73,70,48,162,121,283
51601,SAN AGUSTIN,desnutricion global,nutricion normal (n),2006-08-01,15,36,28,24,43,60,103
80602,SAN ANDRES,desnutricion global,nutricion normal (n),2006-08-01,122,105,120,106,242,211,453
20805,SAN ANDRES DE MACHACA,desnutricion global,nutricion normal (n),2006-08-01,18,14,27,25,45,39,84
51003,SAN ANTONIO DE ESMORUCO,desnutricion global,nutricion normal (n),2006-08-01,9,8,8,5,17,13,30
71105,SAN ANTONIO DE LOMERIO,desnutricion global,nutricion normal (n),2006-08-01,95,73,89,56,184,129,313
31403,SAN BENITO,desnutricion global,nutricion normal (n),2006-08-01,77,68,30,47,107,115,222
80302,SAN BORJA,desnutricion global,nutricion normal (n),2006-08-01,426,368,188,160,614,528,1142
21502,SAN BUENA VENTURA,desnutricion global,nutricion normal (n),2006-08-01,52,55,40,42,92,97,189
70402,SAN CARLOS,desnutricion global,nutricion normal (n),2006-08-01,260,254,92,100,352,354,706
80501,SAN IGNACIO,desnutricion global,nutricion normal (n),2006-08-01,154,112,89,98,243,210,453
70301,SAN IGNACIO DE VELASCO,desnutricion global,nutricion normal (n),2006-08-01,409,403,257,240,666,643,1309
80102,SAN JAVIER(BNI),desnutricion global,nutricion normal (n),2006-08-01,28,22,35,39,63,61,124
80701,SAN JOAQUIN,desnutricion global,nutricion normal (n),2006-08-01,10,6,19,24,29,30,59
70501,SAN JOSE DE CHIQUITOS,desnutricion global,nutricion normal (n),2006-08-01,74,75,33,35,107,110,217
70404,SAN JUAN DE YAPACANI,desnutricion global,nutricion normal (n),2006-08-01,116,126,97,80,213,206,419
71104,SAN JULIAN,desnutricion global,nutricion normal (n),2006-08-01,111,67,126,97,237,164,401
90302,SAN LORENZO(PND),desnutricion global,nutricion normal (n),2006-08-01,56,50,74,65,130,115,245
60501,SAN LORENZO(TJA),desnutricion global,nutricion normal (n),2006-08-01,116,125,86,120,202,245,447
10702,SAN LUCAS,desnutricion global,nutricion normal (n),2006-08-01,393,365,339,404,732,769,1501
71201,SAN MATIAS,desnutricion global,nutricion normal (n),2006-08-01,79,85,72,52,151,137,288
70302,SAN MIGUEL DE VELASCO,desnutricion global,nutricion normal (n),2006-08-01,124,105,90,83,214,188,402
51001,SAN PABLO DE LIPEZ,desnutricion global,nutricion normal (n),2006-08-01,27,20,18,15,45,35,80
71005,SAN PEDRO,desnutricion global,nutricion normal (n),2006-08-01,157,101,91,98,248,199,447
50501,SAN PEDRO DE BUENA VISTA,desnutricion global,nutricion normal (n),2006-08-01,209,196,191,157,400,353,753
21801,SAN PEDRO DE CURAHUARA,desnutricion global,nutricion normal (n),2006-08-01,35,18,31,35,66,53,119
50902,SAN PEDRO DE QUEMES,desnutricion global,nutricion normal (n),2006-08-01,5,6,4,5,9,11,20
21702,SAN PEDRO DE TIQUINA,desnutricion global,nutricion normal (n),2006-08-01,25,37,24,23,49,60,109
90202,SAN PEDRO(PND),desnutricion global,nutricion normal (n),2006-08-01,15,29,25,30,40,59,99
70303,SAN RAFAEL,desnutricion global,nutricion normal (n),2006-08-01,34,29,17,16,51,45,96
80702,SAN RAMON,desnutricion global,nutricion normal (n),2006-08-01,36,32,23,21,59,53,112
80401,SANTA ANA,desnutricion global,nutricion normal (n),2006-08-01,133,94,65,51,198,145,343
70101,SANTA CRUZ DE LA SIERRA,desnutricion global,nutricion normal (n),2006-08-01,6225,5763,2861,2545,9086,8308,17394
80303,SANTA ROSA,desnutricion global,nutricion normal (n),2006-08-01,54,49,26,45,80,94,174
70602,SANTA ROSA DEL SARA,desnutricion global,nutricion normal (n),2006-08-01,103,107,57,74,160,181,341
20308,SANTIAGO DE CALLAPA,desnutricion global,nutricion normal (n),2006-08-01,16,21,17,26,33,47,80
41401,SANTIAGO DE HUARI,desnutricion global,nutricion normal (n),2006-08-01,52,50,51,43,103,93,196
21901,SANTIAGO DE MACHACA,desnutricion global,nutricion normal (n),2006-08-01,29,28,16,11,45,39,84
30702,SANTIVAÑES,desnutricion global,nutricion normal (n),2006-08-01,87,69,61,39,148,108,256
40202,SANTUARIO DE QUILLACAS,desnutricion global,nutricion normal (n),2006-08-01,12,14,19,34,31,48,79
20902,SAPAHAQUI,desnutricion global,nutricion normal (n),2006-08-01,64,68,41,41,105,109,214
90303,SENA,desnutricion global,nutricion normal (n),2006-08-01,37,50,47,49,84,99,183
21301,SICA SICA (VILLA AROMA),desnutricion global,nutricion normal (n),2006-08-01,156,137,65,76,221,213,434
30703,SICAYA,desnutricion global,nutricion normal (n),2006-08-01,29,22,12,14,41,36,77
30902,SIPE SIPE,desnutricion global,nutricion normal (n),2006-08-01,250,251,124,140,374,391,765
10403,SOPACHUY,desnutricion global,nutricion normal (n),2006-08-01,91,83,65,64,156,147,303
40104,SORACACHI,desnutricion global,nutricion normal (n),2006-08-01,77,54,52,28,129,82,211
20601,SORATA,desnutricion global,nutricion normal (n),2006-08-01,104,105,86,54,190,159,349
10101,SUCRE,desnutricion global,nutricion normal (n),2006-08-01,1254,1263,773,778,2027,2041,4068
31404,TACACHI,desnutricion global,nutricion normal (n),2006-08-01,8,5,4,3,12,8,20
20603,TACACOMA,desnutricion global,nutricion normal (n),2006-08-01,44,30,21,29,65,59,124
50303,TACOBAMBA,desnutricion global,nutricion normal (n),2006-08-01,53,45,26,23,79,68,147
30602,TACOPAYA,desnutricion global,nutricion normal (n),2006-08-01,47,29,43,39,90,68,158
51402,TAHUA,desnutricion global,nutricion normal (n),2006-08-01,15,13,0,2,15,15,30
31101,TAPACARI,desnutricion global,nutricion normal (n),2006-08-01,126,149,92,65,218,214,432
10601,TARABUCO,desnutricion global,nutricion normal (n),2006-08-01,161,172,276,250,437,422,859
20807,TARACO,desnutricion global,nutricion normal (n),2006-08-01,18,13,13,12,31,25,56
30401,TARATA,desnutricion global,nutricion normal (n),2006-08-01,28,28,7,11,35,39,74
60101,TARIJA,desnutricion global,nutricion normal (n),2006-08-01,954,847,490,524,1444,1371,2815
10202,TARVITA,desnutricion global,nutricion normal (n),2006-08-01,151,126,107,93,258,219,477
20608,TEOPONTE,desnutricion global,nutricion normal (n),2006-08-01,67,50,60,60,127,110,237
20803,TIAWANACU,desnutricion global,nutricion normal (n),2006-08-01,55,55,30,38,85,93,178
50102,TINGUIPAYA,desnutricion global,nutricion normal (n),2006-08-01,80,78,81,86,161,164,325
20606,TIPUANI,desnutricion global,nutricion normal (n),2006-08-01,79,76,30,31,109,107,216
30903,TIQUIPAYA,desnutricion global,nutricion normal (n),2006-08-01,178,119,81,73,259,192,451
31601,TIRAQUE (CBBA),desnutricion global,nutricion normal (n),2006-08-01,276,232,182,182,458,414,872
21703,TITO YUPANQUI (PARQUIPUJIO),desnutricion global,nutricion normal (n),2006-08-01,12,9,14,9,26,18,44
30802,TOCO,desnutricion global,nutricion normal (n),2006-08-01,16,14,9,12,25,26,51
30803,TOLATA,desnutricion global,nutricion normal (n),2006-08-01,39,41,24,17,63,58,121
41001,TOLEDO,desnutricion global,nutricion normal (n),2006-08-01,35,36,30,31,65,67,132
51202,TOMAVE,desnutricion global,nutricion normal (n),2006-08-01,43,95,16,57,59,152,211
10402,TOMINA,desnutricion global,nutricion normal (n),2006-08-01,115,96,125,118,240,214,454
50502,TORO TORO,desnutricion global,nutricion normal (n),2006-08-01,84,87,68,80,152,167,319
31201,TOTORA(CBBA),desnutricion global,nutricion normal (n),2006-08-01,95,63,34,46,129,109,238
41301,TOTORA(ORR),desnutricion global,nutricion normal (n),2006-08-01,27,48,15,27,42,75,117
70802,TRIGAL,desnutricion global,nutricion normal (n),2006-08-01,15,13,21,16,36,29,65
80101,TRINIDAD,desnutricion global,nutricion normal (n),2006-08-01,623,450,248,249,871,699,1570
50801,TUPIZA,desnutricion global,nutricion normal (n),2006-08-01,324,291,318,285,642,576,1218
40402,TURCO,desnutricion global,nutricion normal (n),2006-08-01,25,23,30,28,55,51,106
21302,UMALA,desnutricion global,nutricion normal (n),2006-08-01,43,34,26,34,69,68,137
50201,UNCIA,desnutricion global,nutricion normal (n),2006-08-01,101,102,71,56,172,158,330
60401,URIONDO (A. CONCEPCION),desnutricion global,nutricion normal (n),2006-08-01,184,128,129,118,313,246,559
71502,URUBICHA,desnutricion global,nutricion normal (n),2006-08-01,38,52,55,37,93,89,182
51201,UYUNI,desnutricion global,nutricion normal (n),2006-08-01,221,185,116,110,337,295,632
30502,VACAS,desnutricion global,nutricion normal (n),2006-08-01,60,49,26,26,86,75,161
70801,VALLEGRANDE,desnutricion global,nutricion normal (n),2006-08-01,129,115,80,75,209,190,399
20801,VIACHA,desnutricion global,nutricion normal (n),2006-08-01,247,189,99,102,346,291,637
31302,VILA VILA,desnutricion global,nutricion normal (n),2006-08-01,25,19,32,24,57,43,100
60303,VILLA MONTES,desnutricion global,nutricion normal (n),2006-08-01,128,112,121,107,249,219,468
90502,VILLA NUEVA (LOMA ALTA),desnutricion global,nutricion normal (n),2006-08-01,6,3,5,3,11,6,17
31402,VILLA RIVERO,desnutricion global,nutricion normal (n),2006-08-01,33,37,37,27,70,64,134
10801,VILLA SERRANO,desnutricion global,nutricion normal (n),2006-08-01,128,126,183,160,311,286,597
31003,VILLA TUNARI,desnutricion global,nutricion normal (n),2006-08-01,497,391,309,211,806,602,1408
11001,VILLA VACA GUZMAN (MUYUPAMPA),desnutricion global,nutricion normal (n),2006-08-01,100,99,118,169,218,268,486
51501,VILLAZON,desnutricion global,nutricion normal (n),2006-08-01,271,266,175,201,446,467,913
30904,VINTO,desnutricion global,nutricion normal (n),2006-08-01,132,117,36,20,168,137,305
50602,VITICHI,desnutricion global,nutricion normal (n),2006-08-01,116,86,108,75,224,161,385
20306,WALDO BALLIVIAN,desnutricion global,nutricion normal (n),2006-08-01,14,12,2,4,16,16,32
70201,WARNES,desnutricion global,nutricion normal (n),2006-08-01,432,424,229,235,661,659,1320
20903,YACO,desnutricion global,nutricion normal (n),2006-08-01,55,33,28,38,83,71,154
60301,YACUIBA,desnutricion global,nutricion normal (n),2006-08-01,422,313,185,159,607,472,1079
10602,YAMPARAEZ,desnutricion global,nutricion normal (n),2006-08-01,85,102,167,160,252,262,514
21103,YANACACHI,desnutricion global,nutricion normal (n),2006-08-01,40,39,23,21,63,60,123
70403,YAPACANI,desnutricion global,nutricion normal (n),2006-08-01,404,361,201,191,605,552,1157
50103,YOCALLA,desnutricion global,nutricion normal (n),2006-08-01,19,14,32,18,51,32,83
10102,YOTALA,desnutricion global,nutricion normal (n),2006-08-01,103,80,119,148,222,228,450
60402,YUNCHARA,desnutricion global,nutricion normal (n),2006-08-01,37,38,54,42,91,80,171
10301,ZUDAÑEZ,desnutricion global,nutricion normal (n),2006-08-01,76,68,100,81,176,149,325
51302,ACACIO,desnutricion global,nutricion normal (n),2006-09-01,37,47,46,37,83,84,167
20201,ACHACACHI,desnutricion global,nutricion normal (n),2006-09-01,346,300,305,290,651,590,1241
20104,ACHOCALLA,desnutricion global,nutricion normal (n),2006-09-01,50,44,7,8,57,52,109
30201,AIQUILE,desnutricion global,nutricion normal (n),2006-09-01,61,53,56,37,117,90,207
10404,ALCALA,desnutricion global,nutricion normal (n),2006-09-01,35,28,34,33,69,61,130
20202,ANCORAIMES,desnutricion global,nutricion normal (n),2006-09-01,69,63,72,85,141,148,289
41201,ANDAMARCA,desnutricion global,nutricion normal (n),2006-09-01,24,15,43,45,67,60,127
40603,ANTEQUERA,desnutricion global,nutricion normal (n),2006-09-01,14,8,8,7,22,15,37
30402,ANZALDO,desnutricion global,nutricion normal (n),2006-09-01,30,42,34,34,64,76,140
20701,APOLO,desnutricion global,nutricion normal (n),2006-09-01,114,132,112,124,226,256,482
51301,ARAMPAMPA,desnutricion global,nutricion normal (n),2006-09-01,63,60,64,67,127,127,254
30501,ARANI,desnutricion global,nutricion normal (n),2006-09-01,41,27,8,12,49,39,88
30403,ARBIETO,desnutricion global,nutricion normal (n),2006-09-01,33,25,14,11,47,36,83
30601,ARQUE,desnutricion global,nutricion normal (n),2006-09-01,47,41,31,33,78,74,152
50802,ATOCHA,desnutricion global,nutricion normal (n),2006-09-01,58,55,63,61,121,116,237
20503,AUCAPATA,desnutricion global,nutricion normal (n),2006-09-01,39,41,32,26,71,67,138
20502,AYATA,desnutricion global,nutricion normal (n),2006-09-01,106,97,50,54,156,151,307
21303,AYO AYO,desnutricion global,nutricion normal (n),2006-09-01,26,39,26,14,52,53,105
30301,AYOPAYA (V. DE INDEPENDENCIA),desnutricion global,nutricion normal (n),2006-09-01,195,151,85,95,280,246,526
10201,AZURDUY,desnutricion global,nutricion normal (n),2006-09-01,217,169,227,168,444,337,781
21203,BATALLAS,desnutricion global,nutricion normal (n),2006-09-01,127,119,64,71,191,190,381
80802,BAURES,desnutricion global,nutricion normal (n),2006-09-01,44,52,34,38,78,90,168
41202,BELEN DE ANDAMARCA,desnutricion global,nutricion normal (n),2006-09-01,6,4,3,3,9,7,16
50104,BELEN DE URMIRI,desnutricion global,nutricion normal (n),2006-09-01,14,9,6,3,20,12,32
90104,BELLA FLOR,desnutricion global,nutricion normal (n),2006-09-01,24,25,31,21,55,46,101
60202,BERMEJO,desnutricion global,nutricion normal (n),2006-09-01,73,66,37,55,110,121,231
50301,BETANZOS,desnutricion global,nutricion normal (n),2006-09-01,211,213,216,201,427,414,841
31501,BOLIVAR,desnutricion global,nutricion normal (n),2006-09-01,82,68,87,94,169,162,331
90103,BOLPEBRA,desnutricion global,nutricion normal (n),2006-09-01,14,6,10,14,24,20,44
70707,BOYUIBE,desnutricion global,nutricion normal (n),2006-09-01,25,18,25,22,50,40,90
70401,BUENA VISTA,desnutricion global,nutricion normal (n),2006-09-01,149,137,107,104,256,241,497
70703,CABEZAS,desnutricion global,nutricion normal (n),2006-09-01,117,108,86,71,203,179,382
20905,CAIROMA,desnutricion global,nutricion normal (n),2006-09-01,73,83,76,82,149,165,314
51102,"CAIZA ""D""",desnutricion global,nutricion normal (n),2006-09-01,60,71,60,54,120,125,245
21003,CAJUATA,desnutricion global,nutricion normal (n),2006-09-01,76,89,46,53,122,142,264
20303,CALACOTO,desnutricion global,nutricion normal (n),2006-09-01,29,30,27,28,56,58,114
21304,CALAMARCA,desnutricion global,nutricion normal (n),2006-09-01,94,107,63,63,157,170,327
10701,CAMARGO,desnutricion global,nutricion normal (n),2006-09-01,146,166,162,119,308,285,593
10901,CAMATAQUI (C. VILLA ABECIA),desnutricion global,nutricion normal (n),2006-09-01,31,31,46,35,77,66,143
70706,CAMIRI,desnutricion global,nutricion normal (n),2006-09-01,226,209,227,206,453,415,868
30701,CAPINOTA,desnutricion global,nutricion normal (n),2006-09-01,37,42,51,45,88,87,175
20302,CAQUIAVIRI,desnutricion global,nutricion normal (n),2006-09-01,43,49,15,21,58,70,128
40102,CARACOLLO,desnutricion global,nutricion normal (n),2006-09-01,72,59,60,40,132,99,231
22001,CARANAVI,desnutricion global,nutricion normal (n),2006-09-01,384,374,264,234,648,608,1256
41503,CARANGAS,desnutricion global,nutricion normal (n),2006-09-01,2,0,0,0,2,0,2
60302,CARAPARI,desnutricion global,nutricion normal (n),2006-09-01,88,72,56,69,144,141,285
50702,CARIPUYO,desnutricion global,nutricion normal (n),2006-09-01,81,74,82,85,163,159,322
71403,CARMEN RIVERO TORREZ,desnutricion global,nutricion normal (n),2006-09-01,22,19,25,15,47,34,81
21902,CATACORA,desnutricion global,nutricion normal (n),2006-09-01,5,7,7,4,12,11,23
21803,CHACARILLA,desnutricion global,nutricion normal (n),2006-09-01,6,6,2,3,8,9,17
40201,CHALLAPATA,desnutricion global,nutricion normal (n),2006-09-01,120,145,95,79,215,224,439
50302,CHAQUI,desnutricion global,nutricion normal (n),2006-09-01,30,36,38,48,68,84,152
70702,CHARAGUA,desnutricion global,nutricion normal (n),2006-09-01,247,235,163,164,410,399,809
20305,CHARAÑA,desnutricion global,nutricion normal (n),2006-09-01,16,17,6,5,22,22,44
50202,CHAYANTA,desnutricion global,nutricion normal (n),2006-09-01,97,80,58,57,155,137,292
31204,CHIMORE,desnutricion global,nutricion normal (n),2006-09-01,49,50,32,27,81,77,158
40903,CHIPAYA,desnutricion global,nutricion normal (n),2006-09-01,2,14,12,5,14,19,33
40302,CHOQUE COTA,desnutricion global,nutricion normal (n),2006-09-01,9,9,11,9,20,18,38
21101,CHULUMANI (V. DE LA LIBERTAD),desnutricion global,nutricion normal (n),2006-09-01,84,75,26,32,110,107,217
20501,CHUMA,desnutricion global,nutricion normal (n),2006-09-01,99,94,70,67,169,161,330
30801,CLIZA,desnutricion global,nutricion normal (n),2006-09-01,95,101,31,33,126,134,260
90101,COBIJA,desnutricion global,nutricion normal (n),2006-09-01,242,233,97,88,339,321,660
30101,COCHABAMBA,desnutricion global,nutricion normal (n),2006-09-01,1634,1512,758,727,2392,2239,4631
40902,COIPASA,desnutricion global,nutricion normal (n),2006-09-01,1,4,2,2,3,6,9
30905,COLCAPIRHUA,desnutricion global,nutricion normal (n),2006-09-01,112,121,66,71,178,192,370
50901,"COLCHA ""K""",desnutricion global,nutricion normal (n),2006-09-01,87,68,36,38,123,106,229
21307,COLLANA,desnutricion global,nutricion normal (n),2006-09-01,8,7,3,3,11,10,21
31002,COLOMI,desnutricion global,nutricion normal (n),2006-09-01,158,119,63,59,221,178,399
70603,COLPA BELGICA,desnutricion global,nutricion normal (n),2006-09-01,34,31,23,26,57,57,114
50401,COLQUECHACA,desnutricion global,nutricion normal (n),2006-09-01,169,154,112,122,281,276,557
21306,COLQUENCHA,desnutricion global,nutricion normal (n),2006-09-01,27,26,34,28,61,54,115
21004,COLQUIRI,desnutricion global,nutricion normal (n),2006-09-01,152,143,96,94,248,237,485
20304,COMANCHE,desnutricion global,nutricion normal (n),2006-09-01,12,18,8,4,20,22,42
71301,COMARAPA,desnutricion global,nutricion normal (n),2006-09-01,87,91,76,86,163,177,340
20605,COMBAYA,desnutricion global,nutricion normal (n),2006-09-01,7,7,13,8,20,15,35
71101,CONCEPCION,desnutricion global,nutricion normal (n),2006-09-01,70,74,26,23,96,97,193
21701,COPACABANA,desnutricion global,nutricion normal (n),2006-09-01,42,36,37,37,79,73,152
21402,CORIPATA,desnutricion global,nutricion normal (n),2006-09-01,97,87,54,42,151,129,280
20301,CORO CORO,desnutricion global,nutricion normal (n),2006-09-01,34,48,32,36,66,84,150
21401,COROICO,desnutricion global,nutricion normal (n),2006-09-01,106,80,70,65,176,145,321
40301,CORQUE,desnutricion global,nutricion normal (n),2006-09-01,24,32,23,19,47,51,98
50601,COTAGAITA,desnutricion global,nutricion normal (n),2006-09-01,157,149,90,70,247,219,466
70102,COTOCA,desnutricion global,nutricion normal (n),2006-09-01,218,201,75,78,293,279,572
71106,CUATRO CAÑADAS,desnutricion global,nutricion normal (n),2006-09-01,60,61,49,62,109,123,232
31405,CUCHUMUELA (V. G. VILLARROEL),desnutricion global,nutricion normal (n),2006-09-01,16,16,6,1,22,17,39
70704,CUEVO,desnutricion global,nutricion normal (n),2006-09-01,39,47,45,56,84,103,187
10902,CULPINA,desnutricion global,nutricion normal (n),2006-09-01,200,228,204,199,404,427,831
40401,CURAHUARA DE CARANGAS,desnutricion global,nutricion normal (n),2006-09-01,15,19,25,17,40,36,76
21602,CURVA,desnutricion global,nutricion normal (n),2006-09-01,19,14,20,14,39,28,67
20804,DESAGUADERO,desnutricion global,nutricion normal (n),2006-09-01,26,29,26,15,52,44,96
20105,EL ALTO,desnutricion global,nutricion normal (n),2006-09-01,3313,2989,1581,1581,4894,4570,9464
40103,EL CHORO,desnutricion global,nutricion normal (n),2006-09-01,12,10,10,10,22,20,42
71503,EL PUENTE(STC),desnutricion global,nutricion normal (n),2006-09-01,143,134,88,99,231,233,464
60502,EL PUENTE(TJA),desnutricion global,nutricion normal (n),2006-09-01,73,54,109,60,182,114,296
70105,EL TORNO,desnutricion global,nutricion normal (n),2006-09-01,180,160,74,91,254,251,505
10405,EL VILLAR,desnutricion global,nutricion normal (n),2006-09-01,71,73,92,58,163,131,294
60601,ENTRE RIOS,desnutricion global,nutricion normal (n),2006-09-01,190,164,172,154,362,318,680
60601,ENTRE RIOS,desnutricion global,nutricion normal (n),2006-09-01,124,97,78,80,202,177,379
40502,ESCARA,desnutricion global,nutricion normal (n),2006-09-01,1,3,1,3,2,6,8
40505,ESMERALDA,desnutricion global,nutricion normal (n),2006-09-01,0,1,4,0,4,1,5
41101,EUCALIPTUS,desnutricion global,nutricion normal (n),2006-09-01,28,46,38,31,66,77,143
90503,EUREKA (SANTOS MERCADO),desnutricion global,nutricion normal (n),2006-09-01,13,24,10,16,23,40,63
80402,EXALTACION,desnutricion global,nutricion normal (n),2006-09-01,38,29,29,35,67,64,131
71004,FERNANDEZ ALONSO,desnutricion global,nutricion normal (n),2006-09-01,128,92,99,109,227,201,428
90203,FILADELFIA,desnutricion global,nutricion normal (n),2006-09-01,16,14,21,27,37,41,78
71002,GENERAL SAAVEDRA,desnutricion global,nutricion normal (n),2006-09-01,127,88,102,74,229,162,391
21601,GRAL. J.J. PEREZ (CHARAZANI),desnutricion global,nutricion normal (n),2006-09-01,71,85,90,77,161,162,323
20602,GUANAY,desnutricion global,nutricion normal (n),2006-09-01,96,91,85,72,181,163,344
20802,GUAQUI,desnutricion global,nutricion normal (n),2006-09-01,27,46,17,19,44,65,109
80202,GUAYARAMERIN,desnutricion global,nutricion normal (n),2006-09-01,252,221,122,126,374,347,721
70705,GUTIERREZ,desnutricion global,nutricion normal (n),2006-09-01,113,112,143,117,256,229,485
10502,HUACARETA,desnutricion global,nutricion normal (n),2006-09-01,89,93,121,97,210,190,400
11002,HUACAYA (VILLA DE HUACAYA),desnutricion global,nutricion normal (n),2006-09-01,20,22,25,23,45,45,90
40501,HUACHACALLA,desnutricion global,nutricion normal (n),2006-09-01,8,3,4,6,12,9,21
40701,HUANUNI,desnutricion global,nutricion normal (n),2006-09-01,237,155,68,42,305,197,502
80803,HUARACAJE,desnutricion global,nutricion normal (n),2006-09-01,28,22,40,33,68,55,123
41601,HUAYLLAMARCA,desnutricion global,nutricion normal (n),2006-09-01,29,37,13,19,42,56,98
21005,ICHOCA,desnutricion global,nutricion normal (n),2006-09-01,35,30,15,22,50,52,102
10304,ICLA,desnutricion global,nutricion normal (n),2006-09-01,116,122,164,164,280,286,566
10703,INCAHUASI,desnutricion global,nutricion normal (n),2006-09-01,205,195,172,186,377,381,758
21001,INQUISIVI,desnutricion global,nutricion normal (n),2006-09-01,73,83,45,58,118,141,259
21102,IRUPANA (VILLA DE LANZA),desnutricion global,nutricion normal (n),2006-09-01,123,107,118,91,241,198,439
21501,IXIAMAS,desnutricion global,nutricion normal (n),2006-09-01,56,63,48,28,104,91,195
20806,JESUS DE MACHACA,desnutricion global,nutricion normal (n),2006-09-01,90,76,79,74,169,150,319
21105,LA ASUNTA,desnutricion global,nutricion normal (n),2006-09-01,168,162,69,61,237,223,460
70104,LA GUARDIA,desnutricion global,nutricion normal (n),2006-09-01,306,296,127,128,433,424,857
20101,LA PAZ,desnutricion global,nutricion normal (n),2006-09-01,2925,2620,1544,1415,4469,4035,8504
41501,LA RIVERA,desnutricion global,nutricion normal (n),2006-09-01,1,1,1,5,2,6,8
70701,LAGUNILLAS,desnutricion global,nutricion normal (n),2006-09-01,75,65,84,85,159,150,309
21202,LAJA,desnutricion global,nutricion normal (n),2006-09-01,119,128,71,42,190,170,360
10903,LAS CARRERAS,desnutricion global,nutricion normal (n),2006-09-01,45,40,62,42,107,82,189
21006,LICOMA PAMPA,desnutricion global,nutricion normal (n),2006-09-01,32,36,25,22,57,58,115
50203,LLALLAGUA,desnutricion global,nutricion normal (n),2006-09-01,233,213,249,230,482,443,925
51401,LLICA,desnutricion global,nutricion normal (n),2006-09-01,29,21,19,21,48,42,90
80601,LORETO,desnutricion global,nutricion normal (n),2006-09-01,17,15,11,25,28,40,68
20901,LURIBAY,desnutricion global,nutricion normal (n),2006-09-01,80,66,72,63,152,129,281
40702,MACHACAMARCA,desnutricion global,nutricion normal (n),2006-09-01,16,12,11,6,27,18,45
11003,MACHARETI,desnutricion global,nutricion normal (n),2006-09-01,77,67,128,156,205,223,428
80801,MAGDALENA,desnutricion global,nutricion normal (n),2006-09-01,67,61,41,39,108,100,208
70903,MAIRANA,desnutricion global,nutricion normal (n),2006-09-01,75,63,37,32,112,95,207
20904,MALLA,desnutricion global,nutricion normal (n),2006-09-01,20,14,27,30,47,44,91
20607,MAPIRI,desnutricion global,nutricion normal (n),2006-09-01,132,118,38,34,170,152,322
20103,MECAPACA,desnutricion global,nutricion normal (n),2006-09-01,75,60,41,32,116,92,208
71003,MINEROS,desnutricion global,nutricion normal (n),2006-09-01,125,99,65,75,190,174,364
31301,MIZQUE,desnutricion global,nutricion normal (n),2006-09-01,453,131,81,89,534,220,754
20402,MOCOMOCO,desnutricion global,nutricion normal (n),2006-09-01,81,76,49,32,130,108,238
51002,MOJINETE,desnutricion global,nutricion normal (n),2006-09-01,7,7,2,4,9,11,20
10303,MOJOCOYA,desnutricion global,nutricion normal (n),2006-09-01,49,54,90,66,139,120,259
10501,MONTEAGUDO,desnutricion global,nutricion normal (n),2006-09-01,207,187,213,202,420,389,809
71001,MONTERO,desnutricion global,nutricion normal (n),2006-09-01,906,798,529,556,1435,1354,2789
70803,MORO MORO,desnutricion global,nutricion normal (n),2006-09-01,11,12,17,13,28,25,53
30302,MOROCHATA,desnutricion global,nutricion normal (n),2006-09-01,109,88,98,77,207,165,372
90401,NACEBE (SANTA ROSA DEL ABUNA),desnutricion global,nutricion normal (n),2006-09-01,12,8,8,5,20,13,33
90501,NUEVO MANOA (NUEVA ESPERANZA),desnutricion global,nutricion normal (n),2006-09-01,13,12,10,11,23,23,46
50404,OCURI,desnutricion global,nutricion normal (n),2006-09-01,150,160,103,105,253,265,518
70202,OKINAWA,desnutricion global,nutricion normal (n),2006-09-01,127,125,102,92,229,217,446
30203,OMEREQUE,desnutricion global,nutricion normal (n),2006-09-01,35,32,15,17,50,49,99
40101,ORURO,desnutricion global,nutricion normal (n),2006-09-01,1170,1059,539,545,1709,1604,3313
60201,PADCAYA,desnutricion global,nutricion normal (n),2006-09-01,132,143,129,162,261,305,566
10401,PADILLA,desnutricion global,nutricion normal (n),2006-09-01,128,121,164,157,292,278,570
70502,PAILON,desnutricion global,nutricion normal (n),2006-09-01,2,211,103,11,105,222,327
20102,PALCA,desnutricion global,nutricion normal (n),2006-09-01,60,58,17,31,77,89,166
21104,PALOS BLANCOS,desnutricion global,nutricion normal (n),2006-09-01,174,153,136,112,310,265,575
40802,PAMPA AULLAGAS,desnutricion global,nutricion normal (n),2006-09-01,18,28,18,15,36,43,79
70902,PAMPA GRANDE,desnutricion global,nutricion normal (n),2006-09-01,52,53,31,31,83,84,167
21802,PAPEL PAMPA,desnutricion global,nutricion normal (n),2006-09-01,22,34,11,17,33,51,84
30202,PASORAPA,desnutricion global,nutricion normal (n),2006-09-01,22,27,24,29,46,56,102
21305,PATACAMAYA,desnutricion global,nutricion normal (n),2006-09-01,146,135,55,26,201,161,362
40602,PAZÑA,desnutricion global,nutricion normal (n),2006-09-01,32,33,27,42,59,75,134
20702,PELECHUCO,desnutricion global,nutricion normal (n),2006-09-01,39,33,7,12,46,45,91
50403,POCOATA,desnutricion global,nutricion normal (n),2006-09-01,153,151,188,134,341,285,626
31203,POCONA,desnutricion global,nutricion normal (n),2006-09-01,113,86,76,68,189,154,343
31202,POJO (CBBA),desnutricion global,nutricion normal (n),2006-09-01,99,100,69,55,168,155,323
40601,POOPO,desnutricion global,nutricion normal (n),2006-09-01,35,33,9,12,44,45,89
51203,PORCO,desnutricion global,nutricion normal (n),2006-09-01,54,57,20,14,74,71,145
10103,POROMA,desnutricion global,nutricion normal (n),2006-09-01,147,129,111,84,258,213,471
70103,PORONGO,desnutricion global,nutricion normal (n),2006-09-01,48,31,14,6,62,37,99
70601,PORTACHUELO,desnutricion global,nutricion normal (n),2006-09-01,117,116,87,90,204,206,410
90102,PORVENIR,desnutricion global,nutricion normal (n),2006-09-01,50,53,31,29,81,82,163
70804,POSTRER VALLE,desnutricion global,nutricion normal (n),2006-09-01,10,7,11,18,21,25,46
50101,POTOSI,desnutricion global,nutricion normal (n),2006-09-01,802,724,444,327,1246,1051,2297
10302,PRESTO,desnutricion global,nutricion normal (n),2006-09-01,59,42,73,61,132,103,235
70805,PUCARA,desnutricion global,nutricion normal (n),2006-09-01,8,3,4,1,12,4,16
21201,PUCARANI,desnutricion global,nutricion normal (n),2006-09-01,144,124,74,78,218,202,420
20401,PUERTO ACOSTA,desnutricion global,nutricion normal (n),2006-09-01,123,104,130,126,253,230,483
20403,PUERTO CARABUCO,desnutricion global,nutricion normal (n),2006-09-01,112,78,90,99,202,177,379
90301,PUERTO GONZALO MORENO,desnutricion global,nutricion normal (n),2006-09-01,52,31,18,18,70,49,119
21204,PUERTO PEREZ,desnutricion global,nutricion normal (n),2006-09-01,51,36,63,51,114,87,201
71402,PUERTO QUIJARRO,desnutricion global,nutricion normal (n),2006-09-01,70,63,22,25,92,88,180
90201,PUERTO RICO,desnutricion global,nutricion normal (n),2006-09-01,47,44,24,26,71,70,141
80703,PUERTO SILES,desnutricion global,nutricion normal (n),2006-09-01,14,31,24,33,38,64,102
71401,PUERTO SUAREZ,desnutricion global,nutricion normal (n),2006-09-01,67,68,13,19,80,87,167
31205,PUERTO VILLARROEL,desnutricion global,nutricion normal (n),2006-09-01,289,297,175,133,464,430,894
51101,PUNA,desnutricion global,nutricion normal (n),2006-09-01,234,175,161,137,395,312,707
31401,PUNATA,desnutricion global,nutricion normal (n),2006-09-01,186,200,68,73,254,273,527
20604,QUIABAYA,desnutricion global,nutricion normal (n),2006-09-01,13,16,6,4,19,20,39
30901,QUILLACOLLO,desnutricion global,nutricion normal (n),2006-09-01,549,552,237,257,786,809,1595
21002,QUIME,desnutricion global,nutricion normal (n),2006-09-01,52,54,30,44,82,98,180
70904,QUIRUSILLAS,desnutricion global,nutricion normal (n),2006-09-01,7,7,12,8,19,15,34
50402,RAVELO,desnutricion global,nutricion normal (n),2006-09-01,167,157,235,181,402,338,740
80301,REYES,desnutricion global,nutricion normal (n),2006-09-01,85,98,71,66,156,164,320
80201,RIBERALTA,desnutricion global,nutricion normal (n),2006-09-01,843,695,245,203,1088,898,1986
70503,ROBORE,desnutricion global,nutricion normal (n),2006-09-01,125,104,66,65,191,169,360
80304,RURRENABAQUE,desnutricion global,nutricion normal (n),2006-09-01,120,89,34,28,154,117,271
40901,SABAYA,desnutricion global,nutricion normal (n),2006-09-01,27,22,26,14,53,36,89
31001,SACABA,desnutricion global,nutricion normal (n),2006-09-01,569,467,249,210,818,677,1495
30404,SACABAMBA,desnutricion global,nutricion normal (n),2006-09-01,28,23,27,32,55,55,110
50701,SACACA,desnutricion global,nutricion normal (n),2006-09-01,151,154,197,186,348,340,688
71302,SAIPINA,desnutricion global,nutricion normal (n),2006-09-01,33,28,45,25,78,53,131
40801,SALINAS DE GARCI MENDOZA,desnutricion global,nutricion normal (n),2006-09-01,95,73,88,70,183,143,326
70901,SAMAIPATA,desnutricion global,nutricion normal (n),2006-09-01,40,40,24,22,64,62,126
51601,SAN AGUSTIN,desnutricion global,nutricion normal (n),2006-09-01,13,10,13,12,26,22,48
80602,SAN ANDRES,desnutricion global,nutricion normal (n),2006-09-01,62,52,33,29,95,81,176
20805,SAN ANDRES DE MACHACA,desnutricion global,nutricion normal (n),2006-09-01,22,21,22,25,44,46,90
51003,SAN ANTONIO DE ESMORUCO,desnutricion global,nutricion normal (n),2006-09-01,8,2,5,7,13,9,22
71105,SAN ANTONIO DE LOMERIO,desnutricion global,nutricion normal (n),2006-09-01,54,60,43,47,97,107,204
31403,SAN BENITO,desnutricion global,nutricion normal (n),2006-09-01,77,62,21,20,98,82,180
80302,SAN BORJA,desnutricion global,nutricion normal (n),2006-09-01,301,262,112,112,413,374,787
21502,SAN BUENA VENTURA,desnutricion global,nutricion normal (n),2006-09-01,48,58,36,33,84,91,175
70402,SAN CARLOS,desnutricion global,nutricion normal (n),2006-09-01,168,183,64,72,232,255,487
80501,SAN IGNACIO,desnutricion global,nutricion normal (n),2006-09-01,146,134,154,130,300,264,564
70301,SAN IGNACIO DE VELASCO,desnutricion global,nutricion normal (n),2006-09-01,391,351,293,267,684,618,1302
80102,SAN JAVIER(BNI),desnutricion global,nutricion normal (n),2006-09-01,28,15,26,28,54,43,97
71102,SAN JAVIER(STC),desnutricion global,nutricion normal (n),2006-09-01,12,9,5,6,17,15,32
80701,SAN JOAQUIN,desnutricion global,nutricion normal (n),2006-09-01,5,5,16,13,21,18,39
70501,SAN JOSE DE CHIQUITOS,desnutricion global,nutricion normal (n),2006-09-01,55,50,57,38,112,88,200
70404,SAN JUAN DE YAPACANI,desnutricion global,nutricion normal (n),2006-09-01,82,88,58,58,140,146,286
71104,SAN JULIAN,desnutricion global,nutricion normal (n),2006-09-01,138,96,165,153,303,249,552
90302,SAN LORENZO(PND),desnutricion global,nutricion normal (n),2006-09-01,37,28,19,12,56,40,96
60501,SAN LORENZO(TJA),desnutricion global,nutricion normal (n),2006-09-01,94,95,120,108,214,203,417
10702,SAN LUCAS,desnutricion global,nutricion normal (n),2006-09-01,478,358,446,450,924,808,1732
71201,SAN MATIAS,desnutricion global,nutricion normal (n),2006-09-01,104,95,71,46,175,141,316
70302,SAN MIGUEL DE VELASCO,desnutricion global,nutricion normal (n),2006-09-01,64,71,26,29,90,100,190
51001,SAN PABLO DE LIPEZ,desnutricion global,nutricion normal (n),2006-09-01,33,26,19,23,52,49,101
71005,SAN PEDRO,desnutricion global,nutricion normal (n),2006-09-01,114,87,69,70,183,157,340
50501,SAN PEDRO DE BUENA VISTA,desnutricion global,nutricion normal (n),2006-09-01,173,164,135,139,308,303,611
21801,SAN PEDRO DE CURAHUARA,desnutricion global,nutricion normal (n),2006-09-01,16,16,20,21,36,37,73
50902,SAN PEDRO DE QUEMES,desnutricion global,nutricion normal (n),2006-09-01,2,5,3,5,5,10,15
21702,SAN PEDRO DE TIQUINA,desnutricion global,nutricion normal (n),2006-09-01,15,15,10,8,25,23,48
90202,SAN PEDRO(PND),desnutricion global,nutricion normal (n),2006-09-01,6,8,13,12,19,20,39
70303,SAN RAFAEL,desnutricion global,nutricion normal (n),2006-09-01,46,38,26,29,72,67,139
80702,SAN RAMON,desnutricion global,nutricion normal (n),2006-09-01,17,30,26,23,43,53,96
80401,SANTA ANA,desnutricion global,nutricion normal (n),2006-09-01,117,119,86,74,203,193,396
70101,SANTA CRUZ DE LA SIERRA,desnutricion global,nutricion normal (n),2006-09-01,4657,4042,2011,1989,6668,6031,12699
80303,SANTA ROSA,desnutricion global,nutricion normal (n),2006-09-01,48,32,35,31,83,63,146
70602,SANTA ROSA DEL SARA,desnutricion global,nutricion normal (n),2006-09-01,94,76,68,71,162,147,309
20308,SANTIAGO DE CALLAPA,desnutricion global,nutricion normal (n),2006-09-01,17,20,13,20,30,40,70
41401,SANTIAGO DE HUARI,desnutricion global,nutricion normal (n),2006-09-01,41,37,42,31,83,68,151
21901,SANTIAGO DE MACHACA,desnutricion global,nutricion normal (n),2006-09-01,35,16,10,10,45,26,71
30702,SANTIVAÑES,desnutricion global,nutricion normal (n),2006-09-01,66,70,221,174,287,244,531
40202,SANTUARIO DE QUILLACAS,desnutricion global,nutricion normal (n),2006-09-01,16,14,19,29,35,43,78
20902,SAPAHAQUI,desnutricion global,nutricion normal (n),2006-09-01,67,64,53,45,120,109,229
90303,SENA,desnutricion global,nutricion normal (n),2006-09-01,41,47,47,37,88,84,172
21301,SICA SICA (VILLA AROMA),desnutricion global,nutricion normal (n),2006-09-01,178,149,73,102,251,251,502
30703,SICAYA,desnutricion global,nutricion normal (n),2006-09-01,26,27,3,7,29,34,63
30902,SIPE SIPE,desnutricion global,nutricion normal (n),2006-09-01,276,232,107,119,383,351,734
10403,SOPACHUY,desnutricion global,nutricion normal (n),2006-09-01,106,97,116,84,222,181,403
40104,SORACACHI,desnutricion global,nutricion normal (n),2006-09-01,52,71,58,57,110,128,238
20601,SORATA,desnutricion global,nutricion normal (n),2006-09-01,109,85,39,57,148,142,290
10101,SUCRE,desnutricion global,nutricion normal (n),2006-09-01,1104,1113,852,811,1956,1924,3880
31404,TACACHI,desnutricion global,nutricion normal (n),2006-09-01,8,5,2,3,10,8,18
20603,TACACOMA,desnutricion global,nutricion normal (n),2006-09-01,48,31,47,33,95,64,159
50303,TACOBAMBA,desnutricion global,nutricion normal (n),2006-09-01,68,68,59,64,127,132,259
30602,TACOPAYA,desnutricion global,nutricion normal (n),2006-09-01,64,60,91,90,155,150,305
51402,TAHUA,desnutricion global,nutricion normal (n),2006-09-01,5,9,9,16,14,25,39
31101,TAPACARI,desnutricion global,nutricion normal (n),2006-09-01,217,195,130,112,347,307,654
10601,TARABUCO,desnutricion global,nutricion normal (n),2006-09-01,174,202,254,238,428,440,868
20807,TARACO,desnutricion global,nutricion normal (n),2006-09-01,22,25,20,18,42,43,85
30401,TARATA,desnutricion global,nutricion normal (n),2006-09-01,54,56,18,14,72,70,142
60101,TARIJA,desnutricion global,nutricion normal (n),2006-09-01,834,815,473,523,1307,1338,2645
10202,TARVITA,desnutricion global,nutricion normal (n),2006-09-01,221,231,221,278,442,509,951
20608,TEOPONTE,desnutricion global,nutricion normal (n),2006-09-01,64,54,41,46,105,100,205
20803,TIAWANACU,desnutricion global,nutricion normal (n),2006-09-01,98,101,49,59,147,160,307
50102,TINGUIPAYA,desnutricion global,nutricion normal (n),2006-09-01,111,97,74,63,185,160,345
20606,TIPUANI,desnutricion global,nutricion normal (n),2006-09-01,59,45,18,23,77,68,145
30903,TIQUIPAYA,desnutricion global,nutricion normal (n),2006-09-01,139,102,74,62,213,164,377
31601,TIRAQUE (CBBA),desnutricion global,nutricion normal (n),2006-09-01,214,172,122,120,336,292,628
21703,TITO YUPANQUI (PARQUIPUJIO),desnutricion global,nutricion normal (n),2006-09-01,8,9,11,14,19,23,42
30802,TOCO,desnutricion global,nutricion normal (n),2006-09-01,4,7,6,6,10,13,23
41502,TODOS SANTOS,desnutricion global,nutricion normal (n),2006-09-01,3,1,4,3,7,4,11
30803,TOLATA,desnutricion global,nutricion normal (n),2006-09-01,15,10,12,8,27,18,45
41001,TOLEDO,desnutricion global,nutricion normal (n),2006-09-01,66,58,40,49,106,107,213
51202,TOMAVE,desnutricion global,nutricion normal (n),2006-09-01,93,21,45,8,138,29,167
10402,TOMINA,desnutricion global,nutricion normal (n),2006-09-01,110,97,122,119,232,216,448
50502,TORO TORO,desnutricion global,nutricion normal (n),2006-09-01,106,120,101,107,207,227,434
31201,TOTORA(CBBA),desnutricion global,nutricion normal (n),2006-09-01,119,92,40,40,159,132,291
41301,TOTORA(ORR),desnutricion global,nutricion normal (n),2006-09-01,27,24,16,13,43,37,80
70802,TRIGAL,desnutricion global,nutricion normal (n),2006-09-01,8,6,7,12,15,18,33
80101,TRINIDAD,desnutricion global,nutricion normal (n),2006-09-01,512,401,257,187,769,588,1357
50801,TUPIZA,desnutricion global,nutricion normal (n),2006-09-01,320,271,269,249,589,520,1109
40402,TURCO,desnutricion global,nutricion normal (n),2006-09-01,13,16,19,20,32,36,68
21302,UMALA,desnutricion global,nutricion normal (n),2006-09-01,52,40,29,39,81,79,160
50201,UNCIA,desnutricion global,nutricion normal (n),2006-09-01,98,95,88,83,186,178,364
60401,URIONDO (A. CONCEPCION),desnutricion global,nutricion normal (n),2006-09-01,132,103,106,105,238,208,446
71502,URUBICHA,desnutricion global,nutricion normal (n),2006-09-01,1,5,10,4,11,9,20
51201,UYUNI,desnutricion global,nutricion normal (n),2006-09-01,263,196,147,153,410,349,759
30502,VACAS,desnutricion global,nutricion normal (n),2006-09-01,51,45,17,14,68,59,127
70801,VALLEGRANDE,desnutricion global,nutricion normal (n),2006-09-01,98,85,72,69,170,154,324
20801,VIACHA,desnutricion global,nutricion normal (n),2006-09-01,214,199,103,96,317,295,612
31302,VILA VILA,desnutricion global,nutricion normal (n),2006-09-01,15,28,8,13,23,41,64
60303,VILLA MONTES,desnutricion global,nutricion normal (n),2006-09-01,76,74,91,102,167,176,343
90502,VILLA NUEVA (LOMA ALTA),desnutricion global,nutricion normal (n),2006-09-01,20,32,27,35,47,67,114
31402,VILLA RIVERO,desnutricion global,nutricion normal (n),2006-09-01,19,26,7,11,26,37,63
10801,VILLA SERRANO,desnutricion global,nutricion normal (n),2006-09-01,153,137,172,157,325,294,619
31003,VILLA TUNARI,desnutricion global,nutricion normal (n),2006-09-01,445,357,261,184,706,541,1247
11001,VILLA VACA GUZMAN (MUYUPAMPA),desnutricion global,nutricion normal (n),2006-09-01,124,143,164,175,288,318,606
51501,VILLAZON,desnutricion global,nutricion normal (n),2006-09-01,256,220,162,194,418,414,832
30904,VINTO,desnutricion global,nutricion normal (n),2006-09-01,117,106,33,22,150,128,278
50602,VITICHI,desnutricion global,nutricion normal (n),2006-09-01,56,58,38,57,94,115,209
20306,WALDO BALLIVIAN,desnutricion global,nutricion normal (n),2006-09-01,9,10,0,2,9,12,21
70201,WARNES,desnutricion global,nutricion normal (n),2006-09-01,270,261,166,171,436,432,868
20903,YACO,desnutricion global,nutricion normal (n),2006-09-01,43,33,29,17,72,50,122
60301,YACUIBA,desnutricion global,nutricion normal (n),2006-09-01,303,303,176,145,479,448,927
10602,YAMPARAEZ,desnutricion global,nutricion normal (n),2006-09-01,87,99,160,152,247,251,498
21103,YANACACHI,desnutricion global,nutricion normal (n),2006-09-01,19,38,28,18,47,56,103
70403,YAPACANI,desnutricion global,nutricion normal (n),2006-09-01,344,315,163,171,507,486,993
50103,YOCALLA,desnutricion global,nutricion normal (n),2006-09-01,23,17,16,11,39,28,67
10102,YOTALA,desnutricion global,nutricion normal (n),2006-09-01,76,69,130,126,206,195,401
60402,YUNCHARA,desnutricion global,nutricion normal (n),2006-09-01,27,25,46,46,73,71,144
10301,ZUDAÑEZ,desnutricion global,nutricion normal (n),2006-09-01,85,66,110,111,195,177,372
51302,ACACIO,desnutricion global,nutricion normal (n),2006-10-01,73,81,80,75,153,156,309
20201,ACHACACHI,desnutricion global,nutricion normal (n),2006-10-01,339,310,298,271,637,581,1218
20104,ACHOCALLA,desnutricion global,nutricion normal (n),2006-10-01,38,39,8,9,46,48,94
30201,AIQUILE,desnutricion global,nutricion normal (n),2006-10-01,49,27,28,21,77,48,125
10404,ALCALA,desnutricion global,nutricion normal (n),2006-10-01,43,28,31,32,74,60,134
20202,ANCORAIMES,desnutricion global,nutricion normal (n),2006-10-01,78,72,76,72,154,144,298
41201,ANDAMARCA,desnutricion global,nutricion normal (n),2006-10-01,14,10,13,12,27,22,49
40603,ANTEQUERA,desnutricion global,nutricion normal (n),2006-10-01,15,10,12,9,27,19,46
30402,ANZALDO,desnutricion global,nutricion normal (n),2006-10-01,14,14,29,25,43,39,82
20701,APOLO,desnutricion global,nutricion normal (n),2006-10-01,104,116,92,66,196,182,378
51301,ARAMPAMPA,desnutricion global,nutricion normal (n),2006-10-01,63,52,62,58,125,110,235
30501,ARANI,desnutricion global,nutricion normal (n),2006-10-01,28,25,33,39,61,64,125
30403,ARBIETO,desnutricion global,nutricion normal (n),2006-10-01,46,25,5,10,51,35,86
30601,ARQUE,desnutricion global,nutricion normal (n),2006-10-01,67,68,79,73,146,141,287
71501,ASCENCION DE GUARAYOS,desnutricion global,nutricion normal (n),2006-10-01,202,150,176,164,378,314,692
50802,ATOCHA,desnutricion global,nutricion normal (n),2006-10-01,74,79,65,60,139,139,278
20503,AUCAPATA,desnutricion global,nutricion normal (n),2006-10-01,42,38,36,41,78,79,157
20502,AYATA,desnutricion global,nutricion normal (n),2006-10-01,103,75,44,35,147,110,257
21303,AYO AYO,desnutricion global,nutricion normal (n),2006-10-01,28,42,19,10,47,52,99
30301,AYOPAYA (V. DE INDEPENDENCIA),desnutricion global,nutricion normal (n),2006-10-01,206,181,135,134,341,315,656
10201,AZURDUY,desnutricion global,nutricion normal (n),2006-10-01,207,160,200,171,407,331,738
21203,BATALLAS,desnutricion global,nutricion normal (n),2006-10-01,96,111,62,64,158,175,333
80802,BAURES,desnutricion global,nutricion normal (n),2006-10-01,28,56,36,36,64,92,156
41202,BELEN DE ANDAMARCA,desnutricion global,nutricion normal (n),2006-10-01,6,7,3,3,9,10,19
50104,BELEN DE URMIRI,desnutricion global,nutricion normal (n),2006-10-01,17,6,6,7,23,13,36
90104,BELLA FLOR,desnutricion global,nutricion normal (n),2006-10-01,50,33,28,30,78,63,141
60202,BERMEJO,desnutricion global,nutricion normal (n),2006-10-01,81,74,104,97,185,171,356
50301,BETANZOS,desnutricion global,nutricion normal (n),2006-10-01,215,209,227,192,442,401,843
31501,BOLIVAR,desnutricion global,nutricion normal (n),2006-10-01,59,63,77,67,136,130,266
90103,BOLPEBRA,desnutricion global,nutricion normal (n),2006-10-01,23,18,25,27,48,45,93
70707,BOYUIBE,desnutricion global,nutricion normal (n),2006-10-01,27,30,25,27,52,57,109
70401,BUENA VISTA,desnutricion global,nutricion normal (n),2006-10-01,142,123,84,97,226,220,446
70703,CABEZAS,desnutricion global,nutricion normal (n),2006-10-01,136,116,121,89,257,205,462
20905,CAIROMA,desnutricion global,nutricion normal (n),2006-10-01,104,93,64,71,168,164,332
51102,"CAIZA ""D""",desnutricion global,nutricion normal (n),2006-10-01,79,77,55,62,134,139,273
21003,CAJUATA,desnutricion global,nutricion normal (n),2006-10-01,81,89,54,47,135,136,271
20303,CALACOTO,desnutricion global,nutricion normal (n),2006-10-01,43,32,41,37,84,69,153
21304,CALAMARCA,desnutricion global,nutricion normal (n),2006-10-01,93,100,51,53,144,153,297
10701,CAMARGO,desnutricion global,nutricion normal (n),2006-10-01,153,159,156,123,309,282,591
10901,CAMATAQUI (C. VILLA ABECIA),desnutricion global,nutricion normal (n),2006-10-01,21,29,34,27,55,56,111
70706,CAMIRI,desnutricion global,nutricion normal (n),2006-10-01,229,172,198,180,427,352,779
30701,CAPINOTA,desnutricion global,nutricion normal (n),2006-10-01,81,85,111,106,192,191,383
20302,CAQUIAVIRI,desnutricion global,nutricion normal (n),2006-10-01,56,57,31,29,87,86,173
40102,CARACOLLO,desnutricion global,nutricion normal (n),2006-10-01,75,90,50,55,125,145,270
22001,CARANAVI,desnutricion global,nutricion normal (n),2006-10-01,430,434,253,301,683,735,1418
41503,CARANGAS,desnutricion global,nutricion normal (n),2006-10-01,1,1,0,0,1,1,2
60302,CARAPARI,desnutricion global,nutricion normal (n),2006-10-01,79,68,81,76,160,144,304
50702,CARIPUYO,desnutricion global,nutricion normal (n),2006-10-01,68,57,102,90,170,147,317
71403,CARMEN RIVERO TORREZ,desnutricion global,nutricion normal (n),2006-10-01,26,16,17,15,43,31,74
21902,CATACORA,desnutricion global,nutricion normal (n),2006-10-01,1,0,2,0,3,0,3
21803,CHACARILLA,desnutricion global,nutricion normal (n),2006-10-01,10,7,5,16,15,23,38
40201,CHALLAPATA,desnutricion global,nutricion normal (n),2006-10-01,140,117,80,82,220,199,419
50302,CHAQUI,desnutricion global,nutricion normal (n),2006-10-01,44,39,38,39,82,78,160
70702,CHARAGUA,desnutricion global,nutricion normal (n),2006-10-01,249,220,177,194,426,414,840
20305,CHARAÑA,desnutricion global,nutricion normal (n),2006-10-01,14,16,5,7,19,23,42
50202,CHAYANTA,desnutricion global,nutricion normal (n),2006-10-01,97,98,75,86,172,184,356
31204,CHIMORE,desnutricion global,nutricion normal (n),2006-10-01,40,44,25,16,65,60,125
40903,CHIPAYA,desnutricion global,nutricion normal (n),2006-10-01,6,9,2,4,8,13,21
21101,CHULUMANI (V. DE LA LIBERTAD),desnutricion global,nutricion normal (n),2006-10-01,59,68,52,52,111,120,231
20501,CHUMA,desnutricion global,nutricion normal (n),2006-10-01,41,31,39,28,80,59,139
30801,CLIZA,desnutricion global,nutricion normal (n),2006-10-01,128,109,64,33,192,142,334
90101,COBIJA,desnutricion global,nutricion normal (n),2006-10-01,239,213,165,155,404,368,772
30101,COCHABAMBA,desnutricion global,nutricion normal (n),2006-10-01,1766,1542,928,763,2694,2305,4999
30905,COLCAPIRHUA,desnutricion global,nutricion normal (n),2006-10-01,231,224,132,114,363,338,701
50901,"COLCHA ""K""",desnutricion global,nutricion normal (n),2006-10-01,73,55,33,43,106,98,204
21307,COLLANA,desnutricion global,nutricion normal (n),2006-10-01,11,8,7,1,18,9,27
31002,COLOMI,desnutricion global,nutricion normal (n),2006-10-01,150,117,92,63,242,180,422
70603,COLPA BELGICA,desnutricion global,nutricion normal (n),2006-10-01,49,44,30,17,79,61,140
50401,COLQUECHACA,desnutricion global,nutricion normal (n),2006-10-01,150,145,49,61,199,206,405
21306,COLQUENCHA,desnutricion global,nutricion normal (n),2006-10-01,43,40,24,39,67,79,146
21004,COLQUIRI,desnutricion global,nutricion normal (n),2006-10-01,126,125,82,64,208,189,397
20304,COMANCHE,desnutricion global,nutricion normal (n),2006-10-01,8,9,7,5,15,14,29
71301,COMARAPA,desnutricion global,nutricion normal (n),2006-10-01,65,68,49,53,114,121,235
20605,COMBAYA,desnutricion global,nutricion normal (n),2006-10-01,7,11,13,10,20,21,41
71101,CONCEPCION,desnutricion global,nutricion normal (n),2006-10-01,118,103,31,25,149,128,277
21701,COPACABANA,desnutricion global,nutricion normal (n),2006-10-01,82,79,65,67,147,146,293
21402,CORIPATA,desnutricion global,nutricion normal (n),2006-10-01,176,106,83,76,259,182,441
20301,CORO CORO,desnutricion global,nutricion normal (n),2006-10-01,49,63,59,56,108,119,227
21401,COROICO,desnutricion global,nutricion normal (n),2006-10-01,77,65,64,55,141,120,261
40301,CORQUE,desnutricion global,nutricion normal (n),2006-10-01,19,19,29,23,48,42,90
50601,COTAGAITA,desnutricion global,nutricion normal (n),2006-10-01,139,145,88,95,227,240,467
70102,COTOCA,desnutricion global,nutricion normal (n),2006-10-01,240,221,61,72,301,293,594
71106,CUATRO CAÑADAS,desnutricion global,nutricion normal (n),2006-10-01,62,60,49,43,111,103,214
31405,CUCHUMUELA (V. G. VILLARROEL),desnutricion global,nutricion normal (n),2006-10-01,22,10,7,2,29,12,41
70704,CUEVO,desnutricion global,nutricion normal (n),2006-10-01,33,52,42,55,75,107,182
10902,CULPINA,desnutricion global,nutricion normal (n),2006-10-01,184,175,166,171,350,346,696
40401,CURAHUARA DE CARANGAS,desnutricion global,nutricion normal (n),2006-10-01,25,29,40,29,65,58,123
21602,CURVA,desnutricion global,nutricion normal (n),2006-10-01,17,8,13,11,30,19,49
20804,DESAGUADERO,desnutricion global,nutricion normal (n),2006-10-01,24,19,12,3,36,22,58
20105,EL ALTO,desnutricion global,nutricion normal (n),2006-10-01,3424,3055,1573,1692,4997,4747,9744
40103,EL CHORO,desnutricion global,nutricion normal (n),2006-10-01,14,10,10,10,24,20,44
71503,EL PUENTE(STC),desnutricion global,nutricion normal (n),2006-10-01,152,123,88,76,240,199,439
60502,EL PUENTE(TJA),desnutricion global,nutricion normal (n),2006-10-01,75,56,90,68,165,124,289
70105,EL TORNO,desnutricion global,nutricion normal (n),2006-10-01,185,195,72,79,257,274,531
10405,EL VILLAR,desnutricion global,nutricion normal (n),2006-10-01,73,67,83,67,156,134,290
60601,ENTRE RIOS,desnutricion global,nutricion normal (n),2006-10-01,152,153,140,118,292,271,563
60601,ENTRE RIOS,desnutricion global,nutricion normal (n),2006-10-01,143,171,92,97,235,268,503
40502,ESCARA,desnutricion global,nutricion normal (n),2006-10-01,2,2,4,1,6,3,9
40505,ESMERALDA,desnutricion global,nutricion normal (n),2006-10-01,0,1,4,2,4,3,7
41101,EUCALIPTUS,desnutricion global,nutricion normal (n),2006-10-01,20,18,15,14,35,32,67
90503,EUREKA (SANTOS MERCADO),desnutricion global,nutricion normal (n),2006-10-01,5,6,5,7,10,13,23
80402,EXALTACION,desnutricion global,nutricion normal (n),2006-10-01,5,6,4,8,9,14,23
71004,FERNANDEZ ALONSO,desnutricion global,nutricion normal (n),2006-10-01,132,106,120,124,252,230,482
90203,FILADELFIA,desnutricion global,nutricion normal (n),2006-10-01,39,45,13,33,52,78,130
71002,GENERAL SAAVEDRA,desnutricion global,nutricion normal (n),2006-10-01,126,121,111,92,237,213,450
21601,GRAL. J.J. PEREZ (CHARAZANI),desnutricion global,nutricion normal (n),2006-10-01,56,39,37,39,93,78,171
20602,GUANAY,desnutricion global,nutricion normal (n),2006-10-01,68,59,87,109,155,168,323
20802,GUAQUI,desnutricion global,nutricion normal (n),2006-10-01,46,49,22,17,68,66,134
80202,GUAYARAMERIN,desnutricion global,nutricion normal (n),2006-10-01,225,239,169,153,394,392,786
70705,GUTIERREZ,desnutricion global,nutricion normal (n),2006-10-01,84,102,123,112,207,214,421
10502,HUACARETA,desnutricion global,nutricion normal (n),2006-10-01,117,114,134,113,251,227,478
11002,HUACAYA (VILLA DE HUACAYA),desnutricion global,nutricion normal (n),2006-10-01,33,33,43,39,76,72,148
40501,HUACHACALLA,desnutricion global,nutricion normal (n),2006-10-01,6,3,5,4,11,7,18
40701,HUANUNI,desnutricion global,nutricion normal (n),2006-10-01,173,173,74,49,247,222,469
80803,HUARACAJE,desnutricion global,nutricion normal (n),2006-10-01,29,27,34,31,63,58,121
41601,HUAYLLAMARCA,desnutricion global,nutricion normal (n),2006-10-01,26,30,4,12,30,42,72
21005,ICHOCA,desnutricion global,nutricion normal (n),2006-10-01,31,26,19,28,50,54,104
10304,ICLA,desnutricion global,nutricion normal (n),2006-10-01,124,130,178,143,302,273,575
10703,INCAHUASI,desnutricion global,nutricion normal (n),2006-10-01,261,238,219,226,480,464,944
90402,INGAVI (HUMAITA),desnutricion global,nutricion normal (n),2006-10-01,14,8,20,11,34,19,53
21001,INQUISIVI,desnutricion global,nutricion normal (n),2006-10-01,132,104,106,87,238,191,429
21102,IRUPANA (VILLA DE LANZA),desnutricion global,nutricion normal (n),2006-10-01,125,140,102,89,227,229,456
21501,IXIAMAS,desnutricion global,nutricion normal (n),2006-10-01,78,76,67,52,145,128,273
20806,JESUS DE MACHACA,desnutricion global,nutricion normal (n),2006-10-01,74,85,77,72,151,157,308
21105,LA ASUNTA,desnutricion global,nutricion normal (n),2006-10-01,134,115,76,58,210,173,383
70104,LA GUARDIA,desnutricion global,nutricion normal (n),2006-10-01,333,329,124,146,457,475,932
20101,LA PAZ,desnutricion global,nutricion normal (n),2006-10-01,2826,2680,1473,1397,4299,4077,8376
41501,LA RIVERA,desnutricion global,nutricion normal (n),2006-10-01,2,1,1,1,3,2,5
70701,LAGUNILLAS,desnutricion global,nutricion normal (n),2006-10-01,84,95,97,96,181,191,372
21202,LAJA,desnutricion global,nutricion normal (n),2006-10-01,113,128,56,51,169,179,348
10903,LAS CARRERAS,desnutricion global,nutricion normal (n),2006-10-01,39,38,38,45,77,83,160
21006,LICOMA PAMPA,desnutricion global,nutricion normal (n),2006-10-01,12,29,20,21,32,50,82
50203,LLALLAGUA,desnutricion global,nutricion normal (n),2006-10-01,252,262,267,254,519,516,1035
51401,LLICA,desnutricion global,nutricion normal (n),2006-10-01,31,19,16,18,47,37,84
80601,LORETO,desnutricion global,nutricion normal (n),2006-10-01,26,18,24,26,50,44,94
20901,LURIBAY,desnutricion global,nutricion normal (n),2006-10-01,80,65,36,48,116,113,229
40702,MACHACAMARCA,desnutricion global,nutricion normal (n),2006-10-01,10,21,24,12,34,33,67
11003,MACHARETI,desnutricion global,nutricion normal (n),2006-10-01,111,86,155,174,266,260,526
80801,MAGDALENA,desnutricion global,nutricion normal (n),2006-10-01,81,70,23,28,104,98,202
70903,MAIRANA,desnutricion global,nutricion normal (n),2006-10-01,84,75,42,41,126,116,242
20904,MALLA,desnutricion global,nutricion normal (n),2006-10-01,19,14,24,34,43,48,91
20607,MAPIRI,desnutricion global,nutricion normal (n),2006-10-01,190,164,100,108,290,272,562
20103,MECAPACA,desnutricion global,nutricion normal (n),2006-10-01,71,57,32,32,103,89,192
71003,MINEROS,desnutricion global,nutricion normal (n),2006-10-01,190,155,131,95,321,250,571
31301,MIZQUE,desnutricion global,nutricion normal (n),2006-10-01,154,135,85,121,239,256,495
20402,MOCOMOCO,desnutricion global,nutricion normal (n),2006-10-01,90,98,73,67,163,165,328
51002,MOJINETE,desnutricion global,nutricion normal (n),2006-10-01,4,2,3,3,7,5,12
10303,MOJOCOYA,desnutricion global,nutricion normal (n),2006-10-01,60,68,93,84,153,152,305
10501,MONTEAGUDO,desnutricion global,nutricion normal (n),2006-10-01,216,220,240,211,456,431,887
71001,MONTERO,desnutricion global,nutricion normal (n),2006-10-01,901,832,589,534,1490,1366,2856
70803,MORO MORO,desnutricion global,nutricion normal (n),2006-10-01,22,15,35,26,57,41,98
30302,MOROCHATA,desnutricion global,nutricion normal (n),2006-10-01,87,87,80,67,167,154,321
90401,NACEBE (SANTA ROSA DEL ABUNA),desnutricion global,nutricion normal (n),2006-10-01,0,1,1,1,1,2,3
90501,NUEVO MANOA (NUEVA ESPERANZA),desnutricion global,nutricion normal (n),2006-10-01,16,13,18,14,34,27,61
50404,OCURI,desnutricion global,nutricion normal (n),2006-10-01,102,129,95,99,197,228,425
70202,OKINAWA,desnutricion global,nutricion normal (n),2006-10-01,97,96,83,80,180,176,356
30203,OMEREQUE,desnutricion global,nutricion normal (n),2006-10-01,31,33,25,27,56,60,116
40101,ORURO,desnutricion global,nutricion normal (n),2006-10-01,1159,1090,586,562,1745,1652,3397
60201,PADCAYA,desnutricion global,nutricion normal (n),2006-10-01,156,136,172,180,328,316,644
10401,PADILLA,desnutricion global,nutricion normal (n),2006-10-01,137,150,185,175,322,325,647
70502,PAILON,desnutricion global,nutricion normal (n),2006-10-01,7,246,141,9,148,255,403
20102,PALCA,desnutricion global,nutricion normal (n),2006-10-01,84,79,22,22,106,101,207
21104,PALOS BLANCOS,desnutricion global,nutricion normal (n),2006-10-01,188,171,149,160,337,331,668
40802,PAMPA AULLAGAS,desnutricion global,nutricion normal (n),2006-10-01,24,20,15,19,39,39,78
70902,PAMPA GRANDE,desnutricion global,nutricion normal (n),2006-10-01,50,54,52,44,102,98,200
21802,PAPEL PAMPA,desnutricion global,nutricion normal (n),2006-10-01,31,22,17,17,48,39,87
30202,PASORAPA,desnutricion global,nutricion normal (n),2006-10-01,30,33,48,41,78,74,152
21305,PATACAMAYA,desnutricion global,nutricion normal (n),2006-10-01,158,137,52,50,210,187,397
40602,PAZÑA,desnutricion global,nutricion normal (n),2006-10-01,32,25,25,31,57,56,113
20702,PELECHUCO,desnutricion global,nutricion normal (n),2006-10-01,33,24,22,14,55,38,93
50403,POCOATA,desnutricion global,nutricion normal (n),2006-10-01,160,148,130,123,290,271,561
31203,POCONA,desnutricion global,nutricion normal (n),2006-10-01,74,76,60,43,134,119,253
31202,POJO (CBBA),desnutricion global,nutricion normal (n),2006-10-01,78,59,32,19,110,78,188
40601,POOPO,desnutricion global,nutricion normal (n),2006-10-01,24,18,14,5,38,23,61
51203,PORCO,desnutricion global,nutricion normal (n),2006-10-01,37,56,21,13,58,69,127
10103,POROMA,desnutricion global,nutricion normal (n),2006-10-01,131,112,100,74,231,186,417
70103,PORONGO,desnutricion global,nutricion normal (n),2006-10-01,51,47,29,14,80,61,141
70601,PORTACHUELO,desnutricion global,nutricion normal (n),2006-10-01,146,125,113,89,259,214,473
90102,PORVENIR,desnutricion global,nutricion normal (n),2006-10-01,59,62,68,63,127,125,252
70804,POSTRER VALLE,desnutricion global,nutricion normal (n),2006-10-01,11,17,13,12,24,29,53
50101,POTOSI,desnutricion global,nutricion normal (n),2006-10-01,854,795,405,306,1259,1101,2360
10302,PRESTO,desnutricion global,nutricion normal (n),2006-10-01,59,57,98,76,157,133,290
70805,PUCARA,desnutricion global,nutricion normal (n),2006-10-01,19,14,24,17,43,31,74
21201,PUCARANI,desnutricion global,nutricion normal (n),2006-10-01,165,155,98,102,263,257,520
20401,PUERTO ACOSTA,desnutricion global,nutricion normal (n),2006-10-01,125,152,103,99,228,251,479
20403,PUERTO CARABUCO,desnutricion global,nutricion normal (n),2006-10-01,116,101,71,66,187,167,354
90301,PUERTO GONZALO MORENO,desnutricion global,nutricion normal (n),2006-10-01,81,76,75,71,156,147,303
21204,PUERTO PEREZ,desnutricion global,nutricion normal (n),2006-10-01,57,49,64,43,121,92,213
71402,PUERTO QUIJARRO,desnutricion global,nutricion normal (n),2006-10-01,63,58,18,17,81,75,156
90201,PUERTO RICO,desnutricion global,nutricion normal (n),2006-10-01,13,13,12,14,25,27,52
80703,PUERTO SILES,desnutricion global,nutricion normal (n),2006-10-01,9,8,3,6,12,14,26
71401,PUERTO SUAREZ,desnutricion global,nutricion normal (n),2006-10-01,64,59,28,22,92,81,173
31205,PUERTO VILLARROEL,desnutricion global,nutricion normal (n),2006-10-01,305,287,173,139,478,426,904
51101,PUNA,desnutricion global,nutricion normal (n),2006-10-01,196,145,146,124,342,269,611
31401,PUNATA,desnutricion global,nutricion normal (n),2006-10-01,270,224,71,66,341,290,631
20604,QUIABAYA,desnutricion global,nutricion normal (n),2006-10-01,15,16,13,13,28,29,57
30901,QUILLACOLLO,desnutricion global,nutricion normal (n),2006-10-01,206,170,140,133,346,303,649
21002,QUIME,desnutricion global,nutricion normal (n),2006-10-01,91,81,90,66,181,147,328
70904,QUIRUSILLAS,desnutricion global,nutricion normal (n),2006-10-01,10,4,21,16,31,20,51
50402,RAVELO,desnutricion global,nutricion normal (n),2006-10-01,176,185,204,156,380,341,721
80301,REYES,desnutricion global,nutricion normal (n),2006-10-01,103,119,95,84,198,203,401
80201,RIBERALTA,desnutricion global,nutricion normal (n),2006-10-01,923,780,303,242,1226,1022,2248
70503,ROBORE,desnutricion global,nutricion normal (n),2006-10-01,91,90,55,58,146,148,294
80304,RURRENABAQUE,desnutricion global,nutricion normal (n),2006-10-01,82,95,31,28,113,123,236
40901,SABAYA,desnutricion global,nutricion normal (n),2006-10-01,31,20,27,16,58,36,94
31001,SACABA,desnutricion global,nutricion normal (n),2006-10-01,521,412,125,119,646,531,1177
30404,SACABAMBA,desnutricion global,nutricion normal (n),2006-10-01,26,20,32,26,58,46,104
50701,SACACA,desnutricion global,nutricion normal (n),2006-10-01,144,164,200,172,344,336,680
71302,SAIPINA,desnutricion global,nutricion normal (n),2006-10-01,19,29,33,28,52,57,109
40801,SALINAS DE GARCI MENDOZA,desnutricion global,nutricion normal (n),2006-10-01,24,42,35,36,59,78,137
70901,SAMAIPATA,desnutricion global,nutricion normal (n),2006-10-01,82,47,39,41,121,88,209
51601,SAN AGUSTIN,desnutricion global,nutricion normal (n),2006-10-01,18,13,18,19,36,32,68
80602,SAN ANDRES,desnutricion global,nutricion normal (n),2006-10-01,63,71,45,55,108,126,234
20805,SAN ANDRES DE MACHACA,desnutricion global,nutricion normal (n),2006-10-01,27,22,29,32,56,54,110
51003,SAN ANTONIO DE ESMORUCO,desnutricion global,nutricion normal (n),2006-10-01,7,7,4,8,11,15,26
71105,SAN ANTONIO DE LOMERIO,desnutricion global,nutricion normal (n),2006-10-01,78,56,78,67,156,123,279
31403,SAN BENITO,desnutricion global,nutricion normal (n),2006-10-01,102,82,26,48,128,130,258
80302,SAN BORJA,desnutricion global,nutricion normal (n),2006-10-01,304,277,140,112,444,389,833
21502,SAN BUENA VENTURA,desnutricion global,nutricion normal (n),2006-10-01,71,60,43,30,114,90,204
70402,SAN CARLOS,desnutricion global,nutricion normal (n),2006-10-01,178,173,76,98,254,271,525
80501,SAN IGNACIO,desnutricion global,nutricion normal (n),2006-10-01,129,119,83,83,212,202,414
70301,SAN IGNACIO DE VELASCO,desnutricion global,nutricion normal (n),2006-10-01,320,274,163,144,483,418,901
80102,SAN JAVIER(BNI),desnutricion global,nutricion normal (n),2006-10-01,15,16,19,21,34,37,71
71102,SAN JAVIER(STC),desnutricion global,nutricion normal (n),2006-10-01,15,15,7,4,22,19,41
80701,SAN JOAQUIN,desnutricion global,nutricion normal (n),2006-10-01,9,21,24,16,33,37,70
70501,SAN JOSE DE CHIQUITOS,desnutricion global,nutricion normal (n),2006-10-01,72,65,43,38,115,103,218
70404,SAN JUAN DE YAPACANI,desnutricion global,nutricion normal (n),2006-10-01,104,92,58,51,162,143,305
71104,SAN JULIAN,desnutricion global,nutricion normal (n),2006-10-01,95,78,98,76,193,154,347
90302,SAN LORENZO(PND),desnutricion global,nutricion normal (n),2006-10-01,49,30,35,34,84,64,148
60501,SAN LORENZO(TJA),desnutricion global,nutricion normal (n),2006-10-01,131,124,103,95,234,219,453
10702,SAN LUCAS,desnutricion global,nutricion normal (n),2006-10-01,373,336,335,331,708,667,1375
71201,SAN MATIAS,desnutricion global,nutricion normal (n),2006-10-01,85,77,58,56,143,133,276
70302,SAN MIGUEL DE VELASCO,desnutricion global,nutricion normal (n),2006-10-01,115,113,76,85,191,198,389
51001,SAN PABLO DE LIPEZ,desnutricion global,nutricion normal (n),2006-10-01,14,11,5,6,19,17,36
71005,SAN PEDRO,desnutricion global,nutricion normal (n),2006-10-01,150,115,80,86,230,201,431
50501,SAN PEDRO DE BUENA VISTA,desnutricion global,nutricion normal (n),2006-10-01,117,134,140,107,257,241,498
21801,SAN PEDRO DE CURAHUARA,desnutricion global,nutricion normal (n),2006-10-01,27,24,43,41,70,65,135
50902,SAN PEDRO DE QUEMES,desnutricion global,nutricion normal (n),2006-10-01,0,8,5,5,5,13,18
21702,SAN PEDRO DE TIQUINA,desnutricion global,nutricion normal (n),2006-10-01,12,18,28,21,40,39,79
90202,SAN PEDRO(PND),desnutricion global,nutricion normal (n),2006-10-01,14,22,19,24,33,46,79
70303,SAN RAFAEL,desnutricion global,nutricion normal (n),2006-10-01,47,42,23,24,70,66,136
80702,SAN RAMON,desnutricion global,nutricion normal (n),2006-10-01,29,36,28,13,57,49,106
80401,SANTA ANA,desnutricion global,nutricion normal (n),2006-10-01,113,81,54,64,167,145,312
70101,SANTA CRUZ DE LA SIERRA,desnutricion global,nutricion normal (n),2006-10-01,5570,4948,2381,2308,7951,7256,15207
80303,SANTA ROSA,desnutricion global,nutricion normal (n),2006-10-01,25,18,22,26,47,44,91
70602,SANTA ROSA DEL SARA,desnutricion global,nutricion normal (n),2006-10-01,131,149,114,120,245,269,514
20308,SANTIAGO DE CALLAPA,desnutricion global,nutricion normal (n),2006-10-01,17,28,13,6,30,34,64
41401,SANTIAGO DE HUARI,desnutricion global,nutricion normal (n),2006-10-01,28,32,37,20,65,52,117
21901,SANTIAGO DE MACHACA,desnutricion global,nutricion normal (n),2006-10-01,18,20,20,15,38,35,73
30702,SANTIVAÑES,desnutricion global,nutricion normal (n),2006-10-01,44,40,14,17,58,57,115
40202,SANTUARIO DE QUILLACAS,desnutricion global,nutricion normal (n),2006-10-01,4,12,7,12,11,24,35
20902,SAPAHAQUI,desnutricion global,nutricion normal (n),2006-10-01,70,72,49,46,119,118,237
90303,SENA,desnutricion global,nutricion normal (n),2006-10-01,36,38,56,52,92,90,182
21301,SICA SICA (VILLA AROMA),desnutricion global,nutricion normal (n),2006-10-01,144,148,92,90,236,238,474
30703,SICAYA,desnutricion global,nutricion normal (n),2006-10-01,16,17,6,4,22,21,43
30902,SIPE SIPE,desnutricion global,nutricion normal (n),2006-10-01,294,261,220,229,514,490,1004
10403,SOPACHUY,desnutricion global,nutricion normal (n),2006-10-01,127,106,129,116,256,222,478
40104,SORACACHI,desnutricion global,nutricion normal (n),2006-10-01,42,39,32,37,74,76,150
20601,SORATA,desnutricion global,nutricion normal (n),2006-10-01,102,84,65,56,167,140,307
10101,SUCRE,desnutricion global,nutricion normal (n),2006-10-01,1258,1206,1251,1175,2509,2381,4890
31404,TACACHI,desnutricion global,nutricion normal (n),2006-10-01,6,2,3,4,9,6,15
20603,TACACOMA,desnutricion global,nutricion normal (n),2006-10-01,34,33,24,22,58,55,113
50303,TACOBAMBA,desnutricion global,nutricion normal (n),2006-10-01,55,53,40,37,95,90,185
30602,TACOPAYA,desnutricion global,nutricion normal (n),2006-10-01,88,83,116,112,204,195,399
51402,TAHUA,desnutricion global,nutricion normal (n),2006-10-01,3,1,5,8,8,9,17
31101,TAPACARI,desnutricion global,nutricion normal (n),2006-10-01,197,153,106,89,303,242,545
10601,TARABUCO,desnutricion global,nutricion normal (n),2006-10-01,191,206,277,251,468,457,925
20807,TARACO,desnutricion global,nutricion normal (n),2006-10-01,39,35,37,42,76,77,153
30401,TARATA,desnutricion global,nutricion normal (n),2006-10-01,67,63,21,30,88,93,181
60101,TARIJA,desnutricion global,nutricion normal (n),2006-10-01,857,737,474,522,1331,1259,2590
10202,TARVITA,desnutricion global,nutricion normal (n),2006-10-01,177,120,156,115,333,235,568
20608,TEOPONTE,desnutricion global,nutricion normal (n),2006-10-01,67,50,69,72,136,122,258
20803,TIAWANACU,desnutricion global,nutricion normal (n),2006-10-01,106,86,40,44,146,130,276
50102,TINGUIPAYA,desnutricion global,nutricion normal (n),2006-10-01,90,97,99,67,189,164,353
20606,TIPUANI,desnutricion global,nutricion normal (n),2006-10-01,60,50,24,39,84,89,173
30903,TIQUIPAYA,desnutricion global,nutricion normal (n),2006-10-01,244,164,130,80,374,244,618
31601,TIRAQUE (CBBA),desnutricion global,nutricion normal (n),2006-10-01,195,147,96,87,291,234,525
21703,TITO YUPANQUI (PARQUIPUJIO),desnutricion global,nutricion normal (n),2006-10-01,6,14,8,11,14,25,39
30802,TOCO,desnutricion global,nutricion normal (n),2006-10-01,21,12,20,16,41,28,69
41502,TODOS SANTOS,desnutricion global,nutricion normal (n),2006-10-01,2,0,1,0,3,0,3
30803,TOLATA,desnutricion global,nutricion normal (n),2006-10-01,42,25,20,19,62,44,106
41001,TOLEDO,desnutricion global,nutricion normal (n),2006-10-01,52,42,41,42,93,84,177
51202,TOMAVE,desnutricion global,nutricion normal (n),2006-10-01,20,91,16,54,36,145,181
10402,TOMINA,desnutricion global,nutricion normal (n),2006-10-01,121,114,129,131,250,245,495
50502,TORO TORO,desnutricion global,nutricion normal (n),2006-10-01,68,95,75,82,143,177,320
31201,TOTORA(CBBA),desnutricion global,nutricion normal (n),2006-10-01,122,90,38,52,160,142,302
41301,TOTORA(ORR),desnutricion global,nutricion normal (n),2006-10-01,26,34,14,19,40,53,93
70802,TRIGAL,desnutricion global,nutricion normal (n),2006-10-01,10,9,18,14,28,23,51
80101,TRINIDAD,desnutricion global,nutricion normal (n),2006-10-01,671,526,245,226,916,752,1668
50801,TUPIZA,desnutricion global,nutricion normal (n),2006-10-01,241,240,225,220,466,460,926
40402,TURCO,desnutricion global,nutricion normal (n),2006-10-01,20,14,21,18,41,32,73
21302,UMALA,desnutricion global,nutricion normal (n),2006-10-01,46,35,30,28,76,63,139
50201,UNCIA,desnutricion global,nutricion normal (n),2006-10-01,113,84,79,73,192,157,349
60401,URIONDO (A. CONCEPCION),desnutricion global,nutricion normal (n),2006-10-01,109,51,59,73,168,124,292
71502,URUBICHA,desnutricion global,nutricion normal (n),2006-10-01,95,96,135,118,230,214,444
51201,UYUNI,desnutricion global,nutricion normal (n),2006-10-01,39,38,51,41,90,79,169
30502,VACAS,desnutricion global,nutricion normal (n),2006-10-01,60,51,40,36,100,87,187
70801,VALLEGRANDE,desnutricion global,nutricion normal (n),2006-10-01,99,87,61,59,160,146,306
20801,VIACHA,desnutricion global,nutricion normal (n),2006-10-01,180,192,124,106,304,298,602
31302,VILA VILA,desnutricion global,nutricion normal (n),2006-10-01,28,35,26,27,54,62,116
60303,VILLA MONTES,desnutricion global,nutricion normal (n),2006-10-01,94,93,95,105,189,198,387
90502,VILLA NUEVA (LOMA ALTA),desnutricion global,nutricion normal (n),2006-10-01,5,11,3,3,8,14,22
31402,VILLA RIVERO,desnutricion global,nutricion normal (n),2006-10-01,26,18,30,27,56,45,101
10801,VILLA SERRANO,desnutricion global,nutricion normal (n),2006-10-01,125,131,174,160,299,291,590
31003,VILLA TUNARI,desnutricion global,nutricion normal (n),2006-10-01,554,489,291,241,845,730,1575
11001,VILLA VACA GUZMAN (MUYUPAMPA),desnutricion global,nutricion normal (n),2006-10-01,96,115,132,155,228,270,498
51501,VILLAZON,desnutricion global,nutricion normal (n),2006-10-01,279,274,149,192,428,466,894
30904,VINTO,desnutricion global,nutricion normal (n),2006-10-01,157,118,39,32,196,150,346
50602,VITICHI,desnutricion global,nutricion normal (n),2006-10-01,107,82,122,91,229,173,402
20306,WALDO BALLIVIAN,desnutricion global,nutricion normal (n),2006-10-01,46,8,8,11,54,19,73
70201,WARNES,desnutricion global,nutricion normal (n),2006-10-01,324,358,172,161,496,519,1015
20903,YACO,desnutricion global,nutricion normal (n),2006-10-01,45,41,29,35,74,76,150
60301,YACUIBA,desnutricion global,nutricion normal (n),2006-10-01,347,259,196,203,543,462,1005
10602,YAMPARAEZ,desnutricion global,nutricion normal (n),2006-10-01,105,96,165,163,270,259,529
21103,YANACACHI,desnutricion global,nutricion normal (n),2006-10-01,34,42,21,17,55,59,114
70403,YAPACANI,desnutricion global,nutricion normal (n),2006-10-01,362,327,207,165,569,492,1061
50103,YOCALLA,desnutricion global,nutricion normal (n),2006-10-01,37,31,39,42,76,73,149
10102,YOTALA,desnutricion global,nutricion normal (n),2006-10-01,37,34,72,70,109,104,213
60402,YUNCHARA,desnutricion global,nutricion normal (n),2006-10-01,32,48,64,50,96,98,194
10301,ZUDAÑEZ,desnutricion global,nutricion normal (n),2006-10-01,90,68,111,90,201,158,359
51302,ACACIO,desnutricion global,nutricion normal (n),2006-11-01,60,61,47,61,107,122,229
20201,ACHACACHI,desnutricion global,nutricion normal (n),2006-11-01,303,329,252,274,555,603,1158
20104,ACHOCALLA,desnutricion global,nutricion normal (n),2006-11-01,59,52,25,19,84,71,155
30201,AIQUILE,desnutricion global,nutricion normal (n),2006-11-01,67,56,56,50,123,106,229
10404,ALCALA,desnutricion global,nutricion normal (n),2006-11-01,38,35,40,33,78,68,146
20202,ANCORAIMES,desnutricion global,nutricion normal (n),2006-11-01,89,82,91,98,180,180,360
41201,ANDAMARCA,desnutricion global,nutricion normal (n),2006-11-01,17,11,33,18,50,29,79
40603,ANTEQUERA,desnutricion global,nutricion normal (n),2006-11-01,66,23,50,39,116,62,178
30402,ANZALDO,desnutricion global,nutricion normal (n),2006-11-01,29,37,27,32,56,69,125
20701,APOLO,desnutricion global,nutricion normal (n),2006-11-01,120,109,77,81,197,190,387
51301,ARAMPAMPA,desnutricion global,nutricion normal (n),2006-11-01,74,65,70,70,144,135,279
30501,ARANI,desnutricion global,nutricion normal (n),2006-11-01,48,34,67,52,115,86,201
30403,ARBIETO,desnutricion global,nutricion normal (n),2006-11-01,33,34,6,11,39,45,84
30601,ARQUE,desnutricion global,nutricion normal (n),2006-11-01,98,62,59,90,157,152,309
71501,ASCENCION DE GUARAYOS,desnutricion global,nutricion normal (n),2006-11-01,29,37,37,43,66,80,146
50802,ATOCHA,desnutricion global,nutricion normal (n),2006-11-01,114,112,84,87,198,199,397
20503,AUCAPATA,desnutricion global,nutricion normal (n),2006-11-01,47,30,23,17,70,47,117
20502,AYATA,desnutricion global,nutricion normal (n),2006-11-01,100,69,29,37,129,106,235
21303,AYO AYO,desnutricion global,nutricion normal (n),2006-11-01,32,46,24,11,56,57,113
30301,AYOPAYA (V. DE INDEPENDENCIA),desnutricion global,nutricion normal (n),2006-11-01,205,211,154,117,359,328,687
10201,AZURDUY,desnutricion global,nutricion normal (n),2006-11-01,198,174,186,160,384,334,718
21203,BATALLAS,desnutricion global,nutricion normal (n),2006-11-01,125,116,61,57,186,173,359
80802,BAURES,desnutricion global,nutricion normal (n),2006-11-01,33,35,27,40,60,75,135
41202,BELEN DE ANDAMARCA,desnutricion global,nutricion normal (n),2006-11-01,5,10,5,8,10,18,28
50104,BELEN DE URMIRI,desnutricion global,nutricion normal (n),2006-11-01,8,10,6,5,14,15,29
90104,BELLA FLOR,desnutricion global,nutricion normal (n),2006-11-01,34,25,29,49,63,74,137
60202,BERMEJO,desnutricion global,nutricion normal (n),2006-11-01,76,51,43,19,119,70,189
50301,BETANZOS,desnutricion global,nutricion normal (n),2006-11-01,291,302,311,233,602,535,1137
31501,BOLIVAR,desnutricion global,nutricion normal (n),2006-11-01,63,75,54,50,117,125,242
90103,BOLPEBRA,desnutricion global,nutricion normal (n),2006-11-01,27,17,27,17,54,34,88
70707,BOYUIBE,desnutricion global,nutricion normal (n),2006-11-01,26,24,27,31,53,55,108
70401,BUENA VISTA,desnutricion global,nutricion normal (n),2006-11-01,152,137,145,146,297,283,580
70703,CABEZAS,desnutricion global,nutricion normal (n),2006-11-01,153,121,105,93,258,214,472
20905,CAIROMA,desnutricion global,nutricion normal (n),2006-11-01,87,86,40,72,127,158,285
51102,"CAIZA ""D""",desnutricion global,nutricion normal (n),2006-11-01,86,85,64,69,150,154,304
21003,CAJUATA,desnutricion global,nutricion normal (n),2006-11-01,99,99,74,51,173,150,323
20303,CALACOTO,desnutricion global,nutricion normal (n),2006-11-01,28,27,30,14,58,41,99
21304,CALAMARCA,desnutricion global,nutricion normal (n),2006-11-01,94,104,66,53,160,157,317
10701,CAMARGO,desnutricion global,nutricion normal (n),2006-11-01,172,196,160,136,332,332,664
10901,CAMATAQUI (C. VILLA ABECIA),desnutricion global,nutricion normal (n),2006-11-01,40,42,38,33,78,75,153
70706,CAMIRI,desnutricion global,nutricion normal (n),2006-11-01,215,200,195,177,410,377,787
30701,CAPINOTA,desnutricion global,nutricion normal (n),2006-11-01,79,87,71,85,150,172,322
20302,CAQUIAVIRI,desnutricion global,nutricion normal (n),2006-11-01,64,70,33,34,97,104,201
40102,CARACOLLO,desnutricion global,nutricion normal (n),2006-11-01,74,81,44,35,118,116,234
22001,CARANAVI,desnutricion global,nutricion normal (n),2006-11-01,493,482,297,294,790,776,1566
41503,CARANGAS,desnutricion global,nutricion normal (n),2006-11-01,2,3,2,2,4,5,9
60302,CARAPARI,desnutricion global,nutricion normal (n),2006-11-01,99,96,91,97,190,193,383
50702,CARIPUYO,desnutricion global,nutricion normal (n),2006-11-01,80,72,86,60,166,132,298
71403,CARMEN RIVERO TORREZ,desnutricion global,nutricion normal (n),2006-11-01,17,14,12,18,29,32,61
21902,CATACORA,desnutricion global,nutricion normal (n),2006-11-01,1,0,3,2,4,2,6
21803,CHACARILLA,desnutricion global,nutricion normal (n),2006-11-01,11,9,5,10,16,19,35
40201,CHALLAPATA,desnutricion global,nutricion normal (n),2006-11-01,182,163,95,101,277,264,541
50302,CHAQUI,desnutricion global,nutricion normal (n),2006-11-01,42,47,32,43,74,90,164
70702,CHARAGUA,desnutricion global,nutricion normal (n),2006-11-01,157,191,167,152,324,343,667
20305,CHARAÑA,desnutricion global,nutricion normal (n),2006-11-01,15,18,19,17,34,35,69
50202,CHAYANTA,desnutricion global,nutricion normal (n),2006-11-01,76,79,62,53,138,132,270
31204,CHIMORE,desnutricion global,nutricion normal (n),2006-11-01,8,11,12,7,20,18,38
40903,CHIPAYA,desnutricion global,nutricion normal (n),2006-11-01,6,10,3,8,9,18,27
40302,CHOQUE COTA,desnutricion global,nutricion normal (n),2006-11-01,8,7,15,13,23,20,43
21101,CHULUMANI (V. DE LA LIBERTAD),desnutricion global,nutricion normal (n),2006-11-01,115,131,41,46,156,177,333
20501,CHUMA,desnutricion global,nutricion normal (n),2006-11-01,90,95,92,92,182,187,369
30801,CLIZA,desnutricion global,nutricion normal (n),2006-11-01,190,129,74,59,264,188,452
90101,COBIJA,desnutricion global,nutricion normal (n),2006-11-01,258,258,176,204,434,462,896
30101,COCHABAMBA,desnutricion global,nutricion normal (n),2006-11-01,2019,1756,1024,901,3043,2657,5700
40902,COIPASA,desnutricion global,nutricion normal (n),2006-11-01,4,2,4,2,8,4,12
30905,COLCAPIRHUA,desnutricion global,nutricion normal (n),2006-11-01,270,280,148,125,418,405,823
50901,"COLCHA ""K""",desnutricion global,nutricion normal (n),2006-11-01,111,87,83,78,194,165,359
21307,COLLANA,desnutricion global,nutricion normal (n),2006-11-01,17,8,5,3,22,11,33
31002,COLOMI,desnutricion global,nutricion normal (n),2006-11-01,189,158,79,72,268,230,498
70603,COLPA BELGICA,desnutricion global,nutricion normal (n),2006-11-01,49,48,33,31,82,79,161
50401,COLQUECHACA,desnutricion global,nutricion normal (n),2006-11-01,126,127,84,70,210,197,407
21306,COLQUENCHA,desnutricion global,nutricion normal (n),2006-11-01,50,44,28,16,78,60,138
21004,COLQUIRI,desnutricion global,nutricion normal (n),2006-11-01,117,136,72,84,189,220,409
20304,COMANCHE,desnutricion global,nutricion normal (n),2006-11-01,15,15,11,7,26,22,48
71301,COMARAPA,desnutricion global,nutricion normal (n),2006-11-01,91,103,88,108,179,211,390
20605,COMBAYA,desnutricion global,nutricion normal (n),2006-11-01,12,11,25,12,37,23,60
71101,CONCEPCION,desnutricion global,nutricion normal (n),2006-11-01,136,121,80,63,216,184,400
21701,COPACABANA,desnutricion global,nutricion normal (n),2006-11-01,75,108,84,69,159,177,336
21402,CORIPATA,desnutricion global,nutricion normal (n),2006-11-01,133,146,95,89,228,235,463
20301,CORO CORO,desnutricion global,nutricion normal (n),2006-11-01,47,74,49,36,96,110,206
21401,COROICO,desnutricion global,nutricion normal (n),2006-11-01,141,144,116,125,257,269,526
40301,CORQUE,desnutricion global,nutricion normal (n),2006-11-01,41,37,27,26,68,63,131
50601,COTAGAITA,desnutricion global,nutricion normal (n),2006-11-01,194,202,169,153,363,355,718
70102,COTOCA,desnutricion global,nutricion normal (n),2006-11-01,291,249,157,143,448,392,840
71106,CUATRO CAÑADAS,desnutricion global,nutricion normal (n),2006-11-01,100,79,102,81,202,160,362
31405,CUCHUMUELA (V. G. VILLARROEL),desnutricion global,nutricion normal (n),2006-11-01,20,11,8,3,28,14,42
70704,CUEVO,desnutricion global,nutricion normal (n),2006-11-01,31,36,38,45,69,81,150
10902,CULPINA,desnutricion global,nutricion normal (n),2006-11-01,203,219,195,226,398,445,843
40401,CURAHUARA DE CARANGAS,desnutricion global,nutricion normal (n),2006-11-01,37,28,27,23,64,51,115
21602,CURVA,desnutricion global,nutricion normal (n),2006-11-01,9,7,6,3,15,10,25
20804,DESAGUADERO,desnutricion global,nutricion normal (n),2006-11-01,32,27,16,5,48,32,80
20105,EL ALTO,desnutricion global,nutricion normal (n),2006-11-01,4099,3734,1988,2092,6087,5826,11913
40103,EL CHORO,desnutricion global,nutricion normal (n),2006-11-01,16,11,11,8,27,19,46
71503,EL PUENTE(STC),desnutricion global,nutricion normal (n),2006-11-01,211,173,164,134,375,307,682
60502,EL PUENTE(TJA),desnutricion global,nutricion normal (n),2006-11-01,70,50,90,70,160,120,280
70105,EL TORNO,desnutricion global,nutricion normal (n),2006-11-01,197,196,104,102,301,298,599
10405,EL VILLAR,desnutricion global,nutricion normal (n),2006-11-01,80,71,91,81,171,152,323
60601,ENTRE RIOS,desnutricion global,nutricion normal (n),2006-11-01,197,181,168,141,365,322,687
60601,ENTRE RIOS,desnutricion global,nutricion normal (n),2006-11-01,112,101,103,122,215,223,438
40502,ESCARA,desnutricion global,nutricion normal (n),2006-11-01,0,1,3,1,3,2,5
40505,ESMERALDA,desnutricion global,nutricion normal (n),2006-11-01,4,3,7,3,11,6,17
41101,EUCALIPTUS,desnutricion global,nutricion normal (n),2006-11-01,36,34,85,55,121,89,210
90503,EUREKA (SANTOS MERCADO),desnutricion global,nutricion normal (n),2006-11-01,10,10,6,3,16,13,29
80402,EXALTACION,desnutricion global,nutricion normal (n),2006-11-01,18,23,30,30,48,53,101
71004,FERNANDEZ ALONSO,desnutricion global,nutricion normal (n),2006-11-01,147,122,136,112,283,234,517
90203,FILADELFIA,desnutricion global,nutricion normal (n),2006-11-01,26,32,27,28,53,60,113
71002,GENERAL SAAVEDRA,desnutricion global,nutricion normal (n),2006-11-01,142,113,118,121,260,234,494
21601,GRAL. J.J. PEREZ (CHARAZANI),desnutricion global,nutricion normal (n),2006-11-01,77,75,59,53,136,128,264
20602,GUANAY,desnutricion global,nutricion normal (n),2006-11-01,134,112,135,115,269,227,496
20802,GUAQUI,desnutricion global,nutricion normal (n),2006-11-01,47,37,16,13,63,50,113
80202,GUAYARAMERIN,desnutricion global,nutricion normal (n),2006-11-01,302,277,146,190,448,467,915
70705,GUTIERREZ,desnutricion global,nutricion normal (n),2006-11-01,83,92,82,102,165,194,359
10502,HUACARETA,desnutricion global,nutricion normal (n),2006-11-01,112,100,141,129,253,229,482
11002,HUACAYA (VILLA DE HUACAYA),desnutricion global,nutricion normal (n),2006-11-01,40,44,42,39,82,83,165
40501,HUACHACALLA,desnutricion global,nutricion normal (n),2006-11-01,18,13,15,10,33,23,56
40701,HUANUNI,desnutricion global,nutricion normal (n),2006-11-01,206,159,102,89,308,248,556
80803,HUARACAJE,desnutricion global,nutricion normal (n),2006-11-01,32,19,16,6,48,25,73
41601,HUAYLLAMARCA,desnutricion global,nutricion normal (n),2006-11-01,31,31,19,26,50,57,107
21005,ICHOCA,desnutricion global,nutricion normal (n),2006-11-01,40,26,20,20,60,46,106
10304,ICLA,desnutricion global,nutricion normal (n),2006-11-01,129,137,152,144,281,281,562
10703,INCAHUASI,desnutricion global,nutricion normal (n),2006-11-01,227,249,185,187,412,436,848
90402,INGAVI (HUMAITA),desnutricion global,nutricion normal (n),2006-11-01,1,2,10,4,11,6,17
21001,INQUISIVI,desnutricion global,nutricion normal (n),2006-11-01,131,131,92,87,223,218,441
21102,IRUPANA (VILLA DE LANZA),desnutricion global,nutricion normal (n),2006-11-01,99,104,112,95,211,199,410
21501,IXIAMAS,desnutricion global,nutricion normal (n),2006-11-01,80,93,99,57,179,150,329
20806,JESUS DE MACHACA,desnutricion global,nutricion normal (n),2006-11-01,70,81,33,53,103,134,237
21105,LA ASUNTA,desnutricion global,nutricion normal (n),2006-11-01,179,157,101,111,280,268,548
70104,LA GUARDIA,desnutricion global,nutricion normal (n),2006-11-01,411,378,214,183,625,561,1186
20101,LA PAZ,desnutricion global,nutricion normal (n),2006-11-01,3314,3004,1785,1561,5099,4565,9664
41501,LA RIVERA,desnutricion global,nutricion normal (n),2006-11-01,2,2,3,1,5,3,8
70701,LAGUNILLAS,desnutricion global,nutricion normal (n),2006-11-01,84,94,95,123,179,217,396
21202,LAJA,desnutricion global,nutricion normal (n),2006-11-01,153,87,50,49,203,136,339
10903,LAS CARRERAS,desnutricion global,nutricion normal (n),2006-11-01,42,42,46,44,88,86,174
21006,LICOMA PAMPA,desnutricion global,nutricion normal (n),2006-11-01,19,27,15,19,34,46,80
50203,LLALLAGUA,desnutricion global,nutricion normal (n),2006-11-01,238,198,216,212,454,410,864
51401,LLICA,desnutricion global,nutricion normal (n),2006-11-01,45,40,39,30,84,70,154
80601,LORETO,desnutricion global,nutricion normal (n),2006-11-01,45,29,36,41,81,70,151
20901,LURIBAY,desnutricion global,nutricion normal (n),2006-11-01,97,78,56,54,153,132,285
40702,MACHACAMARCA,desnutricion global,nutricion normal (n),2006-11-01,27,27,43,42,70,69,139
11003,MACHARETI,desnutricion global,nutricion normal (n),2006-11-01,117,90,135,147,252,237,489
80801,MAGDALENA,desnutricion global,nutricion normal (n),2006-11-01,75,75,24,22,99,97,196
70903,MAIRANA,desnutricion global,nutricion normal (n),2006-11-01,78,73,31,18,109,91,200
20904,MALLA,desnutricion global,nutricion normal (n),2006-11-01,19,20,22,25,41,45,86
20607,MAPIRI,desnutricion global,nutricion normal (n),2006-11-01,134,135,68,64,202,199,401
20103,MECAPACA,desnutricion global,nutricion normal (n),2006-11-01,74,55,39,42,113,97,210
71003,MINEROS,desnutricion global,nutricion normal (n),2006-11-01,174,150,160,119,334,269,603
31301,MIZQUE,desnutricion global,nutricion normal (n),2006-11-01,184,188,100,100,284,288,572
20402,MOCOMOCO,desnutricion global,nutricion normal (n),2006-11-01,76,71,46,42,122,113,235
51002,MOJINETE,desnutricion global,nutricion normal (n),2006-11-01,2,5,17,9,19,14,33
10303,MOJOCOYA,desnutricion global,nutricion normal (n),2006-11-01,77,67,113,92,190,159,349
10501,MONTEAGUDO,desnutricion global,nutricion normal (n),2006-11-01,228,229,262,217,490,446,936
71001,MONTERO,desnutricion global,nutricion normal (n),2006-11-01,1054,941,671,597,1725,1538,3263
70803,MORO MORO,desnutricion global,nutricion normal (n),2006-11-01,20,13,25,21,45,34,79
30302,MOROCHATA,desnutricion global,nutricion normal (n),2006-11-01,109,97,103,101,212,198,410
90401,NACEBE (SANTA ROSA DEL ABUNA),desnutricion global,nutricion normal (n),2006-11-01,11,8,12,13,23,21,44
50404,OCURI,desnutricion global,nutricion normal (n),2006-11-01,171,160,129,124,300,284,584
70202,OKINAWA,desnutricion global,nutricion normal (n),2006-11-01,147,131,121,109,268,240,508
30203,OMEREQUE,desnutricion global,nutricion normal (n),2006-11-01,62,48,42,34,104,82,186
40101,ORURO,desnutricion global,nutricion normal (n),2006-11-01,1385,1255,634,705,2019,1960,3979
60201,PADCAYA,desnutricion global,nutricion normal (n),2006-11-01,101,121,100,107,201,228,429
10401,PADILLA,desnutricion global,nutricion normal (n),2006-11-01,158,154,217,200,375,354,729
70502,PAILON,desnutricion global,nutricion normal (n),2006-11-01,7,247,165,17,172,264,436
20102,PALCA,desnutricion global,nutricion normal (n),2006-11-01,71,81,24,16,95,97,192
21104,PALOS BLANCOS,desnutricion global,nutricion normal (n),2006-11-01,176,174,127,121,303,295,598
40802,PAMPA AULLAGAS,desnutricion global,nutricion normal (n),2006-11-01,26,31,15,15,41,46,87
70902,PAMPA GRANDE,desnutricion global,nutricion normal (n),2006-11-01,48,49,22,21,70,70,140
21802,PAPEL PAMPA,desnutricion global,nutricion normal (n),2006-11-01,40,30,22,33,62,63,125
30202,PASORAPA,desnutricion global,nutricion normal (n),2006-11-01,17,20,24,21,41,41,82
21305,PATACAMAYA,desnutricion global,nutricion normal (n),2006-11-01,183,173,80,81,263,254,517
40602,PAZÑA,desnutricion global,nutricion normal (n),2006-11-01,49,28,18,31,67,59,126
20702,PELECHUCO,desnutricion global,nutricion normal (n),2006-11-01,35,34,14,17,49,51,100
50403,POCOATA,desnutricion global,nutricion normal (n),2006-11-01,163,129,184,165,347,294,641
31203,POCONA,desnutricion global,nutricion normal (n),2006-11-01,65,62,39,51,104,113,217
31202,POJO (CBBA),desnutricion global,nutricion normal (n),2006-11-01,148,129,47,74,195,203,398
40601,POOPO,desnutricion global,nutricion normal (n),2006-11-01,68,62,26,18,94,80,174
51203,PORCO,desnutricion global,nutricion normal (n),2006-11-01,54,63,40,18,94,81,175
10103,POROMA,desnutricion global,nutricion normal (n),2006-11-01,158,132,160,123,318,255,573
70103,PORONGO,desnutricion global,nutricion normal (n),2006-11-01,52,48,60,61,112,109,221
70601,PORTACHUELO,desnutricion global,nutricion normal (n),2006-11-01,212,189,195,165,407,354,761
90102,PORVENIR,desnutricion global,nutricion normal (n),2006-11-01,46,62,38,41,84,103,187
70804,POSTRER VALLE,desnutricion global,nutricion normal (n),2006-11-01,12,14,12,15,24,29,53
50101,POTOSI,desnutricion global,nutricion normal (n),2006-11-01,1007,815,410,382,1417,1197,2614
10302,PRESTO,desnutricion global,nutricion normal (n),2006-11-01,85,77,115,101,200,178,378
70805,PUCARA,desnutricion global,nutricion normal (n),2006-11-01,15,13,7,6,22,19,41
21201,PUCARANI,desnutricion global,nutricion normal (n),2006-11-01,182,185,120,99,302,284,586
20401,PUERTO ACOSTA,desnutricion global,nutricion normal (n),2006-11-01,146,134,140,196,286,330,616
20403,PUERTO CARABUCO,desnutricion global,nutricion normal (n),2006-11-01,130,138,106,117,236,255,491
90301,PUERTO GONZALO MORENO,desnutricion global,nutricion normal (n),2006-11-01,44,44,31,38,75,82,157
21204,PUERTO PEREZ,desnutricion global,nutricion normal (n),2006-11-01,59,36,43,29,102,65,167
71402,PUERTO QUIJARRO,desnutricion global,nutricion normal (n),2006-11-01,87,90,41,42,128,132,260
90201,PUERTO RICO,desnutricion global,nutricion normal (n),2006-11-01,7,5,9,6,16,11,27
80703,PUERTO SILES,desnutricion global,nutricion normal (n),2006-11-01,23,26,40,51,63,77,140
71401,PUERTO SUAREZ,desnutricion global,nutricion normal (n),2006-11-01,75,67,35,27,110,94,204
31205,PUERTO VILLARROEL,desnutricion global,nutricion normal (n),2006-11-01,321,343,225,150,546,493,1039
51101,PUNA,desnutricion global,nutricion normal (n),2006-11-01,282,196,223,141,505,337,842
31401,PUNATA,desnutricion global,nutricion normal (n),2006-11-01,283,258,104,90,387,348,735
20604,QUIABAYA,desnutricion global,nutricion normal (n),2006-11-01,18,15,5,5,23,20,43
30901,QUILLACOLLO,desnutricion global,nutricion normal (n),2006-11-01,738,1010,394,308,1132,1318,2450
21002,QUIME,desnutricion global,nutricion normal (n),2006-11-01,84,95,60,69,144,164,308
70904,QUIRUSILLAS,desnutricion global,nutricion normal (n),2006-11-01,16,13,19,13,35,26,61
50402,RAVELO,desnutricion global,nutricion normal (n),2006-11-01,190,170,182,165,372,335,707
80301,REYES,desnutricion global,nutricion normal (n),2006-11-01,85,102,54,72,139,174,313
80201,RIBERALTA,desnutricion global,nutricion normal (n),2006-11-01,1072,978,330,281,1402,1259,2661
70503,ROBORE,desnutricion global,nutricion normal (n),2006-11-01,148,123,98,87,246,210,456
80304,RURRENABAQUE,desnutricion global,nutricion normal (n),2006-11-01,96,96,29,33,125,129,254
40901,SABAYA,desnutricion global,nutricion normal (n),2006-11-01,28,25,15,4,43,29,72
31001,SACABA,desnutricion global,nutricion normal (n),2006-11-01,664,581,287,268,951,849,1800
30404,SACABAMBA,desnutricion global,nutricion normal (n),2006-11-01,38,12,14,11,52,23,75
50701,SACACA,desnutricion global,nutricion normal (n),2006-11-01,178,156,201,172,379,328,707
71302,SAIPINA,desnutricion global,nutricion normal (n),2006-11-01,36,37,57,47,93,84,177
40801,SALINAS DE GARCI MENDOZA,desnutricion global,nutricion normal (n),2006-11-01,80,60,59,56,139,116,255
70901,SAMAIPATA,desnutricion global,nutricion normal (n),2006-11-01,70,59,34,35,104,94,198
51601,SAN AGUSTIN,desnutricion global,nutricion normal (n),2006-11-01,21,26,30,30,51,56,107
80602,SAN ANDRES,desnutricion global,nutricion normal (n),2006-11-01,127,93,120,81,247,174,421
20805,SAN ANDRES DE MACHACA,desnutricion global,nutricion normal (n),2006-11-01,33,24,40,40,73,64,137
51003,SAN ANTONIO DE ESMORUCO,desnutricion global,nutricion normal (n),2006-11-01,15,12,10,8,25,20,45
71105,SAN ANTONIO DE LOMERIO,desnutricion global,nutricion normal (n),2006-11-01,83,61,71,69,154,130,284
31403,SAN BENITO,desnutricion global,nutricion normal (n),2006-11-01,134,88,51,38,185,126,311
80302,SAN BORJA,desnutricion global,nutricion normal (n),2006-11-01,401,374,220,174,621,548,1169
21502,SAN BUENA VENTURA,desnutricion global,nutricion normal (n),2006-11-01,98,165,74,84,172,249,421
70402,SAN CARLOS,desnutricion global,nutricion normal (n),2006-11-01,255,285,108,124,363,409,772
80501,SAN IGNACIO,desnutricion global,nutricion normal (n),2006-11-01,196,169,132,111,328,280,608
70301,SAN IGNACIO DE VELASCO,desnutricion global,nutricion normal (n),2006-11-01,477,460,366,335,843,795,1638
80102,SAN JAVIER(BNI),desnutricion global,nutricion normal (n),2006-11-01,22,19,25,29,47,48,95
80701,SAN JOAQUIN,desnutricion global,nutricion normal (n),2006-11-01,9,10,45,52,54,62,116
70501,SAN JOSE DE CHIQUITOS,desnutricion global,nutricion normal (n),2006-11-01,88,52,46,53,134,105,239
70404,SAN JUAN DE YAPACANI,desnutricion global,nutricion normal (n),2006-11-01,102,106,83,69,185,175,360
71104,SAN JULIAN,desnutricion global,nutricion normal (n),2006-11-01,153,134,185,189,338,323,661
90302,SAN LORENZO(PND),desnutricion global,nutricion normal (n),2006-11-01,13,25,12,26,25,51,76
60501,SAN LORENZO(TJA),desnutricion global,nutricion normal (n),2006-11-01,119,122,97,90,216,212,428
10702,SAN LUCAS,desnutricion global,nutricion normal (n),2006-11-01,398,386,363,404,761,790,1551
71201,SAN MATIAS,desnutricion global,nutricion normal (n),2006-11-01,122,109,86,68,208,177,385
70302,SAN MIGUEL DE VELASCO,desnutricion global,nutricion normal (n),2006-11-01,100,90,54,49,154,139,293
51001,SAN PABLO DE LIPEZ,desnutricion global,nutricion normal (n),2006-11-01,25,27,18,12,43,39,82
71005,SAN PEDRO,desnutricion global,nutricion normal (n),2006-11-01,122,108,95,83,217,191,408
50501,SAN PEDRO DE BUENA VISTA,desnutricion global,nutricion normal (n),2006-11-01,195,204,134,134,329,338,667
21801,SAN PEDRO DE CURAHUARA,desnutricion global,nutricion normal (n),2006-11-01,29,22,21,12,50,34,84
50902,SAN PEDRO DE QUEMES,desnutricion global,nutricion normal (n),2006-11-01,4,8,4,7,8,15,23
21702,SAN PEDRO DE TIQUINA,desnutricion global,nutricion normal (n),2006-11-01,28,40,33,25,61,65,126
90202,SAN PEDRO(PND),desnutricion global,nutricion normal (n),2006-11-01,14,6,13,14,27,20,47
70303,SAN RAFAEL,desnutricion global,nutricion normal (n),2006-11-01,55,54,48,39,103,93,196
80702,SAN RAMON,desnutricion global,nutricion normal (n),2006-11-01,35,26,26,22,61,48,109
80401,SANTA ANA,desnutricion global,nutricion normal (n),2006-11-01,90,99,48,50,138,149,287
70101,SANTA CRUZ DE LA SIERRA,desnutricion global,nutricion normal (n),2006-11-01,6488,5897,3009,3005,9497,8902,18399
80303,SANTA ROSA,desnutricion global,nutricion normal (n),2006-11-01,47,46,24,30,71,76,147
70602,SANTA ROSA DEL SARA,desnutricion global,nutricion normal (n),2006-11-01,184,180,237,206,421,386,807
20308,SANTIAGO DE CALLAPA,desnutricion global,nutricion normal (n),2006-11-01,31,35,15,13,46,48,94
41401,SANTIAGO DE HUARI,desnutricion global,nutricion normal (n),2006-11-01,66,44,80,59,146,103,249
21901,SANTIAGO DE MACHACA,desnutricion global,nutricion normal (n),2006-11-01,28,18,15,11,43,29,72
30702,SANTIVAÑES,desnutricion global,nutricion normal (n),2006-11-01,61,51,52,41,113,92,205
40202,SANTUARIO DE QUILLACAS,desnutricion global,nutricion normal (n),2006-11-01,22,20,24,22,46,42,88
20902,SAPAHAQUI,desnutricion global,nutricion normal (n),2006-11-01,71,69,74,69,145,138,283
90303,SENA,desnutricion global,nutricion normal (n),2006-11-01,61,59,46,49,107,108,215
21301,SICA SICA (VILLA AROMA),desnutricion global,nutricion normal (n),2006-11-01,145,111,58,70,203,181,384
30703,SICAYA,desnutricion global,nutricion normal (n),2006-11-01,15,15,18,11,33,26,59
30902,SIPE SIPE,desnutricion global,nutricion normal (n),2006-11-01,340,305,208,177,548,482,1030
10403,SOPACHUY,desnutricion global,nutricion normal (n),2006-11-01,130,96,104,87,234,183,417
40104,SORACACHI,desnutricion global,nutricion normal (n),2006-11-01,79,62,91,76,170,138,308
20601,SORATA,desnutricion global,nutricion normal (n),2006-11-01,65,73,48,59,113,132,245
10101,SUCRE,desnutricion global,nutricion normal (n),2006-11-01,1346,1300,1123,1123,2469,2423,4892
31404,TACACHI,desnutricion global,nutricion normal (n),2006-11-01,6,3,1,2,7,5,12
20603,TACACOMA,desnutricion global,nutricion normal (n),2006-11-01,43,43,31,34,74,77,151
50303,TACOBAMBA,desnutricion global,nutricion normal (n),2006-11-01,66,64,47,47,113,111,224
30602,TACOPAYA,desnutricion global,nutricion normal (n),2006-11-01,41,52,49,56,90,108,198
51402,TAHUA,desnutricion global,nutricion normal (n),2006-11-01,20,16,14,35,34,51,85
31101,TAPACARI,desnutricion global,nutricion normal (n),2006-11-01,192,177,142,110,334,287,621
10601,TARABUCO,desnutricion global,nutricion normal (n),2006-11-01,180,185,253,264,433,449,882
20807,TARACO,desnutricion global,nutricion normal (n),2006-11-01,40,32,39,45,79,77,156
30401,TARATA,desnutricion global,nutricion normal (n),2006-11-01,56,62,15,23,71,85,156
60101,TARIJA,desnutricion global,nutricion normal (n),2006-11-01,1075,1001,627,596,1702,1597,3299
10202,TARVITA,desnutricion global,nutricion normal (n),2006-11-01,245,206,229,223,474,429,903
20608,TEOPONTE,desnutricion global,nutricion normal (n),2006-11-01,63,63,47,42,110,105,215
20803,TIAWANACU,desnutricion global,nutricion normal (n),2006-11-01,96,106,54,52,150,158,308
50102,TINGUIPAYA,desnutricion global,nutricion normal (n),2006-11-01,94,136,94,98,188,234,422
20606,TIPUANI,desnutricion global,nutricion normal (n),2006-11-01,34,52,14,9,48,61,109
30903,TIQUIPAYA,desnutricion global,nutricion normal (n),2006-11-01,246,168,105,78,351,246,597
31601,TIRAQUE (CBBA),desnutricion global,nutricion normal (n),2006-11-01,193,210,130,168,323,378,701
21703,TITO YUPANQUI (PARQUIPUJIO),desnutricion global,nutricion normal (n),2006-11-01,2,5,12,10,14,15,29
30802,TOCO,desnutricion global,nutricion normal (n),2006-11-01,2,0,1,1,3,1,4
30803,TOLATA,desnutricion global,nutricion normal (n),2006-11-01,12,4,6,4,18,8,26
41001,TOLEDO,desnutricion global,nutricion normal (n),2006-11-01,44,41,45,50,89,91,180
51202,TOMAVE,desnutricion global,nutricion normal (n),2006-11-01,52,107,36,71,88,178,266
10402,TOMINA,desnutricion global,nutricion normal (n),2006-11-01,118,97,125,99,243,196,439
50502,TORO TORO,desnutricion global,nutricion normal (n),2006-11-01,83,94,70,81,153,175,328
31201,TOTORA(CBBA),desnutricion global,nutricion normal (n),2006-11-01,106,61,48,37,154,98,252
41301,TOTORA(ORR),desnutricion global,nutricion normal (n),2006-11-01,33,36,23,32,56,68,124
70802,TRIGAL,desnutricion global,nutricion normal (n),2006-11-01,22,13,21,16,43,29,72
80101,TRINIDAD,desnutricion global,nutricion normal (n),2006-11-01,505,339,221,197,726,536,1262
50801,TUPIZA,desnutricion global,nutricion normal (n),2006-11-01,317,288,328,299,645,587,1232
40402,TURCO,desnutricion global,nutricion normal (n),2006-11-01,27,19,44,19,71,38,109
21302,UMALA,desnutricion global,nutricion normal (n),2006-11-01,32,20,33,27,65,47,112
50201,UNCIA,desnutricion global,nutricion normal (n),2006-11-01,194,133,104,117,298,250,548
60401,URIONDO (A. CONCEPCION),desnutricion global,nutricion normal (n),2006-11-01,139,131,88,117,227,248,475
71502,URUBICHA,desnutricion global,nutricion normal (n),2006-11-01,1,4,1,2,2,6,8
51201,UYUNI,desnutricion global,nutricion normal (n),2006-11-01,404,372,275,303,679,675,1354
30502,VACAS,desnutricion global,nutricion normal (n),2006-11-01,64,57,55,36,119,93,212
70801,VALLEGRANDE,desnutricion global,nutricion normal (n),2006-11-01,119,124,88,82,207,206,413
20801,VIACHA,desnutricion global,nutricion normal (n),2006-11-01,192,173,133,117,325,290,615
31302,VILA VILA,desnutricion global,nutricion normal (n),2006-11-01,26,15,16,20,42,35,77
60303,VILLA MONTES,desnutricion global,nutricion normal (n),2006-11-01,90,72,106,93,196,165,361
90502,VILLA NUEVA (LOMA ALTA),desnutricion global,nutricion normal (n),2006-11-01,5,3,5,3,10,6,16
31402,VILLA RIVERO,desnutricion global,nutricion normal (n),2006-11-01,25,30,19,33,44,63,107
10801,VILLA SERRANO,desnutricion global,nutricion normal (n),2006-11-01,155,144,204,179,359,323,682
31003,VILLA TUNARI,desnutricion global,nutricion normal (n),2006-11-01,500,463,298,246,798,709,1507
11001,VILLA VACA GUZMAN (MUYUPAMPA),desnutricion global,nutricion normal (n),2006-11-01,121,154,161,183,282,337,619
51501,VILLAZON,desnutricion global,nutricion normal (n),2006-11-01,258,251,165,168,423,419,842
30904,VINTO,desnutricion global,nutricion normal (n),2006-11-01,136,106,37,21,173,127,300
50602,VITICHI,desnutricion global,nutricion normal (n),2006-11-01,103,85,90,75,193,160,353
20306,WALDO BALLIVIAN,desnutricion global,nutricion normal (n),2006-11-01,6,11,6,3,12,14,26
70201,WARNES,desnutricion global,nutricion normal (n),2006-11-01,400,400,212,245,612,645,1257
20903,YACO,desnutricion global,nutricion normal (n),2006-11-01,49,42,31,34,80,76,156
60301,YACUIBA,desnutricion global,nutricion normal (n),2006-11-01,383,358,181,179,564,537,1101
10602,YAMPARAEZ,desnutricion global,nutricion normal (n),2006-11-01,108,108,170,136,278,244,522
21103,YANACACHI,desnutricion global,nutricion normal (n),2006-11-01,23,33,22,21,45,54,99
70403,YAPACANI,desnutricion global,nutricion normal (n),2006-11-01,374,360,188,166,562,526,1088
50103,YOCALLA,desnutricion global,nutricion normal (n),2006-11-01,32,23,26,22,58,45,103
10102,YOTALA,desnutricion global,nutricion normal (n),2006-11-01,87,70,109,109,196,179,375
60402,YUNCHARA,desnutricion global,nutricion normal (n),2006-11-01,37,46,54,57,91,103,194
10301,ZUDAÑEZ,desnutricion global,nutricion normal (n),2006-11-01,107,75,120,106,227,181,408
51302,ACACIO,desnutricion global,nutricion normal (n),2006-12-01,64,67,58,69,122,136,258
20201,ACHACACHI,desnutricion global,nutricion normal (n),2006-12-01,143,156,159,142,302,298,600
20104,ACHOCALLA,desnutricion global,nutricion normal (n),2006-12-01,41,46,10,10,51,56,107
30201,AIQUILE,desnutricion global,nutricion normal (n),2006-12-01,40,28,27,26,67,54,121
31303,ALALAY,desnutricion global,nutricion normal (n),2006-12-01,2,0,0,0,2,0,2
10404,ALCALA,desnutricion global,nutricion normal (n),2006-12-01,33,39,34,32,67,71,138
20202,ANCORAIMES,desnutricion global,nutricion normal (n),2006-12-01,71,47,43,37,114,84,198
41201,ANDAMARCA,desnutricion global,nutricion normal (n),2006-12-01,13,6,20,21,33,27,60
40603,ANTEQUERA,desnutricion global,nutricion normal (n),2006-12-01,34,30,16,15,50,45,95
30402,ANZALDO,desnutricion global,nutricion normal (n),2006-12-01,17,17,15,11,32,28,60
20701,APOLO,desnutricion global,nutricion normal (n),2006-12-01,95,87,86,81,181,168,349
51301,ARAMPAMPA,desnutricion global,nutricion normal (n),2006-12-01,59,66,65,81,124,147,271
30501,ARANI,desnutricion global,nutricion normal (n),2006-12-01,23,19,19,8,42,27,69
30403,ARBIETO,desnutricion global,nutricion normal (n),2006-12-01,32,27,24,21,56,48,104
30601,ARQUE,desnutricion global,nutricion normal (n),2006-12-01,79,80,51,43,130,123,253
71501,ASCENCION DE GUARAYOS,desnutricion global,nutricion normal (n),2006-12-01,172,215,165,160,337,375,712
50802,ATOCHA,desnutricion global,nutricion normal (n),2006-12-01,67,57,53,51,120,108,228
20503,AUCAPATA,desnutricion global,nutricion normal (n),2006-12-01,19,24,29,25,48,49,97
20502,AYATA,desnutricion global,nutricion normal (n),2006-12-01,74,46,41,30,115,76,191
21303,AYO AYO,desnutricion global,nutricion normal (n),2006-12-01,25,23,19,8,44,31,75
30301,AYOPAYA (V. DE INDEPENDENCIA),desnutricion global,nutricion normal (n),2006-12-01,686,165,102,86,788,251,1039
10201,AZURDUY,desnutricion global,nutricion normal (n),2006-12-01,198,169,195,135,393,304,697
21203,BATALLAS,desnutricion global,nutricion normal (n),2006-12-01,108,109,52,52,160,161,321
80802,BAURES,desnutricion global,nutricion normal (n),2006-12-01,25,29,24,31,49,60,109
41202,BELEN DE ANDAMARCA,desnutricion global,nutricion normal (n),2006-12-01,2,6,1,3,3,9,12
50104,BELEN DE URMIRI,desnutricion global,nutricion normal (n),2006-12-01,12,20,7,9,19,29,48
90104,BELLA FLOR,desnutricion global,nutricion normal (n),2006-12-01,24,16,19,19,43,35,78
60202,BERMEJO,desnutricion global,nutricion normal (n),2006-12-01,46,32,9,12,55,44,99
50301,BETANZOS,desnutricion global,nutricion normal (n),2006-12-01,212,185,201,194,413,379,792
31501,BOLIVAR,desnutricion global,nutricion normal (n),2006-12-01,64,42,60,76,124,118,242
90103,BOLPEBRA,desnutricion global,nutricion normal (n),2006-12-01,13,4,10,11,23,15,38
70707,BOYUIBE,desnutricion global,nutricion normal (n),2006-12-01,37,17,31,31,68,48,116
70401,BUENA VISTA,desnutricion global,nutricion normal (n),2006-12-01,124,126,81,96,205,222,427
70703,CABEZAS,desnutricion global,nutricion normal (n),2006-12-01,105,92,78,53,183,145,328
20905,CAIROMA,desnutricion global,nutricion normal (n),2006-12-01,69,71,39,47,108,118,226
51102,"CAIZA ""D""",desnutricion global,nutricion normal (n),2006-12-01,50,61,77,82,127,143,270
21003,CAJUATA,desnutricion global,nutricion normal (n),2006-12-01,59,62,32,34,91,96,187
20303,CALACOTO,desnutricion global,nutricion normal (n),2006-12-01,26,28,23,19,49,47,96
21304,CALAMARCA,desnutricion global,nutricion normal (n),2006-12-01,88,98,47,54,135,152,287
10701,CAMARGO,desnutricion global,nutricion normal (n),2006-12-01,136,144,123,84,259,228,487
10901,CAMATAQUI (C. VILLA ABECIA),desnutricion global,nutricion normal (n),2006-12-01,29,38,30,24,59,62,121
70706,CAMIRI,desnutricion global,nutricion normal (n),2006-12-01,167,145,136,100,303,245,548
30701,CAPINOTA,desnutricion global,nutricion normal (n),2006-12-01,54,42,23,22,77,64,141
20302,CAQUIAVIRI,desnutricion global,nutricion normal (n),2006-12-01,37,47,20,23,57,70,127
40102,CARACOLLO,desnutricion global,nutricion normal (n),2006-12-01,85,82,36,33,121,115,236
22001,CARANAVI,desnutricion global,nutricion normal (n),2006-12-01,311,328,172,156,483,484,967
41503,CARANGAS,desnutricion global,nutricion normal (n),2006-12-01,2,2,2,3,4,5,9
60302,CARAPARI,desnutricion global,nutricion normal (n),2006-12-01,73,67,63,62,136,129,265
50702,CARIPUYO,desnutricion global,nutricion normal (n),2006-12-01,67,70,113,82,180,152,332
71403,CARMEN RIVERO TORREZ,desnutricion global,nutricion normal (n),2006-12-01,24,14,7,15,31,29,60
21902,CATACORA,desnutricion global,nutricion normal (n),2006-12-01,1,3,2,0,3,3,6
21803,CHACARILLA,desnutricion global,nutricion normal (n),2006-12-01,10,9,4,20,14,29,43
40201,CHALLAPATA,desnutricion global,nutricion normal (n),2006-12-01,144,119,101,109,245,228,473
50302,CHAQUI,desnutricion global,nutricion normal (n),2006-12-01,46,38,54,50,100,88,188
70702,CHARAGUA,desnutricion global,nutricion normal (n),2006-12-01,206,189,144,157,350,346,696
20305,CHARAÑA,desnutricion global,nutricion normal (n),2006-12-01,11,15,8,11,19,26,45
50202,CHAYANTA,desnutricion global,nutricion normal (n),2006-12-01,87,105,92,96,179,201,380
31204,CHIMORE,desnutricion global,nutricion normal (n),2006-12-01,26,21,29,21,55,42,97
40903,CHIPAYA,desnutricion global,nutricion normal (n),2006-12-01,8,8,9,6,17,14,31
40302,CHOQUE COTA,desnutricion global,nutricion normal (n),2006-12-01,8,5,3,3,11,8,19
21101,CHULUMANI (V. DE LA LIBERTAD),desnutricion global,nutricion normal (n),2006-12-01,39,39,13,16,52,55,107
20501,CHUMA,desnutricion global,nutricion normal (n),2006-12-01,54,52,29,29,83,81,164
30801,CLIZA,desnutricion global,nutricion normal (n),2006-12-01,119,98,42,35,161,133,294
90101,COBIJA,desnutricion global,nutricion normal (n),2006-12-01,237,206,114,113,351,319,670
30101,COCHABAMBA,desnutricion global,nutricion normal (n),2006-12-01,1414,1233,654,610,2068,1843,3911
40902,COIPASA,desnutricion global,nutricion normal (n),2006-12-01,0,1,1,1,1,2,3
30905,COLCAPIRHUA,desnutricion global,nutricion normal (n),2006-12-01,169,139,82,73,251,212,463
50901,"COLCHA ""K""",desnutricion global,nutricion normal (n),2006-12-01,86,66,94,89,180,155,335
21307,COLLANA,desnutricion global,nutricion normal (n),2006-12-01,13,14,6,6,19,20,39
31002,COLOMI,desnutricion global,nutricion normal (n),2006-12-01,165,110,51,65,216,175,391
70603,COLPA BELGICA,desnutricion global,nutricion normal (n),2006-12-01,39,35,22,19,61,54,115
50401,COLQUECHACA,desnutricion global,nutricion normal (n),2006-12-01,163,126,147,129,310,255,565
21306,COLQUENCHA,desnutricion global,nutricion normal (n),2006-12-01,55,45,42,60,97,105,202
21004,COLQUIRI,desnutricion global,nutricion normal (n),2006-12-01,88,95,60,67,148,162,310
20304,COMANCHE,desnutricion global,nutricion normal (n),2006-12-01,14,11,4,4,18,15,33
71301,COMARAPA,desnutricion global,nutricion normal (n),2006-12-01,63,75,42,49,105,124,229
20605,COMBAYA,desnutricion global,nutricion normal (n),2006-12-01,3,4,9,4,12,8,20
71101,CONCEPCION,desnutricion global,nutricion normal (n),2006-12-01,94,66,32,30,126,96,222
21701,COPACABANA,desnutricion global,nutricion normal (n),2006-12-01,58,75,60,54,118,129,247
21402,CORIPATA,desnutricion global,nutricion normal (n),2006-12-01,87,98,66,69,153,167,320
20301,CORO CORO,desnutricion global,nutricion normal (n),2006-12-01,28,42,21,32,49,74,123
21401,COROICO,desnutricion global,nutricion normal (n),2006-12-01,72,62,44,37,116,99,215
40301,CORQUE,desnutricion global,nutricion normal (n),2006-12-01,20,23,23,21,43,44,87
50601,COTAGAITA,desnutricion global,nutricion normal (n),2006-12-01,186,188,162,117,348,305,653
70102,COTOCA,desnutricion global,nutricion normal (n),2006-12-01,213,165,89,67,302,232,534
71106,CUATRO CAÑADAS,desnutricion global,nutricion normal (n),2006-12-01,68,58,59,48,127,106,233
31405,CUCHUMUELA (V. G. VILLARROEL),desnutricion global,nutricion normal (n),2006-12-01,9,8,6,6,15,14,29
10902,CULPINA,desnutricion global,nutricion normal (n),2006-12-01,175,179,160,157,335,336,671
40401,CURAHUARA DE CARANGAS,desnutricion global,nutricion normal (n),2006-12-01,32,27,34,26,66,53,119
21602,CURVA,desnutricion global,nutricion normal (n),2006-12-01,13,11,11,9,24,20,44
20804,DESAGUADERO,desnutricion global,nutricion normal (n),2006-12-01,43,34,24,11,67,45,112
20105,EL ALTO,desnutricion global,nutricion normal (n),2006-12-01,3135,2697,1330,1458,4465,4155,8620
40103,EL CHORO,desnutricion global,nutricion normal (n),2006-12-01,16,8,10,8,26,16,42
71503,EL PUENTE(STC),desnutricion global,nutricion normal (n),2006-12-01,112,122,69,81,181,203,384
60502,EL PUENTE(TJA),desnutricion global,nutricion normal (n),2006-12-01,53,42,82,63,135,105,240
70105,EL TORNO,desnutricion global,nutricion normal (n),2006-12-01,143,179,74,86,217,265,482
10405,EL VILLAR,desnutricion global,nutricion normal (n),2006-12-01,81,65,73,67,154,132,286
60601,ENTRE RIOS,desnutricion global,nutricion normal (n),2006-12-01,147,146,133,144,280,290,570
60601,ENTRE RIOS,desnutricion global,nutricion normal (n),2006-12-01,98,102,107,85,205,187,392
40502,ESCARA,desnutricion global,nutricion normal (n),2006-12-01,0,0,1,0,1,0,1
40505,ESMERALDA,desnutricion global,nutricion normal (n),2006-12-01,3,4,7,3,10,7,17
41101,EUCALIPTUS,desnutricion global,nutricion normal (n),2006-12-01,26,22,11,13,37,35,72
90503,EUREKA (SANTOS MERCADO),desnutricion global,nutricion normal (n),2006-12-01,4,12,5,9,9,21,30
80402,EXALTACION,desnutricion global,nutricion normal (n),2006-12-01,8,9,5,11,13,20,33
71004,FERNANDEZ ALONSO,desnutricion global,nutricion normal (n),2006-12-01,69,67,52,69,121,136,257
90203,FILADELFIA,desnutricion global,nutricion normal (n),2006-12-01,8,15,16,15,24,30,54
71002,GENERAL SAAVEDRA,desnutricion global,nutricion normal (n),2006-12-01,136,125,122,101,258,226,484
21601,GRAL. J.J. PEREZ (CHARAZANI),desnutricion global,nutricion normal (n),2006-12-01,32,30,24,25,56,55,111
20602,GUANAY,desnutricion global,nutricion normal (n),2006-12-01,61,73,89,57,150,130,280
20802,GUAQUI,desnutricion global,nutricion normal (n),2006-12-01,41,41,26,16,67,57,124
80202,GUAYARAMERIN,desnutricion global,nutricion normal (n),2006-12-01,221,202,125,145,346,347,693
70705,GUTIERREZ,desnutricion global,nutricion normal (n),2006-12-01,108,133,143,121,251,254,505
10502,HUACARETA,desnutricion global,nutricion normal (n),2006-12-01,104,67,105,80,209,147,356
11002,HUACAYA (VILLA DE HUACAYA),desnutricion global,nutricion normal (n),2006-12-01,19,22,35,34,54,56,110
40501,HUACHACALLA,desnutricion global,nutricion normal (n),2006-12-01,5,6,13,4,18,10,28
40701,HUANUNI,desnutricion global,nutricion normal (n),2006-12-01,152,134,66,52,218,186,404
80803,HUARACAJE,desnutricion global,nutricion normal (n),2006-12-01,10,10,25,20,35,30,65
41601,HUAYLLAMARCA,desnutricion global,nutricion normal (n),2006-12-01,15,18,5,3,20,21,41
21005,ICHOCA,desnutricion global,nutricion normal (n),2006-12-01,26,22,22,20,48,42,90
10304,ICLA,desnutricion global,nutricion normal (n),2006-12-01,93,80,127,99,220,179,399
10703,INCAHUASI,desnutricion global,nutricion normal (n),2006-12-01,220,212,183,183,403,395,798
90402,INGAVI (HUMAITA),desnutricion global,nutricion normal (n),2006-12-01,3,4,9,4,12,8,20
21001,INQUISIVI,desnutricion global,nutricion normal (n),2006-12-01,90,101,110,81,200,182,382
21102,IRUPANA (VILLA DE LANZA),desnutricion global,nutricion normal (n),2006-12-01,96,119,84,96,180,215,395
21501,IXIAMAS,desnutricion global,nutricion normal (n),2006-12-01,54,72,60,39,114,111,225
20806,JESUS DE MACHACA,desnutricion global,nutricion normal (n),2006-12-01,70,59,45,50,115,109,224
21105,LA ASUNTA,desnutricion global,nutricion normal (n),2006-12-01,101,79,43,42,144,121,265
70104,LA GUARDIA,desnutricion global,nutricion normal (n),2006-12-01,282,309,131,141,413,450,863
20101,LA PAZ,desnutricion global,nutricion normal (n),2006-12-01,2612,2343,1109,1017,3721,3360,7081
41501,LA RIVERA,desnutricion global,nutricion normal (n),2006-12-01,1,3,1,4,2,7,9
70701,LAGUNILLAS,desnutricion global,nutricion normal (n),2006-12-01,47,54,53,65,100,119,219
21202,LAJA,desnutricion global,nutricion normal (n),2006-12-01,106,129,62,54,168,183,351
10903,LAS CARRERAS,desnutricion global,nutricion normal (n),2006-12-01,46,39,43,34,89,73,162
21006,LICOMA PAMPA,desnutricion global,nutricion normal (n),2006-12-01,10,12,9,12,19,24,43
50203,LLALLAGUA,desnutricion global,nutricion normal (n),2006-12-01,196,187,134,116,330,303,633
51401,LLICA,desnutricion global,nutricion normal (n),2006-12-01,32,34,56,43,88,77,165
80601,LORETO,desnutricion global,nutricion normal (n),2006-12-01,20,10,10,14,30,24,54
20901,LURIBAY,desnutricion global,nutricion normal (n),2006-12-01,53,62,69,40,122,102,224
40702,MACHACAMARCA,desnutricion global,nutricion normal (n),2006-12-01,17,9,5,12,22,21,43
11003,MACHARETI,desnutricion global,nutricion normal (n),2006-12-01,103,77,134,139,237,216,453
80801,MAGDALENA,desnutricion global,nutricion normal (n),2006-12-01,106,65,81,62,187,127,314
70903,MAIRANA,desnutricion global,nutricion normal (n),2006-12-01,63,71,52,42,115,113,228
20904,MALLA,desnutricion global,nutricion normal (n),2006-12-01,12,14,28,18,40,32,72
20607,MAPIRI,desnutricion global,nutricion normal (n),2006-12-01,121,114,43,32,164,146,310
20103,MECAPACA,desnutricion global,nutricion normal (n),2006-12-01,56,40,25,27,81,67,148
71003,MINEROS,desnutricion global,nutricion normal (n),2006-12-01,174,157,96,89,270,246,516
31301,MIZQUE,desnutricion global,nutricion normal (n),2006-12-01,101,95,66,61,167,156,323
20402,MOCOMOCO,desnutricion global,nutricion normal (n),2006-12-01,72,57,54,57,126,114,240
51002,MOJINETE,desnutricion global,nutricion normal (n),2006-12-01,3,2,2,3,5,5,10
10303,MOJOCOYA,desnutricion global,nutricion normal (n),2006-12-01,69,60,125,95,194,155,349
10501,MONTEAGUDO,desnutricion global,nutricion normal (n),2006-12-01,181,206,217,172,398,378,776
71001,MONTERO,desnutricion global,nutricion normal (n),2006-12-01,796,644,446,402,1242,1046,2288
70803,MORO MORO,desnutricion global,nutricion normal (n),2006-12-01,33,12,31,17,64,29,93
30302,MOROCHATA,desnutricion global,nutricion normal (n),2006-12-01,87,67,64,65,151,132,283
90401,NACEBE (SANTA ROSA DEL ABUNA),desnutricion global,nutricion normal (n),2006-12-01,7,3,2,1,9,4,13
20307,NAZACARA DE PACAJES,desnutricion global,nutricion normal (n),2006-12-01,1,1,1,2,2,3,5
90501,NUEVO MANOA (NUEVA ESPERANZA),desnutricion global,nutricion normal (n),2006-12-01,1,4,6,3,7,7,14
50404,OCURI,desnutricion global,nutricion normal (n),2006-12-01,154,149,128,136,282,285,567
70202,OKINAWA,desnutricion global,nutricion normal (n),2006-12-01,112,98,55,45,167,143,310
30203,OMEREQUE,desnutricion global,nutricion normal (n),2006-12-01,33,21,21,13,54,34,88
40101,ORURO,desnutricion global,nutricion normal (n),2006-12-01,956,903,431,448,1387,1351,2738
60201,PADCAYA,desnutricion global,nutricion normal (n),2006-12-01,92,74,66,68,158,142,300
10401,PADILLA,desnutricion global,nutricion normal (n),2006-12-01,151,155,190,188,341,343,684
70502,PAILON,desnutricion global,nutricion normal (n),2006-12-01,53,121,96,45,149,166,315
20102,PALCA,desnutricion global,nutricion normal (n),2006-12-01,44,55,21,24,65,79,144
21104,PALOS BLANCOS,desnutricion global,nutricion normal (n),2006-12-01,73,74,36,40,109,114,223
40802,PAMPA AULLAGAS,desnutricion global,nutricion normal (n),2006-12-01,33,27,16,19,49,46,95
70902,PAMPA GRANDE,desnutricion global,nutricion normal (n),2006-12-01,35,39,19,9,54,48,102
21802,PAPEL PAMPA,desnutricion global,nutricion normal (n),2006-12-01,28,41,11,9,39,50,89
30202,PASORAPA,desnutricion global,nutricion normal (n),2006-12-01,23,21,15,17,38,38,76
21305,PATACAMAYA,desnutricion global,nutricion normal (n),2006-12-01,121,98,46,33,167,131,298
40602,PAZÑA,desnutricion global,nutricion normal (n),2006-12-01,26,21,33,45,59,66,125
20702,PELECHUCO,desnutricion global,nutricion normal (n),2006-12-01,37,24,7,25,44,49,93
50403,POCOATA,desnutricion global,nutricion normal (n),2006-12-01,165,152,211,220,376,372,748
31203,POCONA,desnutricion global,nutricion normal (n),2006-12-01,38,27,21,20,59,47,106
31202,POJO (CBBA),desnutricion global,nutricion normal (n),2006-12-01,32,30,14,20,46,50,96
40601,POOPO,desnutricion global,nutricion normal (n),2006-12-01,23,15,15,18,38,33,71
51203,PORCO,desnutricion global,nutricion normal (n),2006-12-01,35,51,40,25,75,76,151
10103,POROMA,desnutricion global,nutricion normal (n),2006-12-01,72,75,50,44,122,119,241
70103,PORONGO,desnutricion global,nutricion normal (n),2006-12-01,46,39,22,30,68,69,137
70601,PORTACHUELO,desnutricion global,nutricion normal (n),2006-12-01,97,112,81,87,178,199,377
90102,PORVENIR,desnutricion global,nutricion normal (n),2006-12-01,66,50,44,42,110,92,202
70804,POSTRER VALLE,desnutricion global,nutricion normal (n),2006-12-01,5,7,3,9,8,16,24
50101,POTOSI,desnutricion global,nutricion normal (n),2006-12-01,766,564,288,200,1054,764,1818
10302,PRESTO,desnutricion global,nutricion normal (n),2006-12-01,7,7,19,13,26,20,46
70805,PUCARA,desnutricion global,nutricion normal (n),2006-12-01,12,14,11,11,23,25,48
21201,PUCARANI,desnutricion global,nutricion normal (n),2006-12-01,137,149,132,125,269,274,543
20401,PUERTO ACOSTA,desnutricion global,nutricion normal (n),2006-12-01,69,59,81,79,150,138,288
20403,PUERTO CARABUCO,desnutricion global,nutricion normal (n),2006-12-01,63,78,31,28,94,106,200
90301,PUERTO GONZALO MORENO,desnutricion global,nutricion normal (n),2006-12-01,47,44,23,19,70,63,133
21204,PUERTO PEREZ,desnutricion global,nutricion normal (n),2006-12-01,26,23,17,18,43,41,84
71402,PUERTO QUIJARRO,desnutricion global,nutricion normal (n),2006-12-01,78,61,27,19,105,80,185
90201,PUERTO RICO,desnutricion global,nutricion normal (n),2006-12-01,15,17,16,11,31,28,59
80703,PUERTO SILES,desnutricion global,nutricion normal (n),2006-12-01,12,4,11,5,23,9,32
71401,PUERTO SUAREZ,desnutricion global,nutricion normal (n),2006-12-01,51,52,24,25,75,77,152
31205,PUERTO VILLARROEL,desnutricion global,nutricion normal (n),2006-12-01,210,221,116,132,326,353,679
51101,PUNA,desnutricion global,nutricion normal (n),2006-12-01,221,166,205,156,426,322,748
31401,PUNATA,desnutricion global,nutricion normal (n),2006-12-01,193,254,69,67,262,321,583
20604,QUIABAYA,desnutricion global,nutricion normal (n),2006-12-01,23,21,16,17,39,38,77
30901,QUILLACOLLO,desnutricion global,nutricion normal (n),2006-12-01,585,567,329,207,914,774,1688
21002,QUIME,desnutricion global,nutricion normal (n),2006-12-01,53,57,71,63,124,120,244
70904,QUIRUSILLAS,desnutricion global,nutricion normal (n),2006-12-01,13,6,9,10,22,16,38
50402,RAVELO,desnutricion global,nutricion normal (n),2006-12-01,164,133,154,130,318,263,581
80301,REYES,desnutricion global,nutricion normal (n),2006-12-01,57,63,51,38,108,101,209
80201,RIBERALTA,desnutricion global,nutricion normal (n),2006-12-01,935,817,298,223,1233,1040,2273
70503,ROBORE,desnutricion global,nutricion normal (n),2006-12-01,91,84,59,55,150,139,289
80304,RURRENABAQUE,desnutricion global,nutricion normal (n),2006-12-01,73,71,37,25,110,96,206
40901,SABAYA,desnutricion global,nutricion normal (n),2006-12-01,34,18,12,14,46,32,78
31001,SACABA,desnutricion global,nutricion normal (n),2006-12-01,425,416,99,112,524,528,1052
30404,SACABAMBA,desnutricion global,nutricion normal (n),2006-12-01,15,13,8,8,23,21,44
50701,SACACA,desnutricion global,nutricion normal (n),2006-12-01,189,175,271,223,460,398,858
71302,SAIPINA,desnutricion global,nutricion normal (n),2006-12-01,24,18,29,36,53,54,107
40801,SALINAS DE GARCI MENDOZA,desnutricion global,nutricion normal (n),2006-12-01,68,65,43,46,111,111,222
70901,SAMAIPATA,desnutricion global,nutricion normal (n),2006-12-01,81,58,55,54,136,112,248
51601,SAN AGUSTIN,desnutricion global,nutricion normal (n),2006-12-01,8,4,13,16,21,20,41
80602,SAN ANDRES,desnutricion global,nutricion normal (n),2006-12-01,42,58,42,32,84,90,174
20805,SAN ANDRES DE MACHACA,desnutricion global,nutricion normal (n),2006-12-01,19,15,16,13,35,28,63
51003,SAN ANTONIO DE ESMORUCO,desnutricion global,nutricion normal (n),2006-12-01,12,11,24,16,36,27,63
71105,SAN ANTONIO DE LOMERIO,desnutricion global,nutricion normal (n),2006-12-01,68,80,73,56,141,136,277
31403,SAN BENITO,desnutricion global,nutricion normal (n),2006-12-01,71,52,28,17,99,69,168
80302,SAN BORJA,desnutricion global,nutricion normal (n),2006-12-01,315,303,216,165,531,468,999
21502,SAN BUENA VENTURA,desnutricion global,nutricion normal (n),2006-12-01,54,64,51,47,105,111,216
70402,SAN CARLOS,desnutricion global,nutricion normal (n),2006-12-01,210,166,97,101,307,267,574
80501,SAN IGNACIO,desnutricion global,nutricion normal (n),2006-12-01,151,136,97,102,248,238,486
70301,SAN IGNACIO DE VELASCO,desnutricion global,nutricion normal (n),2006-12-01,338,346,257,246,595,592,1187
80102,SAN JAVIER(BNI),desnutricion global,nutricion normal (n),2006-12-01,15,15,18,39,33,54,87
80701,SAN JOAQUIN,desnutricion global,nutricion normal (n),2006-12-01,15,13,21,30,36,43,79
70501,SAN JOSE DE CHIQUITOS,desnutricion global,nutricion normal (n),2006-12-01,64,66,40,44,104,110,214
70404,SAN JUAN DE YAPACANI,desnutricion global,nutricion normal (n),2006-12-01,60,96,63,44,123,140,263
71104,SAN JULIAN,desnutricion global,nutricion normal (n),2006-12-01,56,46,49,48,105,94,199
90302,SAN LORENZO(PND),desnutricion global,nutricion normal (n),2006-12-01,24,15,16,10,40,25,65
60501,SAN LORENZO(TJA),desnutricion global,nutricion normal (n),2006-12-01,92,84,86,78,178,162,340
10702,SAN LUCAS,desnutricion global,nutricion normal (n),2006-12-01,265,284,286,318,551,602,1153
71201,SAN MATIAS,desnutricion global,nutricion normal (n),2006-12-01,70,65,25,25,95,90,185
70302,SAN MIGUEL DE VELASCO,desnutricion global,nutricion normal (n),2006-12-01,110,105,84,75,194,180,374
51001,SAN PABLO DE LIPEZ,desnutricion global,nutricion normal (n),2006-12-01,26,15,12,16,38,31,69
71005,SAN PEDRO,desnutricion global,nutricion normal (n),2006-12-01,119,108,111,109,230,217,447
50501,SAN PEDRO DE BUENA VISTA,desnutricion global,nutricion normal (n),2006-12-01,162,133,131,144,293,277,570
21801,SAN PEDRO DE CURAHUARA,desnutricion global,nutricion normal (n),2006-12-01,15,22,12,10,27,32,59
21702,SAN PEDRO DE TIQUINA,desnutricion global,nutricion normal (n),2006-12-01,28,29,31,32,59,61,120
90202,SAN PEDRO(PND),desnutricion global,nutricion normal (n),2006-12-01,8,4,5,8,13,12,25
70303,SAN RAFAEL,desnutricion global,nutricion normal (n),2006-12-01,47,44,32,21,79,65,144
80702,SAN RAMON,desnutricion global,nutricion normal (n),2006-12-01,18,30,24,8,42,38,80
80401,SANTA ANA,desnutricion global,nutricion normal (n),2006-12-01,111,90,34,45,145,135,280
70101,SANTA CRUZ DE LA SIERRA,desnutricion global,nutricion normal (n),2006-12-01,4569,4125,1948,2060,6517,6185,12702
80303,SANTA ROSA,desnutricion global,nutricion normal (n),2006-12-01,38,47,18,31,56,78,134
70602,SANTA ROSA DEL SARA,desnutricion global,nutricion normal (n),2006-12-01,103,116,69,95,172,211,383
20308,SANTIAGO DE CALLAPA,desnutricion global,nutricion normal (n),2006-12-01,2,4,9,5,11,9,20
41401,SANTIAGO DE HUARI,desnutricion global,nutricion normal (n),2006-12-01,58,52,54,66,112,118,230
21901,SANTIAGO DE MACHACA,desnutricion global,nutricion normal (n),2006-12-01,15,19,10,9,25,28,53
30702,SANTIVAÑES,desnutricion global,nutricion normal (n),2006-12-01,47,35,26,24,73,59,132
40202,SANTUARIO DE QUILLACAS,desnutricion global,nutricion normal (n),2006-12-01,16,10,11,17,27,27,54
20902,SAPAHAQUI,desnutricion global,nutricion normal (n),2006-12-01,46,58,52,42,98,100,198
90303,SENA,desnutricion global,nutricion normal (n),2006-12-01,38,36,23,25,61,61,122
21301,SICA SICA (VILLA AROMA),desnutricion global,nutricion normal (n),2006-12-01,89,76,31,35,120,111,231
30703,SICAYA,desnutricion global,nutricion normal (n),2006-12-01,13,5,7,5,20,10,30
30902,SIPE SIPE,desnutricion global,nutricion normal (n),2006-12-01,222,179,123,108,345,287,632
10403,SOPACHUY,desnutricion global,nutricion normal (n),2006-12-01,116,76,90,60,206,136,342
40104,SORACACHI,desnutricion global,nutricion normal (n),2006-12-01,84,73,72,87,156,160,316
20601,SORATA,desnutricion global,nutricion normal (n),2006-12-01,85,62,46,49,131,111,242
10101,SUCRE,desnutricion global,nutricion normal (n),2006-12-01,833,780,514,501,1347,1281,2628
31404,TACACHI,desnutricion global,nutricion normal (n),2006-12-01,4,2,0,0,4,2,6
20603,TACACOMA,desnutricion global,nutricion normal (n),2006-12-01,34,25,16,15,50,40,90
50303,TACOBAMBA,desnutricion global,nutricion normal (n),2006-12-01,56,53,35,25,91,78,169
30602,TACOPAYA,desnutricion global,nutricion normal (n),2006-12-01,81,66,73,80,154,146,300
51402,TAHUA,desnutricion global,nutricion normal (n),2006-12-01,10,10,7,10,17,20,37
31101,TAPACARI,desnutricion global,nutricion normal (n),2006-12-01,157,138,98,67,255,205,460
10601,TARABUCO,desnutricion global,nutricion normal (n),2006-12-01,186,182,272,233,458,415,873
20807,TARACO,desnutricion global,nutricion normal (n),2006-12-01,26,41,42,41,68,82,150
30401,TARATA,desnutricion global,nutricion normal (n),2006-12-01,64,49,11,22,75,71,146
60101,TARIJA,desnutricion global,nutricion normal (n),2006-12-01,777,673,365,325,1142,998,2140
10202,TARVITA,desnutricion global,nutricion normal (n),2006-12-01,112,92,66,67,178,159,337
20608,TEOPONTE,desnutricion global,nutricion normal (n),2006-12-01,48,42,28,36,76,78,154
20803,TIAWANACU,desnutricion global,nutricion normal (n),2006-12-01,75,73,13,24,88,97,185
50102,TINGUIPAYA,desnutricion global,nutricion normal (n),2006-12-01,80,69,66,54,146,123,269
20606,TIPUANI,desnutricion global,nutricion normal (n),2006-12-01,23,39,10,13,33,52,85
30903,TIQUIPAYA,desnutricion global,nutricion normal (n),2006-12-01,163,152,69,57,232,209,441
31601,TIRAQUE (CBBA),desnutricion global,nutricion normal (n),2006-12-01,143,140,82,73,225,213,438
21703,TITO YUPANQUI (PARQUIPUJIO),desnutricion global,nutricion normal (n),2006-12-01,7,7,2,4,9,11,20
30802,TOCO,desnutricion global,nutricion normal (n),2006-12-01,24,23,25,15,49,38,87
41502,TODOS SANTOS,desnutricion global,nutricion normal (n),2006-12-01,8,5,6,2,14,7,21
30803,TOLATA,desnutricion global,nutricion normal (n),2006-12-01,31,34,5,9,36,43,79
41001,TOLEDO,desnutricion global,nutricion normal (n),2006-12-01,35,30,38,37,73,67,140
51202,TOMAVE,desnutricion global,nutricion normal (n),2006-12-01,14,104,23,94,37,198,235
10402,TOMINA,desnutricion global,nutricion normal (n),2006-12-01,137,142,146,121,283,263,546
50502,TORO TORO,desnutricion global,nutricion normal (n),2006-12-01,113,127,119,111,232,238,470
31201,TOTORA(CBBA),desnutricion global,nutricion normal (n),2006-12-01,59,78,43,50,102,128,230
41301,TOTORA(ORR),desnutricion global,nutricion normal (n),2006-12-01,24,29,23,23,47,52,99
70802,TRIGAL,desnutricion global,nutricion normal (n),2006-12-01,13,13,12,12,25,25,50
80101,TRINIDAD,desnutricion global,nutricion normal (n),2006-12-01,502,342,272,230,774,572,1346
50801,TUPIZA,desnutricion global,nutricion normal (n),2006-12-01,296,264,293,311,589,575,1164
40402,TURCO,desnutricion global,nutricion normal (n),2006-12-01,17,10,2,13,19,23,42
21302,UMALA,desnutricion global,nutricion normal (n),2006-12-01,22,19,21,15,43,34,77
50201,UNCIA,desnutricion global,nutricion normal (n),2006-12-01,101,90,131,106,232,196,428
60401,URIONDO (A. CONCEPCION),desnutricion global,nutricion normal (n),2006-12-01,109,113,82,85,191,198,389
71502,URUBICHA,desnutricion global,nutricion normal (n),2006-12-01,82,99,119,109,201,208,409
51201,UYUNI,desnutricion global,nutricion normal (n),2006-12-01,216,192,152,152,368,344,712
30502,VACAS,desnutricion global,nutricion normal (n),2006-12-01,47,43,37,36,84,79,163
70801,VALLEGRANDE,desnutricion global,nutricion normal (n),2006-12-01,103,80,49,56,152,136,288
20801,VIACHA,desnutricion global,nutricion normal (n),2006-12-01,133,175,100,91,233,266,499
31302,VILA VILA,desnutricion global,nutricion normal (n),2006-12-01,12,21,27,17,39,38,77
60303,VILLA MONTES,desnutricion global,nutricion normal (n),2006-12-01,99,74,83,76,182,150,332
90502,VILLA NUEVA (LOMA ALTA),desnutricion global,nutricion normal (n),2006-12-01,5,8,6,6,11,14,25
31402,VILLA RIVERO,desnutricion global,nutricion normal (n),2006-12-01,12,15,16,14,28,29,57
10801,VILLA SERRANO,desnutricion global,nutricion normal (n),2006-12-01,128,140,157,165,285,305,590
31003,VILLA TUNARI,desnutricion global,nutricion normal (n),2006-12-01,465,293,221,182,686,475,1161
11001,VILLA VACA GUZMAN (MUYUPAMPA),desnutricion global,nutricion normal (n),2006-12-01,95,111,135,141,230,252,482
51501,VILLAZON,desnutricion global,nutricion normal (n),2006-12-01,237,231,172,143,409,374,783
30904,VINTO,desnutricion global,nutricion normal (n),2006-12-01,93,79,11,12,104,91,195
50602,VITICHI,desnutricion global,nutricion normal (n),2006-12-01,83,35,70,41,153,76,229
20306,WALDO BALLIVIAN,desnutricion global,nutricion normal (n),2006-12-01,3,4,4,5,7,9,16
70201,WARNES,desnutricion global,nutricion normal (n),2006-12-01,327,323,220,197,547,520,1067
20903,YACO,desnutricion global,nutricion normal (n),2006-12-01,20,18,18,19,38,37,75
60301,YACUIBA,desnutricion global,nutricion normal (n),2006-12-01,297,249,181,150,478,399,877
10602,YAMPARAEZ,desnutricion global,nutricion normal (n),2006-12-01,81,97,148,150,229,247,476
21103,YANACACHI,desnutricion global,nutricion normal (n),2006-12-01,15,16,4,8,19,24,43
70403,YAPACANI,desnutricion global,nutricion normal (n),2006-12-01,343,317,139,153,482,470,952
50103,YOCALLA,desnutricion global,nutricion normal (n),2006-12-01,20,14,29,18,49,32,81
10102,YOTALA,desnutricion global,nutricion normal (n),2006-12-01,49,61,87,76,136,137,273
60402,YUNCHARA,desnutricion global,nutricion normal (n),2006-12-01,31,41,58,59,89,100,189
10301,ZUDAÑEZ,desnutricion global,nutricion normal (n),2006-12-01,85,87,127,84,212,171,383
