codigo_municipio,municipio,grupo,variable,mes,< de 2 años-H,< de 2 años-M,2 a 4 años-H,2 a 4 años-M,TOTAL-H,TOTAL-M,TOTAL
51302,ACACIO,desnutricion aguda,desnutricion leve (l),2007-01-01,2,12,12,15,14,27,41
30201,AIQUILE,desnutricion aguda,desnutricion leve (l),2007-01-01,16,18,18,11,34,29,63
31303,ALALAY,desnutricion aguda,desnutricion leve (l),2007-01-01,7,6,9,7,16,13,29
10404,ALCALA,desnutricion aguda,desnutricion leve (l),2007-01-01,15,17,31,24,46,41,87
41201,ANDAMARCA,desnutricion aguda,desnutricion leve (l),2007-01-01,3,1,2,2,5,3,8
30402,ANZALDO,desnutricion aguda,desnutricion leve (l),2007-01-01,5,4,17,18,22,22,44
51301,ARAMPAMPA,desnutricion aguda,desnutricion leve (l),2007-01-01,32,15,15,23,47,38,85
30501,ARANI,desnutricion aguda,desnutricion leve (l),2007-01-01,12,12,11,19,23,31,54
30403,ARBIETO,desnutricion aguda,desnutricion leve (l),2007-01-01,11,6,18,15,29,21,50
30601,ARQUE,desnutricion aguda,desnutricion leve (l),2007-01-01,45,28,30,38,75,66,141
50802,ATOCHA,desnutricion aguda,desnutricion leve (l),2007-01-01,23,26,21,25,44,51,95
30301,AYOPAYA (V. DE INDEPENDENCIA),desnutricion aguda,desnutricion leve (l),2007-01-01,26,22,37,40,63,62,125
10201,AZURDUY,desnutricion aguda,desnutricion leve (l),2007-01-01,45,33,65,67,110,100,210
80802,BAURES,desnutricion aguda,desnutricion leve (l),2007-01-01,10,8,5,10,15,18,33
41202,BELEN DE ANDAMARCA,desnutricion aguda,desnutricion leve (l),2007-01-01,3,0,3,0,6,0,6
50104,BELEN DE URMIRI,desnutricion aguda,desnutricion leve (l),2007-01-01,2,1,2,4,4,5,9
90104,BELLA FLOR,desnutricion aguda,desnutricion leve (l),2007-01-01,5,6,6,11,11,17,28
60202,BERMEJO,desnutricion aguda,desnutricion leve (l),2007-01-01,7,4,8,5,15,9,24
50301,BETANZOS,desnutricion aguda,desnutricion leve (l),2007-01-01,47,52,100,76,147,128,275
31501,BOLIVAR,desnutricion aguda,desnutricion leve (l),2007-01-01,19,21,20,26,39,47,86
90103,BOLPEBRA,desnutricion aguda,desnutricion leve (l),2007-01-01,2,1,6,4,8,5,13
70707,BOYUIBE,desnutricion aguda,desnutricion leve (l),2007-01-01,2,0,12,4,14,4,18
70401,BUENA VISTA,desnutricion aguda,desnutricion leve (l),2007-01-01,4,6,9,11,13,17,30
70703,CABEZAS,desnutricion aguda,desnutricion leve (l),2007-01-01,23,33,36,12,59,45,104
51102,"CAIZA ""D""",desnutricion aguda,desnutricion leve (l),2007-01-01,9,13,16,14,25,27,52
21003,CAJUATA,desnutricion aguda,desnutricion leve (l),2007-01-01,18,14,8,6,26,20,46
10701,CAMARGO,desnutricion aguda,desnutricion leve (l),2007-01-01,48,56,69,69,117,125,242
10901,CAMATAQUI (C. VILLA ABECIA),desnutricion aguda,desnutricion leve (l),2007-01-01,8,7,11,20,19,27,46
70706,CAMIRI,desnutricion aguda,desnutricion leve (l),2007-01-01,56,60,46,49,102,109,211
30701,CAPINOTA,desnutricion aguda,desnutricion leve (l),2007-01-01,26,31,44,50,70,81,151
40102,CARACOLLO,desnutricion aguda,desnutricion leve (l),2007-01-01,9,9,6,16,15,25,40
60302,CARAPARI,desnutricion aguda,desnutricion leve (l),2007-01-01,16,14,10,16,26,30,56
50702,CARIPUYO,desnutricion aguda,desnutricion leve (l),2007-01-01,33,29,49,64,82,93,175
71403,CARMEN RIVERO TORREZ,desnutricion aguda,desnutricion leve (l),2007-01-01,6,13,5,3,11,16,27
40201,CHALLAPATA,desnutricion aguda,desnutricion leve (l),2007-01-01,49,51,26,41,75,92,167
50302,CHAQUI,desnutricion aguda,desnutricion leve (l),2007-01-01,18,12,22,16,40,28,68
70702,CHARAGUA,desnutricion aguda,desnutricion leve (l),2007-01-01,32,37,29,36,61,73,134
50202,CHAYANTA,desnutricion aguda,desnutricion leve (l),2007-01-01,24,19,38,31,62,50,112
31204,CHIMORE,desnutricion aguda,desnutricion leve (l),2007-01-01,34,26,55,41,89,67,156
40903,CHIPAYA,desnutricion aguda,desnutricion leve (l),2007-01-01,4,9,8,4,12,13,25
40302,CHOQUE COTA,desnutricion aguda,desnutricion leve (l),2007-01-01,2,1,0,1,2,2,4
90101,COBIJA,desnutricion aguda,desnutricion leve (l),2007-01-01,35,19,25,24,60,43,103
30101,COCHABAMBA,desnutricion aguda,desnutricion leve (l),2007-01-01,440,422,314,308,754,730,1484
40902,COIPASA,desnutricion aguda,desnutricion leve (l),2007-01-01,0,1,2,2,2,3,5
30905,COLCAPIRHUA,desnutricion aguda,desnutricion leve (l),2007-01-01,23,56,30,29,53,85,138
50901,"COLCHA ""K""",desnutricion aguda,desnutricion leve (l),2007-01-01,16,9,10,10,26,19,45
31002,COLOMI,desnutricion aguda,desnutricion leve (l),2007-01-01,65,59,27,40,92,99,191
70603,COLPA BELGICA,desnutricion aguda,desnutricion leve (l),2007-01-01,6,11,7,6,13,17,30
50401,COLQUECHACA,desnutricion aguda,desnutricion leve (l),2007-01-01,47,46,39,37,86,83,169
21004,COLQUIRI,desnutricion aguda,desnutricion leve (l),2007-01-01,9,16,12,15,21,31,52
71301,COMARAPA,desnutricion aguda,desnutricion leve (l),2007-01-01,19,21,9,24,28,45,73
71101,CONCEPCION,desnutricion aguda,desnutricion leve (l),2007-01-01,21,31,12,13,33,44,77
40301,CORQUE,desnutricion aguda,desnutricion leve (l),2007-01-01,15,12,12,9,27,21,48
50601,COTAGAITA,desnutricion aguda,desnutricion leve (l),2007-01-01,34,47,31,32,65,79,144
70102,COTOCA,desnutricion aguda,desnutricion leve (l),2007-01-01,25,28,22,0,47,28,75
71106,CUATRO CAÑADAS,desnutricion aguda,desnutricion leve (l),2007-01-01,13,17,3,11,16,28,44
31405,CUCHUMUELA (V. G. VILLARROEL),desnutricion aguda,desnutricion leve (l),2007-01-01,6,2,4,5,10,7,17
70704,CUEVO,desnutricion aguda,desnutricion leve (l),2007-01-01,9,10,7,12,16,22,38
10902,CULPINA,desnutricion aguda,desnutricion leve (l),2007-01-01,70,62,86,96,156,158,314
40401,CURAHUARA DE CARANGAS,desnutricion aguda,desnutricion leve (l),2007-01-01,5,10,8,12,13,22,35
40103,EL CHORO,desnutricion aguda,desnutricion leve (l),2007-01-01,6,4,1,2,7,6,13
71503,EL PUENTE(STC),desnutricion aguda,desnutricion leve (l),2007-01-01,16,15,5,7,21,22,43
60502,EL PUENTE(TJA),desnutricion aguda,desnutricion leve (l),2007-01-01,13,15,24,37,37,52,89
70105,EL TORNO,desnutricion aguda,desnutricion leve (l),2007-01-01,22,8,13,7,35,15,50
10405,EL VILLAR,desnutricion aguda,desnutricion leve (l),2007-01-01,4,5,12,15,16,20,36
60601,ENTRE RIOS,desnutricion aguda,desnutricion leve (l),2007-01-01,36,26,28,38,64,64,128
60601,ENTRE RIOS,desnutricion aguda,desnutricion leve (l),2007-01-01,50,57,47,61,97,118,215
40502,ESCARA,desnutricion aguda,desnutricion leve (l),2007-01-01,0,0,1,0,1,0,1
41101,EUCALIPTUS,desnutricion aguda,desnutricion leve (l),2007-01-01,7,7,9,3,16,10,26
90503,EUREKA (SANTOS MERCADO),desnutricion aguda,desnutricion leve (l),2007-01-01,0,1,1,0,1,1,2
80402,EXALTACION,desnutricion aguda,desnutricion leve (l),2007-01-01,1,4,3,3,4,7,11
71004,FERNANDEZ ALONSO,desnutricion aguda,desnutricion leve (l),2007-01-01,10,16,7,14,17,30,47
90203,FILADELFIA,desnutricion aguda,desnutricion leve (l),2007-01-01,5,3,0,6,5,9,14
71002,GENERAL SAAVEDRA,desnutricion aguda,desnutricion leve (l),2007-01-01,33,25,16,19,49,44,93
80202,GUAYARAMERIN,desnutricion aguda,desnutricion leve (l),2007-01-01,66,67,46,66,112,133,245
70705,GUTIERREZ,desnutricion aguda,desnutricion leve (l),2007-01-01,15,16,23,23,38,39,77
10502,HUACARETA,desnutricion aguda,desnutricion leve (l),2007-01-01,12,20,20,20,32,40,72
11002,HUACAYA (VILLA DE HUACAYA),desnutricion aguda,desnutricion leve (l),2007-01-01,17,9,18,11,35,20,55
40501,HUACHACALLA,desnutricion aguda,desnutricion leve (l),2007-01-01,3,4,1,0,4,4,8
40701,HUANUNI,desnutricion aguda,desnutricion leve (l),2007-01-01,53,58,33,35,86,93,179
80803,HUARACAJE,desnutricion aguda,desnutricion leve (l),2007-01-01,5,6,5,4,10,10,20
41601,HUAYLLAMARCA,desnutricion aguda,desnutricion leve (l),2007-01-01,3,4,4,4,7,8,15
21005,ICHOCA,desnutricion aguda,desnutricion leve (l),2007-01-01,1,4,5,5,6,9,15
10304,ICLA,desnutricion aguda,desnutricion leve (l),2007-01-01,36,39,75,89,111,128,239
10703,INCAHUASI,desnutricion aguda,desnutricion leve (l),2007-01-01,81,105,92,96,173,201,374
21001,INQUISIVI,desnutricion aguda,desnutricion leve (l),2007-01-01,19,21,14,11,33,32,65
70104,LA GUARDIA,desnutricion aguda,desnutricion leve (l),2007-01-01,85,73,52,51,137,124,261
70701,LAGUNILLAS,desnutricion aguda,desnutricion leve (l),2007-01-01,27,17,43,49,70,66,136
10903,LAS CARRERAS,desnutricion aguda,desnutricion leve (l),2007-01-01,5,9,11,11,16,20,36
21006,LICOMA PAMPA,desnutricion aguda,desnutricion leve (l),2007-01-01,3,0,0,0,3,0,3
50203,LLALLAGUA,desnutricion aguda,desnutricion leve (l),2007-01-01,77,75,70,84,147,159,306
51401,LLICA,desnutricion aguda,desnutricion leve (l),2007-01-01,7,3,7,4,14,7,21
80601,LORETO,desnutricion aguda,desnutricion leve (l),2007-01-01,2,3,0,2,2,5,7
40702,MACHACAMARCA,desnutricion aguda,desnutricion leve (l),2007-01-01,22,16,18,14,40,30,70
11003,MACHARETI,desnutricion aguda,desnutricion leve (l),2007-01-01,21,10,23,25,44,35,79
80801,MAGDALENA,desnutricion aguda,desnutricion leve (l),2007-01-01,15,16,10,8,25,24,49
70903,MAIRANA,desnutricion aguda,desnutricion leve (l),2007-01-01,7,4,12,12,19,16,35
71003,MINEROS,desnutricion aguda,desnutricion leve (l),2007-01-01,26,29,13,14,39,43,82
31301,MIZQUE,desnutricion aguda,desnutricion leve (l),2007-01-01,59,57,79,72,138,129,267
51002,MOJINETE,desnutricion aguda,desnutricion leve (l),2007-01-01,1,2,1,1,2,3,5
10303,MOJOCOYA,desnutricion aguda,desnutricion leve (l),2007-01-01,16,20,44,36,60,56,116
10501,MONTEAGUDO,desnutricion aguda,desnutricion leve (l),2007-01-01,58,47,75,101,133,148,281
71001,MONTERO,desnutricion aguda,desnutricion leve (l),2007-01-01,214,170,133,164,347,334,681
70803,MORO MORO,desnutricion aguda,desnutricion leve (l),2007-01-01,3,5,0,1,3,6,9
30302,MOROCHATA,desnutricion aguda,desnutricion leve (l),2007-01-01,40,34,32,58,72,92,164
90401,NACEBE (SANTA ROSA DEL ABUNA),desnutricion aguda,desnutricion leve (l),2007-01-01,2,0,2,1,4,1,5
50404,OCURI,desnutricion aguda,desnutricion leve (l),2007-01-01,62,60,76,69,138,129,267
70202,OKINAWA,desnutricion aguda,desnutricion leve (l),2007-01-01,10,18,3,16,13,34,47
30203,OMEREQUE,desnutricion aguda,desnutricion leve (l),2007-01-01,9,14,10,13,19,27,46
40101,ORURO,desnutricion aguda,desnutricion leve (l),2007-01-01,391,395,258,234,649,629,1278
60201,PADCAYA,desnutricion aguda,desnutricion leve (l),2007-01-01,17,13,13,17,30,30,60
10401,PADILLA,desnutricion aguda,desnutricion leve (l),2007-01-01,29,41,76,92,105,133,238
70502,PAILON,desnutricion aguda,desnutricion leve (l),2007-01-01,23,28,15,12,38,40,78
40802,PAMPA AULLAGAS,desnutricion aguda,desnutricion leve (l),2007-01-01,12,14,10,13,22,27,49
70902,PAMPA GRANDE,desnutricion aguda,desnutricion leve (l),2007-01-01,4,7,7,2,11,9,20
30202,PASORAPA,desnutricion aguda,desnutricion leve (l),2007-01-01,5,5,9,6,14,11,25
40602,PAZÑA,desnutricion aguda,desnutricion leve (l),2007-01-01,13,10,6,5,19,15,34
50403,POCOATA,desnutricion aguda,desnutricion leve (l),2007-01-01,46,45,35,40,81,85,166
31203,POCONA,desnutricion aguda,desnutricion leve (l),2007-01-01,14,12,11,18,25,30,55
31202,POJO (CBBA),desnutricion aguda,desnutricion leve (l),2007-01-01,8,18,10,8,18,26,44
40601,POOPO,desnutricion aguda,desnutricion leve (l),2007-01-01,5,4,2,4,7,8,15
51203,PORCO,desnutricion aguda,desnutricion leve (l),2007-01-01,24,29,9,16,33,45,78
10103,POROMA,desnutricion aguda,desnutricion leve (l),2007-01-01,35,29,22,22,57,51,108
70103,PORONGO,desnutricion aguda,desnutricion leve (l),2007-01-01,4,3,1,1,5,4,9
70601,PORTACHUELO,desnutricion aguda,desnutricion leve (l),2007-01-01,32,29,20,25,52,54,106
90102,PORVENIR,desnutricion aguda,desnutricion leve (l),2007-01-01,9,9,6,14,15,23,38
70804,POSTRER VALLE,desnutricion aguda,desnutricion leve (l),2007-01-01,2,5,4,4,6,9,15
50101,POTOSI,desnutricion aguda,desnutricion leve (l),2007-01-01,369,356,243,229,612,585,1197
10302,PRESTO,desnutricion aguda,desnutricion leve (l),2007-01-01,24,20,35,30,59,50,109
70805,PUCARA,desnutricion aguda,desnutricion leve (l),2007-01-01,1,1,2,0,3,1,4
90301,PUERTO GONZALO MORENO,desnutricion aguda,desnutricion leve (l),2007-01-01,10,8,7,9,17,17,34
71402,PUERTO QUIJARRO,desnutricion aguda,desnutricion leve (l),2007-01-01,15,11,6,5,21,16,37
90201,PUERTO RICO,desnutricion aguda,desnutricion leve (l),2007-01-01,1,3,2,4,3,7,10
80703,PUERTO SILES,desnutricion aguda,desnutricion leve (l),2007-01-01,5,2,0,0,5,2,7
71401,PUERTO SUAREZ,desnutricion aguda,desnutricion leve (l),2007-01-01,13,12,10,9,23,21,44
31205,PUERTO VILLARROEL,desnutricion aguda,desnutricion leve (l),2007-01-01,47,51,85,93,132,144,276
51101,PUNA,desnutricion aguda,desnutricion leve (l),2007-01-01,61,68,87,85,148,153,301
31401,PUNATA,desnutricion aguda,desnutricion leve (l),2007-01-01,35,41,19,31,54,72,126
30901,QUILLACOLLO,desnutricion aguda,desnutricion leve (l),2007-01-01,70,56,62,68,132,124,256
21002,QUIME,desnutricion aguda,desnutricion leve (l),2007-01-01,9,6,2,6,11,12,23
70904,QUIRUSILLAS,desnutricion aguda,desnutricion leve (l),2007-01-01,2,1,2,1,4,2,6
50402,RAVELO,desnutricion aguda,desnutricion leve (l),2007-01-01,69,51,75,89,144,140,284
80301,REYES,desnutricion aguda,desnutricion leve (l),2007-01-01,50,48,52,50,102,98,200
80201,RIBERALTA,desnutricion aguda,desnutricion leve (l),2007-01-01,208,337,121,147,329,484,813
70503,ROBORE,desnutricion aguda,desnutricion leve (l),2007-01-01,21,23,10,9,31,32,63
80304,RURRENABAQUE,desnutricion aguda,desnutricion leve (l),2007-01-01,13,11,5,10,18,21,39
40901,SABAYA,desnutricion aguda,desnutricion leve (l),2007-01-01,2,3,1,1,3,4,7
31001,SACABA,desnutricion aguda,desnutricion leve (l),2007-01-01,52,53,41,59,93,112,205
30404,SACABAMBA,desnutricion aguda,desnutricion leve (l),2007-01-01,10,7,5,6,15,13,28
50701,SACACA,desnutricion aguda,desnutricion leve (l),2007-01-01,63,87,160,132,223,219,442
71302,SAIPINA,desnutricion aguda,desnutricion leve (l),2007-01-01,6,5,10,8,16,13,29
40801,SALINAS DE GARCI MENDOZA,desnutricion aguda,desnutricion leve (l),2007-01-01,12,8,14,12,26,20,46
70901,SAMAIPATA,desnutricion aguda,desnutricion leve (l),2007-01-01,15,6,6,8,21,14,35
51601,SAN AGUSTIN,desnutricion aguda,desnutricion leve (l),2007-01-01,5,3,5,2,10,5,15
80602,SAN ANDRES,desnutricion aguda,desnutricion leve (l),2007-01-01,13,19,17,19,30,38,68
51003,SAN ANTONIO DE ESMORUCO,desnutricion aguda,desnutricion leve (l),2007-01-01,6,2,0,3,6,5,11
71105,SAN ANTONIO DE LOMERIO,desnutricion aguda,desnutricion leve (l),2007-01-01,37,39,28,37,65,76,141
31403,SAN BENITO,desnutricion aguda,desnutricion leve (l),2007-01-01,8,17,10,11,18,28,46
80302,SAN BORJA,desnutricion aguda,desnutricion leve (l),2007-01-01,47,64,49,50,96,114,210
70402,SAN CARLOS,desnutricion aguda,desnutricion leve (l),2007-01-01,37,30,23,21,60,51,111
80501,SAN IGNACIO,desnutricion aguda,desnutricion leve (l),2007-01-01,59,59,48,54,107,113,220
70301,SAN IGNACIO DE VELASCO,desnutricion aguda,desnutricion leve (l),2007-01-01,117,130,116,115,233,245,478
80102,SAN JAVIER(BNI),desnutricion aguda,desnutricion leve (l),2007-01-01,2,0,3,9,5,9,14
80701,SAN JOAQUIN,desnutricion aguda,desnutricion leve (l),2007-01-01,2,3,5,7,7,10,17
70501,SAN JOSE DE CHIQUITOS,desnutricion aguda,desnutricion leve (l),2007-01-01,22,15,13,13,35,28,63
70404,SAN JUAN DE YAPACANI,desnutricion aguda,desnutricion leve (l),2007-01-01,9,8,5,15,14,23,37
71104,SAN JULIAN,desnutricion aguda,desnutricion leve (l),2007-01-01,10,13,11,16,21,29,50
90302,SAN LORENZO(PND),desnutricion aguda,desnutricion leve (l),2007-01-01,3,2,0,2,3,4,7
60501,SAN LORENZO(TJA),desnutricion aguda,desnutricion leve (l),2007-01-01,28,31,51,58,79,89,168
10702,SAN LUCAS,desnutricion aguda,desnutricion leve (l),2007-01-01,117,115,134,162,251,277,528
71201,SAN MATIAS,desnutricion aguda,desnutricion leve (l),2007-01-01,13,7,8,8,21,15,36
70302,SAN MIGUEL DE VELASCO,desnutricion aguda,desnutricion leve (l),2007-01-01,11,6,8,16,19,22,41
51001,SAN PABLO DE LIPEZ,desnutricion aguda,desnutricion leve (l),2007-01-01,3,2,6,3,9,5,14
71005,SAN PEDRO,desnutricion aguda,desnutricion leve (l),2007-01-01,16,19,11,18,27,37,64
50902,SAN PEDRO DE QUEMES,desnutricion aguda,desnutricion leve (l),2007-01-01,0,1,1,1,1,2,3
90202,SAN PEDRO(PND),desnutricion aguda,desnutricion leve (l),2007-01-01,1,0,4,0,5,0,5
70303,SAN RAFAEL,desnutricion aguda,desnutricion leve (l),2007-01-01,21,20,7,9,28,29,57
80702,SAN RAMON,desnutricion aguda,desnutricion leve (l),2007-01-01,11,10,2,8,13,18,31
80401,SANTA ANA,desnutricion aguda,desnutricion leve (l),2007-01-01,30,33,12,18,42,51,93
70101,SANTA CRUZ DE LA SIERRA,desnutricion aguda,desnutricion leve (l),2007-01-01,696,740,304,367,1000,1107,2107
80303,SANTA ROSA,desnutricion aguda,desnutricion leve (l),2007-01-01,17,18,6,6,23,24,47
70602,SANTA ROSA DEL SARA,desnutricion aguda,desnutricion leve (l),2007-01-01,14,17,23,9,37,26,63
41401,SANTIAGO DE HUARI,desnutricion aguda,desnutricion leve (l),2007-01-01,16,14,27,14,43,28,71
30702,SANTIVAÑES,desnutricion aguda,desnutricion leve (l),2007-01-01,3,8,9,10,12,18,30
40202,SANTUARIO DE QUILLACAS,desnutricion aguda,desnutricion leve (l),2007-01-01,2,5,4,4,6,9,15
90303,SENA,desnutricion aguda,desnutricion leve (l),2007-01-01,7,12,11,14,18,26,44
30703,SICAYA,desnutricion aguda,desnutricion leve (l),2007-01-01,8,9,12,8,20,17,37
30902,SIPE SIPE,desnutricion aguda,desnutricion leve (l),2007-01-01,65,57,55,41,120,98,218
10403,SOPACHUY,desnutricion aguda,desnutricion leve (l),2007-01-01,22,28,38,67,60,95,155
40104,SORACACHI,desnutricion aguda,desnutricion leve (l),2007-01-01,14,14,11,17,25,31,56
10101,SUCRE,desnutricion aguda,desnutricion leve (l),2007-01-01,241,211,214,197,455,408,863
31404,TACACHI,desnutricion aguda,desnutricion leve (l),2007-01-01,2,0,0,1,2,1,3
50303,TACOBAMBA,desnutricion aguda,desnutricion leve (l),2007-01-01,9,15,11,12,20,27,47
30602,TACOPAYA,desnutricion aguda,desnutricion leve (l),2007-01-01,38,45,58,60,96,105,201
51402,TAHUA,desnutricion aguda,desnutricion leve (l),2007-01-01,0,1,0,0,0,1,1
31101,TAPACARI,desnutricion aguda,desnutricion leve (l),2007-01-01,75,79,60,50,135,129,264
10601,TARABUCO,desnutricion aguda,desnutricion leve (l),2007-01-01,119,97,177,181,296,278,574
30401,TARATA,desnutricion aguda,desnutricion leve (l),2007-01-01,19,22,11,8,30,30,60
60101,TARIJA,desnutricion aguda,desnutricion leve (l),2007-01-01,165,182,141,155,306,337,643
10202,TARVITA,desnutricion aguda,desnutricion leve (l),2007-01-01,34,50,107,127,141,177,318
50102,TINGUIPAYA,desnutricion aguda,desnutricion leve (l),2007-01-01,36,51,46,50,82,101,183
30903,TIQUIPAYA,desnutricion aguda,desnutricion leve (l),2007-01-01,40,49,36,34,76,83,159
31601,TIRAQUE (CBBA),desnutricion aguda,desnutricion leve (l),2007-01-01,76,57,63,62,139,119,258
30802,TOCO,desnutricion aguda,desnutricion leve (l),2007-01-01,5,3,7,2,12,5,17
30803,TOLATA,desnutricion aguda,desnutricion leve (l),2007-01-01,2,9,3,5,5,14,19
41001,TOLEDO,desnutricion aguda,desnutricion leve (l),2007-01-01,14,5,12,12,26,17,43
51202,TOMAVE,desnutricion aguda,desnutricion leve (l),2007-01-01,23,6,22,10,45,16,61
10402,TOMINA,desnutricion aguda,desnutricion leve (l),2007-01-01,49,47,67,76,116,123,239
50502,TORO TORO,desnutricion aguda,desnutricion leve (l),2007-01-01,5,4,3,5,8,9,17
31201,TOTORA(CBBA),desnutricion aguda,desnutricion leve (l),2007-01-01,20,8,19,24,39,32,71
41301,TOTORA(ORR),desnutricion aguda,desnutricion leve (l),2007-01-01,5,4,10,7,15,11,26
70802,TRIGAL,desnutricion aguda,desnutricion leve (l),2007-01-01,2,2,0,1,2,3,5
80101,TRINIDAD,desnutricion aguda,desnutricion leve (l),2007-01-01,128,113,90,67,218,180,398
50801,TUPIZA,desnutricion aguda,desnutricion leve (l),2007-01-01,52,51,81,79,133,130,263
40402,TURCO,desnutricion aguda,desnutricion leve (l),2007-01-01,1,2,1,3,2,5,7
50201,UNCIA,desnutricion aguda,desnutricion leve (l),2007-01-01,27,24,42,149,69,173,242
60401,URIONDO (A. CONCEPCION),desnutricion aguda,desnutricion leve (l),2007-01-01,27,19,26,40,53,59,112
51201,UYUNI,desnutricion aguda,desnutricion leve (l),2007-01-01,19,18,31,26,50,44,94
30502,VACAS,desnutricion aguda,desnutricion leve (l),2007-01-01,18,10,14,10,32,20,52
70801,VALLEGRANDE,desnutricion aguda,desnutricion leve (l),2007-01-01,16,19,15,8,31,27,58
31302,VILA VILA,desnutricion aguda,desnutricion leve (l),2007-01-01,3,5,5,10,8,15,23
60303,VILLA MONTES,desnutricion aguda,desnutricion leve (l),2007-01-01,32,20,29,21,61,41,102
90502,VILLA NUEVA (LOMA ALTA),desnutricion aguda,desnutricion leve (l),2007-01-01,4,10,3,6,7,16,23
31402,VILLA RIVERO,desnutricion aguda,desnutricion leve (l),2007-01-01,15,12,14,21,29,33,62
10801,VILLA SERRANO,desnutricion aguda,desnutricion leve (l),2007-01-01,33,28,65,67,98,95,193
31003,VILLA TUNARI,desnutricion aguda,desnutricion leve (l),2007-01-01,114,94,80,80,194,174,368
11001,VILLA VACA GUZMAN (MUYUPAMPA),desnutricion aguda,desnutricion leve (l),2007-01-01,20,18,24,28,44,46,90
51501,VILLAZON,desnutricion aguda,desnutricion leve (l),2007-01-01,75,51,61,79,136,130,266
30904,VINTO,desnutricion aguda,desnutricion leve (l),2007-01-01,8,9,6,8,14,17,31
50602,VITICHI,desnutricion aguda,desnutricion leve (l),2007-01-01,24,21,29,35,53,56,109
70201,WARNES,desnutricion aguda,desnutricion leve (l),2007-01-01,37,45,60,39,97,84,181
60301,YACUIBA,desnutricion aguda,desnutricion leve (l),2007-01-01,77,82,52,51,129,133,262
10602,YAMPARAEZ,desnutricion aguda,desnutricion leve (l),2007-01-01,38,30,76,78,114,108,222
70403,YAPACANI,desnutricion aguda,desnutricion leve (l),2007-01-01,84,63,44,44,128,107,235
50103,YOCALLA,desnutricion aguda,desnutricion leve (l),2007-01-01,8,8,6,5,14,13,27
10102,YOTALA,desnutricion aguda,desnutricion leve (l),2007-01-01,12,14,19,19,31,33,64
60402,YUNCHARA,desnutricion aguda,desnutricion leve (l),2007-01-01,16,12,34,22,50,34,84
10301,ZUDAÑEZ,desnutricion aguda,desnutricion leve (l),2007-01-01,32,27,29,67,61,94,155
51302,ACACIO,desnutricion aguda,desnutricion leve (l),2007-02-01,11,14,13,19,24,33,57
30201,AIQUILE,desnutricion aguda,desnutricion leve (l),2007-02-01,21,27,18,22,39,49,88
31303,ALALAY,desnutricion aguda,desnutricion leve (l),2007-02-01,9,12,10,13,19,25,44
10404,ALCALA,desnutricion aguda,desnutricion leve (l),2007-02-01,20,16,33,29,53,45,98
41201,ANDAMARCA,desnutricion aguda,desnutricion leve (l),2007-02-01,8,3,4,8,12,11,23
40603,ANTEQUERA,desnutricion aguda,desnutricion leve (l),2007-02-01,0,1,2,1,2,2,4
30402,ANZALDO,desnutricion aguda,desnutricion leve (l),2007-02-01,9,7,26,22,35,29,64
51301,ARAMPAMPA,desnutricion aguda,desnutricion leve (l),2007-02-01,14,17,21,25,35,42,77
30501,ARANI,desnutricion aguda,desnutricion leve (l),2007-02-01,6,6,17,12,23,18,41
30403,ARBIETO,desnutricion aguda,desnutricion leve (l),2007-02-01,11,4,21,14,32,18,50
30601,ARQUE,desnutricion aguda,desnutricion leve (l),2007-02-01,31,32,49,66,80,98,178
71501,ASCENCION DE GUARAYOS,desnutricion aguda,desnutricion leve (l),2007-02-01,48,65,71,70,119,135,254
50802,ATOCHA,desnutricion aguda,desnutricion leve (l),2007-02-01,16,19,13,16,29,35,64
30301,AYOPAYA (V. DE INDEPENDENCIA),desnutricion aguda,desnutricion leve (l),2007-02-01,55,37,39,56,94,93,187
10201,AZURDUY,desnutricion aguda,desnutricion leve (l),2007-02-01,50,71,80,112,130,183,313
80802,BAURES,desnutricion aguda,desnutricion leve (l),2007-02-01,4,6,6,6,10,12,22
41202,BELEN DE ANDAMARCA,desnutricion aguda,desnutricion leve (l),2007-02-01,3,2,0,6,3,8,11
50104,BELEN DE URMIRI,desnutricion aguda,desnutricion leve (l),2007-02-01,1,1,3,6,4,7,11
90104,BELLA FLOR,desnutricion aguda,desnutricion leve (l),2007-02-01,2,0,0,3,2,3,5
60202,BERMEJO,desnutricion aguda,desnutricion leve (l),2007-02-01,5,3,3,4,8,7,15
50301,BETANZOS,desnutricion aguda,desnutricion leve (l),2007-02-01,46,54,66,79,112,133,245
31501,BOLIVAR,desnutricion aguda,desnutricion leve (l),2007-02-01,24,26,22,37,46,63,109
90103,BOLPEBRA,desnutricion aguda,desnutricion leve (l),2007-02-01,2,2,1,2,3,4,7
70707,BOYUIBE,desnutricion aguda,desnutricion leve (l),2007-02-01,4,5,10,11,14,16,30
70401,BUENA VISTA,desnutricion aguda,desnutricion leve (l),2007-02-01,12,8,11,17,23,25,48
70703,CABEZAS,desnutricion aguda,desnutricion leve (l),2007-02-01,21,20,19,27,40,47,87
51102,"CAIZA ""D""",desnutricion aguda,desnutricion leve (l),2007-02-01,19,10,27,27,46,37,83
21003,CAJUATA,desnutricion aguda,desnutricion leve (l),2007-02-01,14,24,8,9,22,33,55
10701,CAMARGO,desnutricion aguda,desnutricion leve (l),2007-02-01,34,52,49,50,83,102,185
10901,CAMATAQUI (C. VILLA ABECIA),desnutricion aguda,desnutricion leve (l),2007-02-01,9,4,14,13,23,17,40
70706,CAMIRI,desnutricion aguda,desnutricion leve (l),2007-02-01,58,72,47,68,105,140,245
30701,CAPINOTA,desnutricion aguda,desnutricion leve (l),2007-02-01,22,22,23,28,45,50,95
40102,CARACOLLO,desnutricion aguda,desnutricion leve (l),2007-02-01,13,16,14,12,27,28,55
60302,CARAPARI,desnutricion aguda,desnutricion leve (l),2007-02-01,10,11,24,26,34,37,71
50702,CARIPUYO,desnutricion aguda,desnutricion leve (l),2007-02-01,30,25,29,46,59,71,130
71403,CARMEN RIVERO TORREZ,desnutricion aguda,desnutricion leve (l),2007-02-01,1,4,1,5,2,9,11
40201,CHALLAPATA,desnutricion aguda,desnutricion leve (l),2007-02-01,36,24,27,33,63,57,120
50302,CHAQUI,desnutricion aguda,desnutricion leve (l),2007-02-01,15,22,17,22,32,44,76
70702,CHARAGUA,desnutricion aguda,desnutricion leve (l),2007-02-01,38,51,30,67,68,118,186
50202,CHAYANTA,desnutricion aguda,desnutricion leve (l),2007-02-01,39,33,45,83,84,116,200
31204,CHIMORE,desnutricion aguda,desnutricion leve (l),2007-02-01,29,28,36,33,65,61,126
40903,CHIPAYA,desnutricion aguda,desnutricion leve (l),2007-02-01,5,3,3,4,8,7,15
40302,CHOQUE COTA,desnutricion aguda,desnutricion leve (l),2007-02-01,0,0,0,1,0,1,1
90101,COBIJA,desnutricion aguda,desnutricion leve (l),2007-02-01,43,35,23,30,66,65,131
30101,COCHABAMBA,desnutricion aguda,desnutricion leve (l),2007-02-01,344,313,255,260,599,573,1172
40902,COIPASA,desnutricion aguda,desnutricion leve (l),2007-02-01,0,0,0,1,0,1,1
30905,COLCAPIRHUA,desnutricion aguda,desnutricion leve (l),2007-02-01,22,28,30,23,52,51,103
50901,"COLCHA ""K""",desnutricion aguda,desnutricion leve (l),2007-02-01,22,17,16,21,38,38,76
31002,COLOMI,desnutricion aguda,desnutricion leve (l),2007-02-01,49,44,26,36,75,80,155
70603,COLPA BELGICA,desnutricion aguda,desnutricion leve (l),2007-02-01,5,5,7,5,12,10,22
50401,COLQUECHACA,desnutricion aguda,desnutricion leve (l),2007-02-01,59,41,45,45,104,86,190
21004,COLQUIRI,desnutricion aguda,desnutricion leve (l),2007-02-01,15,11,11,11,26,22,48
71301,COMARAPA,desnutricion aguda,desnutricion leve (l),2007-02-01,13,24,12,18,25,42,67
71101,CONCEPCION,desnutricion aguda,desnutricion leve (l),2007-02-01,24,28,23,20,47,48,95
40301,CORQUE,desnutricion aguda,desnutricion leve (l),2007-02-01,2,4,3,5,5,9,14
50601,COTAGAITA,desnutricion aguda,desnutricion leve (l),2007-02-01,61,66,80,76,141,142,283
70102,COTOCA,desnutricion aguda,desnutricion leve (l),2007-02-01,5,6,0,0,5,6,11
71106,CUATRO CAÑADAS,desnutricion aguda,desnutricion leve (l),2007-02-01,18,14,7,8,25,22,47
31405,CUCHUMUELA (V. G. VILLARROEL),desnutricion aguda,desnutricion leve (l),2007-02-01,5,2,4,5,9,7,16
70704,CUEVO,desnutricion aguda,desnutricion leve (l),2007-02-01,5,8,6,10,11,18,29
10902,CULPINA,desnutricion aguda,desnutricion leve (l),2007-02-01,114,82,110,126,224,208,432
40401,CURAHUARA DE CARANGAS,desnutricion aguda,desnutricion leve (l),2007-02-01,1,3,6,3,7,6,13
40103,EL CHORO,desnutricion aguda,desnutricion leve (l),2007-02-01,5,2,7,10,12,12,24
71503,EL PUENTE(STC),desnutricion aguda,desnutricion leve (l),2007-02-01,14,4,8,3,22,7,29
60502,EL PUENTE(TJA),desnutricion aguda,desnutricion leve (l),2007-02-01,16,21,36,51,52,72,124
70105,EL TORNO,desnutricion aguda,desnutricion leve (l),2007-02-01,6,8,15,3,21,11,32
10405,EL VILLAR,desnutricion aguda,desnutricion leve (l),2007-02-01,7,14,24,29,31,43,74
60601,ENTRE RIOS,desnutricion aguda,desnutricion leve (l),2007-02-01,19,21,32,37,51,58,109
60601,ENTRE RIOS,desnutricion aguda,desnutricion leve (l),2007-02-01,72,35,49,63,121,98,219
40502,ESCARA,desnutricion aguda,desnutricion leve (l),2007-02-01,1,0,0,0,1,0,1
41101,EUCALIPTUS,desnutricion aguda,desnutricion leve (l),2007-02-01,4,3,13,9,17,12,29
90503,EUREKA (SANTOS MERCADO),desnutricion aguda,desnutricion leve (l),2007-02-01,2,0,0,0,2,0,2
80402,EXALTACION,desnutricion aguda,desnutricion leve (l),2007-02-01,9,2,6,6,15,8,23
71004,FERNANDEZ ALONSO,desnutricion aguda,desnutricion leve (l),2007-02-01,16,9,3,14,19,23,42
90203,FILADELFIA,desnutricion aguda,desnutricion leve (l),2007-02-01,4,1,0,3,4,4,8
71002,GENERAL SAAVEDRA,desnutricion aguda,desnutricion leve (l),2007-02-01,20,20,20,11,40,31,71
80202,GUAYARAMERIN,desnutricion aguda,desnutricion leve (l),2007-02-01,38,49,48,49,86,98,184
70705,GUTIERREZ,desnutricion aguda,desnutricion leve (l),2007-02-01,9,12,14,12,23,24,47
10502,HUACARETA,desnutricion aguda,desnutricion leve (l),2007-02-01,15,29,29,28,44,57,101
11002,HUACAYA (VILLA DE HUACAYA),desnutricion aguda,desnutricion leve (l),2007-02-01,4,10,13,4,17,14,31
40501,HUACHACALLA,desnutricion aguda,desnutricion leve (l),2007-02-01,3,0,1,1,4,1,5
40701,HUANUNI,desnutricion aguda,desnutricion leve (l),2007-02-01,31,38,21,31,52,69,121
80803,HUARACAJE,desnutricion aguda,desnutricion leve (l),2007-02-01,3,4,3,5,6,9,15
41601,HUAYLLAMARCA,desnutricion aguda,desnutricion leve (l),2007-02-01,1,2,3,3,4,5,9
21005,ICHOCA,desnutricion aguda,desnutricion leve (l),2007-02-01,8,18,5,13,13,31,44
10304,ICLA,desnutricion aguda,desnutricion leve (l),2007-02-01,35,57,84,100,119,157,276
10703,INCAHUASI,desnutricion aguda,desnutricion leve (l),2007-02-01,132,107,107,147,239,254,493
90402,INGAVI (HUMAITA),desnutricion aguda,desnutricion leve (l),2007-02-01,4,0,4,2,8,2,10
21001,INQUISIVI,desnutricion aguda,desnutricion leve (l),2007-02-01,23,14,14,5,37,19,56
70104,LA GUARDIA,desnutricion aguda,desnutricion leve (l),2007-02-01,52,45,14,15,66,60,126
70701,LAGUNILLAS,desnutricion aguda,desnutricion leve (l),2007-02-01,14,19,35,33,49,52,101
10903,LAS CARRERAS,desnutricion aguda,desnutricion leve (l),2007-02-01,2,6,14,14,16,20,36
50203,LLALLAGUA,desnutricion aguda,desnutricion leve (l),2007-02-01,52,52,42,33,94,85,179
51401,LLICA,desnutricion aguda,desnutricion leve (l),2007-02-01,3,4,2,3,5,7,12
80601,LORETO,desnutricion aguda,desnutricion leve (l),2007-02-01,4,0,6,4,10,4,14
40702,MACHACAMARCA,desnutricion aguda,desnutricion leve (l),2007-02-01,6,5,3,3,9,8,17
11003,MACHARETI,desnutricion aguda,desnutricion leve (l),2007-02-01,21,10,25,30,46,40,86
80801,MAGDALENA,desnutricion aguda,desnutricion leve (l),2007-02-01,16,12,14,13,30,25,55
70903,MAIRANA,desnutricion aguda,desnutricion leve (l),2007-02-01,8,10,6,5,14,15,29
71003,MINEROS,desnutricion aguda,desnutricion leve (l),2007-02-01,17,35,10,10,27,45,72
31301,MIZQUE,desnutricion aguda,desnutricion leve (l),2007-02-01,38,50,49,57,87,107,194
51002,MOJINETE,desnutricion aguda,desnutricion leve (l),2007-02-01,2,0,1,1,3,1,4
10303,MOJOCOYA,desnutricion aguda,desnutricion leve (l),2007-02-01,6,5,15,12,21,17,38
10501,MONTEAGUDO,desnutricion aguda,desnutricion leve (l),2007-02-01,68,63,84,93,152,156,308
71001,MONTERO,desnutricion aguda,desnutricion leve (l),2007-02-01,165,122,117,114,282,236,518
70803,MORO MORO,desnutricion aguda,desnutricion leve (l),2007-02-01,4,3,4,1,8,4,12
30302,MOROCHATA,desnutricion aguda,desnutricion leve (l),2007-02-01,31,25,25,22,56,47,103
90401,NACEBE (SANTA ROSA DEL ABUNA),desnutricion aguda,desnutricion leve (l),2007-02-01,4,2,1,2,5,4,9
90501,NUEVO MANOA (NUEVA ESPERANZA),desnutricion aguda,desnutricion leve (l),2007-02-01,2,3,4,1,6,4,10
50404,OCURI,desnutricion aguda,desnutricion leve (l),2007-02-01,59,61,47,52,106,113,219
70202,OKINAWA,desnutricion aguda,desnutricion leve (l),2007-02-01,7,15,4,12,11,27,38
30203,OMEREQUE,desnutricion aguda,desnutricion leve (l),2007-02-01,12,9,19,13,31,22,53
40101,ORURO,desnutricion aguda,desnutricion leve (l),2007-02-01,298,231,172,143,470,374,844
60201,PADCAYA,desnutricion aguda,desnutricion leve (l),2007-02-01,16,13,11,18,27,31,58
10401,PADILLA,desnutricion aguda,desnutricion leve (l),2007-02-01,31,30,58,86,89,116,205
70502,PAILON,desnutricion aguda,desnutricion leve (l),2007-02-01,21,31,15,18,36,49,85
40802,PAMPA AULLAGAS,desnutricion aguda,desnutricion leve (l),2007-02-01,8,10,9,8,17,18,35
70902,PAMPA GRANDE,desnutricion aguda,desnutricion leve (l),2007-02-01,4,2,8,8,12,10,22
30202,PASORAPA,desnutricion aguda,desnutricion leve (l),2007-02-01,13,8,17,16,30,24,54
40602,PAZÑA,desnutricion aguda,desnutricion leve (l),2007-02-01,10,7,4,9,14,16,30
50403,POCOATA,desnutricion aguda,desnutricion leve (l),2007-02-01,46,54,54,68,100,122,222
31203,POCONA,desnutricion aguda,desnutricion leve (l),2007-02-01,7,16,11,13,18,29,47
31202,POJO (CBBA),desnutricion aguda,desnutricion leve (l),2007-02-01,14,9,9,13,23,22,45
40601,POOPO,desnutricion aguda,desnutricion leve (l),2007-02-01,8,4,3,8,11,12,23
51203,PORCO,desnutricion aguda,desnutricion leve (l),2007-02-01,22,16,11,17,33,33,66
10103,POROMA,desnutricion aguda,desnutricion leve (l),2007-02-01,45,58,45,62,90,120,210
70103,PORONGO,desnutricion aguda,desnutricion leve (l),2007-02-01,11,13,9,2,20,15,35
70601,PORTACHUELO,desnutricion aguda,desnutricion leve (l),2007-02-01,23,29,12,10,35,39,74
90102,PORVENIR,desnutricion aguda,desnutricion leve (l),2007-02-01,13,11,2,6,15,17,32
70804,POSTRER VALLE,desnutricion aguda,desnutricion leve (l),2007-02-01,2,4,2,5,4,9,13
50101,POTOSI,desnutricion aguda,desnutricion leve (l),2007-02-01,288,288,174,160,462,448,910
10302,PRESTO,desnutricion aguda,desnutricion leve (l),2007-02-01,26,21,41,26,67,47,114
70805,PUCARA,desnutricion aguda,desnutricion leve (l),2007-02-01,2,7,5,1,7,8,15
90301,PUERTO GONZALO MORENO,desnutricion aguda,desnutricion leve (l),2007-02-01,12,12,6,7,18,19,37
71402,PUERTO QUIJARRO,desnutricion aguda,desnutricion leve (l),2007-02-01,16,12,6,5,22,17,39
90201,PUERTO RICO,desnutricion aguda,desnutricion leve (l),2007-02-01,5,7,3,4,8,11,19
80703,PUERTO SILES,desnutricion aguda,desnutricion leve (l),2007-02-01,5,5,8,2,13,7,20
71401,PUERTO SUAREZ,desnutricion aguda,desnutricion leve (l),2007-02-01,14,13,2,10,16,23,39
31205,PUERTO VILLARROEL,desnutricion aguda,desnutricion leve (l),2007-02-01,88,65,73,61,161,126,287
51101,PUNA,desnutricion aguda,desnutricion leve (l),2007-02-01,80,81,80,100,160,181,341
31401,PUNATA,desnutricion aguda,desnutricion leve (l),2007-02-01,20,27,22,18,42,45,87
30901,QUILLACOLLO,desnutricion aguda,desnutricion leve (l),2007-02-01,54,57,61,64,115,121,236
21002,QUIME,desnutricion aguda,desnutricion leve (l),2007-02-01,2,3,3,4,5,7,12
70904,QUIRUSILLAS,desnutricion aguda,desnutricion leve (l),2007-02-01,0,0,0,2,0,2,2
50402,RAVELO,desnutricion aguda,desnutricion leve (l),2007-02-01,102,73,97,98,199,171,370
80301,REYES,desnutricion aguda,desnutricion leve (l),2007-02-01,5,24,18,23,23,47,70
80201,RIBERALTA,desnutricion aguda,desnutricion leve (l),2007-02-01,201,240,90,123,291,363,654
70503,ROBORE,desnutricion aguda,desnutricion leve (l),2007-02-01,18,24,12,14,30,38,68
80304,RURRENABAQUE,desnutricion aguda,desnutricion leve (l),2007-02-01,18,12,8,5,26,17,43
40901,SABAYA,desnutricion aguda,desnutricion leve (l),2007-02-01,1,7,1,1,2,8,10
31001,SACABA,desnutricion aguda,desnutricion leve (l),2007-02-01,70,76,66,50,136,126,262
30404,SACABAMBA,desnutricion aguda,desnutricion leve (l),2007-02-01,12,8,5,3,17,11,28
50701,SACACA,desnutricion aguda,desnutricion leve (l),2007-02-01,124,130,253,230,377,360,737
71302,SAIPINA,desnutricion aguda,desnutricion leve (l),2007-02-01,3,5,5,6,8,11,19
40801,SALINAS DE GARCI MENDOZA,desnutricion aguda,desnutricion leve (l),2007-02-01,14,14,13,18,27,32,59
70901,SAMAIPATA,desnutricion aguda,desnutricion leve (l),2007-02-01,3,10,4,4,7,14,21
51601,SAN AGUSTIN,desnutricion aguda,desnutricion leve (l),2007-02-01,4,2,3,2,7,4,11
80602,SAN ANDRES,desnutricion aguda,desnutricion leve (l),2007-02-01,9,6,12,5,21,11,32
51003,SAN ANTONIO DE ESMORUCO,desnutricion aguda,desnutricion leve (l),2007-02-01,5,4,1,1,6,5,11
71105,SAN ANTONIO DE LOMERIO,desnutricion aguda,desnutricion leve (l),2007-02-01,27,27,42,56,69,83,152
31403,SAN BENITO,desnutricion aguda,desnutricion leve (l),2007-02-01,22,11,12,26,34,37,71
80302,SAN BORJA,desnutricion aguda,desnutricion leve (l),2007-02-01,60,72,59,58,119,130,249
70402,SAN CARLOS,desnutricion aguda,desnutricion leve (l),2007-02-01,37,23,18,17,55,40,95
80501,SAN IGNACIO,desnutricion aguda,desnutricion leve (l),2007-02-01,51,59,45,49,96,108,204
70301,SAN IGNACIO DE VELASCO,desnutricion aguda,desnutricion leve (l),2007-02-01,98,124,96,113,194,237,431
80102,SAN JAVIER(BNI),desnutricion aguda,desnutricion leve (l),2007-02-01,1,0,2,4,3,4,7
80701,SAN JOAQUIN,desnutricion aguda,desnutricion leve (l),2007-02-01,0,0,7,13,7,13,20
70501,SAN JOSE DE CHIQUITOS,desnutricion aguda,desnutricion leve (l),2007-02-01,19,18,10,22,29,40,69
70404,SAN JUAN DE YAPACANI,desnutricion aguda,desnutricion leve (l),2007-02-01,8,12,13,17,21,29,50
71104,SAN JULIAN,desnutricion aguda,desnutricion leve (l),2007-02-01,26,18,24,25,50,43,93
90302,SAN LORENZO(PND),desnutricion aguda,desnutricion leve (l),2007-02-01,1,2,2,0,3,2,5
60501,SAN LORENZO(TJA),desnutricion aguda,desnutricion leve (l),2007-02-01,40,47,40,56,80,103,183
10702,SAN LUCAS,desnutricion aguda,desnutricion leve (l),2007-02-01,183,176,219,234,402,410,812
71201,SAN MATIAS,desnutricion aguda,desnutricion leve (l),2007-02-01,5,10,7,6,12,16,28
70302,SAN MIGUEL DE VELASCO,desnutricion aguda,desnutricion leve (l),2007-02-01,12,11,8,10,20,21,41
51001,SAN PABLO DE LIPEZ,desnutricion aguda,desnutricion leve (l),2007-02-01,10,8,9,5,19,13,32
71005,SAN PEDRO,desnutricion aguda,desnutricion leve (l),2007-02-01,19,23,22,30,41,53,94
50902,SAN PEDRO DE QUEMES,desnutricion aguda,desnutricion leve (l),2007-02-01,0,0,0,1,0,1,1
90202,SAN PEDRO(PND),desnutricion aguda,desnutricion leve (l),2007-02-01,1,1,1,3,2,4,6
70303,SAN RAFAEL,desnutricion aguda,desnutricion leve (l),2007-02-01,15,11,4,11,19,22,41
80702,SAN RAMON,desnutricion aguda,desnutricion leve (l),2007-02-01,1,12,4,8,5,20,25
80401,SANTA ANA,desnutricion aguda,desnutricion leve (l),2007-02-01,38,42,6,7,44,49,93
70101,SANTA CRUZ DE LA SIERRA,desnutricion aguda,desnutricion leve (l),2007-02-01,441,489,269,275,710,764,1474
80303,SANTA ROSA,desnutricion aguda,desnutricion leve (l),2007-02-01,9,9,6,5,15,14,29
70602,SANTA ROSA DEL SARA,desnutricion aguda,desnutricion leve (l),2007-02-01,18,16,17,22,35,38,73
41401,SANTIAGO DE HUARI,desnutricion aguda,desnutricion leve (l),2007-02-01,12,11,16,14,28,25,53
30702,SANTIVAÑES,desnutricion aguda,desnutricion leve (l),2007-02-01,7,3,13,9,20,12,32
40202,SANTUARIO DE QUILLACAS,desnutricion aguda,desnutricion leve (l),2007-02-01,2,7,9,4,11,11,22
90303,SENA,desnutricion aguda,desnutricion leve (l),2007-02-01,5,7,5,2,10,9,19
30703,SICAYA,desnutricion aguda,desnutricion leve (l),2007-02-01,10,6,5,3,15,9,24
30902,SIPE SIPE,desnutricion aguda,desnutricion leve (l),2007-02-01,81,72,44,48,125,120,245
10403,SOPACHUY,desnutricion aguda,desnutricion leve (l),2007-02-01,23,31,51,72,74,103,177
40104,SORACACHI,desnutricion aguda,desnutricion leve (l),2007-02-01,18,10,26,14,44,24,68
10101,SUCRE,desnutricion aguda,desnutricion leve (l),2007-02-01,298,265,298,305,596,570,1166
31404,TACACHI,desnutricion aguda,desnutricion leve (l),2007-02-01,2,3,5,3,7,6,13
50303,TACOBAMBA,desnutricion aguda,desnutricion leve (l),2007-02-01,13,14,19,15,32,29,61
30602,TACOPAYA,desnutricion aguda,desnutricion leve (l),2007-02-01,42,37,45,82,87,119,206
51402,TAHUA,desnutricion aguda,desnutricion leve (l),2007-02-01,1,1,0,0,1,1,2
31101,TAPACARI,desnutricion aguda,desnutricion leve (l),2007-02-01,76,88,54,53,130,141,271
10601,TARABUCO,desnutricion aguda,desnutricion leve (l),2007-02-01,130,86,153,202,283,288,571
30401,TARATA,desnutricion aguda,desnutricion leve (l),2007-02-01,16,7,2,4,18,11,29
60101,TARIJA,desnutricion aguda,desnutricion leve (l),2007-02-01,160,125,112,122,272,247,519
10202,TARVITA,desnutricion aguda,desnutricion leve (l),2007-02-01,38,53,93,122,131,175,306
50102,TINGUIPAYA,desnutricion aguda,desnutricion leve (l),2007-02-01,61,47,76,73,137,120,257
30903,TIQUIPAYA,desnutricion aguda,desnutricion leve (l),2007-02-01,54,38,45,43,99,81,180
31601,TIRAQUE (CBBA),desnutricion aguda,desnutricion leve (l),2007-02-01,74,53,52,58,126,111,237
30802,TOCO,desnutricion aguda,desnutricion leve (l),2007-02-01,4,2,3,4,7,6,13
30803,TOLATA,desnutricion aguda,desnutricion leve (l),2007-02-01,5,2,5,4,10,6,16
41001,TOLEDO,desnutricion aguda,desnutricion leve (l),2007-02-01,8,13,10,10,18,23,41
51202,TOMAVE,desnutricion aguda,desnutricion leve (l),2007-02-01,39,9,33,8,72,17,89
10402,TOMINA,desnutricion aguda,desnutricion leve (l),2007-02-01,44,43,61,74,105,117,222
50502,TORO TORO,desnutricion aguda,desnutricion leve (l),2007-02-01,24,27,25,27,49,54,103
31201,TOTORA(CBBA),desnutricion aguda,desnutricion leve (l),2007-02-01,16,11,23,26,39,37,76
41301,TOTORA(ORR),desnutricion aguda,desnutricion leve (l),2007-02-01,2,4,6,6,8,10,18
70802,TRIGAL,desnutricion aguda,desnutricion leve (l),2007-02-01,0,1,1,0,1,1,2
80101,TRINIDAD,desnutricion aguda,desnutricion leve (l),2007-02-01,103,82,84,89,187,171,358
50801,TUPIZA,desnutricion aguda,desnutricion leve (l),2007-02-01,83,80,103,120,186,200,386
40402,TURCO,desnutricion aguda,desnutricion leve (l),2007-02-01,5,4,4,2,9,6,15
50201,UNCIA,desnutricion aguda,desnutricion leve (l),2007-02-01,38,30,41,36,79,66,145
60401,URIONDO (A. CONCEPCION),desnutricion aguda,desnutricion leve (l),2007-02-01,21,18,22,40,43,58,101
71502,URUBICHA,desnutricion aguda,desnutricion leve (l),2007-02-01,33,50,44,36,77,86,163
51201,UYUNI,desnutricion aguda,desnutricion leve (l),2007-02-01,15,7,6,13,21,20,41
30502,VACAS,desnutricion aguda,desnutricion leve (l),2007-02-01,18,20,14,21,32,41,73
70801,VALLEGRANDE,desnutricion aguda,desnutricion leve (l),2007-02-01,18,14,6,11,24,25,49
31302,VILA VILA,desnutricion aguda,desnutricion leve (l),2007-02-01,4,2,3,3,7,5,12
60303,VILLA MONTES,desnutricion aguda,desnutricion leve (l),2007-02-01,23,23,29,41,52,64,116
90502,VILLA NUEVA (LOMA ALTA),desnutricion aguda,desnutricion leve (l),2007-02-01,0,5,1,2,1,7,8
31402,VILLA RIVERO,desnutricion aguda,desnutricion leve (l),2007-02-01,7,13,27,20,34,33,67
10801,VILLA SERRANO,desnutricion aguda,desnutricion leve (l),2007-02-01,24,35,63,69,87,104,191
31003,VILLA TUNARI,desnutricion aguda,desnutricion leve (l),2007-02-01,93,86,103,106,196,192,388
11001,VILLA VACA GUZMAN (MUYUPAMPA),desnutricion aguda,desnutricion leve (l),2007-02-01,33,24,30,48,63,72,135
51501,VILLAZON,desnutricion aguda,desnutricion leve (l),2007-02-01,51,54,43,49,94,103,197
30904,VINTO,desnutricion aguda,desnutricion leve (l),2007-02-01,7,18,3,5,10,23,33
50602,VITICHI,desnutricion aguda,desnutricion leve (l),2007-02-01,20,30,50,55,70,85,155
70201,WARNES,desnutricion aguda,desnutricion leve (l),2007-02-01,55,47,28,25,83,72,155
60301,YACUIBA,desnutricion aguda,desnutricion leve (l),2007-02-01,61,60,29,52,90,112,202
10602,YAMPARAEZ,desnutricion aguda,desnutricion leve (l),2007-02-01,42,32,89,95,131,127,258
70403,YAPACANI,desnutricion aguda,desnutricion leve (l),2007-02-01,81,53,40,45,121,98,219
50103,YOCALLA,desnutricion aguda,desnutricion leve (l),2007-02-01,6,1,2,11,8,12,20
10102,YOTALA,desnutricion aguda,desnutricion leve (l),2007-02-01,21,19,34,39,55,58,113
60402,YUNCHARA,desnutricion aguda,desnutricion leve (l),2007-02-01,17,14,30,19,47,33,80
10301,ZUDAÑEZ,desnutricion aguda,desnutricion leve (l),2007-02-01,23,23,32,51,55,74,129
51302,ACACIO,desnutricion aguda,desnutricion leve (l),2007-03-01,7,7,13,23,20,30,50
30201,AIQUILE,desnutricion aguda,desnutricion leve (l),2007-03-01,29,28,40,41,69,69,138
31303,ALALAY,desnutricion aguda,desnutricion leve (l),2007-03-01,8,5,12,14,20,19,39
10404,ALCALA,desnutricion aguda,desnutricion leve (l),2007-03-01,17,19,27,34,44,53,97
41201,ANDAMARCA,desnutricion aguda,desnutricion leve (l),2007-03-01,4,4,7,4,11,8,19
40603,ANTEQUERA,desnutricion aguda,desnutricion leve (l),2007-03-01,9,11,10,9,19,20,39
30402,ANZALDO,desnutricion aguda,desnutricion leve (l),2007-03-01,13,16,23,29,36,45,81
51301,ARAMPAMPA,desnutricion aguda,desnutricion leve (l),2007-03-01,20,23,35,27,55,50,105
30501,ARANI,desnutricion aguda,desnutricion leve (l),2007-03-01,20,24,19,23,39,47,86
30403,ARBIETO,desnutricion aguda,desnutricion leve (l),2007-03-01,13,7,19,19,32,26,58
30601,ARQUE,desnutricion aguda,desnutricion leve (l),2007-03-01,26,36,38,66,64,102,166
50802,ATOCHA,desnutricion aguda,desnutricion leve (l),2007-03-01,21,14,16,15,37,29,66
30301,AYOPAYA (V. DE INDEPENDENCIA),desnutricion aguda,desnutricion leve (l),2007-03-01,59,55,67,71,126,126,252
10201,AZURDUY,desnutricion aguda,desnutricion leve (l),2007-03-01,54,61,82,114,136,175,311
80802,BAURES,desnutricion aguda,desnutricion leve (l),2007-03-01,5,9,7,9,12,18,30
50104,BELEN DE URMIRI,desnutricion aguda,desnutricion leve (l),2007-03-01,7,9,12,6,19,15,34
90104,BELLA FLOR,desnutricion aguda,desnutricion leve (l),2007-03-01,6,6,2,3,8,9,17
60202,BERMEJO,desnutricion aguda,desnutricion leve (l),2007-03-01,3,3,6,3,9,6,15
50301,BETANZOS,desnutricion aguda,desnutricion leve (l),2007-03-01,69,84,88,106,157,190,347
31501,BOLIVAR,desnutricion aguda,desnutricion leve (l),2007-03-01,43,59,50,49,93,108,201
90103,BOLPEBRA,desnutricion aguda,desnutricion leve (l),2007-03-01,4,0,4,6,8,6,14
70707,BOYUIBE,desnutricion aguda,desnutricion leve (l),2007-03-01,13,7,8,11,21,18,39
70401,BUENA VISTA,desnutricion aguda,desnutricion leve (l),2007-03-01,11,6,9,17,20,23,43
70703,CABEZAS,desnutricion aguda,desnutricion leve (l),2007-03-01,20,20,25,22,45,42,87
51102,"CAIZA ""D""",desnutricion aguda,desnutricion leve (l),2007-03-01,18,18,23,21,41,39,80
21003,CAJUATA,desnutricion aguda,desnutricion leve (l),2007-03-01,10,23,13,6,23,29,52
10701,CAMARGO,desnutricion aguda,desnutricion leve (l),2007-03-01,46,63,62,68,108,131,239
10901,CAMATAQUI (C. VILLA ABECIA),desnutricion aguda,desnutricion leve (l),2007-03-01,15,7,14,13,29,20,49
70706,CAMIRI,desnutricion aguda,desnutricion leve (l),2007-03-01,52,92,69,86,121,178,299
30701,CAPINOTA,desnutricion aguda,desnutricion leve (l),2007-03-01,33,55,49,48,82,103,185
40102,CARACOLLO,desnutricion aguda,desnutricion leve (l),2007-03-01,24,23,23,37,47,60,107
41503,CARANGAS,desnutricion aguda,desnutricion leve (l),2007-03-01,0,1,0,0,0,1,1
60302,CARAPARI,desnutricion aguda,desnutricion leve (l),2007-03-01,9,8,11,14,20,22,42
50702,CARIPUYO,desnutricion aguda,desnutricion leve (l),2007-03-01,75,48,70,76,145,124,269
71403,CARMEN RIVERO TORREZ,desnutricion aguda,desnutricion leve (l),2007-03-01,6,6,6,3,12,9,21
40201,CHALLAPATA,desnutricion aguda,desnutricion leve (l),2007-03-01,43,37,45,43,88,80,168
50302,CHAQUI,desnutricion aguda,desnutricion leve (l),2007-03-01,24,25,27,32,51,57,108
70702,CHARAGUA,desnutricion aguda,desnutricion leve (l),2007-03-01,33,32,28,45,61,77,138
50202,CHAYANTA,desnutricion aguda,desnutricion leve (l),2007-03-01,47,26,59,73,106,99,205
31204,CHIMORE,desnutricion aguda,desnutricion leve (l),2007-03-01,43,29,33,41,76,70,146
40903,CHIPAYA,desnutricion aguda,desnutricion leve (l),2007-03-01,1,5,5,9,6,14,20
90101,COBIJA,desnutricion aguda,desnutricion leve (l),2007-03-01,61,57,41,215,102,272,374
30101,COCHABAMBA,desnutricion aguda,desnutricion leve (l),2007-03-01,358,340,285,261,643,601,1244
40902,COIPASA,desnutricion aguda,desnutricion leve (l),2007-03-01,2,1,4,1,6,2,8
30905,COLCAPIRHUA,desnutricion aguda,desnutricion leve (l),2007-03-01,17,33,25,38,42,71,113
50901,"COLCHA ""K""",desnutricion aguda,desnutricion leve (l),2007-03-01,15,20,14,19,29,39,68
31002,COLOMI,desnutricion aguda,desnutricion leve (l),2007-03-01,49,53,57,45,106,98,204
70603,COLPA BELGICA,desnutricion aguda,desnutricion leve (l),2007-03-01,4,7,9,11,13,18,31
50401,COLQUECHACA,desnutricion aguda,desnutricion leve (l),2007-03-01,95,115,61,95,156,210,366
21004,COLQUIRI,desnutricion aguda,desnutricion leve (l),2007-03-01,31,20,21,29,52,49,101
71301,COMARAPA,desnutricion aguda,desnutricion leve (l),2007-03-01,23,32,18,19,41,51,92
71101,CONCEPCION,desnutricion aguda,desnutricion leve (l),2007-03-01,14,27,13,17,27,44,71
40301,CORQUE,desnutricion aguda,desnutricion leve (l),2007-03-01,8,16,17,13,25,29,54
50601,COTAGAITA,desnutricion aguda,desnutricion leve (l),2007-03-01,60,81,73,88,133,169,302
70102,COTOCA,desnutricion aguda,desnutricion leve (l),2007-03-01,32,29,21,22,53,51,104
71106,CUATRO CAÑADAS,desnutricion aguda,desnutricion leve (l),2007-03-01,22,17,8,12,30,29,59
31405,CUCHUMUELA (V. G. VILLARROEL),desnutricion aguda,desnutricion leve (l),2007-03-01,2,1,0,0,2,1,3
70704,CUEVO,desnutricion aguda,desnutricion leve (l),2007-03-01,7,5,18,17,25,22,47
10902,CULPINA,desnutricion aguda,desnutricion leve (l),2007-03-01,80,92,103,127,183,219,402
40401,CURAHUARA DE CARANGAS,desnutricion aguda,desnutricion leve (l),2007-03-01,6,10,9,8,15,18,33
40103,EL CHORO,desnutricion aguda,desnutricion leve (l),2007-03-01,6,2,6,6,12,8,20
71503,EL PUENTE(STC),desnutricion aguda,desnutricion leve (l),2007-03-01,18,20,10,12,28,32,60
60502,EL PUENTE(TJA),desnutricion aguda,desnutricion leve (l),2007-03-01,9,6,18,31,27,37,64
70105,EL TORNO,desnutricion aguda,desnutricion leve (l),2007-03-01,7,6,5,1,12,7,19
10405,EL VILLAR,desnutricion aguda,desnutricion leve (l),2007-03-01,8,19,18,27,26,46,72
60601,ENTRE RIOS,desnutricion aguda,desnutricion leve (l),2007-03-01,23,28,40,44,63,72,135
60601,ENTRE RIOS,desnutricion aguda,desnutricion leve (l),2007-03-01,58,78,53,75,111,153,264
40502,ESCARA,desnutricion aguda,desnutricion leve (l),2007-03-01,0,2,0,0,0,2,2
41101,EUCALIPTUS,desnutricion aguda,desnutricion leve (l),2007-03-01,10,9,6,4,16,13,29
80402,EXALTACION,desnutricion aguda,desnutricion leve (l),2007-03-01,4,2,2,6,6,8,14
71004,FERNANDEZ ALONSO,desnutricion aguda,desnutricion leve (l),2007-03-01,13,14,9,7,22,21,43
90203,FILADELFIA,desnutricion aguda,desnutricion leve (l),2007-03-01,7,7,1,7,8,14,22
71002,GENERAL SAAVEDRA,desnutricion aguda,desnutricion leve (l),2007-03-01,20,21,15,14,35,35,70
80202,GUAYARAMERIN,desnutricion aguda,desnutricion leve (l),2007-03-01,65,58,30,56,95,114,209
70705,GUTIERREZ,desnutricion aguda,desnutricion leve (l),2007-03-01,7,9,14,19,21,28,49
10502,HUACARETA,desnutricion aguda,desnutricion leve (l),2007-03-01,17,20,28,29,45,49,94
11002,HUACAYA (VILLA DE HUACAYA),desnutricion aguda,desnutricion leve (l),2007-03-01,13,6,16,10,29,16,45
40501,HUACHACALLA,desnutricion aguda,desnutricion leve (l),2007-03-01,1,1,1,2,2,3,5
40701,HUANUNI,desnutricion aguda,desnutricion leve (l),2007-03-01,5,6,3,5,8,11,19
80803,HUARACAJE,desnutricion aguda,desnutricion leve (l),2007-03-01,4,9,3,4,7,13,20
41601,HUAYLLAMARCA,desnutricion aguda,desnutricion leve (l),2007-03-01,4,6,5,8,9,14,23
21005,ICHOCA,desnutricion aguda,desnutricion leve (l),2007-03-01,2,0,1,1,3,1,4
10304,ICLA,desnutricion aguda,desnutricion leve (l),2007-03-01,53,54,105,132,158,186,344
10703,INCAHUASI,desnutricion aguda,desnutricion leve (l),2007-03-01,107,107,108,138,215,245,460
90402,INGAVI (HUMAITA),desnutricion aguda,desnutricion leve (l),2007-03-01,0,0,3,1,3,1,4
21001,INQUISIVI,desnutricion aguda,desnutricion leve (l),2007-03-01,19,9,15,9,34,18,52
70104,LA GUARDIA,desnutricion aguda,desnutricion leve (l),2007-03-01,21,26,25,16,46,42,88
70701,LAGUNILLAS,desnutricion aguda,desnutricion leve (l),2007-03-01,10,14,26,32,36,46,82
10903,LAS CARRERAS,desnutricion aguda,desnutricion leve (l),2007-03-01,7,4,21,22,28,26,54
50203,LLALLAGUA,desnutricion aguda,desnutricion leve (l),2007-03-01,82,74,107,84,189,158,347
51401,LLICA,desnutricion aguda,desnutricion leve (l),2007-03-01,8,6,4,9,12,15,27
80601,LORETO,desnutricion aguda,desnutricion leve (l),2007-03-01,4,2,0,1,4,3,7
40702,MACHACAMARCA,desnutricion aguda,desnutricion leve (l),2007-03-01,5,6,4,5,9,11,20
11003,MACHARETI,desnutricion aguda,desnutricion leve (l),2007-03-01,19,11,31,32,50,43,93
80801,MAGDALENA,desnutricion aguda,desnutricion leve (l),2007-03-01,9,9,5,6,14,15,29
70903,MAIRANA,desnutricion aguda,desnutricion leve (l),2007-03-01,9,6,8,17,17,23,40
71003,MINEROS,desnutricion aguda,desnutricion leve (l),2007-03-01,38,42,13,21,51,63,114
31301,MIZQUE,desnutricion aguda,desnutricion leve (l),2007-03-01,78,70,61,79,139,149,288
51002,MOJINETE,desnutricion aguda,desnutricion leve (l),2007-03-01,0,2,1,3,1,5,6
10303,MOJOCOYA,desnutricion aguda,desnutricion leve (l),2007-03-01,25,29,32,41,57,70,127
10501,MONTEAGUDO,desnutricion aguda,desnutricion leve (l),2007-03-01,56,53,114,109,170,162,332
71001,MONTERO,desnutricion aguda,desnutricion leve (l),2007-03-01,178,161,126,124,304,285,589
70803,MORO MORO,desnutricion aguda,desnutricion leve (l),2007-03-01,1,9,4,2,5,11,16
30302,MOROCHATA,desnutricion aguda,desnutricion leve (l),2007-03-01,32,35,42,34,74,69,143
90401,NACEBE (SANTA ROSA DEL ABUNA),desnutricion aguda,desnutricion leve (l),2007-03-01,2,6,5,8,7,14,21
50404,OCURI,desnutricion aguda,desnutricion leve (l),2007-03-01,68,62,86,79,154,141,295
70202,OKINAWA,desnutricion aguda,desnutricion leve (l),2007-03-01,5,16,5,16,10,32,42
30203,OMEREQUE,desnutricion aguda,desnutricion leve (l),2007-03-01,4,12,15,12,19,24,43
40101,ORURO,desnutricion aguda,desnutricion leve (l),2007-03-01,312,281,175,191,487,472,959
60201,PADCAYA,desnutricion aguda,desnutricion leve (l),2007-03-01,11,16,14,19,25,35,60
10401,PADILLA,desnutricion aguda,desnutricion leve (l),2007-03-01,42,36,77,117,119,153,272
70502,PAILON,desnutricion aguda,desnutricion leve (l),2007-03-01,28,36,14,16,42,52,94
40802,PAMPA AULLAGAS,desnutricion aguda,desnutricion leve (l),2007-03-01,9,12,14,11,23,23,46
70902,PAMPA GRANDE,desnutricion aguda,desnutricion leve (l),2007-03-01,6,3,7,6,13,9,22
30202,PASORAPA,desnutricion aguda,desnutricion leve (l),2007-03-01,4,12,15,17,19,29,48
40602,PAZÑA,desnutricion aguda,desnutricion leve (l),2007-03-01,9,15,12,10,21,25,46
50403,POCOATA,desnutricion aguda,desnutricion leve (l),2007-03-01,65,86,96,116,161,202,363
31203,POCONA,desnutricion aguda,desnutricion leve (l),2007-03-01,16,10,18,17,34,27,61
31202,POJO (CBBA),desnutricion aguda,desnutricion leve (l),2007-03-01,32,31,46,48,78,79,157
40601,POOPO,desnutricion aguda,desnutricion leve (l),2007-03-01,8,7,4,7,12,14,26
51203,PORCO,desnutricion aguda,desnutricion leve (l),2007-03-01,24,31,12,9,36,40,76
10103,POROMA,desnutricion aguda,desnutricion leve (l),2007-03-01,64,69,76,90,140,159,299
70103,PORONGO,desnutricion aguda,desnutricion leve (l),2007-03-01,0,1,0,1,0,2,2
70601,PORTACHUELO,desnutricion aguda,desnutricion leve (l),2007-03-01,24,16,18,15,42,31,73
90102,PORVENIR,desnutricion aguda,desnutricion leve (l),2007-03-01,3,11,3,8,6,19,25
70804,POSTRER VALLE,desnutricion aguda,desnutricion leve (l),2007-03-01,5,3,6,8,11,11,22
50101,POTOSI,desnutricion aguda,desnutricion leve (l),2007-03-01,318,313,202,207,520,520,1040
10302,PRESTO,desnutricion aguda,desnutricion leve (l),2007-03-01,45,28,55,42,100,70,170
70805,PUCARA,desnutricion aguda,desnutricion leve (l),2007-03-01,1,2,1,2,2,4,6
90301,PUERTO GONZALO MORENO,desnutricion aguda,desnutricion leve (l),2007-03-01,16,22,4,10,20,32,52
71402,PUERTO QUIJARRO,desnutricion aguda,desnutricion leve (l),2007-03-01,25,12,6,6,31,18,49
90201,PUERTO RICO,desnutricion aguda,desnutricion leve (l),2007-03-01,4,13,9,11,13,24,37
80703,PUERTO SILES,desnutricion aguda,desnutricion leve (l),2007-03-01,5,4,2,2,7,6,13
71401,PUERTO SUAREZ,desnutricion aguda,desnutricion leve (l),2007-03-01,16,13,4,5,20,18,38
31205,PUERTO VILLARROEL,desnutricion aguda,desnutricion leve (l),2007-03-01,107,107,90,109,197,216,413
51101,PUNA,desnutricion aguda,desnutricion leve (l),2007-03-01,106,93,126,114,232,207,439
31401,PUNATA,desnutricion aguda,desnutricion leve (l),2007-03-01,32,24,29,29,61,53,114
30901,QUILLACOLLO,desnutricion aguda,desnutricion leve (l),2007-03-01,70,78,60,64,130,142,272
21002,QUIME,desnutricion aguda,desnutricion leve (l),2007-03-01,6,4,4,2,10,6,16
70904,QUIRUSILLAS,desnutricion aguda,desnutricion leve (l),2007-03-01,1,3,1,6,2,9,11
50402,RAVELO,desnutricion aguda,desnutricion leve (l),2007-03-01,118,129,127,152,245,281,526
80301,REYES,desnutricion aguda,desnutricion leve (l),2007-03-01,15,20,12,18,27,38,65
80201,RIBERALTA,desnutricion aguda,desnutricion leve (l),2007-03-01,264,371,137,197,401,568,969
70503,ROBORE,desnutricion aguda,desnutricion leve (l),2007-03-01,28,27,23,22,51,49,100
80304,RURRENABAQUE,desnutricion aguda,desnutricion leve (l),2007-03-01,24,21,7,14,31,35,66
40901,SABAYA,desnutricion aguda,desnutricion leve (l),2007-03-01,4,6,6,5,10,11,21
31001,SACABA,desnutricion aguda,desnutricion leve (l),2007-03-01,102,94,76,101,178,195,373
30404,SACABAMBA,desnutricion aguda,desnutricion leve (l),2007-03-01,16,9,11,8,27,17,44
50701,SACACA,desnutricion aguda,desnutricion leve (l),2007-03-01,127,166,247,243,374,409,783
71302,SAIPINA,desnutricion aguda,desnutricion leve (l),2007-03-01,17,13,7,7,24,20,44
40801,SALINAS DE GARCI MENDOZA,desnutricion aguda,desnutricion leve (l),2007-03-01,12,14,18,15,30,29,59
70901,SAMAIPATA,desnutricion aguda,desnutricion leve (l),2007-03-01,10,9,9,9,19,18,37
51601,SAN AGUSTIN,desnutricion aguda,desnutricion leve (l),2007-03-01,3,3,4,7,7,10,17
80602,SAN ANDRES,desnutricion aguda,desnutricion leve (l),2007-03-01,15,8,13,13,28,21,49
51003,SAN ANTONIO DE ESMORUCO,desnutricion aguda,desnutricion leve (l),2007-03-01,2,5,1,3,3,8,11
71105,SAN ANTONIO DE LOMERIO,desnutricion aguda,desnutricion leve (l),2007-03-01,32,37,44,65,76,102,178
31403,SAN BENITO,desnutricion aguda,desnutricion leve (l),2007-03-01,8,15,15,16,23,31,54
80302,SAN BORJA,desnutricion aguda,desnutricion leve (l),2007-03-01,48,46,28,36,76,82,158
70402,SAN CARLOS,desnutricion aguda,desnutricion leve (l),2007-03-01,31,19,18,30,49,49,98
80501,SAN IGNACIO,desnutricion aguda,desnutricion leve (l),2007-03-01,23,30,24,34,47,64,111
70301,SAN IGNACIO DE VELASCO,desnutricion aguda,desnutricion leve (l),2007-03-01,141,154,141,145,282,299,581
80102,SAN JAVIER(BNI),desnutricion aguda,desnutricion leve (l),2007-03-01,2,2,4,2,6,4,10
80701,SAN JOAQUIN,desnutricion aguda,desnutricion leve (l),2007-03-01,5,5,3,4,8,9,17
70501,SAN JOSE DE CHIQUITOS,desnutricion aguda,desnutricion leve (l),2007-03-01,16,25,11,20,27,45,72
70404,SAN JUAN DE YAPACANI,desnutricion aguda,desnutricion leve (l),2007-03-01,13,16,15,13,28,29,57
71104,SAN JULIAN,desnutricion aguda,desnutricion leve (l),2007-03-01,28,39,45,65,73,104,177
90302,SAN LORENZO(PND),desnutricion aguda,desnutricion leve (l),2007-03-01,7,13,15,6,22,19,41
60501,SAN LORENZO(TJA),desnutricion aguda,desnutricion leve (l),2007-03-01,38,39,49,58,87,97,184
10702,SAN LUCAS,desnutricion aguda,desnutricion leve (l),2007-03-01,194,180,210,199,404,379,783
71201,SAN MATIAS,desnutricion aguda,desnutricion leve (l),2007-03-01,15,7,7,9,22,16,38
70302,SAN MIGUEL DE VELASCO,desnutricion aguda,desnutricion leve (l),2007-03-01,16,13,20,24,36,37,73
51001,SAN PABLO DE LIPEZ,desnutricion aguda,desnutricion leve (l),2007-03-01,5,5,12,6,17,11,28
71005,SAN PEDRO,desnutricion aguda,desnutricion leve (l),2007-03-01,19,31,24,42,43,73,116
50902,SAN PEDRO DE QUEMES,desnutricion aguda,desnutricion leve (l),2007-03-01,1,3,1,0,2,3,5
90202,SAN PEDRO(PND),desnutricion aguda,desnutricion leve (l),2007-03-01,2,1,1,3,3,4,7
70303,SAN RAFAEL,desnutricion aguda,desnutricion leve (l),2007-03-01,23,20,8,18,31,38,69
80702,SAN RAMON,desnutricion aguda,desnutricion leve (l),2007-03-01,5,7,2,3,7,10,17
80401,SANTA ANA,desnutricion aguda,desnutricion leve (l),2007-03-01,41,63,13,30,54,93,147
70101,SANTA CRUZ DE LA SIERRA,desnutricion aguda,desnutricion leve (l),2007-03-01,627,590,344,501,971,1091,2062
80303,SANTA ROSA,desnutricion aguda,desnutricion leve (l),2007-03-01,11,8,4,1,15,9,24
70602,SANTA ROSA DEL SARA,desnutricion aguda,desnutricion leve (l),2007-03-01,14,12,25,28,39,40,79
41401,SANTIAGO DE HUARI,desnutricion aguda,desnutricion leve (l),2007-03-01,11,8,34,14,45,22,67
30702,SANTIVAÑES,desnutricion aguda,desnutricion leve (l),2007-03-01,14,7,18,13,32,20,52
40202,SANTUARIO DE QUILLACAS,desnutricion aguda,desnutricion leve (l),2007-03-01,2,2,5,1,7,3,10
90303,SENA,desnutricion aguda,desnutricion leve (l),2007-03-01,3,4,4,0,7,4,11
30703,SICAYA,desnutricion aguda,desnutricion leve (l),2007-03-01,17,13,11,10,28,23,51
30902,SIPE SIPE,desnutricion aguda,desnutricion leve (l),2007-03-01,74,65,55,50,129,115,244
10403,SOPACHUY,desnutricion aguda,desnutricion leve (l),2007-03-01,31,39,63,64,94,103,197
40104,SORACACHI,desnutricion aguda,desnutricion leve (l),2007-03-01,17,16,12,15,29,31,60
10101,SUCRE,desnutricion aguda,desnutricion leve (l),2007-03-01,355,336,364,433,719,769,1488
31404,TACACHI,desnutricion aguda,desnutricion leve (l),2007-03-01,1,0,0,3,1,3,4
50303,TACOBAMBA,desnutricion aguda,desnutricion leve (l),2007-03-01,14,24,17,19,31,43,74
30602,TACOPAYA,desnutricion aguda,desnutricion leve (l),2007-03-01,31,49,50,81,81,130,211
51402,TAHUA,desnutricion aguda,desnutricion leve (l),2007-03-01,1,1,2,0,3,1,4
31101,TAPACARI,desnutricion aguda,desnutricion leve (l),2007-03-01,92,95,101,58,193,153,346
10601,TARABUCO,desnutricion aguda,desnutricion leve (l),2007-03-01,136,112,180,197,316,309,625
30401,TARATA,desnutricion aguda,desnutricion leve (l),2007-03-01,9,9,7,6,16,15,31
60101,TARIJA,desnutricion aguda,desnutricion leve (l),2007-03-01,218,175,183,191,401,366,767
10202,TARVITA,desnutricion aguda,desnutricion leve (l),2007-03-01,62,68,157,188,219,256,475
50102,TINGUIPAYA,desnutricion aguda,desnutricion leve (l),2007-03-01,61,76,81,91,142,167,309
30903,TIQUIPAYA,desnutricion aguda,desnutricion leve (l),2007-03-01,78,48,42,50,120,98,218
31601,TIRAQUE (CBBA),desnutricion aguda,desnutricion leve (l),2007-03-01,83,89,73,75,156,164,320
30802,TOCO,desnutricion aguda,desnutricion leve (l),2007-03-01,10,8,9,5,19,13,32
30803,TOLATA,desnutricion aguda,desnutricion leve (l),2007-03-01,8,7,7,10,15,17,32
41001,TOLEDO,desnutricion aguda,desnutricion leve (l),2007-03-01,9,8,9,8,18,16,34
51202,TOMAVE,desnutricion aguda,desnutricion leve (l),2007-03-01,34,12,43,12,77,24,101
10402,TOMINA,desnutricion aguda,desnutricion leve (l),2007-03-01,60,48,84,95,144,143,287
50502,TORO TORO,desnutricion aguda,desnutricion leve (l),2007-03-01,46,41,51,50,97,91,188
31201,TOTORA(CBBA),desnutricion aguda,desnutricion leve (l),2007-03-01,33,21,24,18,57,39,96
41301,TOTORA(ORR),desnutricion aguda,desnutricion leve (l),2007-03-01,4,5,4,4,8,9,17
70802,TRIGAL,desnutricion aguda,desnutricion leve (l),2007-03-01,1,1,2,3,3,4,7
80101,TRINIDAD,desnutricion aguda,desnutricion leve (l),2007-03-01,115,110,79,76,194,186,380
50801,TUPIZA,desnutricion aguda,desnutricion leve (l),2007-03-01,64,57,79,103,143,160,303
40402,TURCO,desnutricion aguda,desnutricion leve (l),2007-03-01,5,4,5,3,10,7,17
50201,UNCIA,desnutricion aguda,desnutricion leve (l),2007-03-01,36,35,44,34,80,69,149
60401,URIONDO (A. CONCEPCION),desnutricion aguda,desnutricion leve (l),2007-03-01,35,31,23,37,58,68,126
51201,UYUNI,desnutricion aguda,desnutricion leve (l),2007-03-01,21,25,24,29,45,54,99
30502,VACAS,desnutricion aguda,desnutricion leve (l),2007-03-01,21,26,11,12,32,38,70
70801,VALLEGRANDE,desnutricion aguda,desnutricion leve (l),2007-03-01,15,19,13,25,28,44,72
31302,VILA VILA,desnutricion aguda,desnutricion leve (l),2007-03-01,6,9,4,5,10,14,24
60303,VILLA MONTES,desnutricion aguda,desnutricion leve (l),2007-03-01,35,32,31,23,66,55,121
90502,VILLA NUEVA (LOMA ALTA),desnutricion aguda,desnutricion leve (l),2007-03-01,0,3,0,2,0,5,5
31402,VILLA RIVERO,desnutricion aguda,desnutricion leve (l),2007-03-01,11,10,10,15,21,25,46
10801,VILLA SERRANO,desnutricion aguda,desnutricion leve (l),2007-03-01,45,44,81,90,126,134,260
31003,VILLA TUNARI,desnutricion aguda,desnutricion leve (l),2007-03-01,93,86,58,90,151,176,327
11001,VILLA VACA GUZMAN (MUYUPAMPA),desnutricion aguda,desnutricion leve (l),2007-03-01,17,24,20,40,37,64,101
51501,VILLAZON,desnutricion aguda,desnutricion leve (l),2007-03-01,82,73,61,74,143,147,290
30904,VINTO,desnutricion aguda,desnutricion leve (l),2007-03-01,17,11,10,5,27,16,43
50602,VITICHI,desnutricion aguda,desnutricion leve (l),2007-03-01,33,20,51,23,84,43,127
70201,WARNES,desnutricion aguda,desnutricion leve (l),2007-03-01,49,33,28,37,77,70,147
60301,YACUIBA,desnutricion aguda,desnutricion leve (l),2007-03-01,44,42,40,42,84,84,168
10602,YAMPARAEZ,desnutricion aguda,desnutricion leve (l),2007-03-01,46,39,96,106,142,145,287
70403,YAPACANI,desnutricion aguda,desnutricion leve (l),2007-03-01,77,55,44,45,121,100,221
50103,YOCALLA,desnutricion aguda,desnutricion leve (l),2007-03-01,8,4,8,9,16,13,29
10102,YOTALA,desnutricion aguda,desnutricion leve (l),2007-03-01,31,18,36,45,67,63,130
60402,YUNCHARA,desnutricion aguda,desnutricion leve (l),2007-03-01,11,10,32,33,43,43,86
10301,ZUDAÑEZ,desnutricion aguda,desnutricion leve (l),2007-03-01,34,32,36,67,70,99,169
51302,ACACIO,desnutricion aguda,desnutricion leve (l),2007-04-01,39,38,28,44,67,82,149
30201,AIQUILE,desnutricion aguda,desnutricion leve (l),2007-04-01,21,28,17,26,38,54,92
31303,ALALAY,desnutricion aguda,desnutricion leve (l),2007-04-01,13,12,11,26,24,38,62
10404,ALCALA,desnutricion aguda,desnutricion leve (l),2007-04-01,16,16,31,35,47,51,98
41201,ANDAMARCA,desnutricion aguda,desnutricion leve (l),2007-04-01,2,2,4,3,6,5,11
40603,ANTEQUERA,desnutricion aguda,desnutricion leve (l),2007-04-01,4,6,14,17,18,23,41
30402,ANZALDO,desnutricion aguda,desnutricion leve (l),2007-04-01,12,7,23,16,35,23,58
51301,ARAMPAMPA,desnutricion aguda,desnutricion leve (l),2007-04-01,25,18,31,31,56,49,105
30501,ARANI,desnutricion aguda,desnutricion leve (l),2007-04-01,2,1,1,4,3,5,8
30403,ARBIETO,desnutricion aguda,desnutricion leve (l),2007-04-01,8,5,16,9,24,14,38
30601,ARQUE,desnutricion aguda,desnutricion leve (l),2007-04-01,28,22,27,31,55,53,108
71501,ASCENCION DE GUARAYOS,desnutricion aguda,desnutricion leve (l),2007-04-01,68,71,88,123,156,194,350
50802,ATOCHA,desnutricion aguda,desnutricion leve (l),2007-04-01,21,24,27,26,48,50,98
30301,AYOPAYA (V. DE INDEPENDENCIA),desnutricion aguda,desnutricion leve (l),2007-04-01,41,42,50,70,91,112,203
10201,AZURDUY,desnutricion aguda,desnutricion leve (l),2007-04-01,44,63,113,118,157,181,338
80802,BAURES,desnutricion aguda,desnutricion leve (l),2007-04-01,13,6,11,11,24,17,41
41202,BELEN DE ANDAMARCA,desnutricion aguda,desnutricion leve (l),2007-04-01,0,1,0,0,0,1,1
50104,BELEN DE URMIRI,desnutricion aguda,desnutricion leve (l),2007-04-01,3,3,4,4,7,7,14
90104,BELLA FLOR,desnutricion aguda,desnutricion leve (l),2007-04-01,8,5,2,3,10,8,18
60202,BERMEJO,desnutricion aguda,desnutricion leve (l),2007-04-01,1,0,3,2,4,2,6
50301,BETANZOS,desnutricion aguda,desnutricion leve (l),2007-04-01,51,90,111,136,162,226,388
31501,BOLIVAR,desnutricion aguda,desnutricion leve (l),2007-04-01,28,32,19,21,47,53,100
90103,BOLPEBRA,desnutricion aguda,desnutricion leve (l),2007-04-01,2,2,2,10,4,12,16
70707,BOYUIBE,desnutricion aguda,desnutricion leve (l),2007-04-01,6,7,6,5,12,12,24
70401,BUENA VISTA,desnutricion aguda,desnutricion leve (l),2007-04-01,7,7,1,4,8,11,19
70703,CABEZAS,desnutricion aguda,desnutricion leve (l),2007-04-01,31,20,29,31,60,51,111
51102,"CAIZA ""D""",desnutricion aguda,desnutricion leve (l),2007-04-01,18,13,17,20,35,33,68
21003,CAJUATA,desnutricion aguda,desnutricion leve (l),2007-04-01,10,19,10,7,20,26,46
10701,CAMARGO,desnutricion aguda,desnutricion leve (l),2007-04-01,45,66,60,88,105,154,259
10901,CAMATAQUI (C. VILLA ABECIA),desnutricion aguda,desnutricion leve (l),2007-04-01,18,8,10,18,28,26,54
70706,CAMIRI,desnutricion aguda,desnutricion leve (l),2007-04-01,52,74,62,57,114,131,245
30701,CAPINOTA,desnutricion aguda,desnutricion leve (l),2007-04-01,59,45,33,27,92,72,164
40102,CARACOLLO,desnutricion aguda,desnutricion leve (l),2007-04-01,11,15,11,9,22,24,46
41503,CARANGAS,desnutricion aguda,desnutricion leve (l),2007-04-01,0,1,0,2,0,3,3
60302,CARAPARI,desnutricion aguda,desnutricion leve (l),2007-04-01,11,8,15,15,26,23,49
50702,CARIPUYO,desnutricion aguda,desnutricion leve (l),2007-04-01,43,23,52,52,95,75,170
71403,CARMEN RIVERO TORREZ,desnutricion aguda,desnutricion leve (l),2007-04-01,0,0,2,2,2,2,4
40201,CHALLAPATA,desnutricion aguda,desnutricion leve (l),2007-04-01,38,62,34,34,72,96,168
50302,CHAQUI,desnutricion aguda,desnutricion leve (l),2007-04-01,14,22,29,27,43,49,92
70702,CHARAGUA,desnutricion aguda,desnutricion leve (l),2007-04-01,26,26,28,42,54,68,122
50202,CHAYANTA,desnutricion aguda,desnutricion leve (l),2007-04-01,21,25,31,43,52,68,120
31204,CHIMORE,desnutricion aguda,desnutricion leve (l),2007-04-01,20,12,28,10,48,22,70
40903,CHIPAYA,desnutricion aguda,desnutricion leve (l),2007-04-01,2,3,2,5,4,8,12
40302,CHOQUE COTA,desnutricion aguda,desnutricion leve (l),2007-04-01,2,3,3,3,5,6,11
90101,COBIJA,desnutricion aguda,desnutricion leve (l),2007-04-01,58,45,55,61,113,106,219
30101,COCHABAMBA,desnutricion aguda,desnutricion leve (l),2007-04-01,373,301,269,253,642,554,1196
40902,COIPASA,desnutricion aguda,desnutricion leve (l),2007-04-01,0,1,0,0,0,1,1
30905,COLCAPIRHUA,desnutricion aguda,desnutricion leve (l),2007-04-01,20,26,20,28,40,54,94
50901,"COLCHA ""K""",desnutricion aguda,desnutricion leve (l),2007-04-01,24,19,12,16,36,35,71
31002,COLOMI,desnutricion aguda,desnutricion leve (l),2007-04-01,81,54,44,54,125,108,233
70603,COLPA BELGICA,desnutricion aguda,desnutricion leve (l),2007-04-01,5,8,7,7,12,15,27
50401,COLQUECHACA,desnutricion aguda,desnutricion leve (l),2007-04-01,73,70,72,77,145,147,292
21004,COLQUIRI,desnutricion aguda,desnutricion leve (l),2007-04-01,12,14,4,9,16,23,39
71301,COMARAPA,desnutricion aguda,desnutricion leve (l),2007-04-01,16,11,14,17,30,28,58
71101,CONCEPCION,desnutricion aguda,desnutricion leve (l),2007-04-01,24,33,14,13,38,46,84
40301,CORQUE,desnutricion aguda,desnutricion leve (l),2007-04-01,6,7,13,7,19,14,33
50601,COTAGAITA,desnutricion aguda,desnutricion leve (l),2007-04-01,61,52,79,124,140,176,316
70102,COTOCA,desnutricion aguda,desnutricion leve (l),2007-04-01,69,74,61,68,130,142,272
71106,CUATRO CAÑADAS,desnutricion aguda,desnutricion leve (l),2007-04-01,9,10,1,9,10,19,29
31405,CUCHUMUELA (V. G. VILLARROEL),desnutricion aguda,desnutricion leve (l),2007-04-01,0,0,3,2,3,2,5
70704,CUEVO,desnutricion aguda,desnutricion leve (l),2007-04-01,1,7,6,3,7,10,17
10902,CULPINA,desnutricion aguda,desnutricion leve (l),2007-04-01,87,90,110,132,197,222,419
40401,CURAHUARA DE CARANGAS,desnutricion aguda,desnutricion leve (l),2007-04-01,1,2,4,0,5,2,7
40103,EL CHORO,desnutricion aguda,desnutricion leve (l),2007-04-01,5,1,5,4,10,5,15
71503,EL PUENTE(STC),desnutricion aguda,desnutricion leve (l),2007-04-01,11,21,12,9,23,30,53
60502,EL PUENTE(TJA),desnutricion aguda,desnutricion leve (l),2007-04-01,11,15,16,22,27,37,64
70105,EL TORNO,desnutricion aguda,desnutricion leve (l),2007-04-01,25,20,10,16,35,36,71
10405,EL VILLAR,desnutricion aguda,desnutricion leve (l),2007-04-01,10,19,26,35,36,54,90
60601,ENTRE RIOS,desnutricion aguda,desnutricion leve (l),2007-04-01,17,18,15,26,32,44,76
60601,ENTRE RIOS,desnutricion aguda,desnutricion leve (l),2007-04-01,72,51,64,50,136,101,237
40502,ESCARA,desnutricion aguda,desnutricion leve (l),2007-04-01,1,0,1,0,2,0,2
41101,EUCALIPTUS,desnutricion aguda,desnutricion leve (l),2007-04-01,1,4,0,0,1,4,5
90503,EUREKA (SANTOS MERCADO),desnutricion aguda,desnutricion leve (l),2007-04-01,1,1,0,1,1,2,3
80402,EXALTACION,desnutricion aguda,desnutricion leve (l),2007-04-01,7,1,3,8,10,9,19
71004,FERNANDEZ ALONSO,desnutricion aguda,desnutricion leve (l),2007-04-01,10,9,10,6,20,15,35
90203,FILADELFIA,desnutricion aguda,desnutricion leve (l),2007-04-01,5,2,3,3,8,5,13
71002,GENERAL SAAVEDRA,desnutricion aguda,desnutricion leve (l),2007-04-01,16,14,7,9,23,23,46
80202,GUAYARAMERIN,desnutricion aguda,desnutricion leve (l),2007-04-01,43,48,40,43,83,91,174
70705,GUTIERREZ,desnutricion aguda,desnutricion leve (l),2007-04-01,34,34,58,54,92,88,180
10502,HUACARETA,desnutricion aguda,desnutricion leve (l),2007-04-01,27,20,21,33,48,53,101
11002,HUACAYA (VILLA DE HUACAYA),desnutricion aguda,desnutricion leve (l),2007-04-01,4,6,5,5,9,11,20
40501,HUACHACALLA,desnutricion aguda,desnutricion leve (l),2007-04-01,0,0,1,1,1,1,2
40701,HUANUNI,desnutricion aguda,desnutricion leve (l),2007-04-01,10,4,4,4,14,8,22
80803,HUARACAJE,desnutricion aguda,desnutricion leve (l),2007-04-01,7,7,11,6,18,13,31
41601,HUAYLLAMARCA,desnutricion aguda,desnutricion leve (l),2007-04-01,2,1,1,2,3,3,6
21005,ICHOCA,desnutricion aguda,desnutricion leve (l),2007-04-01,11,9,1,4,12,13,25
10304,ICLA,desnutricion aguda,desnutricion leve (l),2007-04-01,51,55,81,109,132,164,296
10703,INCAHUASI,desnutricion aguda,desnutricion leve (l),2007-04-01,122,134,138,132,260,266,526
90402,INGAVI (HUMAITA),desnutricion aguda,desnutricion leve (l),2007-04-01,2,3,3,3,5,6,11
21001,INQUISIVI,desnutricion aguda,desnutricion leve (l),2007-04-01,22,27,21,14,43,41,84
70104,LA GUARDIA,desnutricion aguda,desnutricion leve (l),2007-04-01,51,66,45,49,96,115,211
70701,LAGUNILLAS,desnutricion aguda,desnutricion leve (l),2007-04-01,12,10,20,17,32,27,59
10903,LAS CARRERAS,desnutricion aguda,desnutricion leve (l),2007-04-01,3,2,14,22,17,24,41
50203,LLALLAGUA,desnutricion aguda,desnutricion leve (l),2007-04-01,59,51,53,56,112,107,219
51401,LLICA,desnutricion aguda,desnutricion leve (l),2007-04-01,4,7,3,1,7,8,15
80601,LORETO,desnutricion aguda,desnutricion leve (l),2007-04-01,8,4,5,14,13,18,31
40702,MACHACAMARCA,desnutricion aguda,desnutricion leve (l),2007-04-01,1,3,2,0,3,3,6
11003,MACHARETI,desnutricion aguda,desnutricion leve (l),2007-04-01,19,16,23,24,42,40,82
80801,MAGDALENA,desnutricion aguda,desnutricion leve (l),2007-04-01,10,17,5,7,15,24,39
70903,MAIRANA,desnutricion aguda,desnutricion leve (l),2007-04-01,4,2,9,9,13,11,24
71003,MINEROS,desnutricion aguda,desnutricion leve (l),2007-04-01,18,20,10,14,28,34,62
31301,MIZQUE,desnutricion aguda,desnutricion leve (l),2007-04-01,71,59,38,43,109,102,211
51002,MOJINETE,desnutricion aguda,desnutricion leve (l),2007-04-01,1,1,1,0,2,1,3
10303,MOJOCOYA,desnutricion aguda,desnutricion leve (l),2007-04-01,27,29,36,30,63,59,122
10501,MONTEAGUDO,desnutricion aguda,desnutricion leve (l),2007-04-01,49,65,99,114,148,179,327
71001,MONTERO,desnutricion aguda,desnutricion leve (l),2007-04-01,179,132,117,106,296,238,534
70803,MORO MORO,desnutricion aguda,desnutricion leve (l),2007-04-01,9,5,1,4,10,9,19
30302,MOROCHATA,desnutricion aguda,desnutricion leve (l),2007-04-01,62,49,60,57,122,106,228
90401,NACEBE (SANTA ROSA DEL ABUNA),desnutricion aguda,desnutricion leve (l),2007-04-01,2,2,5,7,7,9,16
90501,NUEVO MANOA (NUEVA ESPERANZA),desnutricion aguda,desnutricion leve (l),2007-04-01,2,4,2,1,4,5,9
50404,OCURI,desnutricion aguda,desnutricion leve (l),2007-04-01,37,52,49,32,86,84,170
70202,OKINAWA,desnutricion aguda,desnutricion leve (l),2007-04-01,13,24,10,14,23,38,61
30203,OMEREQUE,desnutricion aguda,desnutricion leve (l),2007-04-01,3,5,5,6,8,11,19
40101,ORURO,desnutricion aguda,desnutricion leve (l),2007-04-01,194,168,130,121,324,289,613
60201,PADCAYA,desnutricion aguda,desnutricion leve (l),2007-04-01,7,17,12,14,19,31,50
10401,PADILLA,desnutricion aguda,desnutricion leve (l),2007-04-01,39,17,57,104,96,121,217
70502,PAILON,desnutricion aguda,desnutricion leve (l),2007-04-01,17,27,9,18,26,45,71
40802,PAMPA AULLAGAS,desnutricion aguda,desnutricion leve (l),2007-04-01,5,6,9,4,14,10,24
70902,PAMPA GRANDE,desnutricion aguda,desnutricion leve (l),2007-04-01,0,4,7,5,7,9,16
30202,PASORAPA,desnutricion aguda,desnutricion leve (l),2007-04-01,5,5,9,11,14,16,30
40602,PAZÑA,desnutricion aguda,desnutricion leve (l),2007-04-01,3,1,4,2,7,3,10
50403,POCOATA,desnutricion aguda,desnutricion leve (l),2007-04-01,53,65,46,74,99,139,238
31203,POCONA,desnutricion aguda,desnutricion leve (l),2007-04-01,21,13,23,18,44,31,75
31202,POJO (CBBA),desnutricion aguda,desnutricion leve (l),2007-04-01,13,12,8,7,21,19,40
40601,POOPO,desnutricion aguda,desnutricion leve (l),2007-04-01,13,4,9,7,22,11,33
51203,PORCO,desnutricion aguda,desnutricion leve (l),2007-04-01,28,28,12,19,40,47,87
10103,POROMA,desnutricion aguda,desnutricion leve (l),2007-04-01,75,87,107,112,182,199,381
70103,PORONGO,desnutricion aguda,desnutricion leve (l),2007-04-01,7,7,4,1,11,8,19
70601,PORTACHUELO,desnutricion aguda,desnutricion leve (l),2007-04-01,18,11,16,15,34,26,60
90102,PORVENIR,desnutricion aguda,desnutricion leve (l),2007-04-01,10,7,3,17,13,24,37
70804,POSTRER VALLE,desnutricion aguda,desnutricion leve (l),2007-04-01,3,4,1,3,4,7,11
50101,POTOSI,desnutricion aguda,desnutricion leve (l),2007-04-01,247,249,168,189,415,438,853
10302,PRESTO,desnutricion aguda,desnutricion leve (l),2007-04-01,45,32,49,52,94,84,178
70805,PUCARA,desnutricion aguda,desnutricion leve (l),2007-04-01,3,4,4,0,7,4,11
90301,PUERTO GONZALO MORENO,desnutricion aguda,desnutricion leve (l),2007-04-01,8,11,6,6,14,17,31
71402,PUERTO QUIJARRO,desnutricion aguda,desnutricion leve (l),2007-04-01,10,11,3,1,13,12,25
90201,PUERTO RICO,desnutricion aguda,desnutricion leve (l),2007-04-01,5,3,5,7,10,10,20
80703,PUERTO SILES,desnutricion aguda,desnutricion leve (l),2007-04-01,3,4,6,1,9,5,14
71401,PUERTO SUAREZ,desnutricion aguda,desnutricion leve (l),2007-04-01,10,11,0,10,10,21,31
31205,PUERTO VILLARROEL,desnutricion aguda,desnutricion leve (l),2007-04-01,117,118,103,88,220,206,426
51101,PUNA,desnutricion aguda,desnutricion leve (l),2007-04-01,52,50,79,95,131,145,276
31401,PUNATA,desnutricion aguda,desnutricion leve (l),2007-04-01,16,23,20,21,36,44,80
30901,QUILLACOLLO,desnutricion aguda,desnutricion leve (l),2007-04-01,62,52,47,43,109,95,204
21002,QUIME,desnutricion aguda,desnutricion leve (l),2007-04-01,11,4,6,2,17,6,23
70904,QUIRUSILLAS,desnutricion aguda,desnutricion leve (l),2007-04-01,1,1,0,0,1,1,2
50402,RAVELO,desnutricion aguda,desnutricion leve (l),2007-04-01,67,76,105,93,172,169,341
80301,REYES,desnutricion aguda,desnutricion leve (l),2007-04-01,14,15,18,13,32,28,60
80201,RIBERALTA,desnutricion aguda,desnutricion leve (l),2007-04-01,206,226,88,90,294,316,610
70503,ROBORE,desnutricion aguda,desnutricion leve (l),2007-04-01,25,29,13,24,38,53,91
80304,RURRENABAQUE,desnutricion aguda,desnutricion leve (l),2007-04-01,13,13,6,6,19,19,38
40901,SABAYA,desnutricion aguda,desnutricion leve (l),2007-04-01,2,7,3,4,5,11,16
31001,SACABA,desnutricion aguda,desnutricion leve (l),2007-04-01,110,89,67,83,177,172,349
30404,SACABAMBA,desnutricion aguda,desnutricion leve (l),2007-04-01,7,6,1,4,8,10,18
50701,SACACA,desnutricion aguda,desnutricion leve (l),2007-04-01,105,116,195,178,300,294,594
71302,SAIPINA,desnutricion aguda,desnutricion leve (l),2007-04-01,3,3,2,3,5,6,11
40801,SALINAS DE GARCI MENDOZA,desnutricion aguda,desnutricion leve (l),2007-04-01,6,12,7,8,13,20,33
70901,SAMAIPATA,desnutricion aguda,desnutricion leve (l),2007-04-01,6,10,5,6,11,16,27
51601,SAN AGUSTIN,desnutricion aguda,desnutricion leve (l),2007-04-01,3,3,3,6,6,9,15
80602,SAN ANDRES,desnutricion aguda,desnutricion leve (l),2007-04-01,16,15,8,22,24,37,61
51003,SAN ANTONIO DE ESMORUCO,desnutricion aguda,desnutricion leve (l),2007-04-01,3,3,1,1,4,4,8
71105,SAN ANTONIO DE LOMERIO,desnutricion aguda,desnutricion leve (l),2007-04-01,32,42,43,44,75,86,161
31403,SAN BENITO,desnutricion aguda,desnutricion leve (l),2007-04-01,16,13,18,14,34,27,61
80302,SAN BORJA,desnutricion aguda,desnutricion leve (l),2007-04-01,34,48,24,36,58,84,142
70402,SAN CARLOS,desnutricion aguda,desnutricion leve (l),2007-04-01,37,37,16,29,53,66,119
80501,SAN IGNACIO,desnutricion aguda,desnutricion leve (l),2007-04-01,49,49,34,46,83,95,178
70301,SAN IGNACIO DE VELASCO,desnutricion aguda,desnutricion leve (l),2007-04-01,84,125,77,86,161,211,372
80102,SAN JAVIER(BNI),desnutricion aguda,desnutricion leve (l),2007-04-01,4,3,2,8,6,11,17
80701,SAN JOAQUIN,desnutricion aguda,desnutricion leve (l),2007-04-01,0,2,8,6,8,8,16
70501,SAN JOSE DE CHIQUITOS,desnutricion aguda,desnutricion leve (l),2007-04-01,12,19,5,9,17,28,45
70404,SAN JUAN DE YAPACANI,desnutricion aguda,desnutricion leve (l),2007-04-01,14,15,5,9,19,24,43
71104,SAN JULIAN,desnutricion aguda,desnutricion leve (l),2007-04-01,14,13,12,13,26,26,52
90302,SAN LORENZO(PND),desnutricion aguda,desnutricion leve (l),2007-04-01,3,7,0,6,3,13,16
60501,SAN LORENZO(TJA),desnutricion aguda,desnutricion leve (l),2007-04-01,27,24,58,54,85,78,163
10702,SAN LUCAS,desnutricion aguda,desnutricion leve (l),2007-04-01,207,192,234,244,441,436,877
71201,SAN MATIAS,desnutricion aguda,desnutricion leve (l),2007-04-01,6,3,8,5,14,8,22
70302,SAN MIGUEL DE VELASCO,desnutricion aguda,desnutricion leve (l),2007-04-01,22,12,12,23,34,35,69
51001,SAN PABLO DE LIPEZ,desnutricion aguda,desnutricion leve (l),2007-04-01,14,7,4,8,18,15,33
71005,SAN PEDRO,desnutricion aguda,desnutricion leve (l),2007-04-01,28,16,18,20,46,36,82
50501,SAN PEDRO DE BUENA VISTA,desnutricion aguda,desnutricion leve (l),2007-04-01,2,4,2,3,4,7,11
50902,SAN PEDRO DE QUEMES,desnutricion aguda,desnutricion leve (l),2007-04-01,0,1,0,0,0,1,1
90202,SAN PEDRO(PND),desnutricion aguda,desnutricion leve (l),2007-04-01,3,1,3,2,6,3,9
70303,SAN RAFAEL,desnutricion aguda,desnutricion leve (l),2007-04-01,14,15,9,13,23,28,51
80702,SAN RAMON,desnutricion aguda,desnutricion leve (l),2007-04-01,6,9,5,0,11,9,20
80401,SANTA ANA,desnutricion aguda,desnutricion leve (l),2007-04-01,17,18,10,8,27,26,53
70101,SANTA CRUZ DE LA SIERRA,desnutricion aguda,desnutricion leve (l),2007-04-01,486,508,249,276,735,784,1519
80303,SANTA ROSA,desnutricion aguda,desnutricion leve (l),2007-04-01,2,8,1,1,3,9,12
70602,SANTA ROSA DEL SARA,desnutricion aguda,desnutricion leve (l),2007-04-01,22,24,17,17,39,41,80
41401,SANTIAGO DE HUARI,desnutricion aguda,desnutricion leve (l),2007-04-01,12,11,15,13,27,24,51
30702,SANTIVAÑES,desnutricion aguda,desnutricion leve (l),2007-04-01,8,12,17,15,25,27,52
40202,SANTUARIO DE QUILLACAS,desnutricion aguda,desnutricion leve (l),2007-04-01,1,3,1,0,2,3,5
90303,SENA,desnutricion aguda,desnutricion leve (l),2007-04-01,0,0,1,0,1,0,1
30703,SICAYA,desnutricion aguda,desnutricion leve (l),2007-04-01,6,6,3,1,9,7,16
30902,SIPE SIPE,desnutricion aguda,desnutricion leve (l),2007-04-01,67,71,57,50,124,121,245
10403,SOPACHUY,desnutricion aguda,desnutricion leve (l),2007-04-01,22,26,55,83,77,109,186
40104,SORACACHI,desnutricion aguda,desnutricion leve (l),2007-04-01,10,13,20,11,30,24,54
10101,SUCRE,desnutricion aguda,desnutricion leve (l),2007-04-01,298,263,305,290,603,553,1156
31404,TACACHI,desnutricion aguda,desnutricion leve (l),2007-04-01,2,1,2,1,4,2,6
50303,TACOBAMBA,desnutricion aguda,desnutricion leve (l),2007-04-01,45,41,43,52,88,93,181
30602,TACOPAYA,desnutricion aguda,desnutricion leve (l),2007-04-01,23,20,37,44,60,64,124
51402,TAHUA,desnutricion aguda,desnutricion leve (l),2007-04-01,0,1,2,0,2,1,3
31101,TAPACARI,desnutricion aguda,desnutricion leve (l),2007-04-01,84,70,74,72,158,142,300
10601,TARABUCO,desnutricion aguda,desnutricion leve (l),2007-04-01,114,101,166,233,280,334,614
30401,TARATA,desnutricion aguda,desnutricion leve (l),2007-04-01,1,2,2,2,3,4,7
60101,TARIJA,desnutricion aguda,desnutricion leve (l),2007-04-01,131,124,138,128,269,252,521
10202,TARVITA,desnutricion aguda,desnutricion leve (l),2007-04-01,43,59,100,108,143,167,310
50102,TINGUIPAYA,desnutricion aguda,desnutricion leve (l),2007-04-01,77,53,81,91,158,144,302
30903,TIQUIPAYA,desnutricion aguda,desnutricion leve (l),2007-04-01,42,35,36,61,78,96,174
31601,TIRAQUE (CBBA),desnutricion aguda,desnutricion leve (l),2007-04-01,57,40,44,46,101,86,187
30802,TOCO,desnutricion aguda,desnutricion leve (l),2007-04-01,2,1,3,1,5,2,7
41502,TODOS SANTOS,desnutricion aguda,desnutricion leve (l),2007-04-01,0,3,0,1,0,4,4
30803,TOLATA,desnutricion aguda,desnutricion leve (l),2007-04-01,2,2,2,1,4,3,7
41001,TOLEDO,desnutricion aguda,desnutricion leve (l),2007-04-01,2,11,9,8,11,19,30
51202,TOMAVE,desnutricion aguda,desnutricion leve (l),2007-04-01,21,19,38,17,59,36,95
10402,TOMINA,desnutricion aguda,desnutricion leve (l),2007-04-01,42,54,54,86,96,140,236
50502,TORO TORO,desnutricion aguda,desnutricion leve (l),2007-04-01,24,21,32,30,56,51,107
31201,TOTORA(CBBA),desnutricion aguda,desnutricion leve (l),2007-04-01,25,21,19,23,44,44,88
41301,TOTORA(ORR),desnutricion aguda,desnutricion leve (l),2007-04-01,4,2,3,1,7,3,10
70802,TRIGAL,desnutricion aguda,desnutricion leve (l),2007-04-01,3,1,3,1,6,2,8
80101,TRINIDAD,desnutricion aguda,desnutricion leve (l),2007-04-01,125,102,93,76,218,178,396
50801,TUPIZA,desnutricion aguda,desnutricion leve (l),2007-04-01,57,70,56,84,113,154,267
40402,TURCO,desnutricion aguda,desnutricion leve (l),2007-04-01,1,3,5,2,6,5,11
50201,UNCIA,desnutricion aguda,desnutricion leve (l),2007-04-01,17,12,20,17,37,29,66
60401,URIONDO (A. CONCEPCION),desnutricion aguda,desnutricion leve (l),2007-04-01,29,17,44,19,73,36,109
71502,URUBICHA,desnutricion aguda,desnutricion leve (l),2007-04-01,27,38,15,17,42,55,97
51201,UYUNI,desnutricion aguda,desnutricion leve (l),2007-04-01,3,8,3,3,6,11,17
30502,VACAS,desnutricion aguda,desnutricion leve (l),2007-04-01,28,19,22,24,50,43,93
70801,VALLEGRANDE,desnutricion aguda,desnutricion leve (l),2007-04-01,8,12,16,19,24,31,55
31302,VILA VILA,desnutricion aguda,desnutricion leve (l),2007-04-01,17,15,10,21,27,36,63
60303,VILLA MONTES,desnutricion aguda,desnutricion leve (l),2007-04-01,30,35,18,27,48,62,110
90502,VILLA NUEVA (LOMA ALTA),desnutricion aguda,desnutricion leve (l),2007-04-01,4,13,12,10,16,23,39
31402,VILLA RIVERO,desnutricion aguda,desnutricion leve (l),2007-04-01,4,8,13,4,17,12,29
10801,VILLA SERRANO,desnutricion aguda,desnutricion leve (l),2007-04-01,52,47,71,100,123,147,270
31003,VILLA TUNARI,desnutricion aguda,desnutricion leve (l),2007-04-01,121,84,73,79,194,163,357
11001,VILLA VACA GUZMAN (MUYUPAMPA),desnutricion aguda,desnutricion leve (l),2007-04-01,12,14,13,26,25,40,65
51501,VILLAZON,desnutricion aguda,desnutricion leve (l),2007-04-01,68,60,72,67,140,127,267
30904,VINTO,desnutricion aguda,desnutricion leve (l),2007-04-01,12,10,5,13,17,23,40
50602,VITICHI,desnutricion aguda,desnutricion leve (l),2007-04-01,34,25,45,43,79,68,147
70201,WARNES,desnutricion aguda,desnutricion leve (l),2007-04-01,37,37,20,24,57,61,118
60301,YACUIBA,desnutricion aguda,desnutricion leve (l),2007-04-01,44,55,43,44,87,99,186
10602,YAMPARAEZ,desnutricion aguda,desnutricion leve (l),2007-04-01,55,37,98,95,153,132,285
70403,YAPACANI,desnutricion aguda,desnutricion leve (l),2007-04-01,66,64,42,54,108,118,226
50103,YOCALLA,desnutricion aguda,desnutricion leve (l),2007-04-01,8,8,6,3,14,11,25
10102,YOTALA,desnutricion aguda,desnutricion leve (l),2007-04-01,21,24,50,48,71,72,143
60402,YUNCHARA,desnutricion aguda,desnutricion leve (l),2007-04-01,22,13,47,36,69,49,118
10301,ZUDAÑEZ,desnutricion aguda,desnutricion leve (l),2007-04-01,32,32,39,63,71,95,166
51302,ACACIO,desnutricion aguda,desnutricion leve (l),2007-05-01,21,25,32,27,53,52,105
30201,AIQUILE,desnutricion aguda,desnutricion leve (l),2007-05-01,70,47,42,73,112,120,232
31303,ALALAY,desnutricion aguda,desnutricion leve (l),2007-05-01,16,8,14,11,30,19,49
10404,ALCALA,desnutricion aguda,desnutricion leve (l),2007-05-01,22,19,32,35,54,54,108
41201,ANDAMARCA,desnutricion aguda,desnutricion leve (l),2007-05-01,1,0,1,5,2,5,7
40603,ANTEQUERA,desnutricion aguda,desnutricion leve (l),2007-05-01,2,1,1,1,3,2,5
30402,ANZALDO,desnutricion aguda,desnutricion leve (l),2007-05-01,14,12,20,19,34,31,65
51301,ARAMPAMPA,desnutricion aguda,desnutricion leve (l),2007-05-01,20,21,28,29,48,50,98
30501,ARANI,desnutricion aguda,desnutricion leve (l),2007-05-01,14,12,9,10,23,22,45
30403,ARBIETO,desnutricion aguda,desnutricion leve (l),2007-05-01,17,19,11,13,28,32,60
30601,ARQUE,desnutricion aguda,desnutricion leve (l),2007-05-01,37,36,46,46,83,82,165
71501,ASCENCION DE GUARAYOS,desnutricion aguda,desnutricion leve (l),2007-05-01,0,1,1,0,1,1,2
50802,ATOCHA,desnutricion aguda,desnutricion leve (l),2007-05-01,39,23,39,29,78,52,130
30301,AYOPAYA (V. DE INDEPENDENCIA),desnutricion aguda,desnutricion leve (l),2007-05-01,53,51,51,52,104,103,207
10201,AZURDUY,desnutricion aguda,desnutricion leve (l),2007-05-01,45,66,83,131,128,197,325
80802,BAURES,desnutricion aguda,desnutricion leve (l),2007-05-01,6,7,10,15,16,22,38
41202,BELEN DE ANDAMARCA,desnutricion aguda,desnutricion leve (l),2007-05-01,0,0,0,1,0,1,1
50104,BELEN DE URMIRI,desnutricion aguda,desnutricion leve (l),2007-05-01,0,3,5,3,5,6,11
90104,BELLA FLOR,desnutricion aguda,desnutricion leve (l),2007-05-01,8,8,12,11,20,19,39
60202,BERMEJO,desnutricion aguda,desnutricion leve (l),2007-05-01,4,5,12,9,16,14,30
50301,BETANZOS,desnutricion aguda,desnutricion leve (l),2007-05-01,70,81,113,129,183,210,393
31501,BOLIVAR,desnutricion aguda,desnutricion leve (l),2007-05-01,45,47,51,62,96,109,205
90103,BOLPEBRA,desnutricion aguda,desnutricion leve (l),2007-05-01,4,5,3,2,7,7,14
70707,BOYUIBE,desnutricion aguda,desnutricion leve (l),2007-05-01,1,5,7,4,8,9,17
70401,BUENA VISTA,desnutricion aguda,desnutricion leve (l),2007-05-01,3,10,9,9,12,19,31
70703,CABEZAS,desnutricion aguda,desnutricion leve (l),2007-05-01,28,28,25,34,53,62,115
51102,"CAIZA ""D""",desnutricion aguda,desnutricion leve (l),2007-05-01,17,15,17,17,34,32,66
21003,CAJUATA,desnutricion aguda,desnutricion leve (l),2007-05-01,8,11,9,3,17,14,31
10701,CAMARGO,desnutricion aguda,desnutricion leve (l),2007-05-01,67,66,74,99,141,165,306
10901,CAMATAQUI (C. VILLA ABECIA),desnutricion aguda,desnutricion leve (l),2007-05-01,16,12,15,15,31,27,58
70706,CAMIRI,desnutricion aguda,desnutricion leve (l),2007-05-01,37,59,34,45,71,104,175
30701,CAPINOTA,desnutricion aguda,desnutricion leve (l),2007-05-01,38,35,24,23,62,58,120
40102,CARACOLLO,desnutricion aguda,desnutricion leve (l),2007-05-01,17,13,15,19,32,32,64
41503,CARANGAS,desnutricion aguda,desnutricion leve (l),2007-05-01,0,3,1,0,1,3,4
60302,CARAPARI,desnutricion aguda,desnutricion leve (l),2007-05-01,6,10,13,11,19,21,40
50702,CARIPUYO,desnutricion aguda,desnutricion leve (l),2007-05-01,33,25,44,43,77,68,145
71403,CARMEN RIVERO TORREZ,desnutricion aguda,desnutricion leve (l),2007-05-01,6,0,1,9,7,9,16
40201,CHALLAPATA,desnutricion aguda,desnutricion leve (l),2007-05-01,38,56,36,34,74,90,164
50302,CHAQUI,desnutricion aguda,desnutricion leve (l),2007-05-01,12,19,23,24,35,43,78
70702,CHARAGUA,desnutricion aguda,desnutricion leve (l),2007-05-01,23,25,24,29,47,54,101
50202,CHAYANTA,desnutricion aguda,desnutricion leve (l),2007-05-01,36,20,52,42,88,62,150
31204,CHIMORE,desnutricion aguda,desnutricion leve (l),2007-05-01,27,14,21,19,48,33,81
40903,CHIPAYA,desnutricion aguda,desnutricion leve (l),2007-05-01,2,4,8,7,10,11,21
40302,CHOQUE COTA,desnutricion aguda,desnutricion leve (l),2007-05-01,3,5,0,3,3,8,11
90101,COBIJA,desnutricion aguda,desnutricion leve (l),2007-05-01,44,40,22,24,66,64,130
30101,COCHABAMBA,desnutricion aguda,desnutricion leve (l),2007-05-01,336,326,267,270,603,596,1199
40902,COIPASA,desnutricion aguda,desnutricion leve (l),2007-05-01,0,1,0,0,0,1,1
30905,COLCAPIRHUA,desnutricion aguda,desnutricion leve (l),2007-05-01,24,34,20,32,44,66,110
50901,"COLCHA ""K""",desnutricion aguda,desnutricion leve (l),2007-05-01,26,28,16,17,42,45,87
31002,COLOMI,desnutricion aguda,desnutricion leve (l),2007-05-01,43,41,35,45,78,86,164
70603,COLPA BELGICA,desnutricion aguda,desnutricion leve (l),2007-05-01,4,5,6,1,10,6,16
50401,COLQUECHACA,desnutricion aguda,desnutricion leve (l),2007-05-01,70,69,85,73,155,142,297
21004,COLQUIRI,desnutricion aguda,desnutricion leve (l),2007-05-01,13,13,9,4,22,17,39
71301,COMARAPA,desnutricion aguda,desnutricion leve (l),2007-05-01,18,20,8,9,26,29,55
71101,CONCEPCION,desnutricion aguda,desnutricion leve (l),2007-05-01,8,20,10,12,18,32,50
40301,CORQUE,desnutricion aguda,desnutricion leve (l),2007-05-01,11,11,12,9,23,20,43
50601,COTAGAITA,desnutricion aguda,desnutricion leve (l),2007-05-01,53,88,53,75,106,163,269
70102,COTOCA,desnutricion aguda,desnutricion leve (l),2007-05-01,55,55,61,50,116,105,221
71106,CUATRO CAÑADAS,desnutricion aguda,desnutricion leve (l),2007-05-01,18,17,8,15,26,32,58
31405,CUCHUMUELA (V. G. VILLARROEL),desnutricion aguda,desnutricion leve (l),2007-05-01,4,3,3,4,7,7,14
70704,CUEVO,desnutricion aguda,desnutricion leve (l),2007-05-01,8,5,12,18,20,23,43
10902,CULPINA,desnutricion aguda,desnutricion leve (l),2007-05-01,75,76,112,106,187,182,369
40401,CURAHUARA DE CARANGAS,desnutricion aguda,desnutricion leve (l),2007-05-01,5,9,6,6,11,15,26
40103,EL CHORO,desnutricion aguda,desnutricion leve (l),2007-05-01,4,3,3,4,7,7,14
71503,EL PUENTE(STC),desnutricion aguda,desnutricion leve (l),2007-05-01,16,24,9,5,25,29,54
60502,EL PUENTE(TJA),desnutricion aguda,desnutricion leve (l),2007-05-01,20,18,25,22,45,40,85
70105,EL TORNO,desnutricion aguda,desnutricion leve (l),2007-05-01,28,18,10,14,38,32,70
10405,EL VILLAR,desnutricion aguda,desnutricion leve (l),2007-05-01,10,9,16,28,26,37,63
60601,ENTRE RIOS,desnutricion aguda,desnutricion leve (l),2007-05-01,24,26,19,29,43,55,98
60601,ENTRE RIOS,desnutricion aguda,desnutricion leve (l),2007-05-01,42,54,42,46,84,100,184
40502,ESCARA,desnutricion aguda,desnutricion leve (l),2007-05-01,0,1,0,1,0,2,2
41101,EUCALIPTUS,desnutricion aguda,desnutricion leve (l),2007-05-01,2,5,3,5,5,10,15
90503,EUREKA (SANTOS MERCADO),desnutricion aguda,desnutricion leve (l),2007-05-01,3,5,0,2,3,7,10
80402,EXALTACION,desnutricion aguda,desnutricion leve (l),2007-05-01,3,3,3,6,6,9,15
71004,FERNANDEZ ALONSO,desnutricion aguda,desnutricion leve (l),2007-05-01,14,14,9,15,23,29,52
90203,FILADELFIA,desnutricion aguda,desnutricion leve (l),2007-05-01,4,1,1,3,5,4,9
71002,GENERAL SAAVEDRA,desnutricion aguda,desnutricion leve (l),2007-05-01,11,8,6,9,17,17,34
80202,GUAYARAMERIN,desnutricion aguda,desnutricion leve (l),2007-05-01,30,25,27,27,57,52,109
70705,GUTIERREZ,desnutricion aguda,desnutricion leve (l),2007-05-01,47,41,51,51,98,92,190
10502,HUACARETA,desnutricion aguda,desnutricion leve (l),2007-05-01,32,30,24,36,56,66,122
11002,HUACAYA (VILLA DE HUACAYA),desnutricion aguda,desnutricion leve (l),2007-05-01,8,12,14,7,22,19,41
40501,HUACHACALLA,desnutricion aguda,desnutricion leve (l),2007-05-01,0,0,0,1,0,1,1
40701,HUANUNI,desnutricion aguda,desnutricion leve (l),2007-05-01,4,4,2,0,6,4,10
80803,HUARACAJE,desnutricion aguda,desnutricion leve (l),2007-05-01,3,8,7,4,10,12,22
41601,HUAYLLAMARCA,desnutricion aguda,desnutricion leve (l),2007-05-01,1,8,8,7,9,15,24
21005,ICHOCA,desnutricion aguda,desnutricion leve (l),2007-05-01,4,8,2,1,6,9,15
10304,ICLA,desnutricion aguda,desnutricion leve (l),2007-05-01,47,41,88,86,135,127,262
10703,INCAHUASI,desnutricion aguda,desnutricion leve (l),2007-05-01,109,130,144,137,253,267,520
90402,INGAVI (HUMAITA),desnutricion aguda,desnutricion leve (l),2007-05-01,2,1,0,0,2,1,3
21001,INQUISIVI,desnutricion aguda,desnutricion leve (l),2007-05-01,22,23,23,13,45,36,81
70104,LA GUARDIA,desnutricion aguda,desnutricion leve (l),2007-05-01,32,35,35,39,67,74,141
70701,LAGUNILLAS,desnutricion aguda,desnutricion leve (l),2007-05-01,17,16,32,23,49,39,88
10903,LAS CARRERAS,desnutricion aguda,desnutricion leve (l),2007-05-01,4,1,10,14,14,15,29
21006,LICOMA PAMPA,desnutricion aguda,desnutricion leve (l),2007-05-01,2,0,0,0,2,0,2
50203,LLALLAGUA,desnutricion aguda,desnutricion leve (l),2007-05-01,104,101,102,94,206,195,401
51401,LLICA,desnutricion aguda,desnutricion leve (l),2007-05-01,4,7,4,6,8,13,21
80601,LORETO,desnutricion aguda,desnutricion leve (l),2007-05-01,0,3,2,0,2,3,5
40702,MACHACAMARCA,desnutricion aguda,desnutricion leve (l),2007-05-01,2,1,0,1,2,2,4
11003,MACHARETI,desnutricion aguda,desnutricion leve (l),2007-05-01,11,6,18,19,29,25,54
80801,MAGDALENA,desnutricion aguda,desnutricion leve (l),2007-05-01,9,8,8,10,17,18,35
70903,MAIRANA,desnutricion aguda,desnutricion leve (l),2007-05-01,4,4,8,12,12,16,28
71003,MINEROS,desnutricion aguda,desnutricion leve (l),2007-05-01,9,19,6,11,15,30,45
31301,MIZQUE,desnutricion aguda,desnutricion leve (l),2007-05-01,46,53,37,46,83,99,182
51002,MOJINETE,desnutricion aguda,desnutricion leve (l),2007-05-01,0,2,3,8,3,10,13
10303,MOJOCOYA,desnutricion aguda,desnutricion leve (l),2007-05-01,16,21,20,16,36,37,73
10501,MONTEAGUDO,desnutricion aguda,desnutricion leve (l),2007-05-01,54,58,88,103,142,161,303
71001,MONTERO,desnutricion aguda,desnutricion leve (l),2007-05-01,165,126,93,124,258,250,508
70803,MORO MORO,desnutricion aguda,desnutricion leve (l),2007-05-01,3,7,4,2,7,9,16
30302,MOROCHATA,desnutricion aguda,desnutricion leve (l),2007-05-01,26,31,34,35,60,66,126
90401,NACEBE (SANTA ROSA DEL ABUNA),desnutricion aguda,desnutricion leve (l),2007-05-01,2,0,2,7,4,7,11
90501,NUEVO MANOA (NUEVA ESPERANZA),desnutricion aguda,desnutricion leve (l),2007-05-01,1,0,3,4,4,4,8
50404,OCURI,desnutricion aguda,desnutricion leve (l),2007-05-01,47,42,50,53,97,95,192
70202,OKINAWA,desnutricion aguda,desnutricion leve (l),2007-05-01,17,15,8,10,25,25,50
30203,OMEREQUE,desnutricion aguda,desnutricion leve (l),2007-05-01,8,6,5,4,13,10,23
40101,ORURO,desnutricion aguda,desnutricion leve (l),2007-05-01,240,213,136,134,376,347,723
60201,PADCAYA,desnutricion aguda,desnutricion leve (l),2007-05-01,15,20,14,23,29,43,72
10401,PADILLA,desnutricion aguda,desnutricion leve (l),2007-05-01,43,28,57,78,100,106,206
70502,PAILON,desnutricion aguda,desnutricion leve (l),2007-05-01,17,30,11,13,28,43,71
40802,PAMPA AULLAGAS,desnutricion aguda,desnutricion leve (l),2007-05-01,13,8,7,6,20,14,34
70902,PAMPA GRANDE,desnutricion aguda,desnutricion leve (l),2007-05-01,1,4,4,9,5,13,18
30202,PASORAPA,desnutricion aguda,desnutricion leve (l),2007-05-01,5,2,19,15,24,17,41
40602,PAZÑA,desnutricion aguda,desnutricion leve (l),2007-05-01,3,2,2,4,5,6,11
50403,POCOATA,desnutricion aguda,desnutricion leve (l),2007-05-01,83,76,83,98,166,174,340
31203,POCONA,desnutricion aguda,desnutricion leve (l),2007-05-01,21,27,8,14,29,41,70
31202,POJO (CBBA),desnutricion aguda,desnutricion leve (l),2007-05-01,25,17,31,27,56,44,100
40601,POOPO,desnutricion aguda,desnutricion leve (l),2007-05-01,5,5,0,1,5,6,11
51203,PORCO,desnutricion aguda,desnutricion leve (l),2007-05-01,30,29,16,23,46,52,98
10103,POROMA,desnutricion aguda,desnutricion leve (l),2007-05-01,81,77,97,104,178,181,359
70103,PORONGO,desnutricion aguda,desnutricion leve (l),2007-05-01,16,11,4,2,20,13,33
70601,PORTACHUELO,desnutricion aguda,desnutricion leve (l),2007-05-01,10,9,9,17,19,26,45
90102,PORVENIR,desnutricion aguda,desnutricion leve (l),2007-05-01,4,7,3,4,7,11,18
70804,POSTRER VALLE,desnutricion aguda,desnutricion leve (l),2007-05-01,4,1,1,3,5,4,9
50101,POTOSI,desnutricion aguda,desnutricion leve (l),2007-05-01,307,304,192,209,499,513,1012
10302,PRESTO,desnutricion aguda,desnutricion leve (l),2007-05-01,32,34,57,52,89,86,175
70805,PUCARA,desnutricion aguda,desnutricion leve (l),2007-05-01,1,0,0,0,1,0,1
90301,PUERTO GONZALO MORENO,desnutricion aguda,desnutricion leve (l),2007-05-01,10,11,2,5,12,16,28
71402,PUERTO QUIJARRO,desnutricion aguda,desnutricion leve (l),2007-05-01,10,6,0,3,10,9,19
90201,PUERTO RICO,desnutricion aguda,desnutricion leve (l),2007-05-01,5,8,5,7,10,15,25
80703,PUERTO SILES,desnutricion aguda,desnutricion leve (l),2007-05-01,8,4,11,4,19,8,27
71401,PUERTO SUAREZ,desnutricion aguda,desnutricion leve (l),2007-05-01,9,9,3,12,12,21,33
31205,PUERTO VILLARROEL,desnutricion aguda,desnutricion leve (l),2007-05-01,116,93,77,74,193,167,360
51101,PUNA,desnutricion aguda,desnutricion leve (l),2007-05-01,94,82,125,146,219,228,447
31401,PUNATA,desnutricion aguda,desnutricion leve (l),2007-05-01,35,38,25,33,60,71,131
30901,QUILLACOLLO,desnutricion aguda,desnutricion leve (l),2007-05-01,55,62,45,62,100,124,224
21002,QUIME,desnutricion aguda,desnutricion leve (l),2007-05-01,8,11,1,3,9,14,23
70904,QUIRUSILLAS,desnutricion aguda,desnutricion leve (l),2007-05-01,0,0,1,1,1,1,2
50402,RAVELO,desnutricion aguda,desnutricion leve (l),2007-05-01,90,87,103,108,193,195,388
80301,REYES,desnutricion aguda,desnutricion leve (l),2007-05-01,14,11,13,19,27,30,57
80201,RIBERALTA,desnutricion aguda,desnutricion leve (l),2007-05-01,194,242,100,133,294,375,669
70503,ROBORE,desnutricion aguda,desnutricion leve (l),2007-05-01,17,19,9,16,26,35,61
80304,RURRENABAQUE,desnutricion aguda,desnutricion leve (l),2007-05-01,4,8,3,5,7,13,20
40901,SABAYA,desnutricion aguda,desnutricion leve (l),2007-05-01,2,3,1,3,3,6,9
31001,SACABA,desnutricion aguda,desnutricion leve (l),2007-05-01,130,119,160,132,290,251,541
30404,SACABAMBA,desnutricion aguda,desnutricion leve (l),2007-05-01,6,7,7,5,13,12,25
50701,SACACA,desnutricion aguda,desnutricion leve (l),2007-05-01,87,78,126,137,213,215,428
71302,SAIPINA,desnutricion aguda,desnutricion leve (l),2007-05-01,4,5,6,6,10,11,21
40801,SALINAS DE GARCI MENDOZA,desnutricion aguda,desnutricion leve (l),2007-05-01,11,15,13,15,24,30,54
70901,SAMAIPATA,desnutricion aguda,desnutricion leve (l),2007-05-01,15,4,6,8,21,12,33
51601,SAN AGUSTIN,desnutricion aguda,desnutricion leve (l),2007-05-01,2,1,4,5,6,6,12
80602,SAN ANDRES,desnutricion aguda,desnutricion leve (l),2007-05-01,12,11,10,21,22,32,54
51003,SAN ANTONIO DE ESMORUCO,desnutricion aguda,desnutricion leve (l),2007-05-01,1,1,1,0,2,1,3
71105,SAN ANTONIO DE LOMERIO,desnutricion aguda,desnutricion leve (l),2007-05-01,34,30,30,51,64,81,145
31403,SAN BENITO,desnutricion aguda,desnutricion leve (l),2007-05-01,10,9,13,9,23,18,41
80302,SAN BORJA,desnutricion aguda,desnutricion leve (l),2007-05-01,56,66,100,111,156,177,333
70402,SAN CARLOS,desnutricion aguda,desnutricion leve (l),2007-05-01,44,32,17,11,61,43,104
80501,SAN IGNACIO,desnutricion aguda,desnutricion leve (l),2007-05-01,58,43,48,42,106,85,191
70301,SAN IGNACIO DE VELASCO,desnutricion aguda,desnutricion leve (l),2007-05-01,125,115,97,119,222,234,456
80102,SAN JAVIER(BNI),desnutricion aguda,desnutricion leve (l),2007-05-01,6,5,12,10,18,15,33
80701,SAN JOAQUIN,desnutricion aguda,desnutricion leve (l),2007-05-01,3,1,3,3,6,4,10
70501,SAN JOSE DE CHIQUITOS,desnutricion aguda,desnutricion leve (l),2007-05-01,14,21,7,6,21,27,48
70404,SAN JUAN DE YAPACANI,desnutricion aguda,desnutricion leve (l),2007-05-01,12,9,9,8,21,17,38
71104,SAN JULIAN,desnutricion aguda,desnutricion leve (l),2007-05-01,23,24,26,27,49,51,100
90302,SAN LORENZO(PND),desnutricion aguda,desnutricion leve (l),2007-05-01,7,6,2,6,9,12,21
60501,SAN LORENZO(TJA),desnutricion aguda,desnutricion leve (l),2007-05-01,26,29,46,58,72,87,159
10702,SAN LUCAS,desnutricion aguda,desnutricion leve (l),2007-05-01,191,212,241,266,432,478,910
71201,SAN MATIAS,desnutricion aguda,desnutricion leve (l),2007-05-01,10,9,12,12,22,21,43
70302,SAN MIGUEL DE VELASCO,desnutricion aguda,desnutricion leve (l),2007-05-01,17,10,6,11,23,21,44
51001,SAN PABLO DE LIPEZ,desnutricion aguda,desnutricion leve (l),2007-05-01,6,1,7,6,13,7,20
71005,SAN PEDRO,desnutricion aguda,desnutricion leve (l),2007-05-01,15,22,24,21,39,43,82
50501,SAN PEDRO DE BUENA VISTA,desnutricion aguda,desnutricion leve (l),2007-05-01,60,68,93,93,153,161,314
90202,SAN PEDRO(PND),desnutricion aguda,desnutricion leve (l),2007-05-01,2,2,1,5,3,7,10
70303,SAN RAFAEL,desnutricion aguda,desnutricion leve (l),2007-05-01,13,6,3,8,16,14,30
80702,SAN RAMON,desnutricion aguda,desnutricion leve (l),2007-05-01,6,5,1,3,7,8,15
80401,SANTA ANA,desnutricion aguda,desnutricion leve (l),2007-05-01,31,37,16,17,47,54,101
70101,SANTA CRUZ DE LA SIERRA,desnutricion aguda,desnutricion leve (l),2007-05-01,390,400,208,249,598,649,1247
80303,SANTA ROSA,desnutricion aguda,desnutricion leve (l),2007-05-01,7,11,3,7,10,18,28
70602,SANTA ROSA DEL SARA,desnutricion aguda,desnutricion leve (l),2007-05-01,23,25,23,23,46,48,94
41401,SANTIAGO DE HUARI,desnutricion aguda,desnutricion leve (l),2007-05-01,11,6,12,4,23,10,33
30702,SANTIVAÑES,desnutricion aguda,desnutricion leve (l),2007-05-01,2,10,32,20,34,30,64
40202,SANTUARIO DE QUILLACAS,desnutricion aguda,desnutricion leve (l),2007-05-01,4,4,3,4,7,8,15
90303,SENA,desnutricion aguda,desnutricion leve (l),2007-05-01,2,3,1,2,3,5,8
30703,SICAYA,desnutricion aguda,desnutricion leve (l),2007-05-01,9,14,5,4,14,18,32
30902,SIPE SIPE,desnutricion aguda,desnutricion leve (l),2007-05-01,90,73,77,84,167,157,324
10403,SOPACHUY,desnutricion aguda,desnutricion leve (l),2007-05-01,29,25,56,84,85,109,194
40104,SORACACHI,desnutricion aguda,desnutricion leve (l),2007-05-01,11,11,5,6,16,17,33
10101,SUCRE,desnutricion aguda,desnutricion leve (l),2007-05-01,292,294,325,353,617,647,1264
31404,TACACHI,desnutricion aguda,desnutricion leve (l),2007-05-01,1,1,2,4,3,5,8
50303,TACOBAMBA,desnutricion aguda,desnutricion leve (l),2007-05-01,26,27,22,15,48,42,90
30602,TACOPAYA,desnutricion aguda,desnutricion leve (l),2007-05-01,12,11,12,18,24,29,53
51402,TAHUA,desnutricion aguda,desnutricion leve (l),2007-05-01,2,1,1,1,3,2,5
31101,TAPACARI,desnutricion aguda,desnutricion leve (l),2007-05-01,88,70,72,81,160,151,311
10601,TARABUCO,desnutricion aguda,desnutricion leve (l),2007-05-01,116,104,191,240,307,344,651
30401,TARATA,desnutricion aguda,desnutricion leve (l),2007-05-01,15,17,8,7,23,24,47
60101,TARIJA,desnutricion aguda,desnutricion leve (l),2007-05-01,189,162,171,154,360,316,676
10202,TARVITA,desnutricion aguda,desnutricion leve (l),2007-05-01,52,73,108,103,160,176,336
50102,TINGUIPAYA,desnutricion aguda,desnutricion leve (l),2007-05-01,74,80,53,52,127,132,259
30903,TIQUIPAYA,desnutricion aguda,desnutricion leve (l),2007-05-01,67,38,30,35,97,73,170
31601,TIRAQUE (CBBA),desnutricion aguda,desnutricion leve (l),2007-05-01,108,53,74,66,182,119,301
30802,TOCO,desnutricion aguda,desnutricion leve (l),2007-05-01,4,14,6,6,10,20,30
41502,TODOS SANTOS,desnutricion aguda,desnutricion leve (l),2007-05-01,1,1,0,1,1,2,3
30803,TOLATA,desnutricion aguda,desnutricion leve (l),2007-05-01,4,1,7,5,11,6,17
41001,TOLEDO,desnutricion aguda,desnutricion leve (l),2007-05-01,5,3,9,9,14,12,26
51202,TOMAVE,desnutricion aguda,desnutricion leve (l),2007-05-01,35,24,54,31,89,55,144
10402,TOMINA,desnutricion aguda,desnutricion leve (l),2007-05-01,41,48,51,63,92,111,203
50502,TORO TORO,desnutricion aguda,desnutricion leve (l),2007-05-01,38,41,46,58,84,99,183
31201,TOTORA(CBBA),desnutricion aguda,desnutricion leve (l),2007-05-01,41,29,34,32,75,61,136
41301,TOTORA(ORR),desnutricion aguda,desnutricion leve (l),2007-05-01,4,2,5,7,9,9,18
70802,TRIGAL,desnutricion aguda,desnutricion leve (l),2007-05-01,0,1,1,4,1,5,6
80101,TRINIDAD,desnutricion aguda,desnutricion leve (l),2007-05-01,89,75,85,58,174,133,307
50801,TUPIZA,desnutricion aguda,desnutricion leve (l),2007-05-01,81,65,91,115,172,180,352
40402,TURCO,desnutricion aguda,desnutricion leve (l),2007-05-01,5,2,2,1,7,3,10
50201,UNCIA,desnutricion aguda,desnutricion leve (l),2007-05-01,40,27,44,54,84,81,165
60401,URIONDO (A. CONCEPCION),desnutricion aguda,desnutricion leve (l),2007-05-01,16,9,19,16,35,25,60
71502,URUBICHA,desnutricion aguda,desnutricion leve (l),2007-05-01,21,27,24,25,45,52,97
51201,UYUNI,desnutricion aguda,desnutricion leve (l),2007-05-01,19,18,20,19,39,37,76
30502,VACAS,desnutricion aguda,desnutricion leve (l),2007-05-01,10,18,17,16,27,34,61
70801,VALLEGRANDE,desnutricion aguda,desnutricion leve (l),2007-05-01,8,15,11,14,19,29,48
31302,VILA VILA,desnutricion aguda,desnutricion leve (l),2007-05-01,13,20,22,14,35,34,69
60303,VILLA MONTES,desnutricion aguda,desnutricion leve (l),2007-05-01,16,21,40,30,56,51,107
90502,VILLA NUEVA (LOMA ALTA),desnutricion aguda,desnutricion leve (l),2007-05-01,6,10,6,9,12,19,31
31402,VILLA RIVERO,desnutricion aguda,desnutricion leve (l),2007-05-01,12,4,11,9,23,13,36
10801,VILLA SERRANO,desnutricion aguda,desnutricion leve (l),2007-05-01,46,60,83,89,129,149,278
31003,VILLA TUNARI,desnutricion aguda,desnutricion leve (l),2007-05-01,84,81,65,53,149,134,283
11001,VILLA VACA GUZMAN (MUYUPAMPA),desnutricion aguda,desnutricion leve (l),2007-05-01,15,20,27,43,42,63,105
51501,VILLAZON,desnutricion aguda,desnutricion leve (l),2007-05-01,73,77,63,73,136,150,286
30904,VINTO,desnutricion aguda,desnutricion leve (l),2007-05-01,37,20,13,18,50,38,88
50602,VITICHI,desnutricion aguda,desnutricion leve (l),2007-05-01,24,14,26,36,50,50,100
70201,WARNES,desnutricion aguda,desnutricion leve (l),2007-05-01,25,33,17,12,42,45,87
60301,YACUIBA,desnutricion aguda,desnutricion leve (l),2007-05-01,43,43,35,59,78,102,180
10602,YAMPARAEZ,desnutricion aguda,desnutricion leve (l),2007-05-01,41,39,89,92,130,131,261
70403,YAPACANI,desnutricion aguda,desnutricion leve (l),2007-05-01,71,73,40,24,111,97,208
50103,YOCALLA,desnutricion aguda,desnutricion leve (l),2007-05-01,12,6,11,9,23,15,38
10102,YOTALA,desnutricion aguda,desnutricion leve (l),2007-05-01,27,24,39,49,66,73,139
60402,YUNCHARA,desnutricion aguda,desnutricion leve (l),2007-05-01,26,17,37,47,63,64,127
10301,ZUDAÑEZ,desnutricion aguda,desnutricion leve (l),2007-05-01,40,36,43,78,83,114,197
51302,ACACIO,desnutricion aguda,desnutricion leve (l),2007-06-01,35,31,56,62,91,93,184
30201,AIQUILE,desnutricion aguda,desnutricion leve (l),2007-06-01,25,16,15,21,40,37,77
31303,ALALAY,desnutricion aguda,desnutricion leve (l),2007-06-01,19,14,20,26,39,40,79
10404,ALCALA,desnutricion aguda,desnutricion leve (l),2007-06-01,20,18,22,29,42,47,89
41201,ANDAMARCA,desnutricion aguda,desnutricion leve (l),2007-06-01,4,1,0,1,4,2,6
40603,ANTEQUERA,desnutricion aguda,desnutricion leve (l),2007-06-01,7,7,7,8,14,15,29
30402,ANZALDO,desnutricion aguda,desnutricion leve (l),2007-06-01,18,10,25,33,43,43,86
51301,ARAMPAMPA,desnutricion aguda,desnutricion leve (l),2007-06-01,35,26,41,43,76,69,145
30501,ARANI,desnutricion aguda,desnutricion leve (l),2007-06-01,21,14,20,19,41,33,74
30403,ARBIETO,desnutricion aguda,desnutricion leve (l),2007-06-01,4,7,5,3,9,10,19
30601,ARQUE,desnutricion aguda,desnutricion leve (l),2007-06-01,52,45,70,85,122,130,252
71501,ASCENCION DE GUARAYOS,desnutricion aguda,desnutricion leve (l),2007-06-01,53,63,62,64,115,127,242
50802,ATOCHA,desnutricion aguda,desnutricion leve (l),2007-06-01,15,15,21,21,36,36,72
30301,AYOPAYA (V. DE INDEPENDENCIA),desnutricion aguda,desnutricion leve (l),2007-06-01,56,66,85,85,141,151,292
10201,AZURDUY,desnutricion aguda,desnutricion leve (l),2007-06-01,52,63,96,84,148,147,295
80802,BAURES,desnutricion aguda,desnutricion leve (l),2007-06-01,5,4,3,7,8,11,19
41202,BELEN DE ANDAMARCA,desnutricion aguda,desnutricion leve (l),2007-06-01,1,0,1,1,2,1,3
50104,BELEN DE URMIRI,desnutricion aguda,desnutricion leve (l),2007-06-01,5,6,5,8,10,14,24
90104,BELLA FLOR,desnutricion aguda,desnutricion leve (l),2007-06-01,9,5,8,7,17,12,29
60202,BERMEJO,desnutricion aguda,desnutricion leve (l),2007-06-01,14,15,11,14,25,29,54
50301,BETANZOS,desnutricion aguda,desnutricion leve (l),2007-06-01,84,101,113,152,197,253,450
31501,BOLIVAR,desnutricion aguda,desnutricion leve (l),2007-06-01,36,27,29,31,65,58,123
90103,BOLPEBRA,desnutricion aguda,desnutricion leve (l),2007-06-01,6,3,2,7,8,10,18
70707,BOYUIBE,desnutricion aguda,desnutricion leve (l),2007-06-01,6,6,10,9,16,15,31
70401,BUENA VISTA,desnutricion aguda,desnutricion leve (l),2007-06-01,11,6,5,10,16,16,32
70703,CABEZAS,desnutricion aguda,desnutricion leve (l),2007-06-01,40,40,31,24,71,64,135
51102,"CAIZA ""D""",desnutricion aguda,desnutricion leve (l),2007-06-01,12,20,29,26,41,46,87
21003,CAJUATA,desnutricion aguda,desnutricion leve (l),2007-06-01,10,9,5,3,15,12,27
10701,CAMARGO,desnutricion aguda,desnutricion leve (l),2007-06-01,51,52,59,65,110,117,227
10901,CAMATAQUI (C. VILLA ABECIA),desnutricion aguda,desnutricion leve (l),2007-06-01,11,10,14,26,25,36,61
70706,CAMIRI,desnutricion aguda,desnutricion leve (l),2007-06-01,34,53,37,34,71,87,158
30701,CAPINOTA,desnutricion aguda,desnutricion leve (l),2007-06-01,43,60,70,60,113,120,233
40102,CARACOLLO,desnutricion aguda,desnutricion leve (l),2007-06-01,17,22,15,15,32,37,69
60302,CARAPARI,desnutricion aguda,desnutricion leve (l),2007-06-01,13,13,10,10,23,23,46
50702,CARIPUYO,desnutricion aguda,desnutricion leve (l),2007-06-01,47,36,58,88,105,124,229
71403,CARMEN RIVERO TORREZ,desnutricion aguda,desnutricion leve (l),2007-06-01,8,15,18,9,26,24,50
40201,CHALLAPATA,desnutricion aguda,desnutricion leve (l),2007-06-01,31,43,27,39,58,82,140
50302,CHAQUI,desnutricion aguda,desnutricion leve (l),2007-06-01,11,17,22,33,33,50,83
70702,CHARAGUA,desnutricion aguda,desnutricion leve (l),2007-06-01,22,23,14,25,36,48,84
50202,CHAYANTA,desnutricion aguda,desnutricion leve (l),2007-06-01,64,56,97,96,161,152,313
31204,CHIMORE,desnutricion aguda,desnutricion leve (l),2007-06-01,18,32,29,25,47,57,104
40903,CHIPAYA,desnutricion aguda,desnutricion leve (l),2007-06-01,1,3,2,3,3,6,9
40302,CHOQUE COTA,desnutricion aguda,desnutricion leve (l),2007-06-01,5,5,1,4,6,9,15
90101,COBIJA,desnutricion aguda,desnutricion leve (l),2007-06-01,61,75,61,53,122,128,250
30101,COCHABAMBA,desnutricion aguda,desnutricion leve (l),2007-06-01,276,298,184,208,460,506,966
30905,COLCAPIRHUA,desnutricion aguda,desnutricion leve (l),2007-06-01,16,28,28,45,44,73,117
50901,"COLCHA ""K""",desnutricion aguda,desnutricion leve (l),2007-06-01,19,21,25,21,44,42,86
31002,COLOMI,desnutricion aguda,desnutricion leve (l),2007-06-01,42,38,39,32,81,70,151
70603,COLPA BELGICA,desnutricion aguda,desnutricion leve (l),2007-06-01,7,4,6,1,13,5,18
50401,COLQUECHACA,desnutricion aguda,desnutricion leve (l),2007-06-01,102,107,110,93,212,200,412
21004,COLQUIRI,desnutricion aguda,desnutricion leve (l),2007-06-01,6,15,12,7,18,22,40
71301,COMARAPA,desnutricion aguda,desnutricion leve (l),2007-06-01,9,13,9,8,18,21,39
71101,CONCEPCION,desnutricion aguda,desnutricion leve (l),2007-06-01,16,20,9,17,25,37,62
40301,CORQUE,desnutricion aguda,desnutricion leve (l),2007-06-01,9,2,7,5,16,7,23
50601,COTAGAITA,desnutricion aguda,desnutricion leve (l),2007-06-01,52,87,83,70,135,157,292
70102,COTOCA,desnutricion aguda,desnutricion leve (l),2007-06-01,38,34,50,57,88,91,179
71106,CUATRO CAÑADAS,desnutricion aguda,desnutricion leve (l),2007-06-01,20,13,9,9,29,22,51
31405,CUCHUMUELA (V. G. VILLARROEL),desnutricion aguda,desnutricion leve (l),2007-06-01,3,5,3,7,6,12,18
70704,CUEVO,desnutricion aguda,desnutricion leve (l),2007-06-01,8,5,5,3,13,8,21
10902,CULPINA,desnutricion aguda,desnutricion leve (l),2007-06-01,74,77,104,122,178,199,377
40401,CURAHUARA DE CARANGAS,desnutricion aguda,desnutricion leve (l),2007-06-01,4,7,2,2,6,9,15
40103,EL CHORO,desnutricion aguda,desnutricion leve (l),2007-06-01,3,3,3,5,6,8,14
71503,EL PUENTE(STC),desnutricion aguda,desnutricion leve (l),2007-06-01,23,22,5,12,28,34,62
60502,EL PUENTE(TJA),desnutricion aguda,desnutricion leve (l),2007-06-01,9,11,15,15,24,26,50
70105,EL TORNO,desnutricion aguda,desnutricion leve (l),2007-06-01,37,16,21,27,58,43,101
10405,EL VILLAR,desnutricion aguda,desnutricion leve (l),2007-06-01,11,19,18,15,29,34,63
60601,ENTRE RIOS,desnutricion aguda,desnutricion leve (l),2007-06-01,13,26,20,36,33,62,95
60601,ENTRE RIOS,desnutricion aguda,desnutricion leve (l),2007-06-01,33,32,32,44,65,76,141
40502,ESCARA,desnutricion aguda,desnutricion leve (l),2007-06-01,0,1,0,0,0,1,1
41101,EUCALIPTUS,desnutricion aguda,desnutricion leve (l),2007-06-01,5,3,2,0,7,3,10
90503,EUREKA (SANTOS MERCADO),desnutricion aguda,desnutricion leve (l),2007-06-01,3,2,0,6,3,8,11
80402,EXALTACION,desnutricion aguda,desnutricion leve (l),2007-06-01,1,2,2,1,3,3,6
71004,FERNANDEZ ALONSO,desnutricion aguda,desnutricion leve (l),2007-06-01,12,14,7,16,19,30,49
90203,FILADELFIA,desnutricion aguda,desnutricion leve (l),2007-06-01,6,2,1,6,7,8,15
71002,GENERAL SAAVEDRA,desnutricion aguda,desnutricion leve (l),2007-06-01,12,20,8,10,20,30,50
80202,GUAYARAMERIN,desnutricion aguda,desnutricion leve (l),2007-06-01,64,83,49,74,113,157,270
70705,GUTIERREZ,desnutricion aguda,desnutricion leve (l),2007-06-01,28,29,47,46,75,75,150
10502,HUACARETA,desnutricion aguda,desnutricion leve (l),2007-06-01,21,21,11,23,32,44,76
11002,HUACAYA (VILLA DE HUACAYA),desnutricion aguda,desnutricion leve (l),2007-06-01,6,8,10,6,16,14,30
40501,HUACHACALLA,desnutricion aguda,desnutricion leve (l),2007-06-01,1,2,1,2,2,4,6
40701,HUANUNI,desnutricion aguda,desnutricion leve (l),2007-06-01,18,19,14,8,32,27,59
80803,HUARACAJE,desnutricion aguda,desnutricion leve (l),2007-06-01,3,4,2,3,5,7,12
41601,HUAYLLAMARCA,desnutricion aguda,desnutricion leve (l),2007-06-01,8,9,7,7,15,16,31
21005,ICHOCA,desnutricion aguda,desnutricion leve (l),2007-06-01,9,11,6,9,15,20,35
10304,ICLA,desnutricion aguda,desnutricion leve (l),2007-06-01,58,55,99,108,157,163,320
10703,INCAHUASI,desnutricion aguda,desnutricion leve (l),2007-06-01,106,103,107,129,213,232,445
90402,INGAVI (HUMAITA),desnutricion aguda,desnutricion leve (l),2007-06-01,0,0,1,0,1,0,1
21001,INQUISIVI,desnutricion aguda,desnutricion leve (l),2007-06-01,19,23,14,17,33,40,73
70104,LA GUARDIA,desnutricion aguda,desnutricion leve (l),2007-06-01,40,44,35,24,75,68,143
70701,LAGUNILLAS,desnutricion aguda,desnutricion leve (l),2007-06-01,10,8,11,19,21,27,48
10903,LAS CARRERAS,desnutricion aguda,desnutricion leve (l),2007-06-01,4,3,11,17,15,20,35
21006,LICOMA PAMPA,desnutricion aguda,desnutricion leve (l),2007-06-01,0,1,0,1,0,2,2
50203,LLALLAGUA,desnutricion aguda,desnutricion leve (l),2007-06-01,103,88,140,121,243,209,452
51401,LLICA,desnutricion aguda,desnutricion leve (l),2007-06-01,6,7,3,15,9,22,31
80601,LORETO,desnutricion aguda,desnutricion leve (l),2007-06-01,8,3,1,3,9,6,15
40702,MACHACAMARCA,desnutricion aguda,desnutricion leve (l),2007-06-01,2,0,0,0,2,0,2
11003,MACHARETI,desnutricion aguda,desnutricion leve (l),2007-06-01,12,13,19,19,31,32,63
80801,MAGDALENA,desnutricion aguda,desnutricion leve (l),2007-06-01,10,11,7,9,17,20,37
70903,MAIRANA,desnutricion aguda,desnutricion leve (l),2007-06-01,5,4,7,11,12,15,27
20103,MECAPACA,desnutricion aguda,desnutricion leve (l),2007-06-01,1,0,0,3,1,3,4
71003,MINEROS,desnutricion aguda,desnutricion leve (l),2007-06-01,33,34,14,17,47,51,98
31301,MIZQUE,desnutricion aguda,desnutricion leve (l),2007-06-01,52,68,52,62,104,130,234
51002,MOJINETE,desnutricion aguda,desnutricion leve (l),2007-06-01,1,0,0,0,1,0,1
10303,MOJOCOYA,desnutricion aguda,desnutricion leve (l),2007-06-01,28,28,37,46,65,74,139
10501,MONTEAGUDO,desnutricion aguda,desnutricion leve (l),2007-06-01,59,51,87,99,146,150,296
71001,MONTERO,desnutricion aguda,desnutricion leve (l),2007-06-01,160,112,127,114,287,226,513
70803,MORO MORO,desnutricion aguda,desnutricion leve (l),2007-06-01,6,6,6,6,12,12,24
30302,MOROCHATA,desnutricion aguda,desnutricion leve (l),2007-06-01,31,43,27,35,58,78,136
90501,NUEVO MANOA (NUEVA ESPERANZA),desnutricion aguda,desnutricion leve (l),2007-06-01,2,2,0,0,2,2,4
50404,OCURI,desnutricion aguda,desnutricion leve (l),2007-06-01,72,87,70,71,142,158,300
70202,OKINAWA,desnutricion aguda,desnutricion leve (l),2007-06-01,20,16,6,19,26,35,61
30203,OMEREQUE,desnutricion aguda,desnutricion leve (l),2007-06-01,9,21,10,18,19,39,58
40101,ORURO,desnutricion aguda,desnutricion leve (l),2007-06-01,176,157,97,87,273,244,517
60201,PADCAYA,desnutricion aguda,desnutricion leve (l),2007-06-01,24,24,21,23,45,47,92
10401,PADILLA,desnutricion aguda,desnutricion leve (l),2007-06-01,39,29,62,79,101,108,209
70502,PAILON,desnutricion aguda,desnutricion leve (l),2007-06-01,19,29,15,9,34,38,72
40802,PAMPA AULLAGAS,desnutricion aguda,desnutricion leve (l),2007-06-01,9,9,9,4,18,13,31
70902,PAMPA GRANDE,desnutricion aguda,desnutricion leve (l),2007-06-01,2,2,3,6,5,8,13
30202,PASORAPA,desnutricion aguda,desnutricion leve (l),2007-06-01,8,6,4,6,12,12,24
40602,PAZÑA,desnutricion aguda,desnutricion leve (l),2007-06-01,2,4,2,3,4,7,11
50403,POCOATA,desnutricion aguda,desnutricion leve (l),2007-06-01,71,91,71,118,142,209,351
31203,POCONA,desnutricion aguda,desnutricion leve (l),2007-06-01,17,22,21,17,38,39,77
31202,POJO (CBBA),desnutricion aguda,desnutricion leve (l),2007-06-01,13,12,8,12,21,24,45
40601,POOPO,desnutricion aguda,desnutricion leve (l),2007-06-01,1,1,4,3,5,4,9
51203,PORCO,desnutricion aguda,desnutricion leve (l),2007-06-01,23,26,13,20,36,46,82
10103,POROMA,desnutricion aguda,desnutricion leve (l),2007-06-01,92,101,116,113,208,214,422
70103,PORONGO,desnutricion aguda,desnutricion leve (l),2007-06-01,6,3,1,0,7,3,10
70601,PORTACHUELO,desnutricion aguda,desnutricion leve (l),2007-06-01,10,11,12,19,22,30,52
90102,PORVENIR,desnutricion aguda,desnutricion leve (l),2007-06-01,8,11,6,2,14,13,27
70804,POSTRER VALLE,desnutricion aguda,desnutricion leve (l),2007-06-01,3,1,0,0,3,1,4
50101,POTOSI,desnutricion aguda,desnutricion leve (l),2007-06-01,271,280,178,179,449,459,908
10302,PRESTO,desnutricion aguda,desnutricion leve (l),2007-06-01,41,28,44,39,85,67,152
70805,PUCARA,desnutricion aguda,desnutricion leve (l),2007-06-01,0,0,2,0,2,0,2
90301,PUERTO GONZALO MORENO,desnutricion aguda,desnutricion leve (l),2007-06-01,10,12,7,4,17,16,33
71402,PUERTO QUIJARRO,desnutricion aguda,desnutricion leve (l),2007-06-01,12,12,4,4,16,16,32
90201,PUERTO RICO,desnutricion aguda,desnutricion leve (l),2007-06-01,25,12,27,28,52,40,92
71401,PUERTO SUAREZ,desnutricion aguda,desnutricion leve (l),2007-06-01,4,4,3,4,7,8,15
31205,PUERTO VILLARROEL,desnutricion aguda,desnutricion leve (l),2007-06-01,66,58,58,67,124,125,249
51101,PUNA,desnutricion aguda,desnutricion leve (l),2007-06-01,86,73,79,124,165,197,362
31401,PUNATA,desnutricion aguda,desnutricion leve (l),2007-06-01,35,37,21,15,56,52,108
30901,QUILLACOLLO,desnutricion aguda,desnutricion leve (l),2007-06-01,69,79,79,58,148,137,285
21002,QUIME,desnutricion aguda,desnutricion leve (l),2007-06-01,13,7,16,8,29,15,44
70904,QUIRUSILLAS,desnutricion aguda,desnutricion leve (l),2007-06-01,3,1,1,2,4,3,7
50402,RAVELO,desnutricion aguda,desnutricion leve (l),2007-06-01,97,92,132,113,229,205,434
80301,REYES,desnutricion aguda,desnutricion leve (l),2007-06-01,14,36,48,38,62,74,136
80201,RIBERALTA,desnutricion aguda,desnutricion leve (l),2007-06-01,194,274,125,133,319,407,726
70503,ROBORE,desnutricion aguda,desnutricion leve (l),2007-06-01,31,20,13,12,44,32,76
80304,RURRENABAQUE,desnutricion aguda,desnutricion leve (l),2007-06-01,15,8,11,17,26,25,51
40901,SABAYA,desnutricion aguda,desnutricion leve (l),2007-06-01,5,8,3,2,8,10,18
31001,SACABA,desnutricion aguda,desnutricion leve (l),2007-06-01,73,78,64,84,137,162,299
30404,SACABAMBA,desnutricion aguda,desnutricion leve (l),2007-06-01,6,6,2,8,8,14,22
50701,SACACA,desnutricion aguda,desnutricion leve (l),2007-06-01,152,149,276,264,428,413,841
71302,SAIPINA,desnutricion aguda,desnutricion leve (l),2007-06-01,7,1,4,5,11,6,17
40801,SALINAS DE GARCI MENDOZA,desnutricion aguda,desnutricion leve (l),2007-06-01,15,9,14,14,29,23,52
70901,SAMAIPATA,desnutricion aguda,desnutricion leve (l),2007-06-01,9,3,4,4,13,7,20
51601,SAN AGUSTIN,desnutricion aguda,desnutricion leve (l),2007-06-01,1,5,3,9,4,14,18
80602,SAN ANDRES,desnutricion aguda,desnutricion leve (l),2007-06-01,10,15,6,3,16,18,34
51003,SAN ANTONIO DE ESMORUCO,desnutricion aguda,desnutricion leve (l),2007-06-01,0,0,1,0,1,0,1
71105,SAN ANTONIO DE LOMERIO,desnutricion aguda,desnutricion leve (l),2007-06-01,22,25,26,22,48,47,95
31403,SAN BENITO,desnutricion aguda,desnutricion leve (l),2007-06-01,39,30,42,24,81,54,135
80302,SAN BORJA,desnutricion aguda,desnutricion leve (l),2007-06-01,58,61,51,25,109,86,195
70402,SAN CARLOS,desnutricion aguda,desnutricion leve (l),2007-06-01,26,35,18,12,44,47,91
80501,SAN IGNACIO,desnutricion aguda,desnutricion leve (l),2007-06-01,88,61,40,42,128,103,231
70301,SAN IGNACIO DE VELASCO,desnutricion aguda,desnutricion leve (l),2007-06-01,80,97,69,112,149,209,358
80102,SAN JAVIER(BNI),desnutricion aguda,desnutricion leve (l),2007-06-01,3,5,2,3,5,8,13
71102,SAN JAVIER(STC),desnutricion aguda,desnutricion leve (l),2007-06-01,5,6,2,2,7,8,15
80701,SAN JOAQUIN,desnutricion aguda,desnutricion leve (l),2007-06-01,0,0,19,23,19,23,42
70501,SAN JOSE DE CHIQUITOS,desnutricion aguda,desnutricion leve (l),2007-06-01,10,19,10,6,20,25,45
70404,SAN JUAN DE YAPACANI,desnutricion aguda,desnutricion leve (l),2007-06-01,8,21,12,14,20,35,55
71104,SAN JULIAN,desnutricion aguda,desnutricion leve (l),2007-06-01,21,18,24,34,45,52,97
90302,SAN LORENZO(PND),desnutricion aguda,desnutricion leve (l),2007-06-01,16,5,19,17,35,22,57
60501,SAN LORENZO(TJA),desnutricion aguda,desnutricion leve (l),2007-06-01,50,48,53,61,103,109,212
10702,SAN LUCAS,desnutricion aguda,desnutricion leve (l),2007-06-01,233,208,292,276,525,484,1009
71201,SAN MATIAS,desnutricion aguda,desnutricion leve (l),2007-06-01,14,13,27,32,41,45,86
70302,SAN MIGUEL DE VELASCO,desnutricion aguda,desnutricion leve (l),2007-06-01,11,15,9,16,20,31,51
51001,SAN PABLO DE LIPEZ,desnutricion aguda,desnutricion leve (l),2007-06-01,15,10,14,11,29,21,50
71005,SAN PEDRO,desnutricion aguda,desnutricion leve (l),2007-06-01,25,24,18,23,43,47,90
50501,SAN PEDRO DE BUENA VISTA,desnutricion aguda,desnutricion leve (l),2007-06-01,121,97,166,174,287,271,558
50902,SAN PEDRO DE QUEMES,desnutricion aguda,desnutricion leve (l),2007-06-01,0,0,0,1,0,1,1
90202,SAN PEDRO(PND),desnutricion aguda,desnutricion leve (l),2007-06-01,9,4,4,6,13,10,23
70303,SAN RAFAEL,desnutricion aguda,desnutricion leve (l),2007-06-01,11,15,2,7,13,22,35
80702,SAN RAMON,desnutricion aguda,desnutricion leve (l),2007-06-01,9,6,1,2,10,8,18
80702,SAN RAMON,desnutricion aguda,desnutricion leve (l),2007-06-01,4,3,1,0,5,3,8
80401,SANTA ANA,desnutricion aguda,desnutricion leve (l),2007-06-01,50,33,8,19,58,52,110
70101,SANTA CRUZ DE LA SIERRA,desnutricion aguda,desnutricion leve (l),2007-06-01,435,443,214,226,649,669,1318
80303,SANTA ROSA,desnutricion aguda,desnutricion leve (l),2007-06-01,4,7,2,4,6,11,17
70602,SANTA ROSA DEL SARA,desnutricion aguda,desnutricion leve (l),2007-06-01,16,20,10,19,26,39,65
41401,SANTIAGO DE HUARI,desnutricion aguda,desnutricion leve (l),2007-06-01,12,11,16,8,28,19,47
30702,SANTIVAÑES,desnutricion aguda,desnutricion leve (l),2007-06-01,8,17,48,42,56,59,115
40202,SANTUARIO DE QUILLACAS,desnutricion aguda,desnutricion leve (l),2007-06-01,2,4,8,3,10,7,17
90303,SENA,desnutricion aguda,desnutricion leve (l),2007-06-01,3,12,5,4,8,16,24
30703,SICAYA,desnutricion aguda,desnutricion leve (l),2007-06-01,11,17,14,14,25,31,56
30902,SIPE SIPE,desnutricion aguda,desnutricion leve (l),2007-06-01,62,58,36,31,98,89,187
10403,SOPACHUY,desnutricion aguda,desnutricion leve (l),2007-06-01,35,32,59,77,94,109,203
40104,SORACACHI,desnutricion aguda,desnutricion leve (l),2007-06-01,12,14,19,9,31,23,54
10101,SUCRE,desnutricion aguda,desnutricion leve (l),2007-06-01,317,309,297,338,614,647,1261
31404,TACACHI,desnutricion aguda,desnutricion leve (l),2007-06-01,0,1,0,1,0,2,2
50303,TACOBAMBA,desnutricion aguda,desnutricion leve (l),2007-06-01,21,40,26,23,47,63,110
30602,TACOPAYA,desnutricion aguda,desnutricion leve (l),2007-06-01,27,19,47,47,74,66,140
51402,TAHUA,desnutricion aguda,desnutricion leve (l),2007-06-01,1,0,3,2,4,2,6
31101,TAPACARI,desnutricion aguda,desnutricion leve (l),2007-06-01,93,93,99,98,192,191,383
10601,TARABUCO,desnutricion aguda,desnutricion leve (l),2007-06-01,99,75,138,175,237,250,487
30401,TARATA,desnutricion aguda,desnutricion leve (l),2007-06-01,12,12,7,8,19,20,39
60101,TARIJA,desnutricion aguda,desnutricion leve (l),2007-06-01,144,164,136,137,280,301,581
10202,TARVITA,desnutricion aguda,desnutricion leve (l),2007-06-01,72,79,97,127,169,206,375
50102,TINGUIPAYA,desnutricion aguda,desnutricion leve (l),2007-06-01,87,91,129,106,216,197,413
30903,TIQUIPAYA,desnutricion aguda,desnutricion leve (l),2007-06-01,16,10,14,11,30,21,51
31601,TIRAQUE (CBBA),desnutricion aguda,desnutricion leve (l),2007-06-01,78,62,63,63,141,125,266
30802,TOCO,desnutricion aguda,desnutricion leve (l),2007-06-01,14,5,28,17,42,22,64
41502,TODOS SANTOS,desnutricion aguda,desnutricion leve (l),2007-06-01,4,0,0,0,4,0,4
30803,TOLATA,desnutricion aguda,desnutricion leve (l),2007-06-01,3,1,0,1,3,2,5
41001,TOLEDO,desnutricion aguda,desnutricion leve (l),2007-06-01,3,6,4,3,7,9,16
51202,TOMAVE,desnutricion aguda,desnutricion leve (l),2007-06-01,47,30,64,43,111,73,184
10402,TOMINA,desnutricion aguda,desnutricion leve (l),2007-06-01,54,49,73,89,127,138,265
50502,TORO TORO,desnutricion aguda,desnutricion leve (l),2007-06-01,39,52,37,39,76,91,167
31201,TOTORA(CBBA),desnutricion aguda,desnutricion leve (l),2007-06-01,42,22,34,46,76,68,144
41301,TOTORA(ORR),desnutricion aguda,desnutricion leve (l),2007-06-01,3,4,9,3,12,7,19
70802,TRIGAL,desnutricion aguda,desnutricion leve (l),2007-06-01,2,0,3,4,5,4,9
80101,TRINIDAD,desnutricion aguda,desnutricion leve (l),2007-06-01,142,143,76,91,218,234,452
50801,TUPIZA,desnutricion aguda,desnutricion leve (l),2007-06-01,65,53,86,84,151,137,288
40402,TURCO,desnutricion aguda,desnutricion leve (l),2007-06-01,1,2,1,3,2,5,7
50201,UNCIA,desnutricion aguda,desnutricion leve (l),2007-06-01,79,52,109,76,188,128,316
60401,URIONDO (A. CONCEPCION),desnutricion aguda,desnutricion leve (l),2007-06-01,19,16,26,25,45,41,86
71502,URUBICHA,desnutricion aguda,desnutricion leve (l),2007-06-01,22,18,15,42,37,60,97
51201,UYUNI,desnutricion aguda,desnutricion leve (l),2007-06-01,40,33,46,49,86,82,168
30502,VACAS,desnutricion aguda,desnutricion leve (l),2007-06-01,28,22,17,18,45,40,85
70801,VALLEGRANDE,desnutricion aguda,desnutricion leve (l),2007-06-01,14,7,12,13,26,20,46
20801,VIACHA,desnutricion aguda,desnutricion leve (l),2007-06-01,47,46,42,25,89,71,160
31302,VILA VILA,desnutricion aguda,desnutricion leve (l),2007-06-01,5,9,6,6,11,15,26
60303,VILLA MONTES,desnutricion aguda,desnutricion leve (l),2007-06-01,13,19,18,20,31,39,70
90502,VILLA NUEVA (LOMA ALTA),desnutricion aguda,desnutricion leve (l),2007-06-01,5,7,4,2,9,9,18
31402,VILLA RIVERO,desnutricion aguda,desnutricion leve (l),2007-06-01,4,13,12,11,16,24,40
10801,VILLA SERRANO,desnutricion aguda,desnutricion leve (l),2007-06-01,34,52,79,87,113,139,252
31003,VILLA TUNARI,desnutricion aguda,desnutricion leve (l),2007-06-01,90,99,80,104,170,203,373
11001,VILLA VACA GUZMAN (MUYUPAMPA),desnutricion aguda,desnutricion leve (l),2007-06-01,20,17,23,24,43,41,84
51501,VILLAZON,desnutricion aguda,desnutricion leve (l),2007-06-01,70,69,44,54,114,123,237
30904,VINTO,desnutricion aguda,desnutricion leve (l),2007-06-01,50,33,2,4,52,37,89
50602,VITICHI,desnutricion aguda,desnutricion leve (l),2007-06-01,36,35,57,63,93,98,191
70201,WARNES,desnutricion aguda,desnutricion leve (l),2007-06-01,48,44,18,20,66,64,130
60301,YACUIBA,desnutricion aguda,desnutricion leve (l),2007-06-01,56,53,38,55,94,108,202
10602,YAMPARAEZ,desnutricion aguda,desnutricion leve (l),2007-06-01,52,36,89,90,141,126,267
70403,YAPACANI,desnutricion aguda,desnutricion leve (l),2007-06-01,49,22,23,29,72,51,123
50103,YOCALLA,desnutricion aguda,desnutricion leve (l),2007-06-01,6,5,3,13,9,18,27
10102,YOTALA,desnutricion aguda,desnutricion leve (l),2007-06-01,23,11,31,42,54,53,107
60402,YUNCHARA,desnutricion aguda,desnutricion leve (l),2007-06-01,15,8,32,29,47,37,84
10301,ZUDAÑEZ,desnutricion aguda,desnutricion leve (l),2007-06-01,43,33,52,56,95,89,184
51302,ACACIO,desnutricion aguda,desnutricion leve (l),2007-07-01,43,33,49,47,92,80,172
20104,ACHOCALLA,desnutricion aguda,desnutricion leve (l),2007-07-01,2,0,0,1,2,1,3
30201,AIQUILE,desnutricion aguda,desnutricion leve (l),2007-07-01,23,29,48,34,71,63,134
31303,ALALAY,desnutricion aguda,desnutricion leve (l),2007-07-01,13,13,17,12,30,25,55
10404,ALCALA,desnutricion aguda,desnutricion leve (l),2007-07-01,16,16,23,36,39,52,91
41201,ANDAMARCA,desnutricion aguda,desnutricion leve (l),2007-07-01,2,0,0,0,2,0,2
40603,ANTEQUERA,desnutricion aguda,desnutricion leve (l),2007-07-01,3,6,2,5,5,11,16
30402,ANZALDO,desnutricion aguda,desnutricion leve (l),2007-07-01,4,9,16,20,20,29,49
51301,ARAMPAMPA,desnutricion aguda,desnutricion leve (l),2007-07-01,20,20,30,35,50,55,105
30501,ARANI,desnutricion aguda,desnutricion leve (l),2007-07-01,7,9,17,20,24,29,53
30403,ARBIETO,desnutricion aguda,desnutricion leve (l),2007-07-01,4,5,7,10,11,15,26
30601,ARQUE,desnutricion aguda,desnutricion leve (l),2007-07-01,34,31,20,36,54,67,121
50802,ATOCHA,desnutricion aguda,desnutricion leve (l),2007-07-01,18,18,12,15,30,33,63
30301,AYOPAYA (V. DE INDEPENDENCIA),desnutricion aguda,desnutricion leve (l),2007-07-01,52,52,40,41,92,93,185
10201,AZURDUY,desnutricion aguda,desnutricion leve (l),2007-07-01,49,45,68,87,117,132,249
80802,BAURES,desnutricion aguda,desnutricion leve (l),2007-07-01,5,9,2,13,7,22,29
41202,BELEN DE ANDAMARCA,desnutricion aguda,desnutricion leve (l),2007-07-01,1,0,0,0,1,0,1
50104,BELEN DE URMIRI,desnutricion aguda,desnutricion leve (l),2007-07-01,6,2,2,3,8,5,13
90104,BELLA FLOR,desnutricion aguda,desnutricion leve (l),2007-07-01,3,7,10,5,13,12,25
60202,BERMEJO,desnutricion aguda,desnutricion leve (l),2007-07-01,16,10,25,15,41,25,66
50301,BETANZOS,desnutricion aguda,desnutricion leve (l),2007-07-01,73,77,98,119,171,196,367
31501,BOLIVAR,desnutricion aguda,desnutricion leve (l),2007-07-01,33,45,44,44,77,89,166
90103,BOLPEBRA,desnutricion aguda,desnutricion leve (l),2007-07-01,8,0,2,4,10,4,14
70707,BOYUIBE,desnutricion aguda,desnutricion leve (l),2007-07-01,5,10,7,8,12,18,30
70401,BUENA VISTA,desnutricion aguda,desnutricion leve (l),2007-07-01,9,10,4,8,13,18,31
70703,CABEZAS,desnutricion aguda,desnutricion leve (l),2007-07-01,34,36,23,21,57,57,114
51102,"CAIZA ""D""",desnutricion aguda,desnutricion leve (l),2007-07-01,12,6,17,11,29,17,46
21003,CAJUATA,desnutricion aguda,desnutricion leve (l),2007-07-01,5,6,12,8,17,14,31
10701,CAMARGO,desnutricion aguda,desnutricion leve (l),2007-07-01,37,40,54,63,91,103,194
10901,CAMATAQUI (C. VILLA ABECIA),desnutricion aguda,desnutricion leve (l),2007-07-01,10,8,10,12,20,20,40
70706,CAMIRI,desnutricion aguda,desnutricion leve (l),2007-07-01,32,67,39,41,71,108,179
30701,CAPINOTA,desnutricion aguda,desnutricion leve (l),2007-07-01,40,24,38,31,78,55,133
40102,CARACOLLO,desnutricion aguda,desnutricion leve (l),2007-07-01,17,21,11,14,28,35,63
60302,CARAPARI,desnutricion aguda,desnutricion leve (l),2007-07-01,3,10,9,10,12,20,32
50702,CARIPUYO,desnutricion aguda,desnutricion leve (l),2007-07-01,54,31,58,70,112,101,213
71403,CARMEN RIVERO TORREZ,desnutricion aguda,desnutricion leve (l),2007-07-01,10,9,15,7,25,16,41
40201,CHALLAPATA,desnutricion aguda,desnutricion leve (l),2007-07-01,25,35,17,38,42,73,115
50302,CHAQUI,desnutricion aguda,desnutricion leve (l),2007-07-01,10,19,25,17,35,36,71
70702,CHARAGUA,desnutricion aguda,desnutricion leve (l),2007-07-01,41,24,18,26,59,50,109
50202,CHAYANTA,desnutricion aguda,desnutricion leve (l),2007-07-01,23,29,60,57,83,86,169
31204,CHIMORE,desnutricion aguda,desnutricion leve (l),2007-07-01,19,23,24,36,43,59,102
40903,CHIPAYA,desnutricion aguda,desnutricion leve (l),2007-07-01,0,3,4,2,4,5,9
40302,CHOQUE COTA,desnutricion aguda,desnutricion leve (l),2007-07-01,2,0,2,1,4,1,5
90101,COBIJA,desnutricion aguda,desnutricion leve (l),2007-07-01,56,45,26,32,82,77,159
30101,COCHABAMBA,desnutricion aguda,desnutricion leve (l),2007-07-01,255,279,160,187,415,466,881
30905,COLCAPIRHUA,desnutricion aguda,desnutricion leve (l),2007-07-01,39,38,20,24,59,62,121
50901,"COLCHA ""K""",desnutricion aguda,desnutricion leve (l),2007-07-01,13,15,9,8,22,23,45
31002,COLOMI,desnutricion aguda,desnutricion leve (l),2007-07-01,31,28,15,21,46,49,95
70603,COLPA BELGICA,desnutricion aguda,desnutricion leve (l),2007-07-01,6,2,4,4,10,6,16
50401,COLQUECHACA,desnutricion aguda,desnutricion leve (l),2007-07-01,110,70,88,72,198,142,340
21004,COLQUIRI,desnutricion aguda,desnutricion leve (l),2007-07-01,22,19,10,10,32,29,61
71301,COMARAPA,desnutricion aguda,desnutricion leve (l),2007-07-01,13,10,12,17,25,27,52
71101,CONCEPCION,desnutricion aguda,desnutricion leve (l),2007-07-01,15,22,10,7,25,29,54
40301,CORQUE,desnutricion aguda,desnutricion leve (l),2007-07-01,6,7,3,1,9,8,17
50601,COTAGAITA,desnutricion aguda,desnutricion leve (l),2007-07-01,29,39,29,40,58,79,137
70102,COTOCA,desnutricion aguda,desnutricion leve (l),2007-07-01,27,40,34,35,61,75,136
71106,CUATRO CAÑADAS,desnutricion aguda,desnutricion leve (l),2007-07-01,11,10,7,8,18,18,36
31405,CUCHUMUELA (V. G. VILLARROEL),desnutricion aguda,desnutricion leve (l),2007-07-01,2,2,1,0,3,2,5
70704,CUEVO,desnutricion aguda,desnutricion leve (l),2007-07-01,2,12,7,10,9,22,31
10902,CULPINA,desnutricion aguda,desnutricion leve (l),2007-07-01,68,96,84,101,152,197,349
40401,CURAHUARA DE CARANGAS,desnutricion aguda,desnutricion leve (l),2007-07-01,0,0,1,0,1,0,1
40103,EL CHORO,desnutricion aguda,desnutricion leve (l),2007-07-01,1,2,0,0,1,2,3
60502,EL PUENTE(TJA),desnutricion aguda,desnutricion leve (l),2007-07-01,2,9,8,11,10,20,30
70105,EL TORNO,desnutricion aguda,desnutricion leve (l),2007-07-01,22,23,14,12,36,35,71
10405,EL VILLAR,desnutricion aguda,desnutricion leve (l),2007-07-01,14,21,21,28,35,49,84
60601,ENTRE RIOS,desnutricion aguda,desnutricion leve (l),2007-07-01,7,15,27,28,34,43,77
60601,ENTRE RIOS,desnutricion aguda,desnutricion leve (l),2007-07-01,37,33,29,39,66,72,138
40502,ESCARA,desnutricion aguda,desnutricion leve (l),2007-07-01,0,0,1,0,1,0,1
40505,ESMERALDA,desnutricion aguda,desnutricion leve (l),2007-07-01,0,0,0,1,0,1,1
41101,EUCALIPTUS,desnutricion aguda,desnutricion leve (l),2007-07-01,4,2,3,0,7,2,9
90503,EUREKA (SANTOS MERCADO),desnutricion aguda,desnutricion leve (l),2007-07-01,0,0,0,1,0,1,1
80402,EXALTACION,desnutricion aguda,desnutricion leve (l),2007-07-01,2,4,3,5,5,9,14
71004,FERNANDEZ ALONSO,desnutricion aguda,desnutricion leve (l),2007-07-01,12,11,5,11,17,22,39
90203,FILADELFIA,desnutricion aguda,desnutricion leve (l),2007-07-01,5,4,6,1,11,5,16
71002,GENERAL SAAVEDRA,desnutricion aguda,desnutricion leve (l),2007-07-01,15,18,15,21,30,39,69
80202,GUAYARAMERIN,desnutricion aguda,desnutricion leve (l),2007-07-01,69,42,23,48,92,90,182
70705,GUTIERREZ,desnutricion aguda,desnutricion leve (l),2007-07-01,38,40,54,46,92,86,178
10502,HUACARETA,desnutricion aguda,desnutricion leve (l),2007-07-01,12,10,16,15,28,25,53
11002,HUACAYA (VILLA DE HUACAYA),desnutricion aguda,desnutricion leve (l),2007-07-01,6,5,3,9,9,14,23
40501,HUACHACALLA,desnutricion aguda,desnutricion leve (l),2007-07-01,0,0,0,1,0,1,1
40701,HUANUNI,desnutricion aguda,desnutricion leve (l),2007-07-01,5,3,6,2,11,5,16
80803,HUARACAJE,desnutricion aguda,desnutricion leve (l),2007-07-01,3,5,5,2,8,7,15
41601,HUAYLLAMARCA,desnutricion aguda,desnutricion leve (l),2007-07-01,5,1,1,3,6,4,10
21005,ICHOCA,desnutricion aguda,desnutricion leve (l),2007-07-01,5,5,3,4,8,9,17
10304,ICLA,desnutricion aguda,desnutricion leve (l),2007-07-01,29,24,41,29,70,53,123
10703,INCAHUASI,desnutricion aguda,desnutricion leve (l),2007-07-01,103,116,130,128,233,244,477
90402,INGAVI (HUMAITA),desnutricion aguda,desnutricion leve (l),2007-07-01,1,0,0,0,1,0,1
21001,INQUISIVI,desnutricion aguda,desnutricion leve (l),2007-07-01,23,10,20,10,43,20,63
70104,LA GUARDIA,desnutricion aguda,desnutricion leve (l),2007-07-01,55,58,34,21,89,79,168
41501,LA RIVERA,desnutricion aguda,desnutricion leve (l),2007-07-01,0,0,0,2,0,2,2
70701,LAGUNILLAS,desnutricion aguda,desnutricion leve (l),2007-07-01,11,13,22,21,33,34,67
10903,LAS CARRERAS,desnutricion aguda,desnutricion leve (l),2007-07-01,1,5,9,11,10,16,26
21006,LICOMA PAMPA,desnutricion aguda,desnutricion leve (l),2007-07-01,0,1,0,0,0,1,1
50203,LLALLAGUA,desnutricion aguda,desnutricion leve (l),2007-07-01,56,63,85,86,141,149,290
51401,LLICA,desnutricion aguda,desnutricion leve (l),2007-07-01,5,3,0,3,5,6,11
80601,LORETO,desnutricion aguda,desnutricion leve (l),2007-07-01,6,5,1,2,7,7,14
40702,MACHACAMARCA,desnutricion aguda,desnutricion leve (l),2007-07-01,0,0,0,1,0,1,1
11003,MACHARETI,desnutricion aguda,desnutricion leve (l),2007-07-01,14,9,20,10,34,19,53
80801,MAGDALENA,desnutricion aguda,desnutricion leve (l),2007-07-01,9,5,3,4,12,9,21
70903,MAIRANA,desnutricion aguda,desnutricion leve (l),2007-07-01,5,2,6,9,11,11,22
20103,MECAPACA,desnutricion aguda,desnutricion leve (l),2007-07-01,6,11,11,18,17,29,46
71003,MINEROS,desnutricion aguda,desnutricion leve (l),2007-07-01,18,28,12,19,30,47,77
31301,MIZQUE,desnutricion aguda,desnutricion leve (l),2007-07-01,60,56,38,48,98,104,202
51002,MOJINETE,desnutricion aguda,desnutricion leve (l),2007-07-01,0,3,3,7,3,10,13
10303,MOJOCOYA,desnutricion aguda,desnutricion leve (l),2007-07-01,11,27,32,42,43,69,112
10501,MONTEAGUDO,desnutricion aguda,desnutricion leve (l),2007-07-01,41,31,58,70,99,101,200
71001,MONTERO,desnutricion aguda,desnutricion leve (l),2007-07-01,107,103,66,81,173,184,357
70803,MORO MORO,desnutricion aguda,desnutricion leve (l),2007-07-01,1,10,3,4,4,14,18
30302,MOROCHATA,desnutricion aguda,desnutricion leve (l),2007-07-01,50,59,60,53,110,112,222
90401,NACEBE (SANTA ROSA DEL ABUNA),desnutricion aguda,desnutricion leve (l),2007-07-01,0,7,4,5,4,12,16
90501,NUEVO MANOA (NUEVA ESPERANZA),desnutricion aguda,desnutricion leve (l),2007-07-01,5,4,4,1,9,5,14
50404,OCURI,desnutricion aguda,desnutricion leve (l),2007-07-01,51,56,71,63,122,119,241
70202,OKINAWA,desnutricion aguda,desnutricion leve (l),2007-07-01,8,9,6,9,14,18,32
30203,OMEREQUE,desnutricion aguda,desnutricion leve (l),2007-07-01,9,10,16,13,25,23,48
40101,ORURO,desnutricion aguda,desnutricion leve (l),2007-07-01,200,165,101,88,301,253,554
60201,PADCAYA,desnutricion aguda,desnutricion leve (l),2007-07-01,7,8,9,20,16,28,44
10401,PADILLA,desnutricion aguda,desnutricion leve (l),2007-07-01,42,35,58,89,100,124,224
70502,PAILON,desnutricion aguda,desnutricion leve (l),2007-07-01,15,17,6,10,21,27,48
20102,PALCA,desnutricion aguda,desnutricion leve (l),2007-07-01,20,16,9,22,29,38,67
70902,PAMPA GRANDE,desnutricion aguda,desnutricion leve (l),2007-07-01,4,7,4,3,8,10,18
30202,PASORAPA,desnutricion aguda,desnutricion leve (l),2007-07-01,6,2,8,14,14,16,30
40602,PAZÑA,desnutricion aguda,desnutricion leve (l),2007-07-01,1,2,3,1,4,3,7
50403,POCOATA,desnutricion aguda,desnutricion leve (l),2007-07-01,53,68,63,79,116,147,263
31203,POCONA,desnutricion aguda,desnutricion leve (l),2007-07-01,16,11,16,8,32,19,51
31202,POJO (CBBA),desnutricion aguda,desnutricion leve (l),2007-07-01,31,29,35,36,66,65,131
40601,POOPO,desnutricion aguda,desnutricion leve (l),2007-07-01,2,5,3,2,5,7,12
51203,PORCO,desnutricion aguda,desnutricion leve (l),2007-07-01,15,18,10,7,25,25,50
10103,POROMA,desnutricion aguda,desnutricion leve (l),2007-07-01,86,77,86,81,172,158,330
70103,PORONGO,desnutricion aguda,desnutricion leve (l),2007-07-01,9,6,6,9,15,15,30
70601,PORTACHUELO,desnutricion aguda,desnutricion leve (l),2007-07-01,16,20,12,9,28,29,57
90102,PORVENIR,desnutricion aguda,desnutricion leve (l),2007-07-01,8,6,10,6,18,12,30
70804,POSTRER VALLE,desnutricion aguda,desnutricion leve (l),2007-07-01,4,3,2,8,6,11,17
50101,POTOSI,desnutricion aguda,desnutricion leve (l),2007-07-01,314,306,180,168,494,474,968
10302,PRESTO,desnutricion aguda,desnutricion leve (l),2007-07-01,41,25,41,35,82,60,142
70805,PUCARA,desnutricion aguda,desnutricion leve (l),2007-07-01,8,7,4,6,12,13,25
90301,PUERTO GONZALO MORENO,desnutricion aguda,desnutricion leve (l),2007-07-01,13,21,10,12,23,33,56
71402,PUERTO QUIJARRO,desnutricion aguda,desnutricion leve (l),2007-07-01,12,9,6,8,18,17,35
90201,PUERTO RICO,desnutricion aguda,desnutricion leve (l),2007-07-01,18,13,25,23,43,36,79
80703,PUERTO SILES,desnutricion aguda,desnutricion leve (l),2007-07-01,15,12,7,6,22,18,40
71401,PUERTO SUAREZ,desnutricion aguda,desnutricion leve (l),2007-07-01,5,16,1,8,6,24,30
31205,PUERTO VILLARROEL,desnutricion aguda,desnutricion leve (l),2007-07-01,56,50,58,50,114,100,214
51101,PUNA,desnutricion aguda,desnutricion leve (l),2007-07-01,90,105,128,143,218,248,466
31401,PUNATA,desnutricion aguda,desnutricion leve (l),2007-07-01,24,32,22,19,46,51,97
30901,QUILLACOLLO,desnutricion aguda,desnutricion leve (l),2007-07-01,56,24,46,36,102,60,162
21002,QUIME,desnutricion aguda,desnutricion leve (l),2007-07-01,6,6,2,1,8,7,15
70904,QUIRUSILLAS,desnutricion aguda,desnutricion leve (l),2007-07-01,0,1,0,3,0,4,4
50402,RAVELO,desnutricion aguda,desnutricion leve (l),2007-07-01,87,69,93,94,180,163,343
80301,REYES,desnutricion aguda,desnutricion leve (l),2007-07-01,6,9,17,16,23,25,48
80201,RIBERALTA,desnutricion aguda,desnutricion leve (l),2007-07-01,200,295,73,80,273,375,648
70503,ROBORE,desnutricion aguda,desnutricion leve (l),2007-07-01,10,14,8,3,18,17,35
80304,RURRENABAQUE,desnutricion aguda,desnutricion leve (l),2007-07-01,15,9,2,4,17,13,30
40901,SABAYA,desnutricion aguda,desnutricion leve (l),2007-07-01,1,2,4,0,5,2,7
31001,SACABA,desnutricion aguda,desnutricion leve (l),2007-07-01,103,111,98,95,201,206,407
30404,SACABAMBA,desnutricion aguda,desnutricion leve (l),2007-07-01,8,4,4,6,12,10,22
50701,SACACA,desnutricion aguda,desnutricion leve (l),2007-07-01,92,101,117,117,209,218,427
71302,SAIPINA,desnutricion aguda,desnutricion leve (l),2007-07-01,6,5,6,4,12,9,21
40801,SALINAS DE GARCI MENDOZA,desnutricion aguda,desnutricion leve (l),2007-07-01,13,9,10,11,23,20,43
70901,SAMAIPATA,desnutricion aguda,desnutricion leve (l),2007-07-01,13,9,2,4,15,13,28
51601,SAN AGUSTIN,desnutricion aguda,desnutricion leve (l),2007-07-01,0,4,1,3,1,7,8
80602,SAN ANDRES,desnutricion aguda,desnutricion leve (l),2007-07-01,9,13,11,7,20,20,40
51003,SAN ANTONIO DE ESMORUCO,desnutricion aguda,desnutricion leve (l),2007-07-01,0,2,0,0,0,2,2
71105,SAN ANTONIO DE LOMERIO,desnutricion aguda,desnutricion leve (l),2007-07-01,25,28,23,36,48,64,112
31403,SAN BENITO,desnutricion aguda,desnutricion leve (l),2007-07-01,23,25,15,18,38,43,81
80302,SAN BORJA,desnutricion aguda,desnutricion leve (l),2007-07-01,53,53,44,40,97,93,190
70402,SAN CARLOS,desnutricion aguda,desnutricion leve (l),2007-07-01,21,24,9,13,30,37,67
80501,SAN IGNACIO,desnutricion aguda,desnutricion leve (l),2007-07-01,37,34,32,28,69,62,131
70301,SAN IGNACIO DE VELASCO,desnutricion aguda,desnutricion leve (l),2007-07-01,77,105,81,96,158,201,359
80102,SAN JAVIER(BNI),desnutricion aguda,desnutricion leve (l),2007-07-01,3,3,3,3,6,6,12
71102,SAN JAVIER(STC),desnutricion aguda,desnutricion leve (l),2007-07-01,5,4,2,7,7,11,18
80701,SAN JOAQUIN,desnutricion aguda,desnutricion leve (l),2007-07-01,1,0,9,6,10,6,16
70501,SAN JOSE DE CHIQUITOS,desnutricion aguda,desnutricion leve (l),2007-07-01,13,10,4,10,17,20,37
70404,SAN JUAN DE YAPACANI,desnutricion aguda,desnutricion leve (l),2007-07-01,10,14,10,17,20,31,51
71104,SAN JULIAN,desnutricion aguda,desnutricion leve (l),2007-07-01,26,13,40,30,66,43,109
90302,SAN LORENZO(PND),desnutricion aguda,desnutricion leve (l),2007-07-01,0,1,2,8,2,9,11
60501,SAN LORENZO(TJA),desnutricion aguda,desnutricion leve (l),2007-07-01,28,24,34,35,62,59,121
10702,SAN LUCAS,desnutricion aguda,desnutricion leve (l),2007-07-01,203,203,236,276,439,479,918
71201,SAN MATIAS,desnutricion aguda,desnutricion leve (l),2007-07-01,6,7,10,10,16,17,33
70302,SAN MIGUEL DE VELASCO,desnutricion aguda,desnutricion leve (l),2007-07-01,18,15,8,12,26,27,53
51001,SAN PABLO DE LIPEZ,desnutricion aguda,desnutricion leve (l),2007-07-01,8,6,7,3,15,9,24
71005,SAN PEDRO,desnutricion aguda,desnutricion leve (l),2007-07-01,18,13,10,14,28,27,55
50501,SAN PEDRO DE BUENA VISTA,desnutricion aguda,desnutricion leve (l),2007-07-01,119,124,123,120,242,244,486
90202,SAN PEDRO(PND),desnutricion aguda,desnutricion leve (l),2007-07-01,3,5,2,11,5,16,21
70303,SAN RAFAEL,desnutricion aguda,desnutricion leve (l),2007-07-01,9,14,6,7,15,21,36
80702,SAN RAMON,desnutricion aguda,desnutricion leve (l),2007-07-01,10,21,4,8,14,29,43
80401,SANTA ANA,desnutricion aguda,desnutricion leve (l),2007-07-01,27,28,8,9,35,37,72
70101,SANTA CRUZ DE LA SIERRA,desnutricion aguda,desnutricion leve (l),2007-07-01,291,315,154,165,445,480,925
80303,SANTA ROSA,desnutricion aguda,desnutricion leve (l),2007-07-01,8,7,8,3,16,10,26
70602,SANTA ROSA DEL SARA,desnutricion aguda,desnutricion leve (l),2007-07-01,13,20,11,18,24,38,62
41401,SANTIAGO DE HUARI,desnutricion aguda,desnutricion leve (l),2007-07-01,10,6,8,2,18,8,26
30702,SANTIVAÑES,desnutricion aguda,desnutricion leve (l),2007-07-01,4,10,6,4,10,14,24
40202,SANTUARIO DE QUILLACAS,desnutricion aguda,desnutricion leve (l),2007-07-01,6,0,3,3,9,3,12
90303,SENA,desnutricion aguda,desnutricion leve (l),2007-07-01,7,6,6,4,13,10,23
30703,SICAYA,desnutricion aguda,desnutricion leve (l),2007-07-01,0,4,3,3,3,7,10
30902,SIPE SIPE,desnutricion aguda,desnutricion leve (l),2007-07-01,40,36,34,39,74,75,149
10403,SOPACHUY,desnutricion aguda,desnutricion leve (l),2007-07-01,27,38,41,61,68,99,167
40104,SORACACHI,desnutricion aguda,desnutricion leve (l),2007-07-01,11,7,14,9,25,16,41
10101,SUCRE,desnutricion aguda,desnutricion leve (l),2007-07-01,268,231,260,292,528,523,1051
31404,TACACHI,desnutricion aguda,desnutricion leve (l),2007-07-01,1,1,0,1,1,2,3
50303,TACOBAMBA,desnutricion aguda,desnutricion leve (l),2007-07-01,23,27,17,21,40,48,88
30602,TACOPAYA,desnutricion aguda,desnutricion leve (l),2007-07-01,28,24,29,34,57,58,115
31101,TAPACARI,desnutricion aguda,desnutricion leve (l),2007-07-01,96,99,63,75,159,174,333
10601,TARABUCO,desnutricion aguda,desnutricion leve (l),2007-07-01,126,105,206,210,332,315,647
30401,TARATA,desnutricion aguda,desnutricion leve (l),2007-07-01,15,12,10,6,25,18,43
60101,TARIJA,desnutricion aguda,desnutricion leve (l),2007-07-01,91,106,80,97,171,203,374
10202,TARVITA,desnutricion aguda,desnutricion leve (l),2007-07-01,77,78,99,169,176,247,423
50102,TINGUIPAYA,desnutricion aguda,desnutricion leve (l),2007-07-01,43,43,25,39,68,82,150
30903,TIQUIPAYA,desnutricion aguda,desnutricion leve (l),2007-07-01,39,39,34,43,73,82,155
31601,TIRAQUE (CBBA),desnutricion aguda,desnutricion leve (l),2007-07-01,84,74,67,80,151,154,305
30802,TOCO,desnutricion aguda,desnutricion leve (l),2007-07-01,16,7,11,10,27,17,44
30803,TOLATA,desnutricion aguda,desnutricion leve (l),2007-07-01,4,4,1,1,5,5,10
41001,TOLEDO,desnutricion aguda,desnutricion leve (l),2007-07-01,0,2,5,3,5,5,10
51202,TOMAVE,desnutricion aguda,desnutricion leve (l),2007-07-01,20,20,20,12,40,32,72
10402,TOMINA,desnutricion aguda,desnutricion leve (l),2007-07-01,44,44,57,72,101,116,217
50502,TORO TORO,desnutricion aguda,desnutricion leve (l),2007-07-01,25,25,22,38,47,63,110
31201,TOTORA(CBBA),desnutricion aguda,desnutricion leve (l),2007-07-01,29,28,27,21,56,49,105
41301,TOTORA(ORR),desnutricion aguda,desnutricion leve (l),2007-07-01,1,1,4,0,5,1,6
70802,TRIGAL,desnutricion aguda,desnutricion leve (l),2007-07-01,0,1,1,0,1,1,2
80101,TRINIDAD,desnutricion aguda,desnutricion leve (l),2007-07-01,123,120,58,79,181,199,380
50801,TUPIZA,desnutricion aguda,desnutricion leve (l),2007-07-01,40,47,60,62,100,109,209
40402,TURCO,desnutricion aguda,desnutricion leve (l),2007-07-01,6,3,12,3,18,6,24
50201,UNCIA,desnutricion aguda,desnutricion leve (l),2007-07-01,56,47,53,51,109,98,207
60401,URIONDO (A. CONCEPCION),desnutricion aguda,desnutricion leve (l),2007-07-01,8,9,16,26,24,35,59
51201,UYUNI,desnutricion aguda,desnutricion leve (l),2007-07-01,29,28,32,42,61,70,131
30502,VACAS,desnutricion aguda,desnutricion leve (l),2007-07-01,9,15,13,10,22,25,47
70801,VALLEGRANDE,desnutricion aguda,desnutricion leve (l),2007-07-01,12,12,15,20,27,32,59
20801,VIACHA,desnutricion aguda,desnutricion leve (l),2007-07-01,27,28,22,25,49,53,102
31302,VILA VILA,desnutricion aguda,desnutricion leve (l),2007-07-01,11,5,11,13,22,18,40
60303,VILLA MONTES,desnutricion aguda,desnutricion leve (l),2007-07-01,20,18,11,11,31,29,60
90502,VILLA NUEVA (LOMA ALTA),desnutricion aguda,desnutricion leve (l),2007-07-01,5,7,7,10,12,17,29
31402,VILLA RIVERO,desnutricion aguda,desnutricion leve (l),2007-07-01,6,6,5,5,11,11,22
10801,VILLA SERRANO,desnutricion aguda,desnutricion leve (l),2007-07-01,38,47,66,78,104,125,229
31003,VILLA TUNARI,desnutricion aguda,desnutricion leve (l),2007-07-01,72,85,67,72,139,157,296
11001,VILLA VACA GUZMAN (MUYUPAMPA),desnutricion aguda,desnutricion leve (l),2007-07-01,17,17,15,32,32,49,81
51501,VILLAZON,desnutricion aguda,desnutricion leve (l),2007-07-01,45,42,38,54,83,96,179
30904,VINTO,desnutricion aguda,desnutricion leve (l),2007-07-01,9,9,2,6,11,15,26
50602,VITICHI,desnutricion aguda,desnutricion leve (l),2007-07-01,41,40,56,52,97,92,189
70201,WARNES,desnutricion aguda,desnutricion leve (l),2007-07-01,26,31,23,28,49,59,108
60301,YACUIBA,desnutricion aguda,desnutricion leve (l),2007-07-01,28,36,24,23,52,59,111
10602,YAMPARAEZ,desnutricion aguda,desnutricion leve (l),2007-07-01,50,38,94,86,144,124,268
70403,YAPACANI,desnutricion aguda,desnutricion leve (l),2007-07-01,65,62,52,47,117,109,226
50103,YOCALLA,desnutricion aguda,desnutricion leve (l),2007-07-01,16,6,20,14,36,20,56
10102,YOTALA,desnutricion aguda,desnutricion leve (l),2007-07-01,4,5,5,3,9,8,17
60402,YUNCHARA,desnutricion aguda,desnutricion leve (l),2007-07-01,16,4,26,30,42,34,76
10301,ZUDAÑEZ,desnutricion aguda,desnutricion leve (l),2007-07-01,42,41,55,59,97,100,197
51302,ACACIO,desnutricion aguda,desnutricion leve (l),2007-08-01,27,27,44,36,71,63,134
20104,ACHOCALLA,desnutricion aguda,desnutricion leve (l),2007-08-01,5,3,1,2,6,5,11
30201,AIQUILE,desnutricion aguda,desnutricion leve (l),2007-08-01,32,40,41,43,73,83,156
31303,ALALAY,desnutricion aguda,desnutricion leve (l),2007-08-01,17,14,21,33,38,47,85
10404,ALCALA,desnutricion aguda,desnutricion leve (l),2007-08-01,14,13,21,26,35,39,74
41201,ANDAMARCA,desnutricion aguda,desnutricion leve (l),2007-08-01,5,2,1,1,6,3,9
40603,ANTEQUERA,desnutricion aguda,desnutricion leve (l),2007-08-01,11,3,5,7,16,10,26
30402,ANZALDO,desnutricion aguda,desnutricion leve (l),2007-08-01,15,5,8,11,23,16,39
51301,ARAMPAMPA,desnutricion aguda,desnutricion leve (l),2007-08-01,24,34,31,42,55,76,131
30501,ARANI,desnutricion aguda,desnutricion leve (l),2007-08-01,8,4,11,12,19,16,35
30403,ARBIETO,desnutricion aguda,desnutricion leve (l),2007-08-01,12,13,13,20,25,33,58
30601,ARQUE,desnutricion aguda,desnutricion leve (l),2007-08-01,49,51,61,52,110,103,213
71501,ASCENCION DE GUARAYOS,desnutricion aguda,desnutricion leve (l),2007-08-01,64,73,84,91,148,164,312
50802,ATOCHA,desnutricion aguda,desnutricion leve (l),2007-08-01,27,20,16,15,43,35,78
30301,AYOPAYA (V. DE INDEPENDENCIA),desnutricion aguda,desnutricion leve (l),2007-08-01,68,69,81,90,149,159,308
10201,AZURDUY,desnutricion aguda,desnutricion leve (l),2007-08-01,40,58,72,87,112,145,257
80802,BAURES,desnutricion aguda,desnutricion leve (l),2007-08-01,9,8,4,10,13,18,31
41202,BELEN DE ANDAMARCA,desnutricion aguda,desnutricion leve (l),2007-08-01,2,1,2,3,4,4,8
50104,BELEN DE URMIRI,desnutricion aguda,desnutricion leve (l),2007-08-01,3,1,3,6,6,7,13
90104,BELLA FLOR,desnutricion aguda,desnutricion leve (l),2007-08-01,5,8,16,5,21,13,34
60202,BERMEJO,desnutricion aguda,desnutricion leve (l),2007-08-01,13,10,7,5,20,15,35
50301,BETANZOS,desnutricion aguda,desnutricion leve (l),2007-08-01,115,106,136,154,251,260,511
31501,BOLIVAR,desnutricion aguda,desnutricion leve (l),2007-08-01,27,30,27,39,54,69,123
90103,BOLPEBRA,desnutricion aguda,desnutricion leve (l),2007-08-01,2,2,1,1,3,3,6
70707,BOYUIBE,desnutricion aguda,desnutricion leve (l),2007-08-01,3,3,5,1,8,4,12
70401,BUENA VISTA,desnutricion aguda,desnutricion leve (l),2007-08-01,12,6,6,8,18,14,32
70703,CABEZAS,desnutricion aguda,desnutricion leve (l),2007-08-01,17,31,26,26,43,57,100
51102,"CAIZA ""D""",desnutricion aguda,desnutricion leve (l),2007-08-01,21,14,8,15,29,29,58
21003,CAJUATA,desnutricion aguda,desnutricion leve (l),2007-08-01,12,14,11,12,23,26,49
10701,CAMARGO,desnutricion aguda,desnutricion leve (l),2007-08-01,42,55,81,84,123,139,262
10901,CAMATAQUI (C. VILLA ABECIA),desnutricion aguda,desnutricion leve (l),2007-08-01,17,9,8,14,25,23,48
70706,CAMIRI,desnutricion aguda,desnutricion leve (l),2007-08-01,64,52,48,49,112,101,213
30701,CAPINOTA,desnutricion aguda,desnutricion leve (l),2007-08-01,55,67,68,67,123,134,257
40102,CARACOLLO,desnutricion aguda,desnutricion leve (l),2007-08-01,17,11,11,10,28,21,49
60302,CARAPARI,desnutricion aguda,desnutricion leve (l),2007-08-01,12,13,8,10,20,23,43
50702,CARIPUYO,desnutricion aguda,desnutricion leve (l),2007-08-01,50,40,63,89,113,129,242
71403,CARMEN RIVERO TORREZ,desnutricion aguda,desnutricion leve (l),2007-08-01,7,8,2,8,9,16,25
40201,CHALLAPATA,desnutricion aguda,desnutricion leve (l),2007-08-01,21,34,28,35,49,69,118
50302,CHAQUI,desnutricion aguda,desnutricion leve (l),2007-08-01,17,15,31,31,48,46,94
70702,CHARAGUA,desnutricion aguda,desnutricion leve (l),2007-08-01,27,24,21,30,48,54,102
50202,CHAYANTA,desnutricion aguda,desnutricion leve (l),2007-08-01,49,49,89,107,138,156,294
31204,CHIMORE,desnutricion aguda,desnutricion leve (l),2007-08-01,32,27,38,25,70,52,122
40903,CHIPAYA,desnutricion aguda,desnutricion leve (l),2007-08-01,0,1,0,8,0,9,9
40302,CHOQUE COTA,desnutricion aguda,desnutricion leve (l),2007-08-01,3,1,1,2,4,3,7
90101,COBIJA,desnutricion aguda,desnutricion leve (l),2007-08-01,66,57,48,49,114,106,220
30101,COCHABAMBA,desnutricion aguda,desnutricion leve (l),2007-08-01,370,328,234,259,604,587,1191
40902,COIPASA,desnutricion aguda,desnutricion leve (l),2007-08-01,11,11,11,13,22,24,46
30905,COLCAPIRHUA,desnutricion aguda,desnutricion leve (l),2007-08-01,65,36,37,35,102,71,173
50901,"COLCHA ""K""",desnutricion aguda,desnutricion leve (l),2007-08-01,31,23,8,22,39,45,84
31002,COLOMI,desnutricion aguda,desnutricion leve (l),2007-08-01,35,43,45,56,80,99,179
70603,COLPA BELGICA,desnutricion aguda,desnutricion leve (l),2007-08-01,5,1,6,6,11,7,18
50401,COLQUECHACA,desnutricion aguda,desnutricion leve (l),2007-08-01,100,77,86,77,186,154,340
21004,COLQUIRI,desnutricion aguda,desnutricion leve (l),2007-08-01,23,17,9,8,32,25,57
71301,COMARAPA,desnutricion aguda,desnutricion leve (l),2007-08-01,24,18,13,12,37,30,67
71101,CONCEPCION,desnutricion aguda,desnutricion leve (l),2007-08-01,20,16,12,18,32,34,66
40301,CORQUE,desnutricion aguda,desnutricion leve (l),2007-08-01,3,5,3,4,6,9,15
50601,COTAGAITA,desnutricion aguda,desnutricion leve (l),2007-08-01,53,81,81,73,134,154,288
70102,COTOCA,desnutricion aguda,desnutricion leve (l),2007-08-01,48,75,34,43,82,118,200
71106,CUATRO CAÑADAS,desnutricion aguda,desnutricion leve (l),2007-08-01,6,25,15,17,21,42,63
31405,CUCHUMUELA (V. G. VILLARROEL),desnutricion aguda,desnutricion leve (l),2007-08-01,6,3,3,1,9,4,13
70704,CUEVO,desnutricion aguda,desnutricion leve (l),2007-08-01,1,0,1,0,2,0,2
10902,CULPINA,desnutricion aguda,desnutricion leve (l),2007-08-01,74,83,120,114,194,197,391
40401,CURAHUARA DE CARANGAS,desnutricion aguda,desnutricion leve (l),2007-08-01,3,1,2,0,5,1,6
21602,CURVA,desnutricion aguda,desnutricion leve (l),2007-08-01,4,5,6,2,10,7,17
40103,EL CHORO,desnutricion aguda,desnutricion leve (l),2007-08-01,3,3,0,5,3,8,11
71503,EL PUENTE(STC),desnutricion aguda,desnutricion leve (l),2007-08-01,20,16,10,22,30,38,68
60502,EL PUENTE(TJA),desnutricion aguda,desnutricion leve (l),2007-08-01,15,9,19,29,34,38,72
70105,EL TORNO,desnutricion aguda,desnutricion leve (l),2007-08-01,17,33,22,25,39,58,97
10405,EL VILLAR,desnutricion aguda,desnutricion leve (l),2007-08-01,11,29,23,36,34,65,99
60601,ENTRE RIOS,desnutricion aguda,desnutricion leve (l),2007-08-01,10,29,14,37,24,66,90
60601,ENTRE RIOS,desnutricion aguda,desnutricion leve (l),2007-08-01,49,58,49,35,98,93,191
40502,ESCARA,desnutricion aguda,desnutricion leve (l),2007-08-01,0,1,2,0,2,1,3
41101,EUCALIPTUS,desnutricion aguda,desnutricion leve (l),2007-08-01,2,3,3,0,5,3,8
90503,EUREKA (SANTOS MERCADO),desnutricion aguda,desnutricion leve (l),2007-08-01,0,0,0,1,0,1,1
80402,EXALTACION,desnutricion aguda,desnutricion leve (l),2007-08-01,5,6,2,9,7,15,22
71004,FERNANDEZ ALONSO,desnutricion aguda,desnutricion leve (l),2007-08-01,10,17,9,18,19,35,54
90203,FILADELFIA,desnutricion aguda,desnutricion leve (l),2007-08-01,5,3,5,2,10,5,15
71002,GENERAL SAAVEDRA,desnutricion aguda,desnutricion leve (l),2007-08-01,28,20,17,13,45,33,78
80202,GUAYARAMERIN,desnutricion aguda,desnutricion leve (l),2007-08-01,98,86,40,55,138,141,279
70705,GUTIERREZ,desnutricion aguda,desnutricion leve (l),2007-08-01,38,29,48,40,86,69,155
10502,HUACARETA,desnutricion aguda,desnutricion leve (l),2007-08-01,16,26,17,22,33,48,81
11002,HUACAYA (VILLA DE HUACAYA),desnutricion aguda,desnutricion leve (l),2007-08-01,4,2,14,12,18,14,32
40501,HUACHACALLA,desnutricion aguda,desnutricion leve (l),2007-08-01,0,1,0,1,0,2,2
40701,HUANUNI,desnutricion aguda,desnutricion leve (l),2007-08-01,8,8,6,5,14,13,27
80803,HUARACAJE,desnutricion aguda,desnutricion leve (l),2007-08-01,1,5,10,14,11,19,30
41601,HUAYLLAMARCA,desnutricion aguda,desnutricion leve (l),2007-08-01,1,2,1,4,2,6,8
21005,ICHOCA,desnutricion aguda,desnutricion leve (l),2007-08-01,4,1,5,6,9,7,16
10304,ICLA,desnutricion aguda,desnutricion leve (l),2007-08-01,54,54,118,120,172,174,346
10703,INCAHUASI,desnutricion aguda,desnutricion leve (l),2007-08-01,110,110,116,137,226,247,473
90402,INGAVI (HUMAITA),desnutricion aguda,desnutricion leve (l),2007-08-01,2,3,9,1,11,4,15
21001,INQUISIVI,desnutricion aguda,desnutricion leve (l),2007-08-01,10,21,8,10,18,31,49
70104,LA GUARDIA,desnutricion aguda,desnutricion leve (l),2007-08-01,56,50,39,39,95,89,184
70701,LAGUNILLAS,desnutricion aguda,desnutricion leve (l),2007-08-01,9,13,17,17,26,30,56
10903,LAS CARRERAS,desnutricion aguda,desnutricion leve (l),2007-08-01,1,8,13,11,14,19,33
21006,LICOMA PAMPA,desnutricion aguda,desnutricion leve (l),2007-08-01,0,0,1,0,1,0,1
50203,LLALLAGUA,desnutricion aguda,desnutricion leve (l),2007-08-01,92,78,141,129,233,207,440
51401,LLICA,desnutricion aguda,desnutricion leve (l),2007-08-01,4,5,2,2,6,7,13
80601,LORETO,desnutricion aguda,desnutricion leve (l),2007-08-01,6,7,4,4,10,11,21
40702,MACHACAMARCA,desnutricion aguda,desnutricion leve (l),2007-08-01,0,0,1,0,1,0,1
11003,MACHARETI,desnutricion aguda,desnutricion leve (l),2007-08-01,14,11,14,10,28,21,49
80801,MAGDALENA,desnutricion aguda,desnutricion leve (l),2007-08-01,12,24,10,10,22,34,56
70903,MAIRANA,desnutricion aguda,desnutricion leve (l),2007-08-01,7,3,16,15,23,18,41
20103,MECAPACA,desnutricion aguda,desnutricion leve (l),2007-08-01,15,17,15,19,30,36,66
71003,MINEROS,desnutricion aguda,desnutricion leve (l),2007-08-01,31,43,19,18,50,61,111
31301,MIZQUE,desnutricion aguda,desnutricion leve (l),2007-08-01,79,92,58,92,137,184,321
51002,MOJINETE,desnutricion aguda,desnutricion leve (l),2007-08-01,0,1,1,5,1,6,7
10303,MOJOCOYA,desnutricion aguda,desnutricion leve (l),2007-08-01,24,30,35,35,59,65,124
10501,MONTEAGUDO,desnutricion aguda,desnutricion leve (l),2007-08-01,62,48,85,97,147,145,292
71001,MONTERO,desnutricion aguda,desnutricion leve (l),2007-08-01,137,121,114,100,251,221,472
70803,MORO MORO,desnutricion aguda,desnutricion leve (l),2007-08-01,1,2,7,4,8,6,14
30302,MOROCHATA,desnutricion aguda,desnutricion leve (l),2007-08-01,66,73,50,51,116,124,240
90401,NACEBE (SANTA ROSA DEL ABUNA),desnutricion aguda,desnutricion leve (l),2007-08-01,0,0,3,8,3,8,11
90501,NUEVO MANOA (NUEVA ESPERANZA),desnutricion aguda,desnutricion leve (l),2007-08-01,3,3,2,1,5,4,9
50404,OCURI,desnutricion aguda,desnutricion leve (l),2007-08-01,38,39,54,57,92,96,188
70202,OKINAWA,desnutricion aguda,desnutricion leve (l),2007-08-01,11,14,13,19,24,33,57
30203,OMEREQUE,desnutricion aguda,desnutricion leve (l),2007-08-01,9,8,17,9,26,17,43
40101,ORURO,desnutricion aguda,desnutricion leve (l),2007-08-01,268,210,91,110,359,320,679
60201,PADCAYA,desnutricion aguda,desnutricion leve (l),2007-08-01,17,14,23,19,40,33,73
10401,PADILLA,desnutricion aguda,desnutricion leve (l),2007-08-01,42,30,70,81,112,111,223
70502,PAILON,desnutricion aguda,desnutricion leve (l),2007-08-01,19,22,9,13,28,35,63
20102,PALCA,desnutricion aguda,desnutricion leve (l),2007-08-01,20,20,11,14,31,34,65
40802,PAMPA AULLAGAS,desnutricion aguda,desnutricion leve (l),2007-08-01,0,1,0,0,0,1,1
70902,PAMPA GRANDE,desnutricion aguda,desnutricion leve (l),2007-08-01,3,3,3,3,6,6,12
30202,PASORAPA,desnutricion aguda,desnutricion leve (l),2007-08-01,9,8,12,10,21,18,39
40602,PAZÑA,desnutricion aguda,desnutricion leve (l),2007-08-01,1,2,1,0,2,2,4
50403,POCOATA,desnutricion aguda,desnutricion leve (l),2007-08-01,52,62,57,86,109,148,257
31203,POCONA,desnutricion aguda,desnutricion leve (l),2007-08-01,21,20,19,11,40,31,71
31202,POJO (CBBA),desnutricion aguda,desnutricion leve (l),2007-08-01,7,6,10,9,17,15,32
40601,POOPO,desnutricion aguda,desnutricion leve (l),2007-08-01,4,3,2,4,6,7,13
51203,PORCO,desnutricion aguda,desnutricion leve (l),2007-08-01,22,43,11,10,33,53,86
10103,POROMA,desnutricion aguda,desnutricion leve (l),2007-08-01,95,97,97,110,192,207,399
70103,PORONGO,desnutricion aguda,desnutricion leve (l),2007-08-01,9,10,7,2,16,12,28
70601,PORTACHUELO,desnutricion aguda,desnutricion leve (l),2007-08-01,22,23,14,19,36,42,78
90102,PORVENIR,desnutricion aguda,desnutricion leve (l),2007-08-01,5,7,4,5,9,12,21
70804,POSTRER VALLE,desnutricion aguda,desnutricion leve (l),2007-08-01,1,2,4,3,5,5,10
50101,POTOSI,desnutricion aguda,desnutricion leve (l),2007-08-01,353,362,199,227,552,589,1141
10302,PRESTO,desnutricion aguda,desnutricion leve (l),2007-08-01,44,34,46,48,90,82,172
70805,PUCARA,desnutricion aguda,desnutricion leve (l),2007-08-01,4,4,8,7,12,11,23
90301,PUERTO GONZALO MORENO,desnutricion aguda,desnutricion leve (l),2007-08-01,18,17,12,9,30,26,56
71402,PUERTO QUIJARRO,desnutricion aguda,desnutricion leve (l),2007-08-01,9,18,3,4,12,22,34
90201,PUERTO RICO,desnutricion aguda,desnutricion leve (l),2007-08-01,29,26,23,28,52,54,106
80703,PUERTO SILES,desnutricion aguda,desnutricion leve (l),2007-08-01,1,2,0,0,1,2,3
71401,PUERTO SUAREZ,desnutricion aguda,desnutricion leve (l),2007-08-01,13,22,5,11,18,33,51
31205,PUERTO VILLARROEL,desnutricion aguda,desnutricion leve (l),2007-08-01,91,57,71,83,162,140,302
51101,PUNA,desnutricion aguda,desnutricion leve (l),2007-08-01,125,97,141,157,266,254,520
31401,PUNATA,desnutricion aguda,desnutricion leve (l),2007-08-01,39,30,25,20,64,50,114
30901,QUILLACOLLO,desnutricion aguda,desnutricion leve (l),2007-08-01,64,72,33,41,97,113,210
21002,QUIME,desnutricion aguda,desnutricion leve (l),2007-08-01,6,6,0,1,6,7,13
70904,QUIRUSILLAS,desnutricion aguda,desnutricion leve (l),2007-08-01,2,1,1,4,3,5,8
50402,RAVELO,desnutricion aguda,desnutricion leve (l),2007-08-01,107,111,126,123,233,234,467
80301,REYES,desnutricion aguda,desnutricion leve (l),2007-08-01,14,11,15,15,29,26,55
80201,RIBERALTA,desnutricion aguda,desnutricion leve (l),2007-08-01,286,341,115,153,401,494,895
70503,ROBORE,desnutricion aguda,desnutricion leve (l),2007-08-01,12,19,15,13,27,32,59
80304,RURRENABAQUE,desnutricion aguda,desnutricion leve (l),2007-08-01,7,12,4,10,11,22,33
40901,SABAYA,desnutricion aguda,desnutricion leve (l),2007-08-01,2,2,2,1,4,3,7
31001,SACABA,desnutricion aguda,desnutricion leve (l),2007-08-01,96,70,43,53,139,123,262
30404,SACABAMBA,desnutricion aguda,desnutricion leve (l),2007-08-01,3,2,7,7,10,9,19
50701,SACACA,desnutricion aguda,desnutricion leve (l),2007-08-01,156,143,194,217,350,360,710
71302,SAIPINA,desnutricion aguda,desnutricion leve (l),2007-08-01,2,2,3,2,5,4,9
40801,SALINAS DE GARCI MENDOZA,desnutricion aguda,desnutricion leve (l),2007-08-01,5,5,8,1,13,6,19
70901,SAMAIPATA,desnutricion aguda,desnutricion leve (l),2007-08-01,11,9,8,10,19,19,38
51601,SAN AGUSTIN,desnutricion aguda,desnutricion leve (l),2007-08-01,2,5,3,3,5,8,13
80602,SAN ANDRES,desnutricion aguda,desnutricion leve (l),2007-08-01,29,16,4,5,33,21,54
51003,SAN ANTONIO DE ESMORUCO,desnutricion aguda,desnutricion leve (l),2007-08-01,7,7,3,6,10,13,23
71105,SAN ANTONIO DE LOMERIO,desnutricion aguda,desnutricion leve (l),2007-08-01,22,30,38,38,60,68,128
31403,SAN BENITO,desnutricion aguda,desnutricion leve (l),2007-08-01,15,23,14,17,29,40,69
80302,SAN BORJA,desnutricion aguda,desnutricion leve (l),2007-08-01,71,95,47,53,118,148,266
70402,SAN CARLOS,desnutricion aguda,desnutricion leve (l),2007-08-01,23,24,8,7,31,31,62
80501,SAN IGNACIO,desnutricion aguda,desnutricion leve (l),2007-08-01,67,73,53,64,120,137,257
70301,SAN IGNACIO DE VELASCO,desnutricion aguda,desnutricion leve (l),2007-08-01,147,153,116,161,263,314,577
80102,SAN JAVIER(BNI),desnutricion aguda,desnutricion leve (l),2007-08-01,12,7,4,6,16,13,29
71102,SAN JAVIER(STC),desnutricion aguda,desnutricion leve (l),2007-08-01,4,9,5,2,9,11,20
80701,SAN JOAQUIN,desnutricion aguda,desnutricion leve (l),2007-08-01,5,2,3,6,8,8,16
70501,SAN JOSE DE CHIQUITOS,desnutricion aguda,desnutricion leve (l),2007-08-01,9,20,17,18,26,38,64
70404,SAN JUAN DE YAPACANI,desnutricion aguda,desnutricion leve (l),2007-08-01,12,13,12,15,24,28,52
71104,SAN JULIAN,desnutricion aguda,desnutricion leve (l),2007-08-01,8,13,26,23,34,36,70
90302,SAN LORENZO(PND),desnutricion aguda,desnutricion leve (l),2007-08-01,4,4,12,7,16,11,27
60501,SAN LORENZO(TJA),desnutricion aguda,desnutricion leve (l),2007-08-01,25,26,39,36,64,62,126
10702,SAN LUCAS,desnutricion aguda,desnutricion leve (l),2007-08-01,228,238,262,290,490,528,1018
71201,SAN MATIAS,desnutricion aguda,desnutricion leve (l),2007-08-01,6,8,5,9,11,17,28
70302,SAN MIGUEL DE VELASCO,desnutricion aguda,desnutricion leve (l),2007-08-01,18,16,7,10,25,26,51
51001,SAN PABLO DE LIPEZ,desnutricion aguda,desnutricion leve (l),2007-08-01,11,4,8,7,19,11,30
71005,SAN PEDRO,desnutricion aguda,desnutricion leve (l),2007-08-01,13,15,13,16,26,31,57
50501,SAN PEDRO DE BUENA VISTA,desnutricion aguda,desnutricion leve (l),2007-08-01,121,119,187,173,308,292,600
50902,SAN PEDRO DE QUEMES,desnutricion aguda,desnutricion leve (l),2007-08-01,0,0,1,1,1,1,2
90202,SAN PEDRO(PND),desnutricion aguda,desnutricion leve (l),2007-08-01,8,7,8,9,16,16,32
70303,SAN RAFAEL,desnutricion aguda,desnutricion leve (l),2007-08-01,11,12,5,5,16,17,33
80702,SAN RAMON,desnutricion aguda,desnutricion leve (l),2007-08-01,8,17,18,13,26,30,56
80401,SANTA ANA,desnutricion aguda,desnutricion leve (l),2007-08-01,36,22,6,6,42,28,70
70101,SANTA CRUZ DE LA SIERRA,desnutricion aguda,desnutricion leve (l),2007-08-01,334,353,172,192,506,545,1051
80303,SANTA ROSA,desnutricion aguda,desnutricion leve (l),2007-08-01,29,33,23,33,52,66,118
70602,SANTA ROSA DEL SARA,desnutricion aguda,desnutricion leve (l),2007-08-01,21,26,20,31,41,57,98
41401,SANTIAGO DE HUARI,desnutricion aguda,desnutricion leve (l),2007-08-01,15,10,15,8,30,18,48
30702,SANTIVAÑES,desnutricion aguda,desnutricion leve (l),2007-08-01,4,6,2,11,6,17,23
40202,SANTUARIO DE QUILLACAS,desnutricion aguda,desnutricion leve (l),2007-08-01,5,6,19,14,24,20,44
90303,SENA,desnutricion aguda,desnutricion leve (l),2007-08-01,11,9,4,4,15,13,28
30703,SICAYA,desnutricion aguda,desnutricion leve (l),2007-08-01,0,4,5,3,5,7,12
30902,SIPE SIPE,desnutricion aguda,desnutricion leve (l),2007-08-01,60,57,22,45,82,102,184
10403,SOPACHUY,desnutricion aguda,desnutricion leve (l),2007-08-01,23,34,61,78,84,112,196
40104,SORACACHI,desnutricion aguda,desnutricion leve (l),2007-08-01,10,6,11,4,21,10,31
10101,SUCRE,desnutricion aguda,desnutricion leve (l),2007-08-01,324,247,298,316,622,563,1185
31404,TACACHI,desnutricion aguda,desnutricion leve (l),2007-08-01,3,2,2,2,5,4,9
50303,TACOBAMBA,desnutricion aguda,desnutricion leve (l),2007-08-01,28,27,21,18,49,45,94
30602,TACOPAYA,desnutricion aguda,desnutricion leve (l),2007-08-01,38,48,72,82,110,130,240
51402,TAHUA,desnutricion aguda,desnutricion leve (l),2007-08-01,1,0,0,0,1,0,1
31101,TAPACARI,desnutricion aguda,desnutricion leve (l),2007-08-01,88,82,79,53,167,135,302
10601,TARABUCO,desnutricion aguda,desnutricion leve (l),2007-08-01,146,113,222,236,368,349,717
30401,TARATA,desnutricion aguda,desnutricion leve (l),2007-08-01,17,10,9,5,26,15,41
60101,TARIJA,desnutricion aguda,desnutricion leve (l),2007-08-01,108,118,110,94,218,212,430
10202,TARVITA,desnutricion aguda,desnutricion leve (l),2007-08-01,81,79,109,146,190,225,415
50102,TINGUIPAYA,desnutricion aguda,desnutricion leve (l),2007-08-01,69,75,87,90,156,165,321
30903,TIQUIPAYA,desnutricion aguda,desnutricion leve (l),2007-08-01,27,27,25,25,52,52,104
31601,TIRAQUE (CBBA),desnutricion aguda,desnutricion leve (l),2007-08-01,71,89,60,84,131,173,304
30802,TOCO,desnutricion aguda,desnutricion leve (l),2007-08-01,13,6,15,6,28,12,40
41502,TODOS SANTOS,desnutricion aguda,desnutricion leve (l),2007-08-01,1,0,0,0,1,0,1
30803,TOLATA,desnutricion aguda,desnutricion leve (l),2007-08-01,2,3,2,1,4,4,8
41001,TOLEDO,desnutricion aguda,desnutricion leve (l),2007-08-01,7,2,6,4,13,6,19
51202,TOMAVE,desnutricion aguda,desnutricion leve (l),2007-08-01,22,23,26,20,48,43,91
10402,TOMINA,desnutricion aguda,desnutricion leve (l),2007-08-01,43,39,91,79,134,118,252
50502,TORO TORO,desnutricion aguda,desnutricion leve (l),2007-08-01,40,30,35,33,75,63,138
31201,TOTORA(CBBA),desnutricion aguda,desnutricion leve (l),2007-08-01,39,39,31,23,70,62,132
41301,TOTORA(ORR),desnutricion aguda,desnutricion leve (l),2007-08-01,0,1,4,1,4,2,6
70802,TRIGAL,desnutricion aguda,desnutricion leve (l),2007-08-01,3,0,3,3,6,3,9
80101,TRINIDAD,desnutricion aguda,desnutricion leve (l),2007-08-01,130,104,56,60,186,164,350
50801,TUPIZA,desnutricion aguda,desnutricion leve (l),2007-08-01,88,77,89,111,177,188,365
40402,TURCO,desnutricion aguda,desnutricion leve (l),2007-08-01,2,6,1,0,3,6,9
50201,UNCIA,desnutricion aguda,desnutricion leve (l),2007-08-01,56,57,60,56,116,113,229
60401,URIONDO (A. CONCEPCION),desnutricion aguda,desnutricion leve (l),2007-08-01,24,27,36,32,60,59,119
71502,URUBICHA,desnutricion aguda,desnutricion leve (l),2007-08-01,24,18,34,30,58,48,106
51201,UYUNI,desnutricion aguda,desnutricion leve (l),2007-08-01,24,21,27,32,51,53,104
30502,VACAS,desnutricion aguda,desnutricion leve (l),2007-08-01,22,30,20,19,42,49,91
70801,VALLEGRANDE,desnutricion aguda,desnutricion leve (l),2007-08-01,12,17,18,12,30,29,59
20801,VIACHA,desnutricion aguda,desnutricion leve (l),2007-08-01,21,31,23,27,44,58,102
60303,VILLA MONTES,desnutricion aguda,desnutricion leve (l),2007-08-01,18,16,17,12,35,28,63
90502,VILLA NUEVA (LOMA ALTA),desnutricion aguda,desnutricion leve (l),2007-08-01,15,21,21,16,36,37,73
31402,VILLA RIVERO,desnutricion aguda,desnutricion leve (l),2007-08-01,9,8,12,9,21,17,38
10801,VILLA SERRANO,desnutricion aguda,desnutricion leve (l),2007-08-01,35,38,68,77,103,115,218
31003,VILLA TUNARI,desnutricion aguda,desnutricion leve (l),2007-08-01,96,88,75,74,171,162,333
11001,VILLA VACA GUZMAN (MUYUPAMPA),desnutricion aguda,desnutricion leve (l),2007-08-01,21,24,22,32,43,56,99
51501,VILLAZON,desnutricion aguda,desnutricion leve (l),2007-08-01,54,44,55,52,109,96,205
30904,VINTO,desnutricion aguda,desnutricion leve (l),2007-08-01,14,24,7,6,21,30,51
50602,VITICHI,desnutricion aguda,desnutricion leve (l),2007-08-01,39,29,46,44,85,73,158
70201,WARNES,desnutricion aguda,desnutricion leve (l),2007-08-01,55,36,33,39,88,75,163
60301,YACUIBA,desnutricion aguda,desnutricion leve (l),2007-08-01,44,49,27,31,71,80,151
10602,YAMPARAEZ,desnutricion aguda,desnutricion leve (l),2007-08-01,44,45,106,84,150,129,279
70403,YAPACANI,desnutricion aguda,desnutricion leve (l),2007-08-01,54,36,31,48,85,84,169
50103,YOCALLA,desnutricion aguda,desnutricion leve (l),2007-08-01,9,7,7,11,16,18,34
10102,YOTALA,desnutricion aguda,desnutricion leve (l),2007-08-01,3,5,7,7,10,12,22
60402,YUNCHARA,desnutricion aguda,desnutricion leve (l),2007-08-01,15,10,32,26,47,36,83
10301,ZUDAÑEZ,desnutricion aguda,desnutricion leve (l),2007-08-01,40,36,67,68,107,104,211
51302,ACACIO,desnutricion aguda,desnutricion leve (l),2007-09-01,23,16,30,28,53,44,97
20104,ACHOCALLA,desnutricion aguda,desnutricion leve (l),2007-09-01,1,0,2,1,3,1,4
30201,AIQUILE,desnutricion aguda,desnutricion leve (l),2007-09-01,52,55,50,70,102,125,227
31303,ALALAY,desnutricion aguda,desnutricion leve (l),2007-09-01,10,5,10,10,20,15,35
10404,ALCALA,desnutricion aguda,desnutricion leve (l),2007-09-01,13,18,29,31,42,49,91
41201,ANDAMARCA,desnutricion aguda,desnutricion leve (l),2007-09-01,2,1,1,0,3,1,4
40603,ANTEQUERA,desnutricion aguda,desnutricion leve (l),2007-09-01,10,16,5,8,15,24,39
30402,ANZALDO,desnutricion aguda,desnutricion leve (l),2007-09-01,18,10,23,32,41,42,83
51301,ARAMPAMPA,desnutricion aguda,desnutricion leve (l),2007-09-01,33,27,47,46,80,73,153
30501,ARANI,desnutricion aguda,desnutricion leve (l),2007-09-01,14,22,36,40,50,62,112
30403,ARBIETO,desnutricion aguda,desnutricion leve (l),2007-09-01,13,15,18,12,31,27,58
30601,ARQUE,desnutricion aguda,desnutricion leve (l),2007-09-01,38,31,61,64,99,95,194
50802,ATOCHA,desnutricion aguda,desnutricion leve (l),2007-09-01,12,10,15,28,27,38,65
30301,AYOPAYA (V. DE INDEPENDENCIA),desnutricion aguda,desnutricion leve (l),2007-09-01,51,87,73,121,124,208,332
10201,AZURDUY,desnutricion aguda,desnutricion leve (l),2007-09-01,31,47,83,101,114,148,262
80802,BAURES,desnutricion aguda,desnutricion leve (l),2007-09-01,3,9,5,10,8,19,27
41202,BELEN DE ANDAMARCA,desnutricion aguda,desnutricion leve (l),2007-09-01,3,0,1,1,4,1,5
50104,BELEN DE URMIRI,desnutricion aguda,desnutricion leve (l),2007-09-01,5,7,5,8,10,15,25
90104,BELLA FLOR,desnutricion aguda,desnutricion leve (l),2007-09-01,6,6,9,6,15,12,27
60202,BERMEJO,desnutricion aguda,desnutricion leve (l),2007-09-01,19,16,12,18,31,34,65
50301,BETANZOS,desnutricion aguda,desnutricion leve (l),2007-09-01,78,63,79,105,157,168,325
31501,BOLIVAR,desnutricion aguda,desnutricion leve (l),2007-09-01,34,34,33,47,67,81,148
90103,BOLPEBRA,desnutricion aguda,desnutricion leve (l),2007-09-01,10,2,3,2,13,4,17
70707,BOYUIBE,desnutricion aguda,desnutricion leve (l),2007-09-01,6,4,2,4,8,8,16
70401,BUENA VISTA,desnutricion aguda,desnutricion leve (l),2007-09-01,5,6,5,5,10,11,21
70703,CABEZAS,desnutricion aguda,desnutricion leve (l),2007-09-01,8,23,19,17,27,40,67
51102,"CAIZA ""D""",desnutricion aguda,desnutricion leve (l),2007-09-01,21,11,12,19,33,30,63
21003,CAJUATA,desnutricion aguda,desnutricion leve (l),2007-09-01,6,11,6,5,12,16,28
10701,CAMARGO,desnutricion aguda,desnutricion leve (l),2007-09-01,48,62,67,91,115,153,268
10901,CAMATAQUI (C. VILLA ABECIA),desnutricion aguda,desnutricion leve (l),2007-09-01,9,13,7,9,16,22,38
70706,CAMIRI,desnutricion aguda,desnutricion leve (l),2007-09-01,46,49,38,53,84,102,186
30701,CAPINOTA,desnutricion aguda,desnutricion leve (l),2007-09-01,52,44,49,46,101,90,191
40102,CARACOLLO,desnutricion aguda,desnutricion leve (l),2007-09-01,7,13,4,8,11,21,32
60302,CARAPARI,desnutricion aguda,desnutricion leve (l),2007-09-01,9,14,9,6,18,20,38
50702,CARIPUYO,desnutricion aguda,desnutricion leve (l),2007-09-01,42,24,51,51,93,75,168
71403,CARMEN RIVERO TORREZ,desnutricion aguda,desnutricion leve (l),2007-09-01,1,3,2,2,3,5,8
40201,CHALLAPATA,desnutricion aguda,desnutricion leve (l),2007-09-01,22,31,23,30,45,61,106
50302,CHAQUI,desnutricion aguda,desnutricion leve (l),2007-09-01,8,11,11,11,19,22,41
70702,CHARAGUA,desnutricion aguda,desnutricion leve (l),2007-09-01,27,40,31,47,58,87,145
50202,CHAYANTA,desnutricion aguda,desnutricion leve (l),2007-09-01,49,34,68,68,117,102,219
31204,CHIMORE,desnutricion aguda,desnutricion leve (l),2007-09-01,36,43,26,26,62,69,131
40903,CHIPAYA,desnutricion aguda,desnutricion leve (l),2007-09-01,3,0,2,2,5,2,7
40302,CHOQUE COTA,desnutricion aguda,desnutricion leve (l),2007-09-01,6,1,2,0,8,1,9
30801,CLIZA,desnutricion aguda,desnutricion leve (l),2007-09-01,1,0,1,1,2,1,3
90101,COBIJA,desnutricion aguda,desnutricion leve (l),2007-09-01,60,58,40,32,100,90,190
30101,COCHABAMBA,desnutricion aguda,desnutricion leve (l),2007-09-01,299,310,234,251,533,561,1094
40902,COIPASA,desnutricion aguda,desnutricion leve (l),2007-09-01,0,1,1,0,1,1,2
30905,COLCAPIRHUA,desnutricion aguda,desnutricion leve (l),2007-09-01,49,44,37,34,86,78,164
50901,"COLCHA ""K""",desnutricion aguda,desnutricion leve (l),2007-09-01,21,16,7,13,28,29,57
31002,COLOMI,desnutricion aguda,desnutricion leve (l),2007-09-01,28,27,20,20,48,47,95
70603,COLPA BELGICA,desnutricion aguda,desnutricion leve (l),2007-09-01,3,10,10,2,13,12,25
50401,COLQUECHACA,desnutricion aguda,desnutricion leve (l),2007-09-01,55,43,49,55,104,98,202
21004,COLQUIRI,desnutricion aguda,desnutricion leve (l),2007-09-01,20,19,7,8,27,27,54
71301,COMARAPA,desnutricion aguda,desnutricion leve (l),2007-09-01,8,10,13,15,21,25,46
71101,CONCEPCION,desnutricion aguda,desnutricion leve (l),2007-09-01,10,9,2,6,12,15,27
40301,CORQUE,desnutricion aguda,desnutricion leve (l),2007-09-01,6,6,6,4,12,10,22
50601,COTAGAITA,desnutricion aguda,desnutricion leve (l),2007-09-01,32,57,33,41,65,98,163
70102,COTOCA,desnutricion aguda,desnutricion leve (l),2007-09-01,83,88,57,54,140,142,282
71106,CUATRO CAÑADAS,desnutricion aguda,desnutricion leve (l),2007-09-01,6,7,10,15,16,22,38
31405,CUCHUMUELA (V. G. VILLARROEL),desnutricion aguda,desnutricion leve (l),2007-09-01,1,0,5,8,6,8,14
70704,CUEVO,desnutricion aguda,desnutricion leve (l),2007-09-01,3,7,4,5,7,12,19
10902,CULPINA,desnutricion aguda,desnutricion leve (l),2007-09-01,75,75,102,97,177,172,349
40401,CURAHUARA DE CARANGAS,desnutricion aguda,desnutricion leve (l),2007-09-01,3,2,5,1,8,3,11
21602,CURVA,desnutricion aguda,desnutricion leve (l),2007-09-01,2,2,1,2,3,4,7
40103,EL CHORO,desnutricion aguda,desnutricion leve (l),2007-09-01,2,0,6,1,8,1,9
71503,EL PUENTE(STC),desnutricion aguda,desnutricion leve (l),2007-09-01,16,18,18,18,34,36,70
60502,EL PUENTE(TJA),desnutricion aguda,desnutricion leve (l),2007-09-01,10,17,13,15,23,32,55
70105,EL TORNO,desnutricion aguda,desnutricion leve (l),2007-09-01,13,17,8,12,21,29,50
10405,EL VILLAR,desnutricion aguda,desnutricion leve (l),2007-09-01,11,9,21,28,32,37,69
60601,ENTRE RIOS,desnutricion aguda,desnutricion leve (l),2007-09-01,16,23,43,40,59,63,122
60601,ENTRE RIOS,desnutricion aguda,desnutricion leve (l),2007-09-01,41,49,40,50,81,99,180
40502,ESCARA,desnutricion aguda,desnutricion leve (l),2007-09-01,1,0,0,1,1,1,2
41101,EUCALIPTUS,desnutricion aguda,desnutricion leve (l),2007-09-01,2,3,2,0,4,3,7
90503,EUREKA (SANTOS MERCADO),desnutricion aguda,desnutricion leve (l),2007-09-01,3,3,3,5,6,8,14
80402,EXALTACION,desnutricion aguda,desnutricion leve (l),2007-09-01,2,2,6,3,8,5,13
71004,FERNANDEZ ALONSO,desnutricion aguda,desnutricion leve (l),2007-09-01,18,17,13,19,31,36,67
90203,FILADELFIA,desnutricion aguda,desnutricion leve (l),2007-09-01,4,3,4,7,8,10,18
71002,GENERAL SAAVEDRA,desnutricion aguda,desnutricion leve (l),2007-09-01,21,24,10,12,31,36,67
80202,GUAYARAMERIN,desnutricion aguda,desnutricion leve (l),2007-09-01,85,59,51,45,136,104,240
70705,GUTIERREZ,desnutricion aguda,desnutricion leve (l),2007-09-01,20,23,44,40,64,63,127
10502,HUACARETA,desnutricion aguda,desnutricion leve (l),2007-09-01,16,23,18,28,34,51,85
11002,HUACAYA (VILLA DE HUACAYA),desnutricion aguda,desnutricion leve (l),2007-09-01,6,6,14,13,20,19,39
40501,HUACHACALLA,desnutricion aguda,desnutricion leve (l),2007-09-01,1,0,0,0,1,0,1
40701,HUANUNI,desnutricion aguda,desnutricion leve (l),2007-09-01,7,10,12,5,19,15,34
80803,HUARACAJE,desnutricion aguda,desnutricion leve (l),2007-09-01,5,4,1,7,6,11,17
41601,HUAYLLAMARCA,desnutricion aguda,desnutricion leve (l),2007-09-01,1,2,2,3,3,5,8
21005,ICHOCA,desnutricion aguda,desnutricion leve (l),2007-09-01,4,2,1,5,5,7,12
10304,ICLA,desnutricion aguda,desnutricion leve (l),2007-09-01,54,53,87,100,141,153,294
10703,INCAHUASI,desnutricion aguda,desnutricion leve (l),2007-09-01,79,116,88,132,167,248,415
90402,INGAVI (HUMAITA),desnutricion aguda,desnutricion leve (l),2007-09-01,0,4,1,0,1,4,5
21001,INQUISIVI,desnutricion aguda,desnutricion leve (l),2007-09-01,19,19,18,14,37,33,70
70104,LA GUARDIA,desnutricion aguda,desnutricion leve (l),2007-09-01,63,49,39,33,102,82,184
41501,LA RIVERA,desnutricion aguda,desnutricion leve (l),2007-09-01,0,0,0,1,0,1,1
70701,LAGUNILLAS,desnutricion aguda,desnutricion leve (l),2007-09-01,12,15,20,20,32,35,67
10903,LAS CARRERAS,desnutricion aguda,desnutricion leve (l),2007-09-01,7,5,14,19,21,24,45
21006,LICOMA PAMPA,desnutricion aguda,desnutricion leve (l),2007-09-01,1,0,0,0,1,0,1
50203,LLALLAGUA,desnutricion aguda,desnutricion leve (l),2007-09-01,62,42,83,82,145,124,269
51401,LLICA,desnutricion aguda,desnutricion leve (l),2007-09-01,6,9,4,10,10,19,29
80601,LORETO,desnutricion aguda,desnutricion leve (l),2007-09-01,4,12,5,3,9,15,24
11003,MACHARETI,desnutricion aguda,desnutricion leve (l),2007-09-01,12,14,26,20,38,34,72
80801,MAGDALENA,desnutricion aguda,desnutricion leve (l),2007-09-01,15,14,10,6,25,20,45
70903,MAIRANA,desnutricion aguda,desnutricion leve (l),2007-09-01,7,6,8,7,15,13,28
20103,MECAPACA,desnutricion aguda,desnutricion leve (l),2007-09-01,12,9,12,20,24,29,53
71003,MINEROS,desnutricion aguda,desnutricion leve (l),2007-09-01,29,25,12,20,41,45,86
31301,MIZQUE,desnutricion aguda,desnutricion leve (l),2007-09-01,49,52,41,56,90,108,198
51002,MOJINETE,desnutricion aguda,desnutricion leve (l),2007-09-01,0,2,1,7,1,9,10
10303,MOJOCOYA,desnutricion aguda,desnutricion leve (l),2007-09-01,6,4,0,0,6,4,10
10501,MONTEAGUDO,desnutricion aguda,desnutricion leve (l),2007-09-01,61,50,92,85,153,135,288
71001,MONTERO,desnutricion aguda,desnutricion leve (l),2007-09-01,131,89,86,84,217,173,390
70803,MORO MORO,desnutricion aguda,desnutricion leve (l),2007-09-01,0,5,2,3,2,8,10
30302,MOROCHATA,desnutricion aguda,desnutricion leve (l),2007-09-01,63,66,53,46,116,112,228
90401,NACEBE (SANTA ROSA DEL ABUNA),desnutricion aguda,desnutricion leve (l),2007-09-01,2,6,1,0,3,6,9
90501,NUEVO MANOA (NUEVA ESPERANZA),desnutricion aguda,desnutricion leve (l),2007-09-01,4,7,7,8,11,15,26
50404,OCURI,desnutricion aguda,desnutricion leve (l),2007-09-01,58,76,62,63,120,139,259
70202,OKINAWA,desnutricion aguda,desnutricion leve (l),2007-09-01,11,10,6,11,17,21,38
30203,OMEREQUE,desnutricion aguda,desnutricion leve (l),2007-09-01,5,4,3,12,8,16,24
40101,ORURO,desnutricion aguda,desnutricion leve (l),2007-09-01,256,152,106,91,362,243,605
60201,PADCAYA,desnutricion aguda,desnutricion leve (l),2007-09-01,13,17,18,24,31,41,72
10401,PADILLA,desnutricion aguda,desnutricion leve (l),2007-09-01,48,39,83,75,131,114,245
70502,PAILON,desnutricion aguda,desnutricion leve (l),2007-09-01,14,18,14,12,28,30,58
20102,PALCA,desnutricion aguda,desnutricion leve (l),2007-09-01,14,12,12,11,26,23,49
40802,PAMPA AULLAGAS,desnutricion aguda,desnutricion leve (l),2007-09-01,2,0,1,1,3,1,4
70902,PAMPA GRANDE,desnutricion aguda,desnutricion leve (l),2007-09-01,4,2,3,5,7,7,14
30202,PASORAPA,desnutricion aguda,desnutricion leve (l),2007-09-01,4,3,1,2,5,5,10
40602,PAZÑA,desnutricion aguda,desnutricion leve (l),2007-09-01,4,3,1,6,5,9,14
50403,POCOATA,desnutricion aguda,desnutricion leve (l),2007-09-01,52,51,57,68,109,119,228
31203,POCONA,desnutricion aguda,desnutricion leve (l),2007-09-01,5,11,8,10,13,21,34
31202,POJO (CBBA),desnutricion aguda,desnutricion leve (l),2007-09-01,23,29,30,25,53,54,107
40601,POOPO,desnutricion aguda,desnutricion leve (l),2007-09-01,2,3,4,3,6,6,12
51203,PORCO,desnutricion aguda,desnutricion leve (l),2007-09-01,17,29,7,10,24,39,63
10103,POROMA,desnutricion aguda,desnutricion leve (l),2007-09-01,82,76,93,92,175,168,343
70103,PORONGO,desnutricion aguda,desnutricion leve (l),2007-09-01,25,10,18,14,43,24,67
70601,PORTACHUELO,desnutricion aguda,desnutricion leve (l),2007-09-01,20,22,11,14,31,36,67
90102,PORVENIR,desnutricion aguda,desnutricion leve (l),2007-09-01,4,3,3,5,7,8,15
70804,POSTRER VALLE,desnutricion aguda,desnutricion leve (l),2007-09-01,3,1,4,6,7,7,14
50101,POTOSI,desnutricion aguda,desnutricion leve (l),2007-09-01,318,294,181,229,499,523,1022
10302,PRESTO,desnutricion aguda,desnutricion leve (l),2007-09-01,43,32,46,39,89,71,160
70805,PUCARA,desnutricion aguda,desnutricion leve (l),2007-09-01,0,2,3,3,3,5,8
90301,PUERTO GONZALO MORENO,desnutricion aguda,desnutricion leve (l),2007-09-01,13,21,16,12,29,33,62
71402,PUERTO QUIJARRO,desnutricion aguda,desnutricion leve (l),2007-09-01,4,7,3,5,7,12,19
90201,PUERTO RICO,desnutricion aguda,desnutricion leve (l),2007-09-01,14,19,18,10,32,29,61
80703,PUERTO SILES,desnutricion aguda,desnutricion leve (l),2007-09-01,1,11,7,4,8,15,23
71401,PUERTO SUAREZ,desnutricion aguda,desnutricion leve (l),2007-09-01,8,11,2,4,10,15,25
31205,PUERTO VILLARROEL,desnutricion aguda,desnutricion leve (l),2007-09-01,119,98,84,91,203,189,392
51101,PUNA,desnutricion aguda,desnutricion leve (l),2007-09-01,89,89,124,139,213,228,441
31401,PUNATA,desnutricion aguda,desnutricion leve (l),2007-09-01,28,31,22,23,50,54,104
30901,QUILLACOLLO,desnutricion aguda,desnutricion leve (l),2007-09-01,32,23,59,64,91,87,178
21002,QUIME,desnutricion aguda,desnutricion leve (l),2007-09-01,1,6,2,3,3,9,12
70904,QUIRUSILLAS,desnutricion aguda,desnutricion leve (l),2007-09-01,1,2,0,3,1,5,6
50402,RAVELO,desnutricion aguda,desnutricion leve (l),2007-09-01,101,96,150,134,251,230,481
80301,REYES,desnutricion aguda,desnutricion leve (l),2007-09-01,15,10,15,16,30,26,56
80201,RIBERALTA,desnutricion aguda,desnutricion leve (l),2007-09-01,284,328,117,133,401,461,862
70503,ROBORE,desnutricion aguda,desnutricion leve (l),2007-09-01,14,18,6,13,20,31,51
80304,RURRENABAQUE,desnutricion aguda,desnutricion leve (l),2007-09-01,4,7,2,8,6,15,21
40901,SABAYA,desnutricion aguda,desnutricion leve (l),2007-09-01,4,4,1,1,5,5,10
31001,SACABA,desnutricion aguda,desnutricion leve (l),2007-09-01,81,95,90,107,171,202,373
30404,SACABAMBA,desnutricion aguda,desnutricion leve (l),2007-09-01,9,6,2,4,11,10,21
50701,SACACA,desnutricion aguda,desnutricion leve (l),2007-09-01,85,80,125,139,210,219,429
71302,SAIPINA,desnutricion aguda,desnutricion leve (l),2007-09-01,2,4,3,5,5,9,14
40801,SALINAS DE GARCI MENDOZA,desnutricion aguda,desnutricion leve (l),2007-09-01,3,6,6,10,9,16,25
70901,SAMAIPATA,desnutricion aguda,desnutricion leve (l),2007-09-01,9,7,3,2,12,9,21
51601,SAN AGUSTIN,desnutricion aguda,desnutricion leve (l),2007-09-01,3,2,1,4,4,6,10
80602,SAN ANDRES,desnutricion aguda,desnutricion leve (l),2007-09-01,5,18,4,6,9,24,33
51003,SAN ANTONIO DE ESMORUCO,desnutricion aguda,desnutricion leve (l),2007-09-01,2,1,2,0,4,1,5
71105,SAN ANTONIO DE LOMERIO,desnutricion aguda,desnutricion leve (l),2007-09-01,30,34,30,50,60,84,144
31403,SAN BENITO,desnutricion aguda,desnutricion leve (l),2007-09-01,15,21,12,14,27,35,62
80302,SAN BORJA,desnutricion aguda,desnutricion leve (l),2007-09-01,59,66,59,71,118,137,255
70402,SAN CARLOS,desnutricion aguda,desnutricion leve (l),2007-09-01,24,30,11,11,35,41,76
80501,SAN IGNACIO,desnutricion aguda,desnutricion leve (l),2007-09-01,70,63,38,39,108,102,210
70301,SAN IGNACIO DE VELASCO,desnutricion aguda,desnutricion leve (l),2007-09-01,120,127,107,127,227,254,481
80102,SAN JAVIER(BNI),desnutricion aguda,desnutricion leve (l),2007-09-01,9,4,4,2,13,6,19
71102,SAN JAVIER(STC),desnutricion aguda,desnutricion leve (l),2007-09-01,3,0,1,0,4,0,4
80701,SAN JOAQUIN,desnutricion aguda,desnutricion leve (l),2007-09-01,5,6,8,11,13,17,30
70501,SAN JOSE DE CHIQUITOS,desnutricion aguda,desnutricion leve (l),2007-09-01,10,15,15,10,25,25,50
70404,SAN JUAN DE YAPACANI,desnutricion aguda,desnutricion leve (l),2007-09-01,14,15,12,18,26,33,59
71104,SAN JULIAN,desnutricion aguda,desnutricion leve (l),2007-09-01,3,3,6,7,9,10,19
90302,SAN LORENZO(PND),desnutricion aguda,desnutricion leve (l),2007-09-01,5,1,3,6,8,7,15
60501,SAN LORENZO(TJA),desnutricion aguda,desnutricion leve (l),2007-09-01,19,21,40,42,59,63,122
10702,SAN LUCAS,desnutricion aguda,desnutricion leve (l),2007-09-01,170,187,259,216,429,403,832
71201,SAN MATIAS,desnutricion aguda,desnutricion leve (l),2007-09-01,2,5,3,1,5,6,11
70302,SAN MIGUEL DE VELASCO,desnutricion aguda,desnutricion leve (l),2007-09-01,16,17,17,11,33,28,61
51001,SAN PABLO DE LIPEZ,desnutricion aguda,desnutricion leve (l),2007-09-01,10,5,8,2,18,7,25
71005,SAN PEDRO,desnutricion aguda,desnutricion leve (l),2007-09-01,9,8,13,18,22,26,48
50501,SAN PEDRO DE BUENA VISTA,desnutricion aguda,desnutricion leve (l),2007-09-01,98,89,160,139,258,228,486
50902,SAN PEDRO DE QUEMES,desnutricion aguda,desnutricion leve (l),2007-09-01,1,1,0,2,1,3,4
90202,SAN PEDRO(PND),desnutricion aguda,desnutricion leve (l),2007-09-01,5,1,1,4,6,5,11
70303,SAN RAFAEL,desnutricion aguda,desnutricion leve (l),2007-09-01,13,17,5,6,18,23,41
80401,SANTA ANA,desnutricion aguda,desnutricion leve (l),2007-09-01,19,18,8,6,27,24,51
70101,SANTA CRUZ DE LA SIERRA,desnutricion aguda,desnutricion leve (l),2007-09-01,437,481,242,270,679,751,1430
80303,SANTA ROSA,desnutricion aguda,desnutricion leve (l),2007-09-01,9,11,2,7,11,18,29
70602,SANTA ROSA DEL SARA,desnutricion aguda,desnutricion leve (l),2007-09-01,19,17,19,31,38,48,86
41401,SANTIAGO DE HUARI,desnutricion aguda,desnutricion leve (l),2007-09-01,5,5,7,5,12,10,22
30702,SANTIVAÑES,desnutricion aguda,desnutricion leve (l),2007-09-01,6,3,5,3,11,6,17
40202,SANTUARIO DE QUILLACAS,desnutricion aguda,desnutricion leve (l),2007-09-01,3,2,12,6,15,8,23
90303,SENA,desnutricion aguda,desnutricion leve (l),2007-09-01,6,9,8,3,14,12,26
30703,SICAYA,desnutricion aguda,desnutricion leve (l),2007-09-01,1,2,4,4,5,6,11
30902,SIPE SIPE,desnutricion aguda,desnutricion leve (l),2007-09-01,55,54,36,44,91,98,189
10403,SOPACHUY,desnutricion aguda,desnutricion leve (l),2007-09-01,23,26,53,68,76,94,170
40104,SORACACHI,desnutricion aguda,desnutricion leve (l),2007-09-01,5,10,2,2,7,12,19
10101,SUCRE,desnutricion aguda,desnutricion leve (l),2007-09-01,242,241,295,295,537,536,1073
31404,TACACHI,desnutricion aguda,desnutricion leve (l),2007-09-01,1,0,2,1,3,1,4
50303,TACOBAMBA,desnutricion aguda,desnutricion leve (l),2007-09-01,28,28,21,27,49,55,104
30602,TACOPAYA,desnutricion aguda,desnutricion leve (l),2007-09-01,16,14,24,25,40,39,79
51402,TAHUA,desnutricion aguda,desnutricion leve (l),2007-09-01,0,1,1,0,1,1,2
31101,TAPACARI,desnutricion aguda,desnutricion leve (l),2007-09-01,77,92,81,71,158,163,321
10601,TARABUCO,desnutricion aguda,desnutricion leve (l),2007-09-01,115,99,170,203,285,302,587
30401,TARATA,desnutricion aguda,desnutricion leve (l),2007-09-01,16,13,4,6,20,19,39
60101,TARIJA,desnutricion aguda,desnutricion leve (l),2007-09-01,126,150,110,116,236,266,502
10202,TARVITA,desnutricion aguda,desnutricion leve (l),2007-09-01,80,102,140,147,220,249,469
50102,TINGUIPAYA,desnutricion aguda,desnutricion leve (l),2007-09-01,79,64,62,73,141,137,278
30903,TIQUIPAYA,desnutricion aguda,desnutricion leve (l),2007-09-01,17,16,9,11,26,27,53
31601,TIRAQUE (CBBA),desnutricion aguda,desnutricion leve (l),2007-09-01,107,80,82,82,189,162,351
30802,TOCO,desnutricion aguda,desnutricion leve (l),2007-09-01,11,12,9,8,20,20,40
30803,TOLATA,desnutricion aguda,desnutricion leve (l),2007-09-01,4,9,1,3,5,12,17
41001,TOLEDO,desnutricion aguda,desnutricion leve (l),2007-09-01,1,1,1,1,2,2,4
51202,TOMAVE,desnutricion aguda,desnutricion leve (l),2007-09-01,21,28,24,36,45,64,109
10402,TOMINA,desnutricion aguda,desnutricion leve (l),2007-09-01,38,37,81,87,119,124,243
50502,TORO TORO,desnutricion aguda,desnutricion leve (l),2007-09-01,33,27,26,39,59,66,125
31201,TOTORA(CBBA),desnutricion aguda,desnutricion leve (l),2007-09-01,25,28,16,16,41,44,85
41301,TOTORA(ORR),desnutricion aguda,desnutricion leve (l),2007-09-01,4,4,4,7,8,11,19
70802,TRIGAL,desnutricion aguda,desnutricion leve (l),2007-09-01,0,2,2,2,2,4,6
80101,TRINIDAD,desnutricion aguda,desnutricion leve (l),2007-09-01,116,107,48,37,164,144,308
50801,TUPIZA,desnutricion aguda,desnutricion leve (l),2007-09-01,57,41,61,74,118,115,233
40402,TURCO,desnutricion aguda,desnutricion leve (l),2007-09-01,4,1,4,1,8,2,10
50201,UNCIA,desnutricion aguda,desnutricion leve (l),2007-09-01,60,40,40,36,100,76,176
60401,URIONDO (A. CONCEPCION),desnutricion aguda,desnutricion leve (l),2007-09-01,23,16,19,27,42,43,85
71502,URUBICHA,desnutricion aguda,desnutricion leve (l),2007-09-01,2,4,11,5,13,9,22
51201,UYUNI,desnutricion aguda,desnutricion leve (l),2007-09-01,20,24,40,34,60,58,118
30502,VACAS,desnutricion aguda,desnutricion leve (l),2007-09-01,15,13,12,14,27,27,54
70801,VALLEGRANDE,desnutricion aguda,desnutricion leve (l),2007-09-01,10,10,9,17,19,27,46
20801,VIACHA,desnutricion aguda,desnutricion leve (l),2007-09-01,20,22,21,29,41,51,92
60303,VILLA MONTES,desnutricion aguda,desnutricion leve (l),2007-09-01,15,17,10,4,25,21,46
90502,VILLA NUEVA (LOMA ALTA),desnutricion aguda,desnutricion leve (l),2007-09-01,4,10,10,12,14,22,36
31402,VILLA RIVERO,desnutricion aguda,desnutricion leve (l),2007-09-01,4,9,10,13,14,22,36
10801,VILLA SERRANO,desnutricion aguda,desnutricion leve (l),2007-09-01,44,44,80,91,124,135,259
31003,VILLA TUNARI,desnutricion aguda,desnutricion leve (l),2007-09-01,73,64,47,57,120,121,241
11001,VILLA VACA GUZMAN (MUYUPAMPA),desnutricion aguda,desnutricion leve (l),2007-09-01,21,15,10,30,31,45,76
51501,VILLAZON,desnutricion aguda,desnutricion leve (l),2007-09-01,62,50,62,47,124,97,221
30904,VINTO,desnutricion aguda,desnutricion leve (l),2007-09-01,11,6,3,4,14,10,24
50602,VITICHI,desnutricion aguda,desnutricion leve (l),2007-09-01,45,33,57,59,102,92,194
70201,WARNES,desnutricion aguda,desnutricion leve (l),2007-09-01,57,45,39,52,96,97,193
60301,YACUIBA,desnutricion aguda,desnutricion leve (l),2007-09-01,38,58,31,50,69,108,177
10602,YAMPARAEZ,desnutricion aguda,desnutricion leve (l),2007-09-01,37,45,114,103,151,148,299
70403,YAPACANI,desnutricion aguda,desnutricion leve (l),2007-09-01,55,52,26,36,81,88,169
50103,YOCALLA,desnutricion aguda,desnutricion leve (l),2007-09-01,20,12,7,11,27,23,50
10102,YOTALA,desnutricion aguda,desnutricion leve (l),2007-09-01,14,10,9,17,23,27,50
60402,YUNCHARA,desnutricion aguda,desnutricion leve (l),2007-09-01,14,9,36,28,50,37,87
10301,ZUDAÑEZ,desnutricion aguda,desnutricion leve (l),2007-09-01,49,30,65,63,114,93,207
51302,ACACIO,desnutricion aguda,desnutricion leve (l),2007-10-01,35,23,47,57,82,80,162
20104,ACHOCALLA,desnutricion aguda,desnutricion leve (l),2007-10-01,5,7,4,3,9,10,19
30201,AIQUILE,desnutricion aguda,desnutricion leve (l),2007-10-01,43,31,55,62,98,93,191
31303,ALALAY,desnutricion aguda,desnutricion leve (l),2007-10-01,27,11,15,16,42,27,69
10404,ALCALA,desnutricion aguda,desnutricion leve (l),2007-10-01,14,12,28,33,42,45,87
41201,ANDAMARCA,desnutricion aguda,desnutricion leve (l),2007-10-01,2,1,0,0,2,1,3
40603,ANTEQUERA,desnutricion aguda,desnutricion leve (l),2007-10-01,8,2,16,11,24,13,37
30402,ANZALDO,desnutricion aguda,desnutricion leve (l),2007-10-01,16,14,31,31,47,45,92
51301,ARAMPAMPA,desnutricion aguda,desnutricion leve (l),2007-10-01,36,25,39,59,75,84,159
30501,ARANI,desnutricion aguda,desnutricion leve (l),2007-10-01,11,17,9,20,20,37,57
30403,ARBIETO,desnutricion aguda,desnutricion leve (l),2007-10-01,16,16,27,19,43,35,78
30601,ARQUE,desnutricion aguda,desnutricion leve (l),2007-10-01,53,64,93,104,146,168,314
71501,ASCENCION DE GUARAYOS,desnutricion aguda,desnutricion leve (l),2007-10-01,56,64,83,106,139,170,309
50802,ATOCHA,desnutricion aguda,desnutricion leve (l),2007-10-01,32,30,41,36,73,66,139
30301,AYOPAYA (V. DE INDEPENDENCIA),desnutricion aguda,desnutricion leve (l),2007-10-01,72,82,89,93,161,175,336
10201,AZURDUY,desnutricion aguda,desnutricion leve (l),2007-10-01,45,51,101,118,146,169,315
80802,BAURES,desnutricion aguda,desnutricion leve (l),2007-10-01,13,10,5,13,18,23,41
41202,BELEN DE ANDAMARCA,desnutricion aguda,desnutricion leve (l),2007-10-01,1,1,0,2,1,3,4
50104,BELEN DE URMIRI,desnutricion aguda,desnutricion leve (l),2007-10-01,6,6,6,5,12,11,23
90104,BELLA FLOR,desnutricion aguda,desnutricion leve (l),2007-10-01,7,2,8,8,15,10,25
60202,BERMEJO,desnutricion aguda,desnutricion leve (l),2007-10-01,14,17,13,16,27,33,60
50301,BETANZOS,desnutricion aguda,desnutricion leve (l),2007-10-01,85,85,125,164,210,249,459
31501,BOLIVAR,desnutricion aguda,desnutricion leve (l),2007-10-01,58,51,42,56,100,107,207
90103,BOLPEBRA,desnutricion aguda,desnutricion leve (l),2007-10-01,2,0,4,4,6,4,10
70707,BOYUIBE,desnutricion aguda,desnutricion leve (l),2007-10-01,3,7,11,3,14,10,24
70401,BUENA VISTA,desnutricion aguda,desnutricion leve (l),2007-10-01,15,4,9,4,24,8,32
70703,CABEZAS,desnutricion aguda,desnutricion leve (l),2007-10-01,23,21,33,30,56,51,107
51102,"CAIZA ""D""",desnutricion aguda,desnutricion leve (l),2007-10-01,24,17,21,31,45,48,93
21003,CAJUATA,desnutricion aguda,desnutricion leve (l),2007-10-01,9,11,4,5,13,16,29
10701,CAMARGO,desnutricion aguda,desnutricion leve (l),2007-10-01,53,72,71,101,124,173,297
10901,CAMATAQUI (C. VILLA ABECIA),desnutricion aguda,desnutricion leve (l),2007-10-01,13,12,24,18,37,30,67
70706,CAMIRI,desnutricion aguda,desnutricion leve (l),2007-10-01,40,78,51,58,91,136,227
30701,CAPINOTA,desnutricion aguda,desnutricion leve (l),2007-10-01,59,68,73,60,132,128,260
40102,CARACOLLO,desnutricion aguda,desnutricion leve (l),2007-10-01,26,13,12,8,38,21,59
60302,CARAPARI,desnutricion aguda,desnutricion leve (l),2007-10-01,9,6,17,12,26,18,44
50702,CARIPUYO,desnutricion aguda,desnutricion leve (l),2007-10-01,30,22,49,45,79,67,146
71403,CARMEN RIVERO TORREZ,desnutricion aguda,desnutricion leve (l),2007-10-01,3,2,5,3,8,5,13
40201,CHALLAPATA,desnutricion aguda,desnutricion leve (l),2007-10-01,46,26,40,46,86,72,158
50302,CHAQUI,desnutricion aguda,desnutricion leve (l),2007-10-01,13,11,16,15,29,26,55
70702,CHARAGUA,desnutricion aguda,desnutricion leve (l),2007-10-01,31,34,25,36,56,70,126
50202,CHAYANTA,desnutricion aguda,desnutricion leve (l),2007-10-01,38,49,69,76,107,125,232
31204,CHIMORE,desnutricion aguda,desnutricion leve (l),2007-10-01,30,42,41,34,71,76,147
40903,CHIPAYA,desnutricion aguda,desnutricion leve (l),2007-10-01,2,1,0,2,2,3,5
40302,CHOQUE COTA,desnutricion aguda,desnutricion leve (l),2007-10-01,4,2,1,1,5,3,8
30801,CLIZA,desnutricion aguda,desnutricion leve (l),2007-10-01,3,2,0,2,3,4,7
90101,COBIJA,desnutricion aguda,desnutricion leve (l),2007-10-01,64,62,51,40,115,102,217
30101,COCHABAMBA,desnutricion aguda,desnutricion leve (l),2007-10-01,336,349,269,300,605,649,1254
40902,COIPASA,desnutricion aguda,desnutricion leve (l),2007-10-01,3,2,2,3,5,5,10
30905,COLCAPIRHUA,desnutricion aguda,desnutricion leve (l),2007-10-01,56,49,46,39,102,88,190
50901,"COLCHA ""K""",desnutricion aguda,desnutricion leve (l),2007-10-01,16,14,17,27,33,41,74
31002,COLOMI,desnutricion aguda,desnutricion leve (l),2007-10-01,30,31,43,41,73,72,145
70603,COLPA BELGICA,desnutricion aguda,desnutricion leve (l),2007-10-01,12,2,5,6,17,8,25
50401,COLQUECHACA,desnutricion aguda,desnutricion leve (l),2007-10-01,99,87,107,135,206,222,428
21004,COLQUIRI,desnutricion aguda,desnutricion leve (l),2007-10-01,27,23,13,14,40,37,77
71301,COMARAPA,desnutricion aguda,desnutricion leve (l),2007-10-01,17,15,16,17,33,32,65
71101,CONCEPCION,desnutricion aguda,desnutricion leve (l),2007-10-01,28,16,10,9,38,25,63
40301,CORQUE,desnutricion aguda,desnutricion leve (l),2007-10-01,11,3,3,1,14,4,18
50601,COTAGAITA,desnutricion aguda,desnutricion leve (l),2007-10-01,55,70,52,71,107,141,248
70102,COTOCA,desnutricion aguda,desnutricion leve (l),2007-10-01,75,70,46,42,121,112,233
71106,CUATRO CAÑADAS,desnutricion aguda,desnutricion leve (l),2007-10-01,14,12,6,11,20,23,43
31405,CUCHUMUELA (V. G. VILLARROEL),desnutricion aguda,desnutricion leve (l),2007-10-01,2,0,3,2,5,2,7
70704,CUEVO,desnutricion aguda,desnutricion leve (l),2007-10-01,15,7,5,11,20,18,38
10902,CULPINA,desnutricion aguda,desnutricion leve (l),2007-10-01,87,88,115,124,202,212,414
40401,CURAHUARA DE CARANGAS,desnutricion aguda,desnutricion leve (l),2007-10-01,8,6,6,9,14,15,29
40103,EL CHORO,desnutricion aguda,desnutricion leve (l),2007-10-01,5,1,2,1,7,2,9
71503,EL PUENTE(STC),desnutricion aguda,desnutricion leve (l),2007-10-01,5,3,5,4,10,7,17
60502,EL PUENTE(TJA),desnutricion aguda,desnutricion leve (l),2007-10-01,9,7,16,19,25,26,51
70105,EL TORNO,desnutricion aguda,desnutricion leve (l),2007-10-01,11,15,7,19,18,34,52
10405,EL VILLAR,desnutricion aguda,desnutricion leve (l),2007-10-01,18,28,33,32,51,60,111
60601,ENTRE RIOS,desnutricion aguda,desnutricion leve (l),2007-10-01,19,19,25,25,44,44,88
60601,ENTRE RIOS,desnutricion aguda,desnutricion leve (l),2007-10-01,42,49,53,53,95,102,197
40502,ESCARA,desnutricion aguda,desnutricion leve (l),2007-10-01,0,0,2,0,2,0,2
40505,ESMERALDA,desnutricion aguda,desnutricion leve (l),2007-10-01,0,0,0,1,0,1,1
41101,EUCALIPTUS,desnutricion aguda,desnutricion leve (l),2007-10-01,1,1,0,1,1,2,3
80402,EXALTACION,desnutricion aguda,desnutricion leve (l),2007-10-01,12,12,8,6,20,18,38
71004,FERNANDEZ ALONSO,desnutricion aguda,desnutricion leve (l),2007-10-01,18,14,12,17,30,31,61
90203,FILADELFIA,desnutricion aguda,desnutricion leve (l),2007-10-01,2,0,3,5,5,5,10
71002,GENERAL SAAVEDRA,desnutricion aguda,desnutricion leve (l),2007-10-01,17,12,13,9,30,21,51
80202,GUAYARAMERIN,desnutricion aguda,desnutricion leve (l),2007-10-01,66,72,48,56,114,128,242
70705,GUTIERREZ,desnutricion aguda,desnutricion leve (l),2007-10-01,36,27,46,50,82,77,159
10502,HUACARETA,desnutricion aguda,desnutricion leve (l),2007-10-01,25,21,20,47,45,68,113
11002,HUACAYA (VILLA DE HUACAYA),desnutricion aguda,desnutricion leve (l),2007-10-01,5,3,10,13,15,16,31
40501,HUACHACALLA,desnutricion aguda,desnutricion leve (l),2007-10-01,2,1,0,2,2,3,5
40701,HUANUNI,desnutricion aguda,desnutricion leve (l),2007-10-01,19,13,10,4,29,17,46
80803,HUARACAJE,desnutricion aguda,desnutricion leve (l),2007-10-01,7,5,7,2,14,7,21
41601,HUAYLLAMARCA,desnutricion aguda,desnutricion leve (l),2007-10-01,1,5,4,2,5,7,12
21005,ICHOCA,desnutricion aguda,desnutricion leve (l),2007-10-01,3,3,7,13,10,16,26
10304,ICLA,desnutricion aguda,desnutricion leve (l),2007-10-01,58,54,121,128,179,182,361
10703,INCAHUASI,desnutricion aguda,desnutricion leve (l),2007-10-01,100,113,136,145,236,258,494
90402,INGAVI (HUMAITA),desnutricion aguda,desnutricion leve (l),2007-10-01,0,1,0,0,0,1,1
21001,INQUISIVI,desnutricion aguda,desnutricion leve (l),2007-10-01,33,20,36,27,69,47,116
70104,LA GUARDIA,desnutricion aguda,desnutricion leve (l),2007-10-01,91,72,52,61,143,133,276
41501,LA RIVERA,desnutricion aguda,desnutricion leve (l),2007-10-01,0,1,0,0,0,1,1
70701,LAGUNILLAS,desnutricion aguda,desnutricion leve (l),2007-10-01,6,12,23,20,29,32,61
10903,LAS CARRERAS,desnutricion aguda,desnutricion leve (l),2007-10-01,7,4,17,13,24,17,41
21006,LICOMA PAMPA,desnutricion aguda,desnutricion leve (l),2007-10-01,3,0,3,0,6,0,6
50203,LLALLAGUA,desnutricion aguda,desnutricion leve (l),2007-10-01,38,41,59,52,97,93,190
51401,LLICA,desnutricion aguda,desnutricion leve (l),2007-10-01,10,7,8,12,18,19,37
80601,LORETO,desnutricion aguda,desnutricion leve (l),2007-10-01,8,12,5,8,13,20,33
40702,MACHACAMARCA,desnutricion aguda,desnutricion leve (l),2007-10-01,3,1,1,0,4,1,5
11003,MACHARETI,desnutricion aguda,desnutricion leve (l),2007-10-01,9,17,19,16,28,33,61
80801,MAGDALENA,desnutricion aguda,desnutricion leve (l),2007-10-01,7,13,6,7,13,20,33
70903,MAIRANA,desnutricion aguda,desnutricion leve (l),2007-10-01,8,6,16,15,24,21,45
20103,MECAPACA,desnutricion aguda,desnutricion leve (l),2007-10-01,11,14,26,21,37,35,72
71003,MINEROS,desnutricion aguda,desnutricion leve (l),2007-10-01,20,20,1,8,21,28,49
31301,MIZQUE,desnutricion aguda,desnutricion leve (l),2007-10-01,108,79,77,119,185,198,383
51002,MOJINETE,desnutricion aguda,desnutricion leve (l),2007-10-01,0,2,1,3,1,5,6
10303,MOJOCOYA,desnutricion aguda,desnutricion leve (l),2007-10-01,30,23,74,44,104,67,171
10501,MONTEAGUDO,desnutricion aguda,desnutricion leve (l),2007-10-01,69,51,122,106,191,157,348
71001,MONTERO,desnutricion aguda,desnutricion leve (l),2007-10-01,133,103,88,117,221,220,441
70803,MORO MORO,desnutricion aguda,desnutricion leve (l),2007-10-01,4,4,3,14,7,18,25
30302,MOROCHATA,desnutricion aguda,desnutricion leve (l),2007-10-01,39,67,56,46,95,113,208
90501,NUEVO MANOA (NUEVA ESPERANZA),desnutricion aguda,desnutricion leve (l),2007-10-01,3,4,2,3,5,7,12
50404,OCURI,desnutricion aguda,desnutricion leve (l),2007-10-01,51,69,67,67,118,136,254
70202,OKINAWA,desnutricion aguda,desnutricion leve (l),2007-10-01,23,24,13,14,36,38,74
30203,OMEREQUE,desnutricion aguda,desnutricion leve (l),2007-10-01,9,14,11,15,20,29,49
40101,ORURO,desnutricion aguda,desnutricion leve (l),2007-10-01,295,179,118,99,413,278,691
60201,PADCAYA,desnutricion aguda,desnutricion leve (l),2007-10-01,19,20,19,21,38,41,79
10401,PADILLA,desnutricion aguda,desnutricion leve (l),2007-10-01,39,33,64,85,103,118,221
70502,PAILON,desnutricion aguda,desnutricion leve (l),2007-10-01,20,23,15,9,35,32,67
20102,PALCA,desnutricion aguda,desnutricion leve (l),2007-10-01,26,21,13,27,39,48,87
40802,PAMPA AULLAGAS,desnutricion aguda,desnutricion leve (l),2007-10-01,0,0,0,1,0,1,1
70902,PAMPA GRANDE,desnutricion aguda,desnutricion leve (l),2007-10-01,1,2,5,5,6,7,13
30202,PASORAPA,desnutricion aguda,desnutricion leve (l),2007-10-01,6,3,7,7,13,10,23
40602,PAZÑA,desnutricion aguda,desnutricion leve (l),2007-10-01,2,2,4,0,6,2,8
50403,POCOATA,desnutricion aguda,desnutricion leve (l),2007-10-01,64,56,69,81,133,137,270
31203,POCONA,desnutricion aguda,desnutricion leve (l),2007-10-01,8,16,9,16,17,32,49
31202,POJO (CBBA),desnutricion aguda,desnutricion leve (l),2007-10-01,12,9,16,21,28,30,58
40601,POOPO,desnutricion aguda,desnutricion leve (l),2007-10-01,5,6,4,4,9,10,19
51203,PORCO,desnutricion aguda,desnutricion leve (l),2007-10-01,18,26,12,17,30,43,73
10103,POROMA,desnutricion aguda,desnutricion leve (l),2007-10-01,90,88,128,134,218,222,440
70103,PORONGO,desnutricion aguda,desnutricion leve (l),2007-10-01,5,4,10,3,15,7,22
70601,PORTACHUELO,desnutricion aguda,desnutricion leve (l),2007-10-01,31,31,38,28,69,59,128
90102,PORVENIR,desnutricion aguda,desnutricion leve (l),2007-10-01,5,4,3,0,8,4,12
70804,POSTRER VALLE,desnutricion aguda,desnutricion leve (l),2007-10-01,4,2,3,7,7,9,16
50101,POTOSI,desnutricion aguda,desnutricion leve (l),2007-10-01,315,309,231,230,546,539,1085
10302,PRESTO,desnutricion aguda,desnutricion leve (l),2007-10-01,35,24,54,45,89,69,158
70805,PUCARA,desnutricion aguda,desnutricion leve (l),2007-10-01,4,2,8,8,12,10,22
90301,PUERTO GONZALO MORENO,desnutricion aguda,desnutricion leve (l),2007-10-01,15,14,8,12,23,26,49
71402,PUERTO QUIJARRO,desnutricion aguda,desnutricion leve (l),2007-10-01,14,5,3,4,17,9,26
90201,PUERTO RICO,desnutricion aguda,desnutricion leve (l),2007-10-01,14,25,23,17,37,42,79
80703,PUERTO SILES,desnutricion aguda,desnutricion leve (l),2007-10-01,2,3,3,9,5,12,17
71401,PUERTO SUAREZ,desnutricion aguda,desnutricion leve (l),2007-10-01,11,14,3,6,14,20,34
31205,PUERTO VILLARROEL,desnutricion aguda,desnutricion leve (l),2007-10-01,113,89,81,90,194,179,373
51101,PUNA,desnutricion aguda,desnutricion leve (l),2007-10-01,109,71,126,113,235,184,419
31401,PUNATA,desnutricion aguda,desnutricion leve (l),2007-10-01,49,52,29,25,78,77,155
30901,QUILLACOLLO,desnutricion aguda,desnutricion leve (l),2007-10-01,51,76,67,60,118,136,254
21002,QUIME,desnutricion aguda,desnutricion leve (l),2007-10-01,15,16,14,24,29,40,69
70904,QUIRUSILLAS,desnutricion aguda,desnutricion leve (l),2007-10-01,2,0,3,5,5,5,10
50402,RAVELO,desnutricion aguda,desnutricion leve (l),2007-10-01,116,121,174,197,290,318,608
80301,REYES,desnutricion aguda,desnutricion leve (l),2007-10-01,18,19,20,20,38,39,77
80201,RIBERALTA,desnutricion aguda,desnutricion leve (l),2007-10-01,312,333,154,188,466,521,987
70503,ROBORE,desnutricion aguda,desnutricion leve (l),2007-10-01,16,24,7,12,23,36,59
80304,RURRENABAQUE,desnutricion aguda,desnutricion leve (l),2007-10-01,11,7,8,6,19,13,32
40901,SABAYA,desnutricion aguda,desnutricion leve (l),2007-10-01,4,3,2,1,6,4,10
31001,SACABA,desnutricion aguda,desnutricion leve (l),2007-10-01,57,80,52,47,109,127,236
30404,SACABAMBA,desnutricion aguda,desnutricion leve (l),2007-10-01,7,8,3,5,10,13,23
50701,SACACA,desnutricion aguda,desnutricion leve (l),2007-10-01,132,119,211,201,343,320,663
71302,SAIPINA,desnutricion aguda,desnutricion leve (l),2007-10-01,3,2,5,5,8,7,15
40801,SALINAS DE GARCI MENDOZA,desnutricion aguda,desnutricion leve (l),2007-10-01,15,13,10,15,25,28,53
70901,SAMAIPATA,desnutricion aguda,desnutricion leve (l),2007-10-01,17,6,11,7,28,13,41
51601,SAN AGUSTIN,desnutricion aguda,desnutricion leve (l),2007-10-01,0,2,4,5,4,7,11
80602,SAN ANDRES,desnutricion aguda,desnutricion leve (l),2007-10-01,0,7,4,1,4,8,12
51003,SAN ANTONIO DE ESMORUCO,desnutricion aguda,desnutricion leve (l),2007-10-01,7,2,7,7,14,9,23
71105,SAN ANTONIO DE LOMERIO,desnutricion aguda,desnutricion leve (l),2007-10-01,22,28,31,33,53,61,114
31403,SAN BENITO,desnutricion aguda,desnutricion leve (l),2007-10-01,21,6,19,14,40,20,60
80302,SAN BORJA,desnutricion aguda,desnutricion leve (l),2007-10-01,84,89,92,110,176,199,375
70402,SAN CARLOS,desnutricion aguda,desnutricion leve (l),2007-10-01,35,34,17,23,52,57,109
80501,SAN IGNACIO,desnutricion aguda,desnutricion leve (l),2007-10-01,58,75,87,79,145,154,299
70301,SAN IGNACIO DE VELASCO,desnutricion aguda,desnutricion leve (l),2007-10-01,140,156,109,132,249,288,537
80102,SAN JAVIER(BNI),desnutricion aguda,desnutricion leve (l),2007-10-01,4,1,3,4,7,5,12
80701,SAN JOAQUIN,desnutricion aguda,desnutricion leve (l),2007-10-01,1,3,3,0,4,3,7
70501,SAN JOSE DE CHIQUITOS,desnutricion aguda,desnutricion leve (l),2007-10-01,21,27,14,22,35,49,84
70404,SAN JUAN DE YAPACANI,desnutricion aguda,desnutricion leve (l),2007-10-01,15,19,21,17,36,36,72
71104,SAN JULIAN,desnutricion aguda,desnutricion leve (l),2007-10-01,3,4,12,8,15,12,27
90302,SAN LORENZO(PND),desnutricion aguda,desnutricion leve (l),2007-10-01,3,2,5,1,8,3,11
60501,SAN LORENZO(TJA),desnutricion aguda,desnutricion leve (l),2007-10-01,41,39,62,44,103,83,186
10702,SAN LUCAS,desnutricion aguda,desnutricion leve (l),2007-10-01,200,221,277,259,477,480,957
71201,SAN MATIAS,desnutricion aguda,desnutricion leve (l),2007-10-01,10,26,10,7,20,33,53
70302,SAN MIGUEL DE VELASCO,desnutricion aguda,desnutricion leve (l),2007-10-01,11,10,8,7,19,17,36
51001,SAN PABLO DE LIPEZ,desnutricion aguda,desnutricion leve (l),2007-10-01,6,12,18,12,24,24,48
71005,SAN PEDRO,desnutricion aguda,desnutricion leve (l),2007-10-01,13,13,13,14,26,27,53
50501,SAN PEDRO DE BUENA VISTA,desnutricion aguda,desnutricion leve (l),2007-10-01,117,122,176,189,293,311,604
90202,SAN PEDRO(PND),desnutricion aguda,desnutricion leve (l),2007-10-01,6,6,7,11,13,17,30
70303,SAN RAFAEL,desnutricion aguda,desnutricion leve (l),2007-10-01,10,9,7,5,17,14,31
80702,SAN RAMON,desnutricion aguda,desnutricion leve (l),2007-10-01,7,13,5,7,12,20,32
80702,SAN RAMON,desnutricion aguda,desnutricion leve (l),2007-10-01,3,4,5,2,8,6,14
80401,SANTA ANA,desnutricion aguda,desnutricion leve (l),2007-10-01,38,30,22,22,60,52,112
70101,SANTA CRUZ DE LA SIERRA,desnutricion aguda,desnutricion leve (l),2007-10-01,402,488,280,307,682,795,1477
80303,SANTA ROSA,desnutricion aguda,desnutricion leve (l),2007-10-01,12,11,13,11,25,22,47
70602,SANTA ROSA DEL SARA,desnutricion aguda,desnutricion leve (l),2007-10-01,27,27,20,28,47,55,102
41401,SANTIAGO DE HUARI,desnutricion aguda,desnutricion leve (l),2007-10-01,8,9,12,1,20,10,30
30702,SANTIVAÑES,desnutricion aguda,desnutricion leve (l),2007-10-01,3,4,4,2,7,6,13
40202,SANTUARIO DE QUILLACAS,desnutricion aguda,desnutricion leve (l),2007-10-01,6,5,11,5,17,10,27
90303,SENA,desnutricion aguda,desnutricion leve (l),2007-10-01,3,8,0,3,3,11,14
30703,SICAYA,desnutricion aguda,desnutricion leve (l),2007-10-01,8,8,15,15,23,23,46
30902,SIPE SIPE,desnutricion aguda,desnutricion leve (l),2007-10-01,53,48,69,43,122,91,213
10403,SOPACHUY,desnutricion aguda,desnutricion leve (l),2007-10-01,33,40,57,86,90,126,216
40104,SORACACHI,desnutricion aguda,desnutricion leve (l),2007-10-01,6,6,5,5,11,11,22
10101,SUCRE,desnutricion aguda,desnutricion leve (l),2007-10-01,281,326,350,367,631,693,1324
31404,TACACHI,desnutricion aguda,desnutricion leve (l),2007-10-01,3,0,0,1,3,1,4
50303,TACOBAMBA,desnutricion aguda,desnutricion leve (l),2007-10-01,37,36,35,48,72,84,156
30602,TACOPAYA,desnutricion aguda,desnutricion leve (l),2007-10-01,25,22,54,62,79,84,163
51402,TAHUA,desnutricion aguda,desnutricion leve (l),2007-10-01,0,3,3,1,3,4,7
31101,TAPACARI,desnutricion aguda,desnutricion leve (l),2007-10-01,77,83,78,65,155,148,303
10601,TARABUCO,desnutricion aguda,desnutricion leve (l),2007-10-01,161,107,259,256,420,363,783
30401,TARATA,desnutricion aguda,desnutricion leve (l),2007-10-01,12,14,7,15,19,29,48
60101,TARIJA,desnutricion aguda,desnutricion leve (l),2007-10-01,121,153,135,137,256,290,546
10202,TARVITA,desnutricion aguda,desnutricion leve (l),2007-10-01,72,67,114,133,186,200,386
50102,TINGUIPAYA,desnutricion aguda,desnutricion leve (l),2007-10-01,77,79,100,75,177,154,331
30903,TIQUIPAYA,desnutricion aguda,desnutricion leve (l),2007-10-01,18,25,17,22,35,47,82
31601,TIRAQUE (CBBA),desnutricion aguda,desnutricion leve (l),2007-10-01,86,92,71,66,157,158,315
30802,TOCO,desnutricion aguda,desnutricion leve (l),2007-10-01,11,20,24,16,35,36,71
30803,TOLATA,desnutricion aguda,desnutricion leve (l),2007-10-01,12,6,7,4,19,10,29
41001,TOLEDO,desnutricion aguda,desnutricion leve (l),2007-10-01,3,3,8,9,11,12,23
51202,TOMAVE,desnutricion aguda,desnutricion leve (l),2007-10-01,20,27,32,36,52,63,115
10402,TOMINA,desnutricion aguda,desnutricion leve (l),2007-10-01,54,37,77,82,131,119,250
50502,TORO TORO,desnutricion aguda,desnutricion leve (l),2007-10-01,39,33,29,28,68,61,129
31201,TOTORA(CBBA),desnutricion aguda,desnutricion leve (l),2007-10-01,31,21,18,22,49,43,92
41301,TOTORA(ORR),desnutricion aguda,desnutricion leve (l),2007-10-01,2,6,1,5,3,11,14
70802,TRIGAL,desnutricion aguda,desnutricion leve (l),2007-10-01,2,1,6,1,8,2,10
80101,TRINIDAD,desnutricion aguda,desnutricion leve (l),2007-10-01,178,92,64,66,242,158,400
50801,TUPIZA,desnutricion aguda,desnutricion leve (l),2007-10-01,64,68,84,98,148,166,314
40402,TURCO,desnutricion aguda,desnutricion leve (l),2007-10-01,6,3,0,3,6,6,12
50201,UNCIA,desnutricion aguda,desnutricion leve (l),2007-10-01,41,31,51,42,92,73,165
60401,URIONDO (A. CONCEPCION),desnutricion aguda,desnutricion leve (l),2007-10-01,21,23,17,23,38,46,84
51201,UYUNI,desnutricion aguda,desnutricion leve (l),2007-10-01,18,24,33,23,51,47,98
30502,VACAS,desnutricion aguda,desnutricion leve (l),2007-10-01,20,17,25,23,45,40,85
70801,VALLEGRANDE,desnutricion aguda,desnutricion leve (l),2007-10-01,20,11,16,16,36,27,63
20801,VIACHA,desnutricion aguda,desnutricion leve (l),2007-10-01,94,49,56,55,150,104,254
60303,VILLA MONTES,desnutricion aguda,desnutricion leve (l),2007-10-01,23,28,29,22,52,50,102
90502,VILLA NUEVA (LOMA ALTA),desnutricion aguda,desnutricion leve (l),2007-10-01,7,9,9,4,16,13,29
31402,VILLA RIVERO,desnutricion aguda,desnutricion leve (l),2007-10-01,1,4,5,13,6,17,23
10801,VILLA SERRANO,desnutricion aguda,desnutricion leve (l),2007-10-01,48,42,79,90,127,132,259
31003,VILLA TUNARI,desnutricion aguda,desnutricion leve (l),2007-10-01,87,108,93,99,180,207,387
11001,VILLA VACA GUZMAN (MUYUPAMPA),desnutricion aguda,desnutricion leve (l),2007-10-01,27,21,25,41,52,62,114
51501,VILLAZON,desnutricion aguda,desnutricion leve (l),2007-10-01,76,62,91,101,167,163,330
30904,VINTO,desnutricion aguda,desnutricion leve (l),2007-10-01,29,18,9,7,38,25,63
50602,VITICHI,desnutricion aguda,desnutricion leve (l),2007-10-01,38,45,47,66,85,111,196
70201,WARNES,desnutricion aguda,desnutricion leve (l),2007-10-01,36,40,18,28,54,68,122
60301,YACUIBA,desnutricion aguda,desnutricion leve (l),2007-10-01,57,61,26,32,83,93,176
10602,YAMPARAEZ,desnutricion aguda,desnutricion leve (l),2007-10-01,44,43,99,94,143,137,280
70403,YAPACANI,desnutricion aguda,desnutricion leve (l),2007-10-01,65,65,45,52,110,117,227
50103,YOCALLA,desnutricion aguda,desnutricion leve (l),2007-10-01,20,9,9,11,29,20,49
10102,YOTALA,desnutricion aguda,desnutricion leve (l),2007-10-01,6,4,5,8,11,12,23
60402,YUNCHARA,desnutricion aguda,desnutricion leve (l),2007-10-01,16,15,34,28,50,43,93
10301,ZUDAÑEZ,desnutricion aguda,desnutricion leve (l),2007-10-01,40,33,43,53,83,86,169
51302,ACACIO,desnutricion aguda,desnutricion leve (l),2007-11-01,24,26,36,55,60,81,141
20104,ACHOCALLA,desnutricion aguda,desnutricion leve (l),2007-11-01,4,2,1,7,5,9,14
30201,AIQUILE,desnutricion aguda,desnutricion leve (l),2007-11-01,41,59,45,61,86,120,206
31303,ALALAY,desnutricion aguda,desnutricion leve (l),2007-11-01,5,1,2,6,7,7,14
10404,ALCALA,desnutricion aguda,desnutricion leve (l),2007-11-01,14,17,24,33,38,50,88
41201,ANDAMARCA,desnutricion aguda,desnutricion leve (l),2007-11-01,8,0,2,0,10,0,10
40603,ANTEQUERA,desnutricion aguda,desnutricion leve (l),2007-11-01,20,9,9,6,29,15,44
30402,ANZALDO,desnutricion aguda,desnutricion leve (l),2007-11-01,14,25,19,30,33,55,88
51301,ARAMPAMPA,desnutricion aguda,desnutricion leve (l),2007-11-01,18,18,28,33,46,51,97
30501,ARANI,desnutricion aguda,desnutricion leve (l),2007-11-01,12,6,11,23,23,29,52
30403,ARBIETO,desnutricion aguda,desnutricion leve (l),2007-11-01,26,21,35,32,61,53,114
30601,ARQUE,desnutricion aguda,desnutricion leve (l),2007-11-01,49,55,91,84,140,139,279
50802,ATOCHA,desnutricion aguda,desnutricion leve (l),2007-11-01,20,19,21,32,41,51,92
30301,AYOPAYA (V. DE INDEPENDENCIA),desnutricion aguda,desnutricion leve (l),2007-11-01,66,61,48,62,114,123,237
10201,AZURDUY,desnutricion aguda,desnutricion leve (l),2007-11-01,43,52,78,35,121,87,208
80802,BAURES,desnutricion aguda,desnutricion leve (l),2007-11-01,7,7,4,10,11,17,28
41202,BELEN DE ANDAMARCA,desnutricion aguda,desnutricion leve (l),2007-11-01,2,1,0,0,2,1,3
50104,BELEN DE URMIRI,desnutricion aguda,desnutricion leve (l),2007-11-01,2,2,4,7,6,9,15
90104,BELLA FLOR,desnutricion aguda,desnutricion leve (l),2007-11-01,10,7,6,11,16,18,34
60202,BERMEJO,desnutricion aguda,desnutricion leve (l),2007-11-01,12,12,9,7,21,19,40
50301,BETANZOS,desnutricion aguda,desnutricion leve (l),2007-11-01,62,55,92,108,154,163,317
31501,BOLIVAR,desnutricion aguda,desnutricion leve (l),2007-11-01,47,68,59,63,106,131,237
90103,BOLPEBRA,desnutricion aguda,desnutricion leve (l),2007-11-01,5,2,6,4,11,6,17
70707,BOYUIBE,desnutricion aguda,desnutricion leve (l),2007-11-01,6,3,7,9,13,12,25
70401,BUENA VISTA,desnutricion aguda,desnutricion leve (l),2007-11-01,3,6,9,6,12,12,24
70703,CABEZAS,desnutricion aguda,desnutricion leve (l),2007-11-01,16,22,24,29,40,51,91
51102,"CAIZA ""D""",desnutricion aguda,desnutricion leve (l),2007-11-01,15,11,19,27,34,38,72
21003,CAJUATA,desnutricion aguda,desnutricion leve (l),2007-11-01,12,13,6,6,18,19,37
10701,CAMARGO,desnutricion aguda,desnutricion leve (l),2007-11-01,31,64,57,81,88,145,233
10901,CAMATAQUI (C. VILLA ABECIA),desnutricion aguda,desnutricion leve (l),2007-11-01,12,8,16,17,28,25,53
70706,CAMIRI,desnutricion aguda,desnutricion leve (l),2007-11-01,46,50,41,56,87,106,193
30701,CAPINOTA,desnutricion aguda,desnutricion leve (l),2007-11-01,58,41,50,42,108,83,191
40102,CARACOLLO,desnutricion aguda,desnutricion leve (l),2007-11-01,7,13,9,10,16,23,39
41503,CARANGAS,desnutricion aguda,desnutricion leve (l),2007-11-01,0,0,1,2,1,2,3
60302,CARAPARI,desnutricion aguda,desnutricion leve (l),2007-11-01,9,13,14,14,23,27,50
50702,CARIPUYO,desnutricion aguda,desnutricion leve (l),2007-11-01,58,36,63,65,121,101,222
71403,CARMEN RIVERO TORREZ,desnutricion aguda,desnutricion leve (l),2007-11-01,4,4,3,5,7,9,16
40201,CHALLAPATA,desnutricion aguda,desnutricion leve (l),2007-11-01,32,39,22,54,54,93,147
50302,CHAQUI,desnutricion aguda,desnutricion leve (l),2007-11-01,15,15,31,20,46,35,81
70702,CHARAGUA,desnutricion aguda,desnutricion leve (l),2007-11-01,21,42,26,44,47,86,133
50202,CHAYANTA,desnutricion aguda,desnutricion leve (l),2007-11-01,39,34,72,63,111,97,208
31204,CHIMORE,desnutricion aguda,desnutricion leve (l),2007-11-01,23,36,30,27,53,63,116
40903,CHIPAYA,desnutricion aguda,desnutricion leve (l),2007-11-01,0,4,3,6,3,10,13
40302,CHOQUE COTA,desnutricion aguda,desnutricion leve (l),2007-11-01,2,0,1,1,3,1,4
30801,CLIZA,desnutricion aguda,desnutricion leve (l),2007-11-01,5,5,0,1,5,6,11
90101,COBIJA,desnutricion aguda,desnutricion leve (l),2007-11-01,60,69,45,47,105,116,221
30101,COCHABAMBA,desnutricion aguda,desnutricion leve (l),2007-11-01,310,317,223,237,533,554,1087
40902,COIPASA,desnutricion aguda,desnutricion leve (l),2007-11-01,2,1,2,0,4,1,5
30905,COLCAPIRHUA,desnutricion aguda,desnutricion leve (l),2007-11-01,29,23,40,37,69,60,129
50901,"COLCHA ""K""",desnutricion aguda,desnutricion leve (l),2007-11-01,21,17,15,11,36,28,64
31002,COLOMI,desnutricion aguda,desnutricion leve (l),2007-11-01,32,47,23,26,55,73,128
70603,COLPA BELGICA,desnutricion aguda,desnutricion leve (l),2007-11-01,2,6,7,6,9,12,21
50401,COLQUECHACA,desnutricion aguda,desnutricion leve (l),2007-11-01,69,71,67,77,136,148,284
21004,COLQUIRI,desnutricion aguda,desnutricion leve (l),2007-11-01,26,22,20,24,46,46,92
71301,COMARAPA,desnutricion aguda,desnutricion leve (l),2007-11-01,14,8,12,15,26,23,49
71101,CONCEPCION,desnutricion aguda,desnutricion leve (l),2007-11-01,25,27,14,14,39,41,80
40301,CORQUE,desnutricion aguda,desnutricion leve (l),2007-11-01,1,7,5,1,6,8,14
50601,COTAGAITA,desnutricion aguda,desnutricion leve (l),2007-11-01,52,43,63,57,115,100,215
70102,COTOCA,desnutricion aguda,desnutricion leve (l),2007-11-01,65,56,51,39,116,95,211
71106,CUATRO CAÑADAS,desnutricion aguda,desnutricion leve (l),2007-11-01,14,12,10,8,24,20,44
31405,CUCHUMUELA (V. G. VILLARROEL),desnutricion aguda,desnutricion leve (l),2007-11-01,5,4,6,8,11,12,23
70704,CUEVO,desnutricion aguda,desnutricion leve (l),2007-11-01,3,1,4,6,7,7,14
10902,CULPINA,desnutricion aguda,desnutricion leve (l),2007-11-01,50,44,54,70,104,114,218
40401,CURAHUARA DE CARANGAS,desnutricion aguda,desnutricion leve (l),2007-11-01,10,9,6,9,16,18,34
40103,EL CHORO,desnutricion aguda,desnutricion leve (l),2007-11-01,6,0,1,2,7,2,9
71503,EL PUENTE(STC),desnutricion aguda,desnutricion leve (l),2007-11-01,5,5,2,3,7,8,15
60502,EL PUENTE(TJA),desnutricion aguda,desnutricion leve (l),2007-11-01,14,6,14,20,28,26,54
70105,EL TORNO,desnutricion aguda,desnutricion leve (l),2007-11-01,16,21,18,21,34,42,76
10405,EL VILLAR,desnutricion aguda,desnutricion leve (l),2007-11-01,21,11,21,25,42,36,78
60601,ENTRE RIOS,desnutricion aguda,desnutricion leve (l),2007-11-01,13,25,16,40,29,65,94
60601,ENTRE RIOS,desnutricion aguda,desnutricion leve (l),2007-11-01,48,49,34,53,82,102,184
40502,ESCARA,desnutricion aguda,desnutricion leve (l),2007-11-01,1,0,2,0,3,0,3
41101,EUCALIPTUS,desnutricion aguda,desnutricion leve (l),2007-11-01,2,0,1,0,3,0,3
90503,EUREKA (SANTOS MERCADO),desnutricion aguda,desnutricion leve (l),2007-11-01,2,4,2,5,4,9,13
80402,EXALTACION,desnutricion aguda,desnutricion leve (l),2007-11-01,2,3,2,2,4,5,9
71004,FERNANDEZ ALONSO,desnutricion aguda,desnutricion leve (l),2007-11-01,20,14,15,11,35,25,60
90203,FILADELFIA,desnutricion aguda,desnutricion leve (l),2007-11-01,5,1,4,6,9,7,16
71002,GENERAL SAAVEDRA,desnutricion aguda,desnutricion leve (l),2007-11-01,20,22,25,19,45,41,86
80202,GUAYARAMERIN,desnutricion aguda,desnutricion leve (l),2007-11-01,67,73,42,43,109,116,225
70705,GUTIERREZ,desnutricion aguda,desnutricion leve (l),2007-11-01,26,33,44,43,70,76,146
10502,HUACARETA,desnutricion aguda,desnutricion leve (l),2007-11-01,20,17,16,29,36,46,82
11002,HUACAYA (VILLA DE HUACAYA),desnutricion aguda,desnutricion leve (l),2007-11-01,4,5,9,15,13,20,33
40501,HUACHACALLA,desnutricion aguda,desnutricion leve (l),2007-11-01,0,1,0,0,0,1,1
40701,HUANUNI,desnutricion aguda,desnutricion leve (l),2007-11-01,21,9,2,4,23,13,36
80803,HUARACAJE,desnutricion aguda,desnutricion leve (l),2007-11-01,6,7,3,6,9,13,22
41601,HUAYLLAMARCA,desnutricion aguda,desnutricion leve (l),2007-11-01,7,10,6,9,13,19,32
21005,ICHOCA,desnutricion aguda,desnutricion leve (l),2007-11-01,1,1,1,2,2,3,5
10304,ICLA,desnutricion aguda,desnutricion leve (l),2007-11-01,64,49,109,116,173,165,338
10703,INCAHUASI,desnutricion aguda,desnutricion leve (l),2007-11-01,105,94,80,98,185,192,377
21001,INQUISIVI,desnutricion aguda,desnutricion leve (l),2007-11-01,25,22,28,15,53,37,90
70104,LA GUARDIA,desnutricion aguda,desnutricion leve (l),2007-11-01,44,57,43,58,87,115,202
41501,LA RIVERA,desnutricion aguda,desnutricion leve (l),2007-11-01,0,0,0,3,0,3,3
70701,LAGUNILLAS,desnutricion aguda,desnutricion leve (l),2007-11-01,14,14,39,28,53,42,95
10903,LAS CARRERAS,desnutricion aguda,desnutricion leve (l),2007-11-01,4,3,9,7,13,10,23
21006,LICOMA PAMPA,desnutricion aguda,desnutricion leve (l),2007-11-01,1,2,0,0,1,2,3
50203,LLALLAGUA,desnutricion aguda,desnutricion leve (l),2007-11-01,50,28,53,57,103,85,188
51401,LLICA,desnutricion aguda,desnutricion leve (l),2007-11-01,8,2,1,6,9,8,17
80601,LORETO,desnutricion aguda,desnutricion leve (l),2007-11-01,3,2,2,1,5,3,8
40702,MACHACAMARCA,desnutricion aguda,desnutricion leve (l),2007-11-01,2,1,0,1,2,2,4
11003,MACHARETI,desnutricion aguda,desnutricion leve (l),2007-11-01,18,13,22,16,40,29,69
80801,MAGDALENA,desnutricion aguda,desnutricion leve (l),2007-11-01,7,9,7,6,14,15,29
70903,MAIRANA,desnutricion aguda,desnutricion leve (l),2007-11-01,0,5,8,5,8,10,18
20103,MECAPACA,desnutricion aguda,desnutricion leve (l),2007-11-01,10,4,12,26,22,30,52
71003,MINEROS,desnutricion aguda,desnutricion leve (l),2007-11-01,19,19,2,9,21,28,49
31301,MIZQUE,desnutricion aguda,desnutricion leve (l),2007-11-01,64,62,57,77,121,139,260
51002,MOJINETE,desnutricion aguda,desnutricion leve (l),2007-11-01,0,1,3,1,3,2,5
10303,MOJOCOYA,desnutricion aguda,desnutricion leve (l),2007-11-01,28,34,36,45,64,79,143
10501,MONTEAGUDO,desnutricion aguda,desnutricion leve (l),2007-11-01,47,33,74,89,121,122,243
71001,MONTERO,desnutricion aguda,desnutricion leve (l),2007-11-01,114,110,84,89,198,199,397
70803,MORO MORO,desnutricion aguda,desnutricion leve (l),2007-11-01,0,3,3,6,3,9,12
30302,MOROCHATA,desnutricion aguda,desnutricion leve (l),2007-11-01,84,82,75,80,159,162,321
90401,NACEBE (SANTA ROSA DEL ABUNA),desnutricion aguda,desnutricion leve (l),2007-11-01,4,6,3,6,7,12,19
90501,NUEVO MANOA (NUEVA ESPERANZA),desnutricion aguda,desnutricion leve (l),2007-11-01,0,0,2,1,2,1,3
50404,OCURI,desnutricion aguda,desnutricion leve (l),2007-11-01,111,94,74,72,185,166,351
70202,OKINAWA,desnutricion aguda,desnutricion leve (l),2007-11-01,18,12,11,9,29,21,50
30203,OMEREQUE,desnutricion aguda,desnutricion leve (l),2007-11-01,7,8,8,12,15,20,35
40101,ORURO,desnutricion aguda,desnutricion leve (l),2007-11-01,241,154,80,72,321,226,547
60201,PADCAYA,desnutricion aguda,desnutricion leve (l),2007-11-01,9,4,13,9,22,13,35
10401,PADILLA,desnutricion aguda,desnutricion leve (l),2007-11-01,22,19,43,40,65,59,124
70502,PAILON,desnutricion aguda,desnutricion leve (l),2007-11-01,11,11,13,10,24,21,45
20102,PALCA,desnutricion aguda,desnutricion leve (l),2007-11-01,24,10,2,10,26,20,46
40802,PAMPA AULLAGAS,desnutricion aguda,desnutricion leve (l),2007-11-01,0,1,0,1,0,2,2
70902,PAMPA GRANDE,desnutricion aguda,desnutricion leve (l),2007-11-01,2,1,1,3,3,4,7
30202,PASORAPA,desnutricion aguda,desnutricion leve (l),2007-11-01,3,3,4,5,7,8,15
40602,PAZÑA,desnutricion aguda,desnutricion leve (l),2007-11-01,4,1,0,1,4,2,6
50403,POCOATA,desnutricion aguda,desnutricion leve (l),2007-11-01,55,62,93,104,148,166,314
31203,POCONA,desnutricion aguda,desnutricion leve (l),2007-11-01,9,16,20,20,29,36,65
31202,POJO (CBBA),desnutricion aguda,desnutricion leve (l),2007-11-01,9,10,26,26,35,36,71
40601,POOPO,desnutricion aguda,desnutricion leve (l),2007-11-01,4,2,5,0,9,2,11
51203,PORCO,desnutricion aguda,desnutricion leve (l),2007-11-01,19,20,7,9,26,29,55
10103,POROMA,desnutricion aguda,desnutricion leve (l),2007-11-01,70,61,72,88,142,149,291
70103,PORONGO,desnutricion aguda,desnutricion leve (l),2007-11-01,10,9,5,10,15,19,34
70601,PORTACHUELO,desnutricion aguda,desnutricion leve (l),2007-11-01,24,9,13,16,37,25,62
90102,PORVENIR,desnutricion aguda,desnutricion leve (l),2007-11-01,4,3,2,4,6,7,13
70804,POSTRER VALLE,desnutricion aguda,desnutricion leve (l),2007-11-01,3,5,6,4,9,9,18
50101,POTOSI,desnutricion aguda,desnutricion leve (l),2007-11-01,270,255,143,202,413,457,870
10302,PRESTO,desnutricion aguda,desnutricion leve (l),2007-11-01,27,19,35,43,62,62,124
70805,PUCARA,desnutricion aguda,desnutricion leve (l),2007-11-01,1,0,3,6,4,6,10
90301,PUERTO GONZALO MORENO,desnutricion aguda,desnutricion leve (l),2007-11-01,12,25,10,9,22,34,56
71402,PUERTO QUIJARRO,desnutricion aguda,desnutricion leve (l),2007-11-01,7,10,6,6,13,16,29
90201,PUERTO RICO,desnutricion aguda,desnutricion leve (l),2007-11-01,7,3,4,3,11,6,17
80703,PUERTO SILES,desnutricion aguda,desnutricion leve (l),2007-11-01,4,5,3,5,7,10,17
71401,PUERTO SUAREZ,desnutricion aguda,desnutricion leve (l),2007-11-01,4,10,4,3,8,13,21
31205,PUERTO VILLARROEL,desnutricion aguda,desnutricion leve (l),2007-11-01,111,87,81,72,192,159,351
51101,PUNA,desnutricion aguda,desnutricion leve (l),2007-11-01,97,70,128,150,225,220,445
31401,PUNATA,desnutricion aguda,desnutricion leve (l),2007-11-01,44,39,40,46,84,85,169
30901,QUILLACOLLO,desnutricion aguda,desnutricion leve (l),2007-11-01,49,59,72,46,121,105,226
21002,QUIME,desnutricion aguda,desnutricion leve (l),2007-11-01,6,2,1,1,7,3,10
70904,QUIRUSILLAS,desnutricion aguda,desnutricion leve (l),2007-11-01,2,0,7,3,9,3,12
50402,RAVELO,desnutricion aguda,desnutricion leve (l),2007-11-01,120,101,155,157,275,258,533
80301,REYES,desnutricion aguda,desnutricion leve (l),2007-11-01,14,21,19,21,33,42,75
80201,RIBERALTA,desnutricion aguda,desnutricion leve (l),2007-11-01,305,334,101,123,406,457,863
70503,ROBORE,desnutricion aguda,desnutricion leve (l),2007-11-01,11,21,4,8,15,29,44
80304,RURRENABAQUE,desnutricion aguda,desnutricion leve (l),2007-11-01,7,2,1,3,8,5,13
40901,SABAYA,desnutricion aguda,desnutricion leve (l),2007-11-01,1,2,0,1,1,3,4
31001,SACABA,desnutricion aguda,desnutricion leve (l),2007-11-01,93,85,100,96,193,181,374
30404,SACABAMBA,desnutricion aguda,desnutricion leve (l),2007-11-01,6,4,1,3,7,7,14
50701,SACACA,desnutricion aguda,desnutricion leve (l),2007-11-01,67,85,105,90,172,175,347
71302,SAIPINA,desnutricion aguda,desnutricion leve (l),2007-11-01,5,6,6,2,11,8,19
40801,SALINAS DE GARCI MENDOZA,desnutricion aguda,desnutricion leve (l),2007-11-01,9,8,9,16,18,24,42
70901,SAMAIPATA,desnutricion aguda,desnutricion leve (l),2007-11-01,5,5,2,3,7,8,15
51601,SAN AGUSTIN,desnutricion aguda,desnutricion leve (l),2007-11-01,2,5,1,3,3,8,11
80602,SAN ANDRES,desnutricion aguda,desnutricion leve (l),2007-11-01,12,17,3,7,15,24,39
51003,SAN ANTONIO DE ESMORUCO,desnutricion aguda,desnutricion leve (l),2007-11-01,4,0,0,0,4,0,4
31403,SAN BENITO,desnutricion aguda,desnutricion leve (l),2007-11-01,14,7,9,6,23,13,36
80302,SAN BORJA,desnutricion aguda,desnutricion leve (l),2007-11-01,62,53,22,37,84,90,174
70402,SAN CARLOS,desnutricion aguda,desnutricion leve (l),2007-11-01,23,14,10,19,33,33,66
80501,SAN IGNACIO,desnutricion aguda,desnutricion leve (l),2007-11-01,39,51,38,38,77,89,166
70301,SAN IGNACIO DE VELASCO,desnutricion aguda,desnutricion leve (l),2007-11-01,85,144,83,117,168,261,429
80102,SAN JAVIER(BNI),desnutricion aguda,desnutricion leve (l),2007-11-01,1,4,1,2,2,6,8
71102,SAN JAVIER(STC),desnutricion aguda,desnutricion leve (l),2007-11-01,9,2,2,0,11,2,13
80701,SAN JOAQUIN,desnutricion aguda,desnutricion leve (l),2007-11-01,2,12,1,5,3,17,20
70501,SAN JOSE DE CHIQUITOS,desnutricion aguda,desnutricion leve (l),2007-11-01,25,18,19,14,44,32,76
70404,SAN JUAN DE YAPACANI,desnutricion aguda,desnutricion leve (l),2007-11-01,14,24,19,12,33,36,69
71104,SAN JULIAN,desnutricion aguda,desnutricion leve (l),2007-11-01,15,17,23,23,38,40,78
90302,SAN LORENZO(PND),desnutricion aguda,desnutricion leve (l),2007-11-01,13,6,10,5,23,11,34
60501,SAN LORENZO(TJA),desnutricion aguda,desnutricion leve (l),2007-11-01,12,33,47,36,59,69,128
10702,SAN LUCAS,desnutricion aguda,desnutricion leve (l),2007-11-01,168,186,248,246,416,432,848
71201,SAN MATIAS,desnutricion aguda,desnutricion leve (l),2007-11-01,10,6,5,19,15,25,40
70302,SAN MIGUEL DE VELASCO,desnutricion aguda,desnutricion leve (l),2007-11-01,5,7,8,3,13,10,23
51001,SAN PABLO DE LIPEZ,desnutricion aguda,desnutricion leve (l),2007-11-01,5,1,5,3,10,4,14
71005,SAN PEDRO,desnutricion aguda,desnutricion leve (l),2007-11-01,12,9,12,8,24,17,41
50501,SAN PEDRO DE BUENA VISTA,desnutricion aguda,desnutricion leve (l),2007-11-01,68,68,111,117,179,185,364
90202,SAN PEDRO(PND),desnutricion aguda,desnutricion leve (l),2007-11-01,3,2,0,0,3,2,5
70303,SAN RAFAEL,desnutricion aguda,desnutricion leve (l),2007-11-01,11,9,3,9,14,18,32
80702,SAN RAMON,desnutricion aguda,desnutricion leve (l),2007-11-01,7,15,2,9,9,24,33
80702,SAN RAMON,desnutricion aguda,desnutricion leve (l),2007-11-01,4,2,0,4,4,6,10
80401,SANTA ANA,desnutricion aguda,desnutricion leve (l),2007-11-01,20,19,11,8,31,27,58
70101,SANTA CRUZ DE LA SIERRA,desnutricion aguda,desnutricion leve (l),2007-11-01,208,199,80,105,288,304,592
80303,SANTA ROSA,desnutricion aguda,desnutricion leve (l),2007-11-01,5,2,1,7,6,9,15
70602,SANTA ROSA DEL SARA,desnutricion aguda,desnutricion leve (l),2007-11-01,13,14,13,12,26,26,52
41401,SANTIAGO DE HUARI,desnutricion aguda,desnutricion leve (l),2007-11-01,11,4,5,2,16,6,22
30702,SANTIVAÑES,desnutricion aguda,desnutricion leve (l),2007-11-01,8,9,14,18,22,27,49
40202,SANTUARIO DE QUILLACAS,desnutricion aguda,desnutricion leve (l),2007-11-01,3,1,5,4,8,5,13
30703,SICAYA,desnutricion aguda,desnutricion leve (l),2007-11-01,8,5,2,1,10,6,16
30902,SIPE SIPE,desnutricion aguda,desnutricion leve (l),2007-11-01,44,42,26,36,70,78,148
10403,SOPACHUY,desnutricion aguda,desnutricion leve (l),2007-11-01,22,29,48,61,70,90,160
40104,SORACACHI,desnutricion aguda,desnutricion leve (l),2007-11-01,11,3,8,2,19,5,24
10101,SUCRE,desnutricion aguda,desnutricion leve (l),2007-11-01,193,198,270,302,463,500,963
31404,TACACHI,desnutricion aguda,desnutricion leve (l),2007-11-01,0,1,1,1,1,2,3
50303,TACOBAMBA,desnutricion aguda,desnutricion leve (l),2007-11-01,16,13,12,15,28,28,56
30602,TACOPAYA,desnutricion aguda,desnutricion leve (l),2007-11-01,26,14,36,36,62,50,112
31101,TAPACARI,desnutricion aguda,desnutricion leve (l),2007-11-01,102,102,85,72,187,174,361
10601,TARABUCO,desnutricion aguda,desnutricion leve (l),2007-11-01,102,58,158,140,260,198,458
30401,TARATA,desnutricion aguda,desnutricion leve (l),2007-11-01,7,9,6,11,13,20,33
60101,TARIJA,desnutricion aguda,desnutricion leve (l),2007-11-01,90,106,87,95,177,201,378
10202,TARVITA,desnutricion aguda,desnutricion leve (l),2007-11-01,67,65,113,149,180,214,394
50102,TINGUIPAYA,desnutricion aguda,desnutricion leve (l),2007-11-01,48,46,50,51,98,97,195
30903,TIQUIPAYA,desnutricion aguda,desnutricion leve (l),2007-11-01,22,20,16,13,38,33,71
31601,TIRAQUE (CBBA),desnutricion aguda,desnutricion leve (l),2007-11-01,81,90,93,91,174,181,355
30802,TOCO,desnutricion aguda,desnutricion leve (l),2007-11-01,8,9,15,0,23,9,32
30803,TOLATA,desnutricion aguda,desnutricion leve (l),2007-11-01,1,1,0,0,1,1,2
41001,TOLEDO,desnutricion aguda,desnutricion leve (l),2007-11-01,1,0,4,5,5,5,10
51202,TOMAVE,desnutricion aguda,desnutricion leve (l),2007-11-01,22,24,30,28,52,52,104
10402,TOMINA,desnutricion aguda,desnutricion leve (l),2007-11-01,56,59,78,118,134,177,311
50502,TORO TORO,desnutricion aguda,desnutricion leve (l),2007-11-01,41,42,29,44,70,86,156
31201,TOTORA(CBBA),desnutricion aguda,desnutricion leve (l),2007-11-01,23,27,31,24,54,51,105
41301,TOTORA(ORR),desnutricion aguda,desnutricion leve (l),2007-11-01,2,3,1,5,3,8,11
70802,TRIGAL,desnutricion aguda,desnutricion leve (l),2007-11-01,0,1,2,2,2,3,5
80101,TRINIDAD,desnutricion aguda,desnutricion leve (l),2007-11-01,91,110,54,48,145,158,303
50801,TUPIZA,desnutricion aguda,desnutricion leve (l),2007-11-01,68,70,76,81,144,151,295
40402,TURCO,desnutricion aguda,desnutricion leve (l),2007-11-01,8,1,1,3,9,4,13
50201,UNCIA,desnutricion aguda,desnutricion leve (l),2007-11-01,52,43,45,58,97,101,198
60401,URIONDO (A. CONCEPCION),desnutricion aguda,desnutricion leve (l),2007-11-01,14,7,14,13,28,20,48
51201,UYUNI,desnutricion aguda,desnutricion leve (l),2007-11-01,14,24,26,25,40,49,89
30502,VACAS,desnutricion aguda,desnutricion leve (l),2007-11-01,11,4,5,8,16,12,28
70801,VALLEGRANDE,desnutricion aguda,desnutricion leve (l),2007-11-01,6,9,16,16,22,25,47
20801,VIACHA,desnutricion aguda,desnutricion leve (l),2007-11-01,17,37,20,30,37,67,104
31302,VILA VILA,desnutricion aguda,desnutricion leve (l),2007-11-01,0,0,1,4,1,4,5
60303,VILLA MONTES,desnutricion aguda,desnutricion leve (l),2007-11-01,9,22,17,13,26,35,61
90502,VILLA NUEVA (LOMA ALTA),desnutricion aguda,desnutricion leve (l),2007-11-01,4,6,6,8,10,14,24
31402,VILLA RIVERO,desnutricion aguda,desnutricion leve (l),2007-11-01,6,7,14,12,20,19,39
10801,VILLA SERRANO,desnutricion aguda,desnutricion leve (l),2007-11-01,33,36,97,88,130,124,254
31003,VILLA TUNARI,desnutricion aguda,desnutricion leve (l),2007-11-01,90,110,81,83,171,193,364
11001,VILLA VACA GUZMAN (MUYUPAMPA),desnutricion aguda,desnutricion leve (l),2007-11-01,25,17,24,20,49,37,86
51501,VILLAZON,desnutricion aguda,desnutricion leve (l),2007-11-01,53,66,58,74,111,140,251
30904,VINTO,desnutricion aguda,desnutricion leve (l),2007-11-01,29,11,11,16,40,27,67
50602,VITICHI,desnutricion aguda,desnutricion leve (l),2007-11-01,36,37,44,47,80,84,164
70201,WARNES,desnutricion aguda,desnutricion leve (l),2007-11-01,22,28,28,30,50,58,108
60301,YACUIBA,desnutricion aguda,desnutricion leve (l),2007-11-01,45,49,24,46,69,95,164
10602,YAMPARAEZ,desnutricion aguda,desnutricion leve (l),2007-11-01,35,34,104,83,139,117,256
70403,YAPACANI,desnutricion aguda,desnutricion leve (l),2007-11-01,62,43,23,32,85,75,160
50103,YOCALLA,desnutricion aguda,desnutricion leve (l),2007-11-01,18,7,6,16,24,23,47
10102,YOTALA,desnutricion aguda,desnutricion leve (l),2007-11-01,7,6,16,12,23,18,41
60402,YUNCHARA,desnutricion aguda,desnutricion leve (l),2007-11-01,14,13,23,28,37,41,78
10301,ZUDAÑEZ,desnutricion aguda,desnutricion leve (l),2007-11-01,11,10,15,21,26,31,57
51302,ACACIO,desnutricion aguda,desnutricion leve (l),2007-12-01,21,23,40,47,61,70,131
20104,ACHOCALLA,desnutricion aguda,desnutricion leve (l),2007-12-01,2,0,0,0,2,0,2
30201,AIQUILE,desnutricion aguda,desnutricion leve (l),2007-12-01,22,21,12,23,34,44,78
31303,ALALAY,desnutricion aguda,desnutricion leve (l),2007-12-01,18,6,14,10,32,16,48
10404,ALCALA,desnutricion aguda,desnutricion leve (l),2007-12-01,10,21,30,33,40,54,94
41201,ANDAMARCA,desnutricion aguda,desnutricion leve (l),2007-12-01,3,1,0,0,3,1,4
40603,ANTEQUERA,desnutricion aguda,desnutricion leve (l),2007-12-01,17,10,12,9,29,19,48
30402,ANZALDO,desnutricion aguda,desnutricion leve (l),2007-12-01,7,7,14,10,21,17,38
51301,ARAMPAMPA,desnutricion aguda,desnutricion leve (l),2007-12-01,20,22,35,49,55,71,126
30501,ARANI,desnutricion aguda,desnutricion leve (l),2007-12-01,2,5,0,8,2,13,15
30403,ARBIETO,desnutricion aguda,desnutricion leve (l),2007-12-01,14,16,21,27,35,43,78
30601,ARQUE,desnutricion aguda,desnutricion leve (l),2007-12-01,21,32,38,32,59,64,123
71501,ASCENCION DE GUARAYOS,desnutricion aguda,desnutricion leve (l),2007-12-01,59,69,100,155,159,224,383
50802,ATOCHA,desnutricion aguda,desnutricion leve (l),2007-12-01,12,24,22,21,34,45,79
30301,AYOPAYA (V. DE INDEPENDENCIA),desnutricion aguda,desnutricion leve (l),2007-12-01,34,28,30,41,64,69,133
10201,AZURDUY,desnutricion aguda,desnutricion leve (l),2007-12-01,33,50,65,71,98,121,219
80802,BAURES,desnutricion aguda,desnutricion leve (l),2007-12-01,10,4,6,5,16,9,25
41202,BELEN DE ANDAMARCA,desnutricion aguda,desnutricion leve (l),2007-12-01,1,0,0,0,1,0,1
50104,BELEN DE URMIRI,desnutricion aguda,desnutricion leve (l),2007-12-01,1,5,1,5,2,10,12
90104,BELLA FLOR,desnutricion aguda,desnutricion leve (l),2007-12-01,1,0,2,2,3,2,5
60202,BERMEJO,desnutricion aguda,desnutricion leve (l),2007-12-01,6,6,6,6,12,12,24
50301,BETANZOS,desnutricion aguda,desnutricion leve (l),2007-12-01,71,69,99,99,170,168,338
31501,BOLIVAR,desnutricion aguda,desnutricion leve (l),2007-12-01,34,34,17,27,51,61,112
90103,BOLPEBRA,desnutricion aguda,desnutricion leve (l),2007-12-01,3,2,5,1,8,3,11
70707,BOYUIBE,desnutricion aguda,desnutricion leve (l),2007-12-01,2,0,2,3,4,3,7
70401,BUENA VISTA,desnutricion aguda,desnutricion leve (l),2007-12-01,3,10,1,0,4,10,14
70703,CABEZAS,desnutricion aguda,desnutricion leve (l),2007-12-01,25,27,26,30,51,57,108
51102,"CAIZA ""D""",desnutricion aguda,desnutricion leve (l),2007-12-01,17,13,20,17,37,30,67
21003,CAJUATA,desnutricion aguda,desnutricion leve (l),2007-12-01,3,7,2,2,5,9,14
10701,CAMARGO,desnutricion aguda,desnutricion leve (l),2007-12-01,33,49,49,68,82,117,199
10901,CAMATAQUI (C. VILLA ABECIA),desnutricion aguda,desnutricion leve (l),2007-12-01,9,8,9,10,18,18,36
70706,CAMIRI,desnutricion aguda,desnutricion leve (l),2007-12-01,52,54,35,42,87,96,183
30701,CAPINOTA,desnutricion aguda,desnutricion leve (l),2007-12-01,24,25,29,27,53,52,105
40102,CARACOLLO,desnutricion aguda,desnutricion leve (l),2007-12-01,17,19,11,13,28,32,60
41503,CARANGAS,desnutricion aguda,desnutricion leve (l),2007-12-01,0,0,0,1,0,1,1
60302,CARAPARI,desnutricion aguda,desnutricion leve (l),2007-12-01,5,10,13,15,18,25,43
50702,CARIPUYO,desnutricion aguda,desnutricion leve (l),2007-12-01,38,39,54,48,92,87,179
71403,CARMEN RIVERO TORREZ,desnutricion aguda,desnutricion leve (l),2007-12-01,9,6,1,1,10,7,17
40201,CHALLAPATA,desnutricion aguda,desnutricion leve (l),2007-12-01,18,27,25,37,43,64,107
50302,CHAQUI,desnutricion aguda,desnutricion leve (l),2007-12-01,11,5,16,14,27,19,46
70702,CHARAGUA,desnutricion aguda,desnutricion leve (l),2007-12-01,36,33,30,38,66,71,137
50202,CHAYANTA,desnutricion aguda,desnutricion leve (l),2007-12-01,26,33,73,71,99,104,203
31204,CHIMORE,desnutricion aguda,desnutricion leve (l),2007-12-01,29,26,24,30,53,56,109
40903,CHIPAYA,desnutricion aguda,desnutricion leve (l),2007-12-01,4,4,4,3,8,7,15
40302,CHOQUE COTA,desnutricion aguda,desnutricion leve (l),2007-12-01,4,0,0,1,4,1,5
30801,CLIZA,desnutricion aguda,desnutricion leve (l),2007-12-01,6,9,0,4,6,13,19
90101,COBIJA,desnutricion aguda,desnutricion leve (l),2007-12-01,33,43,24,36,57,79,136
30101,COCHABAMBA,desnutricion aguda,desnutricion leve (l),2007-12-01,338,297,207,201,545,498,1043
40902,COIPASA,desnutricion aguda,desnutricion leve (l),2007-12-01,0,1,1,1,1,2,3
30905,COLCAPIRHUA,desnutricion aguda,desnutricion leve (l),2007-12-01,32,23,17,11,49,34,83
50901,"COLCHA ""K""",desnutricion aguda,desnutricion leve (l),2007-12-01,16,10,14,7,30,17,47
31002,COLOMI,desnutricion aguda,desnutricion leve (l),2007-12-01,20,26,75,50,95,76,171
70603,COLPA BELGICA,desnutricion aguda,desnutricion leve (l),2007-12-01,3,5,0,5,3,10,13
50401,COLQUECHACA,desnutricion aguda,desnutricion leve (l),2007-12-01,98,85,112,86,210,171,381
21004,COLQUIRI,desnutricion aguda,desnutricion leve (l),2007-12-01,19,10,13,13,32,23,55
71301,COMARAPA,desnutricion aguda,desnutricion leve (l),2007-12-01,21,11,10,9,31,20,51
71101,CONCEPCION,desnutricion aguda,desnutricion leve (l),2007-12-01,17,9,11,10,28,19,47
40301,CORQUE,desnutricion aguda,desnutricion leve (l),2007-12-01,10,10,1,5,11,15,26
50601,COTAGAITA,desnutricion aguda,desnutricion leve (l),2007-12-01,52,47,46,51,98,98,196
70102,COTOCA,desnutricion aguda,desnutricion leve (l),2007-12-01,81,78,58,64,139,142,281
71106,CUATRO CAÑADAS,desnutricion aguda,desnutricion leve (l),2007-12-01,13,8,12,5,25,13,38
31405,CUCHUMUELA (V. G. VILLARROEL),desnutricion aguda,desnutricion leve (l),2007-12-01,2,2,0,1,2,3,5
70704,CUEVO,desnutricion aguda,desnutricion leve (l),2007-12-01,4,3,9,11,13,14,27
10902,CULPINA,desnutricion aguda,desnutricion leve (l),2007-12-01,45,49,63,54,108,103,211
40401,CURAHUARA DE CARANGAS,desnutricion aguda,desnutricion leve (l),2007-12-01,13,5,4,1,17,6,23
40103,EL CHORO,desnutricion aguda,desnutricion leve (l),2007-12-01,7,7,1,2,8,9,17
71503,EL PUENTE(STC),desnutricion aguda,desnutricion leve (l),2007-12-01,16,22,14,23,30,45,75
60502,EL PUENTE(TJA),desnutricion aguda,desnutricion leve (l),2007-12-01,10,12,23,21,33,33,66
70105,EL TORNO,desnutricion aguda,desnutricion leve (l),2007-12-01,22,22,18,24,40,46,86
10405,EL VILLAR,desnutricion aguda,desnutricion leve (l),2007-12-01,15,20,32,31,47,51,98
60601,ENTRE RIOS,desnutricion aguda,desnutricion leve (l),2007-12-01,21,11,19,26,40,37,77
60601,ENTRE RIOS,desnutricion aguda,desnutricion leve (l),2007-12-01,48,32,37,33,85,65,150
41101,EUCALIPTUS,desnutricion aguda,desnutricion leve (l),2007-12-01,0,0,0,1,0,1,1
90503,EUREKA (SANTOS MERCADO),desnutricion aguda,desnutricion leve (l),2007-12-01,1,1,1,0,2,1,3
80402,EXALTACION,desnutricion aguda,desnutricion leve (l),2007-12-01,0,1,2,2,2,3,5
71004,FERNANDEZ ALONSO,desnutricion aguda,desnutricion leve (l),2007-12-01,10,14,5,10,15,24,39
90203,FILADELFIA,desnutricion aguda,desnutricion leve (l),2007-12-01,4,7,5,4,9,11,20
71002,GENERAL SAAVEDRA,desnutricion aguda,desnutricion leve (l),2007-12-01,19,24,17,13,36,37,73
80202,GUAYARAMERIN,desnutricion aguda,desnutricion leve (l),2007-12-01,61,70,36,55,97,125,222
70705,GUTIERREZ,desnutricion aguda,desnutricion leve (l),2007-12-01,40,46,60,39,100,85,185
10502,HUACARETA,desnutricion aguda,desnutricion leve (l),2007-12-01,23,14,12,18,35,32,67
11002,HUACAYA (VILLA DE HUACAYA),desnutricion aguda,desnutricion leve (l),2007-12-01,5,0,5,10,10,10,20
40501,HUACHACALLA,desnutricion aguda,desnutricion leve (l),2007-12-01,1,0,1,2,2,2,4
40701,HUANUNI,desnutricion aguda,desnutricion leve (l),2007-12-01,15,5,2,3,17,8,25
80803,HUARACAJE,desnutricion aguda,desnutricion leve (l),2007-12-01,3,4,6,5,9,9,18
41601,HUAYLLAMARCA,desnutricion aguda,desnutricion leve (l),2007-12-01,0,4,0,0,0,4,4
21005,ICHOCA,desnutricion aguda,desnutricion leve (l),2007-12-01,3,2,1,0,4,2,6
10304,ICLA,desnutricion aguda,desnutricion leve (l),2007-12-01,59,38,94,86,153,124,277
10703,INCAHUASI,desnutricion aguda,desnutricion leve (l),2007-12-01,87,71,72,98,159,169,328
21001,INQUISIVI,desnutricion aguda,desnutricion leve (l),2007-12-01,32,23,20,23,52,46,98
70104,LA GUARDIA,desnutricion aguda,desnutricion leve (l),2007-12-01,56,62,42,38,98,100,198
70701,LAGUNILLAS,desnutricion aguda,desnutricion leve (l),2007-12-01,24,16,23,29,47,45,92
10903,LAS CARRERAS,desnutricion aguda,desnutricion leve (l),2007-12-01,9,8,17,16,26,24,50
21006,LICOMA PAMPA,desnutricion aguda,desnutricion leve (l),2007-12-01,2,0,0,0,2,0,2
50203,LLALLAGUA,desnutricion aguda,desnutricion leve (l),2007-12-01,44,40,29,33,73,73,146
51401,LLICA,desnutricion aguda,desnutricion leve (l),2007-12-01,5,6,7,3,12,9,21
80601,LORETO,desnutricion aguda,desnutricion leve (l),2007-12-01,4,3,1,3,5,6,11
40702,MACHACAMARCA,desnutricion aguda,desnutricion leve (l),2007-12-01,0,0,0,2,0,2,2
11003,MACHARETI,desnutricion aguda,desnutricion leve (l),2007-12-01,12,8,12,13,24,21,45
80801,MAGDALENA,desnutricion aguda,desnutricion leve (l),2007-12-01,7,5,4,4,11,9,20
70903,MAIRANA,desnutricion aguda,desnutricion leve (l),2007-12-01,9,9,13,7,22,16,38
20103,MECAPACA,desnutricion aguda,desnutricion leve (l),2007-12-01,7,12,14,11,21,23,44
71003,MINEROS,desnutricion aguda,desnutricion leve (l),2007-12-01,12,12,5,4,17,16,33
31301,MIZQUE,desnutricion aguda,desnutricion leve (l),2007-12-01,40,28,17,15,57,43,100
51002,MOJINETE,desnutricion aguda,desnutricion leve (l),2007-12-01,0,0,0,5,0,5,5
10303,MOJOCOYA,desnutricion aguda,desnutricion leve (l),2007-12-01,23,27,45,39,68,66,134
10501,MONTEAGUDO,desnutricion aguda,desnutricion leve (l),2007-12-01,37,34,55,60,92,94,186
71001,MONTERO,desnutricion aguda,desnutricion leve (l),2007-12-01,140,134,73,86,213,220,433
70803,MORO MORO,desnutricion aguda,desnutricion leve (l),2007-12-01,4,3,3,2,7,5,12
30302,MOROCHATA,desnutricion aguda,desnutricion leve (l),2007-12-01,39,37,32,31,71,68,139
90401,NACEBE (SANTA ROSA DEL ABUNA),desnutricion aguda,desnutricion leve (l),2007-12-01,4,2,1,1,5,3,8
90501,NUEVO MANOA (NUEVA ESPERANZA),desnutricion aguda,desnutricion leve (l),2007-12-01,3,2,5,2,8,4,12
50404,OCURI,desnutricion aguda,desnutricion leve (l),2007-12-01,88,102,57,76,145,178,323
70202,OKINAWA,desnutricion aguda,desnutricion leve (l),2007-12-01,10,19,6,23,16,42,58
30203,OMEREQUE,desnutricion aguda,desnutricion leve (l),2007-12-01,13,6,4,4,17,10,27
40101,ORURO,desnutricion aguda,desnutricion leve (l),2007-12-01,243,164,85,74,328,238,566
60201,PADCAYA,desnutricion aguda,desnutricion leve (l),2007-12-01,19,13,10,13,29,26,55
10401,PADILLA,desnutricion aguda,desnutricion leve (l),2007-12-01,30,29,48,75,78,104,182
70502,PAILON,desnutricion aguda,desnutricion leve (l),2007-12-01,17,17,13,10,30,27,57
20102,PALCA,desnutricion aguda,desnutricion leve (l),2007-12-01,10,13,9,4,19,17,36
70902,PAMPA GRANDE,desnutricion aguda,desnutricion leve (l),2007-12-01,3,3,1,2,4,5,9
30202,PASORAPA,desnutricion aguda,desnutricion leve (l),2007-12-01,3,6,5,4,8,10,18
40602,PAZÑA,desnutricion aguda,desnutricion leve (l),2007-12-01,2,1,0,0,2,1,3
50403,POCOATA,desnutricion aguda,desnutricion leve (l),2007-12-01,72,64,88,110,160,174,334
31203,POCONA,desnutricion aguda,desnutricion leve (l),2007-12-01,13,12,8,10,21,22,43
31202,POJO (CBBA),desnutricion aguda,desnutricion leve (l),2007-12-01,11,14,7,5,18,19,37
40601,POOPO,desnutricion aguda,desnutricion leve (l),2007-12-01,6,2,7,4,13,6,19
51203,PORCO,desnutricion aguda,desnutricion leve (l),2007-12-01,23,18,11,17,34,35,69
10103,POROMA,desnutricion aguda,desnutricion leve (l),2007-12-01,54,48,64,75,118,123,241
70103,PORONGO,desnutricion aguda,desnutricion leve (l),2007-12-01,7,9,10,7,17,16,33
70601,PORTACHUELO,desnutricion aguda,desnutricion leve (l),2007-12-01,23,20,30,10,53,30,83
90102,PORVENIR,desnutricion aguda,desnutricion leve (l),2007-12-01,4,5,2,4,6,9,15
70804,POSTRER VALLE,desnutricion aguda,desnutricion leve (l),2007-12-01,0,1,1,3,1,4,5
50101,POTOSI,desnutricion aguda,desnutricion leve (l),2007-12-01,19,26,8,15,27,41,68
10302,PRESTO,desnutricion aguda,desnutricion leve (l),2007-12-01,84,69,90,62,174,131,305
70805,PUCARA,desnutricion aguda,desnutricion leve (l),2007-12-01,0,2,1,2,1,4,5
90301,PUERTO GONZALO MORENO,desnutricion aguda,desnutricion leve (l),2007-12-01,17,23,20,18,37,41,78
71402,PUERTO QUIJARRO,desnutricion aguda,desnutricion leve (l),2007-12-01,12,6,2,2,14,8,22
90201,PUERTO RICO,desnutricion aguda,desnutricion leve (l),2007-12-01,6,9,7,5,13,14,27
80703,PUERTO SILES,desnutricion aguda,desnutricion leve (l),2007-12-01,4,1,0,3,4,4,8
71401,PUERTO SUAREZ,desnutricion aguda,desnutricion leve (l),2007-12-01,6,9,3,7,9,16,25
31205,PUERTO VILLARROEL,desnutricion aguda,desnutricion leve (l),2007-12-01,109,103,69,69,178,172,350
51101,PUNA,desnutricion aguda,desnutricion leve (l),2007-12-01,70,75,106,104,176,179,355
31401,PUNATA,desnutricion aguda,desnutricion leve (l),2007-12-01,37,32,21,29,58,61,119
30901,QUILLACOLLO,desnutricion aguda,desnutricion leve (l),2007-12-01,56,59,41,49,97,108,205
21002,QUIME,desnutricion aguda,desnutricion leve (l),2007-12-01,3,1,2,2,5,3,8
70904,QUIRUSILLAS,desnutricion aguda,desnutricion leve (l),2007-12-01,1,0,3,1,4,1,5
50402,RAVELO,desnutricion aguda,desnutricion leve (l),2007-12-01,86,86,104,111,190,197,387
80301,REYES,desnutricion aguda,desnutricion leve (l),2007-12-01,15,8,8,12,23,20,43
80201,RIBERALTA,desnutricion aguda,desnutricion leve (l),2007-12-01,267,294,102,151,369,445,814
70503,ROBORE,desnutricion aguda,desnutricion leve (l),2007-12-01,11,10,3,6,14,16,30
80304,RURRENABAQUE,desnutricion aguda,desnutricion leve (l),2007-12-01,9,13,4,1,13,14,27
40901,SABAYA,desnutricion aguda,desnutricion leve (l),2007-12-01,0,3,1,1,1,4,5
31001,SACABA,desnutricion aguda,desnutricion leve (l),2007-12-01,66,67,44,46,110,113,223
30404,SACABAMBA,desnutricion aguda,desnutricion leve (l),2007-12-01,3,5,0,1,3,6,9
50701,SACACA,desnutricion aguda,desnutricion leve (l),2007-12-01,92,108,154,169,246,277,523
71302,SAIPINA,desnutricion aguda,desnutricion leve (l),2007-12-01,5,11,12,13,17,24,41
40801,SALINAS DE GARCI MENDOZA,desnutricion aguda,desnutricion leve (l),2007-12-01,9,14,14,11,23,25,48
70901,SAMAIPATA,desnutricion aguda,desnutricion leve (l),2007-12-01,2,2,3,0,5,2,7
51601,SAN AGUSTIN,desnutricion aguda,desnutricion leve (l),2007-12-01,0,3,2,3,2,6,8
80602,SAN ANDRES,desnutricion aguda,desnutricion leve (l),2007-12-01,8,10,8,7,16,17,33
51003,SAN ANTONIO DE ESMORUCO,desnutricion aguda,desnutricion leve (l),2007-12-01,1,2,1,1,2,3,5
71105,SAN ANTONIO DE LOMERIO,desnutricion aguda,desnutricion leve (l),2007-12-01,23,25,36,41,59,66,125
31403,SAN BENITO,desnutricion aguda,desnutricion leve (l),2007-12-01,16,11,11,11,27,22,49
80302,SAN BORJA,desnutricion aguda,desnutricion leve (l),2007-12-01,74,80,63,47,137,127,264
70402,SAN CARLOS,desnutricion aguda,desnutricion leve (l),2007-12-01,17,17,6,8,23,25,48
80501,SAN IGNACIO,desnutricion aguda,desnutricion leve (l),2007-12-01,51,44,22,25,73,69,142
70301,SAN IGNACIO DE VELASCO,desnutricion aguda,desnutricion leve (l),2007-12-01,96,107,58,74,154,181,335
80102,SAN JAVIER(BNI),desnutricion aguda,desnutricion leve (l),2007-12-01,2,2,6,3,8,5,13
71102,SAN JAVIER(STC),desnutricion aguda,desnutricion leve (l),2007-12-01,9,8,1,2,10,10,20
80701,SAN JOAQUIN,desnutricion aguda,desnutricion leve (l),2007-12-01,3,5,6,3,9,8,17
70501,SAN JOSE DE CHIQUITOS,desnutricion aguda,desnutricion leve (l),2007-12-01,23,24,4,12,27,36,63
70404,SAN JUAN DE YAPACANI,desnutricion aguda,desnutricion leve (l),2007-12-01,7,18,16,15,23,33,56
71104,SAN JULIAN,desnutricion aguda,desnutricion leve (l),2007-12-01,3,5,8,4,11,9,20
90302,SAN LORENZO(PND),desnutricion aguda,desnutricion leve (l),2007-12-01,3,6,3,0,6,6,12
60501,SAN LORENZO(TJA),desnutricion aguda,desnutricion leve (l),2007-12-01,9,21,29,27,38,48,86
10702,SAN LUCAS,desnutricion aguda,desnutricion leve (l),2007-12-01,158,204,240,267,398,471,869
71201,SAN MATIAS,desnutricion aguda,desnutricion leve (l),2007-12-01,9,7,6,10,15,17,32
70302,SAN MIGUEL DE VELASCO,desnutricion aguda,desnutricion leve (l),2007-12-01,10,10,3,5,13,15,28
51001,SAN PABLO DE LIPEZ,desnutricion aguda,desnutricion leve (l),2007-12-01,4,1,4,3,8,4,12
71005,SAN PEDRO,desnutricion aguda,desnutricion leve (l),2007-12-01,13,15,9,18,22,33,55
50501,SAN PEDRO DE BUENA VISTA,desnutricion aguda,desnutricion leve (l),2007-12-01,76,75,89,101,165,176,341
90202,SAN PEDRO(PND),desnutricion aguda,desnutricion leve (l),2007-12-01,2,2,0,2,2,4,6
70303,SAN RAFAEL,desnutricion aguda,desnutricion leve (l),2007-12-01,18,10,10,7,28,17,45
80702,SAN RAMON,desnutricion aguda,desnutricion leve (l),2007-12-01,5,11,6,6,11,17,28
80702,SAN RAMON,desnutricion aguda,desnutricion leve (l),2007-12-01,7,5,0,0,7,5,12
80401,SANTA ANA,desnutricion aguda,desnutricion leve (l),2007-12-01,22,7,12,7,34,14,48
70101,SANTA CRUZ DE LA SIERRA,desnutricion aguda,desnutricion leve (l),2007-12-01,328,313,166,175,494,488,982
80303,SANTA ROSA,desnutricion aguda,desnutricion leve (l),2007-12-01,4,3,0,0,4,3,7
70602,SANTA ROSA DEL SARA,desnutricion aguda,desnutricion leve (l),2007-12-01,12,11,12,14,24,25,49
41401,SANTIAGO DE HUARI,desnutricion aguda,desnutricion leve (l),2007-12-01,15,15,7,8,22,23,45
30702,SANTIVAÑES,desnutricion aguda,desnutricion leve (l),2007-12-01,4,3,5,13,9,16,25
40202,SANTUARIO DE QUILLACAS,desnutricion aguda,desnutricion leve (l),2007-12-01,2,2,6,2,8,4,12
90303,SENA,desnutricion aguda,desnutricion leve (l),2007-12-01,6,11,3,1,9,12,21
30902,SIPE SIPE,desnutricion aguda,desnutricion leve (l),2007-12-01,56,46,39,30,95,76,171
10403,SOPACHUY,desnutricion aguda,desnutricion leve (l),2007-12-01,18,29,39,55,57,84,141
40104,SORACACHI,desnutricion aguda,desnutricion leve (l),2007-12-01,5,4,5,6,10,10,20
10101,SUCRE,desnutricion aguda,desnutricion leve (l),2007-12-01,177,210,213,221,390,431,821
31404,TACACHI,desnutricion aguda,desnutricion leve (l),2007-12-01,0,1,0,1,0,2,2
50303,TACOBAMBA,desnutricion aguda,desnutricion leve (l),2007-12-01,21,25,12,12,33,37,70
30602,TACOPAYA,desnutricion aguda,desnutricion leve (l),2007-12-01,14,4,12,25,26,29,55
51402,TAHUA,desnutricion aguda,desnutricion leve (l),2007-12-01,0,2,0,0,0,2,2
31101,TAPACARI,desnutricion aguda,desnutricion leve (l),2007-12-01,88,79,59,64,147,143,290
10601,TARABUCO,desnutricion aguda,desnutricion leve (l),2007-12-01,109,85,206,221,315,306,621
30401,TARATA,desnutricion aguda,desnutricion leve (l),2007-12-01,5,6,8,9,13,15,28
60101,TARIJA,desnutricion aguda,desnutricion leve (l),2007-12-01,91,109,97,136,188,245,433
10202,TARVITA,desnutricion aguda,desnutricion leve (l),2007-12-01,51,73,78,81,129,154,283
50102,TINGUIPAYA,desnutricion aguda,desnutricion leve (l),2007-12-01,62,49,119,101,181,150,331
30903,TIQUIPAYA,desnutricion aguda,desnutricion leve (l),2007-12-01,6,7,5,10,11,17,28
31601,TIRAQUE (CBBA),desnutricion aguda,desnutricion leve (l),2007-12-01,72,53,38,40,110,93,203
30802,TOCO,desnutricion aguda,desnutricion leve (l),2007-12-01,12,13,5,3,17,16,33
30803,TOLATA,desnutricion aguda,desnutricion leve (l),2007-12-01,2,5,8,3,10,8,18
41001,TOLEDO,desnutricion aguda,desnutricion leve (l),2007-12-01,3,1,0,1,3,2,5
51202,TOMAVE,desnutricion aguda,desnutricion leve (l),2007-12-01,27,23,36,36,63,59,122
10402,TOMINA,desnutricion aguda,desnutricion leve (l),2007-12-01,46,46,75,73,121,119,240
50502,TORO TORO,desnutricion aguda,desnutricion leve (l),2007-12-01,24,18,13,11,37,29,66
31201,TOTORA(CBBA),desnutricion aguda,desnutricion leve (l),2007-12-01,22,16,12,12,34,28,62
41301,TOTORA(ORR),desnutricion aguda,desnutricion leve (l),2007-12-01,6,6,2,6,8,12,20
70802,TRIGAL,desnutricion aguda,desnutricion leve (l),2007-12-01,4,2,0,2,4,4,8
80101,TRINIDAD,desnutricion aguda,desnutricion leve (l),2007-12-01,120,85,28,51,148,136,284
50801,TUPIZA,desnutricion aguda,desnutricion leve (l),2007-12-01,57,54,62,76,119,130,249
40402,TURCO,desnutricion aguda,desnutricion leve (l),2007-12-01,3,1,2,2,5,3,8
50201,UNCIA,desnutricion aguda,desnutricion leve (l),2007-12-01,69,74,96,76,165,150,315
60401,URIONDO (A. CONCEPCION),desnutricion aguda,desnutricion leve (l),2007-12-01,17,12,10,20,27,32,59
71502,URUBICHA,desnutricion aguda,desnutricion leve (l),2007-12-01,44,40,58,67,102,107,209
51201,UYUNI,desnutricion aguda,desnutricion leve (l),2007-12-01,13,19,23,24,36,43,79
30502,VACAS,desnutricion aguda,desnutricion leve (l),2007-12-01,5,14,6,8,11,22,33
70801,VALLEGRANDE,desnutricion aguda,desnutricion leve (l),2007-12-01,14,9,12,18,26,27,53
20801,VIACHA,desnutricion aguda,desnutricion leve (l),2007-12-01,28,31,13,14,41,45,86
31302,VILA VILA,desnutricion aguda,desnutricion leve (l),2007-12-01,1,5,8,3,9,8,17
60303,VILLA MONTES,desnutricion aguda,desnutricion leve (l),2007-12-01,22,34,30,25,52,59,111
90502,VILLA NUEVA (LOMA ALTA),desnutricion aguda,desnutricion leve (l),2007-12-01,4,4,2,9,6,13,19
31402,VILLA RIVERO,desnutricion aguda,desnutricion leve (l),2007-12-01,0,2,3,3,3,5,8
10801,VILLA SERRANO,desnutricion aguda,desnutricion leve (l),2007-12-01,28,29,60,66,88,95,183
31003,VILLA TUNARI,desnutricion aguda,desnutricion leve (l),2007-12-01,48,50,30,33,78,83,161
11001,VILLA VACA GUZMAN (MUYUPAMPA),desnutricion aguda,desnutricion leve (l),2007-12-01,16,9,14,22,30,31,61
51501,VILLAZON,desnutricion aguda,desnutricion leve (l),2007-12-01,68,67,60,61,128,128,256
30904,VINTO,desnutricion aguda,desnutricion leve (l),2007-12-01,38,13,6,8,44,21,65
50602,VITICHI,desnutricion aguda,desnutricion leve (l),2007-12-01,36,48,55,48,91,96,187
70201,WARNES,desnutricion aguda,desnutricion leve (l),2007-12-01,34,37,23,32,57,69,126
60301,YACUIBA,desnutricion aguda,desnutricion leve (l),2007-12-01,50,63,45,33,95,96,191
10602,YAMPARAEZ,desnutricion aguda,desnutricion leve (l),2007-12-01,39,39,112,97,151,136,287
70403,YAPACANI,desnutricion aguda,desnutricion leve (l),2007-12-01,75,57,20,34,95,91,186
50103,YOCALLA,desnutricion aguda,desnutricion leve (l),2007-12-01,10,7,6,9,16,16,32
10102,YOTALA,desnutricion aguda,desnutricion leve (l),2007-12-01,9,11,11,12,20,23,43
60402,YUNCHARA,desnutricion aguda,desnutricion leve (l),2007-12-01,4,5,17,18,21,23,44
10301,ZUDAÑEZ,desnutricion aguda,desnutricion leve (l),2007-12-01,38,25,39,37,77,62,139
