codigo_municipio,municipio,grupo,variable,mes,hombres menores a 2 años,mujeres menores a 2 años,hombres de 2 a 4 años,mujeres de 2 a 4 años,hombres total,mujeres total,total
51302,ACACIO,desnutricion aguda,desnutricion moderada (m),2007-01-01,1,2,1,3,2,5,7
30201,AIQUILE,desnutricion aguda,desnutricion moderada (m),2007-01-01,4,9,3,6,7,15,22
31303,ALALAY,desnutricion aguda,desnutricion moderada (m),2007-01-01,2,0,0,0,2,0,2
10404,ALCALA,desnutricion aguda,desnutricion moderada (m),2007-01-01,3,2,1,5,4,7,11
41201,ANDAMARCA,desnutricion aguda,desnutricion moderada (m),2007-01-01,1,0,0,0,1,0,1
30402,ANZALDO,desnutricion aguda,desnutricion moderada (m),2007-01-01,3,1,1,1,4,2,6
51301,ARAMPAMPA,desnutricion aguda,desnutricion moderada (m),2007-01-01,4,5,6,5,10,10,20
30501,ARANI,desnutricion aguda,desnutricion moderada (m),2007-01-01,1,3,1,4,2,7,9
30403,ARBIETO,desnutricion aguda,desnutricion moderada (m),2007-01-01,4,5,2,7,6,12,18
30601,ARQUE,desnutricion aguda,desnutricion moderada (m),2007-01-01,9,11,41,11,50,22,72
50802,ATOCHA,desnutricion aguda,desnutricion moderada (m),2007-01-01,3,2,4,3,7,5,12
30301,AYOPAYA (V. DE INDEPENDENCIA),desnutricion aguda,desnutricion moderada (m),2007-01-01,3,4,2,3,5,7,12
10201,AZURDUY,desnutricion aguda,desnutricion moderada (m),2007-01-01,11,14,8,15,19,29,48
80802,BAURES,desnutricion aguda,desnutricion moderada (m),2007-01-01,2,2,0,3,2,5,7
50104,BELEN DE URMIRI,desnutricion aguda,desnutricion moderada (m),2007-01-01,0,1,1,1,1,2,3
90104,BELLA FLOR,desnutricion aguda,desnutricion moderada (m),2007-01-01,1,1,0,2,1,3,4
60202,BERMEJO,desnutricion aguda,desnutricion moderada (m),2007-01-01,0,0,1,0,1,0,1
50301,BETANZOS,desnutricion aguda,desnutricion moderada (m),2007-01-01,13,21,17,15,30,36,66
31501,BOLIVAR,desnutricion aguda,desnutricion moderada (m),2007-01-01,18,8,4,5,22,13,35
70707,BOYUIBE,desnutricion aguda,desnutricion moderada (m),2007-01-01,2,0,3,1,5,1,6
70401,BUENA VISTA,desnutricion aguda,desnutricion moderada (m),2007-01-01,0,1,0,0,0,1,1
70703,CABEZAS,desnutricion aguda,desnutricion moderada (m),2007-01-01,1,5,5,10,6,15,21
51102,"CAIZA ""D""",desnutricion aguda,desnutricion moderada (m),2007-01-01,2,0,1,2,3,2,5
21003,CAJUATA,desnutricion aguda,desnutricion moderada (m),2007-01-01,1,4,1,2,2,6,8
10701,CAMARGO,desnutricion aguda,desnutricion moderada (m),2007-01-01,7,11,4,14,11,25,36
10901,CAMATAQUI (C. VILLA ABECIA),desnutricion aguda,desnutricion moderada (m),2007-01-01,3,0,3,1,6,1,7
70706,CAMIRI,desnutricion aguda,desnutricion moderada (m),2007-01-01,6,3,5,12,11,15,26
30701,CAPINOTA,desnutricion aguda,desnutricion moderada (m),2007-01-01,19,9,11,16,30,25,55
40102,CARACOLLO,desnutricion aguda,desnutricion moderada (m),2007-01-01,2,2,3,3,5,5,10
60302,CARAPARI,desnutricion aguda,desnutricion moderada (m),2007-01-01,0,3,4,3,4,6,10
50702,CARIPUYO,desnutricion aguda,desnutricion moderada (m),2007-01-01,6,7,11,11,17,18,35
71403,CARMEN RIVERO TORREZ,desnutricion aguda,desnutricion moderada (m),2007-01-01,1,1,0,0,1,1,2
40201,CHALLAPATA,desnutricion aguda,desnutricion moderada (m),2007-01-01,20,9,7,12,27,21,48
50302,CHAQUI,desnutricion aguda,desnutricion moderada (m),2007-01-01,4,0,3,2,7,2,9
70702,CHARAGUA,desnutricion aguda,desnutricion moderada (m),2007-01-01,6,5,0,10,6,15,21
50202,CHAYANTA,desnutricion aguda,desnutricion moderada (m),2007-01-01,6,8,13,12,19,20,39
31204,CHIMORE,desnutricion aguda,desnutricion moderada (m),2007-01-01,15,13,7,4,22,17,39
40903,CHIPAYA,desnutricion aguda,desnutricion moderada (m),2007-01-01,1,2,0,1,1,3,4
90101,COBIJA,desnutricion aguda,desnutricion moderada (m),2007-01-01,8,3,3,4,11,7,18
30101,COCHABAMBA,desnutricion aguda,desnutricion moderada (m),2007-01-01,116,104,80,60,196,164,360
40902,COIPASA,desnutricion aguda,desnutricion moderada (m),2007-01-01,1,1,0,0,1,1,2
30905,COLCAPIRHUA,desnutricion aguda,desnutricion moderada (m),2007-01-01,4,7,0,4,4,11,15
50901,"COLCHA ""K""",desnutricion aguda,desnutricion moderada (m),2007-01-01,1,1,1,0,2,1,3
31002,COLOMI,desnutricion aguda,desnutricion moderada (m),2007-01-01,8,14,8,2,16,16,32
70603,COLPA BELGICA,desnutricion aguda,desnutricion moderada (m),2007-01-01,4,0,4,3,8,3,11
50401,COLQUECHACA,desnutricion aguda,desnutricion moderada (m),2007-01-01,17,20,8,11,25,31,56
21004,COLQUIRI,desnutricion aguda,desnutricion moderada (m),2007-01-01,2,1,0,2,2,3,5
71301,COMARAPA,desnutricion aguda,desnutricion moderada (m),2007-01-01,3,6,5,5,8,11,19
71101,CONCEPCION,desnutricion aguda,desnutricion moderada (m),2007-01-01,3,5,2,4,5,9,14
40301,CORQUE,desnutricion aguda,desnutricion moderada (m),2007-01-01,1,0,1,1,2,1,3
50601,COTAGAITA,desnutricion aguda,desnutricion moderada (m),2007-01-01,10,14,11,7,21,21,42
71106,CUATRO CAÑADAS,desnutricion aguda,desnutricion moderada (m),2007-01-01,1,0,1,0,2,0,2
31405,CUCHUMUELA (V. G. VILLARROEL),desnutricion aguda,desnutricion moderada (m),2007-01-01,0,0,0,1,0,1,1
70704,CUEVO,desnutricion aguda,desnutricion moderada (m),2007-01-01,2,3,2,2,4,5,9
10902,CULPINA,desnutricion aguda,desnutricion moderada (m),2007-01-01,9,17,11,14,20,31,51
40401,CURAHUARA DE CARANGAS,desnutricion aguda,desnutricion moderada (m),2007-01-01,2,1,2,2,4,3,7
71503,EL PUENTE(STC),desnutricion aguda,desnutricion moderada (m),2007-01-01,7,3,1,3,8,6,14
60502,EL PUENTE(TJA),desnutricion aguda,desnutricion moderada (m),2007-01-01,2,1,3,3,5,4,9
70105,EL TORNO,desnutricion aguda,desnutricion moderada (m),2007-01-01,1,1,1,0,2,1,3
10405,EL VILLAR,desnutricion aguda,desnutricion moderada (m),2007-01-01,2,2,1,3,3,5,8
60601,ENTRE RIOS,desnutricion aguda,desnutricion moderada (m),2007-01-01,9,6,7,4,16,10,26
60601,ENTRE RIOS,desnutricion aguda,desnutricion moderada (m),2007-01-01,1,1,10,8,11,9,20
41101,EUCALIPTUS,desnutricion aguda,desnutricion moderada (m),2007-01-01,2,1,1,3,3,4,7
80402,EXALTACION,desnutricion aguda,desnutricion moderada (m),2007-01-01,0,0,1,0,1,0,1
71004,FERNANDEZ ALONSO,desnutricion aguda,desnutricion moderada (m),2007-01-01,0,2,1,2,1,4,5
71002,GENERAL SAAVEDRA,desnutricion aguda,desnutricion moderada (m),2007-01-01,6,5,2,2,8,7,15
80202,GUAYARAMERIN,desnutricion aguda,desnutricion moderada (m),2007-01-01,13,13,5,10,18,23,41
70705,GUTIERREZ,desnutricion aguda,desnutricion moderada (m),2007-01-01,1,3,4,7,5,10,15
10502,HUACARETA,desnutricion aguda,desnutricion moderada (m),2007-01-01,1,3,2,0,3,3,6
11002,HUACAYA (VILLA DE HUACAYA),desnutricion aguda,desnutricion moderada (m),2007-01-01,0,1,1,1,1,2,3
40701,HUANUNI,desnutricion aguda,desnutricion moderada (m),2007-01-01,5,8,5,3,10,11,21
80803,HUARACAJE,desnutricion aguda,desnutricion moderada (m),2007-01-01,1,0,1,1,2,1,3
41601,HUAYLLAMARCA,desnutricion aguda,desnutricion moderada (m),2007-01-01,2,1,0,1,2,2,4
10304,ICLA,desnutricion aguda,desnutricion moderada (m),2007-01-01,17,17,29,28,46,45,91
10703,INCAHUASI,desnutricion aguda,desnutricion moderada (m),2007-01-01,20,14,12,20,32,34,66
21001,INQUISIVI,desnutricion aguda,desnutricion moderada (m),2007-01-01,5,4,2,2,7,6,13
70104,LA GUARDIA,desnutricion aguda,desnutricion moderada (m),2007-01-01,13,12,5,10,18,22,40
70701,LAGUNILLAS,desnutricion aguda,desnutricion moderada (m),2007-01-01,4,12,2,6,6,18,24
10903,LAS CARRERAS,desnutricion aguda,desnutricion moderada (m),2007-01-01,0,0,1,2,1,2,3
50203,LLALLAGUA,desnutricion aguda,desnutricion moderada (m),2007-01-01,16,20,15,14,31,34,65
51401,LLICA,desnutricion aguda,desnutricion moderada (m),2007-01-01,1,0,1,0,2,0,2
40702,MACHACAMARCA,desnutricion aguda,desnutricion moderada (m),2007-01-01,4,6,6,0,10,6,16
11003,MACHARETI,desnutricion aguda,desnutricion moderada (m),2007-01-01,1,3,3,3,4,6,10
80801,MAGDALENA,desnutricion aguda,desnutricion moderada (m),2007-01-01,3,6,1,1,4,7,11
70903,MAIRANA,desnutricion aguda,desnutricion moderada (m),2007-01-01,3,2,1,1,4,3,7
71003,MINEROS,desnutricion aguda,desnutricion moderada (m),2007-01-01,1,6,0,2,1,8,9
31301,MIZQUE,desnutricion aguda,desnutricion moderada (m),2007-01-01,15,8,12,20,27,28,55
10303,MOJOCOYA,desnutricion aguda,desnutricion moderada (m),2007-01-01,4,2,0,4,4,6,10
10501,MONTEAGUDO,desnutricion aguda,desnutricion moderada (m),2007-01-01,13,14,7,11,20,25,45
71001,MONTERO,desnutricion aguda,desnutricion moderada (m),2007-01-01,44,41,25,32,69,73,142
30302,MOROCHATA,desnutricion aguda,desnutricion moderada (m),2007-01-01,6,6,3,1,9,7,16
50404,OCURI,desnutricion aguda,desnutricion moderada (m),2007-01-01,21,17,11,12,32,29,61
70202,OKINAWA,desnutricion aguda,desnutricion moderada (m),2007-01-01,2,0,0,1,2,1,3
30203,OMEREQUE,desnutricion aguda,desnutricion moderada (m),2007-01-01,2,2,1,4,3,6,9
40101,ORURO,desnutricion aguda,desnutricion moderada (m),2007-01-01,71,74,27,47,98,121,219
60201,PADCAYA,desnutricion aguda,desnutricion moderada (m),2007-01-01,2,3,0,3,2,6,8
10401,PADILLA,desnutricion aguda,desnutricion moderada (m),2007-01-01,6,5,13,13,19,18,37
70502,PAILON,desnutricion aguda,desnutricion moderada (m),2007-01-01,5,8,1,4,6,12,18
40802,PAMPA AULLAGAS,desnutricion aguda,desnutricion moderada (m),2007-01-01,1,0,0,2,1,2,3
70902,PAMPA GRANDE,desnutricion aguda,desnutricion moderada (m),2007-01-01,0,1,2,3,2,4,6
30202,PASORAPA,desnutricion aguda,desnutricion moderada (m),2007-01-01,1,1,0,0,1,1,2
40602,PAZÑA,desnutricion aguda,desnutricion moderada (m),2007-01-01,0,1,0,0,0,1,1
50403,POCOATA,desnutricion aguda,desnutricion moderada (m),2007-01-01,11,9,5,10,16,19,35
31203,POCONA,desnutricion aguda,desnutricion moderada (m),2007-01-01,5,4,5,5,10,9,19
31202,POJO (CBBA),desnutricion aguda,desnutricion moderada (m),2007-01-01,1,2,2,1,3,3,6
40601,POOPO,desnutricion aguda,desnutricion moderada (m),2007-01-01,3,1,1,1,4,2,6
51203,PORCO,desnutricion aguda,desnutricion moderada (m),2007-01-01,12,10,3,7,15,17,32
10103,POROMA,desnutricion aguda,desnutricion moderada (m),2007-01-01,2,4,2,1,4,5,9
70103,PORONGO,desnutricion aguda,desnutricion moderada (m),2007-01-01,0,1,0,0,0,1,1
70601,PORTACHUELO,desnutricion aguda,desnutricion moderada (m),2007-01-01,4,6,1,7,5,13,18
90102,PORVENIR,desnutricion aguda,desnutricion moderada (m),2007-01-01,0,4,1,1,1,5,6
70804,POSTRER VALLE,desnutricion aguda,desnutricion moderada (m),2007-01-01,0,0,1,0,1,0,1
50101,POTOSI,desnutricion aguda,desnutricion moderada (m),2007-01-01,93,75,31,27,124,102,226
10302,PRESTO,desnutricion aguda,desnutricion moderada (m),2007-01-01,13,7,5,2,18,9,27
90301,PUERTO GONZALO MORENO,desnutricion aguda,desnutricion moderada (m),2007-01-01,1,5,5,7,6,12,18
71402,PUERTO QUIJARRO,desnutricion aguda,desnutricion moderada (m),2007-01-01,0,2,1,0,1,2,3
90201,PUERTO RICO,desnutricion aguda,desnutricion moderada (m),2007-01-01,0,0,0,3,0,3,3
71401,PUERTO SUAREZ,desnutricion aguda,desnutricion moderada (m),2007-01-01,2,3,0,3,2,6,8
31205,PUERTO VILLARROEL,desnutricion aguda,desnutricion moderada (m),2007-01-01,21,25,26,20,47,45,92
51101,PUNA,desnutricion aguda,desnutricion moderada (m),2007-01-01,20,12,12,28,32,40,72
31401,PUNATA,desnutricion aguda,desnutricion moderada (m),2007-01-01,12,9,5,2,17,11,28
30901,QUILLACOLLO,desnutricion aguda,desnutricion moderada (m),2007-01-01,12,22,14,16,26,38,64
21002,QUIME,desnutricion aguda,desnutricion moderada (m),2007-01-01,1,2,0,0,1,2,3
70904,QUIRUSILLAS,desnutricion aguda,desnutricion moderada (m),2007-01-01,1,0,0,0,1,0,1
50402,RAVELO,desnutricion aguda,desnutricion moderada (m),2007-01-01,23,26,20,20,43,46,89
80301,REYES,desnutricion aguda,desnutricion moderada (m),2007-01-01,6,6,6,2,12,8,20
80201,RIBERALTA,desnutricion aguda,desnutricion moderada (m),2007-01-01,39,61,28,39,67,100,167
70503,ROBORE,desnutricion aguda,desnutricion moderada (m),2007-01-01,6,8,2,4,8,12,20
80304,RURRENABAQUE,desnutricion aguda,desnutricion moderada (m),2007-01-01,3,2,2,1,5,3,8
31001,SACABA,desnutricion aguda,desnutricion moderada (m),2007-01-01,10,8,6,6,16,14,30
30404,SACABAMBA,desnutricion aguda,desnutricion moderada (m),2007-01-01,2,3,0,0,2,3,5
50701,SACACA,desnutricion aguda,desnutricion moderada (m),2007-01-01,19,17,29,27,48,44,92
71302,SAIPINA,desnutricion aguda,desnutricion moderada (m),2007-01-01,0,0,4,1,4,1,5
40801,SALINAS DE GARCI MENDOZA,desnutricion aguda,desnutricion moderada (m),2007-01-01,1,0,2,0,3,0,3
70901,SAMAIPATA,desnutricion aguda,desnutricion moderada (m),2007-01-01,1,0,0,2,1,2,3
51601,SAN AGUSTIN,desnutricion aguda,desnutricion moderada (m),2007-01-01,0,0,0,1,0,1,1
80602,SAN ANDRES,desnutricion aguda,desnutricion moderada (m),2007-01-01,3,2,2,3,5,5,10
51003,SAN ANTONIO DE ESMORUCO,desnutricion aguda,desnutricion moderada (m),2007-01-01,0,1,1,0,1,1,2
71105,SAN ANTONIO DE LOMERIO,desnutricion aguda,desnutricion moderada (m),2007-01-01,15,13,7,6,22,19,41
31403,SAN BENITO,desnutricion aguda,desnutricion moderada (m),2007-01-01,1,7,4,5,5,12,17
80302,SAN BORJA,desnutricion aguda,desnutricion moderada (m),2007-01-01,16,13,3,5,19,18,37
70402,SAN CARLOS,desnutricion aguda,desnutricion moderada (m),2007-01-01,6,1,3,0,9,1,10
80501,SAN IGNACIO,desnutricion aguda,desnutricion moderada (m),2007-01-01,18,13,5,7,23,20,43
70301,SAN IGNACIO DE VELASCO,desnutricion aguda,desnutricion moderada (m),2007-01-01,37,43,14,32,51,75,126
80102,SAN JAVIER(BNI),desnutricion aguda,desnutricion moderada (m),2007-01-01,0,0,1,0,1,0,1
80701,SAN JOAQUIN,desnutricion aguda,desnutricion moderada (m),2007-01-01,0,1,0,2,0,3,3
70501,SAN JOSE DE CHIQUITOS,desnutricion aguda,desnutricion moderada (m),2007-01-01,13,9,5,1,18,10,28
70404,SAN JUAN DE YAPACANI,desnutricion aguda,desnutricion moderada (m),2007-01-01,3,1,0,0,3,1,4
71104,SAN JULIAN,desnutricion aguda,desnutricion moderada (m),2007-01-01,1,1,4,3,5,4,9
90302,SAN LORENZO(PND),desnutricion aguda,desnutricion moderada (m),2007-01-01,2,0,0,0,2,0,2
60501,SAN LORENZO(TJA),desnutricion aguda,desnutricion moderada (m),2007-01-01,4,11,9,7,13,18,31
10702,SAN LUCAS,desnutricion aguda,desnutricion moderada (m),2007-01-01,39,28,16,28,55,56,111
71201,SAN MATIAS,desnutricion aguda,desnutricion moderada (m),2007-01-01,0,3,0,2,0,5,5
70302,SAN MIGUEL DE VELASCO,desnutricion aguda,desnutricion moderada (m),2007-01-01,3,2,1,3,4,5,9
51001,SAN PABLO DE LIPEZ,desnutricion aguda,desnutricion moderada (m),2007-01-01,1,0,0,1,1,1,2
71005,SAN PEDRO,desnutricion aguda,desnutricion moderada (m),2007-01-01,4,4,2,3,6,7,13
90202,SAN PEDRO(PND),desnutricion aguda,desnutricion moderada (m),2007-01-01,0,0,1,1,1,1,2
70303,SAN RAFAEL,desnutricion aguda,desnutricion moderada (m),2007-01-01,3,3,1,7,4,10,14
80401,SANTA ANA,desnutricion aguda,desnutricion moderada (m),2007-01-01,3,6,1,3,4,9,13
70101,SANTA CRUZ DE LA SIERRA,desnutricion aguda,desnutricion moderada (m),2007-01-01,101,117,22,43,123,160,283
80303,SANTA ROSA,desnutricion aguda,desnutricion moderada (m),2007-01-01,2,5,1,2,3,7,10
70602,SANTA ROSA DEL SARA,desnutricion aguda,desnutricion moderada (m),2007-01-01,2,1,4,3,6,4,10
41401,SANTIAGO DE HUARI,desnutricion aguda,desnutricion moderada (m),2007-01-01,5,0,0,2,5,2,7
30702,SANTIVAÑES,desnutricion aguda,desnutricion moderada (m),2007-01-01,0,3,2,1,2,4,6
40202,SANTUARIO DE QUILLACAS,desnutricion aguda,desnutricion moderada (m),2007-01-01,0,0,1,1,1,1,2
90303,SENA,desnutricion aguda,desnutricion moderada (m),2007-01-01,2,1,3,4,5,5,10
30703,SICAYA,desnutricion aguda,desnutricion moderada (m),2007-01-01,5,3,0,1,5,4,9
30902,SIPE SIPE,desnutricion aguda,desnutricion moderada (m),2007-01-01,20,17,15,15,35,32,67
10403,SOPACHUY,desnutricion aguda,desnutricion moderada (m),2007-01-01,7,12,5,15,12,27,39
40104,SORACACHI,desnutricion aguda,desnutricion moderada (m),2007-01-01,3,5,1,1,4,6,10
10101,SUCRE,desnutricion aguda,desnutricion moderada (m),2007-01-01,41,25,25,28,66,53,119
31404,TACACHI,desnutricion aguda,desnutricion moderada (m),2007-01-01,1,0,0,1,1,1,2
50303,TACOBAMBA,desnutricion aguda,desnutricion moderada (m),2007-01-01,2,7,1,1,3,8,11
30602,TACOPAYA,desnutricion aguda,desnutricion moderada (m),2007-01-01,14,13,5,5,19,18,37
31101,TAPACARI,desnutricion aguda,desnutricion moderada (m),2007-01-01,31,29,12,19,43,48,91
10601,TARABUCO,desnutricion aguda,desnutricion moderada (m),2007-01-01,39,28,25,33,64,61,125
30401,TARATA,desnutricion aguda,desnutricion moderada (m),2007-01-01,4,4,1,0,5,4,9
60101,TARIJA,desnutricion aguda,desnutricion moderada (m),2007-01-01,28,35,28,31,56,66,122
10202,TARVITA,desnutricion aguda,desnutricion moderada (m),2007-01-01,19,16,27,27,46,43,89
50102,TINGUIPAYA,desnutricion aguda,desnutricion moderada (m),2007-01-01,17,12,8,13,25,25,50
30903,TIQUIPAYA,desnutricion aguda,desnutricion moderada (m),2007-01-01,7,5,7,8,14,13,27
31601,TIRAQUE (CBBA),desnutricion aguda,desnutricion moderada (m),2007-01-01,26,15,11,20,37,35,72
30802,TOCO,desnutricion aguda,desnutricion moderada (m),2007-01-01,1,1,2,3,3,4,7
30803,TOLATA,desnutricion aguda,desnutricion moderada (m),2007-01-01,0,0,1,0,1,0,1
41001,TOLEDO,desnutricion aguda,desnutricion moderada (m),2007-01-01,4,3,0,0,4,3,7
51202,TOMAVE,desnutricion aguda,desnutricion moderada (m),2007-01-01,6,2,5,1,11,3,14
10402,TOMINA,desnutricion aguda,desnutricion moderada (m),2007-01-01,20,6,10,14,30,20,50
50502,TORO TORO,desnutricion aguda,desnutricion moderada (m),2007-01-01,6,0,1,0,7,0,7
31201,TOTORA(CBBA),desnutricion aguda,desnutricion moderada (m),2007-01-01,6,2,4,1,10,3,13
41301,TOTORA(ORR),desnutricion aguda,desnutricion moderada (m),2007-01-01,1,2,1,0,2,2,4
70802,TRIGAL,desnutricion aguda,desnutricion moderada (m),2007-01-01,2,0,0,0,2,0,2
80101,TRINIDAD,desnutricion aguda,desnutricion moderada (m),2007-01-01,13,20,18,8,31,28,59
50801,TUPIZA,desnutricion aguda,desnutricion moderada (m),2007-01-01,18,9,10,18,28,27,55
40402,TURCO,desnutricion aguda,desnutricion moderada (m),2007-01-01,1,0,0,0,1,0,1
50201,UNCIA,desnutricion aguda,desnutricion moderada (m),2007-01-01,4,1,1,3,5,4,9
60401,URIONDO (A. CONCEPCION),desnutricion aguda,desnutricion moderada (m),2007-01-01,0,2,6,8,6,10,16
51201,UYUNI,desnutricion aguda,desnutricion moderada (m),2007-01-01,3,1,1,2,4,3,7
30502,VACAS,desnutricion aguda,desnutricion moderada (m),2007-01-01,4,6,1,0,5,6,11
70801,VALLEGRANDE,desnutricion aguda,desnutricion moderada (m),2007-01-01,5,4,2,3,7,7,14
31302,VILA VILA,desnutricion aguda,desnutricion moderada (m),2007-01-01,0,1,0,0,0,1,1
60303,VILLA MONTES,desnutricion aguda,desnutricion moderada (m),2007-01-01,9,6,3,2,12,8,20
90502,VILLA NUEVA (LOMA ALTA),desnutricion aguda,desnutricion moderada (m),2007-01-01,0,2,3,0,3,2,5
31402,VILLA RIVERO,desnutricion aguda,desnutricion moderada (m),2007-01-01,4,3,3,3,7,6,13
10801,VILLA SERRANO,desnutricion aguda,desnutricion moderada (m),2007-01-01,9,6,12,10,21,16,37
31003,VILLA TUNARI,desnutricion aguda,desnutricion moderada (m),2007-01-01,32,27,13,22,45,49,94
11001,VILLA VACA GUZMAN (MUYUPAMPA),desnutricion aguda,desnutricion moderada (m),2007-01-01,5,3,0,6,5,9,14
51501,VILLAZON,desnutricion aguda,desnutricion moderada (m),2007-01-01,17,16,8,10,25,26,51
30904,VINTO,desnutricion aguda,desnutricion moderada (m),2007-01-01,0,1,0,0,0,1,1
50602,VITICHI,desnutricion aguda,desnutricion moderada (m),2007-01-01,6,7,5,6,11,13,24
70201,WARNES,desnutricion aguda,desnutricion moderada (m),2007-01-01,11,8,3,10,14,18,32
60301,YACUIBA,desnutricion aguda,desnutricion moderada (m),2007-01-01,11,11,8,13,19,24,43
10602,YAMPARAEZ,desnutricion aguda,desnutricion moderada (m),2007-01-01,9,11,8,13,17,24,41
70403,YAPACANI,desnutricion aguda,desnutricion moderada (m),2007-01-01,13,16,4,9,17,25,42
50103,YOCALLA,desnutricion aguda,desnutricion moderada (m),2007-01-01,1,0,1,0,2,0,2
10102,YOTALA,desnutricion aguda,desnutricion moderada (m),2007-01-01,2,0,1,3,3,3,6
60402,YUNCHARA,desnutricion aguda,desnutricion moderada (m),2007-01-01,0,3,1,7,1,10,11
10301,ZUDAÑEZ,desnutricion aguda,desnutricion moderada (m),2007-01-01,8,7,9,12,17,19,36
51302,ACACIO,desnutricion aguda,desnutricion moderada (m),2007-02-01,10,3,7,6,17,9,26
30201,AIQUILE,desnutricion aguda,desnutricion moderada (m),2007-02-01,7,6,5,7,12,13,25
31303,ALALAY,desnutricion aguda,desnutricion moderada (m),2007-02-01,6,1,0,4,6,5,11
10404,ALCALA,desnutricion aguda,desnutricion moderada (m),2007-02-01,1,3,2,8,3,11,14
41201,ANDAMARCA,desnutricion aguda,desnutricion moderada (m),2007-02-01,2,0,1,0,3,0,3
30402,ANZALDO,desnutricion aguda,desnutricion moderada (m),2007-02-01,10,8,2,1,12,9,21
51301,ARAMPAMPA,desnutricion aguda,desnutricion moderada (m),2007-02-01,10,9,5,6,15,15,30
30501,ARANI,desnutricion aguda,desnutricion moderada (m),2007-02-01,2,3,0,1,2,4,6
30403,ARBIETO,desnutricion aguda,desnutricion moderada (m),2007-02-01,3,3,1,5,4,8,12
30601,ARQUE,desnutricion aguda,desnutricion moderada (m),2007-02-01,3,12,3,5,6,17,23
71501,ASCENCION DE GUARAYOS,desnutricion aguda,desnutricion moderada (m),2007-02-01,32,32,28,32,60,64,124
50802,ATOCHA,desnutricion aguda,desnutricion moderada (m),2007-02-01,0,2,3,1,3,3,6
30301,AYOPAYA (V. DE INDEPENDENCIA),desnutricion aguda,desnutricion moderada (m),2007-02-01,16,4,4,4,20,8,28
10201,AZURDUY,desnutricion aguda,desnutricion moderada (m),2007-02-01,7,27,21,22,28,49,77
80802,BAURES,desnutricion aguda,desnutricion moderada (m),2007-02-01,0,0,1,0,1,0,1
41202,BELEN DE ANDAMARCA,desnutricion aguda,desnutricion moderada (m),2007-02-01,1,0,1,0,2,0,2
50104,BELEN DE URMIRI,desnutricion aguda,desnutricion moderada (m),2007-02-01,0,0,0,2,0,2,2
60202,BERMEJO,desnutricion aguda,desnutricion moderada (m),2007-02-01,1,1,2,0,3,1,4
50301,BETANZOS,desnutricion aguda,desnutricion moderada (m),2007-02-01,11,11,9,11,20,22,42
31501,BOLIVAR,desnutricion aguda,desnutricion moderada (m),2007-02-01,15,6,2,4,17,10,27
70707,BOYUIBE,desnutricion aguda,desnutricion moderada (m),2007-02-01,2,1,1,0,3,1,4
70401,BUENA VISTA,desnutricion aguda,desnutricion moderada (m),2007-02-01,2,0,1,0,3,0,3
70703,CABEZAS,desnutricion aguda,desnutricion moderada (m),2007-02-01,1,3,4,2,5,5,10
51102,"CAIZA ""D""",desnutricion aguda,desnutricion moderada (m),2007-02-01,1,0,1,5,2,5,7
21003,CAJUATA,desnutricion aguda,desnutricion moderada (m),2007-02-01,3,1,0,1,3,2,5
10701,CAMARGO,desnutricion aguda,desnutricion moderada (m),2007-02-01,9,8,8,7,17,15,32
10901,CAMATAQUI (C. VILLA ABECIA),desnutricion aguda,desnutricion moderada (m),2007-02-01,2,0,1,1,3,1,4
70706,CAMIRI,desnutricion aguda,desnutricion moderada (m),2007-02-01,6,20,3,13,9,33,42
30701,CAPINOTA,desnutricion aguda,desnutricion moderada (m),2007-02-01,8,11,6,4,14,15,29
40102,CARACOLLO,desnutricion aguda,desnutricion moderada (m),2007-02-01,3,2,0,2,3,4,7
60302,CARAPARI,desnutricion aguda,desnutricion moderada (m),2007-02-01,2,1,3,4,5,5,10
50702,CARIPUYO,desnutricion aguda,desnutricion moderada (m),2007-02-01,8,4,5,11,13,15,28
71403,CARMEN RIVERO TORREZ,desnutricion aguda,desnutricion moderada (m),2007-02-01,1,1,0,0,1,1,2
40201,CHALLAPATA,desnutricion aguda,desnutricion moderada (m),2007-02-01,14,7,7,7,21,14,35
50302,CHAQUI,desnutricion aguda,desnutricion moderada (m),2007-02-01,2,1,1,1,3,2,5
70702,CHARAGUA,desnutricion aguda,desnutricion moderada (m),2007-02-01,9,8,4,2,13,10,23
50202,CHAYANTA,desnutricion aguda,desnutricion moderada (m),2007-02-01,21,22,15,22,36,44,80
31204,CHIMORE,desnutricion aguda,desnutricion moderada (m),2007-02-01,16,7,6,6,22,13,35
40903,CHIPAYA,desnutricion aguda,desnutricion moderada (m),2007-02-01,0,1,0,0,0,1,1
90101,COBIJA,desnutricion aguda,desnutricion moderada (m),2007-02-01,8,6,2,4,10,10,20
30101,COCHABAMBA,desnutricion aguda,desnutricion moderada (m),2007-02-01,83,67,44,50,127,117,244
40902,COIPASA,desnutricion aguda,desnutricion moderada (m),2007-02-01,1,1,0,0,1,1,2
30905,COLCAPIRHUA,desnutricion aguda,desnutricion moderada (m),2007-02-01,3,2,2,4,5,6,11
50901,"COLCHA ""K""",desnutricion aguda,desnutricion moderada (m),2007-02-01,0,1,1,0,1,1,2
31002,COLOMI,desnutricion aguda,desnutricion moderada (m),2007-02-01,10,3,4,2,14,5,19
70603,COLPA BELGICA,desnutricion aguda,desnutricion moderada (m),2007-02-01,3,1,2,0,5,1,6
50401,COLQUECHACA,desnutricion aguda,desnutricion moderada (m),2007-02-01,10,21,9,6,19,27,46
21004,COLQUIRI,desnutricion aguda,desnutricion moderada (m),2007-02-01,1,3,0,1,1,4,5
71301,COMARAPA,desnutricion aguda,desnutricion moderada (m),2007-02-01,7,4,2,3,9,7,16
71101,CONCEPCION,desnutricion aguda,desnutricion moderada (m),2007-02-01,6,8,1,10,7,18,25
40301,CORQUE,desnutricion aguda,desnutricion moderada (m),2007-02-01,2,0,1,1,3,1,4
50601,COTAGAITA,desnutricion aguda,desnutricion moderada (m),2007-02-01,14,18,13,31,27,49,76
71106,CUATRO CAÑADAS,desnutricion aguda,desnutricion moderada (m),2007-02-01,3,0,0,2,3,2,5
70704,CUEVO,desnutricion aguda,desnutricion moderada (m),2007-02-01,0,0,0,2,0,2,2
10902,CULPINA,desnutricion aguda,desnutricion moderada (m),2007-02-01,21,10,16,16,37,26,63
40401,CURAHUARA DE CARANGAS,desnutricion aguda,desnutricion moderada (m),2007-02-01,1,2,1,0,2,2,4
40103,EL CHORO,desnutricion aguda,desnutricion moderada (m),2007-02-01,1,0,0,0,1,0,1
71503,EL PUENTE(STC),desnutricion aguda,desnutricion moderada (m),2007-02-01,2,2,1,2,3,4,7
60502,EL PUENTE(TJA),desnutricion aguda,desnutricion moderada (m),2007-02-01,0,2,3,5,3,7,10
70105,EL TORNO,desnutricion aguda,desnutricion moderada (m),2007-02-01,2,1,0,2,2,3,5
10405,EL VILLAR,desnutricion aguda,desnutricion moderada (m),2007-02-01,3,3,1,2,4,5,9
60601,ENTRE RIOS,desnutricion aguda,desnutricion moderada (m),2007-02-01,16,5,7,5,23,10,33
60601,ENTRE RIOS,desnutricion aguda,desnutricion moderada (m),2007-02-01,4,6,5,7,9,13,22
41101,EUCALIPTUS,desnutricion aguda,desnutricion moderada (m),2007-02-01,1,1,1,0,2,1,3
71004,FERNANDEZ ALONSO,desnutricion aguda,desnutricion moderada (m),2007-02-01,0,2,0,2,0,4,4
90203,FILADELFIA,desnutricion aguda,desnutricion moderada (m),2007-02-01,1,0,0,0,1,0,1
71002,GENERAL SAAVEDRA,desnutricion aguda,desnutricion moderada (m),2007-02-01,5,3,2,4,7,7,14
80202,GUAYARAMERIN,desnutricion aguda,desnutricion moderada (m),2007-02-01,15,14,7,10,22,24,46
70705,GUTIERREZ,desnutricion aguda,desnutricion moderada (m),2007-02-01,1,3,1,3,2,6,8
10502,HUACARETA,desnutricion aguda,desnutricion moderada (m),2007-02-01,7,5,0,3,7,8,15
11002,HUACAYA (VILLA DE HUACAYA),desnutricion aguda,desnutricion moderada (m),2007-02-01,1,3,0,0,1,3,4
40501,HUACHACALLA,desnutricion aguda,desnutricion moderada (m),2007-02-01,0,2,0,0,0,2,2
40701,HUANUNI,desnutricion aguda,desnutricion moderada (m),2007-02-01,2,8,1,10,3,18,21
21005,ICHOCA,desnutricion aguda,desnutricion moderada (m),2007-02-01,4,0,0,0,4,0,4
10304,ICLA,desnutricion aguda,desnutricion moderada (m),2007-02-01,18,25,29,37,47,62,109
10703,INCAHUASI,desnutricion aguda,desnutricion moderada (m),2007-02-01,34,28,24,22,58,50,108
90402,INGAVI (HUMAITA),desnutricion aguda,desnutricion moderada (m),2007-02-01,0,0,1,0,1,0,1
21001,INQUISIVI,desnutricion aguda,desnutricion moderada (m),2007-02-01,2,5,3,0,5,5,10
70104,LA GUARDIA,desnutricion aguda,desnutricion moderada (m),2007-02-01,5,0,0,0,5,0,5
70701,LAGUNILLAS,desnutricion aguda,desnutricion moderada (m),2007-02-01,5,4,3,5,8,9,17
10903,LAS CARRERAS,desnutricion aguda,desnutricion moderada (m),2007-02-01,0,0,1,2,1,2,3
50203,LLALLAGUA,desnutricion aguda,desnutricion moderada (m),2007-02-01,6,12,16,7,22,19,41
51401,LLICA,desnutricion aguda,desnutricion moderada (m),2007-02-01,0,1,0,0,0,1,1
40702,MACHACAMARCA,desnutricion aguda,desnutricion moderada (m),2007-02-01,1,3,1,2,2,5,7
11003,MACHARETI,desnutricion aguda,desnutricion moderada (m),2007-02-01,2,1,2,4,4,5,9
80801,MAGDALENA,desnutricion aguda,desnutricion moderada (m),2007-02-01,3,2,0,1,3,3,6
70903,MAIRANA,desnutricion aguda,desnutricion moderada (m),2007-02-01,3,1,1,3,4,4,8
71003,MINEROS,desnutricion aguda,desnutricion moderada (m),2007-02-01,7,9,1,3,8,12,20
31301,MIZQUE,desnutricion aguda,desnutricion moderada (m),2007-02-01,10,13,8,17,18,30,48
10303,MOJOCOYA,desnutricion aguda,desnutricion moderada (m),2007-02-01,3,3,1,4,4,7,11
10501,MONTEAGUDO,desnutricion aguda,desnutricion moderada (m),2007-02-01,6,7,7,3,13,10,23
71001,MONTERO,desnutricion aguda,desnutricion moderada (m),2007-02-01,22,23,13,24,35,47,82
70803,MORO MORO,desnutricion aguda,desnutricion moderada (m),2007-02-01,1,0,1,0,2,0,2
30302,MOROCHATA,desnutricion aguda,desnutricion moderada (m),2007-02-01,12,10,4,5,16,15,31
90401,NACEBE (SANTA ROSA DEL ABUNA),desnutricion aguda,desnutricion moderada (m),2007-02-01,0,0,1,1,1,1,2
50404,OCURI,desnutricion aguda,desnutricion moderada (m),2007-02-01,16,10,9,9,25,19,44
70202,OKINAWA,desnutricion aguda,desnutricion moderada (m),2007-02-01,3,1,2,0,5,1,6
30203,OMEREQUE,desnutricion aguda,desnutricion moderada (m),2007-02-01,2,1,2,1,4,2,6
40101,ORURO,desnutricion aguda,desnutricion moderada (m),2007-02-01,57,44,21,34,78,78,156
60201,PADCAYA,desnutricion aguda,desnutricion moderada (m),2007-02-01,2,4,0,2,2,6,8
10401,PADILLA,desnutricion aguda,desnutricion moderada (m),2007-02-01,6,3,8,8,14,11,25
70502,PAILON,desnutricion aguda,desnutricion moderada (m),2007-02-01,7,8,1,1,8,9,17
40802,PAMPA AULLAGAS,desnutricion aguda,desnutricion moderada (m),2007-02-01,2,1,0,1,2,2,4
70902,PAMPA GRANDE,desnutricion aguda,desnutricion moderada (m),2007-02-01,0,0,0,1,0,1,1
30202,PASORAPA,desnutricion aguda,desnutricion moderada (m),2007-02-01,2,4,1,5,3,9,12
40602,PAZÑA,desnutricion aguda,desnutricion moderada (m),2007-02-01,4,0,0,0,4,0,4
50403,POCOATA,desnutricion aguda,desnutricion moderada (m),2007-02-01,13,15,7,13,20,28,48
31203,POCONA,desnutricion aguda,desnutricion moderada (m),2007-02-01,2,1,3,3,5,4,9
31202,POJO (CBBA),desnutricion aguda,desnutricion moderada (m),2007-02-01,1,2,0,1,1,3,4
40601,POOPO,desnutricion aguda,desnutricion moderada (m),2007-02-01,1,2,2,1,3,3,6
51203,PORCO,desnutricion aguda,desnutricion moderada (m),2007-02-01,5,7,1,4,6,11,17
10103,POROMA,desnutricion aguda,desnutricion moderada (m),2007-02-01,8,12,7,15,15,27,42
70103,PORONGO,desnutricion aguda,desnutricion moderada (m),2007-02-01,0,4,1,0,1,4,5
70601,PORTACHUELO,desnutricion aguda,desnutricion moderada (m),2007-02-01,4,7,1,3,5,10,15
90102,PORVENIR,desnutricion aguda,desnutricion moderada (m),2007-02-01,3,1,1,1,4,2,6
70804,POSTRER VALLE,desnutricion aguda,desnutricion moderada (m),2007-02-01,4,1,1,2,5,3,8
50101,POTOSI,desnutricion aguda,desnutricion moderada (m),2007-02-01,71,65,31,27,102,92,194
10302,PRESTO,desnutricion aguda,desnutricion moderada (m),2007-02-01,12,4,4,1,16,5,21
70805,PUCARA,desnutricion aguda,desnutricion moderada (m),2007-02-01,2,1,1,0,3,1,4
90301,PUERTO GONZALO MORENO,desnutricion aguda,desnutricion moderada (m),2007-02-01,7,4,13,3,20,7,27
71402,PUERTO QUIJARRO,desnutricion aguda,desnutricion moderada (m),2007-02-01,2,3,0,1,2,4,6
90201,PUERTO RICO,desnutricion aguda,desnutricion moderada (m),2007-02-01,0,0,0,2,0,2,2
80703,PUERTO SILES,desnutricion aguda,desnutricion moderada (m),2007-02-01,1,2,1,1,2,3,5
71401,PUERTO SUAREZ,desnutricion aguda,desnutricion moderada (m),2007-02-01,2,3,1,0,3,3,6
31205,PUERTO VILLARROEL,desnutricion aguda,desnutricion moderada (m),2007-02-01,29,34,14,3,43,37,80
51101,PUNA,desnutricion aguda,desnutricion moderada (m),2007-02-01,23,18,18,15,41,33,74
31401,PUNATA,desnutricion aguda,desnutricion moderada (m),2007-02-01,7,6,3,2,10,8,18
30901,QUILLACOLLO,desnutricion aguda,desnutricion moderada (m),2007-02-01,11,14,12,15,23,29,52
21002,QUIME,desnutricion aguda,desnutricion moderada (m),2007-02-01,1,0,2,2,3,2,5
50402,RAVELO,desnutricion aguda,desnutricion moderada (m),2007-02-01,29,23,18,22,47,45,92
80301,REYES,desnutricion aguda,desnutricion moderada (m),2007-02-01,1,1,2,3,3,4,7
80201,RIBERALTA,desnutricion aguda,desnutricion moderada (m),2007-02-01,22,57,18,19,40,76,116
70503,ROBORE,desnutricion aguda,desnutricion moderada (m),2007-02-01,2,5,1,2,3,7,10
80304,RURRENABAQUE,desnutricion aguda,desnutricion moderada (m),2007-02-01,1,3,0,0,1,3,4
31001,SACABA,desnutricion aguda,desnutricion moderada (m),2007-02-01,22,10,7,12,29,22,51
30404,SACABAMBA,desnutricion aguda,desnutricion moderada (m),2007-02-01,1,0,1,0,2,0,2
50701,SACACA,desnutricion aguda,desnutricion moderada (m),2007-02-01,38,30,38,43,76,73,149
71302,SAIPINA,desnutricion aguda,desnutricion moderada (m),2007-02-01,0,2,0,0,0,2,2
40801,SALINAS DE GARCI MENDOZA,desnutricion aguda,desnutricion moderada (m),2007-02-01,3,0,5,1,8,1,9
70901,SAMAIPATA,desnutricion aguda,desnutricion moderada (m),2007-02-01,2,0,0,1,2,1,3
80602,SAN ANDRES,desnutricion aguda,desnutricion moderada (m),2007-02-01,3,1,1,2,4,3,7
71105,SAN ANTONIO DE LOMERIO,desnutricion aguda,desnutricion moderada (m),2007-02-01,10,6,5,3,15,9,24
31403,SAN BENITO,desnutricion aguda,desnutricion moderada (m),2007-02-01,5,2,3,5,8,7,15
80302,SAN BORJA,desnutricion aguda,desnutricion moderada (m),2007-02-01,12,17,9,5,21,22,43
70402,SAN CARLOS,desnutricion aguda,desnutricion moderada (m),2007-02-01,4,7,1,4,5,11,16
80501,SAN IGNACIO,desnutricion aguda,desnutricion moderada (m),2007-02-01,12,6,6,8,18,14,32
70301,SAN IGNACIO DE VELASCO,desnutricion aguda,desnutricion moderada (m),2007-02-01,30,35,11,27,41,62,103
80102,SAN JAVIER(BNI),desnutricion aguda,desnutricion moderada (m),2007-02-01,0,0,0,1,0,1,1
80701,SAN JOAQUIN,desnutricion aguda,desnutricion moderada (m),2007-02-01,0,0,1,1,1,1,2
70501,SAN JOSE DE CHIQUITOS,desnutricion aguda,desnutricion moderada (m),2007-02-01,4,7,1,4,5,11,16
71104,SAN JULIAN,desnutricion aguda,desnutricion moderada (m),2007-02-01,3,2,5,1,8,3,11
90302,SAN LORENZO(PND),desnutricion aguda,desnutricion moderada (m),2007-02-01,1,0,0,0,1,0,1
60501,SAN LORENZO(TJA),desnutricion aguda,desnutricion moderada (m),2007-02-01,10,15,7,12,17,27,44
10702,SAN LUCAS,desnutricion aguda,desnutricion moderada (m),2007-02-01,46,45,42,39,88,84,172
71201,SAN MATIAS,desnutricion aguda,desnutricion moderada (m),2007-02-01,0,0,0,2,0,2,2
70302,SAN MIGUEL DE VELASCO,desnutricion aguda,desnutricion moderada (m),2007-02-01,3,2,0,1,3,3,6
51001,SAN PABLO DE LIPEZ,desnutricion aguda,desnutricion moderada (m),2007-02-01,2,0,1,0,3,0,3
71005,SAN PEDRO,desnutricion aguda,desnutricion moderada (m),2007-02-01,4,6,4,3,8,9,17
90202,SAN PEDRO(PND),desnutricion aguda,desnutricion moderada (m),2007-02-01,0,1,0,0,0,1,1
70303,SAN RAFAEL,desnutricion aguda,desnutricion moderada (m),2007-02-01,2,1,0,0,2,1,3
80702,SAN RAMON,desnutricion aguda,desnutricion moderada (m),2007-02-01,0,4,2,2,2,6,8
80401,SANTA ANA,desnutricion aguda,desnutricion moderada (m),2007-02-01,2,4,1,0,3,4,7
70101,SANTA CRUZ DE LA SIERRA,desnutricion aguda,desnutricion moderada (m),2007-02-01,83,96,43,51,126,147,273
80303,SANTA ROSA,desnutricion aguda,desnutricion moderada (m),2007-02-01,1,2,0,1,1,3,4
70602,SANTA ROSA DEL SARA,desnutricion aguda,desnutricion moderada (m),2007-02-01,4,2,2,1,6,3,9
41401,SANTIAGO DE HUARI,desnutricion aguda,desnutricion moderada (m),2007-02-01,5,1,4,2,9,3,12
30702,SANTIVAÑES,desnutricion aguda,desnutricion moderada (m),2007-02-01,1,2,0,1,1,3,4
40202,SANTUARIO DE QUILLACAS,desnutricion aguda,desnutricion moderada (m),2007-02-01,0,0,0,2,0,2,2
90303,SENA,desnutricion aguda,desnutricion moderada (m),2007-02-01,2,5,2,1,4,6,10
30703,SICAYA,desnutricion aguda,desnutricion moderada (m),2007-02-01,1,2,1,1,2,3,5
30902,SIPE SIPE,desnutricion aguda,desnutricion moderada (m),2007-02-01,15,6,5,11,20,17,37
10403,SOPACHUY,desnutricion aguda,desnutricion moderada (m),2007-02-01,9,14,6,24,15,38,53
40104,SORACACHI,desnutricion aguda,desnutricion moderada (m),2007-02-01,2,4,1,1,3,5,8
10101,SUCRE,desnutricion aguda,desnutricion moderada (m),2007-02-01,43,39,48,39,91,78,169
31404,TACACHI,desnutricion aguda,desnutricion moderada (m),2007-02-01,0,0,1,0,1,0,1
50303,TACOBAMBA,desnutricion aguda,desnutricion moderada (m),2007-02-01,7,9,7,5,14,14,28
30602,TACOPAYA,desnutricion aguda,desnutricion moderada (m),2007-02-01,10,10,5,5,15,15,30
31101,TAPACARI,desnutricion aguda,desnutricion moderada (m),2007-02-01,32,22,12,16,44,38,82
10601,TARABUCO,desnutricion aguda,desnutricion moderada (m),2007-02-01,46,40,32,42,78,82,160
30401,TARATA,desnutricion aguda,desnutricion moderada (m),2007-02-01,4,3,0,0,4,3,7
60101,TARIJA,desnutricion aguda,desnutricion moderada (m),2007-02-01,19,23,16,34,35,57,92
10202,TARVITA,desnutricion aguda,desnutricion moderada (m),2007-02-01,15,12,10,23,25,35,60
50102,TINGUIPAYA,desnutricion aguda,desnutricion moderada (m),2007-02-01,21,10,22,17,43,27,70
30903,TIQUIPAYA,desnutricion aguda,desnutricion moderada (m),2007-02-01,14,8,3,8,17,16,33
31601,TIRAQUE (CBBA),desnutricion aguda,desnutricion moderada (m),2007-02-01,21,12,8,14,29,26,55
30802,TOCO,desnutricion aguda,desnutricion moderada (m),2007-02-01,1,0,0,1,1,1,2
30803,TOLATA,desnutricion aguda,desnutricion moderada (m),2007-02-01,0,1,0,0,0,1,1
41001,TOLEDO,desnutricion aguda,desnutricion moderada (m),2007-02-01,1,0,0,0,1,0,1
51202,TOMAVE,desnutricion aguda,desnutricion moderada (m),2007-02-01,16,2,7,5,23,7,30
10402,TOMINA,desnutricion aguda,desnutricion moderada (m),2007-02-01,26,12,11,20,37,32,69
50502,TORO TORO,desnutricion aguda,desnutricion moderada (m),2007-02-01,13,3,5,5,18,8,26
31201,TOTORA(CBBA),desnutricion aguda,desnutricion moderada (m),2007-02-01,3,4,5,5,8,9,17
41301,TOTORA(ORR),desnutricion aguda,desnutricion moderada (m),2007-02-01,0,1,0,1,0,2,2
80101,TRINIDAD,desnutricion aguda,desnutricion moderada (m),2007-02-01,23,22,10,8,33,30,63
50801,TUPIZA,desnutricion aguda,desnutricion moderada (m),2007-02-01,19,9,11,16,30,25,55
50201,UNCIA,desnutricion aguda,desnutricion moderada (m),2007-02-01,7,1,4,5,11,6,17
60401,URIONDO (A. CONCEPCION),desnutricion aguda,desnutricion moderada (m),2007-02-01,1,3,5,4,6,7,13
71502,URUBICHA,desnutricion aguda,desnutricion moderada (m),2007-02-01,23,37,18,27,41,64,105
51201,UYUNI,desnutricion aguda,desnutricion moderada (m),2007-02-01,1,0,2,3,3,3,6
30502,VACAS,desnutricion aguda,desnutricion moderada (m),2007-02-01,4,2,3,4,7,6,13
70801,VALLEGRANDE,desnutricion aguda,desnutricion moderada (m),2007-02-01,3,1,0,0,3,1,4
31302,VILA VILA,desnutricion aguda,desnutricion moderada (m),2007-02-01,2,2,0,0,2,2,4
60303,VILLA MONTES,desnutricion aguda,desnutricion moderada (m),2007-02-01,9,11,4,3,13,14,27
90502,VILLA NUEVA (LOMA ALTA),desnutricion aguda,desnutricion moderada (m),2007-02-01,1,2,2,6,3,8,11
31402,VILLA RIVERO,desnutricion aguda,desnutricion moderada (m),2007-02-01,1,4,2,5,3,9,12
10801,VILLA SERRANO,desnutricion aguda,desnutricion moderada (m),2007-02-01,8,5,11,9,19,14,33
31003,VILLA TUNARI,desnutricion aguda,desnutricion moderada (m),2007-02-01,28,28,17,18,45,46,91
11001,VILLA VACA GUZMAN (MUYUPAMPA),desnutricion aguda,desnutricion moderada (m),2007-02-01,4,2,1,1,5,3,8
51501,VILLAZON,desnutricion aguda,desnutricion moderada (m),2007-02-01,16,12,2,13,18,25,43
30904,VINTO,desnutricion aguda,desnutricion moderada (m),2007-02-01,0,2,0,0,0,2,2
50602,VITICHI,desnutricion aguda,desnutricion moderada (m),2007-02-01,16,20,14,17,30,37,67
70201,WARNES,desnutricion aguda,desnutricion moderada (m),2007-02-01,4,5,7,7,11,12,23
60301,YACUIBA,desnutricion aguda,desnutricion moderada (m),2007-02-01,6,17,3,11,9,28,37
10602,YAMPARAEZ,desnutricion aguda,desnutricion moderada (m),2007-02-01,20,9,15,24,35,33,68
70403,YAPACANI,desnutricion aguda,desnutricion moderada (m),2007-02-01,19,10,2,5,21,15,36
50103,YOCALLA,desnutricion aguda,desnutricion moderada (m),2007-02-01,2,0,0,1,2,1,3
10102,YOTALA,desnutricion aguda,desnutricion moderada (m),2007-02-01,3,5,5,14,8,19,27
60402,YUNCHARA,desnutricion aguda,desnutricion moderada (m),2007-02-01,4,1,9,10,13,11,24
10301,ZUDAÑEZ,desnutricion aguda,desnutricion moderada (m),2007-02-01,3,6,7,8,10,14,24
51302,ACACIO,desnutricion aguda,desnutricion moderada (m),2007-03-01,2,2,2,5,4,7,11
30201,AIQUILE,desnutricion aguda,desnutricion moderada (m),2007-03-01,3,13,3,5,6,18,24
31303,ALALAY,desnutricion aguda,desnutricion moderada (m),2007-03-01,3,1,3,0,6,1,7
10404,ALCALA,desnutricion aguda,desnutricion moderada (m),2007-03-01,4,8,6,5,10,13,23
41201,ANDAMARCA,desnutricion aguda,desnutricion moderada (m),2007-03-01,4,2,0,4,4,6,10
40603,ANTEQUERA,desnutricion aguda,desnutricion moderada (m),2007-03-01,0,0,1,1,1,1,2
30402,ANZALDO,desnutricion aguda,desnutricion moderada (m),2007-03-01,10,14,5,8,15,22,37
51301,ARAMPAMPA,desnutricion aguda,desnutricion moderada (m),2007-03-01,10,7,5,7,15,14,29
30501,ARANI,desnutricion aguda,desnutricion moderada (m),2007-03-01,3,4,2,1,5,5,10
30403,ARBIETO,desnutricion aguda,desnutricion moderada (m),2007-03-01,1,1,4,6,5,7,12
30601,ARQUE,desnutricion aguda,desnutricion moderada (m),2007-03-01,13,7,4,8,17,15,32
50802,ATOCHA,desnutricion aguda,desnutricion moderada (m),2007-03-01,2,3,4,1,6,4,10
30301,AYOPAYA (V. DE INDEPENDENCIA),desnutricion aguda,desnutricion moderada (m),2007-03-01,16,15,10,13,26,28,54
10201,AZURDUY,desnutricion aguda,desnutricion moderada (m),2007-03-01,11,27,17,25,28,52,80
80802,BAURES,desnutricion aguda,desnutricion moderada (m),2007-03-01,1,1,0,0,1,1,2
50104,BELEN DE URMIRI,desnutricion aguda,desnutricion moderada (m),2007-03-01,1,6,2,3,3,9,12
90104,BELLA FLOR,desnutricion aguda,desnutricion moderada (m),2007-03-01,1,2,2,0,3,2,5
60202,BERMEJO,desnutricion aguda,desnutricion moderada (m),2007-03-01,1,2,4,3,5,5,10
50301,BETANZOS,desnutricion aguda,desnutricion moderada (m),2007-03-01,22,28,19,23,41,51,92
31501,BOLIVAR,desnutricion aguda,desnutricion moderada (m),2007-03-01,21,19,8,17,29,36,65
90103,BOLPEBRA,desnutricion aguda,desnutricion moderada (m),2007-03-01,0,0,1,0,1,0,1
70707,BOYUIBE,desnutricion aguda,desnutricion moderada (m),2007-03-01,2,3,1,0,3,3,6
70401,BUENA VISTA,desnutricion aguda,desnutricion moderada (m),2007-03-01,2,2,1,1,3,3,6
70703,CABEZAS,desnutricion aguda,desnutricion moderada (m),2007-03-01,3,4,2,4,5,8,13
51102,"CAIZA ""D""",desnutricion aguda,desnutricion moderada (m),2007-03-01,2,0,4,7,6,7,13
21003,CAJUATA,desnutricion aguda,desnutricion moderada (m),2007-03-01,0,2,2,0,2,2,4
10701,CAMARGO,desnutricion aguda,desnutricion moderada (m),2007-03-01,11,8,7,17,18,25,43
10901,CAMATAQUI (C. VILLA ABECIA),desnutricion aguda,desnutricion moderada (m),2007-03-01,0,1,1,0,1,1,2
70706,CAMIRI,desnutricion aguda,desnutricion moderada (m),2007-03-01,15,28,11,11,26,39,65
30701,CAPINOTA,desnutricion aguda,desnutricion moderada (m),2007-03-01,26,12,13,8,39,20,59
40102,CARACOLLO,desnutricion aguda,desnutricion moderada (m),2007-03-01,5,6,2,6,7,12,19
60302,CARAPARI,desnutricion aguda,desnutricion moderada (m),2007-03-01,2,1,2,1,4,2,6
50702,CARIPUYO,desnutricion aguda,desnutricion moderada (m),2007-03-01,20,26,6,13,26,39,65
71403,CARMEN RIVERO TORREZ,desnutricion aguda,desnutricion moderada (m),2007-03-01,1,3,2,0,3,3,6
40201,CHALLAPATA,desnutricion aguda,desnutricion moderada (m),2007-03-01,10,5,6,7,16,12,28
50302,CHAQUI,desnutricion aguda,desnutricion moderada (m),2007-03-01,4,2,5,5,9,7,16
70702,CHARAGUA,desnutricion aguda,desnutricion moderada (m),2007-03-01,4,12,3,4,7,16,23
50202,CHAYANTA,desnutricion aguda,desnutricion moderada (m),2007-03-01,3,7,20,18,23,25,48
31204,CHIMORE,desnutricion aguda,desnutricion moderada (m),2007-03-01,5,12,9,3,14,15,29
40903,CHIPAYA,desnutricion aguda,desnutricion moderada (m),2007-03-01,1,2,0,1,1,3,4
40302,CHOQUE COTA,desnutricion aguda,desnutricion moderada (m),2007-03-01,1,0,0,1,1,1,2
90101,COBIJA,desnutricion aguda,desnutricion moderada (m),2007-03-01,12,5,13,11,25,16,41
30101,COCHABAMBA,desnutricion aguda,desnutricion moderada (m),2007-03-01,69,76,48,49,117,125,242
30905,COLCAPIRHUA,desnutricion aguda,desnutricion moderada (m),2007-03-01,0,2,2,4,2,6,8
50901,"COLCHA ""K""",desnutricion aguda,desnutricion moderada (m),2007-03-01,3,1,1,0,4,1,5
31002,COLOMI,desnutricion aguda,desnutricion moderada (m),2007-03-01,8,5,4,2,12,7,19
70603,COLPA BELGICA,desnutricion aguda,desnutricion moderada (m),2007-03-01,3,2,1,1,4,3,7
50401,COLQUECHACA,desnutricion aguda,desnutricion moderada (m),2007-03-01,24,22,21,15,45,37,82
21004,COLQUIRI,desnutricion aguda,desnutricion moderada (m),2007-03-01,5,2,0,2,5,4,9
71301,COMARAPA,desnutricion aguda,desnutricion moderada (m),2007-03-01,3,11,2,3,5,14,19
71101,CONCEPCION,desnutricion aguda,desnutricion moderada (m),2007-03-01,8,6,1,4,9,10,19
40301,CORQUE,desnutricion aguda,desnutricion moderada (m),2007-03-01,3,1,0,1,3,2,5
50601,COTAGAITA,desnutricion aguda,desnutricion moderada (m),2007-03-01,16,9,18,16,34,25,59
70102,COTOCA,desnutricion aguda,desnutricion moderada (m),2007-03-01,0,1,0,0,0,1,1
71106,CUATRO CAÑADAS,desnutricion aguda,desnutricion moderada (m),2007-03-01,1,0,1,2,2,2,4
70704,CUEVO,desnutricion aguda,desnutricion moderada (m),2007-03-01,0,2,1,1,1,3,4
10902,CULPINA,desnutricion aguda,desnutricion moderada (m),2007-03-01,23,22,16,16,39,38,77
40401,CURAHUARA DE CARANGAS,desnutricion aguda,desnutricion moderada (m),2007-03-01,0,1,1,1,1,2,3
40103,EL CHORO,desnutricion aguda,desnutricion moderada (m),2007-03-01,0,1,0,0,0,1,1
71503,EL PUENTE(STC),desnutricion aguda,desnutricion moderada (m),2007-03-01,5,4,0,2,5,6,11
60502,EL PUENTE(TJA),desnutricion aguda,desnutricion moderada (m),2007-03-01,0,1,1,1,1,2,3
10405,EL VILLAR,desnutricion aguda,desnutricion moderada (m),2007-03-01,2,5,2,6,4,11,15
60601,ENTRE RIOS,desnutricion aguda,desnutricion moderada (m),2007-03-01,13,12,6,8,19,20,39
60601,ENTRE RIOS,desnutricion aguda,desnutricion moderada (m),2007-03-01,3,5,6,5,9,10,19
41101,EUCALIPTUS,desnutricion aguda,desnutricion moderada (m),2007-03-01,1,2,1,1,2,3,5
71004,FERNANDEZ ALONSO,desnutricion aguda,desnutricion moderada (m),2007-03-01,1,1,0,2,1,3,4
90203,FILADELFIA,desnutricion aguda,desnutricion moderada (m),2007-03-01,3,2,0,1,3,3,6
71002,GENERAL SAAVEDRA,desnutricion aguda,desnutricion moderada (m),2007-03-01,4,1,4,2,8,3,11
80202,GUAYARAMERIN,desnutricion aguda,desnutricion moderada (m),2007-03-01,17,14,6,8,23,22,45
70705,GUTIERREZ,desnutricion aguda,desnutricion moderada (m),2007-03-01,1,3,1,5,2,8,10
10502,HUACARETA,desnutricion aguda,desnutricion moderada (m),2007-03-01,3,5,3,3,6,8,14
11002,HUACAYA (VILLA DE HUACAYA),desnutricion aguda,desnutricion moderada (m),2007-03-01,0,2,0,1,0,3,3
40701,HUANUNI,desnutricion aguda,desnutricion moderada (m),2007-03-01,2,0,0,1,2,1,3
10304,ICLA,desnutricion aguda,desnutricion moderada (m),2007-03-01,11,25,25,23,36,48,84
10703,INCAHUASI,desnutricion aguda,desnutricion moderada (m),2007-03-01,38,28,27,31,65,59,124
90402,INGAVI (HUMAITA),desnutricion aguda,desnutricion moderada (m),2007-03-01,0,1,0,0,0,1,1
21001,INQUISIVI,desnutricion aguda,desnutricion moderada (m),2007-03-01,2,0,2,1,4,1,5
70701,LAGUNILLAS,desnutricion aguda,desnutricion moderada (m),2007-03-01,5,2,5,5,10,7,17
10903,LAS CARRERAS,desnutricion aguda,desnutricion moderada (m),2007-03-01,0,1,1,3,1,4,5
50203,LLALLAGUA,desnutricion aguda,desnutricion moderada (m),2007-03-01,20,30,16,13,36,43,79
51401,LLICA,desnutricion aguda,desnutricion moderada (m),2007-03-01,1,3,0,0,1,3,4
80601,LORETO,desnutricion aguda,desnutricion moderada (m),2007-03-01,1,0,0,0,1,0,1
40702,MACHACAMARCA,desnutricion aguda,desnutricion moderada (m),2007-03-01,1,2,0,1,1,3,4
11003,MACHARETI,desnutricion aguda,desnutricion moderada (m),2007-03-01,6,1,3,2,9,3,12
80801,MAGDALENA,desnutricion aguda,desnutricion moderada (m),2007-03-01,0,1,1,0,1,1,2
70903,MAIRANA,desnutricion aguda,desnutricion moderada (m),2007-03-01,4,3,3,2,7,5,12
71003,MINEROS,desnutricion aguda,desnutricion moderada (m),2007-03-01,8,7,0,7,8,14,22
31301,MIZQUE,desnutricion aguda,desnutricion moderada (m),2007-03-01,20,15,5,18,25,33,58
10303,MOJOCOYA,desnutricion aguda,desnutricion moderada (m),2007-03-01,8,4,7,4,15,8,23
10501,MONTEAGUDO,desnutricion aguda,desnutricion moderada (m),2007-03-01,7,6,5,11,12,17,29
71001,MONTERO,desnutricion aguda,desnutricion moderada (m),2007-03-01,25,32,18,34,43,66,109
70803,MORO MORO,desnutricion aguda,desnutricion moderada (m),2007-03-01,0,0,1,0,1,0,1
30302,MOROCHATA,desnutricion aguda,desnutricion moderada (m),2007-03-01,13,9,10,4,23,13,36
90401,NACEBE (SANTA ROSA DEL ABUNA),desnutricion aguda,desnutricion moderada (m),2007-03-01,1,0,0,0,1,0,1
50404,OCURI,desnutricion aguda,desnutricion moderada (m),2007-03-01,30,12,14,16,44,28,72
70202,OKINAWA,desnutricion aguda,desnutricion moderada (m),2007-03-01,1,2,0,3,1,5,6
30203,OMEREQUE,desnutricion aguda,desnutricion moderada (m),2007-03-01,1,3,1,1,2,4,6
40101,ORURO,desnutricion aguda,desnutricion moderada (m),2007-03-01,74,34,20,23,94,57,151
60201,PADCAYA,desnutricion aguda,desnutricion moderada (m),2007-03-01,2,1,4,0,6,1,7
10401,PADILLA,desnutricion aguda,desnutricion moderada (m),2007-03-01,13,8,10,9,23,17,40
70502,PAILON,desnutricion aguda,desnutricion moderada (m),2007-03-01,5,4,1,3,6,7,13
40802,PAMPA AULLAGAS,desnutricion aguda,desnutricion moderada (m),2007-03-01,0,3,0,0,0,3,3
70902,PAMPA GRANDE,desnutricion aguda,desnutricion moderada (m),2007-03-01,2,3,1,4,3,7,10
30202,PASORAPA,desnutricion aguda,desnutricion moderada (m),2007-03-01,1,1,1,1,2,2,4
40602,PAZÑA,desnutricion aguda,desnutricion moderada (m),2007-03-01,0,4,0,0,0,4,4
50403,POCOATA,desnutricion aguda,desnutricion moderada (m),2007-03-01,24,22,14,24,38,46,84
31203,POCONA,desnutricion aguda,desnutricion moderada (m),2007-03-01,3,4,5,5,8,9,17
31202,POJO (CBBA),desnutricion aguda,desnutricion moderada (m),2007-03-01,9,6,1,3,10,9,19
40601,POOPO,desnutricion aguda,desnutricion moderada (m),2007-03-01,1,3,0,2,1,5,6
51203,PORCO,desnutricion aguda,desnutricion moderada (m),2007-03-01,6,7,0,2,6,9,15
10103,POROMA,desnutricion aguda,desnutricion moderada (m),2007-03-01,23,27,12,8,35,35,70
70601,PORTACHUELO,desnutricion aguda,desnutricion moderada (m),2007-03-01,6,5,1,3,7,8,15
90102,PORVENIR,desnutricion aguda,desnutricion moderada (m),2007-03-01,0,1,4,3,4,4,8
70804,POSTRER VALLE,desnutricion aguda,desnutricion moderada (m),2007-03-01,2,0,0,0,2,0,2
50101,POTOSI,desnutricion aguda,desnutricion moderada (m),2007-03-01,81,66,44,31,125,97,222
10302,PRESTO,desnutricion aguda,desnutricion moderada (m),2007-03-01,24,9,9,6,33,15,48
70805,PUCARA,desnutricion aguda,desnutricion moderada (m),2007-03-01,1,0,0,0,1,0,1
90301,PUERTO GONZALO MORENO,desnutricion aguda,desnutricion moderada (m),2007-03-01,9,4,3,3,12,7,19
71402,PUERTO QUIJARRO,desnutricion aguda,desnutricion moderada (m),2007-03-01,1,0,1,2,2,2,4
90201,PUERTO RICO,desnutricion aguda,desnutricion moderada (m),2007-03-01,1,5,3,4,4,9,13
80703,PUERTO SILES,desnutricion aguda,desnutricion moderada (m),2007-03-01,0,0,0,1,0,1,1
71401,PUERTO SUAREZ,desnutricion aguda,desnutricion moderada (m),2007-03-01,0,1,0,0,0,1,1
31205,PUERTO VILLARROEL,desnutricion aguda,desnutricion moderada (m),2007-03-01,31,45,16,21,47,66,113
51101,PUNA,desnutricion aguda,desnutricion moderada (m),2007-03-01,29,27,20,34,49,61,110
31401,PUNATA,desnutricion aguda,desnutricion moderada (m),2007-03-01,6,5,2,5,8,10,18
30901,QUILLACOLLO,desnutricion aguda,desnutricion moderada (m),2007-03-01,6,10,4,11,10,21,31
21002,QUIME,desnutricion aguda,desnutricion moderada (m),2007-03-01,0,2,1,0,1,2,3
70904,QUIRUSILLAS,desnutricion aguda,desnutricion moderada (m),2007-03-01,3,0,1,1,4,1,5
50402,RAVELO,desnutricion aguda,desnutricion moderada (m),2007-03-01,36,30,30,33,66,63,129
80301,REYES,desnutricion aguda,desnutricion moderada (m),2007-03-01,8,2,1,3,9,5,14
80201,RIBERALTA,desnutricion aguda,desnutricion moderada (m),2007-03-01,47,84,27,29,74,113,187
70503,ROBORE,desnutricion aguda,desnutricion moderada (m),2007-03-01,5,6,0,5,5,11,16
80304,RURRENABAQUE,desnutricion aguda,desnutricion moderada (m),2007-03-01,0,4,0,2,0,6,6
40901,SABAYA,desnutricion aguda,desnutricion moderada (m),2007-03-01,0,0,1,0,1,0,1
31001,SACABA,desnutricion aguda,desnutricion moderada (m),2007-03-01,16,25,9,20,25,45,70
30404,SACABAMBA,desnutricion aguda,desnutricion moderada (m),2007-03-01,4,2,2,3,6,5,11
50701,SACACA,desnutricion aguda,desnutricion moderada (m),2007-03-01,30,27,36,31,66,58,124
71302,SAIPINA,desnutricion aguda,desnutricion moderada (m),2007-03-01,3,1,2,1,5,2,7
40801,SALINAS DE GARCI MENDOZA,desnutricion aguda,desnutricion moderada (m),2007-03-01,2,2,1,5,3,7,10
70901,SAMAIPATA,desnutricion aguda,desnutricion moderada (m),2007-03-01,4,0,3,2,7,2,9
51601,SAN AGUSTIN,desnutricion aguda,desnutricion moderada (m),2007-03-01,0,1,1,0,1,1,2
80602,SAN ANDRES,desnutricion aguda,desnutricion moderada (m),2007-03-01,1,1,2,2,3,3,6
51003,SAN ANTONIO DE ESMORUCO,desnutricion aguda,desnutricion moderada (m),2007-03-01,1,0,0,0,1,0,1
71105,SAN ANTONIO DE LOMERIO,desnutricion aguda,desnutricion moderada (m),2007-03-01,12,11,8,10,20,21,41
31403,SAN BENITO,desnutricion aguda,desnutricion moderada (m),2007-03-01,5,4,7,1,12,5,17
80302,SAN BORJA,desnutricion aguda,desnutricion moderada (m),2007-03-01,10,14,3,4,13,18,31
70402,SAN CARLOS,desnutricion aguda,desnutricion moderada (m),2007-03-01,10,6,1,2,11,8,19
80501,SAN IGNACIO,desnutricion aguda,desnutricion moderada (m),2007-03-01,16,12,2,7,18,19,37
70301,SAN IGNACIO DE VELASCO,desnutricion aguda,desnutricion moderada (m),2007-03-01,23,40,31,47,54,87,141
80701,SAN JOAQUIN,desnutricion aguda,desnutricion moderada (m),2007-03-01,0,0,0,1,0,1,1
70501,SAN JOSE DE CHIQUITOS,desnutricion aguda,desnutricion moderada (m),2007-03-01,4,8,2,4,6,12,18
70404,SAN JUAN DE YAPACANI,desnutricion aguda,desnutricion moderada (m),2007-03-01,1,4,1,0,2,4,6
71104,SAN JULIAN,desnutricion aguda,desnutricion moderada (m),2007-03-01,6,7,6,7,12,14,26
90302,SAN LORENZO(PND),desnutricion aguda,desnutricion moderada (m),2007-03-01,3,6,1,4,4,10,14
60501,SAN LORENZO(TJA),desnutricion aguda,desnutricion moderada (m),2007-03-01,10,11,10,18,20,29,49
10702,SAN LUCAS,desnutricion aguda,desnutricion moderada (m),2007-03-01,61,47,35,63,96,110,206
71201,SAN MATIAS,desnutricion aguda,desnutricion moderada (m),2007-03-01,0,1,0,1,0,2,2
70302,SAN MIGUEL DE VELASCO,desnutricion aguda,desnutricion moderada (m),2007-03-01,4,3,1,1,5,4,9
51001,SAN PABLO DE LIPEZ,desnutricion aguda,desnutricion moderada (m),2007-03-01,0,1,0,0,0,1,1
71005,SAN PEDRO,desnutricion aguda,desnutricion moderada (m),2007-03-01,7,2,1,1,8,3,11
70303,SAN RAFAEL,desnutricion aguda,desnutricion moderada (m),2007-03-01,1,1,1,3,2,4,6
80702,SAN RAMON,desnutricion aguda,desnutricion moderada (m),2007-03-01,1,2,0,1,1,3,4
80401,SANTA ANA,desnutricion aguda,desnutricion moderada (m),2007-03-01,2,1,0,4,2,5,7
70101,SANTA CRUZ DE LA SIERRA,desnutricion aguda,desnutricion moderada (m),2007-03-01,125,141,35,53,160,194,354
80303,SANTA ROSA,desnutricion aguda,desnutricion moderada (m),2007-03-01,4,4,0,1,4,5,9
70602,SANTA ROSA DEL SARA,desnutricion aguda,desnutricion moderada (m),2007-03-01,1,2,0,4,1,6,7
41401,SANTIAGO DE HUARI,desnutricion aguda,desnutricion moderada (m),2007-03-01,3,2,4,3,7,5,12
30702,SANTIVAÑES,desnutricion aguda,desnutricion moderada (m),2007-03-01,1,2,3,1,4,3,7
40202,SANTUARIO DE QUILLACAS,desnutricion aguda,desnutricion moderada (m),2007-03-01,0,2,0,0,0,2,2
90303,SENA,desnutricion aguda,desnutricion moderada (m),2007-03-01,0,2,5,0,5,2,7
30703,SICAYA,desnutricion aguda,desnutricion moderada (m),2007-03-01,3,6,2,1,5,7,12
30902,SIPE SIPE,desnutricion aguda,desnutricion moderada (m),2007-03-01,15,12,9,11,24,23,47
10403,SOPACHUY,desnutricion aguda,desnutricion moderada (m),2007-03-01,14,18,8,25,22,43,65
40104,SORACACHI,desnutricion aguda,desnutricion moderada (m),2007-03-01,1,2,4,2,5,4,9
10101,SUCRE,desnutricion aguda,desnutricion moderada (m),2007-03-01,64,57,43,53,107,110,217
31404,TACACHI,desnutricion aguda,desnutricion moderada (m),2007-03-01,1,0,1,0,2,0,2
50303,TACOBAMBA,desnutricion aguda,desnutricion moderada (m),2007-03-01,11,7,1,1,12,8,20
30602,TACOPAYA,desnutricion aguda,desnutricion moderada (m),2007-03-01,9,11,5,7,14,18,32
31101,TAPACARI,desnutricion aguda,desnutricion moderada (m),2007-03-01,28,41,20,20,48,61,109
10601,TARABUCO,desnutricion aguda,desnutricion moderada (m),2007-03-01,66,60,31,51,97,111,208
30401,TARATA,desnutricion aguda,desnutricion moderada (m),2007-03-01,2,2,1,1,3,3,6
60101,TARIJA,desnutricion aguda,desnutricion moderada (m),2007-03-01,38,30,44,34,82,64,146
10202,TARVITA,desnutricion aguda,desnutricion moderada (m),2007-03-01,18,33,20,31,38,64,102
50102,TINGUIPAYA,desnutricion aguda,desnutricion moderada (m),2007-03-01,28,26,20,15,48,41,89
30903,TIQUIPAYA,desnutricion aguda,desnutricion moderada (m),2007-03-01,12,10,3,4,15,14,29
31601,TIRAQUE (CBBA),desnutricion aguda,desnutricion moderada (m),2007-03-01,38,35,23,37,61,72,133
30802,TOCO,desnutricion aguda,desnutricion moderada (m),2007-03-01,2,0,1,0,3,0,3
30803,TOLATA,desnutricion aguda,desnutricion moderada (m),2007-03-01,0,2,0,1,0,3,3
41001,TOLEDO,desnutricion aguda,desnutricion moderada (m),2007-03-01,2,0,0,0,2,0,2
51202,TOMAVE,desnutricion aguda,desnutricion moderada (m),2007-03-01,8,5,3,2,11,7,18
10402,TOMINA,desnutricion aguda,desnutricion moderada (m),2007-03-01,29,22,16,20,45,42,87
50502,TORO TORO,desnutricion aguda,desnutricion moderada (m),2007-03-01,13,12,10,8,23,20,43
31201,TOTORA(CBBA),desnutricion aguda,desnutricion moderada (m),2007-03-01,7,3,2,4,9,7,16
41301,TOTORA(ORR),desnutricion aguda,desnutricion moderada (m),2007-03-01,1,0,2,0,3,0,3
70802,TRIGAL,desnutricion aguda,desnutricion moderada (m),2007-03-01,0,0,0,1,0,1,1
80101,TRINIDAD,desnutricion aguda,desnutricion moderada (m),2007-03-01,22,14,7,6,29,20,49
50801,TUPIZA,desnutricion aguda,desnutricion moderada (m),2007-03-01,14,19,16,14,30,33,63
40402,TURCO,desnutricion aguda,desnutricion moderada (m),2007-03-01,1,0,1,1,2,1,3
50201,UNCIA,desnutricion aguda,desnutricion moderada (m),2007-03-01,14,7,4,9,18,16,34
60401,URIONDO (A. CONCEPCION),desnutricion aguda,desnutricion moderada (m),2007-03-01,3,1,3,7,6,8,14
51201,UYUNI,desnutricion aguda,desnutricion moderada (m),2007-03-01,6,3,3,4,9,7,16
30502,VACAS,desnutricion aguda,desnutricion moderada (m),2007-03-01,8,5,0,3,8,8,16
70801,VALLEGRANDE,desnutricion aguda,desnutricion moderada (m),2007-03-01,3,1,1,1,4,2,6
31302,VILA VILA,desnutricion aguda,desnutricion moderada (m),2007-03-01,3,2,2,0,5,2,7
60303,VILLA MONTES,desnutricion aguda,desnutricion moderada (m),2007-03-01,3,14,3,1,6,15,21
90502,VILLA NUEVA (LOMA ALTA),desnutricion aguda,desnutricion moderada (m),2007-03-01,0,0,0,1,0,1,1
31402,VILLA RIVERO,desnutricion aguda,desnutricion moderada (m),2007-03-01,0,1,2,1,2,2,4
10801,VILLA SERRANO,desnutricion aguda,desnutricion moderada (m),2007-03-01,5,14,9,13,14,27,41
31003,VILLA TUNARI,desnutricion aguda,desnutricion moderada (m),2007-03-01,33,26,25,35,58,61,119
11001,VILLA VACA GUZMAN (MUYUPAMPA),desnutricion aguda,desnutricion moderada (m),2007-03-01,4,2,1,4,5,6,11
51501,VILLAZON,desnutricion aguda,desnutricion moderada (m),2007-03-01,19,14,11,11,30,25,55
30904,VINTO,desnutricion aguda,desnutricion moderada (m),2007-03-01,4,4,0,0,4,4,8
50602,VITICHI,desnutricion aguda,desnutricion moderada (m),2007-03-01,19,16,8,8,27,24,51
70201,WARNES,desnutricion aguda,desnutricion moderada (m),2007-03-01,5,9,3,6,8,15,23
60301,YACUIBA,desnutricion aguda,desnutricion moderada (m),2007-03-01,5,14,4,11,9,25,34
10602,YAMPARAEZ,desnutricion aguda,desnutricion moderada (m),2007-03-01,19,12,14,23,33,35,68
70403,YAPACANI,desnutricion aguda,desnutricion moderada (m),2007-03-01,25,16,4,5,29,21,50
50103,YOCALLA,desnutricion aguda,desnutricion moderada (m),2007-03-01,2,1,1,1,3,2,5
10102,YOTALA,desnutricion aguda,desnutricion moderada (m),2007-03-01,7,7,3,7,10,14,24
60402,YUNCHARA,desnutricion aguda,desnutricion moderada (m),2007-03-01,6,3,7,5,13,8,21
10301,ZUDAÑEZ,desnutricion aguda,desnutricion moderada (m),2007-03-01,13,7,8,14,21,21,42
51302,ACACIO,desnutricion aguda,desnutricion moderada (m),2007-04-01,15,7,9,8,24,15,39
30201,AIQUILE,desnutricion aguda,desnutricion moderada (m),2007-04-01,6,6,4,5,10,11,21
31303,ALALAY,desnutricion aguda,desnutricion moderada (m),2007-04-01,1,5,3,4,4,9,13
10404,ALCALA,desnutricion aguda,desnutricion moderada (m),2007-04-01,7,5,7,4,14,9,23
41201,ANDAMARCA,desnutricion aguda,desnutricion moderada (m),2007-04-01,2,0,1,1,3,1,4
40603,ANTEQUERA,desnutricion aguda,desnutricion moderada (m),2007-04-01,0,1,4,5,4,6,10
30402,ANZALDO,desnutricion aguda,desnutricion moderada (m),2007-04-01,5,10,1,8,6,18,24
51301,ARAMPAMPA,desnutricion aguda,desnutricion moderada (m),2007-04-01,11,5,6,7,17,12,29
30403,ARBIETO,desnutricion aguda,desnutricion moderada (m),2007-04-01,4,0,6,1,10,1,11
30601,ARQUE,desnutricion aguda,desnutricion moderada (m),2007-04-01,6,5,12,12,18,17,35
71501,ASCENCION DE GUARAYOS,desnutricion aguda,desnutricion moderada (m),2007-04-01,23,24,19,23,42,47,89
50802,ATOCHA,desnutricion aguda,desnutricion moderada (m),2007-04-01,2,4,2,1,4,5,9
30301,AYOPAYA (V. DE INDEPENDENCIA),desnutricion aguda,desnutricion moderada (m),2007-04-01,14,22,4,7,18,29,47
10201,AZURDUY,desnutricion aguda,desnutricion moderada (m),2007-04-01,16,28,12,23,28,51,79
80802,BAURES,desnutricion aguda,desnutricion moderada (m),2007-04-01,0,3,0,1,0,4,4
41202,BELEN DE ANDAMARCA,desnutricion aguda,desnutricion moderada (m),2007-04-01,0,3,0,0,0,3,3
50104,BELEN DE URMIRI,desnutricion aguda,desnutricion moderada (m),2007-04-01,2,2,0,1,2,3,5
90104,BELLA FLOR,desnutricion aguda,desnutricion moderada (m),2007-04-01,1,2,1,0,2,2,4
60202,BERMEJO,desnutricion aguda,desnutricion moderada (m),2007-04-01,0,0,1,1,1,1,2
50301,BETANZOS,desnutricion aguda,desnutricion moderada (m),2007-04-01,19,23,15,22,34,45,79
31501,BOLIVAR,desnutricion aguda,desnutricion moderada (m),2007-04-01,13,4,2,2,15,6,21
70707,BOYUIBE,desnutricion aguda,desnutricion moderada (m),2007-04-01,3,0,0,0,3,0,3
70401,BUENA VISTA,desnutricion aguda,desnutricion moderada (m),2007-04-01,0,0,1,1,1,1,2
70703,CABEZAS,desnutricion aguda,desnutricion moderada (m),2007-04-01,5,10,7,2,12,12,24
51102,"CAIZA ""D""",desnutricion aguda,desnutricion moderada (m),2007-04-01,4,3,1,2,5,5,10
21003,CAJUATA,desnutricion aguda,desnutricion moderada (m),2007-04-01,4,4,0,2,4,6,10
10701,CAMARGO,desnutricion aguda,desnutricion moderada (m),2007-04-01,17,17,9,19,26,36,62
10901,CAMATAQUI (C. VILLA ABECIA),desnutricion aguda,desnutricion moderada (m),2007-04-01,0,0,2,3,2,3,5
70706,CAMIRI,desnutricion aguda,desnutricion moderada (m),2007-04-01,11,10,4,7,15,17,32
30701,CAPINOTA,desnutricion aguda,desnutricion moderada (m),2007-04-01,23,18,8,10,31,28,59
40102,CARACOLLO,desnutricion aguda,desnutricion moderada (m),2007-04-01,1,1,1,0,2,1,3
41503,CARANGAS,desnutricion aguda,desnutricion moderada (m),2007-04-01,0,2,0,0,0,2,2
60302,CARAPARI,desnutricion aguda,desnutricion moderada (m),2007-04-01,2,2,2,1,4,3,7
50702,CARIPUYO,desnutricion aguda,desnutricion moderada (m),2007-04-01,9,5,7,13,16,18,34
71403,CARMEN RIVERO TORREZ,desnutricion aguda,desnutricion moderada (m),2007-04-01,0,0,0,3,0,3,3
40201,CHALLAPATA,desnutricion aguda,desnutricion moderada (m),2007-04-01,12,9,10,3,22,12,34
50302,CHAQUI,desnutricion aguda,desnutricion moderada (m),2007-04-01,4,2,5,3,9,5,14
70702,CHARAGUA,desnutricion aguda,desnutricion moderada (m),2007-04-01,9,12,2,4,11,16,27
50202,CHAYANTA,desnutricion aguda,desnutricion moderada (m),2007-04-01,9,11,12,10,21,21,42
31204,CHIMORE,desnutricion aguda,desnutricion moderada (m),2007-04-01,7,3,5,4,12,7,19
40903,CHIPAYA,desnutricion aguda,desnutricion moderada (m),2007-04-01,0,1,1,0,1,1,2
40302,CHOQUE COTA,desnutricion aguda,desnutricion moderada (m),2007-04-01,1,0,0,0,1,0,1
90101,COBIJA,desnutricion aguda,desnutricion moderada (m),2007-04-01,16,4,8,12,24,16,40
30101,COCHABAMBA,desnutricion aguda,desnutricion moderada (m),2007-04-01,75,69,33,36,108,105,213
30905,COLCAPIRHUA,desnutricion aguda,desnutricion moderada (m),2007-04-01,4,5,2,3,6,8,14
50901,"COLCHA ""K""",desnutricion aguda,desnutricion moderada (m),2007-04-01,2,3,0,2,2,5,7
31002,COLOMI,desnutricion aguda,desnutricion moderada (m),2007-04-01,13,5,6,4,19,9,28
70603,COLPA BELGICA,desnutricion aguda,desnutricion moderada (m),2007-04-01,1,2,1,1,2,3,5
50401,COLQUECHACA,desnutricion aguda,desnutricion moderada (m),2007-04-01,30,26,12,26,42,52,94
21004,COLQUIRI,desnutricion aguda,desnutricion moderada (m),2007-04-01,1,1,2,0,3,1,4
71301,COMARAPA,desnutricion aguda,desnutricion moderada (m),2007-04-01,5,1,4,5,9,6,15
71101,CONCEPCION,desnutricion aguda,desnutricion moderada (m),2007-04-01,6,8,5,1,11,9,20
40301,CORQUE,desnutricion aguda,desnutricion moderada (m),2007-04-01,0,0,1,2,1,2,3
50601,COTAGAITA,desnutricion aguda,desnutricion moderada (m),2007-04-01,21,25,23,25,44,50,94
70102,COTOCA,desnutricion aguda,desnutricion moderada (m),2007-04-01,9,15,1,7,10,22,32
71106,CUATRO CAÑADAS,desnutricion aguda,desnutricion moderada (m),2007-04-01,2,3,2,1,4,4,8
31405,CUCHUMUELA (V. G. VILLARROEL),desnutricion aguda,desnutricion moderada (m),2007-04-01,1,0,0,1,1,1,2
70704,CUEVO,desnutricion aguda,desnutricion moderada (m),2007-04-01,2,0,2,1,4,1,5
10902,CULPINA,desnutricion aguda,desnutricion moderada (m),2007-04-01,24,20,9,15,33,35,68
40401,CURAHUARA DE CARANGAS,desnutricion aguda,desnutricion moderada (m),2007-04-01,0,2,1,0,1,2,3
40103,EL CHORO,desnutricion aguda,desnutricion moderada (m),2007-04-01,0,0,0,1,0,1,1
71503,EL PUENTE(STC),desnutricion aguda,desnutricion moderada (m),2007-04-01,0,2,2,1,2,3,5
60502,EL PUENTE(TJA),desnutricion aguda,desnutricion moderada (m),2007-04-01,3,2,2,1,5,3,8
70105,EL TORNO,desnutricion aguda,desnutricion moderada (m),2007-04-01,2,2,3,2,5,4,9
10405,EL VILLAR,desnutricion aguda,desnutricion moderada (m),2007-04-01,2,4,3,7,5,11,16
60601,ENTRE RIOS,desnutricion aguda,desnutricion moderada (m),2007-04-01,14,11,8,4,22,15,37
60601,ENTRE RIOS,desnutricion aguda,desnutricion moderada (m),2007-04-01,2,1,4,6,6,7,13
80402,EXALTACION,desnutricion aguda,desnutricion moderada (m),2007-04-01,0,2,0,0,0,2,2
71004,FERNANDEZ ALONSO,desnutricion aguda,desnutricion moderada (m),2007-04-01,1,1,0,1,1,2,3
71002,GENERAL SAAVEDRA,desnutricion aguda,desnutricion moderada (m),2007-04-01,4,3,2,2,6,5,11
80202,GUAYARAMERIN,desnutricion aguda,desnutricion moderada (m),2007-04-01,12,11,5,9,17,20,37
70705,GUTIERREZ,desnutricion aguda,desnutricion moderada (m),2007-04-01,11,8,9,9,20,17,37
10502,HUACARETA,desnutricion aguda,desnutricion moderada (m),2007-04-01,5,5,1,5,6,10,16
40501,HUACHACALLA,desnutricion aguda,desnutricion moderada (m),2007-04-01,2,0,0,1,2,1,3
40701,HUANUNI,desnutricion aguda,desnutricion moderada (m),2007-04-01,1,0,0,0,1,0,1
80803,HUARACAJE,desnutricion aguda,desnutricion moderada (m),2007-04-01,0,1,0,1,0,2,2
10304,ICLA,desnutricion aguda,desnutricion moderada (m),2007-04-01,17,15,16,19,33,34,67
10703,INCAHUASI,desnutricion aguda,desnutricion moderada (m),2007-04-01,34,37,25,34,59,71,130
90402,INGAVI (HUMAITA),desnutricion aguda,desnutricion moderada (m),2007-04-01,0,0,1,1,1,1,2
21001,INQUISIVI,desnutricion aguda,desnutricion moderada (m),2007-04-01,4,2,5,0,9,2,11
70104,LA GUARDIA,desnutricion aguda,desnutricion moderada (m),2007-04-01,5,3,2,1,7,4,11
70701,LAGUNILLAS,desnutricion aguda,desnutricion moderada (m),2007-04-01,1,2,2,2,3,4,7
10903,LAS CARRERAS,desnutricion aguda,desnutricion moderada (m),2007-04-01,0,2,1,3,1,5,6
50203,LLALLAGUA,desnutricion aguda,desnutricion moderada (m),2007-04-01,14,21,15,19,29,40,69
51401,LLICA,desnutricion aguda,desnutricion moderada (m),2007-04-01,3,0,1,0,4,0,4
80601,LORETO,desnutricion aguda,desnutricion moderada (m),2007-04-01,1,0,0,0,1,0,1
11003,MACHARETI,desnutricion aguda,desnutricion moderada (m),2007-04-01,1,1,2,3,3,4,7
80801,MAGDALENA,desnutricion aguda,desnutricion moderada (m),2007-04-01,0,1,0,2,0,3,3
70903,MAIRANA,desnutricion aguda,desnutricion moderada (m),2007-04-01,0,1,1,0,1,1,2
71003,MINEROS,desnutricion aguda,desnutricion moderada (m),2007-04-01,1,7,2,3,3,10,13
31301,MIZQUE,desnutricion aguda,desnutricion moderada (m),2007-04-01,10,34,9,7,19,41,60
10303,MOJOCOYA,desnutricion aguda,desnutricion moderada (m),2007-04-01,6,2,2,4,8,6,14
10501,MONTEAGUDO,desnutricion aguda,desnutricion moderada (m),2007-04-01,8,7,9,3,17,10,27
71001,MONTERO,desnutricion aguda,desnutricion moderada (m),2007-04-01,26,23,11,26,37,49,86
70803,MORO MORO,desnutricion aguda,desnutricion moderada (m),2007-04-01,2,1,1,1,3,2,5
30302,MOROCHATA,desnutricion aguda,desnutricion moderada (m),2007-04-01,9,3,5,10,14,13,27
90401,NACEBE (SANTA ROSA DEL ABUNA),desnutricion aguda,desnutricion moderada (m),2007-04-01,1,0,1,0,2,0,2
90501,NUEVO MANOA (NUEVA ESPERANZA),desnutricion aguda,desnutricion moderada (m),2007-04-01,1,1,0,0,1,1,2
50404,OCURI,desnutricion aguda,desnutricion moderada (m),2007-04-01,13,5,8,7,21,12,33
70202,OKINAWA,desnutricion aguda,desnutricion moderada (m),2007-04-01,2,1,2,3,4,4,8
30203,OMEREQUE,desnutricion aguda,desnutricion moderada (m),2007-04-01,0,2,0,0,0,2,2
40101,ORURO,desnutricion aguda,desnutricion moderada (m),2007-04-01,23,17,6,17,29,34,63
60201,PADCAYA,desnutricion aguda,desnutricion moderada (m),2007-04-01,4,5,1,1,5,6,11
10401,PADILLA,desnutricion aguda,desnutricion moderada (m),2007-04-01,12,2,4,15,16,17,33
70502,PAILON,desnutricion aguda,desnutricion moderada (m),2007-04-01,4,4,3,2,7,6,13
40802,PAMPA AULLAGAS,desnutricion aguda,desnutricion moderada (m),2007-04-01,2,0,2,0,4,0,4
70902,PAMPA GRANDE,desnutricion aguda,desnutricion moderada (m),2007-04-01,0,2,0,0,0,2,2
30202,PASORAPA,desnutricion aguda,desnutricion moderada (m),2007-04-01,2,1,1,2,3,3,6
40602,PAZÑA,desnutricion aguda,desnutricion moderada (m),2007-04-01,0,1,0,0,0,1,1
50403,POCOATA,desnutricion aguda,desnutricion moderada (m),2007-04-01,14,25,9,7,23,32,55
31203,POCONA,desnutricion aguda,desnutricion moderada (m),2007-04-01,4,4,5,6,9,10,19
31202,POJO (CBBA),desnutricion aguda,desnutricion moderada (m),2007-04-01,2,2,2,1,4,3,7
40601,POOPO,desnutricion aguda,desnutricion moderada (m),2007-04-01,0,0,3,1,3,1,4
51203,PORCO,desnutricion aguda,desnutricion moderada (m),2007-04-01,4,8,3,8,7,16,23
10103,POROMA,desnutricion aguda,desnutricion moderada (m),2007-04-01,21,27,18,19,39,46,85
70601,PORTACHUELO,desnutricion aguda,desnutricion moderada (m),2007-04-01,3,1,1,2,4,3,7
90102,PORVENIR,desnutricion aguda,desnutricion moderada (m),2007-04-01,0,1,0,0,0,1,1
70804,POSTRER VALLE,desnutricion aguda,desnutricion moderada (m),2007-04-01,1,1,0,1,1,2,3
50101,POTOSI,desnutricion aguda,desnutricion moderada (m),2007-04-01,68,60,29,30,97,90,187
10302,PRESTO,desnutricion aguda,desnutricion moderada (m),2007-04-01,15,14,5,7,20,21,41
90301,PUERTO GONZALO MORENO,desnutricion aguda,desnutricion moderada (m),2007-04-01,7,1,0,0,7,1,8
71402,PUERTO QUIJARRO,desnutricion aguda,desnutricion moderada (m),2007-04-01,0,2,1,0,1,2,3
90201,PUERTO RICO,desnutricion aguda,desnutricion moderada (m),2007-04-01,3,1,0,0,3,1,4
80703,PUERTO SILES,desnutricion aguda,desnutricion moderada (m),2007-04-01,0,1,0,0,0,1,1
71401,PUERTO SUAREZ,desnutricion aguda,desnutricion moderada (m),2007-04-01,3,1,0,0,3,1,4
31205,PUERTO VILLARROEL,desnutricion aguda,desnutricion moderada (m),2007-04-01,30,35,16,10,46,45,91
51101,PUNA,desnutricion aguda,desnutricion moderada (m),2007-04-01,16,9,15,12,31,21,52
31401,PUNATA,desnutricion aguda,desnutricion moderada (m),2007-04-01,4,7,3,1,7,8,15
30901,QUILLACOLLO,desnutricion aguda,desnutricion moderada (m),2007-04-01,13,12,7,8,20,20,40
21002,QUIME,desnutricion aguda,desnutricion moderada (m),2007-04-01,2,1,1,0,3,1,4
70904,QUIRUSILLAS,desnutricion aguda,desnutricion moderada (m),2007-04-01,1,0,0,1,1,1,2
50402,RAVELO,desnutricion aguda,desnutricion moderada (m),2007-04-01,23,20,22,41,45,61,106
80301,REYES,desnutricion aguda,desnutricion moderada (m),2007-04-01,5,2,1,2,6,4,10
80201,RIBERALTA,desnutricion aguda,desnutricion moderada (m),2007-04-01,47,72,18,24,65,96,161
70503,ROBORE,desnutricion aguda,desnutricion moderada (m),2007-04-01,4,2,1,0,5,2,7
80304,RURRENABAQUE,desnutricion aguda,desnutricion moderada (m),2007-04-01,1,1,1,0,2,1,3
40901,SABAYA,desnutricion aguda,desnutricion moderada (m),2007-04-01,0,3,0,1,0,4,4
31001,SACABA,desnutricion aguda,desnutricion moderada (m),2007-04-01,23,26,5,11,28,37,65
30404,SACABAMBA,desnutricion aguda,desnutricion moderada (m),2007-04-01,1,0,2,0,3,0,3
50701,SACACA,desnutricion aguda,desnutricion moderada (m),2007-04-01,25,32,35,32,60,64,124
71302,SAIPINA,desnutricion aguda,desnutricion moderada (m),2007-04-01,1,0,1,0,2,0,2
40801,SALINAS DE GARCI MENDOZA,desnutricion aguda,desnutricion moderada (m),2007-04-01,2,1,1,0,3,1,4
70901,SAMAIPATA,desnutricion aguda,desnutricion moderada (m),2007-04-01,3,2,1,0,4,2,6
51601,SAN AGUSTIN,desnutricion aguda,desnutricion moderada (m),2007-04-01,1,0,0,1,1,1,2
51003,SAN ANTONIO DE ESMORUCO,desnutricion aguda,desnutricion moderada (m),2007-04-01,3,1,0,1,3,2,5
71105,SAN ANTONIO DE LOMERIO,desnutricion aguda,desnutricion moderada (m),2007-04-01,11,14,9,11,20,25,45
31403,SAN BENITO,desnutricion aguda,desnutricion moderada (m),2007-04-01,0,2,0,2,0,4,4
80302,SAN BORJA,desnutricion aguda,desnutricion moderada (m),2007-04-01,11,4,2,4,13,8,21
70402,SAN CARLOS,desnutricion aguda,desnutricion moderada (m),2007-04-01,11,3,1,9,12,12,24
80501,SAN IGNACIO,desnutricion aguda,desnutricion moderada (m),2007-04-01,7,9,2,11,9,20,29
70301,SAN IGNACIO DE VELASCO,desnutricion aguda,desnutricion moderada (m),2007-04-01,17,26,17,20,34,46,80
80102,SAN JAVIER(BNI),desnutricion aguda,desnutricion moderada (m),2007-04-01,1,1,1,0,2,1,3
80701,SAN JOAQUIN,desnutricion aguda,desnutricion moderada (m),2007-04-01,1,0,2,0,3,0,3
70501,SAN JOSE DE CHIQUITOS,desnutricion aguda,desnutricion moderada (m),2007-04-01,4,5,1,1,5,6,11
70404,SAN JUAN DE YAPACANI,desnutricion aguda,desnutricion moderada (m),2007-04-01,2,2,0,0,2,2,4
71104,SAN JULIAN,desnutricion aguda,desnutricion moderada (m),2007-04-01,5,2,3,2,8,4,12
60501,SAN LORENZO(TJA),desnutricion aguda,desnutricion moderada (m),2007-04-01,7,8,6,6,13,14,27
10702,SAN LUCAS,desnutricion aguda,desnutricion moderada (m),2007-04-01,51,49,36,49,87,98,185
71201,SAN MATIAS,desnutricion aguda,desnutricion moderada (m),2007-04-01,2,0,0,0,2,0,2
70302,SAN MIGUEL DE VELASCO,desnutricion aguda,desnutricion moderada (m),2007-04-01,5,0,0,6,5,6,11
51001,SAN PABLO DE LIPEZ,desnutricion aguda,desnutricion moderada (m),2007-04-01,1,3,0,3,1,6,7
71005,SAN PEDRO,desnutricion aguda,desnutricion moderada (m),2007-04-01,7,5,1,5,8,10,18
50501,SAN PEDRO DE BUENA VISTA,desnutricion aguda,desnutricion moderada (m),2007-04-01,3,0,0,0,3,0,3
70303,SAN RAFAEL,desnutricion aguda,desnutricion moderada (m),2007-04-01,3,1,2,0,5,1,6
80702,SAN RAMON,desnutricion aguda,desnutricion moderada (m),2007-04-01,4,0,0,0,4,0,4
80401,SANTA ANA,desnutricion aguda,desnutricion moderada (m),2007-04-01,1,0,0,1,1,1,2
70101,SANTA CRUZ DE LA SIERRA,desnutricion aguda,desnutricion moderada (m),2007-04-01,100,86,40,53,140,139,279
70602,SANTA ROSA DEL SARA,desnutricion aguda,desnutricion moderada (m),2007-04-01,2,8,0,2,2,10,12
41401,SANTIAGO DE HUARI,desnutricion aguda,desnutricion moderada (m),2007-04-01,5,3,3,1,8,4,12
30702,SANTIVAÑES,desnutricion aguda,desnutricion moderada (m),2007-04-01,0,2,4,5,4,7,11
40202,SANTUARIO DE QUILLACAS,desnutricion aguda,desnutricion moderada (m),2007-04-01,1,0,1,0,2,0,2
30703,SICAYA,desnutricion aguda,desnutricion moderada (m),2007-04-01,3,0,1,0,4,0,4
30902,SIPE SIPE,desnutricion aguda,desnutricion moderada (m),2007-04-01,25,16,9,7,34,23,57
10403,SOPACHUY,desnutricion aguda,desnutricion moderada (m),2007-04-01,7,6,6,25,13,31,44
40104,SORACACHI,desnutricion aguda,desnutricion moderada (m),2007-04-01,1,4,1,4,2,8,10
10101,SUCRE,desnutricion aguda,desnutricion moderada (m),2007-04-01,46,40,35,46,81,86,167
50303,TACOBAMBA,desnutricion aguda,desnutricion moderada (m),2007-04-01,20,20,8,14,28,34,62
30602,TACOPAYA,desnutricion aguda,desnutricion moderada (m),2007-04-01,6,2,3,6,9,8,17
31101,TAPACARI,desnutricion aguda,desnutricion moderada (m),2007-04-01,26,27,11,13,37,40,77
10601,TARABUCO,desnutricion aguda,desnutricion moderada (m),2007-04-01,63,53,39,54,102,107,209
60101,TARIJA,desnutricion aguda,desnutricion moderada (m),2007-04-01,32,20,23,26,55,46,101
10202,TARVITA,desnutricion aguda,desnutricion moderada (m),2007-04-01,24,21,15,23,39,44,83
50102,TINGUIPAYA,desnutricion aguda,desnutricion moderada (m),2007-04-01,31,25,14,32,45,57,102
30903,TIQUIPAYA,desnutricion aguda,desnutricion moderada (m),2007-04-01,7,4,4,3,11,7,18
31601,TIRAQUE (CBBA),desnutricion aguda,desnutricion moderada (m),2007-04-01,28,18,7,17,35,35,70
30802,TOCO,desnutricion aguda,desnutricion moderada (m),2007-04-01,1,0,0,1,1,1,2
41001,TOLEDO,desnutricion aguda,desnutricion moderada (m),2007-04-01,0,1,0,0,0,1,1
51202,TOMAVE,desnutricion aguda,desnutricion moderada (m),2007-04-01,7,4,5,2,12,6,18
10402,TOMINA,desnutricion aguda,desnutricion moderada (m),2007-04-01,29,15,25,20,54,35,89
50502,TORO TORO,desnutricion aguda,desnutricion moderada (m),2007-04-01,9,15,9,12,18,27,45
31201,TOTORA(CBBA),desnutricion aguda,desnutricion moderada (m),2007-04-01,3,5,1,7,4,12,16
41301,TOTORA(ORR),desnutricion aguda,desnutricion moderada (m),2007-04-01,0,0,1,0,1,0,1
80101,TRINIDAD,desnutricion aguda,desnutricion moderada (m),2007-04-01,27,17,19,12,46,29,75
50801,TUPIZA,desnutricion aguda,desnutricion moderada (m),2007-04-01,7,5,9,14,16,19,35
40402,TURCO,desnutricion aguda,desnutricion moderada (m),2007-04-01,2,0,0,0,2,0,2
50201,UNCIA,desnutricion aguda,desnutricion moderada (m),2007-04-01,3,2,1,0,4,2,6
60401,URIONDO (A. CONCEPCION),desnutricion aguda,desnutricion moderada (m),2007-04-01,3,4,1,5,4,9,13
71502,URUBICHA,desnutricion aguda,desnutricion moderada (m),2007-04-01,4,8,1,6,5,14,19
51201,UYUNI,desnutricion aguda,desnutricion moderada (m),2007-04-01,0,1,0,1,0,2,2
30502,VACAS,desnutricion aguda,desnutricion moderada (m),2007-04-01,6,6,3,4,9,10,19
70801,VALLEGRANDE,desnutricion aguda,desnutricion moderada (m),2007-04-01,0,1,0,2,0,3,3
31302,VILA VILA,desnutricion aguda,desnutricion moderada (m),2007-04-01,7,4,1,4,8,8,16
60303,VILLA MONTES,desnutricion aguda,desnutricion moderada (m),2007-04-01,2,1,4,1,6,2,8
90502,VILLA NUEVA (LOMA ALTA),desnutricion aguda,desnutricion moderada (m),2007-04-01,1,4,1,1,2,5,7
31402,VILLA RIVERO,desnutricion aguda,desnutricion moderada (m),2007-04-01,0,4,3,3,3,7,10
10801,VILLA SERRANO,desnutricion aguda,desnutricion moderada (m),2007-04-01,12,9,11,8,23,17,40
31003,VILLA TUNARI,desnutricion aguda,desnutricion moderada (m),2007-04-01,17,15,23,13,40,28,68
11001,VILLA VACA GUZMAN (MUYUPAMPA),desnutricion aguda,desnutricion moderada (m),2007-04-01,0,1,1,1,1,2,3
51501,VILLAZON,desnutricion aguda,desnutricion moderada (m),2007-04-01,21,13,5,14,26,27,53
30904,VINTO,desnutricion aguda,desnutricion moderada (m),2007-04-01,2,4,0,6,2,10,12
50602,VITICHI,desnutricion aguda,desnutricion moderada (m),2007-04-01,11,12,10,13,21,25,46
70201,WARNES,desnutricion aguda,desnutricion moderada (m),2007-04-01,8,7,2,3,10,10,20
60301,YACUIBA,desnutricion aguda,desnutricion moderada (m),2007-04-01,4,7,6,13,10,20,30
10602,YAMPARAEZ,desnutricion aguda,desnutricion moderada (m),2007-04-01,20,19,20,27,40,46,86
70403,YAPACANI,desnutricion aguda,desnutricion moderada (m),2007-04-01,13,11,8,11,21,22,43
50103,YOCALLA,desnutricion aguda,desnutricion moderada (m),2007-04-01,1,0,0,0,1,0,1
10102,YOTALA,desnutricion aguda,desnutricion moderada (m),2007-04-01,6,7,3,6,9,13,22
60402,YUNCHARA,desnutricion aguda,desnutricion moderada (m),2007-04-01,7,1,11,10,18,11,29
10301,ZUDAÑEZ,desnutricion aguda,desnutricion moderada (m),2007-04-01,18,9,15,14,33,23,56
51302,ACACIO,desnutricion aguda,desnutricion moderada (m),2007-05-01,5,2,4,5,9,7,16
30201,AIQUILE,desnutricion aguda,desnutricion moderada (m),2007-05-01,9,14,10,8,19,22,41
31303,ALALAY,desnutricion aguda,desnutricion moderada (m),2007-05-01,6,2,0,0,6,2,8
10404,ALCALA,desnutricion aguda,desnutricion moderada (m),2007-05-01,3,2,4,6,7,8,15
41201,ANDAMARCA,desnutricion aguda,desnutricion moderada (m),2007-05-01,3,0,0,0,3,0,3
40603,ANTEQUERA,desnutricion aguda,desnutricion moderada (m),2007-05-01,3,3,0,0,3,3,6
30402,ANZALDO,desnutricion aguda,desnutricion moderada (m),2007-05-01,9,8,4,5,13,13,26
51301,ARAMPAMPA,desnutricion aguda,desnutricion moderada (m),2007-05-01,11,7,4,8,15,15,30
30501,ARANI,desnutricion aguda,desnutricion moderada (m),2007-05-01,3,6,3,3,6,9,15
30403,ARBIETO,desnutricion aguda,desnutricion moderada (m),2007-05-01,2,1,2,0,4,1,5
30601,ARQUE,desnutricion aguda,desnutricion moderada (m),2007-05-01,3,8,5,9,8,17,25
50802,ATOCHA,desnutricion aguda,desnutricion moderada (m),2007-05-01,2,3,1,1,3,4,7
30301,AYOPAYA (V. DE INDEPENDENCIA),desnutricion aguda,desnutricion moderada (m),2007-05-01,14,11,9,7,23,18,41
10201,AZURDUY,desnutricion aguda,desnutricion moderada (m),2007-05-01,10,22,10,23,20,45,65
80802,BAURES,desnutricion aguda,desnutricion moderada (m),2007-05-01,0,1,2,2,2,3,5
50104,BELEN DE URMIRI,desnutricion aguda,desnutricion moderada (m),2007-05-01,0,1,0,0,0,1,1
90104,BELLA FLOR,desnutricion aguda,desnutricion moderada (m),2007-05-01,1,2,5,4,6,6,12
60202,BERMEJO,desnutricion aguda,desnutricion moderada (m),2007-05-01,2,1,6,3,8,4,12
50301,BETANZOS,desnutricion aguda,desnutricion moderada (m),2007-05-01,26,21,17,17,43,38,81
31501,BOLIVAR,desnutricion aguda,desnutricion moderada (m),2007-05-01,21,23,8,24,29,47,76
70401,BUENA VISTA,desnutricion aguda,desnutricion moderada (m),2007-05-01,1,0,1,0,2,0,2
70703,CABEZAS,desnutricion aguda,desnutricion moderada (m),2007-05-01,3,8,8,4,11,12,23
51102,"CAIZA ""D""",desnutricion aguda,desnutricion moderada (m),2007-05-01,5,4,1,5,6,9,15
21003,CAJUATA,desnutricion aguda,desnutricion moderada (m),2007-05-01,0,3,0,0,0,3,3
10701,CAMARGO,desnutricion aguda,desnutricion moderada (m),2007-05-01,6,15,8,9,14,24,38
10901,CAMATAQUI (C. VILLA ABECIA),desnutricion aguda,desnutricion moderada (m),2007-05-01,0,0,1,2,1,2,3
70706,CAMIRI,desnutricion aguda,desnutricion moderada (m),2007-05-01,2,4,1,3,3,7,10
30701,CAPINOTA,desnutricion aguda,desnutricion moderada (m),2007-05-01,7,13,4,9,11,22,33
40102,CARACOLLO,desnutricion aguda,desnutricion moderada (m),2007-05-01,0,1,0,0,0,1,1
60302,CARAPARI,desnutricion aguda,desnutricion moderada (m),2007-05-01,1,1,0,3,1,4,5
50702,CARIPUYO,desnutricion aguda,desnutricion moderada (m),2007-05-01,11,6,11,13,22,19,41
71403,CARMEN RIVERO TORREZ,desnutricion aguda,desnutricion moderada (m),2007-05-01,0,0,0,1,0,1,1
40201,CHALLAPATA,desnutricion aguda,desnutricion moderada (m),2007-05-01,9,6,2,5,11,11,22
50302,CHAQUI,desnutricion aguda,desnutricion moderada (m),2007-05-01,3,1,0,2,3,3,6
70702,CHARAGUA,desnutricion aguda,desnutricion moderada (m),2007-05-01,5,6,4,4,9,10,19
50202,CHAYANTA,desnutricion aguda,desnutricion moderada (m),2007-05-01,11,11,13,10,24,21,45
31204,CHIMORE,desnutricion aguda,desnutricion moderada (m),2007-05-01,12,7,8,8,20,15,35
40903,CHIPAYA,desnutricion aguda,desnutricion moderada (m),2007-05-01,0,0,1,2,1,2,3
90101,COBIJA,desnutricion aguda,desnutricion moderada (m),2007-05-01,9,3,2,2,11,5,16
30101,COCHABAMBA,desnutricion aguda,desnutricion moderada (m),2007-05-01,67,65,44,58,111,123,234
30905,COLCAPIRHUA,desnutricion aguda,desnutricion moderada (m),2007-05-01,4,6,2,6,6,12,18
50901,"COLCHA ""K""",desnutricion aguda,desnutricion moderada (m),2007-05-01,2,2,1,2,3,4,7
31002,COLOMI,desnutricion aguda,desnutricion moderada (m),2007-05-01,12,9,2,3,14,12,26
70603,COLPA BELGICA,desnutricion aguda,desnutricion moderada (m),2007-05-01,0,1,0,0,0,1,1
50401,COLQUECHACA,desnutricion aguda,desnutricion moderada (m),2007-05-01,16,20,14,18,30,38,68
21004,COLQUIRI,desnutricion aguda,desnutricion moderada (m),2007-05-01,2,2,1,1,3,3,6
71301,COMARAPA,desnutricion aguda,desnutricion moderada (m),2007-05-01,3,4,4,3,7,7,14
71101,CONCEPCION,desnutricion aguda,desnutricion moderada (m),2007-05-01,2,3,0,3,2,6,8
40301,CORQUE,desnutricion aguda,desnutricion moderada (m),2007-05-01,2,2,1,2,3,4,7
50601,COTAGAITA,desnutricion aguda,desnutricion moderada (m),2007-05-01,11,11,13,14,24,25,49
70102,COTOCA,desnutricion aguda,desnutricion moderada (m),2007-05-01,9,21,4,5,13,26,39
71106,CUATRO CAÑADAS,desnutricion aguda,desnutricion moderada (m),2007-05-01,2,1,0,1,2,2,4
70704,CUEVO,desnutricion aguda,desnutricion moderada (m),2007-05-01,1,0,2,1,3,1,4
10902,CULPINA,desnutricion aguda,desnutricion moderada (m),2007-05-01,22,27,11,18,33,45,78
40401,CURAHUARA DE CARANGAS,desnutricion aguda,desnutricion moderada (m),2007-05-01,1,2,0,2,1,4,5
40103,EL CHORO,desnutricion aguda,desnutricion moderada (m),2007-05-01,0,0,1,0,1,0,1
71503,EL PUENTE(STC),desnutricion aguda,desnutricion moderada (m),2007-05-01,2,7,0,2,2,9,11
60502,EL PUENTE(TJA),desnutricion aguda,desnutricion moderada (m),2007-05-01,1,0,0,0,1,0,1
70105,EL TORNO,desnutricion aguda,desnutricion moderada (m),2007-05-01,4,7,1,4,5,11,16
10405,EL VILLAR,desnutricion aguda,desnutricion moderada (m),2007-05-01,1,7,2,7,3,14,17
60601,ENTRE RIOS,desnutricion aguda,desnutricion moderada (m),2007-05-01,7,7,8,2,15,9,24
60601,ENTRE RIOS,desnutricion aguda,desnutricion moderada (m),2007-05-01,0,2,4,3,4,5,9
41101,EUCALIPTUS,desnutricion aguda,desnutricion moderada (m),2007-05-01,3,1,2,0,5,1,6
80402,EXALTACION,desnutricion aguda,desnutricion moderada (m),2007-05-01,0,1,0,2,0,3,3
71004,FERNANDEZ ALONSO,desnutricion aguda,desnutricion moderada (m),2007-05-01,3,1,2,0,5,1,6
71002,GENERAL SAAVEDRA,desnutricion aguda,desnutricion moderada (m),2007-05-01,2,0,3,4,5,4,9
80202,GUAYARAMERIN,desnutricion aguda,desnutricion moderada (m),2007-05-01,8,1,5,8,13,9,22
70705,GUTIERREZ,desnutricion aguda,desnutricion moderada (m),2007-05-01,10,17,13,11,23,28,51
10502,HUACARETA,desnutricion aguda,desnutricion moderada (m),2007-05-01,3,4,4,1,7,5,12
11002,HUACAYA (VILLA DE HUACAYA),desnutricion aguda,desnutricion moderada (m),2007-05-01,0,0,2,0,2,0,2
40701,HUANUNI,desnutricion aguda,desnutricion moderada (m),2007-05-01,1,1,0,0,1,1,2
80803,HUARACAJE,desnutricion aguda,desnutricion moderada (m),2007-05-01,2,1,0,1,2,2,4
41601,HUAYLLAMARCA,desnutricion aguda,desnutricion moderada (m),2007-05-01,4,2,0,3,4,5,9
21005,ICHOCA,desnutricion aguda,desnutricion moderada (m),2007-05-01,0,1,0,0,0,1,1
10304,ICLA,desnutricion aguda,desnutricion moderada (m),2007-05-01,19,22,18,23,37,45,82
10703,INCAHUASI,desnutricion aguda,desnutricion moderada (m),2007-05-01,29,30,16,21,45,51,96
90402,INGAVI (HUMAITA),desnutricion aguda,desnutricion moderada (m),2007-05-01,0,0,0,1,0,1,1
21001,INQUISIVI,desnutricion aguda,desnutricion moderada (m),2007-05-01,5,2,2,1,7,3,10
70104,LA GUARDIA,desnutricion aguda,desnutricion moderada (m),2007-05-01,10,10,5,3,15,13,28
70701,LAGUNILLAS,desnutricion aguda,desnutricion moderada (m),2007-05-01,3,4,0,2,3,6,9
10903,LAS CARRERAS,desnutricion aguda,desnutricion moderada (m),2007-05-01,0,0,1,1,1,1,2
50203,LLALLAGUA,desnutricion aguda,desnutricion moderada (m),2007-05-01,11,13,10,16,21,29,50
51401,LLICA,desnutricion aguda,desnutricion moderada (m),2007-05-01,1,0,1,0,2,0,2
40702,MACHACAMARCA,desnutricion aguda,desnutricion moderada (m),2007-05-01,0,1,0,0,0,1,1
11003,MACHARETI,desnutricion aguda,desnutricion moderada (m),2007-05-01,2,1,4,2,6,3,9
80801,MAGDALENA,desnutricion aguda,desnutricion moderada (m),2007-05-01,3,0,1,1,4,1,5
70903,MAIRANA,desnutricion aguda,desnutricion moderada (m),2007-05-01,1,0,1,0,2,0,2
71003,MINEROS,desnutricion aguda,desnutricion moderada (m),2007-05-01,4,7,0,3,4,10,14
31301,MIZQUE,desnutricion aguda,desnutricion moderada (m),2007-05-01,8,14,5,6,13,20,33
51002,MOJINETE,desnutricion aguda,desnutricion moderada (m),2007-05-01,0,0,0,1,0,1,1
10303,MOJOCOYA,desnutricion aguda,desnutricion moderada (m),2007-05-01,5,7,9,4,14,11,25
10501,MONTEAGUDO,desnutricion aguda,desnutricion moderada (m),2007-05-01,8,10,6,4,14,14,28
71001,MONTERO,desnutricion aguda,desnutricion moderada (m),2007-05-01,37,34,21,11,58,45,103
70803,MORO MORO,desnutricion aguda,desnutricion moderada (m),2007-05-01,0,0,1,0,1,0,1
30302,MOROCHATA,desnutricion aguda,desnutricion moderada (m),2007-05-01,9,10,4,2,13,12,25
90401,NACEBE (SANTA ROSA DEL ABUNA),desnutricion aguda,desnutricion moderada (m),2007-05-01,1,0,0,0,1,0,1
90501,NUEVO MANOA (NUEVA ESPERANZA),desnutricion aguda,desnutricion moderada (m),2007-05-01,0,0,1,0,1,0,1
50404,OCURI,desnutricion aguda,desnutricion moderada (m),2007-05-01,13,11,5,11,18,22,40
70202,OKINAWA,desnutricion aguda,desnutricion moderada (m),2007-05-01,4,2,0,2,4,4,8
30203,OMEREQUE,desnutricion aguda,desnutricion moderada (m),2007-05-01,1,1,1,0,2,1,3
40101,ORURO,desnutricion aguda,desnutricion moderada (m),2007-05-01,46,27,14,20,60,47,107
60201,PADCAYA,desnutricion aguda,desnutricion moderada (m),2007-05-01,5,2,1,0,6,2,8
10401,PADILLA,desnutricion aguda,desnutricion moderada (m),2007-05-01,6,6,6,14,12,20,32
70502,PAILON,desnutricion aguda,desnutricion moderada (m),2007-05-01,1,4,1,3,2,7,9
40802,PAMPA AULLAGAS,desnutricion aguda,desnutricion moderada (m),2007-05-01,2,0,0,1,2,1,3
70902,PAMPA GRANDE,desnutricion aguda,desnutricion moderada (m),2007-05-01,2,0,2,0,4,0,4
30202,PASORAPA,desnutricion aguda,desnutricion moderada (m),2007-05-01,3,0,2,3,5,3,8
50403,POCOATA,desnutricion aguda,desnutricion moderada (m),2007-05-01,13,23,10,22,23,45,68
31203,POCONA,desnutricion aguda,desnutricion moderada (m),2007-05-01,5,10,3,4,8,14,22
31202,POJO (CBBA),desnutricion aguda,desnutricion moderada (m),2007-05-01,6,4,4,5,10,9,19
40601,POOPO,desnutricion aguda,desnutricion moderada (m),2007-05-01,1,1,0,0,1,1,2
51203,PORCO,desnutricion aguda,desnutricion moderada (m),2007-05-01,6,15,3,4,9,19,28
10103,POROMA,desnutricion aguda,desnutricion moderada (m),2007-05-01,25,39,23,32,48,71,119
70103,PORONGO,desnutricion aguda,desnutricion moderada (m),2007-05-01,1,0,0,1,1,1,2
70601,PORTACHUELO,desnutricion aguda,desnutricion moderada (m),2007-05-01,4,2,1,0,5,2,7
70804,POSTRER VALLE,desnutricion aguda,desnutricion moderada (m),2007-05-01,0,0,1,0,1,0,1
50101,POTOSI,desnutricion aguda,desnutricion moderada (m),2007-05-01,106,82,41,41,147,123,270
10302,PRESTO,desnutricion aguda,desnutricion moderada (m),2007-05-01,19,10,11,11,30,21,51
90301,PUERTO GONZALO MORENO,desnutricion aguda,desnutricion moderada (m),2007-05-01,3,0,0,0,3,0,3
71402,PUERTO QUIJARRO,desnutricion aguda,desnutricion moderada (m),2007-05-01,2,1,0,0,2,1,3
90201,PUERTO RICO,desnutricion aguda,desnutricion moderada (m),2007-05-01,1,1,0,1,1,2,3
80703,PUERTO SILES,desnutricion aguda,desnutricion moderada (m),2007-05-01,2,1,0,0,2,1,3
71401,PUERTO SUAREZ,desnutricion aguda,desnutricion moderada (m),2007-05-01,1,0,0,1,1,1,2
31205,PUERTO VILLARROEL,desnutricion aguda,desnutricion moderada (m),2007-05-01,37,24,18,13,55,37,92
51101,PUNA,desnutricion aguda,desnutricion moderada (m),2007-05-01,30,28,23,30,53,58,111
31401,PUNATA,desnutricion aguda,desnutricion moderada (m),2007-05-01,1,3,3,6,4,9,13
30901,QUILLACOLLO,desnutricion aguda,desnutricion moderada (m),2007-05-01,13,8,5,16,18,24,42
21002,QUIME,desnutricion aguda,desnutricion moderada (m),2007-05-01,1,3,0,0,1,3,4
70904,QUIRUSILLAS,desnutricion aguda,desnutricion moderada (m),2007-05-01,0,0,0,1,0,1,1
50402,RAVELO,desnutricion aguda,desnutricion moderada (m),2007-05-01,30,27,27,41,57,68,125
80301,REYES,desnutricion aguda,desnutricion moderada (m),2007-05-01,2,0,4,3,6,3,9
80201,RIBERALTA,desnutricion aguda,desnutricion moderada (m),2007-05-01,34,64,21,30,55,94,149
70503,ROBORE,desnutricion aguda,desnutricion moderada (m),2007-05-01,4,5,1,2,5,7,12
80304,RURRENABAQUE,desnutricion aguda,desnutricion moderada (m),2007-05-01,0,1,0,2,0,3,3
40901,SABAYA,desnutricion aguda,desnutricion moderada (m),2007-05-01,0,1,0,0,0,1,1
31001,SACABA,desnutricion aguda,desnutricion moderada (m),2007-05-01,17,19,20,33,37,52,89
30404,SACABAMBA,desnutricion aguda,desnutricion moderada (m),2007-05-01,4,1,0,0,4,1,5
50701,SACACA,desnutricion aguda,desnutricion moderada (m),2007-05-01,16,22,14,23,30,45,75
71302,SAIPINA,desnutricion aguda,desnutricion moderada (m),2007-05-01,3,0,0,1,3,1,4
40801,SALINAS DE GARCI MENDOZA,desnutricion aguda,desnutricion moderada (m),2007-05-01,3,2,0,1,3,3,6
70901,SAMAIPATA,desnutricion aguda,desnutricion moderada (m),2007-05-01,2,1,2,1,4,2,6
51601,SAN AGUSTIN,desnutricion aguda,desnutricion moderada (m),2007-05-01,1,0,0,1,1,1,2
80602,SAN ANDRES,desnutricion aguda,desnutricion moderada (m),2007-05-01,2,1,0,0,2,1,3
51003,SAN ANTONIO DE ESMORUCO,desnutricion aguda,desnutricion moderada (m),2007-05-01,0,0,1,0,1,0,1
71105,SAN ANTONIO DE LOMERIO,desnutricion aguda,desnutricion moderada (m),2007-05-01,10,15,3,6,13,21,34
31403,SAN BENITO,desnutricion aguda,desnutricion moderada (m),2007-05-01,4,2,1,5,5,7,12
80302,SAN BORJA,desnutricion aguda,desnutricion moderada (m),2007-05-01,17,19,18,36,35,55,90
70402,SAN CARLOS,desnutricion aguda,desnutricion moderada (m),2007-05-01,10,5,1,2,11,7,18
80501,SAN IGNACIO,desnutricion aguda,desnutricion moderada (m),2007-05-01,22,18,10,15,32,33,65
70301,SAN IGNACIO DE VELASCO,desnutricion aguda,desnutricion moderada (m),2007-05-01,25,31,20,37,45,68,113
80102,SAN JAVIER(BNI),desnutricion aguda,desnutricion moderada (m),2007-05-01,2,0,0,2,2,2,4
70501,SAN JOSE DE CHIQUITOS,desnutricion aguda,desnutricion moderada (m),2007-05-01,5,6,1,1,6,7,13
70404,SAN JUAN DE YAPACANI,desnutricion aguda,desnutricion moderada (m),2007-05-01,0,0,3,2,3,2,5
71104,SAN JULIAN,desnutricion aguda,desnutricion moderada (m),2007-05-01,8,4,1,4,9,8,17
90302,SAN LORENZO(PND),desnutricion aguda,desnutricion moderada (m),2007-05-01,0,3,0,0,0,3,3
60501,SAN LORENZO(TJA),desnutricion aguda,desnutricion moderada (m),2007-05-01,8,9,6,15,14,24,38
10702,SAN LUCAS,desnutricion aguda,desnutricion moderada (m),2007-05-01,47,38,30,35,77,73,150
71201,SAN MATIAS,desnutricion aguda,desnutricion moderada (m),2007-05-01,0,0,1,0,1,0,1
70302,SAN MIGUEL DE VELASCO,desnutricion aguda,desnutricion moderada (m),2007-05-01,0,1,1,0,1,1,2
51001,SAN PABLO DE LIPEZ,desnutricion aguda,desnutricion moderada (m),2007-05-01,0,0,1,0,1,0,1
71005,SAN PEDRO,desnutricion aguda,desnutricion moderada (m),2007-05-01,1,6,0,1,1,7,8
50501,SAN PEDRO DE BUENA VISTA,desnutricion aguda,desnutricion moderada (m),2007-05-01,13,16,13,14,26,30,56
90202,SAN PEDRO(PND),desnutricion aguda,desnutricion moderada (m),2007-05-01,1,0,0,0,1,0,1
70303,SAN RAFAEL,desnutricion aguda,desnutricion moderada (m),2007-05-01,7,3,0,0,7,3,10
80702,SAN RAMON,desnutricion aguda,desnutricion moderada (m),2007-05-01,3,2,0,0,3,2,5
80401,SANTA ANA,desnutricion aguda,desnutricion moderada (m),2007-05-01,11,9,1,5,12,14,26
70101,SANTA CRUZ DE LA SIERRA,desnutricion aguda,desnutricion moderada (m),2007-05-01,54,67,35,21,89,88,177
80303,SANTA ROSA,desnutricion aguda,desnutricion moderada (m),2007-05-01,1,0,0,1,1,1,2
70602,SANTA ROSA DEL SARA,desnutricion aguda,desnutricion moderada (m),2007-05-01,3,3,3,2,6,5,11
41401,SANTIAGO DE HUARI,desnutricion aguda,desnutricion moderada (m),2007-05-01,2,3,2,0,4,3,7
30702,SANTIVAÑES,desnutricion aguda,desnutricion moderada (m),2007-05-01,1,1,1,4,2,5,7
40202,SANTUARIO DE QUILLACAS,desnutricion aguda,desnutricion moderada (m),2007-05-01,1,3,2,0,3,3,6
30703,SICAYA,desnutricion aguda,desnutricion moderada (m),2007-05-01,2,0,0,0,2,0,2
30902,SIPE SIPE,desnutricion aguda,desnutricion moderada (m),2007-05-01,22,24,7,10,29,34,63
10403,SOPACHUY,desnutricion aguda,desnutricion moderada (m),2007-05-01,6,23,11,24,17,47,64
40104,SORACACHI,desnutricion aguda,desnutricion moderada (m),2007-05-01,1,1,0,0,1,1,2
10101,SUCRE,desnutricion aguda,desnutricion moderada (m),2007-05-01,46,46,46,51,92,97,189
50303,TACOBAMBA,desnutricion aguda,desnutricion moderada (m),2007-05-01,11,10,3,6,14,16,30
30602,TACOPAYA,desnutricion aguda,desnutricion moderada (m),2007-05-01,1,11,2,5,3,16,19
31101,TAPACARI,desnutricion aguda,desnutricion moderada (m),2007-05-01,28,23,16,22,44,45,89
10601,TARABUCO,desnutricion aguda,desnutricion moderada (m),2007-05-01,60,37,30,37,90,74,164
30401,TARATA,desnutricion aguda,desnutricion moderada (m),2007-05-01,14,5,1,1,15,6,21
60101,TARIJA,desnutricion aguda,desnutricion moderada (m),2007-05-01,40,30,15,13,55,43,98
10202,TARVITA,desnutricion aguda,desnutricion moderada (m),2007-05-01,22,24,20,30,42,54,96
50102,TINGUIPAYA,desnutricion aguda,desnutricion moderada (m),2007-05-01,23,17,19,25,42,42,84
30903,TIQUIPAYA,desnutricion aguda,desnutricion moderada (m),2007-05-01,11,5,6,7,17,12,29
31601,TIRAQUE (CBBA),desnutricion aguda,desnutricion moderada (m),2007-05-01,31,21,21,16,52,37,89
30802,TOCO,desnutricion aguda,desnutricion moderada (m),2007-05-01,2,3,0,1,2,4,6
30803,TOLATA,desnutricion aguda,desnutricion moderada (m),2007-05-01,2,2,0,0,2,2,4
41001,TOLEDO,desnutricion aguda,desnutricion moderada (m),2007-05-01,0,0,1,0,1,0,1
51202,TOMAVE,desnutricion aguda,desnutricion moderada (m),2007-05-01,6,9,7,5,13,14,27
10402,TOMINA,desnutricion aguda,desnutricion moderada (m),2007-05-01,28,6,6,17,34,23,57
50502,TORO TORO,desnutricion aguda,desnutricion moderada (m),2007-05-01,11,10,8,10,19,20,39
31201,TOTORA(CBBA),desnutricion aguda,desnutricion moderada (m),2007-05-01,9,7,3,4,12,11,23
41301,TOTORA(ORR),desnutricion aguda,desnutricion moderada (m),2007-05-01,0,0,6,0,6,0,6
70802,TRIGAL,desnutricion aguda,desnutricion moderada (m),2007-05-01,2,0,0,0,2,0,2
80101,TRINIDAD,desnutricion aguda,desnutricion moderada (m),2007-05-01,16,13,9,12,25,25,50
50801,TUPIZA,desnutricion aguda,desnutricion moderada (m),2007-05-01,11,6,13,9,24,15,39
40402,TURCO,desnutricion aguda,desnutricion moderada (m),2007-05-01,0,1,0,0,0,1,1
50201,UNCIA,desnutricion aguda,desnutricion moderada (m),2007-05-01,2,1,2,3,4,4,8
60401,URIONDO (A. CONCEPCION),desnutricion aguda,desnutricion moderada (m),2007-05-01,1,2,3,4,4,6,10
71502,URUBICHA,desnutricion aguda,desnutricion moderada (m),2007-05-01,9,15,3,14,12,29,41
51201,UYUNI,desnutricion aguda,desnutricion moderada (m),2007-05-01,2,3,4,7,6,10,16
30502,VACAS,desnutricion aguda,desnutricion moderada (m),2007-05-01,5,3,2,2,7,5,12
70801,VALLEGRANDE,desnutricion aguda,desnutricion moderada (m),2007-05-01,1,2,1,2,2,4,6
31302,VILA VILA,desnutricion aguda,desnutricion moderada (m),2007-05-01,7,2,1,1,8,3,11
60303,VILLA MONTES,desnutricion aguda,desnutricion moderada (m),2007-05-01,5,10,1,4,6,14,20
90502,VILLA NUEVA (LOMA ALTA),desnutricion aguda,desnutricion moderada (m),2007-05-01,2,4,6,9,8,13,21
31402,VILLA RIVERO,desnutricion aguda,desnutricion moderada (m),2007-05-01,0,0,2,2,2,2,4
10801,VILLA SERRANO,desnutricion aguda,desnutricion moderada (m),2007-05-01,7,10,13,11,20,21,41
31003,VILLA TUNARI,desnutricion aguda,desnutricion moderada (m),2007-05-01,17,16,9,9,26,25,51
11001,VILLA VACA GUZMAN (MUYUPAMPA),desnutricion aguda,desnutricion moderada (m),2007-05-01,1,1,1,2,2,3,5
51501,VILLAZON,desnutricion aguda,desnutricion moderada (m),2007-05-01,10,10,17,8,27,18,45
30904,VINTO,desnutricion aguda,desnutricion moderada (m),2007-05-01,2,2,0,0,2,2,4
50602,VITICHI,desnutricion aguda,desnutricion moderada (m),2007-05-01,8,10,14,11,22,21,43
70201,WARNES,desnutricion aguda,desnutricion moderada (m),2007-05-01,2,9,1,2,3,11,14
60301,YACUIBA,desnutricion aguda,desnutricion moderada (m),2007-05-01,4,6,2,8,6,14,20
10602,YAMPARAEZ,desnutricion aguda,desnutricion moderada (m),2007-05-01,20,10,21,24,41,34,75
70403,YAPACANI,desnutricion aguda,desnutricion moderada (m),2007-05-01,14,13,4,1,18,14,32
50103,YOCALLA,desnutricion aguda,desnutricion moderada (m),2007-05-01,1,0,0,0,1,0,1
10102,YOTALA,desnutricion aguda,desnutricion moderada (m),2007-05-01,6,4,9,9,15,13,28
60402,YUNCHARA,desnutricion aguda,desnutricion moderada (m),2007-05-01,9,0,6,8,15,8,23
10301,ZUDAÑEZ,desnutricion aguda,desnutricion moderada (m),2007-05-01,15,11,23,13,38,24,62
51302,ACACIO,desnutricion aguda,desnutricion moderada (m),2007-06-01,12,14,8,17,20,31,51
30201,AIQUILE,desnutricion aguda,desnutricion moderada (m),2007-06-01,5,15,8,9,13,24,37
31303,ALALAY,desnutricion aguda,desnutricion moderada (m),2007-06-01,3,7,1,3,4,10,14
10404,ALCALA,desnutricion aguda,desnutricion moderada (m),2007-06-01,1,5,3,6,4,11,15
41201,ANDAMARCA,desnutricion aguda,desnutricion moderada (m),2007-06-01,0,1,0,0,0,1,1
40603,ANTEQUERA,desnutricion aguda,desnutricion moderada (m),2007-06-01,2,0,1,2,3,2,5
30402,ANZALDO,desnutricion aguda,desnutricion moderada (m),2007-06-01,11,4,1,15,12,19,31
51301,ARAMPAMPA,desnutricion aguda,desnutricion moderada (m),2007-06-01,15,10,5,5,20,15,35
30501,ARANI,desnutricion aguda,desnutricion moderada (m),2007-06-01,7,6,0,1,7,7,14
30403,ARBIETO,desnutricion aguda,desnutricion moderada (m),2007-06-01,0,1,1,2,1,3,4
30601,ARQUE,desnutricion aguda,desnutricion moderada (m),2007-06-01,13,12,23,20,36,32,68
71501,ASCENCION DE GUARAYOS,desnutricion aguda,desnutricion moderada (m),2007-06-01,22,24,13,12,35,36,71
50802,ATOCHA,desnutricion aguda,desnutricion moderada (m),2007-06-01,5,2,5,2,10,4,14
30301,AYOPAYA (V. DE INDEPENDENCIA),desnutricion aguda,desnutricion moderada (m),2007-06-01,7,23,14,6,21,29,50
10201,AZURDUY,desnutricion aguda,desnutricion moderada (m),2007-06-01,10,14,17,26,27,40,67
80802,BAURES,desnutricion aguda,desnutricion moderada (m),2007-06-01,0,2,0,1,0,3,3
41202,BELEN DE ANDAMARCA,desnutricion aguda,desnutricion moderada (m),2007-06-01,0,1,0,0,0,1,1
50104,BELEN DE URMIRI,desnutricion aguda,desnutricion moderada (m),2007-06-01,1,3,0,0,1,3,4
90104,BELLA FLOR,desnutricion aguda,desnutricion moderada (m),2007-06-01,3,2,4,1,7,3,10
60202,BERMEJO,desnutricion aguda,desnutricion moderada (m),2007-06-01,7,6,2,2,9,8,17
50301,BETANZOS,desnutricion aguda,desnutricion moderada (m),2007-06-01,20,40,21,18,41,58,99
31501,BOLIVAR,desnutricion aguda,desnutricion moderada (m),2007-06-01,11,6,1,5,12,11,23
70707,BOYUIBE,desnutricion aguda,desnutricion moderada (m),2007-06-01,0,0,0,2,0,2,2
70401,BUENA VISTA,desnutricion aguda,desnutricion moderada (m),2007-06-01,0,2,0,0,0,2,2
70703,CABEZAS,desnutricion aguda,desnutricion moderada (m),2007-06-01,3,8,1,1,4,9,13
51102,"CAIZA ""D""",desnutricion aguda,desnutricion moderada (m),2007-06-01,9,5,0,1,9,6,15
21003,CAJUATA,desnutricion aguda,desnutricion moderada (m),2007-06-01,7,3,0,0,7,3,10
10701,CAMARGO,desnutricion aguda,desnutricion moderada (m),2007-06-01,7,9,9,13,16,22,38
10901,CAMATAQUI (C. VILLA ABECIA),desnutricion aguda,desnutricion moderada (m),2007-06-01,2,0,2,2,4,2,6
70706,CAMIRI,desnutricion aguda,desnutricion moderada (m),2007-06-01,5,11,8,6,13,17,30
30701,CAPINOTA,desnutricion aguda,desnutricion moderada (m),2007-06-01,13,12,11,8,24,20,44
40102,CARACOLLO,desnutricion aguda,desnutricion moderada (m),2007-06-01,1,0,1,0,2,0,2
60302,CARAPARI,desnutricion aguda,desnutricion moderada (m),2007-06-01,0,3,3,2,3,5,8
50702,CARIPUYO,desnutricion aguda,desnutricion moderada (m),2007-06-01,9,7,11,16,20,23,43
71403,CARMEN RIVERO TORREZ,desnutricion aguda,desnutricion moderada (m),2007-06-01,9,2,4,3,13,5,18
40201,CHALLAPATA,desnutricion aguda,desnutricion moderada (m),2007-06-01,16,12,7,8,23,20,43
50302,CHAQUI,desnutricion aguda,desnutricion moderada (m),2007-06-01,1,3,0,4,1,7,8
70702,CHARAGUA,desnutricion aguda,desnutricion moderada (m),2007-06-01,4,4,1,7,5,11,16
50202,CHAYANTA,desnutricion aguda,desnutricion moderada (m),2007-06-01,26,23,19,32,45,55,100
31204,CHIMORE,desnutricion aguda,desnutricion moderada (m),2007-06-01,8,3,6,4,14,7,21
40302,CHOQUE COTA,desnutricion aguda,desnutricion moderada (m),2007-06-01,3,0,0,0,3,0,3
90101,COBIJA,desnutricion aguda,desnutricion moderada (m),2007-06-01,20,8,8,4,28,12,40
30101,COCHABAMBA,desnutricion aguda,desnutricion moderada (m),2007-06-01,70,53,29,36,99,89,188
30905,COLCAPIRHUA,desnutricion aguda,desnutricion moderada (m),2007-06-01,1,3,2,5,3,8,11
50901,"COLCHA ""K""",desnutricion aguda,desnutricion moderada (m),2007-06-01,7,1,0,3,7,4,11
31002,COLOMI,desnutricion aguda,desnutricion moderada (m),2007-06-01,7,11,6,4,13,15,28
70603,COLPA BELGICA,desnutricion aguda,desnutricion moderada (m),2007-06-01,1,0,0,1,1,1,2
50401,COLQUECHACA,desnutricion aguda,desnutricion moderada (m),2007-06-01,24,21,12,16,36,37,73
21004,COLQUIRI,desnutricion aguda,desnutricion moderada (m),2007-06-01,1,0,0,1,1,1,2
71301,COMARAPA,desnutricion aguda,desnutricion moderada (m),2007-06-01,2,2,0,1,2,3,5
71101,CONCEPCION,desnutricion aguda,desnutricion moderada (m),2007-06-01,3,6,1,1,4,7,11
40301,CORQUE,desnutricion aguda,desnutricion moderada (m),2007-06-01,1,1,0,1,1,2,3
50601,COTAGAITA,desnutricion aguda,desnutricion moderada (m),2007-06-01,13,18,17,27,30,45,75
70102,COTOCA,desnutricion aguda,desnutricion moderada (m),2007-06-01,2,4,2,1,4,5,9
71106,CUATRO CAÑADAS,desnutricion aguda,desnutricion moderada (m),2007-06-01,0,5,1,1,1,6,7
31405,CUCHUMUELA (V. G. VILLARROEL),desnutricion aguda,desnutricion moderada (m),2007-06-01,0,0,0,1,0,1,1
70704,CUEVO,desnutricion aguda,desnutricion moderada (m),2007-06-01,0,1,1,0,1,1,2
10902,CULPINA,desnutricion aguda,desnutricion moderada (m),2007-06-01,27,26,12,15,39,41,80
40401,CURAHUARA DE CARANGAS,desnutricion aguda,desnutricion moderada (m),2007-06-01,1,0,2,1,3,1,4
71503,EL PUENTE(STC),desnutricion aguda,desnutricion moderada (m),2007-06-01,4,4,1,0,5,4,9
60502,EL PUENTE(TJA),desnutricion aguda,desnutricion moderada (m),2007-06-01,1,0,2,0,3,0,3
70105,EL TORNO,desnutricion aguda,desnutricion moderada (m),2007-06-01,5,3,2,3,7,6,13
10405,EL VILLAR,desnutricion aguda,desnutricion moderada (m),2007-06-01,2,4,1,6,3,10,13
60601,ENTRE RIOS,desnutricion aguda,desnutricion moderada (m),2007-06-01,15,6,4,4,19,10,29
60601,ENTRE RIOS,desnutricion aguda,desnutricion moderada (m),2007-06-01,0,3,2,1,2,4,6
40502,ESCARA,desnutricion aguda,desnutricion moderada (m),2007-06-01,1,0,0,0,1,0,1
41101,EUCALIPTUS,desnutricion aguda,desnutricion moderada (m),2007-06-01,1,0,0,0,1,0,1
90503,EUREKA (SANTOS MERCADO),desnutricion aguda,desnutricion moderada (m),2007-06-01,0,0,1,0,1,0,1
80402,EXALTACION,desnutricion aguda,desnutricion moderada (m),2007-06-01,0,0,1,0,1,0,1
71004,FERNANDEZ ALONSO,desnutricion aguda,desnutricion moderada (m),2007-06-01,3,2,0,0,3,2,5
90203,FILADELFIA,desnutricion aguda,desnutricion moderada (m),2007-06-01,1,1,0,2,1,3,4
71002,GENERAL SAAVEDRA,desnutricion aguda,desnutricion moderada (m),2007-06-01,2,4,1,0,3,4,7
80202,GUAYARAMERIN,desnutricion aguda,desnutricion moderada (m),2007-06-01,10,15,0,7,10,22,32
70705,GUTIERREZ,desnutricion aguda,desnutricion moderada (m),2007-06-01,12,5,5,11,17,16,33
10502,HUACARETA,desnutricion aguda,desnutricion moderada (m),2007-06-01,2,3,1,1,3,4,7
11002,HUACAYA (VILLA DE HUACAYA),desnutricion aguda,desnutricion moderada (m),2007-06-01,1,0,0,1,1,1,2
40701,HUANUNI,desnutricion aguda,desnutricion moderada (m),2007-06-01,4,3,3,2,7,5,12
80803,HUARACAJE,desnutricion aguda,desnutricion moderada (m),2007-06-01,1,0,0,2,1,2,3
41601,HUAYLLAMARCA,desnutricion aguda,desnutricion moderada (m),2007-06-01,1,0,0,1,1,1,2
21005,ICHOCA,desnutricion aguda,desnutricion moderada (m),2007-06-01,1,0,0,0,1,0,1
10304,ICLA,desnutricion aguda,desnutricion moderada (m),2007-06-01,23,26,19,18,42,44,86
10703,INCAHUASI,desnutricion aguda,desnutricion moderada (m),2007-06-01,29,19,15,21,44,40,84
21001,INQUISIVI,desnutricion aguda,desnutricion moderada (m),2007-06-01,10,5,2,5,12,10,22
70104,LA GUARDIA,desnutricion aguda,desnutricion moderada (m),2007-06-01,7,8,2,7,9,15,24
70701,LAGUNILLAS,desnutricion aguda,desnutricion moderada (m),2007-06-01,1,0,2,5,3,5,8
21006,LICOMA PAMPA,desnutricion aguda,desnutricion moderada (m),2007-06-01,1,0,0,0,1,0,1
50203,LLALLAGUA,desnutricion aguda,desnutricion moderada (m),2007-06-01,35,24,29,34,64,58,122
51401,LLICA,desnutricion aguda,desnutricion moderada (m),2007-06-01,3,1,1,0,4,1,5
80601,LORETO,desnutricion aguda,desnutricion moderada (m),2007-06-01,1,0,0,0,1,0,1
11003,MACHARETI,desnutricion aguda,desnutricion moderada (m),2007-06-01,0,0,1,5,1,5,6
80801,MAGDALENA,desnutricion aguda,desnutricion moderada (m),2007-06-01,4,4,0,0,4,4,8
70903,MAIRANA,desnutricion aguda,desnutricion moderada (m),2007-06-01,1,0,0,0,1,0,1
71003,MINEROS,desnutricion aguda,desnutricion moderada (m),2007-06-01,5,4,1,1,6,5,11
31301,MIZQUE,desnutricion aguda,desnutricion moderada (m),2007-06-01,9,18,10,8,19,26,45
10303,MOJOCOYA,desnutricion aguda,desnutricion moderada (m),2007-06-01,5,4,5,4,10,8,18
10501,MONTEAGUDO,desnutricion aguda,desnutricion moderada (m),2007-06-01,4,10,5,7,9,17,26
71001,MONTERO,desnutricion aguda,desnutricion moderada (m),2007-06-01,31,22,11,23,42,45,87
70803,MORO MORO,desnutricion aguda,desnutricion moderada (m),2007-06-01,0,2,0,2,0,4,4
30302,MOROCHATA,desnutricion aguda,desnutricion moderada (m),2007-06-01,6,2,4,2,10,4,14
90401,NACEBE (SANTA ROSA DEL ABUNA),desnutricion aguda,desnutricion moderada (m),2007-06-01,0,0,1,0,1,0,1
90501,NUEVO MANOA (NUEVA ESPERANZA),desnutricion aguda,desnutricion moderada (m),2007-06-01,3,1,0,0,3,1,4
50404,OCURI,desnutricion aguda,desnutricion moderada (m),2007-06-01,33,28,19,24,52,52,104
70202,OKINAWA,desnutricion aguda,desnutricion moderada (m),2007-06-01,2,1,0,2,2,3,5
30203,OMEREQUE,desnutricion aguda,desnutricion moderada (m),2007-06-01,0,0,2,1,2,1,3
40101,ORURO,desnutricion aguda,desnutricion moderada (m),2007-06-01,27,17,9,12,36,29,65
60201,PADCAYA,desnutricion aguda,desnutricion moderada (m),2007-06-01,3,3,1,0,4,3,7
10401,PADILLA,desnutricion aguda,desnutricion moderada (m),2007-06-01,11,8,5,7,16,15,31
70502,PAILON,desnutricion aguda,desnutricion moderada (m),2007-06-01,4,1,0,0,4,1,5
40802,PAMPA AULLAGAS,desnutricion aguda,desnutricion moderada (m),2007-06-01,0,0,1,0,1,0,1
70902,PAMPA GRANDE,desnutricion aguda,desnutricion moderada (m),2007-06-01,0,0,0,2,0,2,2
30202,PASORAPA,desnutricion aguda,desnutricion moderada (m),2007-06-01,1,1,1,1,2,2,4
50403,POCOATA,desnutricion aguda,desnutricion moderada (m),2007-06-01,18,26,12,16,30,42,72
31203,POCONA,desnutricion aguda,desnutricion moderada (m),2007-06-01,2,6,2,5,4,11,15
31202,POJO (CBBA),desnutricion aguda,desnutricion moderada (m),2007-06-01,1,1,0,3,1,4,5
40601,POOPO,desnutricion aguda,desnutricion moderada (m),2007-06-01,0,3,0,0,0,3,3
51203,PORCO,desnutricion aguda,desnutricion moderada (m),2007-06-01,7,8,5,4,12,12,24
10103,POROMA,desnutricion aguda,desnutricion moderada (m),2007-06-01,29,36,18,25,47,61,108
70601,PORTACHUELO,desnutricion aguda,desnutricion moderada (m),2007-06-01,1,5,2,2,3,7,10
90102,PORVENIR,desnutricion aguda,desnutricion moderada (m),2007-06-01,1,0,0,0,1,0,1
70804,POSTRER VALLE,desnutricion aguda,desnutricion moderada (m),2007-06-01,0,0,1,0,1,0,1
50101,POTOSI,desnutricion aguda,desnutricion moderada (m),2007-06-01,73,62,26,30,99,92,191
10302,PRESTO,desnutricion aguda,desnutricion moderada (m),2007-06-01,20,7,8,11,28,18,46
90301,PUERTO GONZALO MORENO,desnutricion aguda,desnutricion moderada (m),2007-06-01,6,3,1,3,7,6,13
71402,PUERTO QUIJARRO,desnutricion aguda,desnutricion moderada (m),2007-06-01,1,2,0,0,1,2,3
90201,PUERTO RICO,desnutricion aguda,desnutricion moderada (m),2007-06-01,11,9,4,7,15,16,31
71401,PUERTO SUAREZ,desnutricion aguda,desnutricion moderada (m),2007-06-01,1,3,0,0,1,3,4
31205,PUERTO VILLARROEL,desnutricion aguda,desnutricion moderada (m),2007-06-01,13,15,8,6,21,21,42
51101,PUNA,desnutricion aguda,desnutricion moderada (m),2007-06-01,30,29,20,19,50,48,98
31401,PUNATA,desnutricion aguda,desnutricion moderada (m),2007-06-01,3,8,2,2,5,10,15
30901,QUILLACOLLO,desnutricion aguda,desnutricion moderada (m),2007-06-01,5,6,11,12,16,18,34
21002,QUIME,desnutricion aguda,desnutricion moderada (m),2007-06-01,2,3,1,1,3,4,7
70904,QUIRUSILLAS,desnutricion aguda,desnutricion moderada (m),2007-06-01,0,0,1,1,1,1,2
50402,RAVELO,desnutricion aguda,desnutricion moderada (m),2007-06-01,34,36,26,42,60,78,138
80301,REYES,desnutricion aguda,desnutricion moderada (m),2007-06-01,8,6,4,5,12,11,23
80201,RIBERALTA,desnutricion aguda,desnutricion moderada (m),2007-06-01,36,70,14,32,50,102,152
70503,ROBORE,desnutricion aguda,desnutricion moderada (m),2007-06-01,5,3,0,1,5,4,9
80304,RURRENABAQUE,desnutricion aguda,desnutricion moderada (m),2007-06-01,6,4,1,0,7,4,11
40901,SABAYA,desnutricion aguda,desnutricion moderada (m),2007-06-01,1,0,0,0,1,0,1
31001,SACABA,desnutricion aguda,desnutricion moderada (m),2007-06-01,17,10,6,11,23,21,44
30404,SACABAMBA,desnutricion aguda,desnutricion moderada (m),2007-06-01,7,3,1,2,8,5,13
50701,SACACA,desnutricion aguda,desnutricion moderada (m),2007-06-01,33,34,30,26,63,60,123
71302,SAIPINA,desnutricion aguda,desnutricion moderada (m),2007-06-01,3,0,0,0,3,0,3
40801,SALINAS DE GARCI MENDOZA,desnutricion aguda,desnutricion moderada (m),2007-06-01,0,5,2,0,2,5,7
70901,SAMAIPATA,desnutricion aguda,desnutricion moderada (m),2007-06-01,2,0,0,1,2,1,3
80602,SAN ANDRES,desnutricion aguda,desnutricion moderada (m),2007-06-01,1,2,0,1,1,3,4
71105,SAN ANTONIO DE LOMERIO,desnutricion aguda,desnutricion moderada (m),2007-06-01,6,5,2,3,8,8,16
31403,SAN BENITO,desnutricion aguda,desnutricion moderada (m),2007-06-01,5,8,11,8,16,16,32
80302,SAN BORJA,desnutricion aguda,desnutricion moderada (m),2007-06-01,8,12,5,2,13,14,27
70402,SAN CARLOS,desnutricion aguda,desnutricion moderada (m),2007-06-01,9,9,1,2,10,11,21
80501,SAN IGNACIO,desnutricion aguda,desnutricion moderada (m),2007-06-01,17,20,7,8,24,28,52
70301,SAN IGNACIO DE VELASCO,desnutricion aguda,desnutricion moderada (m),2007-06-01,30,37,11,21,41,58,99
80102,SAN JAVIER(BNI),desnutricion aguda,desnutricion moderada (m),2007-06-01,1,0,0,2,1,2,3
71102,SAN JAVIER(STC),desnutricion aguda,desnutricion moderada (m),2007-06-01,2,0,0,0,2,0,2
70501,SAN JOSE DE CHIQUITOS,desnutricion aguda,desnutricion moderada (m),2007-06-01,1,2,0,1,1,3,4
70404,SAN JUAN DE YAPACANI,desnutricion aguda,desnutricion moderada (m),2007-06-01,4,3,6,3,10,6,16
71104,SAN JULIAN,desnutricion aguda,desnutricion moderada (m),2007-06-01,6,4,0,4,6,8,14
90302,SAN LORENZO(PND),desnutricion aguda,desnutricion moderada (m),2007-06-01,3,1,1,2,4,3,7
60501,SAN LORENZO(TJA),desnutricion aguda,desnutricion moderada (m),2007-06-01,6,11,6,12,12,23,35
10702,SAN LUCAS,desnutricion aguda,desnutricion moderada (m),2007-06-01,58,62,48,67,106,129,235
71201,SAN MATIAS,desnutricion aguda,desnutricion moderada (m),2007-06-01,1,1,1,0,2,1,3
70302,SAN MIGUEL DE VELASCO,desnutricion aguda,desnutricion moderada (m),2007-06-01,1,1,0,3,1,4,5
51001,SAN PABLO DE LIPEZ,desnutricion aguda,desnutricion moderada (m),2007-06-01,2,3,4,1,6,4,10
71005,SAN PEDRO,desnutricion aguda,desnutricion moderada (m),2007-06-01,1,4,2,0,3,4,7
50501,SAN PEDRO DE BUENA VISTA,desnutricion aguda,desnutricion moderada (m),2007-06-01,27,36,26,28,53,64,117
90202,SAN PEDRO(PND),desnutricion aguda,desnutricion moderada (m),2007-06-01,4,2,1,5,5,7,12
70303,SAN RAFAEL,desnutricion aguda,desnutricion moderada (m),2007-06-01,0,2,2,0,2,2,4
80702,SAN RAMON,desnutricion aguda,desnutricion moderada (m),2007-06-01,1,0,0,0,1,0,1
80702,SAN RAMON,desnutricion aguda,desnutricion moderada (m),2007-06-01,1,4,1,0,2,4,6
80401,SANTA ANA,desnutricion aguda,desnutricion moderada (m),2007-06-01,7,7,4,2,11,9,20
70101,SANTA CRUZ DE LA SIERRA,desnutricion aguda,desnutricion moderada (m),2007-06-01,71,106,35,29,106,135,241
80303,SANTA ROSA,desnutricion aguda,desnutricion moderada (m),2007-06-01,0,1,0,0,0,1,1
70602,SANTA ROSA DEL SARA,desnutricion aguda,desnutricion moderada (m),2007-06-01,0,2,2,2,2,4,6
41401,SANTIAGO DE HUARI,desnutricion aguda,desnutricion moderada (m),2007-06-01,1,2,2,0,3,2,5
30702,SANTIVAÑES,desnutricion aguda,desnutricion moderada (m),2007-06-01,4,2,5,0,9,2,11
40202,SANTUARIO DE QUILLACAS,desnutricion aguda,desnutricion moderada (m),2007-06-01,2,1,0,0,2,1,3
90303,SENA,desnutricion aguda,desnutricion moderada (m),2007-06-01,1,0,1,0,2,0,2
30703,SICAYA,desnutricion aguda,desnutricion moderada (m),2007-06-01,0,2,1,2,1,4,5
30902,SIPE SIPE,desnutricion aguda,desnutricion moderada (m),2007-06-01,13,15,7,6,20,21,41
10403,SOPACHUY,desnutricion aguda,desnutricion moderada (m),2007-06-01,10,22,9,31,19,53,72
40104,SORACACHI,desnutricion aguda,desnutricion moderada (m),2007-06-01,0,4,0,0,0,4,4
10101,SUCRE,desnutricion aguda,desnutricion moderada (m),2007-06-01,61,33,39,52,100,85,185
31404,TACACHI,desnutricion aguda,desnutricion moderada (m),2007-06-01,1,0,0,1,1,1,2
50303,TACOBAMBA,desnutricion aguda,desnutricion moderada (m),2007-06-01,10,11,5,5,15,16,31
30602,TACOPAYA,desnutricion aguda,desnutricion moderada (m),2007-06-01,12,7,8,5,20,12,32
31101,TAPACARI,desnutricion aguda,desnutricion moderada (m),2007-06-01,30,45,15,27,45,72,117
10601,TARABUCO,desnutricion aguda,desnutricion moderada (m),2007-06-01,51,31,34,36,85,67,152
30401,TARATA,desnutricion aguda,desnutricion moderada (m),2007-06-01,5,4,2,1,7,5,12
60101,TARIJA,desnutricion aguda,desnutricion moderada (m),2007-06-01,25,17,20,24,45,41,86
10202,TARVITA,desnutricion aguda,desnutricion moderada (m),2007-06-01,21,25,24,35,45,60,105
50102,TINGUIPAYA,desnutricion aguda,desnutricion moderada (m),2007-06-01,35,36,27,43,62,79,141
30903,TIQUIPAYA,desnutricion aguda,desnutricion moderada (m),2007-06-01,3,6,0,0,3,6,9
31601,TIRAQUE (CBBA),desnutricion aguda,desnutricion moderada (m),2007-06-01,17,19,8,14,25,33,58
30802,TOCO,desnutricion aguda,desnutricion moderada (m),2007-06-01,6,6,1,1,7,7,14
30803,TOLATA,desnutricion aguda,desnutricion moderada (m),2007-06-01,0,0,1,0,1,0,1
41001,TOLEDO,desnutricion aguda,desnutricion moderada (m),2007-06-01,0,1,0,0,0,1,1
51202,TOMAVE,desnutricion aguda,desnutricion moderada (m),2007-06-01,8,6,7,4,15,10,25
10402,TOMINA,desnutricion aguda,desnutricion moderada (m),2007-06-01,24,18,10,20,34,38,72
50502,TORO TORO,desnutricion aguda,desnutricion moderada (m),2007-06-01,18,18,9,12,27,30,57
31201,TOTORA(CBBA),desnutricion aguda,desnutricion moderada (m),2007-06-01,4,1,3,2,7,3,10
41301,TOTORA(ORR),desnutricion aguda,desnutricion moderada (m),2007-06-01,3,1,1,0,4,1,5
80101,TRINIDAD,desnutricion aguda,desnutricion moderada (m),2007-06-01,30,26,15,12,45,38,83
50801,TUPIZA,desnutricion aguda,desnutricion moderada (m),2007-06-01,10,7,9,13,19,20,39
50201,UNCIA,desnutricion aguda,desnutricion moderada (m),2007-06-01,26,17,14,13,40,30,70
60401,URIONDO (A. CONCEPCION),desnutricion aguda,desnutricion moderada (m),2007-06-01,3,2,0,2,3,4,7
71502,URUBICHA,desnutricion aguda,desnutricion moderada (m),2007-06-01,10,14,6,14,16,28,44
51201,UYUNI,desnutricion aguda,desnutricion moderada (m),2007-06-01,3,7,3,4,6,11,17
30502,VACAS,desnutricion aguda,desnutricion moderada (m),2007-06-01,6,10,5,11,11,21,32
70801,VALLEGRANDE,desnutricion aguda,desnutricion moderada (m),2007-06-01,1,3,1,0,2,3,5
20801,VIACHA,desnutricion aguda,desnutricion moderada (m),2007-06-01,9,9,3,6,12,15,27
31302,VILA VILA,desnutricion aguda,desnutricion moderada (m),2007-06-01,3,0,0,3,3,3,6
60303,VILLA MONTES,desnutricion aguda,desnutricion moderada (m),2007-06-01,3,9,2,1,5,10,15
90502,VILLA NUEVA (LOMA ALTA),desnutricion aguda,desnutricion moderada (m),2007-06-01,0,0,3,4,3,4,7
31402,VILLA RIVERO,desnutricion aguda,desnutricion moderada (m),2007-06-01,1,3,0,5,1,8,9
10801,VILLA SERRANO,desnutricion aguda,desnutricion moderada (m),2007-06-01,5,8,9,7,14,15,29
31003,VILLA TUNARI,desnutricion aguda,desnutricion moderada (m),2007-06-01,24,21,7,9,31,30,61
11001,VILLA VACA GUZMAN (MUYUPAMPA),desnutricion aguda,desnutricion moderada (m),2007-06-01,0,0,1,2,1,2,3
51501,VILLAZON,desnutricion aguda,desnutricion moderada (m),2007-06-01,23,15,10,15,33,30,63
30904,VINTO,desnutricion aguda,desnutricion moderada (m),2007-06-01,0,1,1,0,1,1,2
50602,VITICHI,desnutricion aguda,desnutricion moderada (m),2007-06-01,12,16,12,15,24,31,55
70201,WARNES,desnutricion aguda,desnutricion moderada (m),2007-06-01,12,15,4,2,16,17,33
60301,YACUIBA,desnutricion aguda,desnutricion moderada (m),2007-06-01,11,3,3,0,14,3,17
10602,YAMPARAEZ,desnutricion aguda,desnutricion moderada (m),2007-06-01,13,10,24,25,37,35,72
70403,YAPACANI,desnutricion aguda,desnutricion moderada (m),2007-06-01,12,14,5,2,17,16,33
50103,YOCALLA,desnutricion aguda,desnutricion moderada (m),2007-06-01,0,0,0,1,0,1,1
10102,YOTALA,desnutricion aguda,desnutricion moderada (m),2007-06-01,3,8,2,7,5,15,20
60402,YUNCHARA,desnutricion aguda,desnutricion moderada (m),2007-06-01,7,3,3,10,10,13,23
10301,ZUDAÑEZ,desnutricion aguda,desnutricion moderada (m),2007-06-01,17,8,14,12,31,20,51
51302,ACACIO,desnutricion aguda,desnutricion moderada (m),2007-07-01,24,12,9,12,33,24,57
30201,AIQUILE,desnutricion aguda,desnutricion moderada (m),2007-07-01,9,6,6,9,15,15,30
31303,ALALAY,desnutricion aguda,desnutricion moderada (m),2007-07-01,4,2,3,2,7,4,11
10404,ALCALA,desnutricion aguda,desnutricion moderada (m),2007-07-01,3,8,6,4,9,12,21
41201,ANDAMARCA,desnutricion aguda,desnutricion moderada (m),2007-07-01,3,1,0,0,3,1,4
40603,ANTEQUERA,desnutricion aguda,desnutricion moderada (m),2007-07-01,0,0,2,1,2,1,3
30402,ANZALDO,desnutricion aguda,desnutricion moderada (m),2007-07-01,3,0,1,1,4,1,5
51301,ARAMPAMPA,desnutricion aguda,desnutricion moderada (m),2007-07-01,9,12,9,4,18,16,34
30501,ARANI,desnutricion aguda,desnutricion moderada (m),2007-07-01,0,4,6,2,6,6,12
30403,ARBIETO,desnutricion aguda,desnutricion moderada (m),2007-07-01,0,1,1,1,1,2,3
30601,ARQUE,desnutricion aguda,desnutricion moderada (m),2007-07-01,7,5,2,5,9,10,19
50802,ATOCHA,desnutricion aguda,desnutricion moderada (m),2007-07-01,3,0,0,0,3,0,3
30301,AYOPAYA (V. DE INDEPENDENCIA),desnutricion aguda,desnutricion moderada (m),2007-07-01,7,7,4,3,11,10,21
10201,AZURDUY,desnutricion aguda,desnutricion moderada (m),2007-07-01,6,17,6,16,12,33,45
80802,BAURES,desnutricion aguda,desnutricion moderada (m),2007-07-01,0,3,2,2,2,5,7
50104,BELEN DE URMIRI,desnutricion aguda,desnutricion moderada (m),2007-07-01,1,3,0,1,1,4,5
90104,BELLA FLOR,desnutricion aguda,desnutricion moderada (m),2007-07-01,2,0,1,1,3,1,4
60202,BERMEJO,desnutricion aguda,desnutricion moderada (m),2007-07-01,4,6,1,3,5,9,14
50301,BETANZOS,desnutricion aguda,desnutricion moderada (m),2007-07-01,27,27,29,14,56,41,97
31501,BOLIVAR,desnutricion aguda,desnutricion moderada (m),2007-07-01,12,8,2,5,14,13,27
90103,BOLPEBRA,desnutricion aguda,desnutricion moderada (m),2007-07-01,0,1,0,0,0,1,1
70707,BOYUIBE,desnutricion aguda,desnutricion moderada (m),2007-07-01,0,0,1,2,1,2,3
70401,BUENA VISTA,desnutricion aguda,desnutricion moderada (m),2007-07-01,0,0,0,1,0,1,1
70703,CABEZAS,desnutricion aguda,desnutricion moderada (m),2007-07-01,1,3,3,5,4,8,12
51102,"CAIZA ""D""",desnutricion aguda,desnutricion moderada (m),2007-07-01,6,5,2,0,8,5,13
21003,CAJUATA,desnutricion aguda,desnutricion moderada (m),2007-07-01,0,1,0,0,0,1,1
10701,CAMARGO,desnutricion aguda,desnutricion moderada (m),2007-07-01,8,13,2,11,10,24,34
10901,CAMATAQUI (C. VILLA ABECIA),desnutricion aguda,desnutricion moderada (m),2007-07-01,0,0,2,2,2,2,4
70706,CAMIRI,desnutricion aguda,desnutricion moderada (m),2007-07-01,2,6,3,1,5,7,12
30701,CAPINOTA,desnutricion aguda,desnutricion moderada (m),2007-07-01,11,5,2,3,13,8,21
40102,CARACOLLO,desnutricion aguda,desnutricion moderada (m),2007-07-01,2,1,3,1,5,2,7
60302,CARAPARI,desnutricion aguda,desnutricion moderada (m),2007-07-01,3,2,2,1,5,3,8
50702,CARIPUYO,desnutricion aguda,desnutricion moderada (m),2007-07-01,10,11,14,19,24,30,54
71403,CARMEN RIVERO TORREZ,desnutricion aguda,desnutricion moderada (m),2007-07-01,5,10,1,1,6,11,17
40201,CHALLAPATA,desnutricion aguda,desnutricion moderada (m),2007-07-01,5,5,5,3,10,8,18
50302,CHAQUI,desnutricion aguda,desnutricion moderada (m),2007-07-01,3,3,3,1,6,4,10
70702,CHARAGUA,desnutricion aguda,desnutricion moderada (m),2007-07-01,4,1,4,1,8,2,10
50202,CHAYANTA,desnutricion aguda,desnutricion moderada (m),2007-07-01,9,11,11,14,20,25,45
31204,CHIMORE,desnutricion aguda,desnutricion moderada (m),2007-07-01,1,3,2,2,3,5,8
40302,CHOQUE COTA,desnutricion aguda,desnutricion moderada (m),2007-07-01,1,0,0,0,1,0,1
90101,COBIJA,desnutricion aguda,desnutricion moderada (m),2007-07-01,19,8,2,2,21,10,31
30101,COCHABAMBA,desnutricion aguda,desnutricion moderada (m),2007-07-01,47,54,29,36,76,90,166
30905,COLCAPIRHUA,desnutricion aguda,desnutricion moderada (m),2007-07-01,5,2,4,4,9,6,15
50901,"COLCHA ""K""",desnutricion aguda,desnutricion moderada (m),2007-07-01,3,4,0,2,3,6,9
31002,COLOMI,desnutricion aguda,desnutricion moderada (m),2007-07-01,5,7,3,2,8,9,17
70603,COLPA BELGICA,desnutricion aguda,desnutricion moderada (m),2007-07-01,0,0,2,1,2,1,3
50401,COLQUECHACA,desnutricion aguda,desnutricion moderada (m),2007-07-01,30,19,18,12,48,31,79
21004,COLQUIRI,desnutricion aguda,desnutricion moderada (m),2007-07-01,3,2,0,0,3,2,5
71301,COMARAPA,desnutricion aguda,desnutricion moderada (m),2007-07-01,0,1,3,3,3,4,7
71101,CONCEPCION,desnutricion aguda,desnutricion moderada (m),2007-07-01,1,0,0,0,1,0,1
50601,COTAGAITA,desnutricion aguda,desnutricion moderada (m),2007-07-01,7,6,4,9,11,15,26
70102,COTOCA,desnutricion aguda,desnutricion moderada (m),2007-07-01,5,7,2,1,7,8,15
71106,CUATRO CAÑADAS,desnutricion aguda,desnutricion moderada (m),2007-07-01,0,2,2,1,2,3,5
70704,CUEVO,desnutricion aguda,desnutricion moderada (m),2007-07-01,4,2,0,1,4,3,7
10902,CULPINA,desnutricion aguda,desnutricion moderada (m),2007-07-01,19,12,10,12,29,24,53
40103,EL CHORO,desnutricion aguda,desnutricion moderada (m),2007-07-01,1,0,0,0,1,0,1
60502,EL PUENTE(TJA),desnutricion aguda,desnutricion moderada (m),2007-07-01,0,0,2,3,2,3,5
70105,EL TORNO,desnutricion aguda,desnutricion moderada (m),2007-07-01,2,4,1,2,3,6,9
10405,EL VILLAR,desnutricion aguda,desnutricion moderada (m),2007-07-01,2,5,1,4,3,9,12
60601,ENTRE RIOS,desnutricion aguda,desnutricion moderada (m),2007-07-01,2,5,3,3,5,8,13
60601,ENTRE RIOS,desnutricion aguda,desnutricion moderada (m),2007-07-01,0,1,2,6,2,7,9
40505,ESMERALDA,desnutricion aguda,desnutricion moderada (m),2007-07-01,0,1,0,0,0,1,1
80402,EXALTACION,desnutricion aguda,desnutricion moderada (m),2007-07-01,0,1,0,0,0,1,1
71004,FERNANDEZ ALONSO,desnutricion aguda,desnutricion moderada (m),2007-07-01,1,1,1,0,2,1,3
90203,FILADELFIA,desnutricion aguda,desnutricion moderada (m),2007-07-01,0,2,0,1,0,3,3
71002,GENERAL SAAVEDRA,desnutricion aguda,desnutricion moderada (m),2007-07-01,6,3,4,1,10,4,14
80202,GUAYARAMERIN,desnutricion aguda,desnutricion moderada (m),2007-07-01,10,11,5,5,15,16,31
70705,GUTIERREZ,desnutricion aguda,desnutricion moderada (m),2007-07-01,8,5,6,7,14,12,26
10502,HUACARETA,desnutricion aguda,desnutricion moderada (m),2007-07-01,2,3,0,1,2,4,6
11002,HUACAYA (VILLA DE HUACAYA),desnutricion aguda,desnutricion moderada (m),2007-07-01,0,0,1,0,1,0,1
40701,HUANUNI,desnutricion aguda,desnutricion moderada (m),2007-07-01,2,1,0,2,2,3,5
21005,ICHOCA,desnutricion aguda,desnutricion moderada (m),2007-07-01,0,2,2,0,2,2,4
10304,ICLA,desnutricion aguda,desnutricion moderada (m),2007-07-01,8,16,5,8,13,24,37
10703,INCAHUASI,desnutricion aguda,desnutricion moderada (m),2007-07-01,38,39,25,37,63,76,139
21001,INQUISIVI,desnutricion aguda,desnutricion moderada (m),2007-07-01,1,1,1,1,2,2,4
70104,LA GUARDIA,desnutricion aguda,desnutricion moderada (m),2007-07-01,7,10,0,5,7,15,22
70701,LAGUNILLAS,desnutricion aguda,desnutricion moderada (m),2007-07-01,1,1,0,1,1,2,3
50203,LLALLAGUA,desnutricion aguda,desnutricion moderada (m),2007-07-01,20,15,12,16,32,31,63
51401,LLICA,desnutricion aguda,desnutricion moderada (m),2007-07-01,1,0,0,0,1,0,1
11003,MACHARETI,desnutricion aguda,desnutricion moderada (m),2007-07-01,1,0,2,2,3,2,5
80801,MAGDALENA,desnutricion aguda,desnutricion moderada (m),2007-07-01,2,4,0,0,2,4,6
70903,MAIRANA,desnutricion aguda,desnutricion moderada (m),2007-07-01,0,0,1,1,1,1,2
20103,MECAPACA,desnutricion aguda,desnutricion moderada (m),2007-07-01,0,1,0,2,0,3,3
71003,MINEROS,desnutricion aguda,desnutricion moderada (m),2007-07-01,4,7,0,2,4,9,13
31301,MIZQUE,desnutricion aguda,desnutricion moderada (m),2007-07-01,14,15,4,7,18,22,40
10303,MOJOCOYA,desnutricion aguda,desnutricion moderada (m),2007-07-01,3,6,3,3,6,9,15
10501,MONTEAGUDO,desnutricion aguda,desnutricion moderada (m),2007-07-01,7,8,6,3,13,11,24
71001,MONTERO,desnutricion aguda,desnutricion moderada (m),2007-07-01,11,23,11,10,22,33,55
70803,MORO MORO,desnutricion aguda,desnutricion moderada (m),2007-07-01,0,0,1,1,1,1,2
30302,MOROCHATA,desnutricion aguda,desnutricion moderada (m),2007-07-01,13,17,9,11,22,28,50
90401,NACEBE (SANTA ROSA DEL ABUNA),desnutricion aguda,desnutricion moderada (m),2007-07-01,0,3,0,2,0,5,5
90501,NUEVO MANOA (NUEVA ESPERANZA),desnutricion aguda,desnutricion moderada (m),2007-07-01,0,0,1,1,1,1,2
50404,OCURI,desnutricion aguda,desnutricion moderada (m),2007-07-01,17,17,8,27,25,44,69
70202,OKINAWA,desnutricion aguda,desnutricion moderada (m),2007-07-01,0,0,0,1,0,1,1
30203,OMEREQUE,desnutricion aguda,desnutricion moderada (m),2007-07-01,0,2,0,1,0,3,3
40101,ORURO,desnutricion aguda,desnutricion moderada (m),2007-07-01,24,17,7,6,31,23,54
60201,PADCAYA,desnutricion aguda,desnutricion moderada (m),2007-07-01,0,1,0,0,0,1,1
10401,PADILLA,desnutricion aguda,desnutricion moderada (m),2007-07-01,14,6,3,12,17,18,35
70502,PAILON,desnutricion aguda,desnutricion moderada (m),2007-07-01,1,2,0,1,1,3,4
20102,PALCA,desnutricion aguda,desnutricion moderada (m),2007-07-01,2,4,1,1,3,5,8
40802,PAMPA AULLAGAS,desnutricion aguda,desnutricion moderada (m),2007-07-01,1,1,0,0,1,1,2
70902,PAMPA GRANDE,desnutricion aguda,desnutricion moderada (m),2007-07-01,0,0,2,1,2,1,3
30202,PASORAPA,desnutricion aguda,desnutricion moderada (m),2007-07-01,0,0,1,1,1,1,2
50403,POCOATA,desnutricion aguda,desnutricion moderada (m),2007-07-01,21,15,12,14,33,29,62
31203,POCONA,desnutricion aguda,desnutricion moderada (m),2007-07-01,2,4,2,4,4,8,12
31202,POJO (CBBA),desnutricion aguda,desnutricion moderada (m),2007-07-01,6,4,3,1,9,5,14
51203,PORCO,desnutricion aguda,desnutricion moderada (m),2007-07-01,1,4,2,2,3,6,9
10103,POROMA,desnutricion aguda,desnutricion moderada (m),2007-07-01,24,32,7,24,31,56,87
70601,PORTACHUELO,desnutricion aguda,desnutricion moderada (m),2007-07-01,1,3,0,2,1,5,6
90102,PORVENIR,desnutricion aguda,desnutricion moderada (m),2007-07-01,0,2,0,1,0,3,3
70804,POSTRER VALLE,desnutricion aguda,desnutricion moderada (m),2007-07-01,1,0,0,1,1,1,2
50101,POTOSI,desnutricion aguda,desnutricion moderada (m),2007-07-01,83,76,35,23,118,99,217
10302,PRESTO,desnutricion aguda,desnutricion moderada (m),2007-07-01,20,5,8,6,28,11,39
90301,PUERTO GONZALO MORENO,desnutricion aguda,desnutricion moderada (m),2007-07-01,5,2,1,1,6,3,9
71402,PUERTO QUIJARRO,desnutricion aguda,desnutricion moderada (m),2007-07-01,1,3,0,0,1,3,4
90201,PUERTO RICO,desnutricion aguda,desnutricion moderada (m),2007-07-01,7,2,5,1,12,3,15
80703,PUERTO SILES,desnutricion aguda,desnutricion moderada (m),2007-07-01,1,4,2,0,3,4,7
71401,PUERTO SUAREZ,desnutricion aguda,desnutricion moderada (m),2007-07-01,3,3,0,3,3,6,9
31205,PUERTO VILLARROEL,desnutricion aguda,desnutricion moderada (m),2007-07-01,14,15,17,7,31,22,53
51101,PUNA,desnutricion aguda,desnutricion moderada (m),2007-07-01,38,36,17,32,55,68,123
31401,PUNATA,desnutricion aguda,desnutricion moderada (m),2007-07-01,7,6,2,4,9,10,19
30901,QUILLACOLLO,desnutricion aguda,desnutricion moderada (m),2007-07-01,11,4,4,5,15,9,24
21002,QUIME,desnutricion aguda,desnutricion moderada (m),2007-07-01,1,0,0,0,1,0,1
70904,QUIRUSILLAS,desnutricion aguda,desnutricion moderada (m),2007-07-01,0,1,1,2,1,3,4
50402,RAVELO,desnutricion aguda,desnutricion moderada (m),2007-07-01,30,18,19,24,49,42,91
80301,REYES,desnutricion aguda,desnutricion moderada (m),2007-07-01,6,2,0,0,6,2,8
80201,RIBERALTA,desnutricion aguda,desnutricion moderada (m),2007-07-01,41,62,16,16,57,78,135
70503,ROBORE,desnutricion aguda,desnutricion moderada (m),2007-07-01,1,2,1,0,2,2,4
31001,SACABA,desnutricion aguda,desnutricion moderada (m),2007-07-01,21,18,12,13,33,31,64
30404,SACABAMBA,desnutricion aguda,desnutricion moderada (m),2007-07-01,1,2,0,0,1,2,3
50701,SACACA,desnutricion aguda,desnutricion moderada (m),2007-07-01,19,9,19,31,38,40,78
71302,SAIPINA,desnutricion aguda,desnutricion moderada (m),2007-07-01,2,0,1,1,3,1,4
40801,SALINAS DE GARCI MENDOZA,desnutricion aguda,desnutricion moderada (m),2007-07-01,0,1,1,1,1,2,3
70901,SAMAIPATA,desnutricion aguda,desnutricion moderada (m),2007-07-01,1,1,1,0,2,1,3
80602,SAN ANDRES,desnutricion aguda,desnutricion moderada (m),2007-07-01,2,2,3,0,5,2,7
71105,SAN ANTONIO DE LOMERIO,desnutricion aguda,desnutricion moderada (m),2007-07-01,11,7,5,8,16,15,31
31403,SAN BENITO,desnutricion aguda,desnutricion moderada (m),2007-07-01,1,1,3,2,4,3,7
80302,SAN BORJA,desnutricion aguda,desnutricion moderada (m),2007-07-01,17,17,8,9,25,26,51
70402,SAN CARLOS,desnutricion aguda,desnutricion moderada (m),2007-07-01,5,3,5,4,10,7,17
80501,SAN IGNACIO,desnutricion aguda,desnutricion moderada (m),2007-07-01,10,13,2,2,12,15,27
70301,SAN IGNACIO DE VELASCO,desnutricion aguda,desnutricion moderada (m),2007-07-01,25,28,15,29,40,57,97
80102,SAN JAVIER(BNI),desnutricion aguda,desnutricion moderada (m),2007-07-01,0,1,0,0,0,1,1
71102,SAN JAVIER(STC),desnutricion aguda,desnutricion moderada (m),2007-07-01,1,0,0,0,1,0,1
80701,SAN JOAQUIN,desnutricion aguda,desnutricion moderada (m),2007-07-01,0,0,0,1,0,1,1
70501,SAN JOSE DE CHIQUITOS,desnutricion aguda,desnutricion moderada (m),2007-07-01,1,4,2,2,3,6,9
70404,SAN JUAN DE YAPACANI,desnutricion aguda,desnutricion moderada (m),2007-07-01,0,4,1,1,1,5,6
71104,SAN JULIAN,desnutricion aguda,desnutricion moderada (m),2007-07-01,5,4,4,3,9,7,16
90302,SAN LORENZO(PND),desnutricion aguda,desnutricion moderada (m),2007-07-01,2,0,1,0,3,0,3
60501,SAN LORENZO(TJA),desnutricion aguda,desnutricion moderada (m),2007-07-01,3,6,7,6,10,12,22
10702,SAN LUCAS,desnutricion aguda,desnutricion moderada (m),2007-07-01,62,62,38,52,100,114,214
70302,SAN MIGUEL DE VELASCO,desnutricion aguda,desnutricion moderada (m),2007-07-01,2,0,1,0,3,0,3
51001,SAN PABLO DE LIPEZ,desnutricion aguda,desnutricion moderada (m),2007-07-01,1,1,0,0,1,1,2
71005,SAN PEDRO,desnutricion aguda,desnutricion moderada (m),2007-07-01,1,2,0,0,1,2,3
50501,SAN PEDRO DE BUENA VISTA,desnutricion aguda,desnutricion moderada (m),2007-07-01,29,23,18,22,47,45,92
90202,SAN PEDRO(PND),desnutricion aguda,desnutricion moderada (m),2007-07-01,4,1,0,1,4,2,6
70303,SAN RAFAEL,desnutricion aguda,desnutricion moderada (m),2007-07-01,0,2,1,1,1,3,4
80702,SAN RAMON,desnutricion aguda,desnutricion moderada (m),2007-07-01,0,5,1,1,1,6,7
80401,SANTA ANA,desnutricion aguda,desnutricion moderada (m),2007-07-01,6,1,1,1,7,2,9
70101,SANTA CRUZ DE LA SIERRA,desnutricion aguda,desnutricion moderada (m),2007-07-01,48,47,10,22,58,69,127
80303,SANTA ROSA,desnutricion aguda,desnutricion moderada (m),2007-07-01,0,1,1,1,1,2,3
70602,SANTA ROSA DEL SARA,desnutricion aguda,desnutricion moderada (m),2007-07-01,3,4,0,0,3,4,7
41401,SANTIAGO DE HUARI,desnutricion aguda,desnutricion moderada (m),2007-07-01,3,0,0,0,3,0,3
30702,SANTIVAÑES,desnutricion aguda,desnutricion moderada (m),2007-07-01,0,1,0,2,0,3,3
40202,SANTUARIO DE QUILLACAS,desnutricion aguda,desnutricion moderada (m),2007-07-01,1,0,0,0,1,0,1
90303,SENA,desnutricion aguda,desnutricion moderada (m),2007-07-01,0,2,0,0,0,2,2
30703,SICAYA,desnutricion aguda,desnutricion moderada (m),2007-07-01,0,1,3,0,3,1,4
30902,SIPE SIPE,desnutricion aguda,desnutricion moderada (m),2007-07-01,10,11,2,5,12,16,28
10403,SOPACHUY,desnutricion aguda,desnutricion moderada (m),2007-07-01,7,13,7,27,14,40,54
40104,SORACACHI,desnutricion aguda,desnutricion moderada (m),2007-07-01,2,2,2,0,4,2,6
10101,SUCRE,desnutricion aguda,desnutricion moderada (m),2007-07-01,47,39,32,40,79,79,158
50303,TACOBAMBA,desnutricion aguda,desnutricion moderada (m),2007-07-01,15,15,4,8,19,23,42
30602,TACOPAYA,desnutricion aguda,desnutricion moderada (m),2007-07-01,7,7,5,8,12,15,27
51402,TAHUA,desnutricion aguda,desnutricion moderada (m),2007-07-01,0,0,1,0,1,0,1
31101,TAPACARI,desnutricion aguda,desnutricion moderada (m),2007-07-01,23,25,13,10,36,35,71
10601,TARABUCO,desnutricion aguda,desnutricion moderada (m),2007-07-01,55,45,28,45,83,90,173
30401,TARATA,desnutricion aguda,desnutricion moderada (m),2007-07-01,3,4,1,1,4,5,9
60101,TARIJA,desnutricion aguda,desnutricion moderada (m),2007-07-01,20,16,11,10,31,26,57
10202,TARVITA,desnutricion aguda,desnutricion moderada (m),2007-07-01,23,29,35,34,58,63,121
50102,TINGUIPAYA,desnutricion aguda,desnutricion moderada (m),2007-07-01,13,16,17,12,30,28,58
30903,TIQUIPAYA,desnutricion aguda,desnutricion moderada (m),2007-07-01,2,3,3,6,5,9,14
31601,TIRAQUE (CBBA),desnutricion aguda,desnutricion moderada (m),2007-07-01,13,13,18,19,31,32,63
30802,TOCO,desnutricion aguda,desnutricion moderada (m),2007-07-01,0,3,1,1,1,4,5
51202,TOMAVE,desnutricion aguda,desnutricion moderada (m),2007-07-01,2,7,3,4,5,11,16
10402,TOMINA,desnutricion aguda,desnutricion moderada (m),2007-07-01,20,13,14,16,34,29,63
50502,TORO TORO,desnutricion aguda,desnutricion moderada (m),2007-07-01,11,6,2,5,13,11,24
31201,TOTORA(CBBA),desnutricion aguda,desnutricion moderada (m),2007-07-01,10,4,3,2,13,6,19
41301,TOTORA(ORR),desnutricion aguda,desnutricion moderada (m),2007-07-01,1,0,2,0,3,0,3
70802,TRIGAL,desnutricion aguda,desnutricion moderada (m),2007-07-01,2,0,0,0,2,0,2
80101,TRINIDAD,desnutricion aguda,desnutricion moderada (m),2007-07-01,27,23,13,12,40,35,75
50801,TUPIZA,desnutricion aguda,desnutricion moderada (m),2007-07-01,7,5,8,10,15,15,30
40402,TURCO,desnutricion aguda,desnutricion moderada (m),2007-07-01,1,0,0,0,1,0,1
50201,UNCIA,desnutricion aguda,desnutricion moderada (m),2007-07-01,22,10,15,7,37,17,54
60401,URIONDO (A. CONCEPCION),desnutricion aguda,desnutricion moderada (m),2007-07-01,1,0,1,3,2,3,5
51201,UYUNI,desnutricion aguda,desnutricion moderada (m),2007-07-01,7,8,5,8,12,16,28
30502,VACAS,desnutricion aguda,desnutricion moderada (m),2007-07-01,3,5,1,2,4,7,11
70801,VALLEGRANDE,desnutricion aguda,desnutricion moderada (m),2007-07-01,2,3,0,2,2,5,7
20801,VIACHA,desnutricion aguda,desnutricion moderada (m),2007-07-01,5,5,5,4,10,9,19
31302,VILA VILA,desnutricion aguda,desnutricion moderada (m),2007-07-01,3,0,4,4,7,4,11
60303,VILLA MONTES,desnutricion aguda,desnutricion moderada (m),2007-07-01,1,3,0,1,1,4,5
90502,VILLA NUEVA (LOMA ALTA),desnutricion aguda,desnutricion moderada (m),2007-07-01,4,6,1,4,5,10,15
31402,VILLA RIVERO,desnutricion aguda,desnutricion moderada (m),2007-07-01,0,0,1,1,1,1,2
10801,VILLA SERRANO,desnutricion aguda,desnutricion moderada (m),2007-07-01,9,4,8,7,17,11,28
31003,VILLA TUNARI,desnutricion aguda,desnutricion moderada (m),2007-07-01,20,10,12,13,32,23,55
11001,VILLA VACA GUZMAN (MUYUPAMPA),desnutricion aguda,desnutricion moderada (m),2007-07-01,1,1,0,0,1,1,2
51501,VILLAZON,desnutricion aguda,desnutricion moderada (m),2007-07-01,19,16,7,11,26,27,53
30904,VINTO,desnutricion aguda,desnutricion moderada (m),2007-07-01,0,1,0,1,0,2,2
50602,VITICHI,desnutricion aguda,desnutricion moderada (m),2007-07-01,12,15,11,20,23,35,58
70201,WARNES,desnutricion aguda,desnutricion moderada (m),2007-07-01,5,2,1,1,6,3,9
60301,YACUIBA,desnutricion aguda,desnutricion moderada (m),2007-07-01,3,7,6,5,9,12,21
10602,YAMPARAEZ,desnutricion aguda,desnutricion moderada (m),2007-07-01,9,11,17,18,26,29,55
70403,YAPACANI,desnutricion aguda,desnutricion moderada (m),2007-07-01,8,7,3,3,11,10,21
50103,YOCALLA,desnutricion aguda,desnutricion moderada (m),2007-07-01,3,0,2,0,5,0,5
10102,YOTALA,desnutricion aguda,desnutricion moderada (m),2007-07-01,1,0,0,0,1,0,1
60402,YUNCHARA,desnutricion aguda,desnutricion moderada (m),2007-07-01,9,0,6,4,15,4,19
10301,ZUDAÑEZ,desnutricion aguda,desnutricion moderada (m),2007-07-01,11,8,10,12,21,20,41
51302,ACACIO,desnutricion aguda,desnutricion moderada (m),2007-08-01,5,8,10,10,15,18,33
30201,AIQUILE,desnutricion aguda,desnutricion moderada (m),2007-08-01,6,11,6,14,12,25,37
31303,ALALAY,desnutricion aguda,desnutricion moderada (m),2007-08-01,5,6,1,7,6,13,19
10404,ALCALA,desnutricion aguda,desnutricion moderada (m),2007-08-01,0,6,3,0,3,6,9
41201,ANDAMARCA,desnutricion aguda,desnutricion moderada (m),2007-08-01,1,0,0,0,1,0,1
40603,ANTEQUERA,desnutricion aguda,desnutricion moderada (m),2007-08-01,0,1,0,3,0,4,4
30402,ANZALDO,desnutricion aguda,desnutricion moderada (m),2007-08-01,3,4,0,0,3,4,7
51301,ARAMPAMPA,desnutricion aguda,desnutricion moderada (m),2007-08-01,14,13,9,11,23,24,47
30501,ARANI,desnutricion aguda,desnutricion moderada (m),2007-08-01,3,1,1,1,4,2,6
30403,ARBIETO,desnutricion aguda,desnutricion moderada (m),2007-08-01,0,1,1,0,1,1,2
30601,ARQUE,desnutricion aguda,desnutricion moderada (m),2007-08-01,23,18,16,15,39,33,72
71501,ASCENCION DE GUARAYOS,desnutricion aguda,desnutricion moderada (m),2007-08-01,9,23,6,17,15,40,55
50802,ATOCHA,desnutricion aguda,desnutricion moderada (m),2007-08-01,2,3,0,1,2,4,6
30301,AYOPAYA (V. DE INDEPENDENCIA),desnutricion aguda,desnutricion moderada (m),2007-08-01,10,17,7,12,17,29,46
10201,AZURDUY,desnutricion aguda,desnutricion moderada (m),2007-08-01,14,28,10,24,24,52,76
80802,BAURES,desnutricion aguda,desnutricion moderada (m),2007-08-01,1,3,1,1,2,4,6
41202,BELEN DE ANDAMARCA,desnutricion aguda,desnutricion moderada (m),2007-08-01,2,0,0,1,2,1,3
50104,BELEN DE URMIRI,desnutricion aguda,desnutricion moderada (m),2007-08-01,2,0,0,0,2,0,2
90104,BELLA FLOR,desnutricion aguda,desnutricion moderada (m),2007-08-01,1,2,1,0,2,2,4
60202,BERMEJO,desnutricion aguda,desnutricion moderada (m),2007-08-01,2,0,3,2,5,2,7
50301,BETANZOS,desnutricion aguda,desnutricion moderada (m),2007-08-01,27,27,25,20,52,47,99
31501,BOLIVAR,desnutricion aguda,desnutricion moderada (m),2007-08-01,8,14,10,9,18,23,41
90103,BOLPEBRA,desnutricion aguda,desnutricion moderada (m),2007-08-01,0,0,0,1,0,1,1
70707,BOYUIBE,desnutricion aguda,desnutricion moderada (m),2007-08-01,0,0,0,1,0,1,1
70401,BUENA VISTA,desnutricion aguda,desnutricion moderada (m),2007-08-01,1,0,1,0,2,0,2
70703,CABEZAS,desnutricion aguda,desnutricion moderada (m),2007-08-01,2,3,3,5,5,8,13
51102,"CAIZA ""D""",desnutricion aguda,desnutricion moderada (m),2007-08-01,5,3,4,5,9,8,17
21003,CAJUATA,desnutricion aguda,desnutricion moderada (m),2007-08-01,1,2,0,1,1,3,4
10701,CAMARGO,desnutricion aguda,desnutricion moderada (m),2007-08-01,9,9,6,19,15,28,43
10901,CAMATAQUI (C. VILLA ABECIA),desnutricion aguda,desnutricion moderada (m),2007-08-01,1,0,2,2,3,2,5
70706,CAMIRI,desnutricion aguda,desnutricion moderada (m),2007-08-01,5,9,5,5,10,14,24
30701,CAPINOTA,desnutricion aguda,desnutricion moderada (m),2007-08-01,6,10,6,6,12,16,28
40102,CARACOLLO,desnutricion aguda,desnutricion moderada (m),2007-08-01,2,1,1,1,3,2,5
60302,CARAPARI,desnutricion aguda,desnutricion moderada (m),2007-08-01,1,2,1,4,2,6,8
50702,CARIPUYO,desnutricion aguda,desnutricion moderada (m),2007-08-01,13,10,16,13,29,23,52
71403,CARMEN RIVERO TORREZ,desnutricion aguda,desnutricion moderada (m),2007-08-01,6,5,1,1,7,6,13
40201,CHALLAPATA,desnutricion aguda,desnutricion moderada (m),2007-08-01,8,9,4,6,12,15,27
50302,CHAQUI,desnutricion aguda,desnutricion moderada (m),2007-08-01,1,1,3,0,4,1,5
70702,CHARAGUA,desnutricion aguda,desnutricion moderada (m),2007-08-01,1,3,1,4,2,7,9
50202,CHAYANTA,desnutricion aguda,desnutricion moderada (m),2007-08-01,23,23,21,32,44,55,99
31204,CHIMORE,desnutricion aguda,desnutricion moderada (m),2007-08-01,10,3,4,2,14,5,19
40302,CHOQUE COTA,desnutricion aguda,desnutricion moderada (m),2007-08-01,1,0,0,1,1,1,2
90101,COBIJA,desnutricion aguda,desnutricion moderada (m),2007-08-01,11,16,1,2,12,18,30
30101,COCHABAMBA,desnutricion aguda,desnutricion moderada (m),2007-08-01,77,96,49,47,126,143,269
40902,COIPASA,desnutricion aguda,desnutricion moderada (m),2007-08-01,1,0,0,0,1,0,1
30905,COLCAPIRHUA,desnutricion aguda,desnutricion moderada (m),2007-08-01,13,7,7,4,20,11,31
50901,"COLCHA ""K""",desnutricion aguda,desnutricion moderada (m),2007-08-01,2,1,1,0,3,1,4
31002,COLOMI,desnutricion aguda,desnutricion moderada (m),2007-08-01,5,10,5,5,10,15,25
70603,COLPA BELGICA,desnutricion aguda,desnutricion moderada (m),2007-08-01,1,1,0,0,1,1,2
50401,COLQUECHACA,desnutricion aguda,desnutricion moderada (m),2007-08-01,21,27,19,13,40,40,80
21004,COLQUIRI,desnutricion aguda,desnutricion moderada (m),2007-08-01,4,1,0,0,4,1,5
71301,COMARAPA,desnutricion aguda,desnutricion moderada (m),2007-08-01,6,5,2,5,8,10,18
71101,CONCEPCION,desnutricion aguda,desnutricion moderada (m),2007-08-01,2,3,1,2,3,5,8
40301,CORQUE,desnutricion aguda,desnutricion moderada (m),2007-08-01,0,1,1,0,1,1,2
50601,COTAGAITA,desnutricion aguda,desnutricion moderada (m),2007-08-01,13,23,10,16,23,39,62
70102,COTOCA,desnutricion aguda,desnutricion moderada (m),2007-08-01,4,8,6,6,10,14,24
71106,CUATRO CAÑADAS,desnutricion aguda,desnutricion moderada (m),2007-08-01,1,4,1,1,2,5,7
31405,CUCHUMUELA (V. G. VILLARROEL),desnutricion aguda,desnutricion moderada (m),2007-08-01,1,2,2,2,3,4,7
10902,CULPINA,desnutricion aguda,desnutricion moderada (m),2007-08-01,13,14,8,8,21,22,43
40401,CURAHUARA DE CARANGAS,desnutricion aguda,desnutricion moderada (m),2007-08-01,1,1,0,0,1,1,2
21602,CURVA,desnutricion aguda,desnutricion moderada (m),2007-08-01,4,2,2,1,6,3,9
40103,EL CHORO,desnutricion aguda,desnutricion moderada (m),2007-08-01,0,0,0,1,0,1,1
71503,EL PUENTE(STC),desnutricion aguda,desnutricion moderada (m),2007-08-01,5,2,3,0,8,2,10
60502,EL PUENTE(TJA),desnutricion aguda,desnutricion moderada (m),2007-08-01,0,1,1,1,1,2,3
70105,EL TORNO,desnutricion aguda,desnutricion moderada (m),2007-08-01,4,3,3,1,7,4,11
10405,EL VILLAR,desnutricion aguda,desnutricion moderada (m),2007-08-01,2,9,4,6,6,15,21
60601,ENTRE RIOS,desnutricion aguda,desnutricion moderada (m),2007-08-01,7,6,2,4,9,10,19
60601,ENTRE RIOS,desnutricion aguda,desnutricion moderada (m),2007-08-01,2,0,3,2,5,2,7
71004,FERNANDEZ ALONSO,desnutricion aguda,desnutricion moderada (m),2007-08-01,2,0,0,0,2,0,2
90203,FILADELFIA,desnutricion aguda,desnutricion moderada (m),2007-08-01,0,2,0,0,0,2,2
71002,GENERAL SAAVEDRA,desnutricion aguda,desnutricion moderada (m),2007-08-01,3,7,5,4,8,11,19
80202,GUAYARAMERIN,desnutricion aguda,desnutricion moderada (m),2007-08-01,23,22,7,6,30,28,58
70705,GUTIERREZ,desnutricion aguda,desnutricion moderada (m),2007-08-01,9,5,5,4,14,9,23
10502,HUACARETA,desnutricion aguda,desnutricion moderada (m),2007-08-01,5,3,2,4,7,7,14
11002,HUACAYA (VILLA DE HUACAYA),desnutricion aguda,desnutricion moderada (m),2007-08-01,0,0,1,1,1,1,2
40701,HUANUNI,desnutricion aguda,desnutricion moderada (m),2007-08-01,1,2,1,0,2,2,4
80803,HUARACAJE,desnutricion aguda,desnutricion moderada (m),2007-08-01,1,1,1,1,2,2,4
41601,HUAYLLAMARCA,desnutricion aguda,desnutricion moderada (m),2007-08-01,0,2,1,1,1,3,4
10304,ICLA,desnutricion aguda,desnutricion moderada (m),2007-08-01,27,31,16,23,43,54,97
10703,INCAHUASI,desnutricion aguda,desnutricion moderada (m),2007-08-01,33,31,41,24,74,55,129
90402,INGAVI (HUMAITA),desnutricion aguda,desnutricion moderada (m),2007-08-01,1,0,0,0,1,0,1
21001,INQUISIVI,desnutricion aguda,desnutricion moderada (m),2007-08-01,4,1,0,1,4,2,6
70104,LA GUARDIA,desnutricion aguda,desnutricion moderada (m),2007-08-01,7,13,3,5,10,18,28
70701,LAGUNILLAS,desnutricion aguda,desnutricion moderada (m),2007-08-01,4,1,0,1,4,2,6
10903,LAS CARRERAS,desnutricion aguda,desnutricion moderada (m),2007-08-01,0,2,1,0,1,2,3
50203,LLALLAGUA,desnutricion aguda,desnutricion moderada (m),2007-08-01,29,19,27,22,56,41,97
51401,LLICA,desnutricion aguda,desnutricion moderada (m),2007-08-01,2,1,0,1,2,2,4
80601,LORETO,desnutricion aguda,desnutricion moderada (m),2007-08-01,2,2,1,3,3,5,8
11003,MACHARETI,desnutricion aguda,desnutricion moderada (m),2007-08-01,3,2,1,2,4,4,8
80801,MAGDALENA,desnutricion aguda,desnutricion moderada (m),2007-08-01,0,3,0,0,0,3,3
70903,MAIRANA,desnutricion aguda,desnutricion moderada (m),2007-08-01,0,0,1,1,1,1,2
20103,MECAPACA,desnutricion aguda,desnutricion moderada (m),2007-08-01,1,2,3,2,4,4,8
71003,MINEROS,desnutricion aguda,desnutricion moderada (m),2007-08-01,3,7,0,2,3,9,12
31301,MIZQUE,desnutricion aguda,desnutricion moderada (m),2007-08-01,11,21,2,10,13,31,44
10303,MOJOCOYA,desnutricion aguda,desnutricion moderada (m),2007-08-01,3,5,0,5,3,10,13
10501,MONTEAGUDO,desnutricion aguda,desnutricion moderada (m),2007-08-01,5,13,5,4,10,17,27
71001,MONTERO,desnutricion aguda,desnutricion moderada (m),2007-08-01,20,22,13,16,33,38,71
70803,MORO MORO,desnutricion aguda,desnutricion moderada (m),2007-08-01,1,1,1,1,2,2,4
30302,MOROCHATA,desnutricion aguda,desnutricion moderada (m),2007-08-01,16,22,13,19,29,41,70
90401,NACEBE (SANTA ROSA DEL ABUNA),desnutricion aguda,desnutricion moderada (m),2007-08-01,0,0,0,1,0,1,1
90501,NUEVO MANOA (NUEVA ESPERANZA),desnutricion aguda,desnutricion moderada (m),2007-08-01,0,1,1,0,1,1,2
50404,OCURI,desnutricion aguda,desnutricion moderada (m),2007-08-01,10,10,11,11,21,21,42
70202,OKINAWA,desnutricion aguda,desnutricion moderada (m),2007-08-01,3,3,1,1,4,4,8
30203,OMEREQUE,desnutricion aguda,desnutricion moderada (m),2007-08-01,1,0,1,0,2,0,2
40101,ORURO,desnutricion aguda,desnutricion moderada (m),2007-08-01,29,16,4,11,33,27,60
60201,PADCAYA,desnutricion aguda,desnutricion moderada (m),2007-08-01,2,4,2,2,4,6,10
10401,PADILLA,desnutricion aguda,desnutricion moderada (m),2007-08-01,12,6,6,14,18,20,38
70502,PAILON,desnutricion aguda,desnutricion moderada (m),2007-08-01,7,5,3,3,10,8,18
20102,PALCA,desnutricion aguda,desnutricion moderada (m),2007-08-01,3,0,0,0,3,0,3
70902,PAMPA GRANDE,desnutricion aguda,desnutricion moderada (m),2007-08-01,0,0,0,1,0,1,1
30202,PASORAPA,desnutricion aguda,desnutricion moderada (m),2007-08-01,1,1,2,1,3,2,5
40602,PAZÑA,desnutricion aguda,desnutricion moderada (m),2007-08-01,1,0,0,0,1,0,1
50403,POCOATA,desnutricion aguda,desnutricion moderada (m),2007-08-01,15,21,11,15,26,36,62
31203,POCONA,desnutricion aguda,desnutricion moderada (m),2007-08-01,1,4,2,5,3,9,12
31202,POJO (CBBA),desnutricion aguda,desnutricion moderada (m),2007-08-01,2,2,0,1,2,3,5
40601,POOPO,desnutricion aguda,desnutricion moderada (m),2007-08-01,0,0,0,1,0,1,1
51203,PORCO,desnutricion aguda,desnutricion moderada (m),2007-08-01,3,11,1,4,4,15,19
10103,POROMA,desnutricion aguda,desnutricion moderada (m),2007-08-01,33,23,21,18,54,41,95
70103,PORONGO,desnutricion aguda,desnutricion moderada (m),2007-08-01,0,0,0,1,0,1,1
70601,PORTACHUELO,desnutricion aguda,desnutricion moderada (m),2007-08-01,3,2,0,0,3,2,5
90102,PORVENIR,desnutricion aguda,desnutricion moderada (m),2007-08-01,0,1,0,2,0,3,3
70804,POSTRER VALLE,desnutricion aguda,desnutricion moderada (m),2007-08-01,2,2,1,2,3,4,7
50101,POTOSI,desnutricion aguda,desnutricion moderada (m),2007-08-01,77,76,34,29,111,105,216
10302,PRESTO,desnutricion aguda,desnutricion moderada (m),2007-08-01,14,7,12,6,26,13,39
70805,PUCARA,desnutricion aguda,desnutricion moderada (m),2007-08-01,1,0,1,0,2,0,2
90301,PUERTO GONZALO MORENO,desnutricion aguda,desnutricion moderada (m),2007-08-01,8,5,4,5,12,10,22
71402,PUERTO QUIJARRO,desnutricion aguda,desnutricion moderada (m),2007-08-01,0,6,0,1,0,7,7
90201,PUERTO RICO,desnutricion aguda,desnutricion moderada (m),2007-08-01,4,5,6,1,10,6,16
71401,PUERTO SUAREZ,desnutricion aguda,desnutricion moderada (m),2007-08-01,2,2,0,0,2,2,4
31205,PUERTO VILLARROEL,desnutricion aguda,desnutricion moderada (m),2007-08-01,10,18,12,12,22,30,52
51101,PUNA,desnutricion aguda,desnutricion moderada (m),2007-08-01,41,46,18,41,59,87,146
31401,PUNATA,desnutricion aguda,desnutricion moderada (m),2007-08-01,4,5,2,2,6,7,13
30901,QUILLACOLLO,desnutricion aguda,desnutricion moderada (m),2007-08-01,7,14,11,8,18,22,40
21002,QUIME,desnutricion aguda,desnutricion moderada (m),2007-08-01,0,0,2,0,2,0,2
70904,QUIRUSILLAS,desnutricion aguda,desnutricion moderada (m),2007-08-01,0,0,0,1,0,1,1
50402,RAVELO,desnutricion aguda,desnutricion moderada (m),2007-08-01,49,32,27,31,76,63,139
80301,REYES,desnutricion aguda,desnutricion moderada (m),2007-08-01,1,0,2,1,3,1,4
80201,RIBERALTA,desnutricion aguda,desnutricion moderada (m),2007-08-01,46,79,19,29,65,108,173
70503,ROBORE,desnutricion aguda,desnutricion moderada (m),2007-08-01,2,0,1,3,3,3,6
80304,RURRENABAQUE,desnutricion aguda,desnutricion moderada (m),2007-08-01,0,4,0,1,0,5,5
31001,SACABA,desnutricion aguda,desnutricion moderada (m),2007-08-01,10,19,11,7,21,26,47
50701,SACACA,desnutricion aguda,desnutricion moderada (m),2007-08-01,29,42,26,37,55,79,134
40801,SALINAS DE GARCI MENDOZA,desnutricion aguda,desnutricion moderada (m),2007-08-01,2,0,0,0,2,0,2
70901,SAMAIPATA,desnutricion aguda,desnutricion moderada (m),2007-08-01,2,0,0,1,2,1,3
80602,SAN ANDRES,desnutricion aguda,desnutricion moderada (m),2007-08-01,8,14,1,7,9,21,30
51003,SAN ANTONIO DE ESMORUCO,desnutricion aguda,desnutricion moderada (m),2007-08-01,0,2,0,1,0,3,3
71105,SAN ANTONIO DE LOMERIO,desnutricion aguda,desnutricion moderada (m),2007-08-01,9,11,3,4,12,15,27
31403,SAN BENITO,desnutricion aguda,desnutricion moderada (m),2007-08-01,1,1,2,2,3,3,6
80302,SAN BORJA,desnutricion aguda,desnutricion moderada (m),2007-08-01,19,26,24,21,43,47,90
70402,SAN CARLOS,desnutricion aguda,desnutricion moderada (m),2007-08-01,3,2,0,0,3,2,5
80501,SAN IGNACIO,desnutricion aguda,desnutricion moderada (m),2007-08-01,25,21,12,14,37,35,72
70301,SAN IGNACIO DE VELASCO,desnutricion aguda,desnutricion moderada (m),2007-08-01,47,37,28,36,75,73,148
80102,SAN JAVIER(BNI),desnutricion aguda,desnutricion moderada (m),2007-08-01,2,0,1,1,3,1,4
71102,SAN JAVIER(STC),desnutricion aguda,desnutricion moderada (m),2007-08-01,2,3,0,0,2,3,5
80701,SAN JOAQUIN,desnutricion aguda,desnutricion moderada (m),2007-08-01,1,0,0,0,1,0,1
70501,SAN JOSE DE CHIQUITOS,desnutricion aguda,desnutricion moderada (m),2007-08-01,3,1,6,3,9,4,13
70404,SAN JUAN DE YAPACANI,desnutricion aguda,desnutricion moderada (m),2007-08-01,1,0,0,0,1,0,1
71104,SAN JULIAN,desnutricion aguda,desnutricion moderada (m),2007-08-01,3,1,2,1,5,2,7
90302,SAN LORENZO(PND),desnutricion aguda,desnutricion moderada (m),2007-08-01,4,1,1,1,5,2,7
60501,SAN LORENZO(TJA),desnutricion aguda,desnutricion moderada (m),2007-08-01,7,7,9,10,16,17,33
10702,SAN LUCAS,desnutricion aguda,desnutricion moderada (m),2007-08-01,63,56,51,59,114,115,229
70302,SAN MIGUEL DE VELASCO,desnutricion aguda,desnutricion moderada (m),2007-08-01,0,1,0,2,0,3,3
51001,SAN PABLO DE LIPEZ,desnutricion aguda,desnutricion moderada (m),2007-08-01,2,1,2,1,4,2,6
71005,SAN PEDRO,desnutricion aguda,desnutricion moderada (m),2007-08-01,1,2,2,2,3,4,7
50501,SAN PEDRO DE BUENA VISTA,desnutricion aguda,desnutricion moderada (m),2007-08-01,33,18,21,22,54,40,94
90202,SAN PEDRO(PND),desnutricion aguda,desnutricion moderada (m),2007-08-01,3,1,0,1,3,2,5
70303,SAN RAFAEL,desnutricion aguda,desnutricion moderada (m),2007-08-01,0,2,1,0,1,2,3
80702,SAN RAMON,desnutricion aguda,desnutricion moderada (m),2007-08-01,6,4,3,2,9,6,15
80401,SANTA ANA,desnutricion aguda,desnutricion moderada (m),2007-08-01,3,1,0,0,3,1,4
70101,SANTA CRUZ DE LA SIERRA,desnutricion aguda,desnutricion moderada (m),2007-08-01,54,58,19,26,73,84,157
80303,SANTA ROSA,desnutricion aguda,desnutricion moderada (m),2007-08-01,3,3,0,0,3,3,6
70602,SANTA ROSA DEL SARA,desnutricion aguda,desnutricion moderada (m),2007-08-01,0,1,3,1,3,2,5
41401,SANTIAGO DE HUARI,desnutricion aguda,desnutricion moderada (m),2007-08-01,0,0,1,0,1,0,1
30702,SANTIVAÑES,desnutricion aguda,desnutricion moderada (m),2007-08-01,0,3,0,0,0,3,3
40202,SANTUARIO DE QUILLACAS,desnutricion aguda,desnutricion moderada (m),2007-08-01,2,0,0,4,2,4,6
90303,SENA,desnutricion aguda,desnutricion moderada (m),2007-08-01,4,1,0,0,4,1,5
30703,SICAYA,desnutricion aguda,desnutricion moderada (m),2007-08-01,0,1,2,0,2,1,3
30902,SIPE SIPE,desnutricion aguda,desnutricion moderada (m),2007-08-01,8,10,2,0,10,10,20
10403,SOPACHUY,desnutricion aguda,desnutricion moderada (m),2007-08-01,9,15,8,23,17,38,55
10101,SUCRE,desnutricion aguda,desnutricion moderada (m),2007-08-01,38,36,37,40,75,76,151
31404,TACACHI,desnutricion aguda,desnutricion moderada (m),2007-08-01,0,0,1,1,1,1,2
50303,TACOBAMBA,desnutricion aguda,desnutricion moderada (m),2007-08-01,5,10,2,6,7,16,23
30602,TACOPAYA,desnutricion aguda,desnutricion moderada (m),2007-08-01,11,10,16,17,27,27,54
31101,TAPACARI,desnutricion aguda,desnutricion moderada (m),2007-08-01,19,25,12,15,31,40,71
10601,TARABUCO,desnutricion aguda,desnutricion moderada (m),2007-08-01,55,52,41,50,96,102,198
30401,TARATA,desnutricion aguda,desnutricion moderada (m),2007-08-01,0,1,4,0,4,1,5
60101,TARIJA,desnutricion aguda,desnutricion moderada (m),2007-08-01,20,20,14,18,34,38,72
10202,TARVITA,desnutricion aguda,desnutricion moderada (m),2007-08-01,21,25,20,37,41,62,103
50102,TINGUIPAYA,desnutricion aguda,desnutricion moderada (m),2007-08-01,16,19,20,16,36,35,71
30903,TIQUIPAYA,desnutricion aguda,desnutricion moderada (m),2007-08-01,0,2,0,1,0,3,3
31601,TIRAQUE (CBBA),desnutricion aguda,desnutricion moderada (m),2007-08-01,19,21,15,9,34,30,64
30802,TOCO,desnutricion aguda,desnutricion moderada (m),2007-08-01,2,1,0,1,2,2,4
30803,TOLATA,desnutricion aguda,desnutricion moderada (m),2007-08-01,0,1,0,0,0,1,1
41001,TOLEDO,desnutricion aguda,desnutricion moderada (m),2007-08-01,1,1,0,2,1,3,4
51202,TOMAVE,desnutricion aguda,desnutricion moderada (m),2007-08-01,2,3,2,1,4,4,8
10402,TOMINA,desnutricion aguda,desnutricion moderada (m),2007-08-01,21,13,16,22,37,35,72
50502,TORO TORO,desnutricion aguda,desnutricion moderada (m),2007-08-01,16,11,7,9,23,20,43
31201,TOTORA(CBBA),desnutricion aguda,desnutricion moderada (m),2007-08-01,7,7,4,2,11,9,20
41301,TOTORA(ORR),desnutricion aguda,desnutricion moderada (m),2007-08-01,0,0,1,0,1,0,1
80101,TRINIDAD,desnutricion aguda,desnutricion moderada (m),2007-08-01,15,25,6,9,21,34,55
50801,TUPIZA,desnutricion aguda,desnutricion moderada (m),2007-08-01,9,7,16,13,25,20,45
40402,TURCO,desnutricion aguda,desnutricion moderada (m),2007-08-01,0,1,0,0,0,1,1
50201,UNCIA,desnutricion aguda,desnutricion moderada (m),2007-08-01,25,21,13,14,38,35,73
60401,URIONDO (A. CONCEPCION),desnutricion aguda,desnutricion moderada (m),2007-08-01,1,5,0,5,1,10,11
71502,URUBICHA,desnutricion aguda,desnutricion moderada (m),2007-08-01,2,3,5,4,7,7,14
51201,UYUNI,desnutricion aguda,desnutricion moderada (m),2007-08-01,3,3,0,3,3,6,9
30502,VACAS,desnutricion aguda,desnutricion moderada (m),2007-08-01,6,6,6,5,12,11,23
70801,VALLEGRANDE,desnutricion aguda,desnutricion moderada (m),2007-08-01,0,1,0,0,0,1,1
20801,VIACHA,desnutricion aguda,desnutricion moderada (m),2007-08-01,2,5,3,3,5,8,13
60303,VILLA MONTES,desnutricion aguda,desnutricion moderada (m),2007-08-01,1,4,2,1,3,5,8
90502,VILLA NUEVA (LOMA ALTA),desnutricion aguda,desnutricion moderada (m),2007-08-01,3,9,1,4,4,13,17
31402,VILLA RIVERO,desnutricion aguda,desnutricion moderada (m),2007-08-01,2,3,0,2,2,5,7
10801,VILLA SERRANO,desnutricion aguda,desnutricion moderada (m),2007-08-01,8,7,11,11,19,18,37
31003,VILLA TUNARI,desnutricion aguda,desnutricion moderada (m),2007-08-01,19,19,2,16,21,35,56
11001,VILLA VACA GUZMAN (MUYUPAMPA),desnutricion aguda,desnutricion moderada (m),2007-08-01,1,0,1,0,2,0,2
51501,VILLAZON,desnutricion aguda,desnutricion moderada (m),2007-08-01,19,23,13,16,32,39,71
30904,VINTO,desnutricion aguda,desnutricion moderada (m),2007-08-01,1,1,0,1,1,2,3
50602,VITICHI,desnutricion aguda,desnutricion moderada (m),2007-08-01,7,6,7,8,14,14,28
70201,WARNES,desnutricion aguda,desnutricion moderada (m),2007-08-01,3,10,1,10,4,20,24
60301,YACUIBA,desnutricion aguda,desnutricion moderada (m),2007-08-01,4,3,3,5,7,8,15
10602,YAMPARAEZ,desnutricion aguda,desnutricion moderada (m),2007-08-01,8,4,10,21,18,25,43
70403,YAPACANI,desnutricion aguda,desnutricion moderada (m),2007-08-01,9,7,2,3,11,10,21
50103,YOCALLA,desnutricion aguda,desnutricion moderada (m),2007-08-01,3,2,0,0,3,2,5
10102,YOTALA,desnutricion aguda,desnutricion moderada (m),2007-08-01,3,0,0,0,3,0,3
60402,YUNCHARA,desnutricion aguda,desnutricion moderada (m),2007-08-01,3,3,7,5,10,8,18
10301,ZUDAÑEZ,desnutricion aguda,desnutricion moderada (m),2007-08-01,13,14,14,10,27,24,51
51302,ACACIO,desnutricion aguda,desnutricion moderada (m),2007-09-01,12,14,9,12,21,26,47
30201,AIQUILE,desnutricion aguda,desnutricion moderada (m),2007-09-01,9,7,18,17,27,24,51
31303,ALALAY,desnutricion aguda,desnutricion moderada (m),2007-09-01,5,2,0,3,5,5,10
10404,ALCALA,desnutricion aguda,desnutricion moderada (m),2007-09-01,4,8,5,6,9,14,23
41201,ANDAMARCA,desnutricion aguda,desnutricion moderada (m),2007-09-01,1,0,0,0,1,0,1
40603,ANTEQUERA,desnutricion aguda,desnutricion moderada (m),2007-09-01,5,0,0,3,5,3,8
30402,ANZALDO,desnutricion aguda,desnutricion moderada (m),2007-09-01,5,6,6,10,11,16,27
51301,ARAMPAMPA,desnutricion aguda,desnutricion moderada (m),2007-09-01,17,12,16,9,33,21,54
30501,ARANI,desnutricion aguda,desnutricion moderada (m),2007-09-01,3,4,3,5,6,9,15
30403,ARBIETO,desnutricion aguda,desnutricion moderada (m),2007-09-01,2,3,2,4,4,7,11
30601,ARQUE,desnutricion aguda,desnutricion moderada (m),2007-09-01,8,10,8,18,16,28,44
50802,ATOCHA,desnutricion aguda,desnutricion moderada (m),2007-09-01,1,2,4,2,5,4,9
30301,AYOPAYA (V. DE INDEPENDENCIA),desnutricion aguda,desnutricion moderada (m),2007-09-01,11,5,2,9,13,14,27
10201,AZURDUY,desnutricion aguda,desnutricion moderada (m),2007-09-01,12,24,13,14,25,38,63
80802,BAURES,desnutricion aguda,desnutricion moderada (m),2007-09-01,0,2,1,1,1,3,4
41202,BELEN DE ANDAMARCA,desnutricion aguda,desnutricion moderada (m),2007-09-01,1,1,0,0,1,1,2
50104,BELEN DE URMIRI,desnutricion aguda,desnutricion moderada (m),2007-09-01,1,1,1,0,2,1,3
90104,BELLA FLOR,desnutricion aguda,desnutricion moderada (m),2007-09-01,2,2,1,1,3,3,6
60202,BERMEJO,desnutricion aguda,desnutricion moderada (m),2007-09-01,3,1,5,4,8,5,13
50301,BETANZOS,desnutricion aguda,desnutricion moderada (m),2007-09-01,19,24,21,16,40,40,80
31501,BOLIVAR,desnutricion aguda,desnutricion moderada (m),2007-09-01,7,13,9,9,16,22,38
90103,BOLPEBRA,desnutricion aguda,desnutricion moderada (m),2007-09-01,1,0,0,2,1,2,3
70707,BOYUIBE,desnutricion aguda,desnutricion moderada (m),2007-09-01,1,2,1,0,2,2,4
70401,BUENA VISTA,desnutricion aguda,desnutricion moderada (m),2007-09-01,0,1,0,1,0,2,2
70703,CABEZAS,desnutricion aguda,desnutricion moderada (m),2007-09-01,4,0,0,2,4,2,6
51102,"CAIZA ""D""",desnutricion aguda,desnutricion moderada (m),2007-09-01,3,2,0,2,3,4,7
21003,CAJUATA,desnutricion aguda,desnutricion moderada (m),2007-09-01,2,2,4,0,6,2,8
10701,CAMARGO,desnutricion aguda,desnutricion moderada (m),2007-09-01,5,9,14,17,19,26,45
10901,CAMATAQUI (C. VILLA ABECIA),desnutricion aguda,desnutricion moderada (m),2007-09-01,1,0,3,0,4,0,4
70706,CAMIRI,desnutricion aguda,desnutricion moderada (m),2007-09-01,10,8,10,6,20,14,34
30701,CAPINOTA,desnutricion aguda,desnutricion moderada (m),2007-09-01,5,12,11,6,16,18,34
40102,CARACOLLO,desnutricion aguda,desnutricion moderada (m),2007-09-01,0,1,1,0,1,1,2
60302,CARAPARI,desnutricion aguda,desnutricion moderada (m),2007-09-01,0,1,0,0,0,1,1
50702,CARIPUYO,desnutricion aguda,desnutricion moderada (m),2007-09-01,14,21,10,17,24,38,62
71403,CARMEN RIVERO TORREZ,desnutricion aguda,desnutricion moderada (m),2007-09-01,2,5,2,1,4,6,10
40201,CHALLAPATA,desnutricion aguda,desnutricion moderada (m),2007-09-01,12,1,1,4,13,5,18
50302,CHAQUI,desnutricion aguda,desnutricion moderada (m),2007-09-01,3,2,0,1,3,3,6
70702,CHARAGUA,desnutricion aguda,desnutricion moderada (m),2007-09-01,2,1,2,2,4,3,7
50202,CHAYANTA,desnutricion aguda,desnutricion moderada (m),2007-09-01,11,17,14,14,25,31,56
31204,CHIMORE,desnutricion aguda,desnutricion moderada (m),2007-09-01,3,0,4,2,7,2,9
40302,CHOQUE COTA,desnutricion aguda,desnutricion moderada (m),2007-09-01,0,1,0,0,0,1,1
30801,CLIZA,desnutricion aguda,desnutricion moderada (m),2007-09-01,0,0,0,1,0,1,1
90101,COBIJA,desnutricion aguda,desnutricion moderada (m),2007-09-01,17,10,2,5,19,15,34
30101,COCHABAMBA,desnutricion aguda,desnutricion moderada (m),2007-09-01,67,51,35,34,102,85,187
40902,COIPASA,desnutricion aguda,desnutricion moderada (m),2007-09-01,0,1,0,0,0,1,1
30905,COLCAPIRHUA,desnutricion aguda,desnutricion moderada (m),2007-09-01,10,7,6,5,16,12,28
50901,"COLCHA ""K""",desnutricion aguda,desnutricion moderada (m),2007-09-01,2,4,0,1,2,5,7
31002,COLOMI,desnutricion aguda,desnutricion moderada (m),2007-09-01,4,3,1,3,5,6,11
70603,COLPA BELGICA,desnutricion aguda,desnutricion moderada (m),2007-09-01,0,2,0,0,0,2,2
50401,COLQUECHACA,desnutricion aguda,desnutricion moderada (m),2007-09-01,17,10,15,13,32,23,55
21004,COLQUIRI,desnutricion aguda,desnutricion moderada (m),2007-09-01,1,1,1,0,2,1,3
71301,COMARAPA,desnutricion aguda,desnutricion moderada (m),2007-09-01,2,2,1,6,3,8,11
71101,CONCEPCION,desnutricion aguda,desnutricion moderada (m),2007-09-01,1,2,0,1,1,3,4
40301,CORQUE,desnutricion aguda,desnutricion moderada (m),2007-09-01,0,0,1,0,1,0,1
50601,COTAGAITA,desnutricion aguda,desnutricion moderada (m),2007-09-01,7,14,6,9,13,23,36
70102,COTOCA,desnutricion aguda,desnutricion moderada (m),2007-09-01,7,9,13,10,20,19,39
71106,CUATRO CAÑADAS,desnutricion aguda,desnutricion moderada (m),2007-09-01,1,3,1,0,2,3,5
70704,CUEVO,desnutricion aguda,desnutricion moderada (m),2007-09-01,1,1,1,2,2,3,5
10902,CULPINA,desnutricion aguda,desnutricion moderada (m),2007-09-01,15,13,9,18,24,31,55
40103,EL CHORO,desnutricion aguda,desnutricion moderada (m),2007-09-01,1,0,0,0,1,0,1
71503,EL PUENTE(STC),desnutricion aguda,desnutricion moderada (m),2007-09-01,1,2,4,0,5,2,7
60502,EL PUENTE(TJA),desnutricion aguda,desnutricion moderada (m),2007-09-01,4,1,2,2,6,3,9
70105,EL TORNO,desnutricion aguda,desnutricion moderada (m),2007-09-01,0,8,0,7,0,15,15
10405,EL VILLAR,desnutricion aguda,desnutricion moderada (m),2007-09-01,1,10,4,7,5,17,22
60601,ENTRE RIOS,desnutricion aguda,desnutricion moderada (m),2007-09-01,1,4,5,4,6,8,14
60601,ENTRE RIOS,desnutricion aguda,desnutricion moderada (m),2007-09-01,3,5,7,5,10,10,20
41101,EUCALIPTUS,desnutricion aguda,desnutricion moderada (m),2007-09-01,1,0,0,0,1,0,1
90503,EUREKA (SANTOS MERCADO),desnutricion aguda,desnutricion moderada (m),2007-09-01,2,0,3,1,5,1,6
71004,FERNANDEZ ALONSO,desnutricion aguda,desnutricion moderada (m),2007-09-01,2,1,1,3,3,4,7
90203,FILADELFIA,desnutricion aguda,desnutricion moderada (m),2007-09-01,1,1,0,0,1,1,2
71002,GENERAL SAAVEDRA,desnutricion aguda,desnutricion moderada (m),2007-09-01,5,4,4,4,9,8,17
80202,GUAYARAMERIN,desnutricion aguda,desnutricion moderada (m),2007-09-01,15,12,4,8,19,20,39
70705,GUTIERREZ,desnutricion aguda,desnutricion moderada (m),2007-09-01,14,5,6,8,20,13,33
10502,HUACARETA,desnutricion aguda,desnutricion moderada (m),2007-09-01,1,3,1,3,2,6,8
11002,HUACAYA (VILLA DE HUACAYA),desnutricion aguda,desnutricion moderada (m),2007-09-01,0,0,1,0,1,0,1
40701,HUANUNI,desnutricion aguda,desnutricion moderada (m),2007-09-01,4,2,1,1,5,3,8
80803,HUARACAJE,desnutricion aguda,desnutricion moderada (m),2007-09-01,0,0,0,1,0,1,1
41601,HUAYLLAMARCA,desnutricion aguda,desnutricion moderada (m),2007-09-01,1,0,0,0,1,0,1
21005,ICHOCA,desnutricion aguda,desnutricion moderada (m),2007-09-01,0,1,0,1,0,2,2
10304,ICLA,desnutricion aguda,desnutricion moderada (m),2007-09-01,22,29,25,19,47,48,95
10703,INCAHUASI,desnutricion aguda,desnutricion moderada (m),2007-09-01,31,34,27,23,58,57,115
90402,INGAVI (HUMAITA),desnutricion aguda,desnutricion moderada (m),2007-09-01,1,0,1,0,2,0,2
21001,INQUISIVI,desnutricion aguda,desnutricion moderada (m),2007-09-01,8,5,0,1,8,6,14
70104,LA GUARDIA,desnutricion aguda,desnutricion moderada (m),2007-09-01,8,12,8,3,16,15,31
70701,LAGUNILLAS,desnutricion aguda,desnutricion moderada (m),2007-09-01,0,2,0,1,0,3,3
10903,LAS CARRERAS,desnutricion aguda,desnutricion moderada (m),2007-09-01,0,0,0,1,0,1,1
50203,LLALLAGUA,desnutricion aguda,desnutricion moderada (m),2007-09-01,12,16,16,13,28,29,57
51401,LLICA,desnutricion aguda,desnutricion moderada (m),2007-09-01,1,3,0,0,1,3,4
11003,MACHARETI,desnutricion aguda,desnutricion moderada (m),2007-09-01,1,4,1,5,2,9,11
80801,MAGDALENA,desnutricion aguda,desnutricion moderada (m),2007-09-01,1,1,0,0,1,1,2
70903,MAIRANA,desnutricion aguda,desnutricion moderada (m),2007-09-01,1,0,1,1,2,1,3
20103,MECAPACA,desnutricion aguda,desnutricion moderada (m),2007-09-01,0,2,0,0,0,2,2
71003,MINEROS,desnutricion aguda,desnutricion moderada (m),2007-09-01,4,3,0,1,4,4,8
31301,MIZQUE,desnutricion aguda,desnutricion moderada (m),2007-09-01,12,8,6,5,18,13,31
10303,MOJOCOYA,desnutricion aguda,desnutricion moderada (m),2007-09-01,0,1,1,0,1,1,2
10501,MONTEAGUDO,desnutricion aguda,desnutricion moderada (m),2007-09-01,6,9,9,8,15,17,32
71001,MONTERO,desnutricion aguda,desnutricion moderada (m),2007-09-01,13,19,12,11,25,30,55
70803,MORO MORO,desnutricion aguda,desnutricion moderada (m),2007-09-01,0,3,0,2,0,5,5
30302,MOROCHATA,desnutricion aguda,desnutricion moderada (m),2007-09-01,23,25,13,14,36,39,75
90501,NUEVO MANOA (NUEVA ESPERANZA),desnutricion aguda,desnutricion moderada (m),2007-09-01,1,1,1,2,2,3,5
50404,OCURI,desnutricion aguda,desnutricion moderada (m),2007-09-01,11,23,10,12,21,35,56
70202,OKINAWA,desnutricion aguda,desnutricion moderada (m),2007-09-01,1,0,1,0,2,0,2
40101,ORURO,desnutricion aguda,desnutricion moderada (m),2007-09-01,28,15,1,5,29,20,49
60201,PADCAYA,desnutricion aguda,desnutricion moderada (m),2007-09-01,1,1,2,2,3,3,6
10401,PADILLA,desnutricion aguda,desnutricion moderada (m),2007-09-01,6,6,8,7,14,13,27
70502,PAILON,desnutricion aguda,desnutricion moderada (m),2007-09-01,3,4,0,2,3,6,9
20102,PALCA,desnutricion aguda,desnutricion moderada (m),2007-09-01,6,2,0,0,6,2,8
70902,PAMPA GRANDE,desnutricion aguda,desnutricion moderada (m),2007-09-01,0,0,1,0,1,0,1
50403,POCOATA,desnutricion aguda,desnutricion moderada (m),2007-09-01,12,28,12,21,24,49,73
31203,POCONA,desnutricion aguda,desnutricion moderada (m),2007-09-01,3,5,3,1,6,6,12
31202,POJO (CBBA),desnutricion aguda,desnutricion moderada (m),2007-09-01,4,4,10,4,14,8,22
51203,PORCO,desnutricion aguda,desnutricion moderada (m),2007-09-01,7,7,1,3,8,10,18
10103,POROMA,desnutricion aguda,desnutricion moderada (m),2007-09-01,34,38,24,21,58,59,117
70103,PORONGO,desnutricion aguda,desnutricion moderada (m),2007-09-01,4,1,1,2,5,3,8
70601,PORTACHUELO,desnutricion aguda,desnutricion moderada (m),2007-09-01,0,2,0,4,0,6,6
90102,PORVENIR,desnutricion aguda,desnutricion moderada (m),2007-09-01,0,0,0,1,0,1,1
70804,POSTRER VALLE,desnutricion aguda,desnutricion moderada (m),2007-09-01,0,1,2,0,2,1,3
50101,POTOSI,desnutricion aguda,desnutricion moderada (m),2007-09-01,89,70,30,29,119,99,218
10302,PRESTO,desnutricion aguda,desnutricion moderada (m),2007-09-01,9,7,6,6,15,13,28
70805,PUCARA,desnutricion aguda,desnutricion moderada (m),2007-09-01,0,0,1,0,1,0,1
90301,PUERTO GONZALO MORENO,desnutricion aguda,desnutricion moderada (m),2007-09-01,6,5,5,4,11,9,20
71402,PUERTO QUIJARRO,desnutricion aguda,desnutricion moderada (m),2007-09-01,1,0,0,0,1,0,1
90201,PUERTO RICO,desnutricion aguda,desnutricion moderada (m),2007-09-01,8,3,5,0,13,3,16
80703,PUERTO SILES,desnutricion aguda,desnutricion moderada (m),2007-09-01,1,0,0,1,1,1,2
71401,PUERTO SUAREZ,desnutricion aguda,desnutricion moderada (m),2007-09-01,3,1,0,0,3,1,4
31205,PUERTO VILLARROEL,desnutricion aguda,desnutricion moderada (m),2007-09-01,30,21,10,12,40,33,73
51101,PUNA,desnutricion aguda,desnutricion moderada (m),2007-09-01,30,41,34,34,64,75,139
31401,PUNATA,desnutricion aguda,desnutricion moderada (m),2007-09-01,23,24,16,14,39,38,77
30901,QUILLACOLLO,desnutricion aguda,desnutricion moderada (m),2007-09-01,3,5,9,9,12,14,26
21002,QUIME,desnutricion aguda,desnutricion moderada (m),2007-09-01,0,0,1,0,1,0,1
70904,QUIRUSILLAS,desnutricion aguda,desnutricion moderada (m),2007-09-01,0,0,1,0,1,0,1
50402,RAVELO,desnutricion aguda,desnutricion moderada (m),2007-09-01,53,34,37,39,90,73,163
80301,REYES,desnutricion aguda,desnutricion moderada (m),2007-09-01,1,1,2,3,3,4,7
80201,RIBERALTA,desnutricion aguda,desnutricion moderada (m),2007-09-01,43,72,23,31,66,103,169
70503,ROBORE,desnutricion aguda,desnutricion moderada (m),2007-09-01,4,4,1,2,5,6,11
80304,RURRENABAQUE,desnutricion aguda,desnutricion moderada (m),2007-09-01,2,0,0,0,2,0,2
40901,SABAYA,desnutricion aguda,desnutricion moderada (m),2007-09-01,0,1,0,0,0,1,1
31001,SACABA,desnutricion aguda,desnutricion moderada (m),2007-09-01,12,17,11,15,23,32,55
30404,SACABAMBA,desnutricion aguda,desnutricion moderada (m),2007-09-01,1,1,0,0,1,1,2
50701,SACACA,desnutricion aguda,desnutricion moderada (m),2007-09-01,25,26,17,24,42,50,92
71302,SAIPINA,desnutricion aguda,desnutricion moderada (m),2007-09-01,1,1,0,0,1,1,2
40801,SALINAS DE GARCI MENDOZA,desnutricion aguda,desnutricion moderada (m),2007-09-01,0,1,2,0,2,1,3
70901,SAMAIPATA,desnutricion aguda,desnutricion moderada (m),2007-09-01,1,0,0,1,1,1,2
51601,SAN AGUSTIN,desnutricion aguda,desnutricion moderada (m),2007-09-01,0,1,0,1,0,2,2
80602,SAN ANDRES,desnutricion aguda,desnutricion moderada (m),2007-09-01,3,0,0,0,3,0,3
71105,SAN ANTONIO DE LOMERIO,desnutricion aguda,desnutricion moderada (m),2007-09-01,5,10,9,6,14,16,30
31403,SAN BENITO,desnutricion aguda,desnutricion moderada (m),2007-09-01,2,4,0,1,2,5,7
80302,SAN BORJA,desnutricion aguda,desnutricion moderada (m),2007-09-01,13,20,16,14,29,34,63
70402,SAN CARLOS,desnutricion aguda,desnutricion moderada (m),2007-09-01,11,3,3,2,14,5,19
80501,SAN IGNACIO,desnutricion aguda,desnutricion moderada (m),2007-09-01,10,12,3,3,13,15,28
70301,SAN IGNACIO DE VELASCO,desnutricion aguda,desnutricion moderada (m),2007-09-01,23,33,14,33,37,66,103
80102,SAN JAVIER(BNI),desnutricion aguda,desnutricion moderada (m),2007-09-01,1,0,1,1,2,1,3
71102,SAN JAVIER(STC),desnutricion aguda,desnutricion moderada (m),2007-09-01,0,1,1,0,1,1,2
80701,SAN JOAQUIN,desnutricion aguda,desnutricion moderada (m),2007-09-01,0,2,0,3,0,5,5
70501,SAN JOSE DE CHIQUITOS,desnutricion aguda,desnutricion moderada (m),2007-09-01,6,3,3,4,9,7,16
70404,SAN JUAN DE YAPACANI,desnutricion aguda,desnutricion moderada (m),2007-09-01,1,1,0,3,1,4,5
71104,SAN JULIAN,desnutricion aguda,desnutricion moderada (m),2007-09-01,1,2,0,2,1,4,5
90302,SAN LORENZO(PND),desnutricion aguda,desnutricion moderada (m),2007-09-01,0,2,0,0,0,2,2
60501,SAN LORENZO(TJA),desnutricion aguda,desnutricion moderada (m),2007-09-01,5,13,8,7,13,20,33
10702,SAN LUCAS,desnutricion aguda,desnutricion moderada (m),2007-09-01,48,54,39,41,87,95,182
70302,SAN MIGUEL DE VELASCO,desnutricion aguda,desnutricion moderada (m),2007-09-01,3,0,2,0,5,0,5
51001,SAN PABLO DE LIPEZ,desnutricion aguda,desnutricion moderada (m),2007-09-01,1,1,1,1,2,2,4
71005,SAN PEDRO,desnutricion aguda,desnutricion moderada (m),2007-09-01,1,1,0,1,1,2,3
50501,SAN PEDRO DE BUENA VISTA,desnutricion aguda,desnutricion moderada (m),2007-09-01,12,25,15,15,27,40,67
90202,SAN PEDRO(PND),desnutricion aguda,desnutricion moderada (m),2007-09-01,2,0,0,0,2,0,2
70303,SAN RAFAEL,desnutricion aguda,desnutricion moderada (m),2007-09-01,1,3,1,1,2,4,6
80401,SANTA ANA,desnutricion aguda,desnutricion moderada (m),2007-09-01,3,0,0,0,3,0,3
70101,SANTA CRUZ DE LA SIERRA,desnutricion aguda,desnutricion moderada (m),2007-09-01,55,53,16,30,71,83,154
80303,SANTA ROSA,desnutricion aguda,desnutricion moderada (m),2007-09-01,1,1,0,0,1,1,2
70602,SANTA ROSA DEL SARA,desnutricion aguda,desnutricion moderada (m),2007-09-01,1,2,3,3,4,5,9
41401,SANTIAGO DE HUARI,desnutricion aguda,desnutricion moderada (m),2007-09-01,1,0,1,0,2,0,2
30702,SANTIVAÑES,desnutricion aguda,desnutricion moderada (m),2007-09-01,1,0,0,1,1,1,2
40202,SANTUARIO DE QUILLACAS,desnutricion aguda,desnutricion moderada (m),2007-09-01,1,0,1,4,2,4,6
90303,SENA,desnutricion aguda,desnutricion moderada (m),2007-09-01,0,2,1,1,1,3,4
30703,SICAYA,desnutricion aguda,desnutricion moderada (m),2007-09-01,0,0,0,1,0,1,1
30902,SIPE SIPE,desnutricion aguda,desnutricion moderada (m),2007-09-01,9,7,2,0,11,7,18
10403,SOPACHUY,desnutricion aguda,desnutricion moderada (m),2007-09-01,13,13,8,29,21,42,63
10101,SUCRE,desnutricion aguda,desnutricion moderada (m),2007-09-01,45,43,46,40,91,83,174
50303,TACOBAMBA,desnutricion aguda,desnutricion moderada (m),2007-09-01,10,7,2,13,12,20,32
30602,TACOPAYA,desnutricion aguda,desnutricion moderada (m),2007-09-01,3,2,2,5,5,7,12
31101,TAPACARI,desnutricion aguda,desnutricion moderada (m),2007-09-01,32,31,25,29,57,60,117
10601,TARABUCO,desnutricion aguda,desnutricion moderada (m),2007-09-01,34,51,34,44,68,95,163
30401,TARATA,desnutricion aguda,desnutricion moderada (m),2007-09-01,5,4,0,1,5,5,10
60101,TARIJA,desnutricion aguda,desnutricion moderada (m),2007-09-01,20,30,12,25,32,55,87
10202,TARVITA,desnutricion aguda,desnutricion moderada (m),2007-09-01,19,56,27,35,46,91,137
50102,TINGUIPAYA,desnutricion aguda,desnutricion moderada (m),2007-09-01,26,13,9,16,35,29,64
30903,TIQUIPAYA,desnutricion aguda,desnutricion moderada (m),2007-09-01,2,0,0,3,2,3,5
31601,TIRAQUE (CBBA),desnutricion aguda,desnutricion moderada (m),2007-09-01,24,19,7,23,31,42,73
30802,TOCO,desnutricion aguda,desnutricion moderada (m),2007-09-01,1,1,1,1,2,2,4
30803,TOLATA,desnutricion aguda,desnutricion moderada (m),2007-09-01,0,2,0,1,0,3,3
51202,TOMAVE,desnutricion aguda,desnutricion moderada (m),2007-09-01,3,3,2,5,5,8,13
10402,TOMINA,desnutricion aguda,desnutricion moderada (m),2007-09-01,23,14,18,18,41,32,73
50502,TORO TORO,desnutricion aguda,desnutricion moderada (m),2007-09-01,6,7,3,4,9,11,20
31201,TOTORA(CBBA),desnutricion aguda,desnutricion moderada (m),2007-09-01,4,2,1,2,5,4,9
41301,TOTORA(ORR),desnutricion aguda,desnutricion moderada (m),2007-09-01,1,0,1,1,2,1,3
80101,TRINIDAD,desnutricion aguda,desnutricion moderada (m),2007-09-01,17,15,6,6,23,21,44
50801,TUPIZA,desnutricion aguda,desnutricion moderada (m),2007-09-01,12,5,8,9,20,14,34
40402,TURCO,desnutricion aguda,desnutricion moderada (m),2007-09-01,1,0,0,0,1,0,1
50201,UNCIA,desnutricion aguda,desnutricion moderada (m),2007-09-01,8,11,4,3,12,14,26
60401,URIONDO (A. CONCEPCION),desnutricion aguda,desnutricion moderada (m),2007-09-01,3,0,0,2,3,2,5
71502,URUBICHA,desnutricion aguda,desnutricion moderada (m),2007-09-01,1,1,0,1,1,2,3
51201,UYUNI,desnutricion aguda,desnutricion moderada (m),2007-09-01,4,7,1,7,5,14,19
30502,VACAS,desnutricion aguda,desnutricion moderada (m),2007-09-01,1,6,2,6,3,12,15
70801,VALLEGRANDE,desnutricion aguda,desnutricion moderada (m),2007-09-01,1,0,1,2,2,2,4
20801,VIACHA,desnutricion aguda,desnutricion moderada (m),2007-09-01,2,1,1,3,3,4,7
60303,VILLA MONTES,desnutricion aguda,desnutricion moderada (m),2007-09-01,2,1,3,4,5,5,10
90502,VILLA NUEVA (LOMA ALTA),desnutricion aguda,desnutricion moderada (m),2007-09-01,1,2,1,5,2,7,9
31402,VILLA RIVERO,desnutricion aguda,desnutricion moderada (m),2007-09-01,1,1,1,3,2,4,6
10801,VILLA SERRANO,desnutricion aguda,desnutricion moderada (m),2007-09-01,6,11,7,8,13,19,32
31003,VILLA TUNARI,desnutricion aguda,desnutricion moderada (m),2007-09-01,9,11,4,3,13,14,27
11001,VILLA VACA GUZMAN (MUYUPAMPA),desnutricion aguda,desnutricion moderada (m),2007-09-01,2,0,1,0,3,0,3
51501,VILLAZON,desnutricion aguda,desnutricion moderada (m),2007-09-01,12,14,9,2,21,16,37
30904,VINTO,desnutricion aguda,desnutricion moderada (m),2007-09-01,2,1,0,2,2,3,5
50602,VITICHI,desnutricion aguda,desnutricion moderada (m),2007-09-01,4,9,16,19,20,28,48
70201,WARNES,desnutricion aguda,desnutricion moderada (m),2007-09-01,6,2,3,2,9,4,13
60301,YACUIBA,desnutricion aguda,desnutricion moderada (m),2007-09-01,3,9,3,7,6,16,22
10602,YAMPARAEZ,desnutricion aguda,desnutricion moderada (m),2007-09-01,19,9,17,23,36,32,68
70403,YAPACANI,desnutricion aguda,desnutricion moderada (m),2007-09-01,12,7,4,6,16,13,29
50103,YOCALLA,desnutricion aguda,desnutricion moderada (m),2007-09-01,2,1,1,2,3,3,6
10102,YOTALA,desnutricion aguda,desnutricion moderada (m),2007-09-01,3,2,3,3,6,5,11
60402,YUNCHARA,desnutricion aguda,desnutricion moderada (m),2007-09-01,4,2,8,5,12,7,19
10301,ZUDAÑEZ,desnutricion aguda,desnutricion moderada (m),2007-09-01,19,12,7,19,26,31,57
51302,ACACIO,desnutricion aguda,desnutricion moderada (m),2007-10-01,2,9,12,13,14,22,36
30201,AIQUILE,desnutricion aguda,desnutricion moderada (m),2007-10-01,6,8,6,10,12,18,30
31303,ALALAY,desnutricion aguda,desnutricion moderada (m),2007-10-01,6,3,2,9,8,12,20
10404,ALCALA,desnutricion aguda,desnutricion moderada (m),2007-10-01,3,8,2,3,5,11,16
41201,ANDAMARCA,desnutricion aguda,desnutricion moderada (m),2007-10-01,1,0,0,0,1,0,1
40603,ANTEQUERA,desnutricion aguda,desnutricion moderada (m),2007-10-01,0,4,1,1,1,5,6
30402,ANZALDO,desnutricion aguda,desnutricion moderada (m),2007-10-01,0,1,3,3,3,4,7
51301,ARAMPAMPA,desnutricion aguda,desnutricion moderada (m),2007-10-01,16,13,11,5,27,18,45
30501,ARANI,desnutricion aguda,desnutricion moderada (m),2007-10-01,1,0,3,1,4,1,5
30403,ARBIETO,desnutricion aguda,desnutricion moderada (m),2007-10-01,1,2,2,1,3,3,6
30601,ARQUE,desnutricion aguda,desnutricion moderada (m),2007-10-01,5,15,13,6,18,21,39
71501,ASCENCION DE GUARAYOS,desnutricion aguda,desnutricion moderada (m),2007-10-01,7,13,14,16,21,29,50
50802,ATOCHA,desnutricion aguda,desnutricion moderada (m),2007-10-01,5,10,7,9,12,19,31
30301,AYOPAYA (V. DE INDEPENDENCIA),desnutricion aguda,desnutricion moderada (m),2007-10-01,11,13,8,15,19,28,47
10201,AZURDUY,desnutricion aguda,desnutricion moderada (m),2007-10-01,25,24,9,36,34,60,94
80802,BAURES,desnutricion aguda,desnutricion moderada (m),2007-10-01,3,2,0,3,3,5,8
41202,BELEN DE ANDAMARCA,desnutricion aguda,desnutricion moderada (m),2007-10-01,2,1,1,0,3,1,4
50104,BELEN DE URMIRI,desnutricion aguda,desnutricion moderada (m),2007-10-01,1,2,2,1,3,3,6
90104,BELLA FLOR,desnutricion aguda,desnutricion moderada (m),2007-10-01,2,0,0,0,2,0,2
60202,BERMEJO,desnutricion aguda,desnutricion moderada (m),2007-10-01,12,14,9,3,21,17,38
50301,BETANZOS,desnutricion aguda,desnutricion moderada (m),2007-10-01,20,27,27,30,47,57,104
31501,BOLIVAR,desnutricion aguda,desnutricion moderada (m),2007-10-01,12,18,9,12,21,30,51
90103,BOLPEBRA,desnutricion aguda,desnutricion moderada (m),2007-10-01,1,0,0,0,1,0,1
70707,BOYUIBE,desnutricion aguda,desnutricion moderada (m),2007-10-01,1,1,2,2,3,3,6
70401,BUENA VISTA,desnutricion aguda,desnutricion moderada (m),2007-10-01,0,1,0,0,0,1,1
70703,CABEZAS,desnutricion aguda,desnutricion moderada (m),2007-10-01,1,1,3,0,4,1,5
51102,"CAIZA ""D""",desnutricion aguda,desnutricion moderada (m),2007-10-01,6,5,4,3,10,8,18
21003,CAJUATA,desnutricion aguda,desnutricion moderada (m),2007-10-01,1,1,1,0,2,1,3
10701,CAMARGO,desnutricion aguda,desnutricion moderada (m),2007-10-01,10,13,13,20,23,33,56
10901,CAMATAQUI (C. VILLA ABECIA),desnutricion aguda,desnutricion moderada (m),2007-10-01,0,0,4,3,4,3,7
70706,CAMIRI,desnutricion aguda,desnutricion moderada (m),2007-10-01,11,19,3,4,14,23,37
30701,CAPINOTA,desnutricion aguda,desnutricion moderada (m),2007-10-01,9,11,4,5,13,16,29
40102,CARACOLLO,desnutricion aguda,desnutricion moderada (m),2007-10-01,2,3,0,1,2,4,6
60302,CARAPARI,desnutricion aguda,desnutricion moderada (m),2007-10-01,2,3,3,0,5,3,8
50702,CARIPUYO,desnutricion aguda,desnutricion moderada (m),2007-10-01,11,4,4,13,15,17,32
71403,CARMEN RIVERO TORREZ,desnutricion aguda,desnutricion moderada (m),2007-10-01,3,7,1,0,4,7,11
40201,CHALLAPATA,desnutricion aguda,desnutricion moderada (m),2007-10-01,8,4,5,4,13,8,21
50302,CHAQUI,desnutricion aguda,desnutricion moderada (m),2007-10-01,1,1,0,2,1,3,4
70702,CHARAGUA,desnutricion aguda,desnutricion moderada (m),2007-10-01,3,9,3,4,6,13,19
50202,CHAYANTA,desnutricion aguda,desnutricion moderada (m),2007-10-01,14,14,19,18,33,32,65
31204,CHIMORE,desnutricion aguda,desnutricion moderada (m),2007-10-01,3,7,3,3,6,10,16
40903,CHIPAYA,desnutricion aguda,desnutricion moderada (m),2007-10-01,0,0,0,2,0,2,2
90101,COBIJA,desnutricion aguda,desnutricion moderada (m),2007-10-01,18,12,4,9,22,21,43
30101,COCHABAMBA,desnutricion aguda,desnutricion moderada (m),2007-10-01,56,65,36,35,92,100,192
40902,COIPASA,desnutricion aguda,desnutricion moderada (m),2007-10-01,1,0,0,0,1,0,1
30905,COLCAPIRHUA,desnutricion aguda,desnutricion moderada (m),2007-10-01,7,4,2,2,9,6,15
50901,"COLCHA ""K""",desnutricion aguda,desnutricion moderada (m),2007-10-01,2,2,3,3,5,5,10
31002,COLOMI,desnutricion aguda,desnutricion moderada (m),2007-10-01,11,8,1,4,12,12,24
70603,COLPA BELGICA,desnutricion aguda,desnutricion moderada (m),2007-10-01,0,1,0,0,0,1,1
50401,COLQUECHACA,desnutricion aguda,desnutricion moderada (m),2007-10-01,29,36,20,29,49,65,114
21004,COLQUIRI,desnutricion aguda,desnutricion moderada (m),2007-10-01,2,4,4,1,6,5,11
71301,COMARAPA,desnutricion aguda,desnutricion moderada (m),2007-10-01,3,2,4,5,7,7,14
71101,CONCEPCION,desnutricion aguda,desnutricion moderada (m),2007-10-01,0,7,1,1,1,8,9
40301,CORQUE,desnutricion aguda,desnutricion moderada (m),2007-10-01,1,0,0,0,1,0,1
50601,COTAGAITA,desnutricion aguda,desnutricion moderada (m),2007-10-01,18,18,19,18,37,36,73
70102,COTOCA,desnutricion aguda,desnutricion moderada (m),2007-10-01,4,9,8,6,12,15,27
71106,CUATRO CAÑADAS,desnutricion aguda,desnutricion moderada (m),2007-10-01,2,2,0,0,2,2,4
31405,CUCHUMUELA (V. G. VILLARROEL),desnutricion aguda,desnutricion moderada (m),2007-10-01,1,0,0,0,1,0,1
70704,CUEVO,desnutricion aguda,desnutricion moderada (m),2007-10-01,0,1,1,0,1,1,2
10902,CULPINA,desnutricion aguda,desnutricion moderada (m),2007-10-01,13,11,14,13,27,24,51
40401,CURAHUARA DE CARANGAS,desnutricion aguda,desnutricion moderada (m),2007-10-01,1,0,0,1,1,1,2
60502,EL PUENTE(TJA),desnutricion aguda,desnutricion moderada (m),2007-10-01,1,1,0,5,1,6,7
70105,EL TORNO,desnutricion aguda,desnutricion moderada (m),2007-10-01,2,6,5,1,7,7,14
10405,EL VILLAR,desnutricion aguda,desnutricion moderada (m),2007-10-01,4,5,5,8,9,13,22
60601,ENTRE RIOS,desnutricion aguda,desnutricion moderada (m),2007-10-01,4,4,5,3,9,7,16
60601,ENTRE RIOS,desnutricion aguda,desnutricion moderada (m),2007-10-01,3,0,5,0,8,0,8
80402,EXALTACION,desnutricion aguda,desnutricion moderada (m),2007-10-01,5,0,0,0,5,0,5
71004,FERNANDEZ ALONSO,desnutricion aguda,desnutricion moderada (m),2007-10-01,1,3,4,1,5,4,9
71002,GENERAL SAAVEDRA,desnutricion aguda,desnutricion moderada (m),2007-10-01,3,1,0,0,3,1,4
80202,GUAYARAMERIN,desnutricion aguda,desnutricion moderada (m),2007-10-01,11,22,6,12,17,34,51
70705,GUTIERREZ,desnutricion aguda,desnutricion moderada (m),2007-10-01,8,9,7,12,15,21,36
10502,HUACARETA,desnutricion aguda,desnutricion moderada (m),2007-10-01,4,1,2,4,6,5,11
11002,HUACAYA (VILLA DE HUACAYA),desnutricion aguda,desnutricion moderada (m),2007-10-01,0,1,2,1,2,2,4
40501,HUACHACALLA,desnutricion aguda,desnutricion moderada (m),2007-10-01,1,0,0,0,1,0,1
40701,HUANUNI,desnutricion aguda,desnutricion moderada (m),2007-10-01,4,2,0,0,4,2,6
80803,HUARACAJE,desnutricion aguda,desnutricion moderada (m),2007-10-01,0,1,0,0,0,1,1
41601,HUAYLLAMARCA,desnutricion aguda,desnutricion moderada (m),2007-10-01,0,0,1,0,1,0,1
10304,ICLA,desnutricion aguda,desnutricion moderada (m),2007-10-01,27,23,28,32,55,55,110
10703,INCAHUASI,desnutricion aguda,desnutricion moderada (m),2007-10-01,30,33,18,28,48,61,109
21001,INQUISIVI,desnutricion aguda,desnutricion moderada (m),2007-10-01,6,3,5,5,11,8,19
70104,LA GUARDIA,desnutricion aguda,desnutricion moderada (m),2007-10-01,13,13,3,5,16,18,34
70701,LAGUNILLAS,desnutricion aguda,desnutricion moderada (m),2007-10-01,1,2,1,3,2,5,7
10903,LAS CARRERAS,desnutricion aguda,desnutricion moderada (m),2007-10-01,1,0,0,2,1,2,3
21006,LICOMA PAMPA,desnutricion aguda,desnutricion moderada (m),2007-10-01,0,1,0,0,0,1,1
50203,LLALLAGUA,desnutricion aguda,desnutricion moderada (m),2007-10-01,8,9,7,2,15,11,26
51401,LLICA,desnutricion aguda,desnutricion moderada (m),2007-10-01,0,3,0,3,0,6,6
80601,LORETO,desnutricion aguda,desnutricion moderada (m),2007-10-01,2,3,2,3,4,6,10
40702,MACHACAMARCA,desnutricion aguda,desnutricion moderada (m),2007-10-01,1,0,0,0,1,0,1
11003,MACHARETI,desnutricion aguda,desnutricion moderada (m),2007-10-01,0,0,2,0,2,0,2
80801,MAGDALENA,desnutricion aguda,desnutricion moderada (m),2007-10-01,3,1,0,1,3,2,5
70903,MAIRANA,desnutricion aguda,desnutricion moderada (m),2007-10-01,0,0,1,1,1,1,2
20103,MECAPACA,desnutricion aguda,desnutricion moderada (m),2007-10-01,2,0,0,0,2,0,2
71003,MINEROS,desnutricion aguda,desnutricion moderada (m),2007-10-01,3,4,0,1,3,5,8
31301,MIZQUE,desnutricion aguda,desnutricion moderada (m),2007-10-01,14,14,18,22,32,36,68
10303,MOJOCOYA,desnutricion aguda,desnutricion moderada (m),2007-10-01,5,3,5,9,10,12,22
10501,MONTEAGUDO,desnutricion aguda,desnutricion moderada (m),2007-10-01,10,15,8,8,18,23,41
71001,MONTERO,desnutricion aguda,desnutricion moderada (m),2007-10-01,17,31,7,29,24,60,84
70803,MORO MORO,desnutricion aguda,desnutricion moderada (m),2007-10-01,0,0,2,1,2,1,3
30302,MOROCHATA,desnutricion aguda,desnutricion moderada (m),2007-10-01,15,17,11,11,26,28,54
90501,NUEVO MANOA (NUEVA ESPERANZA),desnutricion aguda,desnutricion moderada (m),2007-10-01,0,1,0,1,0,2,2
50404,OCURI,desnutricion aguda,desnutricion moderada (m),2007-10-01,22,28,30,30,52,58,110
70202,OKINAWA,desnutricion aguda,desnutricion moderada (m),2007-10-01,0,2,1,0,1,2,3
30203,OMEREQUE,desnutricion aguda,desnutricion moderada (m),2007-10-01,1,1,2,2,3,3,6
40101,ORURO,desnutricion aguda,desnutricion moderada (m),2007-10-01,37,23,18,9,55,32,87
60201,PADCAYA,desnutricion aguda,desnutricion moderada (m),2007-10-01,5,3,0,1,5,4,9
10401,PADILLA,desnutricion aguda,desnutricion moderada (m),2007-10-01,4,6,14,13,18,19,37
70502,PAILON,desnutricion aguda,desnutricion moderada (m),2007-10-01,4,11,2,2,6,13,19
20102,PALCA,desnutricion aguda,desnutricion moderada (m),2007-10-01,6,2,1,4,7,6,13
30202,PASORAPA,desnutricion aguda,desnutricion moderada (m),2007-10-01,2,1,0,0,2,1,3
50403,POCOATA,desnutricion aguda,desnutricion moderada (m),2007-10-01,14,8,12,18,26,26,52
31203,POCONA,desnutricion aguda,desnutricion moderada (m),2007-10-01,1,3,4,7,5,10,15
31202,POJO (CBBA),desnutricion aguda,desnutricion moderada (m),2007-10-01,2,1,1,1,3,2,5
40601,POOPO,desnutricion aguda,desnutricion moderada (m),2007-10-01,2,1,0,0,2,1,3
51203,PORCO,desnutricion aguda,desnutricion moderada (m),2007-10-01,10,5,2,7,12,12,24
10103,POROMA,desnutricion aguda,desnutricion moderada (m),2007-10-01,21,31,19,17,40,48,88
70601,PORTACHUELO,desnutricion aguda,desnutricion moderada (m),2007-10-01,5,1,4,3,9,4,13
90102,PORVENIR,desnutricion aguda,desnutricion moderada (m),2007-10-01,1,1,0,0,1,1,2
70804,POSTRER VALLE,desnutricion aguda,desnutricion moderada (m),2007-10-01,0,2,1,0,1,2,3
50101,POTOSI,desnutricion aguda,desnutricion moderada (m),2007-10-01,54,71,38,47,92,118,210
10302,PRESTO,desnutricion aguda,desnutricion moderada (m),2007-10-01,16,4,6,4,22,8,30
70805,PUCARA,desnutricion aguda,desnutricion moderada (m),2007-10-01,0,0,1,1,1,1,2
90301,PUERTO GONZALO MORENO,desnutricion aguda,desnutricion moderada (m),2007-10-01,4,5,4,2,8,7,15
71402,PUERTO QUIJARRO,desnutricion aguda,desnutricion moderada (m),2007-10-01,0,1,0,0,0,1,1
90201,PUERTO RICO,desnutricion aguda,desnutricion moderada (m),2007-10-01,3,2,1,2,4,4,8
80703,PUERTO SILES,desnutricion aguda,desnutricion moderada (m),2007-10-01,0,0,0,1,0,1,1
71401,PUERTO SUAREZ,desnutricion aguda,desnutricion moderada (m),2007-10-01,1,5,0,1,1,6,7
31205,PUERTO VILLARROEL,desnutricion aguda,desnutricion moderada (m),2007-10-01,23,22,9,11,32,33,65
51101,PUNA,desnutricion aguda,desnutricion moderada (m),2007-10-01,33,24,27,29,60,53,113
31401,PUNATA,desnutricion aguda,desnutricion moderada (m),2007-10-01,85,73,37,26,122,99,221
30901,QUILLACOLLO,desnutricion aguda,desnutricion moderada (m),2007-10-01,13,17,6,8,19,25,44
21002,QUIME,desnutricion aguda,desnutricion moderada (m),2007-10-01,4,0,5,5,9,5,14
70904,QUIRUSILLAS,desnutricion aguda,desnutricion moderada (m),2007-10-01,0,1,1,1,1,2,3
50402,RAVELO,desnutricion aguda,desnutricion moderada (m),2007-10-01,45,35,47,48,92,83,175
80301,REYES,desnutricion aguda,desnutricion moderada (m),2007-10-01,3,6,4,0,7,6,13
80201,RIBERALTA,desnutricion aguda,desnutricion moderada (m),2007-10-01,36,67,30,31,66,98,164
70503,ROBORE,desnutricion aguda,desnutricion moderada (m),2007-10-01,2,3,4,2,6,5,11
80304,RURRENABAQUE,desnutricion aguda,desnutricion moderada (m),2007-10-01,0,0,2,0,2,0,2
31001,SACABA,desnutricion aguda,desnutricion moderada (m),2007-10-01,17,12,5,8,22,20,42
30404,SACABAMBA,desnutricion aguda,desnutricion moderada (m),2007-10-01,0,1,0,0,0,1,1
50701,SACACA,desnutricion aguda,desnutricion moderada (m),2007-10-01,36,35,27,37,63,72,135
71302,SAIPINA,desnutricion aguda,desnutricion moderada (m),2007-10-01,1,0,0,0,1,0,1
40801,SALINAS DE GARCI MENDOZA,desnutricion aguda,desnutricion moderada (m),2007-10-01,1,0,1,1,2,1,3
70901,SAMAIPATA,desnutricion aguda,desnutricion moderada (m),2007-10-01,2,0,0,0,2,0,2
51601,SAN AGUSTIN,desnutricion aguda,desnutricion moderada (m),2007-10-01,1,1,0,0,1,1,2
80602,SAN ANDRES,desnutricion aguda,desnutricion moderada (m),2007-10-01,1,0,0,1,1,1,2
51003,SAN ANTONIO DE ESMORUCO,desnutricion aguda,desnutricion moderada (m),2007-10-01,2,0,0,1,2,1,3
71105,SAN ANTONIO DE LOMERIO,desnutricion aguda,desnutricion moderada (m),2007-10-01,9,10,2,4,11,14,25
31403,SAN BENITO,desnutricion aguda,desnutricion moderada (m),2007-10-01,0,0,1,4,1,4,5
80302,SAN BORJA,desnutricion aguda,desnutricion moderada (m),2007-10-01,8,13,26,13,34,26,60
70402,SAN CARLOS,desnutricion aguda,desnutricion moderada (m),2007-10-01,6,4,1,2,7,6,13
80501,SAN IGNACIO,desnutricion aguda,desnutricion moderada (m),2007-10-01,9,12,3,10,12,22,34
70301,SAN IGNACIO DE VELASCO,desnutricion aguda,desnutricion moderada (m),2007-10-01,28,35,21,29,49,64,113
70501,SAN JOSE DE CHIQUITOS,desnutricion aguda,desnutricion moderada (m),2007-10-01,5,7,6,5,11,12,23
70404,SAN JUAN DE YAPACANI,desnutricion aguda,desnutricion moderada (m),2007-10-01,2,2,3,1,5,3,8
71104,SAN JULIAN,desnutricion aguda,desnutricion moderada (m),2007-10-01,2,4,0,1,2,5,7
60501,SAN LORENZO(TJA),desnutricion aguda,desnutricion moderada (m),2007-10-01,7,12,6,11,13,23,36
10702,SAN LUCAS,desnutricion aguda,desnutricion moderada (m),2007-10-01,55,53,34,45,89,98,187
71201,SAN MATIAS,desnutricion aguda,desnutricion moderada (m),2007-10-01,0,1,0,2,0,3,3
70302,SAN MIGUEL DE VELASCO,desnutricion aguda,desnutricion moderada (m),2007-10-01,2,0,0,2,2,2,4
51001,SAN PABLO DE LIPEZ,desnutricion aguda,desnutricion moderada (m),2007-10-01,2,5,3,4,5,9,14
71005,SAN PEDRO,desnutricion aguda,desnutricion moderada (m),2007-10-01,1,2,0,4,1,6,7
50501,SAN PEDRO DE BUENA VISTA,desnutricion aguda,desnutricion moderada (m),2007-10-01,29,30,17,34,46,64,110
50902,SAN PEDRO DE QUEMES,desnutricion aguda,desnutricion moderada (m),2007-10-01,1,0,0,0,1,0,1
90202,SAN PEDRO(PND),desnutricion aguda,desnutricion moderada (m),2007-10-01,1,0,1,3,2,3,5
70303,SAN RAFAEL,desnutricion aguda,desnutricion moderada (m),2007-10-01,1,2,1,0,2,2,4
80702,SAN RAMON,desnutricion aguda,desnutricion moderada (m),2007-10-01,1,2,0,1,1,3,4
80702,SAN RAMON,desnutricion aguda,desnutricion moderada (m),2007-10-01,0,2,1,2,1,4,5
80401,SANTA ANA,desnutricion aguda,desnutricion moderada (m),2007-10-01,3,4,3,3,6,7,13
70101,SANTA CRUZ DE LA SIERRA,desnutricion aguda,desnutricion moderada (m),2007-10-01,83,84,34,20,117,104,221
80303,SANTA ROSA,desnutricion aguda,desnutricion moderada (m),2007-10-01,2,2,0,0,2,2,4
70602,SANTA ROSA DEL SARA,desnutricion aguda,desnutricion moderada (m),2007-10-01,3,4,1,3,4,7,11
41401,SANTIAGO DE HUARI,desnutricion aguda,desnutricion moderada (m),2007-10-01,1,0,1,0,2,0,2
30702,SANTIVAÑES,desnutricion aguda,desnutricion moderada (m),2007-10-01,0,1,0,1,0,2,2
40202,SANTUARIO DE QUILLACAS,desnutricion aguda,desnutricion moderada (m),2007-10-01,0,0,0,1,0,1,1
90303,SENA,desnutricion aguda,desnutricion moderada (m),2007-10-01,3,0,0,0,3,0,3
30703,SICAYA,desnutricion aguda,desnutricion moderada (m),2007-10-01,4,5,2,0,6,5,11
30902,SIPE SIPE,desnutricion aguda,desnutricion moderada (m),2007-10-01,15,10,10,15,25,25,50
10403,SOPACHUY,desnutricion aguda,desnutricion moderada (m),2007-10-01,13,12,10,27,23,39,62
40104,SORACACHI,desnutricion aguda,desnutricion moderada (m),2007-10-01,1,1,1,0,2,1,3
10101,SUCRE,desnutricion aguda,desnutricion moderada (m),2007-10-01,40,29,39,46,79,75,154
31404,TACACHI,desnutricion aguda,desnutricion moderada (m),2007-10-01,0,0,2,0,2,0,2
50303,TACOBAMBA,desnutricion aguda,desnutricion moderada (m),2007-10-01,10,24,12,8,22,32,54
30602,TACOPAYA,desnutricion aguda,desnutricion moderada (m),2007-10-01,11,4,14,19,25,23,48
31101,TAPACARI,desnutricion aguda,desnutricion moderada (m),2007-10-01,25,22,10,21,35,43,78
10601,TARABUCO,desnutricion aguda,desnutricion moderada (m),2007-10-01,50,49,46,53,96,102,198
30401,TARATA,desnutricion aguda,desnutricion moderada (m),2007-10-01,2,1,3,2,5,3,8
60101,TARIJA,desnutricion aguda,desnutricion moderada (m),2007-10-01,31,24,23,23,54,47,101
10202,TARVITA,desnutricion aguda,desnutricion moderada (m),2007-10-01,17,27,30,29,47,56,103
50102,TINGUIPAYA,desnutricion aguda,desnutricion moderada (m),2007-10-01,18,22,24,22,42,44,86
30903,TIQUIPAYA,desnutricion aguda,desnutricion moderada (m),2007-10-01,0,1,1,0,1,1,2
31601,TIRAQUE (CBBA),desnutricion aguda,desnutricion moderada (m),2007-10-01,23,29,14,17,37,46,83
30802,TOCO,desnutricion aguda,desnutricion moderada (m),2007-10-01,2,3,4,2,6,5,11
30803,TOLATA,desnutricion aguda,desnutricion moderada (m),2007-10-01,0,2,0,1,0,3,3
41001,TOLEDO,desnutricion aguda,desnutricion moderada (m),2007-10-01,0,0,1,0,1,0,1
51202,TOMAVE,desnutricion aguda,desnutricion moderada (m),2007-10-01,5,2,1,7,6,9,15
10402,TOMINA,desnutricion aguda,desnutricion moderada (m),2007-10-01,16,18,29,32,45,50,95
50502,TORO TORO,desnutricion aguda,desnutricion moderada (m),2007-10-01,12,6,5,10,17,16,33
31201,TOTORA(CBBA),desnutricion aguda,desnutricion moderada (m),2007-10-01,5,2,0,3,5,5,10
80101,TRINIDAD,desnutricion aguda,desnutricion moderada (m),2007-10-01,26,36,6,15,32,51,83
50801,TUPIZA,desnutricion aguda,desnutricion moderada (m),2007-10-01,9,7,10,15,19,22,41
40402,TURCO,desnutricion aguda,desnutricion moderada (m),2007-10-01,1,1,0,0,1,1,2
50201,UNCIA,desnutricion aguda,desnutricion moderada (m),2007-10-01,8,6,3,4,11,10,21
60401,URIONDO (A. CONCEPCION),desnutricion aguda,desnutricion moderada (m),2007-10-01,1,3,3,2,4,5,9
51201,UYUNI,desnutricion aguda,desnutricion moderada (m),2007-10-01,1,7,1,5,2,12,14
30502,VACAS,desnutricion aguda,desnutricion moderada (m),2007-10-01,4,6,5,4,9,10,19
70801,VALLEGRANDE,desnutricion aguda,desnutricion moderada (m),2007-10-01,4,3,0,0,4,3,7
20801,VIACHA,desnutricion aguda,desnutricion moderada (m),2007-10-01,1,9,1,5,2,14,16
60303,VILLA MONTES,desnutricion aguda,desnutricion moderada (m),2007-10-01,3,6,2,4,5,10,15
90502,VILLA NUEVA (LOMA ALTA),desnutricion aguda,desnutricion moderada (m),2007-10-01,2,3,3,5,5,8,13
31402,VILLA RIVERO,desnutricion aguda,desnutricion moderada (m),2007-10-01,1,3,2,1,3,4,7
10801,VILLA SERRANO,desnutricion aguda,desnutricion moderada (m),2007-10-01,11,8,14,10,25,18,43
31003,VILLA TUNARI,desnutricion aguda,desnutricion moderada (m),2007-10-01,14,32,9,8,23,40,63
11001,VILLA VACA GUZMAN (MUYUPAMPA),desnutricion aguda,desnutricion moderada (m),2007-10-01,2,1,0,0,2,1,3
51501,VILLAZON,desnutricion aguda,desnutricion moderada (m),2007-10-01,28,32,21,22,49,54,103
30904,VINTO,desnutricion aguda,desnutricion moderada (m),2007-10-01,2,0,0,2,2,2,4
50602,VITICHI,desnutricion aguda,desnutricion moderada (m),2007-10-01,10,13,10,11,20,24,44
70201,WARNES,desnutricion aguda,desnutricion moderada (m),2007-10-01,5,1,1,3,6,4,10
60301,YACUIBA,desnutricion aguda,desnutricion moderada (m),2007-10-01,7,19,3,8,10,27,37
10602,YAMPARAEZ,desnutricion aguda,desnutricion moderada (m),2007-10-01,11,9,11,20,22,29,51
70403,YAPACANI,desnutricion aguda,desnutricion moderada (m),2007-10-01,10,12,3,3,13,15,28
50103,YOCALLA,desnutricion aguda,desnutricion moderada (m),2007-10-01,1,0,1,0,2,0,2
10102,YOTALA,desnutricion aguda,desnutricion moderada (m),2007-10-01,0,0,1,0,1,0,1
60402,YUNCHARA,desnutricion aguda,desnutricion moderada (m),2007-10-01,4,1,8,8,12,9,21
10301,ZUDAÑEZ,desnutricion aguda,desnutricion moderada (m),2007-10-01,15,13,17,11,32,24,56
51302,ACACIO,desnutricion aguda,desnutricion moderada (m),2007-11-01,9,5,2,6,11,11,22
30201,AIQUILE,desnutricion aguda,desnutricion moderada (m),2007-11-01,7,10,12,9,19,19,38
31303,ALALAY,desnutricion aguda,desnutricion moderada (m),2007-11-01,3,2,0,1,3,3,6
10404,ALCALA,desnutricion aguda,desnutricion moderada (m),2007-11-01,4,6,3,3,7,9,16
41201,ANDAMARCA,desnutricion aguda,desnutricion moderada (m),2007-11-01,1,0,0,0,1,0,1
40603,ANTEQUERA,desnutricion aguda,desnutricion moderada (m),2007-11-01,1,0,1,0,2,0,2
30402,ANZALDO,desnutricion aguda,desnutricion moderada (m),2007-11-01,2,4,4,2,6,6,12
51301,ARAMPAMPA,desnutricion aguda,desnutricion moderada (m),2007-11-01,12,13,3,3,15,16,31
30501,ARANI,desnutricion aguda,desnutricion moderada (m),2007-11-01,2,1,2,3,4,4,8
30403,ARBIETO,desnutricion aguda,desnutricion moderada (m),2007-11-01,1,2,3,3,4,5,9
30601,ARQUE,desnutricion aguda,desnutricion moderada (m),2007-11-01,15,5,7,10,22,15,37
50802,ATOCHA,desnutricion aguda,desnutricion moderada (m),2007-11-01,4,2,3,11,7,13,20
30301,AYOPAYA (V. DE INDEPENDENCIA),desnutricion aguda,desnutricion moderada (m),2007-11-01,14,12,2,10,16,22,38
10201,AZURDUY,desnutricion aguda,desnutricion moderada (m),2007-11-01,14,13,8,21,22,34,56
80802,BAURES,desnutricion aguda,desnutricion moderada (m),2007-11-01,0,3,0,0,0,3,3
50104,BELEN DE URMIRI,desnutricion aguda,desnutricion moderada (m),2007-11-01,0,1,0,0,0,1,1
90104,BELLA FLOR,desnutricion aguda,desnutricion moderada (m),2007-11-01,0,0,2,0,2,0,2
60202,BERMEJO,desnutricion aguda,desnutricion moderada (m),2007-11-01,12,10,5,4,17,14,31
50301,BETANZOS,desnutricion aguda,desnutricion moderada (m),2007-11-01,20,21,17,9,37,30,67
31501,BOLIVAR,desnutricion aguda,desnutricion moderada (m),2007-11-01,48,16,10,16,58,32,90
90103,BOLPEBRA,desnutricion aguda,desnutricion moderada (m),2007-11-01,1,0,0,1,1,1,2
70707,BOYUIBE,desnutricion aguda,desnutricion moderada (m),2007-11-01,0,0,1,1,1,1,2
70401,BUENA VISTA,desnutricion aguda,desnutricion moderada (m),2007-11-01,0,1,0,1,0,2,2
70703,CABEZAS,desnutricion aguda,desnutricion moderada (m),2007-11-01,1,1,1,2,2,3,5
51102,"CAIZA ""D""",desnutricion aguda,desnutricion moderada (m),2007-11-01,3,4,1,1,4,5,9
21003,CAJUATA,desnutricion aguda,desnutricion moderada (m),2007-11-01,2,0,0,0,2,0,2
10701,CAMARGO,desnutricion aguda,desnutricion moderada (m),2007-11-01,5,12,14,15,19,27,46
10901,CAMATAQUI (C. VILLA ABECIA),desnutricion aguda,desnutricion moderada (m),2007-11-01,2,0,5,0,7,0,7
70706,CAMIRI,desnutricion aguda,desnutricion moderada (m),2007-11-01,5,9,9,6,14,15,29
30701,CAPINOTA,desnutricion aguda,desnutricion moderada (m),2007-11-01,7,4,0,2,7,6,13
40102,CARACOLLO,desnutricion aguda,desnutricion moderada (m),2007-11-01,0,1,0,1,0,2,2
60302,CARAPARI,desnutricion aguda,desnutricion moderada (m),2007-11-01,1,1,0,2,1,3,4
50702,CARIPUYO,desnutricion aguda,desnutricion moderada (m),2007-11-01,9,7,7,16,16,23,39
71403,CARMEN RIVERO TORREZ,desnutricion aguda,desnutricion moderada (m),2007-11-01,4,2,1,1,5,3,8
40201,CHALLAPATA,desnutricion aguda,desnutricion moderada (m),2007-11-01,10,7,3,1,13,8,21
50302,CHAQUI,desnutricion aguda,desnutricion moderada (m),2007-11-01,6,0,2,0,8,0,8
70702,CHARAGUA,desnutricion aguda,desnutricion moderada (m),2007-11-01,9,4,2,1,11,5,16
50202,CHAYANTA,desnutricion aguda,desnutricion moderada (m),2007-11-01,14,13,21,23,35,36,71
31204,CHIMORE,desnutricion aguda,desnutricion moderada (m),2007-11-01,2,1,0,4,2,5,7
90101,COBIJA,desnutricion aguda,desnutricion moderada (m),2007-11-01,29,13,6,4,35,17,52
30101,COCHABAMBA,desnutricion aguda,desnutricion moderada (m),2007-11-01,44,70,21,44,65,114,179
40902,COIPASA,desnutricion aguda,desnutricion moderada (m),2007-11-01,0,1,0,0,0,1,1
30905,COLCAPIRHUA,desnutricion aguda,desnutricion moderada (m),2007-11-01,0,2,3,0,3,2,5
50901,"COLCHA ""K""",desnutricion aguda,desnutricion moderada (m),2007-11-01,3,0,0,0,3,0,3
31002,COLOMI,desnutricion aguda,desnutricion moderada (m),2007-11-01,7,3,2,4,9,7,16
70603,COLPA BELGICA,desnutricion aguda,desnutricion moderada (m),2007-11-01,0,2,0,0,0,2,2
50401,COLQUECHACA,desnutricion aguda,desnutricion moderada (m),2007-11-01,20,11,11,15,31,26,57
21004,COLQUIRI,desnutricion aguda,desnutricion moderada (m),2007-11-01,2,3,2,1,4,4,8
71301,COMARAPA,desnutricion aguda,desnutricion moderada (m),2007-11-01,2,3,1,4,3,7,10
71101,CONCEPCION,desnutricion aguda,desnutricion moderada (m),2007-11-01,5,2,2,2,7,4,11
50601,COTAGAITA,desnutricion aguda,desnutricion moderada (m),2007-11-01,16,16,13,11,29,27,56
70102,COTOCA,desnutricion aguda,desnutricion moderada (m),2007-11-01,8,15,3,7,11,22,33
71106,CUATRO CAÑADAS,desnutricion aguda,desnutricion moderada (m),2007-11-01,0,2,0,1,0,3,3
70704,CUEVO,desnutricion aguda,desnutricion moderada (m),2007-11-01,2,0,0,1,2,1,3
10902,CULPINA,desnutricion aguda,desnutricion moderada (m),2007-11-01,8,7,4,6,12,13,25
40401,CURAHUARA DE CARANGAS,desnutricion aguda,desnutricion moderada (m),2007-11-01,3,1,0,0,3,1,4
40103,EL CHORO,desnutricion aguda,desnutricion moderada (m),2007-11-01,0,1,0,0,0,1,1
71503,EL PUENTE(STC),desnutricion aguda,desnutricion moderada (m),2007-11-01,3,0,0,0,3,0,3
60502,EL PUENTE(TJA),desnutricion aguda,desnutricion moderada (m),2007-11-01,4,1,1,3,5,4,9
70105,EL TORNO,desnutricion aguda,desnutricion moderada (m),2007-11-01,4,5,6,4,10,9,19
10405,EL VILLAR,desnutricion aguda,desnutricion moderada (m),2007-11-01,5,1,2,4,7,5,12
60601,ENTRE RIOS,desnutricion aguda,desnutricion moderada (m),2007-11-01,2,3,1,1,3,4,7
60601,ENTRE RIOS,desnutricion aguda,desnutricion moderada (m),2007-11-01,0,0,0,2,0,2,2
41101,EUCALIPTUS,desnutricion aguda,desnutricion moderada (m),2007-11-01,0,0,1,0,1,0,1
90503,EUREKA (SANTOS MERCADO),desnutricion aguda,desnutricion moderada (m),2007-11-01,2,3,3,3,5,6,11
80402,EXALTACION,desnutricion aguda,desnutricion moderada (m),2007-11-01,1,1,2,2,3,3,6
71004,FERNANDEZ ALONSO,desnutricion aguda,desnutricion moderada (m),2007-11-01,1,3,1,2,2,5,7
90203,FILADELFIA,desnutricion aguda,desnutricion moderada (m),2007-11-01,1,4,1,0,2,4,6
71002,GENERAL SAAVEDRA,desnutricion aguda,desnutricion moderada (m),2007-11-01,2,6,1,3,3,9,12
80202,GUAYARAMERIN,desnutricion aguda,desnutricion moderada (m),2007-11-01,15,10,4,10,19,20,39
70705,GUTIERREZ,desnutricion aguda,desnutricion moderada (m),2007-11-01,19,12,9,13,28,25,53
10502,HUACARETA,desnutricion aguda,desnutricion moderada (m),2007-11-01,1,2,1,3,2,5,7
11002,HUACAYA (VILLA DE HUACAYA),desnutricion aguda,desnutricion moderada (m),2007-11-01,0,1,0,0,0,1,1
80803,HUARACAJE,desnutricion aguda,desnutricion moderada (m),2007-11-01,0,0,0,1,0,1,1
41601,HUAYLLAMARCA,desnutricion aguda,desnutricion moderada (m),2007-11-01,0,1,0,1,0,2,2
21005,ICHOCA,desnutricion aguda,desnutricion moderada (m),2007-11-01,1,0,0,1,1,1,2
10304,ICLA,desnutricion aguda,desnutricion moderada (m),2007-11-01,16,20,19,24,35,44,79
10703,INCAHUASI,desnutricion aguda,desnutricion moderada (m),2007-11-01,30,18,15,16,45,34,79
21001,INQUISIVI,desnutricion aguda,desnutricion moderada (m),2007-11-01,5,3,0,2,5,5,10
70104,LA GUARDIA,desnutricion aguda,desnutricion moderada (m),2007-11-01,10,12,11,6,21,18,39
70701,LAGUNILLAS,desnutricion aguda,desnutricion moderada (m),2007-11-01,0,1,2,5,2,6,8
10903,LAS CARRERAS,desnutricion aguda,desnutricion moderada (m),2007-11-01,1,0,0,0,1,0,1
21006,LICOMA PAMPA,desnutricion aguda,desnutricion moderada (m),2007-11-01,1,0,0,0,1,0,1
50203,LLALLAGUA,desnutricion aguda,desnutricion moderada (m),2007-11-01,9,6,11,16,20,22,42
51401,LLICA,desnutricion aguda,desnutricion moderada (m),2007-11-01,0,0,1,0,1,0,1
80601,LORETO,desnutricion aguda,desnutricion moderada (m),2007-11-01,0,1,0,0,0,1,1
11003,MACHARETI,desnutricion aguda,desnutricion moderada (m),2007-11-01,0,1,8,2,8,3,11
80801,MAGDALENA,desnutricion aguda,desnutricion moderada (m),2007-11-01,1,1,0,2,1,3,4
70903,MAIRANA,desnutricion aguda,desnutricion moderada (m),2007-11-01,0,0,2,0,2,0,2
20103,MECAPACA,desnutricion aguda,desnutricion moderada (m),2007-11-01,0,2,2,0,2,2,4
71003,MINEROS,desnutricion aguda,desnutricion moderada (m),2007-11-01,0,2,1,1,1,3,4
31301,MIZQUE,desnutricion aguda,desnutricion moderada (m),2007-11-01,12,13,13,13,25,26,51
51002,MOJINETE,desnutricion aguda,desnutricion moderada (m),2007-11-01,0,1,0,2,0,3,3
10303,MOJOCOYA,desnutricion aguda,desnutricion moderada (m),2007-11-01,7,3,7,12,14,15,29
10501,MONTEAGUDO,desnutricion aguda,desnutricion moderada (m),2007-11-01,6,6,9,8,15,14,29
71001,MONTERO,desnutricion aguda,desnutricion moderada (m),2007-11-01,23,20,15,13,38,33,71
30302,MOROCHATA,desnutricion aguda,desnutricion moderada (m),2007-11-01,17,14,14,7,31,21,52
90401,NACEBE (SANTA ROSA DEL ABUNA),desnutricion aguda,desnutricion moderada (m),2007-11-01,0,0,0,1,0,1,1
50404,OCURI,desnutricion aguda,desnutricion moderada (m),2007-11-01,39,34,18,22,57,56,113
70202,OKINAWA,desnutricion aguda,desnutricion moderada (m),2007-11-01,0,0,1,1,1,1,2
30203,OMEREQUE,desnutricion aguda,desnutricion moderada (m),2007-11-01,1,1,0,0,1,1,2
40101,ORURO,desnutricion aguda,desnutricion moderada (m),2007-11-01,12,12,6,3,18,15,33
60201,PADCAYA,desnutricion aguda,desnutricion moderada (m),2007-11-01,1,3,2,2,3,5,8
10401,PADILLA,desnutricion aguda,desnutricion moderada (m),2007-11-01,11,6,8,9,19,15,34
70502,PAILON,desnutricion aguda,desnutricion moderada (m),2007-11-01,1,5,3,2,4,7,11
20102,PALCA,desnutricion aguda,desnutricion moderada (m),2007-11-01,3,5,1,2,4,7,11
30202,PASORAPA,desnutricion aguda,desnutricion moderada (m),2007-11-01,0,1,1,0,1,1,2
40602,PAZÑA,desnutricion aguda,desnutricion moderada (m),2007-11-01,1,0,0,0,1,0,1
50403,POCOATA,desnutricion aguda,desnutricion moderada (m),2007-11-01,11,22,16,21,27,43,70
31203,POCONA,desnutricion aguda,desnutricion moderada (m),2007-11-01,1,2,2,1,3,3,6
31202,POJO (CBBA),desnutricion aguda,desnutricion moderada (m),2007-11-01,2,0,0,2,2,2,4
40601,POOPO,desnutricion aguda,desnutricion moderada (m),2007-11-01,1,0,0,0,1,0,1
51203,PORCO,desnutricion aguda,desnutricion moderada (m),2007-11-01,1,6,4,6,5,12,17
10103,POROMA,desnutricion aguda,desnutricion moderada (m),2007-11-01,21,28,14,17,35,45,80
70103,PORONGO,desnutricion aguda,desnutricion moderada (m),2007-11-01,0,1,0,1,0,2,2
70601,PORTACHUELO,desnutricion aguda,desnutricion moderada (m),2007-11-01,4,2,0,3,4,5,9
90102,PORVENIR,desnutricion aguda,desnutricion moderada (m),2007-11-01,2,0,0,0,2,0,2
70804,POSTRER VALLE,desnutricion aguda,desnutricion moderada (m),2007-11-01,0,0,1,0,1,0,1
50101,POTOSI,desnutricion aguda,desnutricion moderada (m),2007-11-01,54,74,31,28,85,102,187
10302,PRESTO,desnutricion aguda,desnutricion moderada (m),2007-11-01,8,6,3,5,11,11,22
70805,PUCARA,desnutricion aguda,desnutricion moderada (m),2007-11-01,1,0,0,1,1,1,2
90301,PUERTO GONZALO MORENO,desnutricion aguda,desnutricion moderada (m),2007-11-01,5,8,6,2,11,10,21
90201,PUERTO RICO,desnutricion aguda,desnutricion moderada (m),2007-11-01,0,2,0,2,0,4,4
80703,PUERTO SILES,desnutricion aguda,desnutricion moderada (m),2007-11-01,0,0,0,1,0,1,1
71401,PUERTO SUAREZ,desnutricion aguda,desnutricion moderada (m),2007-11-01,2,5,0,0,2,5,7
31205,PUERTO VILLARROEL,desnutricion aguda,desnutricion moderada (m),2007-11-01,23,20,19,10,42,30,72
51101,PUNA,desnutricion aguda,desnutricion moderada (m),2007-11-01,41,33,29,29,70,62,132
31401,PUNATA,desnutricion aguda,desnutricion moderada (m),2007-11-01,100,70,59,50,159,120,279
30901,QUILLACOLLO,desnutricion aguda,desnutricion moderada (m),2007-11-01,10,7,10,7,20,14,34
21002,QUIME,desnutricion aguda,desnutricion moderada (m),2007-11-01,1,1,0,0,1,1,2
70904,QUIRUSILLAS,desnutricion aguda,desnutricion moderada (m),2007-11-01,0,0,0,1,0,1,1
50402,RAVELO,desnutricion aguda,desnutricion moderada (m),2007-11-01,48,39,29,46,77,85,162
80301,REYES,desnutricion aguda,desnutricion moderada (m),2007-11-01,2,0,2,1,4,1,5
80201,RIBERALTA,desnutricion aguda,desnutricion moderada (m),2007-11-01,70,83,26,33,96,116,212
70503,ROBORE,desnutricion aguda,desnutricion moderada (m),2007-11-01,3,2,0,3,3,5,8
80304,RURRENABAQUE,desnutricion aguda,desnutricion moderada (m),2007-11-01,0,2,0,0,0,2,2
31001,SACABA,desnutricion aguda,desnutricion moderada (m),2007-11-01,20,10,9,21,29,31,60
30404,SACABAMBA,desnutricion aguda,desnutricion moderada (m),2007-11-01,1,1,0,0,1,1,2
50701,SACACA,desnutricion aguda,desnutricion moderada (m),2007-11-01,23,20,16,20,39,40,79
71302,SAIPINA,desnutricion aguda,desnutricion moderada (m),2007-11-01,1,0,1,0,2,0,2
40801,SALINAS DE GARCI MENDOZA,desnutricion aguda,desnutricion moderada (m),2007-11-01,1,0,0,1,1,1,2
70901,SAMAIPATA,desnutricion aguda,desnutricion moderada (m),2007-11-01,1,0,1,1,2,1,3
51601,SAN AGUSTIN,desnutricion aguda,desnutricion moderada (m),2007-11-01,0,1,0,1,0,2,2
80602,SAN ANDRES,desnutricion aguda,desnutricion moderada (m),2007-11-01,1,0,0,0,1,0,1
51003,SAN ANTONIO DE ESMORUCO,desnutricion aguda,desnutricion moderada (m),2007-11-01,1,0,0,0,1,0,1
31403,SAN BENITO,desnutricion aguda,desnutricion moderada (m),2007-11-01,2,4,3,2,5,6,11
80302,SAN BORJA,desnutricion aguda,desnutricion moderada (m),2007-11-01,4,12,4,4,8,16,24
70402,SAN CARLOS,desnutricion aguda,desnutricion moderada (m),2007-11-01,7,3,1,0,8,3,11
80501,SAN IGNACIO,desnutricion aguda,desnutricion moderada (m),2007-11-01,26,24,2,6,28,30,58
70301,SAN IGNACIO DE VELASCO,desnutricion aguda,desnutricion moderada (m),2007-11-01,19,34,19,29,38,63,101
80102,SAN JAVIER(BNI),desnutricion aguda,desnutricion moderada (m),2007-11-01,0,1,0,0,0,1,1
71102,SAN JAVIER(STC),desnutricion aguda,desnutricion moderada (m),2007-11-01,1,1,1,1,2,2,4
80701,SAN JOAQUIN,desnutricion aguda,desnutricion moderada (m),2007-11-01,0,4,0,0,0,4,4
70501,SAN JOSE DE CHIQUITOS,desnutricion aguda,desnutricion moderada (m),2007-11-01,4,2,3,3,7,5,12
70404,SAN JUAN DE YAPACANI,desnutricion aguda,desnutricion moderada (m),2007-11-01,1,5,3,2,4,7,11
71104,SAN JULIAN,desnutricion aguda,desnutricion moderada (m),2007-11-01,2,4,1,2,3,6,9
90302,SAN LORENZO(PND),desnutricion aguda,desnutricion moderada (m),2007-11-01,0,8,3,0,3,8,11
60501,SAN LORENZO(TJA),desnutricion aguda,desnutricion moderada (m),2007-11-01,5,3,3,4,8,7,15
10702,SAN LUCAS,desnutricion aguda,desnutricion moderada (m),2007-11-01,51,46,33,33,84,79,163
71201,SAN MATIAS,desnutricion aguda,desnutricion moderada (m),2007-11-01,1,4,3,0,4,4,8
70302,SAN MIGUEL DE VELASCO,desnutricion aguda,desnutricion moderada (m),2007-11-01,1,1,3,1,4,2,6
51001,SAN PABLO DE LIPEZ,desnutricion aguda,desnutricion moderada (m),2007-11-01,4,1,0,1,4,2,6
71005,SAN PEDRO,desnutricion aguda,desnutricion moderada (m),2007-11-01,2,0,0,3,2,3,5
50501,SAN PEDRO DE BUENA VISTA,desnutricion aguda,desnutricion moderada (m),2007-11-01,13,4,5,12,18,16,34
50902,SAN PEDRO DE QUEMES,desnutricion aguda,desnutricion moderada (m),2007-11-01,1,0,0,0,1,0,1
90202,SAN PEDRO(PND),desnutricion aguda,desnutricion moderada (m),2007-11-01,1,0,0,0,1,0,1
70303,SAN RAFAEL,desnutricion aguda,desnutricion moderada (m),2007-11-01,6,2,0,0,6,2,8
80702,SAN RAMON,desnutricion aguda,desnutricion moderada (m),2007-11-01,0,1,0,2,0,3,3
80702,SAN RAMON,desnutricion aguda,desnutricion moderada (m),2007-11-01,1,4,0,1,1,5,6
80401,SANTA ANA,desnutricion aguda,desnutricion moderada (m),2007-11-01,7,4,3,1,10,5,15
70101,SANTA CRUZ DE LA SIERRA,desnutricion aguda,desnutricion moderada (m),2007-11-01,23,28,9,5,32,33,65
70602,SANTA ROSA DEL SARA,desnutricion aguda,desnutricion moderada (m),2007-11-01,4,1,2,3,6,4,10
41401,SANTIAGO DE HUARI,desnutricion aguda,desnutricion moderada (m),2007-11-01,1,1,0,0,1,1,2
30702,SANTIVAÑES,desnutricion aguda,desnutricion moderada (m),2007-11-01,1,2,0,3,1,5,6
30902,SIPE SIPE,desnutricion aguda,desnutricion moderada (m),2007-11-01,17,9,8,8,25,17,42
10403,SOPACHUY,desnutricion aguda,desnutricion moderada (m),2007-11-01,12,15,5,12,17,27,44
40104,SORACACHI,desnutricion aguda,desnutricion moderada (m),2007-11-01,1,3,0,1,1,4,5
10101,SUCRE,desnutricion aguda,desnutricion moderada (m),2007-11-01,54,49,44,39,98,88,186
50303,TACOBAMBA,desnutricion aguda,desnutricion moderada (m),2007-11-01,7,7,3,4,10,11,21
30602,TACOPAYA,desnutricion aguda,desnutricion moderada (m),2007-11-01,3,6,2,6,5,12,17
31101,TAPACARI,desnutricion aguda,desnutricion moderada (m),2007-11-01,31,38,12,18,43,56,99
10601,TARABUCO,desnutricion aguda,desnutricion moderada (m),2007-11-01,26,16,18,27,44,43,87
30401,TARATA,desnutricion aguda,desnutricion moderada (m),2007-11-01,1,4,0,0,1,4,5
60101,TARIJA,desnutricion aguda,desnutricion moderada (m),2007-11-01,16,22,13,15,29,37,66
10202,TARVITA,desnutricion aguda,desnutricion moderada (m),2007-11-01,22,10,18,34,40,44,84
50102,TINGUIPAYA,desnutricion aguda,desnutricion moderada (m),2007-11-01,17,10,18,6,35,16,51
30903,TIQUIPAYA,desnutricion aguda,desnutricion moderada (m),2007-11-01,4,3,0,2,4,5,9
31601,TIRAQUE (CBBA),desnutricion aguda,desnutricion moderada (m),2007-11-01,24,21,19,13,43,34,77
51202,TOMAVE,desnutricion aguda,desnutricion moderada (m),2007-11-01,5,3,0,1,5,4,9
10402,TOMINA,desnutricion aguda,desnutricion moderada (m),2007-11-01,13,12,15,23,28,35,63
50502,TORO TORO,desnutricion aguda,desnutricion moderada (m),2007-11-01,10,6,6,5,16,11,27
31201,TOTORA(CBBA),desnutricion aguda,desnutricion moderada (m),2007-11-01,3,2,1,4,4,6,10
80101,TRINIDAD,desnutricion aguda,desnutricion moderada (m),2007-11-01,24,17,14,11,38,28,66
50801,TUPIZA,desnutricion aguda,desnutricion moderada (m),2007-11-01,14,9,17,21,31,30,61
50201,UNCIA,desnutricion aguda,desnutricion moderada (m),2007-11-01,6,8,5,7,11,15,26
60401,URIONDO (A. CONCEPCION),desnutricion aguda,desnutricion moderada (m),2007-11-01,1,0,1,1,2,1,3
51201,UYUNI,desnutricion aguda,desnutricion moderada (m),2007-11-01,5,2,2,4,7,6,13
30502,VACAS,desnutricion aguda,desnutricion moderada (m),2007-11-01,5,3,1,2,6,5,11
70801,VALLEGRANDE,desnutricion aguda,desnutricion moderada (m),2007-11-01,1,1,1,1,2,2,4
20801,VIACHA,desnutricion aguda,desnutricion moderada (m),2007-11-01,8,6,2,2,10,8,18
31302,VILA VILA,desnutricion aguda,desnutricion moderada (m),2007-11-01,2,1,4,2,6,3,9
60303,VILLA MONTES,desnutricion aguda,desnutricion moderada (m),2007-11-01,8,6,2,7,10,13,23
90502,VILLA NUEVA (LOMA ALTA),desnutricion aguda,desnutricion moderada (m),2007-11-01,0,1,0,1,0,2,2
31402,VILLA RIVERO,desnutricion aguda,desnutricion moderada (m),2007-11-01,0,5,1,1,1,6,7
10801,VILLA SERRANO,desnutricion aguda,desnutricion moderada (m),2007-11-01,6,6,7,5,13,11,24
31003,VILLA TUNARI,desnutricion aguda,desnutricion moderada (m),2007-11-01,12,32,6,6,18,38,56
11001,VILLA VACA GUZMAN (MUYUPAMPA),desnutricion aguda,desnutricion moderada (m),2007-11-01,0,3,2,3,2,6,8
51501,VILLAZON,desnutricion aguda,desnutricion moderada (m),2007-11-01,28,28,14,25,42,53,95
30904,VINTO,desnutricion aguda,desnutricion moderada (m),2007-11-01,2,1,1,1,3,2,5
50602,VITICHI,desnutricion aguda,desnutricion moderada (m),2007-11-01,6,9,16,13,22,22,44
70201,WARNES,desnutricion aguda,desnutricion moderada (m),2007-11-01,5,1,0,4,5,5,10
60301,YACUIBA,desnutricion aguda,desnutricion moderada (m),2007-11-01,3,14,1,5,4,19,23
10602,YAMPARAEZ,desnutricion aguda,desnutricion moderada (m),2007-11-01,18,7,14,21,32,28,60
70403,YAPACANI,desnutricion aguda,desnutricion moderada (m),2007-11-01,7,3,2,3,9,6,15
50103,YOCALLA,desnutricion aguda,desnutricion moderada (m),2007-11-01,1,0,0,1,1,1,2
10102,YOTALA,desnutricion aguda,desnutricion moderada (m),2007-11-01,4,1,0,0,4,1,5
60402,YUNCHARA,desnutricion aguda,desnutricion moderada (m),2007-11-01,3,3,4,3,7,6,13
10301,ZUDAÑEZ,desnutricion aguda,desnutricion moderada (m),2007-11-01,6,2,4,7,10,9,19
51302,ACACIO,desnutricion aguda,desnutricion moderada (m),2007-12-01,12,6,3,8,15,14,29
30201,AIQUILE,desnutricion aguda,desnutricion moderada (m),2007-12-01,5,3,4,3,9,6,15
31303,ALALAY,desnutricion aguda,desnutricion moderada (m),2007-12-01,1,1,1,4,2,5,7
10404,ALCALA,desnutricion aguda,desnutricion moderada (m),2007-12-01,2,5,5,3,7,8,15
40603,ANTEQUERA,desnutricion aguda,desnutricion moderada (m),2007-12-01,1,0,2,4,3,4,7
30402,ANZALDO,desnutricion aguda,desnutricion moderada (m),2007-12-01,0,2,0,2,0,4,4
51301,ARAMPAMPA,desnutricion aguda,desnutricion moderada (m),2007-12-01,10,11,6,4,16,15,31
30501,ARANI,desnutricion aguda,desnutricion moderada (m),2007-12-01,1,0,0,0,1,0,1
30403,ARBIETO,desnutricion aguda,desnutricion moderada (m),2007-12-01,4,0,1,2,5,2,7
30601,ARQUE,desnutricion aguda,desnutricion moderada (m),2007-12-01,9,11,5,4,14,15,29
71501,ASCENCION DE GUARAYOS,desnutricion aguda,desnutricion moderada (m),2007-12-01,30,19,23,33,53,52,105
50802,ATOCHA,desnutricion aguda,desnutricion moderada (m),2007-12-01,4,4,1,6,5,10,15
30301,AYOPAYA (V. DE INDEPENDENCIA),desnutricion aguda,desnutricion moderada (m),2007-12-01,10,7,1,2,11,9,20
10201,AZURDUY,desnutricion aguda,desnutricion moderada (m),2007-12-01,6,5,6,13,12,18,30
80802,BAURES,desnutricion aguda,desnutricion moderada (m),2007-12-01,0,2,1,0,1,2,3
50104,BELEN DE URMIRI,desnutricion aguda,desnutricion moderada (m),2007-12-01,0,1,1,1,1,2,3
90104,BELLA FLOR,desnutricion aguda,desnutricion moderada (m),2007-12-01,0,2,2,0,2,2,4
60202,BERMEJO,desnutricion aguda,desnutricion moderada (m),2007-12-01,6,4,1,2,7,6,13
50301,BETANZOS,desnutricion aguda,desnutricion moderada (m),2007-12-01,18,22,20,17,38,39,77
31501,BOLIVAR,desnutricion aguda,desnutricion moderada (m),2007-12-01,11,11,2,7,13,18,31
90103,BOLPEBRA,desnutricion aguda,desnutricion moderada (m),2007-12-01,0,0,0,2,0,2,2
70703,CABEZAS,desnutricion aguda,desnutricion moderada (m),2007-12-01,5,5,5,6,10,11,21
51102,"CAIZA ""D""",desnutricion aguda,desnutricion moderada (m),2007-12-01,2,1,0,0,2,1,3
21003,CAJUATA,desnutricion aguda,desnutricion moderada (m),2007-12-01,1,0,0,1,1,1,2
10701,CAMARGO,desnutricion aguda,desnutricion moderada (m),2007-12-01,11,10,9,17,20,27,47
10901,CAMATAQUI (C. VILLA ABECIA),desnutricion aguda,desnutricion moderada (m),2007-12-01,0,1,3,4,3,5,8
70706,CAMIRI,desnutricion aguda,desnutricion moderada (m),2007-12-01,5,10,8,5,13,15,28
30701,CAPINOTA,desnutricion aguda,desnutricion moderada (m),2007-12-01,5,2,0,3,5,5,10
40102,CARACOLLO,desnutricion aguda,desnutricion moderada (m),2007-12-01,0,2,0,1,0,3,3
60302,CARAPARI,desnutricion aguda,desnutricion moderada (m),2007-12-01,0,0,1,1,1,1,2
50702,CARIPUYO,desnutricion aguda,desnutricion moderada (m),2007-12-01,17,14,12,17,29,31,60
71403,CARMEN RIVERO TORREZ,desnutricion aguda,desnutricion moderada (m),2007-12-01,1,0,1,2,2,2,4
40201,CHALLAPATA,desnutricion aguda,desnutricion moderada (m),2007-12-01,10,9,3,0,13,9,22
50302,CHAQUI,desnutricion aguda,desnutricion moderada (m),2007-12-01,0,0,1,1,1,1,2
70702,CHARAGUA,desnutricion aguda,desnutricion moderada (m),2007-12-01,8,4,5,2,13,6,19
50202,CHAYANTA,desnutricion aguda,desnutricion moderada (m),2007-12-01,12,13,12,17,24,30,54
31204,CHIMORE,desnutricion aguda,desnutricion moderada (m),2007-12-01,1,2,0,2,1,4,5
40903,CHIPAYA,desnutricion aguda,desnutricion moderada (m),2007-12-01,0,0,0,3,0,3,3
30801,CLIZA,desnutricion aguda,desnutricion moderada (m),2007-12-01,0,2,0,0,0,2,2
90101,COBIJA,desnutricion aguda,desnutricion moderada (m),2007-12-01,17,10,3,6,20,16,36
30101,COCHABAMBA,desnutricion aguda,desnutricion moderada (m),2007-12-01,73,58,21,36,94,94,188
30905,COLCAPIRHUA,desnutricion aguda,desnutricion moderada (m),2007-12-01,2,2,3,0,5,2,7
50901,"COLCHA ""K""",desnutricion aguda,desnutricion moderada (m),2007-12-01,1,0,0,0,1,0,1
31002,COLOMI,desnutricion aguda,desnutricion moderada (m),2007-12-01,2,5,0,1,2,6,8
70603,COLPA BELGICA,desnutricion aguda,desnutricion moderada (m),2007-12-01,0,0,1,0,1,0,1
50401,COLQUECHACA,desnutricion aguda,desnutricion moderada (m),2007-12-01,22,16,20,24,42,40,82
21004,COLQUIRI,desnutricion aguda,desnutricion moderada (m),2007-12-01,1,1,0,0,1,1,2
71301,COMARAPA,desnutricion aguda,desnutricion moderada (m),2007-12-01,2,2,3,2,5,4,9
71101,CONCEPCION,desnutricion aguda,desnutricion moderada (m),2007-12-01,7,14,0,4,7,18,25
40301,CORQUE,desnutricion aguda,desnutricion moderada (m),2007-12-01,0,1,1,0,1,1,2
50601,COTAGAITA,desnutricion aguda,desnutricion moderada (m),2007-12-01,6,11,13,19,19,30,49
70102,COTOCA,desnutricion aguda,desnutricion moderada (m),2007-12-01,10,9,2,5,12,14,26
71106,CUATRO CAÑADAS,desnutricion aguda,desnutricion moderada (m),2007-12-01,1,1,0,0,1,1,2
70704,CUEVO,desnutricion aguda,desnutricion moderada (m),2007-12-01,3,2,0,0,3,2,5
10902,CULPINA,desnutricion aguda,desnutricion moderada (m),2007-12-01,6,8,9,9,15,17,32
40401,CURAHUARA DE CARANGAS,desnutricion aguda,desnutricion moderada (m),2007-12-01,1,0,0,1,1,1,2
71503,EL PUENTE(STC),desnutricion aguda,desnutricion moderada (m),2007-12-01,5,3,2,3,7,6,13
60502,EL PUENTE(TJA),desnutricion aguda,desnutricion moderada (m),2007-12-01,1,2,0,3,1,5,6
70105,EL TORNO,desnutricion aguda,desnutricion moderada (m),2007-12-01,1,3,6,3,7,6,13
10405,EL VILLAR,desnutricion aguda,desnutricion moderada (m),2007-12-01,1,2,4,5,5,7,12
60601,ENTRE RIOS,desnutricion aguda,desnutricion moderada (m),2007-12-01,4,8,1,3,5,11,16
60601,ENTRE RIOS,desnutricion aguda,desnutricion moderada (m),2007-12-01,3,1,3,1,6,2,8
41101,EUCALIPTUS,desnutricion aguda,desnutricion moderada (m),2007-12-01,2,0,1,0,3,0,3
90503,EUREKA (SANTOS MERCADO),desnutricion aguda,desnutricion moderada (m),2007-12-01,0,1,2,1,2,2,4
71004,FERNANDEZ ALONSO,desnutricion aguda,desnutricion moderada (m),2007-12-01,2,2,1,0,3,2,5
90203,FILADELFIA,desnutricion aguda,desnutricion moderada (m),2007-12-01,3,1,2,1,5,2,7
71002,GENERAL SAAVEDRA,desnutricion aguda,desnutricion moderada (m),2007-12-01,4,6,3,5,7,11,18
80202,GUAYARAMERIN,desnutricion aguda,desnutricion moderada (m),2007-12-01,16,15,5,3,21,18,39
70705,GUTIERREZ,desnutricion aguda,desnutricion moderada (m),2007-12-01,15,16,8,15,23,31,54
10502,HUACARETA,desnutricion aguda,desnutricion moderada (m),2007-12-01,2,3,1,2,3,5,8
11002,HUACAYA (VILLA DE HUACAYA),desnutricion aguda,desnutricion moderada (m),2007-12-01,0,0,4,1,4,1,5
40501,HUACHACALLA,desnutricion aguda,desnutricion moderada (m),2007-12-01,0,1,0,0,0,1,1
40701,HUANUNI,desnutricion aguda,desnutricion moderada (m),2007-12-01,1,1,1,1,2,2,4
80803,HUARACAJE,desnutricion aguda,desnutricion moderada (m),2007-12-01,0,0,0,1,0,1,1
41601,HUAYLLAMARCA,desnutricion aguda,desnutricion moderada (m),2007-12-01,1,0,0,0,1,0,1
21005,ICHOCA,desnutricion aguda,desnutricion moderada (m),2007-12-01,0,0,1,0,1,0,1
10304,ICLA,desnutricion aguda,desnutricion moderada (m),2007-12-01,16,20,24,26,40,46,86
10703,INCAHUASI,desnutricion aguda,desnutricion moderada (m),2007-12-01,23,14,18,30,41,44,85
21001,INQUISIVI,desnutricion aguda,desnutricion moderada (m),2007-12-01,5,0,0,0,5,0,5
70104,LA GUARDIA,desnutricion aguda,desnutricion moderada (m),2007-12-01,11,18,3,7,14,25,39
70701,LAGUNILLAS,desnutricion aguda,desnutricion moderada (m),2007-12-01,2,3,0,2,2,5,7
10903,LAS CARRERAS,desnutricion aguda,desnutricion moderada (m),2007-12-01,1,0,0,3,1,3,4
50203,LLALLAGUA,desnutricion aguda,desnutricion moderada (m),2007-12-01,11,17,10,4,21,21,42
51401,LLICA,desnutricion aguda,desnutricion moderada (m),2007-12-01,0,1,1,1,1,2,3
80601,LORETO,desnutricion aguda,desnutricion moderada (m),2007-12-01,0,0,1,1,1,1,2
11003,MACHARETI,desnutricion aguda,desnutricion moderada (m),2007-12-01,0,3,6,3,6,6,12
80801,MAGDALENA,desnutricion aguda,desnutricion moderada (m),2007-12-01,1,3,0,1,1,4,5
70903,MAIRANA,desnutricion aguda,desnutricion moderada (m),2007-12-01,4,2,2,7,6,9,15
20103,MECAPACA,desnutricion aguda,desnutricion moderada (m),2007-12-01,1,0,1,0,2,0,2
71003,MINEROS,desnutricion aguda,desnutricion moderada (m),2007-12-01,2,1,1,1,3,2,5
31301,MIZQUE,desnutricion aguda,desnutricion moderada (m),2007-12-01,6,5,1,1,7,6,13
10303,MOJOCOYA,desnutricion aguda,desnutricion moderada (m),2007-12-01,8,0,3,4,11,4,15
10501,MONTEAGUDO,desnutricion aguda,desnutricion moderada (m),2007-12-01,9,6,5,7,14,13,27
71001,MONTERO,desnutricion aguda,desnutricion moderada (m),2007-12-01,21,22,10,16,31,38,69
70803,MORO MORO,desnutricion aguda,desnutricion moderada (m),2007-12-01,0,0,1,0,1,0,1
30302,MOROCHATA,desnutricion aguda,desnutricion moderada (m),2007-12-01,9,6,6,8,15,14,29
90401,NACEBE (SANTA ROSA DEL ABUNA),desnutricion aguda,desnutricion moderada (m),2007-12-01,0,0,0,3,0,3,3
90501,NUEVO MANOA (NUEVA ESPERANZA),desnutricion aguda,desnutricion moderada (m),2007-12-01,0,0,2,1,2,1,3
50404,OCURI,desnutricion aguda,desnutricion moderada (m),2007-12-01,26,21,10,15,36,36,72
70202,OKINAWA,desnutricion aguda,desnutricion moderada (m),2007-12-01,2,4,0,1,2,5,7
30203,OMEREQUE,desnutricion aguda,desnutricion moderada (m),2007-12-01,0,2,1,2,1,4,5
40101,ORURO,desnutricion aguda,desnutricion moderada (m),2007-12-01,13,16,2,6,15,22,37
60201,PADCAYA,desnutricion aguda,desnutricion moderada (m),2007-12-01,1,2,0,1,1,3,4
10401,PADILLA,desnutricion aguda,desnutricion moderada (m),2007-12-01,8,6,5,14,13,20,33
70502,PAILON,desnutricion aguda,desnutricion moderada (m),2007-12-01,1,3,0,0,1,3,4
20102,PALCA,desnutricion aguda,desnutricion moderada (m),2007-12-01,1,3,1,1,2,4,6
70902,PAMPA GRANDE,desnutricion aguda,desnutricion moderada (m),2007-12-01,0,1,0,0,0,1,1
30202,PASORAPA,desnutricion aguda,desnutricion moderada (m),2007-12-01,1,0,0,0,1,0,1
50403,POCOATA,desnutricion aguda,desnutricion moderada (m),2007-12-01,15,14,12,18,27,32,59
31203,POCONA,desnutricion aguda,desnutricion moderada (m),2007-12-01,0,2,2,2,2,4,6
31202,POJO (CBBA),desnutricion aguda,desnutricion moderada (m),2007-12-01,0,3,3,0,3,3,6
40601,POOPO,desnutricion aguda,desnutricion moderada (m),2007-12-01,0,1,5,1,5,2,7
51203,PORCO,desnutricion aguda,desnutricion moderada (m),2007-12-01,9,5,1,3,10,8,18
10103,POROMA,desnutricion aguda,desnutricion moderada (m),2007-12-01,20,20,14,13,34,33,67
70103,PORONGO,desnutricion aguda,desnutricion moderada (m),2007-12-01,1,1,1,2,2,3,5
70601,PORTACHUELO,desnutricion aguda,desnutricion moderada (m),2007-12-01,5,2,6,1,11,3,14
90102,PORVENIR,desnutricion aguda,desnutricion moderada (m),2007-12-01,0,3,0,1,0,4,4
70804,POSTRER VALLE,desnutricion aguda,desnutricion moderada (m),2007-12-01,0,0,1,1,1,1,2
50101,POTOSI,desnutricion aguda,desnutricion moderada (m),2007-12-01,13,11,1,3,14,14,28
10302,PRESTO,desnutricion aguda,desnutricion moderada (m),2007-12-01,7,2,8,5,15,7,22
70805,PUCARA,desnutricion aguda,desnutricion moderada (m),2007-12-01,0,0,1,0,1,0,1
90301,PUERTO GONZALO MORENO,desnutricion aguda,desnutricion moderada (m),2007-12-01,6,5,7,4,13,9,22
71402,PUERTO QUIJARRO,desnutricion aguda,desnutricion moderada (m),2007-12-01,3,1,0,0,3,1,4
90201,PUERTO RICO,desnutricion aguda,desnutricion moderada (m),2007-12-01,4,2,0,1,4,3,7
71401,PUERTO SUAREZ,desnutricion aguda,desnutricion moderada (m),2007-12-01,0,3,1,0,1,3,4
31205,PUERTO VILLARROEL,desnutricion aguda,desnutricion moderada (m),2007-12-01,30,36,11,12,41,48,89
51101,PUNA,desnutricion aguda,desnutricion moderada (m),2007-12-01,28,30,21,29,49,59,108
31401,PUNATA,desnutricion aguda,desnutricion moderada (m),2007-12-01,9,5,1,2,10,7,17
30901,QUILLACOLLO,desnutricion aguda,desnutricion moderada (m),2007-12-01,5,12,5,13,10,25,35
21002,QUIME,desnutricion aguda,desnutricion moderada (m),2007-12-01,0,1,0,0,0,1,1
70904,QUIRUSILLAS,desnutricion aguda,desnutricion moderada (m),2007-12-01,1,0,0,0,1,0,1
50402,RAVELO,desnutricion aguda,desnutricion moderada (m),2007-12-01,30,25,28,25,58,50,108
80301,REYES,desnutricion aguda,desnutricion moderada (m),2007-12-01,1,1,2,2,3,3,6
80201,RIBERALTA,desnutricion aguda,desnutricion moderada (m),2007-12-01,55,81,19,31,74,112,186
70503,ROBORE,desnutricion aguda,desnutricion moderada (m),2007-12-01,4,0,1,1,5,1,6
80304,RURRENABAQUE,desnutricion aguda,desnutricion moderada (m),2007-12-01,0,2,0,0,0,2,2
31001,SACABA,desnutricion aguda,desnutricion moderada (m),2007-12-01,10,13,9,4,19,17,36
30404,SACABAMBA,desnutricion aguda,desnutricion moderada (m),2007-12-01,1,0,0,0,1,0,1
50701,SACACA,desnutricion aguda,desnutricion moderada (m),2007-12-01,25,23,18,21,43,44,87
71302,SAIPINA,desnutricion aguda,desnutricion moderada (m),2007-12-01,3,0,2,0,5,0,5
40801,SALINAS DE GARCI MENDOZA,desnutricion aguda,desnutricion moderada (m),2007-12-01,1,0,5,1,6,1,7
70901,SAMAIPATA,desnutricion aguda,desnutricion moderada (m),2007-12-01,0,0,1,0,1,0,1
51601,SAN AGUSTIN,desnutricion aguda,desnutricion moderada (m),2007-12-01,0,0,1,2,1,2,3
80602,SAN ANDRES,desnutricion aguda,desnutricion moderada (m),2007-12-01,2,0,0,0,2,0,2
51003,SAN ANTONIO DE ESMORUCO,desnutricion aguda,desnutricion moderada (m),2007-12-01,1,0,0,0,1,0,1
71105,SAN ANTONIO DE LOMERIO,desnutricion aguda,desnutricion moderada (m),2007-12-01,4,7,0,5,4,12,16
31403,SAN BENITO,desnutricion aguda,desnutricion moderada (m),2007-12-01,4,4,4,2,8,6,14
80302,SAN BORJA,desnutricion aguda,desnutricion moderada (m),2007-12-01,8,12,11,9,19,21,40
70402,SAN CARLOS,desnutricion aguda,desnutricion moderada (m),2007-12-01,2,5,2,2,4,7,11
80501,SAN IGNACIO,desnutricion aguda,desnutricion moderada (m),2007-12-01,13,20,0,3,13,23,36
70301,SAN IGNACIO DE VELASCO,desnutricion aguda,desnutricion moderada (m),2007-12-01,12,22,15,20,27,42,69
71102,SAN JAVIER(STC),desnutricion aguda,desnutricion moderada (m),2007-12-01,3,1,0,0,3,1,4
80701,SAN JOAQUIN,desnutricion aguda,desnutricion moderada (m),2007-12-01,1,3,2,0,3,3,6
70501,SAN JOSE DE CHIQUITOS,desnutricion aguda,desnutricion moderada (m),2007-12-01,6,5,2,1,8,6,14
70404,SAN JUAN DE YAPACANI,desnutricion aguda,desnutricion moderada (m),2007-12-01,1,3,9,6,10,9,19
71104,SAN JULIAN,desnutricion aguda,desnutricion moderada (m),2007-12-01,0,1,0,0,0,1,1
90302,SAN LORENZO(PND),desnutricion aguda,desnutricion moderada (m),2007-12-01,0,1,1,1,1,2,3
60501,SAN LORENZO(TJA),desnutricion aguda,desnutricion moderada (m),2007-12-01,5,10,2,3,7,13,20
10702,SAN LUCAS,desnutricion aguda,desnutricion moderada (m),2007-12-01,55,40,24,39,79,79,158
71201,SAN MATIAS,desnutricion aguda,desnutricion moderada (m),2007-12-01,1,1,0,0,1,1,2
70302,SAN MIGUEL DE VELASCO,desnutricion aguda,desnutricion moderada (m),2007-12-01,2,0,1,0,3,0,3
51001,SAN PABLO DE LIPEZ,desnutricion aguda,desnutricion moderada (m),2007-12-01,0,0,1,0,1,0,1
71005,SAN PEDRO,desnutricion aguda,desnutricion moderada (m),2007-12-01,2,3,3,3,5,6,11
50501,SAN PEDRO DE BUENA VISTA,desnutricion aguda,desnutricion moderada (m),2007-12-01,3,14,4,9,7,23,30
50902,SAN PEDRO DE QUEMES,desnutricion aguda,desnutricion moderada (m),2007-12-01,1,0,0,0,1,0,1
90202,SAN PEDRO(PND),desnutricion aguda,desnutricion moderada (m),2007-12-01,1,0,0,0,1,0,1
70303,SAN RAFAEL,desnutricion aguda,desnutricion moderada (m),2007-12-01,1,2,1,1,2,3,5
80702,SAN RAMON,desnutricion aguda,desnutricion moderada (m),2007-12-01,2,1,1,1,3,2,5
80401,SANTA ANA,desnutricion aguda,desnutricion moderada (m),2007-12-01,3,4,3,2,6,6,12
70101,SANTA CRUZ DE LA SIERRA,desnutricion aguda,desnutricion moderada (m),2007-12-01,53,57,18,25,71,82,153
80303,SANTA ROSA,desnutricion aguda,desnutricion moderada (m),2007-12-01,1,3,0,0,1,3,4
70602,SANTA ROSA DEL SARA,desnutricion aguda,desnutricion moderada (m),2007-12-01,0,4,3,1,3,5,8
41401,SANTIAGO DE HUARI,desnutricion aguda,desnutricion moderada (m),2007-12-01,2,1,0,0,2,1,3
30702,SANTIVAÑES,desnutricion aguda,desnutricion moderada (m),2007-12-01,0,1,0,0,0,1,1
90303,SENA,desnutricion aguda,desnutricion moderada (m),2007-12-01,3,0,1,1,4,1,5
30902,SIPE SIPE,desnutricion aguda,desnutricion moderada (m),2007-12-01,11,16,4,5,15,21,36
10403,SOPACHUY,desnutricion aguda,desnutricion moderada (m),2007-12-01,10,14,7,22,17,36,53
40104,SORACACHI,desnutricion aguda,desnutricion moderada (m),2007-12-01,1,1,0,0,1,1,2
10101,SUCRE,desnutricion aguda,desnutricion moderada (m),2007-12-01,29,30,23,39,52,69,121
50303,TACOBAMBA,desnutricion aguda,desnutricion moderada (m),2007-12-01,3,9,2,3,5,12,17
30602,TACOPAYA,desnutricion aguda,desnutricion moderada (m),2007-12-01,7,6,8,5,15,11,26
31101,TAPACARI,desnutricion aguda,desnutricion moderada (m),2007-12-01,35,31,11,20,46,51,97
10601,TARABUCO,desnutricion aguda,desnutricion moderada (m),2007-12-01,71,30,34,32,105,62,167
30401,TARATA,desnutricion aguda,desnutricion moderada (m),2007-12-01,1,2,0,1,1,3,4
60101,TARIJA,desnutricion aguda,desnutricion moderada (m),2007-12-01,21,24,13,13,34,37,71
10202,TARVITA,desnutricion aguda,desnutricion moderada (m),2007-12-01,10,13,20,18,30,31,61
50102,TINGUIPAYA,desnutricion aguda,desnutricion moderada (m),2007-12-01,14,13,12,14,26,27,53
30903,TIQUIPAYA,desnutricion aguda,desnutricion moderada (m),2007-12-01,3,2,3,1,6,3,9
31601,TIRAQUE (CBBA),desnutricion aguda,desnutricion moderada (m),2007-12-01,23,15,13,13,36,28,64
30802,TOCO,desnutricion aguda,desnutricion moderada (m),2007-12-01,3,0,2,0,5,0,5
30803,TOLATA,desnutricion aguda,desnutricion moderada (m),2007-12-01,0,1,0,0,0,1,1
51202,TOMAVE,desnutricion aguda,desnutricion moderada (m),2007-12-01,4,9,3,8,7,17,24
10402,TOMINA,desnutricion aguda,desnutricion moderada (m),2007-12-01,12,9,13,26,25,35,60
50502,TORO TORO,desnutricion aguda,desnutricion moderada (m),2007-12-01,8,1,2,0,10,1,11
31201,TOTORA(CBBA),desnutricion aguda,desnutricion moderada (m),2007-12-01,4,1,1,1,5,2,7
41301,TOTORA(ORR),desnutricion aguda,desnutricion moderada (m),2007-12-01,0,0,2,3,2,3,5
80101,TRINIDAD,desnutricion aguda,desnutricion moderada (m),2007-12-01,22,17,3,17,25,34,59
50801,TUPIZA,desnutricion aguda,desnutricion moderada (m),2007-12-01,12,11,13,7,25,18,43
40402,TURCO,desnutricion aguda,desnutricion moderada (m),2007-12-01,1,1,0,0,1,1,2
50201,UNCIA,desnutricion aguda,desnutricion moderada (m),2007-12-01,13,9,12,11,25,20,45
60401,URIONDO (A. CONCEPCION),desnutricion aguda,desnutricion moderada (m),2007-12-01,3,3,1,2,4,5,9
71502,URUBICHA,desnutricion aguda,desnutricion moderada (m),2007-12-01,16,16,15,22,31,38,69
51201,UYUNI,desnutricion aguda,desnutricion moderada (m),2007-12-01,3,4,0,5,3,9,12
30502,VACAS,desnutricion aguda,desnutricion moderada (m),2007-12-01,2,1,1,1,3,2,5
70801,VALLEGRANDE,desnutricion aguda,desnutricion moderada (m),2007-12-01,3,1,0,1,3,2,5
20801,VIACHA,desnutricion aguda,desnutricion moderada (m),2007-12-01,8,3,4,2,12,5,17
31302,VILA VILA,desnutricion aguda,desnutricion moderada (m),2007-12-01,0,0,1,0,1,0,1
60303,VILLA MONTES,desnutricion aguda,desnutricion moderada (m),2007-12-01,3,9,1,4,4,13,17
90502,VILLA NUEVA (LOMA ALTA),desnutricion aguda,desnutricion moderada (m),2007-12-01,0,1,2,3,2,4,6
31402,VILLA RIVERO,desnutricion aguda,desnutricion moderada (m),2007-12-01,1,2,0,1,1,3,4
10801,VILLA SERRANO,desnutricion aguda,desnutricion moderada (m),2007-12-01,3,6,12,5,15,11,26
31003,VILLA TUNARI,desnutricion aguda,desnutricion moderada (m),2007-12-01,9,16,3,8,12,24,36
11001,VILLA VACA GUZMAN (MUYUPAMPA),desnutricion aguda,desnutricion moderada (m),2007-12-01,1,0,3,0,4,0,4
51501,VILLAZON,desnutricion aguda,desnutricion moderada (m),2007-12-01,35,19,15,21,50,40,90
50602,VITICHI,desnutricion aguda,desnutricion moderada (m),2007-12-01,8,8,10,21,18,29,47
70201,WARNES,desnutricion aguda,desnutricion moderada (m),2007-12-01,7,9,3,7,10,16,26
60301,YACUIBA,desnutricion aguda,desnutricion moderada (m),2007-12-01,9,10,1,5,10,15,25
10602,YAMPARAEZ,desnutricion aguda,desnutricion moderada (m),2007-12-01,11,11,13,18,24,29,53
70403,YAPACANI,desnutricion aguda,desnutricion moderada (m),2007-12-01,18,9,6,6,24,15,39
50103,YOCALLA,desnutricion aguda,desnutricion moderada (m),2007-12-01,1,1,0,0,1,1,2
10102,YOTALA,desnutricion aguda,desnutricion moderada (m),2007-12-01,1,0,2,0,3,0,3
60402,YUNCHARA,desnutricion aguda,desnutricion moderada (m),2007-12-01,8,1,3,3,11,4,15
10301,ZUDAÑEZ,desnutricion aguda,desnutricion moderada (m),2007-12-01,9,8,8,13,17,21,38
