codigo_municipio,municipio,grupo,variable,mes,< de 2 años-H,< de 2 años-M,2 a 4 años-H,2 a 4 años-M,TOTAL-H,TOTAL-M,TOTAL
51302,ACACIO,desnutricion global,sobrepeso (s),2005-01-01,1,5,0,0,1,5,6
20201,ACHACACHI,desnutricion global,sobrepeso (s),2005-01-01,22,25,6,229,28,254,282
30201,AIQUILE,desnutricion global,sobrepeso (s),2005-01-01,6,5,0,1,6,6,12
31303,ALALAY,desnutricion global,sobrepeso (s),2005-01-01,5,9,15,3,20,12,32
10404,ALCALA,desnutricion global,sobrepeso (s),2005-01-01,9,6,1,2,10,8,18
20202,ANCORAIMES,desnutricion global,sobrepeso (s),2005-01-01,2,4,2,3,4,7,11
41201,ANDAMARCA,desnutricion global,sobrepeso (s),2005-01-01,2,0,1,1,3,1,4
40603,ANTEQUERA,desnutricion global,sobrepeso (s),2005-01-01,0,2,0,0,0,2,2
20701,APOLO,desnutricion global,sobrepeso (s),2005-01-01,13,3,1,2,14,5,19
51301,ARAMPAMPA,desnutricion global,sobrepeso (s),2005-01-01,0,1,0,0,0,1,1
30501,ARANI,desnutricion global,sobrepeso (s),2005-01-01,6,3,1,1,7,4,11
30403,ARBIETO,desnutricion global,sobrepeso (s),2005-01-01,2,3,0,0,2,3,5
30601,ARQUE,desnutricion global,sobrepeso (s),2005-01-01,0,1,0,0,0,1,1
50802,ATOCHA,desnutricion global,sobrepeso (s),2005-01-01,33,26,3,4,36,30,66
20503,AUCAPATA,desnutricion global,sobrepeso (s),2005-01-01,6,4,1,1,7,5,12
20502,AYATA,desnutricion global,sobrepeso (s),2005-01-01,7,3,3,0,10,3,13
21303,AYO AYO,desnutricion global,sobrepeso (s),2005-01-01,10,9,0,2,10,11,21
30301,AYOPAYA (V. DE INDEPENDENCIA),desnutricion global,sobrepeso (s),2005-01-01,6,14,2,7,8,21,29
10201,AZURDUY,desnutricion global,sobrepeso (s),2005-01-01,18,4,3,0,21,4,25
21203,BATALLAS,desnutricion global,sobrepeso (s),2005-01-01,11,8,4,2,15,10,25
80802,BAURES,desnutricion global,sobrepeso (s),2005-01-01,17,0,8,0,25,0,25
41202,BELEN DE ANDAMARCA,desnutricion global,sobrepeso (s),2005-01-01,0,0,1,0,1,0,1
50104,BELEN DE URMIRI,desnutricion global,sobrepeso (s),2005-01-01,0,1,0,1,0,2,2
90104,BELLA FLOR,desnutricion global,sobrepeso (s),2005-01-01,1,0,1,1,2,1,3
60202,BERMEJO,desnutricion global,sobrepeso (s),2005-01-01,19,9,7,0,26,9,35
50301,BETANZOS,desnutricion global,sobrepeso (s),2005-01-01,17,9,1,1,18,10,28
31501,BOLIVAR,desnutricion global,sobrepeso (s),2005-01-01,3,7,1,1,4,8,12
70707,BOYUIBE,desnutricion global,sobrepeso (s),2005-01-01,6,3,0,1,6,4,10
70401,BUENA VISTA,desnutricion global,sobrepeso (s),2005-01-01,43,31,10,6,53,37,90
70703,CABEZAS,desnutricion global,sobrepeso (s),2005-01-01,29,14,11,5,40,19,59
20905,CAIROMA,desnutricion global,sobrepeso (s),2005-01-01,3,4,0,1,3,5,8
51102,"CAIZA ""D""",desnutricion global,sobrepeso (s),2005-01-01,10,7,1,6,11,13,24
21003,CAJUATA,desnutricion global,sobrepeso (s),2005-01-01,24,12,0,0,24,12,36
20303,CALACOTO,desnutricion global,sobrepeso (s),2005-01-01,3,1,0,0,3,1,4
21304,CALAMARCA,desnutricion global,sobrepeso (s),2005-01-01,5,4,0,0,5,4,9
10701,CAMARGO,desnutricion global,sobrepeso (s),2005-01-01,7,7,2,1,9,8,17
10901,CAMATAQUI (C. VILLA ABECIA),desnutricion global,sobrepeso (s),2005-01-01,7,3,0,1,7,4,11
70706,CAMIRI,desnutricion global,sobrepeso (s),2005-01-01,71,54,20,7,91,61,152
30701,CAPINOTA,desnutricion global,sobrepeso (s),2005-01-01,16,22,4,7,20,29,49
20302,CAQUIAVIRI,desnutricion global,sobrepeso (s),2005-01-01,3,7,2,2,5,9,14
40102,CARACOLLO,desnutricion global,sobrepeso (s),2005-01-01,11,16,0,0,11,16,27
22001,CARANAVI,desnutricion global,sobrepeso (s),2005-01-01,93,21,6,0,99,21,120
60302,CARAPARI,desnutricion global,sobrepeso (s),2005-01-01,22,27,3,2,25,29,54
21902,CATACORA,desnutricion global,sobrepeso (s),2005-01-01,1,1,0,0,1,1,2
40201,CHALLAPATA,desnutricion global,sobrepeso (s),2005-01-01,7,6,1,0,8,6,14
50302,CHAQUI,desnutricion global,sobrepeso (s),2005-01-01,1,1,0,0,1,1,2
70702,CHARAGUA,desnutricion global,sobrepeso (s),2005-01-01,30,34,19,10,49,44,93
20305,CHARAÑA,desnutricion global,sobrepeso (s),2005-01-01,1,0,0,0,1,0,1
50202,CHAYANTA,desnutricion global,sobrepeso (s),2005-01-01,28,7,1,4,29,11,40
31204,CHIMORE,desnutricion global,sobrepeso (s),2005-01-01,22,18,6,3,28,21,49
40903,CHIPAYA,desnutricion global,sobrepeso (s),2005-01-01,4,5,0,0,4,5,9
21101,CHULUMANI (V. DE LA LIBERTAD),desnutricion global,sobrepeso (s),2005-01-01,5,10,8,1,13,11,24
20501,CHUMA,desnutricion global,sobrepeso (s),2005-01-01,4,4,0,0,4,4,8
30801,CLIZA,desnutricion global,sobrepeso (s),2005-01-01,30,34,3,9,33,43,76
90101,COBIJA,desnutricion global,sobrepeso (s),2005-01-01,84,45,9,2,93,47,140
30101,COCHABAMBA,desnutricion global,sobrepeso (s),2005-01-01,371,291,58,62,429,353,782
40902,COIPASA,desnutricion global,sobrepeso (s),2005-01-01,1,0,0,0,1,0,1
30905,COLCAPIRHUA,desnutricion global,sobrepeso (s),2005-01-01,15,16,2,1,17,17,34
50901,"COLCHA ""K""",desnutricion global,sobrepeso (s),2005-01-01,2,2,0,2,2,4,6
31002,COLOMI,desnutricion global,sobrepeso (s),2005-01-01,11,14,1,1,12,15,27
70603,COLPA BELGICA,desnutricion global,sobrepeso (s),2005-01-01,17,4,0,2,17,6,23
50401,COLQUECHACA,desnutricion global,sobrepeso (s),2005-01-01,10,4,1,1,11,5,16
21306,COLQUENCHA,desnutricion global,sobrepeso (s),2005-01-01,2,4,3,2,5,6,11
21004,COLQUIRI,desnutricion global,sobrepeso (s),2005-01-01,14,15,6,8,20,23,43
71301,COMARAPA,desnutricion global,sobrepeso (s),2005-01-01,44,44,17,17,61,61,122
20605,COMBAYA,desnutricion global,sobrepeso (s),2005-01-01,0,2,1,0,1,2,3
71101,CONCEPCION,desnutricion global,sobrepeso (s),2005-01-01,28,0,1,0,29,0,29
21701,COPACABANA,desnutricion global,sobrepeso (s),2005-01-01,19,11,3,1,22,12,34
21402,CORIPATA,desnutricion global,sobrepeso (s),2005-01-01,14,11,0,0,14,11,25
20301,CORO CORO,desnutricion global,sobrepeso (s),2005-01-01,0,5,0,0,0,5,5
21401,COROICO,desnutricion global,sobrepeso (s),2005-01-01,4,2,0,1,4,3,7
40301,CORQUE,desnutricion global,sobrepeso (s),2005-01-01,5,2,0,0,5,2,7
50601,COTAGAITA,desnutricion global,sobrepeso (s),2005-01-01,7,4,6,0,13,4,17
70102,COTOCA,desnutricion global,sobrepeso (s),2005-01-01,57,33,0,3,57,36,93
71106,CUATRO CAÑADAS,desnutricion global,sobrepeso (s),2005-01-01,15,0,15,0,30,0,30
31405,CUCHUMUELA (V. G. VILLARROEL),desnutricion global,sobrepeso (s),2005-01-01,5,0,1,0,6,0,6
70704,CUEVO,desnutricion global,sobrepeso (s),2005-01-01,8,6,2,3,10,9,19
10902,CULPINA,desnutricion global,sobrepeso (s),2005-01-01,17,16,9,9,26,25,51
40401,CURAHUARA DE CARANGAS,desnutricion global,sobrepeso (s),2005-01-01,1,3,0,0,1,3,4
20804,DESAGUADERO,desnutricion global,sobrepeso (s),2005-01-01,0,1,0,1,0,2,2
20105,EL ALTO,desnutricion global,sobrepeso (s),2005-01-01,441,484,99,85,540,569,1109
40103,EL CHORO,desnutricion global,sobrepeso (s),2005-01-01,1,1,0,0,1,1,2
60502,EL PUENTE(TJA),desnutricion global,sobrepeso (s),2005-01-01,7,4,4,3,11,7,18
70105,EL TORNO,desnutricion global,sobrepeso (s),2005-01-01,58,34,8,7,66,41,107
10405,EL VILLAR,desnutricion global,sobrepeso (s),2005-01-01,7,2,2,0,9,2,11
60601,ENTRE RIOS,desnutricion global,sobrepeso (s),2005-01-01,44,32,14,9,58,41,99
60601,ENTRE RIOS,desnutricion global,sobrepeso (s),2005-01-01,30,20,4,3,34,23,57
41101,EUCALIPTUS,desnutricion global,sobrepeso (s),2005-01-01,4,5,0,0,4,5,9
90503,EUREKA (SANTOS MERCADO),desnutricion global,sobrepeso (s),2005-01-01,0,0,2,0,2,0,2
80402,EXALTACION,desnutricion global,sobrepeso (s),2005-01-01,15,2,10,4,25,6,31
71004,FERNANDEZ ALONSO,desnutricion global,sobrepeso (s),2005-01-01,65,32,28,23,93,55,148
90203,FILADELFIA,desnutricion global,sobrepeso (s),2005-01-01,2,3,0,4,2,7,9
71002,GENERAL SAAVEDRA,desnutricion global,sobrepeso (s),2005-01-01,65,2,37,2,102,4,106
21601,GRAL. J.J. PEREZ (CHARAZANI),desnutricion global,sobrepeso (s),2005-01-01,6,4,0,0,6,4,10
20602,GUANAY,desnutricion global,sobrepeso (s),2005-01-01,23,14,1,1,24,15,39
20802,GUAQUI,desnutricion global,sobrepeso (s),2005-01-01,1,2,1,2,2,4,6
70705,GUTIERREZ,desnutricion global,sobrepeso (s),2005-01-01,44,39,27,21,71,60,131
10502,HUACARETA,desnutricion global,sobrepeso (s),2005-01-01,9,10,3,2,12,12,24
11002,HUACAYA (VILLA DE HUACAYA),desnutricion global,sobrepeso (s),2005-01-01,4,2,1,0,5,2,7
40501,HUACHACALLA,desnutricion global,sobrepeso (s),2005-01-01,1,3,1,1,2,4,6
40701,HUANUNI,desnutricion global,sobrepeso (s),2005-01-01,54,55,2,2,56,57,113
80803,HUARACAJE,desnutricion global,sobrepeso (s),2005-01-01,4,2,2,1,6,3,9
41601,HUAYLLAMARCA,desnutricion global,sobrepeso (s),2005-01-01,2,3,0,0,2,3,5
21005,ICHOCA,desnutricion global,sobrepeso (s),2005-01-01,0,2,0,1,0,3,3
10304,ICLA,desnutricion global,sobrepeso (s),2005-01-01,5,12,0,3,5,15,20
10703,INCAHUASI,desnutricion global,sobrepeso (s),2005-01-01,14,18,2,1,16,19,35
21001,INQUISIVI,desnutricion global,sobrepeso (s),2005-01-01,5,8,3,1,8,9,17
21102,IRUPANA (VILLA DE LANZA),desnutricion global,sobrepeso (s),2005-01-01,27,12,23,15,50,27,77
21501,IXIAMAS,desnutricion global,sobrepeso (s),2005-01-01,16,12,2,1,18,13,31
20806,JESUS DE MACHACA,desnutricion global,sobrepeso (s),2005-01-01,2,0,0,0,2,0,2
21105,LA ASUNTA,desnutricion global,sobrepeso (s),2005-01-01,25,22,1,1,26,23,49
70104,LA GUARDIA,desnutricion global,sobrepeso (s),2005-01-01,73,37,8,11,81,48,129
20101,LA PAZ,desnutricion global,sobrepeso (s),2005-01-01,472,390,125,119,597,509,1106
70701,LAGUNILLAS,desnutricion global,sobrepeso (s),2005-01-01,18,13,4,2,22,15,37
21202,LAJA,desnutricion global,sobrepeso (s),2005-01-01,12,10,1,1,13,11,24
10903,LAS CARRERAS,desnutricion global,sobrepeso (s),2005-01-01,6,5,3,3,9,8,17
50203,LLALLAGUA,desnutricion global,sobrepeso (s),2005-01-01,37,40,6,5,43,45,88
51401,LLICA,desnutricion global,sobrepeso (s),2005-01-01,1,1,0,0,1,1,2
80601,LORETO,desnutricion global,sobrepeso (s),2005-01-01,4,4,2,0,6,4,10
20901,LURIBAY,desnutricion global,sobrepeso (s),2005-01-01,7,3,0,0,7,3,10
40702,MACHACAMARCA,desnutricion global,sobrepeso (s),2005-01-01,3,8,0,0,3,8,11
11003,MACHARETI,desnutricion global,sobrepeso (s),2005-01-01,35,28,9,7,44,35,79
80801,MAGDALENA,desnutricion global,sobrepeso (s),2005-01-01,14,7,2,1,16,8,24
70903,MAIRANA,desnutricion global,sobrepeso (s),2005-01-01,53,0,8,0,61,0,61
20904,MALLA,desnutricion global,sobrepeso (s),2005-01-01,1,1,0,0,1,1,2
20607,MAPIRI,desnutricion global,sobrepeso (s),2005-01-01,35,13,4,1,39,14,53
71003,MINEROS,desnutricion global,sobrepeso (s),2005-01-01,41,39,13,7,54,46,100
31301,MIZQUE,desnutricion global,sobrepeso (s),2005-01-01,8,2,1,2,9,4,13
20402,MOCOMOCO,desnutricion global,sobrepeso (s),2005-01-01,8,3,4,2,12,5,17
51002,MOJINETE,desnutricion global,sobrepeso (s),2005-01-01,1,1,0,0,1,1,2
10303,MOJOCOYA,desnutricion global,sobrepeso (s),2005-01-01,9,18,2,0,11,18,29
10501,MONTEAGUDO,desnutricion global,sobrepeso (s),2005-01-01,39,37,5,3,44,40,84
71001,MONTERO,desnutricion global,sobrepeso (s),2005-01-01,342,61,100,13,442,74,516
70803,MORO MORO,desnutricion global,sobrepeso (s),2005-01-01,7,2,2,2,9,4,13
30302,MOROCHATA,desnutricion global,sobrepeso (s),2005-01-01,5,5,1,2,6,7,13
50404,OCURI,desnutricion global,sobrepeso (s),2005-01-01,3,1,0,2,3,3,6
70202,OKINAWA,desnutricion global,sobrepeso (s),2005-01-01,20,14,6,7,26,21,47
30203,OMEREQUE,desnutricion global,sobrepeso (s),2005-01-01,1,4,0,0,1,4,5
40101,ORURO,desnutricion global,sobrepeso (s),2005-01-01,197,169,54,24,251,193,444
60201,PADCAYA,desnutricion global,sobrepeso (s),2005-01-01,20,19,12,7,32,26,58
10401,PADILLA,desnutricion global,sobrepeso (s),2005-01-01,10,14,1,2,11,16,27
70502,PAILON,desnutricion global,sobrepeso (s),2005-01-01,0,67,48,0,48,67,115
21104,PALOS BLANCOS,desnutricion global,sobrepeso (s),2005-01-01,25,26,7,0,32,26,58
40802,PAMPA AULLAGAS,desnutricion global,sobrepeso (s),2005-01-01,4,2,0,0,4,2,6
70902,PAMPA GRANDE,desnutricion global,sobrepeso (s),2005-01-01,6,6,2,1,8,7,15
21802,PAPEL PAMPA,desnutricion global,sobrepeso (s),2005-01-01,1,0,0,0,1,0,1
30202,PASORAPA,desnutricion global,sobrepeso (s),2005-01-01,5,2,0,0,5,2,7
21305,PATACAMAYA,desnutricion global,sobrepeso (s),2005-01-01,12,12,1,0,13,12,25
40602,PAZÑA,desnutricion global,sobrepeso (s),2005-01-01,2,6,2,2,4,8,12
20702,PELECHUCO,desnutricion global,sobrepeso (s),2005-01-01,1,1,0,1,1,2,3
50403,POCOATA,desnutricion global,sobrepeso (s),2005-01-01,9,11,2,1,11,12,23
31203,POCONA,desnutricion global,sobrepeso (s),2005-01-01,4,4,0,0,4,4,8
31202,POJO (CBBA),desnutricion global,sobrepeso (s),2005-01-01,17,10,1,1,18,11,29
40601,POOPO,desnutricion global,sobrepeso (s),2005-01-01,1,0,0,0,1,0,1
51203,PORCO,desnutricion global,sobrepeso (s),2005-01-01,2,4,1,0,3,4,7
10103,POROMA,desnutricion global,sobrepeso (s),2005-01-01,15,7,2,0,17,7,24
70103,PORONGO,desnutricion global,sobrepeso (s),2005-01-01,11,6,3,2,14,8,22
70601,PORTACHUELO,desnutricion global,sobrepeso (s),2005-01-01,53,40,10,9,63,49,112
90102,PORVENIR,desnutricion global,sobrepeso (s),2005-01-01,4,1,2,3,6,4,10
70804,POSTRER VALLE,desnutricion global,sobrepeso (s),2005-01-01,2,0,0,1,2,1,3
50101,POTOSI,desnutricion global,sobrepeso (s),2005-01-01,54,30,6,6,60,36,96
10302,PRESTO,desnutricion global,sobrepeso (s),2005-01-01,9,8,0,0,9,8,17
70805,PUCARA,desnutricion global,sobrepeso (s),2005-01-01,2,0,0,0,2,0,2
21201,PUCARANI,desnutricion global,sobrepeso (s),2005-01-01,17,17,1,2,18,19,37
20401,PUERTO ACOSTA,desnutricion global,sobrepeso (s),2005-01-01,6,5,5,6,11,11,22
20403,PUERTO CARABUCO,desnutricion global,sobrepeso (s),2005-01-01,7,5,1,1,8,6,14
90301,PUERTO GONZALO MORENO,desnutricion global,sobrepeso (s),2005-01-01,3,2,0,0,3,2,5
21204,PUERTO PEREZ,desnutricion global,sobrepeso (s),2005-01-01,6,0,1,0,7,0,7
90201,PUERTO RICO,desnutricion global,sobrepeso (s),2005-01-01,11,5,7,6,18,11,29
80703,PUERTO SILES,desnutricion global,sobrepeso (s),2005-01-01,0,2,0,0,0,2,2
31205,PUERTO VILLARROEL,desnutricion global,sobrepeso (s),2005-01-01,96,83,27,14,123,97,220
51101,PUNA,desnutricion global,sobrepeso (s),2005-01-01,10,10,2,2,12,12,24
31401,PUNATA,desnutricion global,sobrepeso (s),2005-01-01,22,7,16,11,38,18,56
20604,QUIABAYA,desnutricion global,sobrepeso (s),2005-01-01,2,4,1,0,3,4,7
30901,QUILLACOLLO,desnutricion global,sobrepeso (s),2005-01-01,25,38,17,3,42,41,83
21002,QUIME,desnutricion global,sobrepeso (s),2005-01-01,9,10,9,12,18,22,40
70904,QUIRUSILLAS,desnutricion global,sobrepeso (s),2005-01-01,6,3,0,1,6,4,10
50402,RAVELO,desnutricion global,sobrepeso (s),2005-01-01,2,1,0,1,2,2,4
80301,REYES,desnutricion global,sobrepeso (s),2005-01-01,41,33,7,4,48,37,85
80201,RIBERALTA,desnutricion global,sobrepeso (s),2005-01-01,62,26,11,5,73,31,104
70503,ROBORE,desnutricion global,sobrepeso (s),2005-01-01,0,29,7,0,7,29,36
80304,RURRENABAQUE,desnutricion global,sobrepeso (s),2005-01-01,13,16,4,4,17,20,37
40901,SABAYA,desnutricion global,sobrepeso (s),2005-01-01,2,2,0,0,2,2,4
31001,SACABA,desnutricion global,sobrepeso (s),2005-01-01,33,26,6,3,39,29,68
71302,SAIPINA,desnutricion global,sobrepeso (s),2005-01-01,25,18,14,5,39,23,62
40801,SALINAS DE GARCI MENDOZA,desnutricion global,sobrepeso (s),2005-01-01,1,9,1,1,2,10,12
70901,SAMAIPATA,desnutricion global,sobrepeso (s),2005-01-01,18,0,8,0,26,0,26
51601,SAN AGUSTIN,desnutricion global,sobrepeso (s),2005-01-01,0,2,0,0,0,2,2
80602,SAN ANDRES,desnutricion global,sobrepeso (s),2005-01-01,16,8,7,3,23,11,34
20805,SAN ANDRES DE MACHACA,desnutricion global,sobrepeso (s),2005-01-01,4,3,0,3,4,6,10
51003,SAN ANTONIO DE ESMORUCO,desnutricion global,sobrepeso (s),2005-01-01,1,0,0,0,1,0,1
71105,SAN ANTONIO DE LOMERIO,desnutricion global,sobrepeso (s),2005-01-01,11,5,3,9,14,14,28
31403,SAN BENITO,desnutricion global,sobrepeso (s),2005-01-01,4,5,0,0,4,5,9
80302,SAN BORJA,desnutricion global,sobrepeso (s),2005-01-01,61,63,12,12,73,75,148
21502,SAN BUENA VENTURA,desnutricion global,sobrepeso (s),2005-01-01,15,11,0,0,15,11,26
70402,SAN CARLOS,desnutricion global,sobrepeso (s),2005-01-01,46,22,23,15,69,37,106
80501,SAN IGNACIO,desnutricion global,sobrepeso (s),2005-01-01,23,13,9,11,32,24,56
70301,SAN IGNACIO DE VELASCO,desnutricion global,sobrepeso (s),2005-01-01,105,65,13,12,118,77,195
80102,SAN JAVIER(BNI),desnutricion global,sobrepeso (s),2005-01-01,3,0,0,0,3,0,3
71102,SAN JAVIER(STC),desnutricion global,sobrepeso (s),2005-01-01,26,0,3,0,29,0,29
80701,SAN JOAQUIN,desnutricion global,sobrepeso (s),2005-01-01,14,7,1,2,15,9,24
70501,SAN JOSE DE CHIQUITOS,desnutricion global,sobrepeso (s),2005-01-01,15,15,1,2,16,17,33
70404,SAN JUAN DE YAPACANI,desnutricion global,sobrepeso (s),2005-01-01,22,13,8,0,30,13,43
71104,SAN JULIAN,desnutricion global,sobrepeso (s),2005-01-01,68,2,13,0,81,2,83
90302,SAN LORENZO(PND),desnutricion global,sobrepeso (s),2005-01-01,2,1,0,0,2,1,3
60501,SAN LORENZO(TJA),desnutricion global,sobrepeso (s),2005-01-01,17,19,5,2,22,21,43
10702,SAN LUCAS,desnutricion global,sobrepeso (s),2005-01-01,13,14,9,6,22,20,42
70302,SAN MIGUEL DE VELASCO,desnutricion global,sobrepeso (s),2005-01-01,12,16,3,1,15,17,32
71005,SAN PEDRO,desnutricion global,sobrepeso (s),2005-01-01,39,28,6,4,45,32,77
50501,SAN PEDRO DE BUENA VISTA,desnutricion global,sobrepeso (s),2005-01-01,13,10,4,0,17,10,27
21801,SAN PEDRO DE CURAHUARA,desnutricion global,sobrepeso (s),2005-01-01,7,7,0,0,7,7,14
50902,SAN PEDRO DE QUEMES,desnutricion global,sobrepeso (s),2005-01-01,1,0,0,0,1,0,1
21702,SAN PEDRO DE TIQUINA,desnutricion global,sobrepeso (s),2005-01-01,4,4,0,0,4,4,8
90202,SAN PEDRO(PND),desnutricion global,sobrepeso (s),2005-01-01,4,5,0,0,4,5,9
70303,SAN RAFAEL,desnutricion global,sobrepeso (s),2005-01-01,1,4,0,2,1,6,7
80702,SAN RAMON,desnutricion global,sobrepeso (s),2005-01-01,7,6,3,0,10,6,16
80702,SAN RAMON,desnutricion global,sobrepeso (s),2005-01-01,40,0,3,0,43,0,43
80401,SANTA ANA,desnutricion global,sobrepeso (s),2005-01-01,73,55,16,25,89,80,169
70101,SANTA CRUZ DE LA SIERRA,desnutricion global,sobrepeso (s),2005-01-01,1075,660,268,158,1343,818,2161
80303,SANTA ROSA,desnutricion global,sobrepeso (s),2005-01-01,10,9,3,4,13,13,26
70602,SANTA ROSA DEL SARA,desnutricion global,sobrepeso (s),2005-01-01,25,12,9,13,34,25,59
20308,SANTIAGO DE CALLAPA,desnutricion global,sobrepeso (s),2005-01-01,1,1,0,0,1,1,2
41401,SANTIAGO DE HUARI,desnutricion global,sobrepeso (s),2005-01-01,4,4,2,0,6,4,10
21901,SANTIAGO DE MACHACA,desnutricion global,sobrepeso (s),2005-01-01,1,0,0,0,1,0,1
30702,SANTIVAÑES,desnutricion global,sobrepeso (s),2005-01-01,2,3,1,0,3,3,6
40202,SANTUARIO DE QUILLACAS,desnutricion global,sobrepeso (s),2005-01-01,2,1,0,0,2,1,3
20902,SAPAHAQUI,desnutricion global,sobrepeso (s),2005-01-01,6,3,0,1,6,4,10
90303,SENA,desnutricion global,sobrepeso (s),2005-01-01,0,1,1,5,1,6,7
21301,SICA SICA (VILLA AROMA),desnutricion global,sobrepeso (s),2005-01-01,6,6,2,0,8,6,14
30703,SICAYA,desnutricion global,sobrepeso (s),2005-01-01,1,0,0,0,1,0,1
30902,SIPE SIPE,desnutricion global,sobrepeso (s),2005-01-01,38,32,2,1,40,33,73
10403,SOPACHUY,desnutricion global,sobrepeso (s),2005-01-01,4,4,0,0,4,4,8
40104,SORACACHI,desnutricion global,sobrepeso (s),2005-01-01,6,2,0,0,6,2,8
20601,SORATA,desnutricion global,sobrepeso (s),2005-01-01,11,14,1,4,12,18,30
10101,SUCRE,desnutricion global,sobrepeso (s),2005-01-01,150,121,19,21,169,142,311
20603,TACACOMA,desnutricion global,sobrepeso (s),2005-01-01,12,10,2,3,14,13,27
50303,TACOBAMBA,desnutricion global,sobrepeso (s),2005-01-01,1,2,0,0,1,2,3
30602,TACOPAYA,desnutricion global,sobrepeso (s),2005-01-01,3,1,0,1,3,2,5
31101,TAPACARI,desnutricion global,sobrepeso (s),2005-01-01,2,2,0,0,2,2,4
10601,TARABUCO,desnutricion global,sobrepeso (s),2005-01-01,24,27,1,3,25,30,55
20807,TARACO,desnutricion global,sobrepeso (s),2005-01-01,2,0,0,0,2,0,2
30401,TARATA,desnutricion global,sobrepeso (s),2005-01-01,12,10,3,1,15,11,26
60101,TARIJA,desnutricion global,sobrepeso (s),2005-01-01,365,250,37,48,402,298,700
10202,TARVITA,desnutricion global,sobrepeso (s),2005-01-01,25,14,2,1,27,15,42
20608,TEOPONTE,desnutricion global,sobrepeso (s),2005-01-01,18,7,12,10,30,17,47
20803,TIAWANACU,desnutricion global,sobrepeso (s),2005-01-01,6,10,2,2,8,12,20
50102,TINGUIPAYA,desnutricion global,sobrepeso (s),2005-01-01,8,2,3,1,11,3,14
20606,TIPUANI,desnutricion global,sobrepeso (s),2005-01-01,8,10,0,0,8,10,18
30903,TIQUIPAYA,desnutricion global,sobrepeso (s),2005-01-01,18,17,3,4,21,21,42
31601,TIRAQUE (CBBA),desnutricion global,sobrepeso (s),2005-01-01,64,65,12,12,76,77,153
21703,TITO YUPANQUI (PARQUIPUJIO),desnutricion global,sobrepeso (s),2005-01-01,0,1,0,0,0,1,1
30802,TOCO,desnutricion global,sobrepeso (s),2005-01-01,5,2,0,0,5,2,7
30803,TOLATA,desnutricion global,sobrepeso (s),2005-01-01,3,4,0,0,3,4,7
41001,TOLEDO,desnutricion global,sobrepeso (s),2005-01-01,4,0,0,0,4,0,4
51202,TOMAVE,desnutricion global,sobrepeso (s),2005-01-01,8,7,1,0,9,7,16
10402,TOMINA,desnutricion global,sobrepeso (s),2005-01-01,17,15,3,0,20,15,35
50502,TORO TORO,desnutricion global,sobrepeso (s),2005-01-01,0,2,0,0,0,2,2
31201,TOTORA(CBBA),desnutricion global,sobrepeso (s),2005-01-01,10,4,1,0,11,4,15
70802,TRIGAL,desnutricion global,sobrepeso (s),2005-01-01,3,2,0,0,3,2,5
80101,TRINIDAD,desnutricion global,sobrepeso (s),2005-01-01,160,126,28,47,188,173,361
50801,TUPIZA,desnutricion global,sobrepeso (s),2005-01-01,52,39,9,3,61,42,103
40402,TURCO,desnutricion global,sobrepeso (s),2005-01-01,5,3,0,0,5,3,8
21302,UMALA,desnutricion global,sobrepeso (s),2005-01-01,6,3,8,7,14,10,24
50201,UNCIA,desnutricion global,sobrepeso (s),2005-01-01,12,15,2,2,14,17,31
60401,URIONDO (A. CONCEPCION),desnutricion global,sobrepeso (s),2005-01-01,25,19,4,4,29,23,52
51201,UYUNI,desnutricion global,sobrepeso (s),2005-01-01,11,11,6,0,17,11,28
30502,VACAS,desnutricion global,sobrepeso (s),2005-01-01,2,2,1,1,3,3,6
70801,VALLEGRANDE,desnutricion global,sobrepeso (s),2005-01-01,26,9,27,0,53,9,62
31302,VILA VILA,desnutricion global,sobrepeso (s),2005-01-01,1,2,1,0,2,2,4
60303,VILLA MONTES,desnutricion global,sobrepeso (s),2005-01-01,41,36,23,18,64,54,118
31402,VILLA RIVERO,desnutricion global,sobrepeso (s),2005-01-01,5,9,0,1,5,10,15
10801,VILLA SERRANO,desnutricion global,sobrepeso (s),2005-01-01,10,10,0,1,10,11,21
31003,VILLA TUNARI,desnutricion global,sobrepeso (s),2005-01-01,42,27,11,3,53,30,83
11001,VILLA VACA GUZMAN (MUYUPAMPA),desnutricion global,sobrepeso (s),2005-01-01,29,12,6,2,35,14,49
51501,VILLAZON,desnutricion global,sobrepeso (s),2005-01-01,61,43,4,9,65,52,117
30904,VINTO,desnutricion global,sobrepeso (s),2005-01-01,23,0,3,0,26,0,26
50602,VITICHI,desnutricion global,sobrepeso (s),2005-01-01,3,8,1,1,4,9,13
20306,WALDO BALLIVIAN,desnutricion global,sobrepeso (s),2005-01-01,1,0,0,1,1,1,2
70201,WARNES,desnutricion global,sobrepeso (s),2005-01-01,48,30,8,4,56,34,90
20903,YACO,desnutricion global,sobrepeso (s),2005-01-01,1,2,0,0,1,2,3
60301,YACUIBA,desnutricion global,sobrepeso (s),2005-01-01,95,77,6,6,101,83,184
10602,YAMPARAEZ,desnutricion global,sobrepeso (s),2005-01-01,15,12,0,3,15,15,30
21103,YANACACHI,desnutricion global,sobrepeso (s),2005-01-01,6,3,0,0,6,3,9
70403,YAPACANI,desnutricion global,sobrepeso (s),2005-01-01,89,69,7,6,96,75,171
10102,YOTALA,desnutricion global,sobrepeso (s),2005-01-01,13,18,4,5,17,23,40
60402,YUNCHARA,desnutricion global,sobrepeso (s),2005-01-01,1,0,0,1,1,1,2
10301,ZUDAÑEZ,desnutricion global,sobrepeso (s),2005-01-01,22,12,0,2,22,14,36
51302,ACACIO,desnutricion global,sobrepeso (s),2005-02-01,2,3,0,0,2,3,5
20201,ACHACACHI,desnutricion global,sobrepeso (s),2005-02-01,33,33,12,9,45,42,87
30201,AIQUILE,desnutricion global,sobrepeso (s),2005-02-01,17,3,1,2,18,5,23
10404,ALCALA,desnutricion global,sobrepeso (s),2005-02-01,5,8,0,0,5,8,13
20202,ANCORAIMES,desnutricion global,sobrepeso (s),2005-02-01,3,1,2,0,5,1,6
40603,ANTEQUERA,desnutricion global,sobrepeso (s),2005-02-01,3,3,0,0,3,3,6
20701,APOLO,desnutricion global,sobrepeso (s),2005-02-01,4,1,4,1,8,2,10
51301,ARAMPAMPA,desnutricion global,sobrepeso (s),2005-02-01,3,1,0,0,3,1,4
30501,ARANI,desnutricion global,sobrepeso (s),2005-02-01,5,1,1,1,6,2,8
30403,ARBIETO,desnutricion global,sobrepeso (s),2005-02-01,7,2,0,0,7,2,9
30601,ARQUE,desnutricion global,sobrepeso (s),2005-02-01,4,2,0,0,4,2,6
50802,ATOCHA,desnutricion global,sobrepeso (s),2005-02-01,11,8,1,3,12,11,23
20503,AUCAPATA,desnutricion global,sobrepeso (s),2005-02-01,5,9,0,0,5,9,14
20502,AYATA,desnutricion global,sobrepeso (s),2005-02-01,5,3,0,0,5,3,8
21303,AYO AYO,desnutricion global,sobrepeso (s),2005-02-01,4,4,1,0,5,4,9
30301,AYOPAYA (V. DE INDEPENDENCIA),desnutricion global,sobrepeso (s),2005-02-01,14,8,3,1,17,9,26
10201,AZURDUY,desnutricion global,sobrepeso (s),2005-02-01,8,6,2,0,10,6,16
21203,BATALLAS,desnutricion global,sobrepeso (s),2005-02-01,9,7,0,2,9,9,18
80802,BAURES,desnutricion global,sobrepeso (s),2005-02-01,10,0,0,0,10,0,10
41202,BELEN DE ANDAMARCA,desnutricion global,sobrepeso (s),2005-02-01,0,1,0,0,0,1,1
50104,BELEN DE URMIRI,desnutricion global,sobrepeso (s),2005-02-01,0,3,0,0,0,3,3
90104,BELLA FLOR,desnutricion global,sobrepeso (s),2005-02-01,1,1,0,0,1,1,2
60202,BERMEJO,desnutricion global,sobrepeso (s),2005-02-01,12,6,8,4,20,10,30
50301,BETANZOS,desnutricion global,sobrepeso (s),2005-02-01,16,12,2,0,18,12,30
31501,BOLIVAR,desnutricion global,sobrepeso (s),2005-02-01,0,1,0,0,0,1,1
90103,BOLPEBRA,desnutricion global,sobrepeso (s),2005-02-01,0,1,0,0,0,1,1
70707,BOYUIBE,desnutricion global,sobrepeso (s),2005-02-01,3,5,1,1,4,6,10
70401,BUENA VISTA,desnutricion global,sobrepeso (s),2005-02-01,38,20,6,6,44,26,70
70703,CABEZAS,desnutricion global,sobrepeso (s),2005-02-01,30,27,6,6,36,33,69
20905,CAIROMA,desnutricion global,sobrepeso (s),2005-02-01,7,3,0,2,7,5,12
51102,"CAIZA ""D""",desnutricion global,sobrepeso (s),2005-02-01,8,6,0,0,8,6,14
21003,CAJUATA,desnutricion global,sobrepeso (s),2005-02-01,28,17,5,1,33,18,51
20303,CALACOTO,desnutricion global,sobrepeso (s),2005-02-01,1,3,0,0,1,3,4
21304,CALAMARCA,desnutricion global,sobrepeso (s),2005-02-01,12,10,1,2,13,12,25
10701,CAMARGO,desnutricion global,sobrepeso (s),2005-02-01,14,14,2,0,16,14,30
10901,CAMATAQUI (C. VILLA ABECIA),desnutricion global,sobrepeso (s),2005-02-01,3,3,1,1,4,4,8
70706,CAMIRI,desnutricion global,sobrepeso (s),2005-02-01,72,53,10,7,82,60,142
30701,CAPINOTA,desnutricion global,sobrepeso (s),2005-02-01,22,12,8,6,30,18,48
20302,CAQUIAVIRI,desnutricion global,sobrepeso (s),2005-02-01,8,7,2,3,10,10,20
40102,CARACOLLO,desnutricion global,sobrepeso (s),2005-02-01,16,7,3,1,19,8,27
22001,CARANAVI,desnutricion global,sobrepeso (s),2005-02-01,71,33,12,8,83,41,124
60302,CARAPARI,desnutricion global,sobrepeso (s),2005-02-01,13,24,3,3,16,27,43
50702,CARIPUYO,desnutricion global,sobrepeso (s),2005-02-01,0,0,0,1,0,1,1
40201,CHALLAPATA,desnutricion global,sobrepeso (s),2005-02-01,11,12,3,2,14,14,28
50302,CHAQUI,desnutricion global,sobrepeso (s),2005-02-01,2,2,0,0,2,2,4
70702,CHARAGUA,desnutricion global,sobrepeso (s),2005-02-01,43,33,11,19,54,52,106
50202,CHAYANTA,desnutricion global,sobrepeso (s),2005-02-01,28,3,5,5,33,8,41
31204,CHIMORE,desnutricion global,sobrepeso (s),2005-02-01,21,17,4,5,25,22,47
21101,CHULUMANI (V. DE LA LIBERTAD),desnutricion global,sobrepeso (s),2005-02-01,16,9,0,2,16,11,27
20501,CHUMA,desnutricion global,sobrepeso (s),2005-02-01,7,4,0,1,7,5,12
30801,CLIZA,desnutricion global,sobrepeso (s),2005-02-01,27,26,7,2,34,28,62
90101,COBIJA,desnutricion global,sobrepeso (s),2005-02-01,52,53,4,3,56,56,112
30101,COCHABAMBA,desnutricion global,sobrepeso (s),2005-02-01,355,267,43,38,398,305,703
30905,COLCAPIRHUA,desnutricion global,sobrepeso (s),2005-02-01,17,16,1,2,18,18,36
50901,"COLCHA ""K""",desnutricion global,sobrepeso (s),2005-02-01,4,9,0,1,4,10,14
21307,COLLANA,desnutricion global,sobrepeso (s),2005-02-01,1,0,0,0,1,0,1
31002,COLOMI,desnutricion global,sobrepeso (s),2005-02-01,14,13,3,0,17,13,30
70603,COLPA BELGICA,desnutricion global,sobrepeso (s),2005-02-01,11,7,0,0,11,7,18
50401,COLQUECHACA,desnutricion global,sobrepeso (s),2005-02-01,8,4,2,0,10,4,14
21306,COLQUENCHA,desnutricion global,sobrepeso (s),2005-02-01,6,6,1,2,7,8,15
21004,COLQUIRI,desnutricion global,sobrepeso (s),2005-02-01,15,9,2,1,17,10,27
71301,COMARAPA,desnutricion global,sobrepeso (s),2005-02-01,50,61,9,11,59,72,131
20605,COMBAYA,desnutricion global,sobrepeso (s),2005-02-01,1,2,0,0,1,2,3
71101,CONCEPCION,desnutricion global,sobrepeso (s),2005-02-01,7,0,8,0,15,0,15
21701,COPACABANA,desnutricion global,sobrepeso (s),2005-02-01,8,3,1,1,9,4,13
21402,CORIPATA,desnutricion global,sobrepeso (s),2005-02-01,39,25,1,0,40,25,65
20301,CORO CORO,desnutricion global,sobrepeso (s),2005-02-01,3,2,0,0,3,2,5
21401,COROICO,desnutricion global,sobrepeso (s),2005-02-01,1,0,0,0,1,0,1
40301,CORQUE,desnutricion global,sobrepeso (s),2005-02-01,3,2,1,1,4,3,7
50601,COTAGAITA,desnutricion global,sobrepeso (s),2005-02-01,3,3,0,0,3,3,6
70102,COTOCA,desnutricion global,sobrepeso (s),2005-02-01,48,23,5,2,53,25,78
71106,CUATRO CAÑADAS,desnutricion global,sobrepeso (s),2005-02-01,23,2,3,5,26,7,33
31405,CUCHUMUELA (V. G. VILLARROEL),desnutricion global,sobrepeso (s),2005-02-01,2,0,1,0,3,0,3
70704,CUEVO,desnutricion global,sobrepeso (s),2005-02-01,1,0,0,0,1,0,1
10902,CULPINA,desnutricion global,sobrepeso (s),2005-02-01,22,21,7,6,29,27,56
40401,CURAHUARA DE CARANGAS,desnutricion global,sobrepeso (s),2005-02-01,1,3,0,1,1,4,5
21602,CURVA,desnutricion global,sobrepeso (s),2005-02-01,0,2,0,0,0,2,2
20804,DESAGUADERO,desnutricion global,sobrepeso (s),2005-02-01,1,0,0,0,1,0,1
20105,EL ALTO,desnutricion global,sobrepeso (s),2005-02-01,401,417,96,90,497,507,1004
40103,EL CHORO,desnutricion global,sobrepeso (s),2005-02-01,3,0,0,0,3,0,3
60502,EL PUENTE(TJA),desnutricion global,sobrepeso (s),2005-02-01,7,4,1,3,8,7,15
70105,EL TORNO,desnutricion global,sobrepeso (s),2005-02-01,57,31,9,4,66,35,101
10405,EL VILLAR,desnutricion global,sobrepeso (s),2005-02-01,7,1,3,0,10,1,11
60601,ENTRE RIOS,desnutricion global,sobrepeso (s),2005-02-01,42,27,14,2,56,29,85
60601,ENTRE RIOS,desnutricion global,sobrepeso (s),2005-02-01,29,22,3,3,32,25,57
41101,EUCALIPTUS,desnutricion global,sobrepeso (s),2005-02-01,4,2,1,1,5,3,8
90503,EUREKA (SANTOS MERCADO),desnutricion global,sobrepeso (s),2005-02-01,0,0,2,0,2,0,2
80402,EXALTACION,desnutricion global,sobrepeso (s),2005-02-01,8,6,3,4,11,10,21
71004,FERNANDEZ ALONSO,desnutricion global,sobrepeso (s),2005-02-01,49,25,38,34,87,59,146
90203,FILADELFIA,desnutricion global,sobrepeso (s),2005-02-01,5,2,0,0,5,2,7
71002,GENERAL SAAVEDRA,desnutricion global,sobrepeso (s),2005-02-01,34,0,12,0,46,0,46
21601,GRAL. J.J. PEREZ (CHARAZANI),desnutricion global,sobrepeso (s),2005-02-01,9,4,0,1,9,5,14
20602,GUANAY,desnutricion global,sobrepeso (s),2005-02-01,20,18,8,11,28,29,57
20802,GUAQUI,desnutricion global,sobrepeso (s),2005-02-01,2,3,1,0,3,3,6
70705,GUTIERREZ,desnutricion global,sobrepeso (s),2005-02-01,33,35,12,11,45,46,91
10502,HUACARETA,desnutricion global,sobrepeso (s),2005-02-01,7,13,8,2,15,15,30
11002,HUACAYA (VILLA DE HUACAYA),desnutricion global,sobrepeso (s),2005-02-01,6,3,0,0,6,3,9
40501,HUACHACALLA,desnutricion global,sobrepeso (s),2005-02-01,1,1,1,0,2,1,3
40701,HUANUNI,desnutricion global,sobrepeso (s),2005-02-01,39,26,2,6,41,32,73
80803,HUARACAJE,desnutricion global,sobrepeso (s),2005-02-01,6,1,4,0,10,1,11
41601,HUAYLLAMARCA,desnutricion global,sobrepeso (s),2005-02-01,1,0,0,1,1,1,2
21005,ICHOCA,desnutricion global,sobrepeso (s),2005-02-01,1,2,0,1,1,3,4
10304,ICLA,desnutricion global,sobrepeso (s),2005-02-01,5,10,1,1,6,11,17
10703,INCAHUASI,desnutricion global,sobrepeso (s),2005-02-01,17,18,0,1,17,19,36
21001,INQUISIVI,desnutricion global,sobrepeso (s),2005-02-01,11,7,0,0,11,7,18
21102,IRUPANA (VILLA DE LANZA),desnutricion global,sobrepeso (s),2005-02-01,11,11,5,4,16,15,31
21501,IXIAMAS,desnutricion global,sobrepeso (s),2005-02-01,17,11,1,2,18,13,31
20806,JESUS DE MACHACA,desnutricion global,sobrepeso (s),2005-02-01,4,2,5,0,9,2,11
21105,LA ASUNTA,desnutricion global,sobrepeso (s),2005-02-01,21,24,1,1,22,25,47
70104,LA GUARDIA,desnutricion global,sobrepeso (s),2005-02-01,80,55,9,2,89,57,146
20101,LA PAZ,desnutricion global,sobrepeso (s),2005-02-01,458,419,118,90,576,509,1085
70701,LAGUNILLAS,desnutricion global,sobrepeso (s),2005-02-01,10,14,7,7,17,21,38
21202,LAJA,desnutricion global,sobrepeso (s),2005-02-01,18,12,5,5,23,17,40
10903,LAS CARRERAS,desnutricion global,sobrepeso (s),2005-02-01,10,2,2,3,12,5,17
21006,LICOMA PAMPA,desnutricion global,sobrepeso (s),2005-02-01,2,1,0,0,2,1,3
50203,LLALLAGUA,desnutricion global,sobrepeso (s),2005-02-01,34,26,17,8,51,34,85
51401,LLICA,desnutricion global,sobrepeso (s),2005-02-01,2,2,0,0,2,2,4
80601,LORETO,desnutricion global,sobrepeso (s),2005-02-01,4,3,4,1,8,4,12
20901,LURIBAY,desnutricion global,sobrepeso (s),2005-02-01,7,6,0,1,7,7,14
40702,MACHACAMARCA,desnutricion global,sobrepeso (s),2005-02-01,3,5,1,0,4,5,9
11003,MACHARETI,desnutricion global,sobrepeso (s),2005-02-01,28,17,9,2,37,19,56
80801,MAGDALENA,desnutricion global,sobrepeso (s),2005-02-01,10,7,3,2,13,9,22
70903,MAIRANA,desnutricion global,sobrepeso (s),2005-02-01,38,2,6,1,44,3,47
20607,MAPIRI,desnutricion global,sobrepeso (s),2005-02-01,19,15,4,4,23,19,42
71003,MINEROS,desnutricion global,sobrepeso (s),2005-02-01,78,1,16,0,94,1,95
31301,MIZQUE,desnutricion global,sobrepeso (s),2005-02-01,31,25,34,25,65,50,115
20402,MOCOMOCO,desnutricion global,sobrepeso (s),2005-02-01,6,4,5,5,11,9,20
51002,MOJINETE,desnutricion global,sobrepeso (s),2005-02-01,1,2,0,0,1,2,3
10303,MOJOCOYA,desnutricion global,sobrepeso (s),2005-02-01,8,11,2,1,10,12,22
10501,MONTEAGUDO,desnutricion global,sobrepeso (s),2005-02-01,83,43,3,8,86,51,137
71001,MONTERO,desnutricion global,sobrepeso (s),2005-02-01,223,99,87,39,310,138,448
70803,MORO MORO,desnutricion global,sobrepeso (s),2005-02-01,3,0,2,1,5,1,6
30302,MOROCHATA,desnutricion global,sobrepeso (s),2005-02-01,3,13,0,2,3,15,18
90401,NACEBE (SANTA ROSA DEL ABUNA),desnutricion global,sobrepeso (s),2005-02-01,2,1,1,0,3,1,4
50404,OCURI,desnutricion global,sobrepeso (s),2005-02-01,5,5,4,0,9,5,14
70202,OKINAWA,desnutricion global,sobrepeso (s),2005-02-01,20,19,3,1,23,20,43
30203,OMEREQUE,desnutricion global,sobrepeso (s),2005-02-01,1,0,1,0,2,0,2
40101,ORURO,desnutricion global,sobrepeso (s),2005-02-01,168,165,56,27,224,192,416
60201,PADCAYA,desnutricion global,sobrepeso (s),2005-02-01,25,18,13,13,38,31,69
10401,PADILLA,desnutricion global,sobrepeso (s),2005-02-01,13,17,3,1,16,18,34
70502,PAILON,desnutricion global,sobrepeso (s),2005-02-01,0,65,9,0,9,65,74
21104,PALOS BLANCOS,desnutricion global,sobrepeso (s),2005-02-01,34,26,7,5,41,31,72
40802,PAMPA AULLAGAS,desnutricion global,sobrepeso (s),2005-02-01,10,5,0,0,10,5,15
70902,PAMPA GRANDE,desnutricion global,sobrepeso (s),2005-02-01,9,6,2,0,11,6,17
21802,PAPEL PAMPA,desnutricion global,sobrepeso (s),2005-02-01,2,2,0,0,2,2,4
30202,PASORAPA,desnutricion global,sobrepeso (s),2005-02-01,6,4,0,1,6,5,11
21305,PATACAMAYA,desnutricion global,sobrepeso (s),2005-02-01,10,11,4,1,14,12,26
40602,PAZÑA,desnutricion global,sobrepeso (s),2005-02-01,2,4,1,2,3,6,9
20702,PELECHUCO,desnutricion global,sobrepeso (s),2005-02-01,2,1,1,0,3,1,4
50403,POCOATA,desnutricion global,sobrepeso (s),2005-02-01,13,21,2,1,15,22,37
31203,POCONA,desnutricion global,sobrepeso (s),2005-02-01,8,5,1,0,9,5,14
31202,POJO (CBBA),desnutricion global,sobrepeso (s),2005-02-01,11,7,1,0,12,7,19
40601,POOPO,desnutricion global,sobrepeso (s),2005-02-01,4,0,0,0,4,0,4
51203,PORCO,desnutricion global,sobrepeso (s),2005-02-01,5,10,1,0,6,10,16
10103,POROMA,desnutricion global,sobrepeso (s),2005-02-01,10,8,0,1,10,9,19
70103,PORONGO,desnutricion global,sobrepeso (s),2005-02-01,15,10,1,0,16,10,26
70601,PORTACHUELO,desnutricion global,sobrepeso (s),2005-02-01,44,24,12,10,56,34,90
90102,PORVENIR,desnutricion global,sobrepeso (s),2005-02-01,7,5,1,0,8,5,13
70804,POSTRER VALLE,desnutricion global,sobrepeso (s),2005-02-01,2,1,0,1,2,2,4
50101,POTOSI,desnutricion global,sobrepeso (s),2005-02-01,57,37,4,2,61,39,100
10302,PRESTO,desnutricion global,sobrepeso (s),2005-02-01,9,7,0,2,9,9,18
70805,PUCARA,desnutricion global,sobrepeso (s),2005-02-01,8,0,0,0,8,0,8
21201,PUCARANI,desnutricion global,sobrepeso (s),2005-02-01,15,28,1,1,16,29,45
20401,PUERTO ACOSTA,desnutricion global,sobrepeso (s),2005-02-01,4,5,1,0,5,5,10
20403,PUERTO CARABUCO,desnutricion global,sobrepeso (s),2005-02-01,3,5,0,4,3,9,12
90301,PUERTO GONZALO MORENO,desnutricion global,sobrepeso (s),2005-02-01,14,5,1,0,15,5,20
21204,PUERTO PEREZ,desnutricion global,sobrepeso (s),2005-02-01,3,2,0,0,3,2,5
90201,PUERTO RICO,desnutricion global,sobrepeso (s),2005-02-01,7,7,1,0,8,7,15
80703,PUERTO SILES,desnutricion global,sobrepeso (s),2005-02-01,0,4,1,0,1,4,5
31205,PUERTO VILLARROEL,desnutricion global,sobrepeso (s),2005-02-01,50,42,14,13,64,55,119
51101,PUNA,desnutricion global,sobrepeso (s),2005-02-01,7,9,0,0,7,9,16
31401,PUNATA,desnutricion global,sobrepeso (s),2005-02-01,24,14,9,10,33,24,57
30901,QUILLACOLLO,desnutricion global,sobrepeso (s),2005-02-01,22,85,3,5,25,90,115
21002,QUIME,desnutricion global,sobrepeso (s),2005-02-01,5,3,0,5,5,8,13
70904,QUIRUSILLAS,desnutricion global,sobrepeso (s),2005-02-01,6,3,0,0,6,3,9
50402,RAVELO,desnutricion global,sobrepeso (s),2005-02-01,4,3,0,0,4,3,7
80301,REYES,desnutricion global,sobrepeso (s),2005-02-01,20,11,7,1,27,12,39
80201,RIBERALTA,desnutricion global,sobrepeso (s),2005-02-01,69,47,20,15,89,62,151
70503,ROBORE,desnutricion global,sobrepeso (s),2005-02-01,7,28,12,4,19,32,51
80304,RURRENABAQUE,desnutricion global,sobrepeso (s),2005-02-01,27,24,2,2,29,26,55
40901,SABAYA,desnutricion global,sobrepeso (s),2005-02-01,3,1,0,3,3,4,7
31001,SACABA,desnutricion global,sobrepeso (s),2005-02-01,6,7,2,0,8,7,15
30404,SACABAMBA,desnutricion global,sobrepeso (s),2005-02-01,2,0,0,0,2,0,2
50701,SACACA,desnutricion global,sobrepeso (s),2005-02-01,3,1,0,0,3,1,4
71302,SAIPINA,desnutricion global,sobrepeso (s),2005-02-01,19,21,6,8,25,29,54
40801,SALINAS DE GARCI MENDOZA,desnutricion global,sobrepeso (s),2005-02-01,2,8,0,2,2,10,12
70901,SAMAIPATA,desnutricion global,sobrepeso (s),2005-02-01,28,0,16,0,44,0,44
80602,SAN ANDRES,desnutricion global,sobrepeso (s),2005-02-01,13,13,3,3,16,16,32
20805,SAN ANDRES DE MACHACA,desnutricion global,sobrepeso (s),2005-02-01,6,4,1,1,7,5,12
71105,SAN ANTONIO DE LOMERIO,desnutricion global,sobrepeso (s),2005-02-01,9,8,3,3,12,11,23
31403,SAN BENITO,desnutricion global,sobrepeso (s),2005-02-01,14,9,2,1,16,10,26
80302,SAN BORJA,desnutricion global,sobrepeso (s),2005-02-01,51,52,6,3,57,55,112
21502,SAN BUENA VENTURA,desnutricion global,sobrepeso (s),2005-02-01,10,8,1,1,11,9,20
70402,SAN CARLOS,desnutricion global,sobrepeso (s),2005-02-01,29,41,12,14,41,55,96
80501,SAN IGNACIO,desnutricion global,sobrepeso (s),2005-02-01,10,10,2,4,12,14,26
70301,SAN IGNACIO DE VELASCO,desnutricion global,sobrepeso (s),2005-02-01,80,66,12,13,92,79,171
80102,SAN JAVIER(BNI),desnutricion global,sobrepeso (s),2005-02-01,2,2,4,1,6,3,9
71102,SAN JAVIER(STC),desnutricion global,sobrepeso (s),2005-02-01,18,0,5,0,23,0,23
80701,SAN JOAQUIN,desnutricion global,sobrepeso (s),2005-02-01,16,13,3,2,19,15,34
70501,SAN JOSE DE CHIQUITOS,desnutricion global,sobrepeso (s),2005-02-01,17,9,0,2,17,11,28
70404,SAN JUAN DE YAPACANI,desnutricion global,sobrepeso (s),2005-02-01,18,16,1,3,19,19,38
71104,SAN JULIAN,desnutricion global,sobrepeso (s),2005-02-01,69,37,14,3,83,40,123
90302,SAN LORENZO(PND),desnutricion global,sobrepeso (s),2005-02-01,6,5,2,0,8,5,13
60501,SAN LORENZO(TJA),desnutricion global,sobrepeso (s),2005-02-01,10,13,4,10,14,23,37
10702,SAN LUCAS,desnutricion global,sobrepeso (s),2005-02-01,12,13,2,0,14,13,27
70302,SAN MIGUEL DE VELASCO,desnutricion global,sobrepeso (s),2005-02-01,9,7,2,1,11,8,19
51001,SAN PABLO DE LIPEZ,desnutricion global,sobrepeso (s),2005-02-01,1,0,0,0,1,0,1
71005,SAN PEDRO,desnutricion global,sobrepeso (s),2005-02-01,36,30,12,1,48,31,79
50501,SAN PEDRO DE BUENA VISTA,desnutricion global,sobrepeso (s),2005-02-01,9,12,8,12,17,24,41
21801,SAN PEDRO DE CURAHUARA,desnutricion global,sobrepeso (s),2005-02-01,1,3,1,0,2,3,5
50902,SAN PEDRO DE QUEMES,desnutricion global,sobrepeso (s),2005-02-01,0,1,0,0,0,1,1
21702,SAN PEDRO DE TIQUINA,desnutricion global,sobrepeso (s),2005-02-01,6,4,0,1,6,5,11
90202,SAN PEDRO(PND),desnutricion global,sobrepeso (s),2005-02-01,2,3,1,1,3,4,7
70303,SAN RAFAEL,desnutricion global,sobrepeso (s),2005-02-01,5,6,1,1,6,7,13
80702,SAN RAMON,desnutricion global,sobrepeso (s),2005-02-01,14,17,5,4,19,21,40
80702,SAN RAMON,desnutricion global,sobrepeso (s),2005-02-01,17,5,2,0,19,5,24
80401,SANTA ANA,desnutricion global,sobrepeso (s),2005-02-01,50,51,9,8,59,59,118
70101,SANTA CRUZ DE LA SIERRA,desnutricion global,sobrepeso (s),2005-02-01,1053,704,269,183,1322,887,2209
80303,SANTA ROSA,desnutricion global,sobrepeso (s),2005-02-01,13,13,2,5,15,18,33
70602,SANTA ROSA DEL SARA,desnutricion global,sobrepeso (s),2005-02-01,22,17,11,19,33,36,69
20308,SANTIAGO DE CALLAPA,desnutricion global,sobrepeso (s),2005-02-01,1,1,1,1,2,2,4
41401,SANTIAGO DE HUARI,desnutricion global,sobrepeso (s),2005-02-01,4,4,0,3,4,7,11
21901,SANTIAGO DE MACHACA,desnutricion global,sobrepeso (s),2005-02-01,1,0,0,0,1,0,1
30702,SANTIVAÑES,desnutricion global,sobrepeso (s),2005-02-01,0,1,1,0,1,1,2
40202,SANTUARIO DE QUILLACAS,desnutricion global,sobrepeso (s),2005-02-01,1,1,1,0,2,1,3
20902,SAPAHAQUI,desnutricion global,sobrepeso (s),2005-02-01,6,10,0,1,6,11,17
90303,SENA,desnutricion global,sobrepeso (s),2005-02-01,7,4,3,1,10,5,15
21301,SICA SICA (VILLA AROMA),desnutricion global,sobrepeso (s),2005-02-01,11,19,2,0,13,19,32
30902,SIPE SIPE,desnutricion global,sobrepeso (s),2005-02-01,43,39,7,3,50,42,92
10403,SOPACHUY,desnutricion global,sobrepeso (s),2005-02-01,2,3,1,0,3,3,6
40104,SORACACHI,desnutricion global,sobrepeso (s),2005-02-01,3,4,1,0,4,4,8
20601,SORATA,desnutricion global,sobrepeso (s),2005-02-01,12,6,2,7,14,13,27
10101,SUCRE,desnutricion global,sobrepeso (s),2005-02-01,144,135,35,41,179,176,355
20603,TACACOMA,desnutricion global,sobrepeso (s),2005-02-01,8,4,0,1,8,5,13
50303,TACOBAMBA,desnutricion global,sobrepeso (s),2005-02-01,2,4,0,0,2,4,6
30602,TACOPAYA,desnutricion global,sobrepeso (s),2005-02-01,0,0,0,2,0,2,2
51402,TAHUA,desnutricion global,sobrepeso (s),2005-02-01,0,0,1,0,1,0,1
31101,TAPACARI,desnutricion global,sobrepeso (s),2005-02-01,5,5,0,0,5,5,10
10601,TARABUCO,desnutricion global,sobrepeso (s),2005-02-01,21,27,0,4,21,31,52
20807,TARACO,desnutricion global,sobrepeso (s),2005-02-01,2,5,0,0,2,5,7
30401,TARATA,desnutricion global,sobrepeso (s),2005-02-01,9,8,1,1,10,9,19
60101,TARIJA,desnutricion global,sobrepeso (s),2005-02-01,339,249,48,49,387,298,685
10202,TARVITA,desnutricion global,sobrepeso (s),2005-02-01,8,9,0,0,8,9,17
20608,TEOPONTE,desnutricion global,sobrepeso (s),2005-02-01,15,12,9,6,24,18,42
20803,TIAWANACU,desnutricion global,sobrepeso (s),2005-02-01,9,6,3,1,12,7,19
50102,TINGUIPAYA,desnutricion global,sobrepeso (s),2005-02-01,7,4,0,1,7,5,12
20606,TIPUANI,desnutricion global,sobrepeso (s),2005-02-01,19,14,0,0,19,14,33
30903,TIQUIPAYA,desnutricion global,sobrepeso (s),2005-02-01,18,16,3,26,21,42,63
31601,TIRAQUE (CBBA),desnutricion global,sobrepeso (s),2005-02-01,50,53,10,7,60,60,120
21703,TITO YUPANQUI (PARQUIPUJIO),desnutricion global,sobrepeso (s),2005-02-01,0,1,0,0,0,1,1
30802,TOCO,desnutricion global,sobrepeso (s),2005-02-01,0,0,1,1,1,1,2
30803,TOLATA,desnutricion global,sobrepeso (s),2005-02-01,6,4,1,1,7,5,12
41001,TOLEDO,desnutricion global,sobrepeso (s),2005-02-01,2,0,0,0,2,0,2
51202,TOMAVE,desnutricion global,sobrepeso (s),2005-02-01,2,1,1,0,3,1,4
10402,TOMINA,desnutricion global,sobrepeso (s),2005-02-01,22,12,1,1,23,13,36
50502,TORO TORO,desnutricion global,sobrepeso (s),2005-02-01,8,9,0,1,8,10,18
31201,TOTORA(CBBA),desnutricion global,sobrepeso (s),2005-02-01,15,14,0,0,15,14,29
70802,TRIGAL,desnutricion global,sobrepeso (s),2005-02-01,7,3,3,1,10,4,14
80101,TRINIDAD,desnutricion global,sobrepeso (s),2005-02-01,145,109,21,13,166,122,288
50801,TUPIZA,desnutricion global,sobrepeso (s),2005-02-01,69,39,7,5,76,44,120
40402,TURCO,desnutricion global,sobrepeso (s),2005-02-01,5,2,0,0,5,2,7
21302,UMALA,desnutricion global,sobrepeso (s),2005-02-01,4,1,0,1,4,2,6
50201,UNCIA,desnutricion global,sobrepeso (s),2005-02-01,8,6,0,0,8,6,14
60401,URIONDO (A. CONCEPCION),desnutricion global,sobrepeso (s),2005-02-01,15,7,1,3,16,10,26
51201,UYUNI,desnutricion global,sobrepeso (s),2005-02-01,17,9,2,2,19,11,30
30502,VACAS,desnutricion global,sobrepeso (s),2005-02-01,3,1,0,1,3,2,5
70801,VALLEGRANDE,desnutricion global,sobrepeso (s),2005-02-01,29,10,8,4,37,14,51
31302,VILA VILA,desnutricion global,sobrepeso (s),2005-02-01,4,2,2,0,6,2,8
60303,VILLA MONTES,desnutricion global,sobrepeso (s),2005-02-01,31,27,5,13,36,40,76
90502,VILLA NUEVA (LOMA ALTA),desnutricion global,sobrepeso (s),2005-02-01,1,0,0,0,1,0,1
31402,VILLA RIVERO,desnutricion global,sobrepeso (s),2005-02-01,24,4,0,0,24,4,28
10801,VILLA SERRANO,desnutricion global,sobrepeso (s),2005-02-01,17,16,0,2,17,18,35
31003,VILLA TUNARI,desnutricion global,sobrepeso (s),2005-02-01,28,23,6,2,34,25,59
11001,VILLA VACA GUZMAN (MUYUPAMPA),desnutricion global,sobrepeso (s),2005-02-01,17,14,3,0,20,14,34
51501,VILLAZON,desnutricion global,sobrepeso (s),2005-02-01,43,35,12,3,55,38,93
50602,VITICHI,desnutricion global,sobrepeso (s),2005-02-01,1,1,0,0,1,1,2
70201,WARNES,desnutricion global,sobrepeso (s),2005-02-01,58,41,16,11,74,52,126
20903,YACO,desnutricion global,sobrepeso (s),2005-02-01,2,4,0,1,2,5,7
60301,YACUIBA,desnutricion global,sobrepeso (s),2005-02-01,110,104,14,18,124,122,246
10602,YAMPARAEZ,desnutricion global,sobrepeso (s),2005-02-01,19,15,0,2,19,17,36
21103,YANACACHI,desnutricion global,sobrepeso (s),2005-02-01,3,3,0,0,3,3,6
70403,YAPACANI,desnutricion global,sobrepeso (s),2005-02-01,69,64,7,2,76,66,142
50103,YOCALLA,desnutricion global,sobrepeso (s),2005-02-01,3,3,1,0,4,3,7
10102,YOTALA,desnutricion global,sobrepeso (s),2005-02-01,17,20,3,5,20,25,45
60402,YUNCHARA,desnutricion global,sobrepeso (s),2005-02-01,5,4,0,1,5,5,10
10301,ZUDAÑEZ,desnutricion global,sobrepeso (s),2005-02-01,15,12,2,0,17,12,29
51302,ACACIO,desnutricion global,sobrepeso (s),2005-03-01,0,1,0,0,0,1,1
20201,ACHACACHI,desnutricion global,sobrepeso (s),2005-03-01,32,19,15,11,47,30,77
30201,AIQUILE,desnutricion global,sobrepeso (s),2005-03-01,29,7,2,1,31,8,39
31303,ALALAY,desnutricion global,sobrepeso (s),2005-03-01,1,3,9,1,10,4,14
10404,ALCALA,desnutricion global,sobrepeso (s),2005-03-01,2,5,1,2,3,7,10
20202,ANCORAIMES,desnutricion global,sobrepeso (s),2005-03-01,6,5,1,0,7,5,12
41201,ANDAMARCA,desnutricion global,sobrepeso (s),2005-03-01,0,1,0,0,0,1,1
40603,ANTEQUERA,desnutricion global,sobrepeso (s),2005-03-01,2,2,1,0,3,2,5
30402,ANZALDO,desnutricion global,sobrepeso (s),2005-03-01,2,1,0,0,2,1,3
20701,APOLO,desnutricion global,sobrepeso (s),2005-03-01,9,3,1,0,10,3,13
51301,ARAMPAMPA,desnutricion global,sobrepeso (s),2005-03-01,1,0,0,0,1,0,1
30501,ARANI,desnutricion global,sobrepeso (s),2005-03-01,4,12,1,1,5,13,18
30403,ARBIETO,desnutricion global,sobrepeso (s),2005-03-01,2,0,0,3,2,3,5
30601,ARQUE,desnutricion global,sobrepeso (s),2005-03-01,1,0,0,0,1,0,1
50802,ATOCHA,desnutricion global,sobrepeso (s),2005-03-01,5,5,1,0,6,5,11
20503,AUCAPATA,desnutricion global,sobrepeso (s),2005-03-01,8,3,0,3,8,6,14
20502,AYATA,desnutricion global,sobrepeso (s),2005-03-01,12,5,1,0,13,5,18
21303,AYO AYO,desnutricion global,sobrepeso (s),2005-03-01,1,7,1,0,2,7,9
30301,AYOPAYA (V. DE INDEPENDENCIA),desnutricion global,sobrepeso (s),2005-03-01,11,9,1,4,12,13,25
10201,AZURDUY,desnutricion global,sobrepeso (s),2005-03-01,15,6,2,1,17,7,24
21203,BATALLAS,desnutricion global,sobrepeso (s),2005-03-01,15,5,2,1,17,6,23
80802,BAURES,desnutricion global,sobrepeso (s),2005-03-01,9,0,1,0,10,0,10
41202,BELEN DE ANDAMARCA,desnutricion global,sobrepeso (s),2005-03-01,0,1,0,0,0,1,1
50104,BELEN DE URMIRI,desnutricion global,sobrepeso (s),2005-03-01,3,0,0,0,3,0,3
90104,BELLA FLOR,desnutricion global,sobrepeso (s),2005-03-01,2,2,0,0,2,2,4
60202,BERMEJO,desnutricion global,sobrepeso (s),2005-03-01,19,14,3,3,22,17,39
50301,BETANZOS,desnutricion global,sobrepeso (s),2005-03-01,13,10,1,3,14,13,27
31501,BOLIVAR,desnutricion global,sobrepeso (s),2005-03-01,0,0,0,1,0,1,1
90103,BOLPEBRA,desnutricion global,sobrepeso (s),2005-03-01,1,0,0,0,1,0,1
70707,BOYUIBE,desnutricion global,sobrepeso (s),2005-03-01,8,8,6,3,14,11,25
70401,BUENA VISTA,desnutricion global,sobrepeso (s),2005-03-01,51,42,10,10,61,52,113
70703,CABEZAS,desnutricion global,sobrepeso (s),2005-03-01,16,14,4,1,20,15,35
20905,CAIROMA,desnutricion global,sobrepeso (s),2005-03-01,6,6,0,0,6,6,12
51102,"CAIZA ""D""",desnutricion global,sobrepeso (s),2005-03-01,3,11,2,2,5,13,18
21003,CAJUATA,desnutricion global,sobrepeso (s),2005-03-01,10,19,12,7,22,26,48
21304,CALAMARCA,desnutricion global,sobrepeso (s),2005-03-01,10,3,0,0,10,3,13
10701,CAMARGO,desnutricion global,sobrepeso (s),2005-03-01,18,12,3,2,21,14,35
10901,CAMATAQUI (C. VILLA ABECIA),desnutricion global,sobrepeso (s),2005-03-01,4,5,1,2,5,7,12
70706,CAMIRI,desnutricion global,sobrepeso (s),2005-03-01,71,44,16,16,87,60,147
30701,CAPINOTA,desnutricion global,sobrepeso (s),2005-03-01,7,10,3,1,10,11,21
20302,CAQUIAVIRI,desnutricion global,sobrepeso (s),2005-03-01,19,12,5,8,24,20,44
40102,CARACOLLO,desnutricion global,sobrepeso (s),2005-03-01,23,18,2,3,25,21,46
22001,CARANAVI,desnutricion global,sobrepeso (s),2005-03-01,111,78,9,13,120,91,211
60302,CARAPARI,desnutricion global,sobrepeso (s),2005-03-01,6,7,4,2,10,9,19
50702,CARIPUYO,desnutricion global,sobrepeso (s),2005-03-01,0,1,0,0,0,1,1
21902,CATACORA,desnutricion global,sobrepeso (s),2005-03-01,0,1,0,0,0,1,1
40201,CHALLAPATA,desnutricion global,sobrepeso (s),2005-03-01,8,7,2,2,10,9,19
50302,CHAQUI,desnutricion global,sobrepeso (s),2005-03-01,7,6,2,0,9,6,15
70702,CHARAGUA,desnutricion global,sobrepeso (s),2005-03-01,77,52,18,11,95,63,158
50202,CHAYANTA,desnutricion global,sobrepeso (s),2005-03-01,26,5,3,3,29,8,37
31204,CHIMORE,desnutricion global,sobrepeso (s),2005-03-01,25,12,5,1,30,13,43
40903,CHIPAYA,desnutricion global,sobrepeso (s),2005-03-01,1,2,0,0,1,2,3
40302,CHOQUE COTA,desnutricion global,sobrepeso (s),2005-03-01,0,1,0,0,0,1,1
21101,CHULUMANI (V. DE LA LIBERTAD),desnutricion global,sobrepeso (s),2005-03-01,8,6,3,2,11,8,19
20501,CHUMA,desnutricion global,sobrepeso (s),2005-03-01,8,7,0,2,8,9,17
30801,CLIZA,desnutricion global,sobrepeso (s),2005-03-01,21,29,10,5,31,34,65
90101,COBIJA,desnutricion global,sobrepeso (s),2005-03-01,43,41,3,4,46,45,91
30101,COCHABAMBA,desnutricion global,sobrepeso (s),2005-03-01,476,390,65,55,541,445,986
40902,COIPASA,desnutricion global,sobrepeso (s),2005-03-01,1,1,0,0,1,1,2
30905,COLCAPIRHUA,desnutricion global,sobrepeso (s),2005-03-01,24,24,11,0,35,24,59
50901,"COLCHA ""K""",desnutricion global,sobrepeso (s),2005-03-01,3,8,0,2,3,10,13
31002,COLOMI,desnutricion global,sobrepeso (s),2005-03-01,13,11,5,2,18,13,31
70603,COLPA BELGICA,desnutricion global,sobrepeso (s),2005-03-01,17,5,1,4,18,9,27
50401,COLQUECHACA,desnutricion global,sobrepeso (s),2005-03-01,14,8,1,1,15,9,24
21306,COLQUENCHA,desnutricion global,sobrepeso (s),2005-03-01,4,1,0,0,4,1,5
21004,COLQUIRI,desnutricion global,sobrepeso (s),2005-03-01,10,9,1,2,11,11,22
20304,COMANCHE,desnutricion global,sobrepeso (s),2005-03-01,3,2,0,0,3,2,5
71301,COMARAPA,desnutricion global,sobrepeso (s),2005-03-01,64,61,13,20,77,81,158
20605,COMBAYA,desnutricion global,sobrepeso (s),2005-03-01,1,3,1,1,2,4,6
71101,CONCEPCION,desnutricion global,sobrepeso (s),2005-03-01,3,0,7,0,10,0,10
21701,COPACABANA,desnutricion global,sobrepeso (s),2005-03-01,18,5,5,3,23,8,31
21402,CORIPATA,desnutricion global,sobrepeso (s),2005-03-01,36,30,3,0,39,30,69
20301,CORO CORO,desnutricion global,sobrepeso (s),2005-03-01,3,3,1,0,4,3,7
21401,COROICO,desnutricion global,sobrepeso (s),2005-03-01,1,0,0,0,1,0,1
40301,CORQUE,desnutricion global,sobrepeso (s),2005-03-01,2,2,2,1,4,3,7
50601,COTAGAITA,desnutricion global,sobrepeso (s),2005-03-01,4,9,3,1,7,10,17
70102,COTOCA,desnutricion global,sobrepeso (s),2005-03-01,59,38,3,1,62,39,101
71106,CUATRO CAÑADAS,desnutricion global,sobrepeso (s),2005-03-01,26,10,10,0,36,10,46
31405,CUCHUMUELA (V. G. VILLARROEL),desnutricion global,sobrepeso (s),2005-03-01,4,0,0,0,4,0,4
70704,CUEVO,desnutricion global,sobrepeso (s),2005-03-01,5,6,3,0,8,6,14
10902,CULPINA,desnutricion global,sobrepeso (s),2005-03-01,21,18,0,0,21,18,39
40401,CURAHUARA DE CARANGAS,desnutricion global,sobrepeso (s),2005-03-01,1,2,0,0,1,2,3
21602,CURVA,desnutricion global,sobrepeso (s),2005-03-01,2,3,0,1,2,4,6
20804,DESAGUADERO,desnutricion global,sobrepeso (s),2005-03-01,3,3,2,0,5,3,8
20105,EL ALTO,desnutricion global,sobrepeso (s),2005-03-01,482,531,135,123,617,654,1271
40103,EL CHORO,desnutricion global,sobrepeso (s),2005-03-01,1,0,0,0,1,0,1
60502,EL PUENTE(TJA),desnutricion global,sobrepeso (s),2005-03-01,12,8,2,0,14,8,22
70105,EL TORNO,desnutricion global,sobrepeso (s),2005-03-01,82,46,14,9,96,55,151
10405,EL VILLAR,desnutricion global,sobrepeso (s),2005-03-01,2,1,5,0,7,1,8
60601,ENTRE RIOS,desnutricion global,sobrepeso (s),2005-03-01,32,24,6,10,38,34,72
60601,ENTRE RIOS,desnutricion global,sobrepeso (s),2005-03-01,56,38,12,3,68,41,109
41101,EUCALIPTUS,desnutricion global,sobrepeso (s),2005-03-01,8,0,1,1,9,1,10
90503,EUREKA (SANTOS MERCADO),desnutricion global,sobrepeso (s),2005-03-01,1,1,0,0,1,1,2
80402,EXALTACION,desnutricion global,sobrepeso (s),2005-03-01,3,4,4,15,7,19,26
71004,FERNANDEZ ALONSO,desnutricion global,sobrepeso (s),2005-03-01,60,34,29,27,89,61,150
90203,FILADELFIA,desnutricion global,sobrepeso (s),2005-03-01,2,2,0,0,2,2,4
71002,GENERAL SAAVEDRA,desnutricion global,sobrepeso (s),2005-03-01,59,0,33,0,92,0,92
21601,GRAL. J.J. PEREZ (CHARAZANI),desnutricion global,sobrepeso (s),2005-03-01,9,8,1,3,10,11,21
20602,GUANAY,desnutricion global,sobrepeso (s),2005-03-01,13,16,5,2,18,18,36
20802,GUAQUI,desnutricion global,sobrepeso (s),2005-03-01,6,3,2,2,8,5,13
80202,GUAYARAMERIN,desnutricion global,sobrepeso (s),2005-03-01,1,0,0,0,1,0,1
70705,GUTIERREZ,desnutricion global,sobrepeso (s),2005-03-01,50,45,15,16,65,61,126
10502,HUACARETA,desnutricion global,sobrepeso (s),2005-03-01,13,13,8,4,21,17,38
11002,HUACAYA (VILLA DE HUACAYA),desnutricion global,sobrepeso (s),2005-03-01,4,3,1,0,5,3,8
40501,HUACHACALLA,desnutricion global,sobrepeso (s),2005-03-01,1,0,0,0,1,0,1
40701,HUANUNI,desnutricion global,sobrepeso (s),2005-03-01,27,22,3,1,30,23,53
80803,HUARACAJE,desnutricion global,sobrepeso (s),2005-03-01,8,2,3,0,11,2,13
41601,HUAYLLAMARCA,desnutricion global,sobrepeso (s),2005-03-01,2,0,0,1,2,1,3
21005,ICHOCA,desnutricion global,sobrepeso (s),2005-03-01,0,0,0,1,0,1,1
10304,ICLA,desnutricion global,sobrepeso (s),2005-03-01,6,15,1,1,7,16,23
10703,INCAHUASI,desnutricion global,sobrepeso (s),2005-03-01,26,31,4,3,30,34,64
21001,INQUISIVI,desnutricion global,sobrepeso (s),2005-03-01,9,10,0,0,9,10,19
21102,IRUPANA (VILLA DE LANZA),desnutricion global,sobrepeso (s),2005-03-01,17,13,7,10,24,23,47
21501,IXIAMAS,desnutricion global,sobrepeso (s),2005-03-01,18,18,1,0,19,18,37
20806,JESUS DE MACHACA,desnutricion global,sobrepeso (s),2005-03-01,7,1,0,0,7,1,8
21105,LA ASUNTA,desnutricion global,sobrepeso (s),2005-03-01,17,17,0,0,17,17,34
70104,LA GUARDIA,desnutricion global,sobrepeso (s),2005-03-01,78,56,13,14,91,70,161
20101,LA PAZ,desnutricion global,sobrepeso (s),2005-03-01,571,566,208,177,779,743,1522
70701,LAGUNILLAS,desnutricion global,sobrepeso (s),2005-03-01,18,15,11,6,29,21,50
21202,LAJA,desnutricion global,sobrepeso (s),2005-03-01,10,6,2,4,12,10,22
10903,LAS CARRERAS,desnutricion global,sobrepeso (s),2005-03-01,12,3,2,5,14,8,22
21006,LICOMA PAMPA,desnutricion global,sobrepeso (s),2005-03-01,0,2,0,0,0,2,2
50203,LLALLAGUA,desnutricion global,sobrepeso (s),2005-03-01,66,50,6,6,72,56,128
51401,LLICA,desnutricion global,sobrepeso (s),2005-03-01,2,0,0,1,2,1,3
80601,LORETO,desnutricion global,sobrepeso (s),2005-03-01,6,2,4,4,10,6,16
20901,LURIBAY,desnutricion global,sobrepeso (s),2005-03-01,3,8,2,2,5,10,15
40702,MACHACAMARCA,desnutricion global,sobrepeso (s),2005-03-01,3,3,1,0,4,3,7
11003,MACHARETI,desnutricion global,sobrepeso (s),2005-03-01,24,21,6,9,30,30,60
80801,MAGDALENA,desnutricion global,sobrepeso (s),2005-03-01,12,9,14,5,26,14,40
70903,MAIRANA,desnutricion global,sobrepeso (s),2005-03-01,51,0,9,0,60,0,60
20904,MALLA,desnutricion global,sobrepeso (s),2005-03-01,3,0,1,0,4,0,4
20607,MAPIRI,desnutricion global,sobrepeso (s),2005-03-01,21,21,1,4,22,25,47
71003,MINEROS,desnutricion global,sobrepeso (s),2005-03-01,189,0,63,0,252,0,252
31301,MIZQUE,desnutricion global,sobrepeso (s),2005-03-01,28,18,25,9,53,27,80
20402,MOCOMOCO,desnutricion global,sobrepeso (s),2005-03-01,12,6,8,11,20,17,37
51002,MOJINETE,desnutricion global,sobrepeso (s),2005-03-01,2,0,0,0,2,0,2
10303,MOJOCOYA,desnutricion global,sobrepeso (s),2005-03-01,9,7,5,0,14,7,21
10501,MONTEAGUDO,desnutricion global,sobrepeso (s),2005-03-01,71,57,22,12,93,69,162
71001,MONTERO,desnutricion global,sobrepeso (s),2005-03-01,398,130,147,49,545,179,724
70803,MORO MORO,desnutricion global,sobrepeso (s),2005-03-01,5,0,1,0,6,0,6
30302,MOROCHATA,desnutricion global,sobrepeso (s),2005-03-01,18,25,2,2,20,27,47
90401,NACEBE (SANTA ROSA DEL ABUNA),desnutricion global,sobrepeso (s),2005-03-01,0,1,0,0,0,1,1
50404,OCURI,desnutricion global,sobrepeso (s),2005-03-01,13,10,4,3,17,13,30
70202,OKINAWA,desnutricion global,sobrepeso (s),2005-03-01,31,22,4,6,35,28,63
30203,OMEREQUE,desnutricion global,sobrepeso (s),2005-03-01,12,5,1,0,13,5,18
40101,ORURO,desnutricion global,sobrepeso (s),2005-03-01,189,184,52,34,241,218,459
60201,PADCAYA,desnutricion global,sobrepeso (s),2005-03-01,26,19,16,11,42,30,72
10401,PADILLA,desnutricion global,sobrepeso (s),2005-03-01,13,20,2,1,15,21,36
70502,PAILON,desnutricion global,sobrepeso (s),2005-03-01,0,54,6,1,6,55,61
21104,PALOS BLANCOS,desnutricion global,sobrepeso (s),2005-03-01,71,37,14,10,85,47,132
40802,PAMPA AULLAGAS,desnutricion global,sobrepeso (s),2005-03-01,3,3,0,0,3,3,6
70902,PAMPA GRANDE,desnutricion global,sobrepeso (s),2005-03-01,11,7,3,5,14,12,26
21802,PAPEL PAMPA,desnutricion global,sobrepeso (s),2005-03-01,1,2,0,0,1,2,3
30202,PASORAPA,desnutricion global,sobrepeso (s),2005-03-01,5,8,0,0,5,8,13
21305,PATACAMAYA,desnutricion global,sobrepeso (s),2005-03-01,1,1,0,1,1,2,3
40602,PAZÑA,desnutricion global,sobrepeso (s),2005-03-01,2,4,2,2,4,6,10
20702,PELECHUCO,desnutricion global,sobrepeso (s),2005-03-01,5,0,2,2,7,2,9
50403,POCOATA,desnutricion global,sobrepeso (s),2005-03-01,6,11,2,1,8,12,20
31203,POCONA,desnutricion global,sobrepeso (s),2005-03-01,6,11,0,0,6,11,17
31202,POJO (CBBA),desnutricion global,sobrepeso (s),2005-03-01,14,19,2,0,16,19,35
40601,POOPO,desnutricion global,sobrepeso (s),2005-03-01,2,1,1,0,3,1,4
51203,PORCO,desnutricion global,sobrepeso (s),2005-03-01,4,11,2,0,6,11,17
10103,POROMA,desnutricion global,sobrepeso (s),2005-03-01,10,11,1,2,11,13,24
70103,PORONGO,desnutricion global,sobrepeso (s),2005-03-01,10,5,0,1,10,6,16
70601,PORTACHUELO,desnutricion global,sobrepeso (s),2005-03-01,49,36,18,18,67,54,121
90102,PORVENIR,desnutricion global,sobrepeso (s),2005-03-01,8,7,0,0,8,7,15
70804,POSTRER VALLE,desnutricion global,sobrepeso (s),2005-03-01,2,4,0,1,2,5,7
50101,POTOSI,desnutricion global,sobrepeso (s),2005-03-01,71,45,0,2,71,47,118
10302,PRESTO,desnutricion global,sobrepeso (s),2005-03-01,7,4,1,3,8,7,15
70805,PUCARA,desnutricion global,sobrepeso (s),2005-03-01,2,0,0,0,2,0,2
21201,PUCARANI,desnutricion global,sobrepeso (s),2005-03-01,12,19,3,4,15,23,38
20401,PUERTO ACOSTA,desnutricion global,sobrepeso (s),2005-03-01,12,11,3,6,15,17,32
20403,PUERTO CARABUCO,desnutricion global,sobrepeso (s),2005-03-01,5,10,0,2,5,12,17
90301,PUERTO GONZALO MORENO,desnutricion global,sobrepeso (s),2005-03-01,3,3,0,0,3,3,6
21204,PUERTO PEREZ,desnutricion global,sobrepeso (s),2005-03-01,1,1,1,0,2,1,3
90201,PUERTO RICO,desnutricion global,sobrepeso (s),2005-03-01,8,3,2,1,10,4,14
80703,PUERTO SILES,desnutricion global,sobrepeso (s),2005-03-01,1,1,0,0,1,1,2
31205,PUERTO VILLARROEL,desnutricion global,sobrepeso (s),2005-03-01,67,81,17,22,84,103,187
51101,PUNA,desnutricion global,sobrepeso (s),2005-03-01,9,13,2,2,11,15,26
31401,PUNATA,desnutricion global,sobrepeso (s),2005-03-01,24,21,12,6,36,27,63
20604,QUIABAYA,desnutricion global,sobrepeso (s),2005-03-01,8,4,0,0,8,4,12
30901,QUILLACOLLO,desnutricion global,sobrepeso (s),2005-03-01,82,76,24,16,106,92,198
21002,QUIME,desnutricion global,sobrepeso (s),2005-03-01,2,3,0,0,2,3,5
70904,QUIRUSILLAS,desnutricion global,sobrepeso (s),2005-03-01,6,0,0,0,6,0,6
50402,RAVELO,desnutricion global,sobrepeso (s),2005-03-01,11,3,1,0,12,3,15
80301,REYES,desnutricion global,sobrepeso (s),2005-03-01,17,18,9,4,26,22,48
80201,RIBERALTA,desnutricion global,sobrepeso (s),2005-03-01,119,54,7,10,126,64,190
70503,ROBORE,desnutricion global,sobrepeso (s),2005-03-01,21,17,7,5,28,22,50
80304,RURRENABAQUE,desnutricion global,sobrepeso (s),2005-03-01,27,27,1,0,28,27,55
40901,SABAYA,desnutricion global,sobrepeso (s),2005-03-01,5,0,0,1,5,1,6
31001,SACABA,desnutricion global,sobrepeso (s),2005-03-01,28,35,3,1,31,36,67
50701,SACACA,desnutricion global,sobrepeso (s),2005-03-01,4,4,1,0,5,4,9
71302,SAIPINA,desnutricion global,sobrepeso (s),2005-03-01,32,28,13,8,45,36,81
40801,SALINAS DE GARCI MENDOZA,desnutricion global,sobrepeso (s),2005-03-01,3,4,2,2,5,6,11
70901,SAMAIPATA,desnutricion global,sobrepeso (s),2005-03-01,24,0,7,0,31,0,31
51601,SAN AGUSTIN,desnutricion global,sobrepeso (s),2005-03-01,4,2,0,3,4,5,9
80602,SAN ANDRES,desnutricion global,sobrepeso (s),2005-03-01,22,14,9,5,31,19,50
20805,SAN ANDRES DE MACHACA,desnutricion global,sobrepeso (s),2005-03-01,5,5,0,1,5,6,11
71105,SAN ANTONIO DE LOMERIO,desnutricion global,sobrepeso (s),2005-03-01,10,9,3,3,13,12,25
31403,SAN BENITO,desnutricion global,sobrepeso (s),2005-03-01,4,4,1,1,5,5,10
80302,SAN BORJA,desnutricion global,sobrepeso (s),2005-03-01,61,60,10,9,71,69,140
21502,SAN BUENA VENTURA,desnutricion global,sobrepeso (s),2005-03-01,8,10,0,1,8,11,19
70402,SAN CARLOS,desnutricion global,sobrepeso (s),2005-03-01,42,21,16,8,58,29,87
80501,SAN IGNACIO,desnutricion global,sobrepeso (s),2005-03-01,26,16,8,6,34,22,56
70301,SAN IGNACIO DE VELASCO,desnutricion global,sobrepeso (s),2005-03-01,89,71,9,10,98,81,179
80102,SAN JAVIER(BNI),desnutricion global,sobrepeso (s),2005-03-01,16,3,14,2,30,5,35
71102,SAN JAVIER(STC),desnutricion global,sobrepeso (s),2005-03-01,31,0,10,0,41,0,41
80701,SAN JOAQUIN,desnutricion global,sobrepeso (s),2005-03-01,11,15,4,3,15,18,33
70501,SAN JOSE DE CHIQUITOS,desnutricion global,sobrepeso (s),2005-03-01,11,15,4,6,15,21,36
70404,SAN JUAN DE YAPACANI,desnutricion global,sobrepeso (s),2005-03-01,24,23,4,2,28,25,53
71104,SAN JULIAN,desnutricion global,sobrepeso (s),2005-03-01,55,38,17,12,72,50,122
90302,SAN LORENZO(PND),desnutricion global,sobrepeso (s),2005-03-01,7,8,1,1,8,9,17
60501,SAN LORENZO(TJA),desnutricion global,sobrepeso (s),2005-03-01,27,20,19,6,46,26,72
10702,SAN LUCAS,desnutricion global,sobrepeso (s),2005-03-01,22,21,7,8,29,29,58
70302,SAN MIGUEL DE VELASCO,desnutricion global,sobrepeso (s),2005-03-01,30,20,6,7,36,27,63
51001,SAN PABLO DE LIPEZ,desnutricion global,sobrepeso (s),2005-03-01,1,0,0,0,1,0,1
71005,SAN PEDRO,desnutricion global,sobrepeso (s),2005-03-01,38,31,5,5,43,36,79
50501,SAN PEDRO DE BUENA VISTA,desnutricion global,sobrepeso (s),2005-03-01,8,7,4,4,12,11,23
21801,SAN PEDRO DE CURAHUARA,desnutricion global,sobrepeso (s),2005-03-01,2,3,1,1,3,4,7
21702,SAN PEDRO DE TIQUINA,desnutricion global,sobrepeso (s),2005-03-01,4,3,0,0,4,3,7
70303,SAN RAFAEL,desnutricion global,sobrepeso (s),2005-03-01,2,5,0,0,2,5,7
80702,SAN RAMON,desnutricion global,sobrepeso (s),2005-03-01,23,20,7,0,30,20,50
80702,SAN RAMON,desnutricion global,sobrepeso (s),2005-03-01,20,10,5,0,25,10,35
80401,SANTA ANA,desnutricion global,sobrepeso (s),2005-03-01,128,26,4,1,132,27,159
70101,SANTA CRUZ DE LA SIERRA,desnutricion global,sobrepeso (s),2005-03-01,1164,883,792,349,1956,1232,3188
80303,SANTA ROSA,desnutricion global,sobrepeso (s),2005-03-01,15,11,6,2,21,13,34
70602,SANTA ROSA DEL SARA,desnutricion global,sobrepeso (s),2005-03-01,19,6,13,11,32,17,49
20308,SANTIAGO DE CALLAPA,desnutricion global,sobrepeso (s),2005-03-01,3,4,0,1,3,5,8
41401,SANTIAGO DE HUARI,desnutricion global,sobrepeso (s),2005-03-01,3,3,0,0,3,3,6
21901,SANTIAGO DE MACHACA,desnutricion global,sobrepeso (s),2005-03-01,2,2,2,0,4,2,6
30702,SANTIVAÑES,desnutricion global,sobrepeso (s),2005-03-01,4,1,1,1,5,2,7
40202,SANTUARIO DE QUILLACAS,desnutricion global,sobrepeso (s),2005-03-01,3,1,1,0,4,1,5
20902,SAPAHAQUI,desnutricion global,sobrepeso (s),2005-03-01,1,3,0,1,1,4,5
90303,SENA,desnutricion global,sobrepeso (s),2005-03-01,5,8,3,2,8,10,18
21301,SICA SICA (VILLA AROMA),desnutricion global,sobrepeso (s),2005-03-01,12,12,1,4,13,16,29
30703,SICAYA,desnutricion global,sobrepeso (s),2005-03-01,0,0,1,0,1,0,1
30902,SIPE SIPE,desnutricion global,sobrepeso (s),2005-03-01,44,48,12,7,56,55,111
10403,SOPACHUY,desnutricion global,sobrepeso (s),2005-03-01,3,2,0,0,3,2,5
40104,SORACACHI,desnutricion global,sobrepeso (s),2005-03-01,3,4,0,0,3,4,7
20601,SORATA,desnutricion global,sobrepeso (s),2005-03-01,4,7,2,2,6,9,15
10101,SUCRE,desnutricion global,sobrepeso (s),2005-03-01,266,238,67,69,333,307,640
20603,TACACOMA,desnutricion global,sobrepeso (s),2005-03-01,8,12,0,0,8,12,20
50303,TACOBAMBA,desnutricion global,sobrepeso (s),2005-03-01,19,13,2,1,21,14,35
30602,TACOPAYA,desnutricion global,sobrepeso (s),2005-03-01,7,0,0,1,7,1,8
51402,TAHUA,desnutricion global,sobrepeso (s),2005-03-01,1,2,0,0,1,2,3
31101,TAPACARI,desnutricion global,sobrepeso (s),2005-03-01,6,11,6,1,12,12,24
10601,TARABUCO,desnutricion global,sobrepeso (s),2005-03-01,21,33,2,5,23,38,61
20807,TARACO,desnutricion global,sobrepeso (s),2005-03-01,4,2,1,1,5,3,8
30401,TARATA,desnutricion global,sobrepeso (s),2005-03-01,10,5,2,0,12,5,17
60101,TARIJA,desnutricion global,sobrepeso (s),2005-03-01,597,402,89,111,686,513,1199
10202,TARVITA,desnutricion global,sobrepeso (s),2005-03-01,15,10,2,1,17,11,28
20608,TEOPONTE,desnutricion global,sobrepeso (s),2005-03-01,19,7,11,10,30,17,47
20803,TIAWANACU,desnutricion global,sobrepeso (s),2005-03-01,8,9,4,6,12,15,27
50102,TINGUIPAYA,desnutricion global,sobrepeso (s),2005-03-01,5,5,0,0,5,5,10
20606,TIPUANI,desnutricion global,sobrepeso (s),2005-03-01,11,13,2,0,13,13,26
30903,TIQUIPAYA,desnutricion global,sobrepeso (s),2005-03-01,12,14,0,1,12,15,27
31601,TIRAQUE (CBBA),desnutricion global,sobrepeso (s),2005-03-01,51,61,7,11,58,72,130
21703,TITO YUPANQUI (PARQUIPUJIO),desnutricion global,sobrepeso (s),2005-03-01,0,1,0,0,0,1,1
30802,TOCO,desnutricion global,sobrepeso (s),2005-03-01,4,2,3,2,7,4,11
30803,TOLATA,desnutricion global,sobrepeso (s),2005-03-01,5,7,1,1,6,8,14
41001,TOLEDO,desnutricion global,sobrepeso (s),2005-03-01,1,1,2,1,3,2,5
51202,TOMAVE,desnutricion global,sobrepeso (s),2005-03-01,7,5,1,1,8,6,14
10402,TOMINA,desnutricion global,sobrepeso (s),2005-03-01,21,15,18,27,39,42,81
50502,TORO TORO,desnutricion global,sobrepeso (s),2005-03-01,4,3,1,1,5,4,9
31201,TOTORA(CBBA),desnutricion global,sobrepeso (s),2005-03-01,8,10,1,2,9,12,21
41301,TOTORA(ORR),desnutricion global,sobrepeso (s),2005-03-01,0,1,0,0,0,1,1
70802,TRIGAL,desnutricion global,sobrepeso (s),2005-03-01,6,5,2,1,8,6,14
80101,TRINIDAD,desnutricion global,sobrepeso (s),2005-03-01,166,123,21,23,187,146,333
50801,TUPIZA,desnutricion global,sobrepeso (s),2005-03-01,159,39,7,8,166,47,213
40402,TURCO,desnutricion global,sobrepeso (s),2005-03-01,6,2,0,0,6,2,8
21302,UMALA,desnutricion global,sobrepeso (s),2005-03-01,4,5,5,3,9,8,17
50201,UNCIA,desnutricion global,sobrepeso (s),2005-03-01,2,8,1,1,3,9,12
60401,URIONDO (A. CONCEPCION),desnutricion global,sobrepeso (s),2005-03-01,38,10,13,7,51,17,68
51201,UYUNI,desnutricion global,sobrepeso (s),2005-03-01,46,33,10,4,56,37,93
30502,VACAS,desnutricion global,sobrepeso (s),2005-03-01,4,0,0,0,4,0,4
70801,VALLEGRANDE,desnutricion global,sobrepeso (s),2005-03-01,35,31,18,13,53,44,97
31302,VILA VILA,desnutricion global,sobrepeso (s),2005-03-01,3,2,1,0,4,2,6
60303,VILLA MONTES,desnutricion global,sobrepeso (s),2005-03-01,47,47,13,16,60,63,123
31402,VILLA RIVERO,desnutricion global,sobrepeso (s),2005-03-01,6,5,1,1,7,6,13
10801,VILLA SERRANO,desnutricion global,sobrepeso (s),2005-03-01,23,12,5,6,28,18,46
31003,VILLA TUNARI,desnutricion global,sobrepeso (s),2005-03-01,53,44,7,8,60,52,112
11001,VILLA VACA GUZMAN (MUYUPAMPA),desnutricion global,sobrepeso (s),2005-03-01,32,15,1,2,33,17,50
51501,VILLAZON,desnutricion global,sobrepeso (s),2005-03-01,62,48,13,7,75,55,130
30904,VINTO,desnutricion global,sobrepeso (s),2005-03-01,8,0,0,0,8,0,8
50602,VITICHI,desnutricion global,sobrepeso (s),2005-03-01,8,14,3,2,11,16,27
20306,WALDO BALLIVIAN,desnutricion global,sobrepeso (s),2005-03-01,3,1,0,0,3,1,4
70201,WARNES,desnutricion global,sobrepeso (s),2005-03-01,113,88,23,12,136,100,236
20903,YACO,desnutricion global,sobrepeso (s),2005-03-01,1,1,0,0,1,1,2
60301,YACUIBA,desnutricion global,sobrepeso (s),2005-03-01,173,107,21,15,194,122,316
10602,YAMPARAEZ,desnutricion global,sobrepeso (s),2005-03-01,13,10,1,4,14,14,28
21103,YANACACHI,desnutricion global,sobrepeso (s),2005-03-01,4,3,3,3,7,6,13
70403,YAPACANI,desnutricion global,sobrepeso (s),2005-03-01,95,107,11,15,106,122,228
50103,YOCALLA,desnutricion global,sobrepeso (s),2005-03-01,4,3,1,2,5,5,10
10102,YOTALA,desnutricion global,sobrepeso (s),2005-03-01,13,18,5,7,18,25,43
60402,YUNCHARA,desnutricion global,sobrepeso (s),2005-03-01,5,7,8,12,13,19,32
10301,ZUDAÑEZ,desnutricion global,sobrepeso (s),2005-03-01,7,6,0,0,7,6,13
51302,ACACIO,desnutricion global,sobrepeso (s),2005-04-01,2,2,0,1,2,3,5
20201,ACHACACHI,desnutricion global,sobrepeso (s),2005-04-01,41,36,15,13,56,49,105
20104,ACHOCALLA,desnutricion global,sobrepeso (s),2005-04-01,9,4,0,3,9,7,16
30201,AIQUILE,desnutricion global,sobrepeso (s),2005-04-01,20,2,1,3,21,5,26
31303,ALALAY,desnutricion global,sobrepeso (s),2005-04-01,4,0,0,0,4,0,4
10404,ALCALA,desnutricion global,sobrepeso (s),2005-04-01,1,3,0,0,1,3,4
20202,ANCORAIMES,desnutricion global,sobrepeso (s),2005-04-01,4,3,2,1,6,4,10
30402,ANZALDO,desnutricion global,sobrepeso (s),2005-04-01,2,3,0,2,2,5,7
20701,APOLO,desnutricion global,sobrepeso (s),2005-04-01,10,7,2,4,12,11,23
51301,ARAMPAMPA,desnutricion global,sobrepeso (s),2005-04-01,3,4,0,0,3,4,7
30501,ARANI,desnutricion global,sobrepeso (s),2005-04-01,9,6,2,0,11,6,17
30403,ARBIETO,desnutricion global,sobrepeso (s),2005-04-01,5,6,2,1,7,7,14
30601,ARQUE,desnutricion global,sobrepeso (s),2005-04-01,1,2,0,0,1,2,3
50802,ATOCHA,desnutricion global,sobrepeso (s),2005-04-01,10,4,5,2,15,6,21
20503,AUCAPATA,desnutricion global,sobrepeso (s),2005-04-01,2,1,0,0,2,1,3
20502,AYATA,desnutricion global,sobrepeso (s),2005-04-01,9,4,0,0,9,4,13
21303,AYO AYO,desnutricion global,sobrepeso (s),2005-04-01,0,1,0,0,0,1,1
30301,AYOPAYA (V. DE INDEPENDENCIA),desnutricion global,sobrepeso (s),2005-04-01,21,15,1,0,22,15,37
10201,AZURDUY,desnutricion global,sobrepeso (s),2005-04-01,16,14,6,0,22,14,36
21203,BATALLAS,desnutricion global,sobrepeso (s),2005-04-01,11,5,1,0,12,5,17
80802,BAURES,desnutricion global,sobrepeso (s),2005-04-01,5,5,0,0,5,5,10
50104,BELEN DE URMIRI,desnutricion global,sobrepeso (s),2005-04-01,4,3,0,1,4,4,8
60202,BERMEJO,desnutricion global,sobrepeso (s),2005-04-01,25,15,3,7,28,22,50
50301,BETANZOS,desnutricion global,sobrepeso (s),2005-04-01,18,21,0,0,18,21,39
31501,BOLIVAR,desnutricion global,sobrepeso (s),2005-04-01,0,4,2,0,2,4,6
90103,BOLPEBRA,desnutricion global,sobrepeso (s),2005-04-01,2,3,0,0,2,3,5
70707,BOYUIBE,desnutricion global,sobrepeso (s),2005-04-01,10,13,0,6,10,19,29
70401,BUENA VISTA,desnutricion global,sobrepeso (s),2005-04-01,28,30,15,16,43,46,89
70703,CABEZAS,desnutricion global,sobrepeso (s),2005-04-01,17,16,5,3,22,19,41
20905,CAIROMA,desnutricion global,sobrepeso (s),2005-04-01,9,7,2,3,11,10,21
51102,"CAIZA ""D""",desnutricion global,sobrepeso (s),2005-04-01,4,6,0,0,4,6,10
21003,CAJUATA,desnutricion global,sobrepeso (s),2005-04-01,18,16,2,0,20,16,36
20303,CALACOTO,desnutricion global,sobrepeso (s),2005-04-01,1,2,0,0,1,2,3
21304,CALAMARCA,desnutricion global,sobrepeso (s),2005-04-01,6,3,1,1,7,4,11
10701,CAMARGO,desnutricion global,sobrepeso (s),2005-04-01,10,13,4,1,14,14,28
10901,CAMATAQUI (C. VILLA ABECIA),desnutricion global,sobrepeso (s),2005-04-01,2,0,1,0,3,0,3
70706,CAMIRI,desnutricion global,sobrepeso (s),2005-04-01,81,53,24,16,105,69,174
30701,CAPINOTA,desnutricion global,sobrepeso (s),2005-04-01,3,3,1,0,4,3,7
20302,CAQUIAVIRI,desnutricion global,sobrepeso (s),2005-04-01,6,6,0,0,6,6,12
40102,CARACOLLO,desnutricion global,sobrepeso (s),2005-04-01,15,14,3,2,18,16,34
22001,CARANAVI,desnutricion global,sobrepeso (s),2005-04-01,96,59,9,14,105,73,178
60302,CARAPARI,desnutricion global,sobrepeso (s),2005-04-01,32,25,7,7,39,32,71
50702,CARIPUYO,desnutricion global,sobrepeso (s),2005-04-01,5,8,1,0,6,8,14
40201,CHALLAPATA,desnutricion global,sobrepeso (s),2005-04-01,6,7,2,0,8,7,15
50302,CHAQUI,desnutricion global,sobrepeso (s),2005-04-01,6,3,1,1,7,4,11
70702,CHARAGUA,desnutricion global,sobrepeso (s),2005-04-01,67,49,7,15,74,64,138
50202,CHAYANTA,desnutricion global,sobrepeso (s),2005-04-01,12,2,1,4,13,6,19
31204,CHIMORE,desnutricion global,sobrepeso (s),2005-04-01,26,14,3,1,29,15,44
40903,CHIPAYA,desnutricion global,sobrepeso (s),2005-04-01,2,4,0,0,2,4,6
21101,CHULUMANI (V. DE LA LIBERTAD),desnutricion global,sobrepeso (s),2005-04-01,5,1,0,0,5,1,6
20501,CHUMA,desnutricion global,sobrepeso (s),2005-04-01,4,8,0,1,4,9,13
30801,CLIZA,desnutricion global,sobrepeso (s),2005-04-01,26,20,11,5,37,25,62
90101,COBIJA,desnutricion global,sobrepeso (s),2005-04-01,50,39,21,6,71,45,116
30101,COCHABAMBA,desnutricion global,sobrepeso (s),2005-04-01,367,309,71,75,438,384,822
40902,COIPASA,desnutricion global,sobrepeso (s),2005-04-01,1,0,0,0,1,0,1
30905,COLCAPIRHUA,desnutricion global,sobrepeso (s),2005-04-01,22,19,5,6,27,25,52
50901,"COLCHA ""K""",desnutricion global,sobrepeso (s),2005-04-01,3,5,1,3,4,8,12
31002,COLOMI,desnutricion global,sobrepeso (s),2005-04-01,9,25,0,6,9,31,40
70603,COLPA BELGICA,desnutricion global,sobrepeso (s),2005-04-01,12,4,1,4,13,8,21
50401,COLQUECHACA,desnutricion global,sobrepeso (s),2005-04-01,9,5,3,1,12,6,18
21306,COLQUENCHA,desnutricion global,sobrepeso (s),2005-04-01,4,0,0,0,4,0,4
21004,COLQUIRI,desnutricion global,sobrepeso (s),2005-04-01,14,6,1,0,15,6,21
20304,COMANCHE,desnutricion global,sobrepeso (s),2005-04-01,0,1,0,0,0,1,1
71301,COMARAPA,desnutricion global,sobrepeso (s),2005-04-01,55,68,20,25,75,93,168
20605,COMBAYA,desnutricion global,sobrepeso (s),2005-04-01,2,0,1,0,3,0,3
71101,CONCEPCION,desnutricion global,sobrepeso (s),2005-04-01,7,0,2,1,9,1,10
21701,COPACABANA,desnutricion global,sobrepeso (s),2005-04-01,17,10,3,1,20,11,31
21402,CORIPATA,desnutricion global,sobrepeso (s),2005-04-01,10,14,0,0,10,14,24
20301,CORO CORO,desnutricion global,sobrepeso (s),2005-04-01,5,0,0,0,5,0,5
40301,CORQUE,desnutricion global,sobrepeso (s),2005-04-01,1,2,0,0,1,2,3
50601,COTAGAITA,desnutricion global,sobrepeso (s),2005-04-01,4,8,1,2,5,10,15
70102,COTOCA,desnutricion global,sobrepeso (s),2005-04-01,46,18,16,14,62,32,94
71106,CUATRO CAÑADAS,desnutricion global,sobrepeso (s),2005-04-01,14,8,8,3,22,11,33
31405,CUCHUMUELA (V. G. VILLARROEL),desnutricion global,sobrepeso (s),2005-04-01,1,1,0,0,1,1,2
70704,CUEVO,desnutricion global,sobrepeso (s),2005-04-01,8,14,3,3,11,17,28
10902,CULPINA,desnutricion global,sobrepeso (s),2005-04-01,12,7,0,2,12,9,21
40401,CURAHUARA DE CARANGAS,desnutricion global,sobrepeso (s),2005-04-01,2,4,0,0,2,4,6
21602,CURVA,desnutricion global,sobrepeso (s),2005-04-01,1,0,0,0,1,0,1
20804,DESAGUADERO,desnutricion global,sobrepeso (s),2005-04-01,6,1,1,4,7,5,12
20105,EL ALTO,desnutricion global,sobrepeso (s),2005-04-01,518,512,202,156,720,668,1388
40103,EL CHORO,desnutricion global,sobrepeso (s),2005-04-01,0,0,0,1,0,1,1
60502,EL PUENTE(TJA),desnutricion global,sobrepeso (s),2005-04-01,6,8,0,1,6,9,15
70105,EL TORNO,desnutricion global,sobrepeso (s),2005-04-01,72,32,17,9,89,41,130
10405,EL VILLAR,desnutricion global,sobrepeso (s),2005-04-01,5,1,3,0,8,1,9
60601,ENTRE RIOS,desnutricion global,sobrepeso (s),2005-04-01,46,23,13,16,59,39,98
60601,ENTRE RIOS,desnutricion global,sobrepeso (s),2005-04-01,31,27,14,6,45,33,78
41101,EUCALIPTUS,desnutricion global,sobrepeso (s),2005-04-01,4,5,2,1,6,6,12
90503,EUREKA (SANTOS MERCADO),desnutricion global,sobrepeso (s),2005-04-01,1,0,0,0,1,0,1
80402,EXALTACION,desnutricion global,sobrepeso (s),2005-04-01,10,6,0,4,10,10,20
71004,FERNANDEZ ALONSO,desnutricion global,sobrepeso (s),2005-04-01,52,35,30,26,82,61,143
90203,FILADELFIA,desnutricion global,sobrepeso (s),2005-04-01,3,0,0,0,3,0,3
71002,GENERAL SAAVEDRA,desnutricion global,sobrepeso (s),2005-04-01,34,0,13,0,47,0,47
21601,GRAL. J.J. PEREZ (CHARAZANI),desnutricion global,sobrepeso (s),2005-04-01,7,7,3,0,10,7,17
20602,GUANAY,desnutricion global,sobrepeso (s),2005-04-01,11,8,1,0,12,8,20
20802,GUAQUI,desnutricion global,sobrepeso (s),2005-04-01,4,3,5,4,9,7,16
80202,GUAYARAMERIN,desnutricion global,sobrepeso (s),2005-04-01,9,12,1,0,10,12,22
70705,GUTIERREZ,desnutricion global,sobrepeso (s),2005-04-01,36,35,12,14,48,49,97
10502,HUACARETA,desnutricion global,sobrepeso (s),2005-04-01,13,24,14,12,27,36,63
11002,HUACAYA (VILLA DE HUACAYA),desnutricion global,sobrepeso (s),2005-04-01,5,4,2,0,7,4,11
40501,HUACHACALLA,desnutricion global,sobrepeso (s),2005-04-01,1,0,0,0,1,0,1
40701,HUANUNI,desnutricion global,sobrepeso (s),2005-04-01,13,13,0,0,13,13,26
80803,HUARACAJE,desnutricion global,sobrepeso (s),2005-04-01,11,3,5,0,16,3,19
41601,HUAYLLAMARCA,desnutricion global,sobrepeso (s),2005-04-01,2,2,0,0,2,2,4
21005,ICHOCA,desnutricion global,sobrepeso (s),2005-04-01,6,4,5,3,11,7,18
10304,ICLA,desnutricion global,sobrepeso (s),2005-04-01,4,13,1,1,5,14,19
10703,INCAHUASI,desnutricion global,sobrepeso (s),2005-04-01,18,19,2,0,20,19,39
90402,INGAVI (HUMAITA),desnutricion global,sobrepeso (s),2005-04-01,1,0,1,0,2,0,2
21001,INQUISIVI,desnutricion global,sobrepeso (s),2005-04-01,17,18,4,3,21,21,42
21102,IRUPANA (VILLA DE LANZA),desnutricion global,sobrepeso (s),2005-04-01,13,7,2,5,15,12,27
21501,IXIAMAS,desnutricion global,sobrepeso (s),2005-04-01,13,6,2,1,15,7,22
20806,JESUS DE MACHACA,desnutricion global,sobrepeso (s),2005-04-01,3,2,1,0,4,2,6
21105,LA ASUNTA,desnutricion global,sobrepeso (s),2005-04-01,10,16,0,1,10,17,27
70104,LA GUARDIA,desnutricion global,sobrepeso (s),2005-04-01,69,45,11,14,80,59,139
20101,LA PAZ,desnutricion global,sobrepeso (s),2005-04-01,602,536,253,219,855,755,1610
70701,LAGUNILLAS,desnutricion global,sobrepeso (s),2005-04-01,14,14,4,4,18,18,36
21202,LAJA,desnutricion global,sobrepeso (s),2005-04-01,17,9,4,5,21,14,35
10903,LAS CARRERAS,desnutricion global,sobrepeso (s),2005-04-01,7,3,5,4,12,7,19
21006,LICOMA PAMPA,desnutricion global,sobrepeso (s),2005-04-01,2,0,0,0,2,0,2
50203,LLALLAGUA,desnutricion global,sobrepeso (s),2005-04-01,37,42,17,10,54,52,106
51401,LLICA,desnutricion global,sobrepeso (s),2005-04-01,0,1,1,0,1,1,2
80601,LORETO,desnutricion global,sobrepeso (s),2005-04-01,4,3,5,3,9,6,15
20901,LURIBAY,desnutricion global,sobrepeso (s),2005-04-01,3,4,2,8,5,12,17
40702,MACHACAMARCA,desnutricion global,sobrepeso (s),2005-04-01,3,2,4,0,7,2,9
11003,MACHARETI,desnutricion global,sobrepeso (s),2005-04-01,29,23,17,5,46,28,74
80801,MAGDALENA,desnutricion global,sobrepeso (s),2005-04-01,11,9,2,2,13,11,24
70903,MAIRANA,desnutricion global,sobrepeso (s),2005-04-01,41,0,9,0,50,0,50
20904,MALLA,desnutricion global,sobrepeso (s),2005-04-01,3,3,1,0,4,3,7
20607,MAPIRI,desnutricion global,sobrepeso (s),2005-04-01,24,14,1,3,25,17,42
20103,MECAPACA,desnutricion global,sobrepeso (s),2005-04-01,15,5,3,4,18,9,27
71003,MINEROS,desnutricion global,sobrepeso (s),2005-04-01,37,32,20,14,57,46,103
31301,MIZQUE,desnutricion global,sobrepeso (s),2005-04-01,16,18,26,24,42,42,84
20402,MOCOMOCO,desnutricion global,sobrepeso (s),2005-04-01,9,3,2,0,11,3,14
51002,MOJINETE,desnutricion global,sobrepeso (s),2005-04-01,11,0,1,0,12,0,12
10303,MOJOCOYA,desnutricion global,sobrepeso (s),2005-04-01,13,10,3,1,16,11,27
10501,MONTEAGUDO,desnutricion global,sobrepeso (s),2005-04-01,52,35,9,9,61,44,105
71001,MONTERO,desnutricion global,sobrepeso (s),2005-04-01,315,126,129,44,444,170,614
70803,MORO MORO,desnutricion global,sobrepeso (s),2005-04-01,3,3,0,0,3,3,6
30302,MOROCHATA,desnutricion global,sobrepeso (s),2005-04-01,10,17,2,4,12,21,33
90401,NACEBE (SANTA ROSA DEL ABUNA),desnutricion global,sobrepeso (s),2005-04-01,1,4,0,0,1,4,5
90501,NUEVO MANOA (NUEVA ESPERANZA),desnutricion global,sobrepeso (s),2005-04-01,1,0,0,0,1,0,1
50404,OCURI,desnutricion global,sobrepeso (s),2005-04-01,17,25,21,21,38,46,84
70202,OKINAWA,desnutricion global,sobrepeso (s),2005-04-01,20,14,7,5,27,19,46
30203,OMEREQUE,desnutricion global,sobrepeso (s),2005-04-01,13,7,7,1,20,8,28
40101,ORURO,desnutricion global,sobrepeso (s),2005-04-01,195,161,62,38,257,199,456
60201,PADCAYA,desnutricion global,sobrepeso (s),2005-04-01,22,15,12,19,34,34,68
10401,PADILLA,desnutricion global,sobrepeso (s),2005-04-01,17,18,4,4,21,22,43
70502,PAILON,desnutricion global,sobrepeso (s),2005-04-01,1,79,21,0,22,79,101
20102,PALCA,desnutricion global,sobrepeso (s),2005-04-01,5,6,0,0,5,6,11
21104,PALOS BLANCOS,desnutricion global,sobrepeso (s),2005-04-01,32,21,4,2,36,23,59
40802,PAMPA AULLAGAS,desnutricion global,sobrepeso (s),2005-04-01,3,2,1,1,4,3,7
70902,PAMPA GRANDE,desnutricion global,sobrepeso (s),2005-04-01,8,7,1,0,9,7,16
21802,PAPEL PAMPA,desnutricion global,sobrepeso (s),2005-04-01,2,2,2,0,4,2,6
30202,PASORAPA,desnutricion global,sobrepeso (s),2005-04-01,4,1,0,0,4,1,5
21305,PATACAMAYA,desnutricion global,sobrepeso (s),2005-04-01,6,6,0,0,6,6,12
40602,PAZÑA,desnutricion global,sobrepeso (s),2005-04-01,1,1,4,0,5,1,6
20702,PELECHUCO,desnutricion global,sobrepeso (s),2005-04-01,4,2,0,0,4,2,6
50403,POCOATA,desnutricion global,sobrepeso (s),2005-04-01,8,17,1,2,9,19,28
31203,POCONA,desnutricion global,sobrepeso (s),2005-04-01,13,3,2,1,15,4,19
31202,POJO (CBBA),desnutricion global,sobrepeso (s),2005-04-01,13,14,3,3,16,17,33
40601,POOPO,desnutricion global,sobrepeso (s),2005-04-01,1,1,0,0,1,1,2
51203,PORCO,desnutricion global,sobrepeso (s),2005-04-01,2,10,0,2,2,12,14
10103,POROMA,desnutricion global,sobrepeso (s),2005-04-01,1,7,2,0,3,7,10
70103,PORONGO,desnutricion global,sobrepeso (s),2005-04-01,12,4,2,0,14,4,18
70601,PORTACHUELO,desnutricion global,sobrepeso (s),2005-04-01,41,31,22,16,63,47,110
90102,PORVENIR,desnutricion global,sobrepeso (s),2005-04-01,3,0,0,0,3,0,3
70804,POSTRER VALLE,desnutricion global,sobrepeso (s),2005-04-01,4,1,2,3,6,4,10
50101,POTOSI,desnutricion global,sobrepeso (s),2005-04-01,54,40,8,3,62,43,105
10302,PRESTO,desnutricion global,sobrepeso (s),2005-04-01,3,3,0,0,3,3,6
70805,PUCARA,desnutricion global,sobrepeso (s),2005-04-01,5,0,0,0,5,0,5
21201,PUCARANI,desnutricion global,sobrepeso (s),2005-04-01,24,19,8,3,32,22,54
20401,PUERTO ACOSTA,desnutricion global,sobrepeso (s),2005-04-01,3,4,1,0,4,4,8
20403,PUERTO CARABUCO,desnutricion global,sobrepeso (s),2005-04-01,15,14,4,2,19,16,35
90301,PUERTO GONZALO MORENO,desnutricion global,sobrepeso (s),2005-04-01,4,8,0,1,4,9,13
21204,PUERTO PEREZ,desnutricion global,sobrepeso (s),2005-04-01,4,2,1,0,5,2,7
90201,PUERTO RICO,desnutricion global,sobrepeso (s),2005-04-01,5,4,0,2,5,6,11
80703,PUERTO SILES,desnutricion global,sobrepeso (s),2005-04-01,2,1,0,0,2,1,3
31205,PUERTO VILLARROEL,desnutricion global,sobrepeso (s),2005-04-01,68,72,20,12,88,84,172
51101,PUNA,desnutricion global,sobrepeso (s),2005-04-01,8,10,0,0,8,10,18
31401,PUNATA,desnutricion global,sobrepeso (s),2005-04-01,14,11,3,3,17,14,31
30901,QUILLACOLLO,desnutricion global,sobrepeso (s),2005-04-01,39,27,9,3,48,30,78
21002,QUIME,desnutricion global,sobrepeso (s),2005-04-01,0,5,2,0,2,5,7
70904,QUIRUSILLAS,desnutricion global,sobrepeso (s),2005-04-01,8,2,1,4,9,6,15
50402,RAVELO,desnutricion global,sobrepeso (s),2005-04-01,10,4,1,0,11,4,15
80301,REYES,desnutricion global,sobrepeso (s),2005-04-01,43,29,13,4,56,33,89
80201,RIBERALTA,desnutricion global,sobrepeso (s),2005-04-01,67,54,12,8,79,62,141
70503,ROBORE,desnutricion global,sobrepeso (s),2005-04-01,21,15,8,6,29,21,50
80304,RURRENABAQUE,desnutricion global,sobrepeso (s),2005-04-01,20,9,8,2,28,11,39
40901,SABAYA,desnutricion global,sobrepeso (s),2005-04-01,2,4,1,2,3,6,9
31001,SACABA,desnutricion global,sobrepeso (s),2005-04-01,21,42,3,3,24,45,69
30404,SACABAMBA,desnutricion global,sobrepeso (s),2005-04-01,0,2,0,0,0,2,2
50701,SACACA,desnutricion global,sobrepeso (s),2005-04-01,3,5,0,1,3,6,9
71302,SAIPINA,desnutricion global,sobrepeso (s),2005-04-01,19,19,7,11,26,30,56
40801,SALINAS DE GARCI MENDOZA,desnutricion global,sobrepeso (s),2005-04-01,6,7,5,0,11,7,18
70901,SAMAIPATA,desnutricion global,sobrepeso (s),2005-04-01,44,0,22,0,66,0,66
51601,SAN AGUSTIN,desnutricion global,sobrepeso (s),2005-04-01,1,3,0,0,1,3,4
80602,SAN ANDRES,desnutricion global,sobrepeso (s),2005-04-01,16,7,1,2,17,9,26
20805,SAN ANDRES DE MACHACA,desnutricion global,sobrepeso (s),2005-04-01,5,2,2,3,7,5,12
51003,SAN ANTONIO DE ESMORUCO,desnutricion global,sobrepeso (s),2005-04-01,0,1,1,0,1,1,2
71105,SAN ANTONIO DE LOMERIO,desnutricion global,sobrepeso (s),2005-04-01,8,8,5,3,13,11,24
31403,SAN BENITO,desnutricion global,sobrepeso (s),2005-04-01,7,2,0,0,7,2,9
80302,SAN BORJA,desnutricion global,sobrepeso (s),2005-04-01,77,77,16,19,93,96,189
21502,SAN BUENA VENTURA,desnutricion global,sobrepeso (s),2005-04-01,11,4,2,2,13,6,19
70402,SAN CARLOS,desnutricion global,sobrepeso (s),2005-04-01,34,35,14,12,48,47,95
80501,SAN IGNACIO,desnutricion global,sobrepeso (s),2005-04-01,22,8,8,3,30,11,41
70301,SAN IGNACIO DE VELASCO,desnutricion global,sobrepeso (s),2005-04-01,75,51,11,5,86,56,142
80102,SAN JAVIER(BNI),desnutricion global,sobrepeso (s),2005-04-01,3,4,1,0,4,4,8
71102,SAN JAVIER(STC),desnutricion global,sobrepeso (s),2005-04-01,8,0,0,0,8,0,8
80701,SAN JOAQUIN,desnutricion global,sobrepeso (s),2005-04-01,11,5,3,0,14,5,19
70501,SAN JOSE DE CHIQUITOS,desnutricion global,sobrepeso (s),2005-04-01,21,13,16,4,37,17,54
70404,SAN JUAN DE YAPACANI,desnutricion global,sobrepeso (s),2005-04-01,27,18,4,4,31,22,53
71104,SAN JULIAN,desnutricion global,sobrepeso (s),2005-04-01,82,77,21,20,103,97,200
90302,SAN LORENZO(PND),desnutricion global,sobrepeso (s),2005-04-01,17,11,7,3,24,14,38
60501,SAN LORENZO(TJA),desnutricion global,sobrepeso (s),2005-04-01,27,14,4,7,31,21,52
10702,SAN LUCAS,desnutricion global,sobrepeso (s),2005-04-01,23,18,1,1,24,19,43
70302,SAN MIGUEL DE VELASCO,desnutricion global,sobrepeso (s),2005-04-01,12,13,1,1,13,14,27
71005,SAN PEDRO,desnutricion global,sobrepeso (s),2005-04-01,25,18,6,6,31,24,55
50501,SAN PEDRO DE BUENA VISTA,desnutricion global,sobrepeso (s),2005-04-01,11,8,3,1,14,9,23
21801,SAN PEDRO DE CURAHUARA,desnutricion global,sobrepeso (s),2005-04-01,4,1,2,2,6,3,9
21702,SAN PEDRO DE TIQUINA,desnutricion global,sobrepeso (s),2005-04-01,6,3,1,2,7,5,12
70303,SAN RAFAEL,desnutricion global,sobrepeso (s),2005-04-01,3,3,3,1,6,4,10
80702,SAN RAMON,desnutricion global,sobrepeso (s),2005-04-01,14,9,6,0,20,9,29
80702,SAN RAMON,desnutricion global,sobrepeso (s),2005-04-01,16,14,1,1,17,15,32
80401,SANTA ANA,desnutricion global,sobrepeso (s),2005-04-01,72,28,26,12,98,40,138
70101,SANTA CRUZ DE LA SIERRA,desnutricion global,sobrepeso (s),2005-04-01,1085,692,465,371,1550,1063,2613
80303,SANTA ROSA,desnutricion global,sobrepeso (s),2005-04-01,28,20,8,11,36,31,67
70602,SANTA ROSA DEL SARA,desnutricion global,sobrepeso (s),2005-04-01,13,12,8,9,21,21,42
20308,SANTIAGO DE CALLAPA,desnutricion global,sobrepeso (s),2005-04-01,3,1,0,0,3,1,4
41401,SANTIAGO DE HUARI,desnutricion global,sobrepeso (s),2005-04-01,4,3,4,0,8,3,11
21901,SANTIAGO DE MACHACA,desnutricion global,sobrepeso (s),2005-04-01,1,1,0,0,1,1,2
30702,SANTIVAÑES,desnutricion global,sobrepeso (s),2005-04-01,3,1,2,2,5,3,8
40202,SANTUARIO DE QUILLACAS,desnutricion global,sobrepeso (s),2005-04-01,1,0,0,0,1,0,1
20902,SAPAHAQUI,desnutricion global,sobrepeso (s),2005-04-01,4,4,0,1,4,5,9
90303,SENA,desnutricion global,sobrepeso (s),2005-04-01,7,15,11,3,18,18,36
21301,SICA SICA (VILLA AROMA),desnutricion global,sobrepeso (s),2005-04-01,10,15,2,5,12,20,32
30703,SICAYA,desnutricion global,sobrepeso (s),2005-04-01,1,1,0,0,1,1,2
30902,SIPE SIPE,desnutricion global,sobrepeso (s),2005-04-01,44,44,12,9,56,53,109
10403,SOPACHUY,desnutricion global,sobrepeso (s),2005-04-01,7,3,0,0,7,3,10
40104,SORACACHI,desnutricion global,sobrepeso (s),2005-04-01,5,8,0,2,5,10,15
20601,SORATA,desnutricion global,sobrepeso (s),2005-04-01,20,13,1,1,21,14,35
10101,SUCRE,desnutricion global,sobrepeso (s),2005-04-01,212,204,65,67,277,271,548
20603,TACACOMA,desnutricion global,sobrepeso (s),2005-04-01,7,6,1,0,8,6,14
50303,TACOBAMBA,desnutricion global,sobrepeso (s),2005-04-01,14,7,1,1,15,8,23
30602,TACOPAYA,desnutricion global,sobrepeso (s),2005-04-01,3,0,0,1,3,1,4
51402,TAHUA,desnutricion global,sobrepeso (s),2005-04-01,1,3,0,0,1,3,4
31101,TAPACARI,desnutricion global,sobrepeso (s),2005-04-01,1,5,2,0,3,5,8
10601,TARABUCO,desnutricion global,sobrepeso (s),2005-04-01,20,32,3,5,23,37,60
20807,TARACO,desnutricion global,sobrepeso (s),2005-04-01,4,3,0,0,4,3,7
30401,TARATA,desnutricion global,sobrepeso (s),2005-04-01,9,7,1,1,10,8,18
60101,TARIJA,desnutricion global,sobrepeso (s),2005-04-01,383,283,86,76,469,359,828
10202,TARVITA,desnutricion global,sobrepeso (s),2005-04-01,2,0,0,1,2,1,3
20608,TEOPONTE,desnutricion global,sobrepeso (s),2005-04-01,19,22,8,4,27,26,53
20803,TIAWANACU,desnutricion global,sobrepeso (s),2005-04-01,5,5,2,0,7,5,12
50102,TINGUIPAYA,desnutricion global,sobrepeso (s),2005-04-01,3,2,0,1,3,3,6
20606,TIPUANI,desnutricion global,sobrepeso (s),2005-04-01,12,3,0,1,12,4,16
30903,TIQUIPAYA,desnutricion global,sobrepeso (s),2005-04-01,21,19,5,2,26,21,47
31601,TIRAQUE (CBBA),desnutricion global,sobrepeso (s),2005-04-01,64,66,11,4,75,70,145
21703,TITO YUPANQUI (PARQUIPUJIO),desnutricion global,sobrepeso (s),2005-04-01,1,0,0,0,1,0,1
30802,TOCO,desnutricion global,sobrepeso (s),2005-04-01,2,3,0,1,2,4,6
30803,TOLATA,desnutricion global,sobrepeso (s),2005-04-01,2,2,1,1,3,3,6
41001,TOLEDO,desnutricion global,sobrepeso (s),2005-04-01,3,0,0,0,3,0,3
51202,TOMAVE,desnutricion global,sobrepeso (s),2005-04-01,14,3,0,0,14,3,17
10402,TOMINA,desnutricion global,sobrepeso (s),2005-04-01,10,7,1,0,11,7,18
50502,TORO TORO,desnutricion global,sobrepeso (s),2005-04-01,4,7,1,0,5,7,12
31201,TOTORA(CBBA),desnutricion global,sobrepeso (s),2005-04-01,9,11,2,0,11,11,22
70802,TRIGAL,desnutricion global,sobrepeso (s),2005-04-01,3,1,0,0,3,1,4
80101,TRINIDAD,desnutricion global,sobrepeso (s),2005-04-01,129,106,21,15,150,121,271
50801,TUPIZA,desnutricion global,sobrepeso (s),2005-04-01,49,48,16,4,65,52,117
40402,TURCO,desnutricion global,sobrepeso (s),2005-04-01,3,2,0,0,3,2,5
21302,UMALA,desnutricion global,sobrepeso (s),2005-04-01,3,5,9,15,12,20,32
50201,UNCIA,desnutricion global,sobrepeso (s),2005-04-01,9,10,2,2,11,12,23
60401,URIONDO (A. CONCEPCION),desnutricion global,sobrepeso (s),2005-04-01,57,16,13,3,70,19,89
51201,UYUNI,desnutricion global,sobrepeso (s),2005-04-01,25,22,7,2,32,24,56
30502,VACAS,desnutricion global,sobrepeso (s),2005-04-01,3,3,2,0,5,3,8
70801,VALLEGRANDE,desnutricion global,sobrepeso (s),2005-04-01,19,21,14,15,33,36,69
20801,VIACHA,desnutricion global,sobrepeso (s),2005-04-01,38,22,4,7,42,29,71
31302,VILA VILA,desnutricion global,sobrepeso (s),2005-04-01,6,2,3,2,9,4,13
60303,VILLA MONTES,desnutricion global,sobrepeso (s),2005-04-01,60,41,17,23,77,64,141
90502,VILLA NUEVA (LOMA ALTA),desnutricion global,sobrepeso (s),2005-04-01,3,1,0,0,3,1,4
31402,VILLA RIVERO,desnutricion global,sobrepeso (s),2005-04-01,3,9,0,0,3,9,12
10801,VILLA SERRANO,desnutricion global,sobrepeso (s),2005-04-01,15,11,2,5,17,16,33
31003,VILLA TUNARI,desnutricion global,sobrepeso (s),2005-04-01,60,51,5,7,65,58,123
11001,VILLA VACA GUZMAN (MUYUPAMPA),desnutricion global,sobrepeso (s),2005-04-01,24,16,15,5,39,21,60
51501,VILLAZON,desnutricion global,sobrepeso (s),2005-04-01,56,55,6,5,62,60,122
30904,VINTO,desnutricion global,sobrepeso (s),2005-04-01,4,2,2,0,6,2,8
50602,VITICHI,desnutricion global,sobrepeso (s),2005-04-01,6,3,1,0,7,3,10
20306,WALDO BALLIVIAN,desnutricion global,sobrepeso (s),2005-04-01,2,0,0,0,2,0,2
70201,WARNES,desnutricion global,sobrepeso (s),2005-04-01,84,64,12,13,96,77,173
20903,YACO,desnutricion global,sobrepeso (s),2005-04-01,2,1,0,0,2,1,3
60301,YACUIBA,desnutricion global,sobrepeso (s),2005-04-01,104,110,18,9,122,119,241
10602,YAMPARAEZ,desnutricion global,sobrepeso (s),2005-04-01,9,16,3,3,12,19,31
21103,YANACACHI,desnutricion global,sobrepeso (s),2005-04-01,0,1,0,0,0,1,1
70403,YAPACANI,desnutricion global,sobrepeso (s),2005-04-01,100,94,12,14,112,108,220
50103,YOCALLA,desnutricion global,sobrepeso (s),2005-04-01,2,2,0,0,2,2,4
10102,YOTALA,desnutricion global,sobrepeso (s),2005-04-01,16,10,5,5,21,15,36
60402,YUNCHARA,desnutricion global,sobrepeso (s),2005-04-01,6,2,1,0,7,2,9
10301,ZUDAÑEZ,desnutricion global,sobrepeso (s),2005-04-01,11,5,1,1,12,6,18
51302,ACACIO,desnutricion global,sobrepeso (s),2005-05-01,3,3,0,0,3,3,6
20201,ACHACACHI,desnutricion global,sobrepeso (s),2005-05-01,14,10,4,7,18,17,35
20104,ACHOCALLA,desnutricion global,sobrepeso (s),2005-05-01,6,1,1,1,7,2,9
30201,AIQUILE,desnutricion global,sobrepeso (s),2005-05-01,6,4,3,1,9,5,14
31303,ALALAY,desnutricion global,sobrepeso (s),2005-05-01,1,0,1,0,2,0,2
10404,ALCALA,desnutricion global,sobrepeso (s),2005-05-01,3,3,1,1,4,4,8
20202,ANCORAIMES,desnutricion global,sobrepeso (s),2005-05-01,7,6,1,1,8,7,15
41201,ANDAMARCA,desnutricion global,sobrepeso (s),2005-05-01,1,2,1,0,2,2,4
40603,ANTEQUERA,desnutricion global,sobrepeso (s),2005-05-01,4,2,0,0,4,2,6
30402,ANZALDO,desnutricion global,sobrepeso (s),2005-05-01,1,0,2,6,3,6,9
20701,APOLO,desnutricion global,sobrepeso (s),2005-05-01,11,9,3,1,14,10,24
51301,ARAMPAMPA,desnutricion global,sobrepeso (s),2005-05-01,1,3,0,0,1,3,4
30501,ARANI,desnutricion global,sobrepeso (s),2005-05-01,8,7,1,0,9,7,16
30403,ARBIETO,desnutricion global,sobrepeso (s),2005-05-01,9,1,0,0,9,1,10
30601,ARQUE,desnutricion global,sobrepeso (s),2005-05-01,3,0,0,0,3,0,3
50802,ATOCHA,desnutricion global,sobrepeso (s),2005-05-01,10,9,7,2,17,11,28
20503,AUCAPATA,desnutricion global,sobrepeso (s),2005-05-01,4,3,1,0,5,3,8
20502,AYATA,desnutricion global,sobrepeso (s),2005-05-01,11,0,0,0,11,0,11
21303,AYO AYO,desnutricion global,sobrepeso (s),2005-05-01,2,0,1,0,3,0,3
30301,AYOPAYA (V. DE INDEPENDENCIA),desnutricion global,sobrepeso (s),2005-05-01,17,16,4,2,21,18,39
10201,AZURDUY,desnutricion global,sobrepeso (s),2005-05-01,13,17,5,1,18,18,36
21203,BATALLAS,desnutricion global,sobrepeso (s),2005-05-01,4,4,0,0,4,4,8
80802,BAURES,desnutricion global,sobrepeso (s),2005-05-01,2,4,1,0,3,4,7
41202,BELEN DE ANDAMARCA,desnutricion global,sobrepeso (s),2005-05-01,0,1,0,0,0,1,1
50104,BELEN DE URMIRI,desnutricion global,sobrepeso (s),2005-05-01,2,2,0,2,2,4,6
90104,BELLA FLOR,desnutricion global,sobrepeso (s),2005-05-01,2,3,0,0,2,3,5
60202,BERMEJO,desnutricion global,sobrepeso (s),2005-05-01,15,9,4,1,19,10,29
50301,BETANZOS,desnutricion global,sobrepeso (s),2005-05-01,21,24,3,3,24,27,51
31501,BOLIVAR,desnutricion global,sobrepeso (s),2005-05-01,2,0,0,0,2,0,2
90103,BOLPEBRA,desnutricion global,sobrepeso (s),2005-05-01,6,2,1,0,7,2,9
70707,BOYUIBE,desnutricion global,sobrepeso (s),2005-05-01,5,7,3,1,8,8,16
70401,BUENA VISTA,desnutricion global,sobrepeso (s),2005-05-01,48,26,6,10,54,36,90
70703,CABEZAS,desnutricion global,sobrepeso (s),2005-05-01,21,19,1,1,22,20,42
20905,CAIROMA,desnutricion global,sobrepeso (s),2005-05-01,9,8,0,1,9,9,18
51102,"CAIZA ""D""",desnutricion global,sobrepeso (s),2005-05-01,9,11,2,2,11,13,24
21003,CAJUATA,desnutricion global,sobrepeso (s),2005-05-01,18,15,2,1,20,16,36
20303,CALACOTO,desnutricion global,sobrepeso (s),2005-05-01,1,0,0,0,1,0,1
21304,CALAMARCA,desnutricion global,sobrepeso (s),2005-05-01,6,6,0,0,6,6,12
10701,CAMARGO,desnutricion global,sobrepeso (s),2005-05-01,18,20,1,0,19,20,39
10901,CAMATAQUI (C. VILLA ABECIA),desnutricion global,sobrepeso (s),2005-05-01,1,2,0,0,1,2,3
70706,CAMIRI,desnutricion global,sobrepeso (s),2005-05-01,86,65,22,11,108,76,184
30701,CAPINOTA,desnutricion global,sobrepeso (s),2005-05-01,0,0,1,2,1,2,3
20302,CAQUIAVIRI,desnutricion global,sobrepeso (s),2005-05-01,12,2,1,2,13,4,17
40102,CARACOLLO,desnutricion global,sobrepeso (s),2005-05-01,2,18,1,0,3,18,21
22001,CARANAVI,desnutricion global,sobrepeso (s),2005-05-01,91,70,14,6,105,76,181
60302,CARAPARI,desnutricion global,sobrepeso (s),2005-05-01,27,27,13,2,40,29,69
50702,CARIPUYO,desnutricion global,sobrepeso (s),2005-05-01,1,2,0,0,1,2,3
21902,CATACORA,desnutricion global,sobrepeso (s),2005-05-01,1,1,0,0,1,1,2
40201,CHALLAPATA,desnutricion global,sobrepeso (s),2005-05-01,13,9,0,1,13,10,23
50302,CHAQUI,desnutricion global,sobrepeso (s),2005-05-01,3,1,0,0,3,1,4
70702,CHARAGUA,desnutricion global,sobrepeso (s),2005-05-01,41,41,7,7,48,48,96
20305,CHARAÑA,desnutricion global,sobrepeso (s),2005-05-01,1,1,0,0,1,1,2
50202,CHAYANTA,desnutricion global,sobrepeso (s),2005-05-01,4,6,0,0,4,6,10
31204,CHIMORE,desnutricion global,sobrepeso (s),2005-05-01,28,16,1,1,29,17,46
40903,CHIPAYA,desnutricion global,sobrepeso (s),2005-05-01,1,1,0,0,1,1,2
40302,CHOQUE COTA,desnutricion global,sobrepeso (s),2005-05-01,1,0,0,0,1,0,1
21101,CHULUMANI (V. DE LA LIBERTAD),desnutricion global,sobrepeso (s),2005-05-01,16,8,2,2,18,10,28
20501,CHUMA,desnutricion global,sobrepeso (s),2005-05-01,2,3,0,0,2,3,5
30801,CLIZA,desnutricion global,sobrepeso (s),2005-05-01,39,28,15,8,54,36,90
90101,COBIJA,desnutricion global,sobrepeso (s),2005-05-01,59,56,6,15,65,71,136
30101,COCHABAMBA,desnutricion global,sobrepeso (s),2005-05-01,291,238,51,35,342,273,615
30905,COLCAPIRHUA,desnutricion global,sobrepeso (s),2005-05-01,16,18,3,0,19,18,37
50901,"COLCHA ""K""",desnutricion global,sobrepeso (s),2005-05-01,8,7,1,0,9,7,16
21307,COLLANA,desnutricion global,sobrepeso (s),2005-05-01,1,1,1,1,2,2,4
31002,COLOMI,desnutricion global,sobrepeso (s),2005-05-01,19,21,3,2,22,23,45
70603,COLPA BELGICA,desnutricion global,sobrepeso (s),2005-05-01,17,8,5,0,22,8,30
50401,COLQUECHACA,desnutricion global,sobrepeso (s),2005-05-01,7,5,0,1,7,6,13
21306,COLQUENCHA,desnutricion global,sobrepeso (s),2005-05-01,5,4,0,0,5,4,9
21004,COLQUIRI,desnutricion global,sobrepeso (s),2005-05-01,10,9,0,0,10,9,19
71301,COMARAPA,desnutricion global,sobrepeso (s),2005-05-01,58,54,12,13,70,67,137
71101,CONCEPCION,desnutricion global,sobrepeso (s),2005-05-01,3,2,0,1,3,3,6
21701,COPACABANA,desnutricion global,sobrepeso (s),2005-05-01,9,4,2,0,11,4,15
21402,CORIPATA,desnutricion global,sobrepeso (s),2005-05-01,37,34,3,2,40,36,76
20301,CORO CORO,desnutricion global,sobrepeso (s),2005-05-01,3,0,2,0,5,0,5
21401,COROICO,desnutricion global,sobrepeso (s),2005-05-01,4,0,0,0,4,0,4
40301,CORQUE,desnutricion global,sobrepeso (s),2005-05-01,3,3,2,0,5,3,8
50601,COTAGAITA,desnutricion global,sobrepeso (s),2005-05-01,12,7,6,0,18,7,25
70102,COTOCA,desnutricion global,sobrepeso (s),2005-05-01,45,22,8,4,53,26,79
71106,CUATRO CAÑADAS,desnutricion global,sobrepeso (s),2005-05-01,9,2,4,1,13,3,16
31405,CUCHUMUELA (V. G. VILLARROEL),desnutricion global,sobrepeso (s),2005-05-01,3,0,0,0,3,0,3
70704,CUEVO,desnutricion global,sobrepeso (s),2005-05-01,1,5,1,0,2,5,7
10902,CULPINA,desnutricion global,sobrepeso (s),2005-05-01,19,8,2,4,21,12,33
40401,CURAHUARA DE CARANGAS,desnutricion global,sobrepeso (s),2005-05-01,5,9,2,0,7,9,16
21602,CURVA,desnutricion global,sobrepeso (s),2005-05-01,0,1,0,0,0,1,1
20804,DESAGUADERO,desnutricion global,sobrepeso (s),2005-05-01,1,2,1,1,2,3,5
20105,EL ALTO,desnutricion global,sobrepeso (s),2005-05-01,416,377,155,132,571,509,1080
40103,EL CHORO,desnutricion global,sobrepeso (s),2005-05-01,1,0,0,0,1,0,1
71503,EL PUENTE(STC),desnutricion global,sobrepeso (s),2005-05-01,22,21,3,0,25,21,46
60502,EL PUENTE(TJA),desnutricion global,sobrepeso (s),2005-05-01,12,8,1,1,13,9,22
70105,EL TORNO,desnutricion global,sobrepeso (s),2005-05-01,53,37,5,5,58,42,100
10405,EL VILLAR,desnutricion global,sobrepeso (s),2005-05-01,2,0,4,0,6,0,6
60601,ENTRE RIOS,desnutricion global,sobrepeso (s),2005-05-01,32,28,3,7,35,35,70
60601,ENTRE RIOS,desnutricion global,sobrepeso (s),2005-05-01,53,42,4,4,57,46,103
41101,EUCALIPTUS,desnutricion global,sobrepeso (s),2005-05-01,5,4,1,1,6,5,11
90503,EUREKA (SANTOS MERCADO),desnutricion global,sobrepeso (s),2005-05-01,1,1,1,2,2,3,5
80402,EXALTACION,desnutricion global,sobrepeso (s),2005-05-01,5,4,1,2,6,6,12
71004,FERNANDEZ ALONSO,desnutricion global,sobrepeso (s),2005-05-01,39,44,49,46,88,90,178
90203,FILADELFIA,desnutricion global,sobrepeso (s),2005-05-01,5,10,3,3,8,13,21
71002,GENERAL SAAVEDRA,desnutricion global,sobrepeso (s),2005-05-01,35,9,17,4,52,13,65
21601,GRAL. J.J. PEREZ (CHARAZANI),desnutricion global,sobrepeso (s),2005-05-01,11,6,1,0,12,6,18
20602,GUANAY,desnutricion global,sobrepeso (s),2005-05-01,10,5,6,0,16,5,21
20802,GUAQUI,desnutricion global,sobrepeso (s),2005-05-01,0,3,0,0,0,3,3
80202,GUAYARAMERIN,desnutricion global,sobrepeso (s),2005-05-01,67,55,6,10,73,65,138
70705,GUTIERREZ,desnutricion global,sobrepeso (s),2005-05-01,31,26,15,9,46,35,81
10502,HUACARETA,desnutricion global,sobrepeso (s),2005-05-01,11,6,7,6,18,12,30
11002,HUACAYA (VILLA DE HUACAYA),desnutricion global,sobrepeso (s),2005-05-01,3,3,0,0,3,3,6
40501,HUACHACALLA,desnutricion global,sobrepeso (s),2005-05-01,2,1,0,0,2,1,3
40701,HUANUNI,desnutricion global,sobrepeso (s),2005-05-01,15,12,0,0,15,12,27
80803,HUARACAJE,desnutricion global,sobrepeso (s),2005-05-01,3,4,5,0,8,4,12
41601,HUAYLLAMARCA,desnutricion global,sobrepeso (s),2005-05-01,3,2,1,2,4,4,8
21005,ICHOCA,desnutricion global,sobrepeso (s),2005-05-01,3,6,0,0,3,6,9
10304,ICLA,desnutricion global,sobrepeso (s),2005-05-01,5,10,2,1,7,11,18
10703,INCAHUASI,desnutricion global,sobrepeso (s),2005-05-01,23,15,1,5,24,20,44
21001,INQUISIVI,desnutricion global,sobrepeso (s),2005-05-01,17,14,7,15,24,29,53
21102,IRUPANA (VILLA DE LANZA),desnutricion global,sobrepeso (s),2005-05-01,15,9,5,1,20,10,30
21501,IXIAMAS,desnutricion global,sobrepeso (s),2005-05-01,24,12,9,9,33,21,54
20806,JESUS DE MACHACA,desnutricion global,sobrepeso (s),2005-05-01,3,0,0,0,3,0,3
21105,LA ASUNTA,desnutricion global,sobrepeso (s),2005-05-01,17,16,0,0,17,16,33
70104,LA GUARDIA,desnutricion global,sobrepeso (s),2005-05-01,69,42,19,10,88,52,140
20101,LA PAZ,desnutricion global,sobrepeso (s),2005-05-01,484,484,157,158,641,642,1283
70701,LAGUNILLAS,desnutricion global,sobrepeso (s),2005-05-01,14,19,8,5,22,24,46
21202,LAJA,desnutricion global,sobrepeso (s),2005-05-01,14,5,2,2,16,7,23
10903,LAS CARRERAS,desnutricion global,sobrepeso (s),2005-05-01,3,4,0,1,3,5,8
50203,LLALLAGUA,desnutricion global,sobrepeso (s),2005-05-01,36,51,25,25,61,76,137
80601,LORETO,desnutricion global,sobrepeso (s),2005-05-01,5,7,2,1,7,8,15
20901,LURIBAY,desnutricion global,sobrepeso (s),2005-05-01,7,3,0,0,7,3,10
40702,MACHACAMARCA,desnutricion global,sobrepeso (s),2005-05-01,4,2,0,1,4,3,7
11003,MACHARETI,desnutricion global,sobrepeso (s),2005-05-01,27,30,18,10,45,40,85
80801,MAGDALENA,desnutricion global,sobrepeso (s),2005-05-01,15,15,0,2,15,17,32
70903,MAIRANA,desnutricion global,sobrepeso (s),2005-05-01,22,10,3,1,25,11,36
20904,MALLA,desnutricion global,sobrepeso (s),2005-05-01,4,2,0,0,4,2,6
20607,MAPIRI,desnutricion global,sobrepeso (s),2005-05-01,23,11,4,2,27,13,40
20103,MECAPACA,desnutricion global,sobrepeso (s),2005-05-01,4,3,0,0,4,3,7
71003,MINEROS,desnutricion global,sobrepeso (s),2005-05-01,51,40,18,16,69,56,125
31301,MIZQUE,desnutricion global,sobrepeso (s),2005-05-01,3,3,0,1,3,4,7
20402,MOCOMOCO,desnutricion global,sobrepeso (s),2005-05-01,10,7,3,3,13,10,23
51002,MOJINETE,desnutricion global,sobrepeso (s),2005-05-01,1,0,0,1,1,1,2
10303,MOJOCOYA,desnutricion global,sobrepeso (s),2005-05-01,10,7,2,3,12,10,22
10501,MONTEAGUDO,desnutricion global,sobrepeso (s),2005-05-01,80,57,16,19,96,76,172
71001,MONTERO,desnutricion global,sobrepeso (s),2005-05-01,251,229,75,75,326,304,630
70803,MORO MORO,desnutricion global,sobrepeso (s),2005-05-01,3,0,0,0,3,0,3
30302,MOROCHATA,desnutricion global,sobrepeso (s),2005-05-01,9,7,0,2,9,9,18
90401,NACEBE (SANTA ROSA DEL ABUNA),desnutricion global,sobrepeso (s),2005-05-01,11,11,10,14,21,25,46
50404,OCURI,desnutricion global,sobrepeso (s),2005-05-01,4,3,3,2,7,5,12
70202,OKINAWA,desnutricion global,sobrepeso (s),2005-05-01,16,11,3,2,19,13,32
30203,OMEREQUE,desnutricion global,sobrepeso (s),2005-05-01,10,9,4,0,14,9,23
40101,ORURO,desnutricion global,sobrepeso (s),2005-05-01,188,198,41,32,229,230,459
60201,PADCAYA,desnutricion global,sobrepeso (s),2005-05-01,30,19,19,17,49,36,85
10401,PADILLA,desnutricion global,sobrepeso (s),2005-05-01,13,12,7,2,20,14,34
70502,PAILON,desnutricion global,sobrepeso (s),2005-05-01,3,62,16,0,19,62,81
20102,PALCA,desnutricion global,sobrepeso (s),2005-05-01,7,5,1,1,8,6,14
21104,PALOS BLANCOS,desnutricion global,sobrepeso (s),2005-05-01,31,40,16,6,47,46,93
40802,PAMPA AULLAGAS,desnutricion global,sobrepeso (s),2005-05-01,1,3,0,0,1,3,4
70902,PAMPA GRANDE,desnutricion global,sobrepeso (s),2005-05-01,5,10,4,4,9,14,23
21802,PAPEL PAMPA,desnutricion global,sobrepeso (s),2005-05-01,0,1,1,0,1,1,2
30202,PASORAPA,desnutricion global,sobrepeso (s),2005-05-01,3,3,0,0,3,3,6
21305,PATACAMAYA,desnutricion global,sobrepeso (s),2005-05-01,16,28,0,2,16,30,46
40602,PAZÑA,desnutricion global,sobrepeso (s),2005-05-01,3,4,1,0,4,4,8
20702,PELECHUCO,desnutricion global,sobrepeso (s),2005-05-01,1,2,0,0,1,2,3
50403,POCOATA,desnutricion global,sobrepeso (s),2005-05-01,10,10,3,3,13,13,26
31203,POCONA,desnutricion global,sobrepeso (s),2005-05-01,5,2,0,1,5,3,8
31202,POJO (CBBA),desnutricion global,sobrepeso (s),2005-05-01,18,9,1,0,19,9,28
40601,POOPO,desnutricion global,sobrepeso (s),2005-05-01,1,0,0,0,1,0,1
51203,PORCO,desnutricion global,sobrepeso (s),2005-05-01,3,4,1,1,4,5,9
10103,POROMA,desnutricion global,sobrepeso (s),2005-05-01,2,12,0,2,2,14,16
70103,PORONGO,desnutricion global,sobrepeso (s),2005-05-01,4,2,0,0,4,2,6
70601,PORTACHUELO,desnutricion global,sobrepeso (s),2005-05-01,39,27,10,6,49,33,82
90102,PORVENIR,desnutricion global,sobrepeso (s),2005-05-01,1,2,0,0,1,2,3
70804,POSTRER VALLE,desnutricion global,sobrepeso (s),2005-05-01,6,11,1,0,7,11,18
50101,POTOSI,desnutricion global,sobrepeso (s),2005-05-01,58,65,13,15,71,80,151
10302,PRESTO,desnutricion global,sobrepeso (s),2005-05-01,4,5,0,0,4,5,9
21201,PUCARANI,desnutricion global,sobrepeso (s),2005-05-01,12,15,2,0,14,15,29
20401,PUERTO ACOSTA,desnutricion global,sobrepeso (s),2005-05-01,4,4,0,0,4,4,8
20403,PUERTO CARABUCO,desnutricion global,sobrepeso (s),2005-05-01,18,14,2,3,20,17,37
90301,PUERTO GONZALO MORENO,desnutricion global,sobrepeso (s),2005-05-01,10,3,1,0,11,3,14
21204,PUERTO PEREZ,desnutricion global,sobrepeso (s),2005-05-01,4,2,1,0,5,2,7
90201,PUERTO RICO,desnutricion global,sobrepeso (s),2005-05-01,8,5,1,2,9,7,16
80703,PUERTO SILES,desnutricion global,sobrepeso (s),2005-05-01,3,6,1,1,4,7,11
31205,PUERTO VILLARROEL,desnutricion global,sobrepeso (s),2005-05-01,62,73,15,11,77,84,161
51101,PUNA,desnutricion global,sobrepeso (s),2005-05-01,16,2,5,0,21,2,23
31401,PUNATA,desnutricion global,sobrepeso (s),2005-05-01,6,6,4,2,10,8,18
30901,QUILLACOLLO,desnutricion global,sobrepeso (s),2005-05-01,18,15,6,5,24,20,44
21002,QUIME,desnutricion global,sobrepeso (s),2005-05-01,4,5,1,0,5,5,10
70904,QUIRUSILLAS,desnutricion global,sobrepeso (s),2005-05-01,5,0,0,0,5,0,5
50402,RAVELO,desnutricion global,sobrepeso (s),2005-05-01,9,12,3,2,12,14,26
80301,REYES,desnutricion global,sobrepeso (s),2005-05-01,29,24,6,2,35,26,61
80201,RIBERALTA,desnutricion global,sobrepeso (s),2005-05-01,53,24,11,2,64,26,90
70503,ROBORE,desnutricion global,sobrepeso (s),2005-05-01,9,12,2,2,11,14,25
80304,RURRENABAQUE,desnutricion global,sobrepeso (s),2005-05-01,10,10,2,2,12,12,24
40901,SABAYA,desnutricion global,sobrepeso (s),2005-05-01,3,2,0,0,3,2,5
31001,SACABA,desnutricion global,sobrepeso (s),2005-05-01,22,30,4,0,26,30,56
30404,SACABAMBA,desnutricion global,sobrepeso (s),2005-05-01,1,2,0,0,1,2,3
71302,SAIPINA,desnutricion global,sobrepeso (s),2005-05-01,36,26,21,9,57,35,92
40801,SALINAS DE GARCI MENDOZA,desnutricion global,sobrepeso (s),2005-05-01,7,8,0,2,7,10,17
70901,SAMAIPATA,desnutricion global,sobrepeso (s),2005-05-01,19,2,5,0,24,2,26
51601,SAN AGUSTIN,desnutricion global,sobrepeso (s),2005-05-01,1,0,0,0,1,0,1
80602,SAN ANDRES,desnutricion global,sobrepeso (s),2005-05-01,21,11,2,0,23,11,34
20805,SAN ANDRES DE MACHACA,desnutricion global,sobrepeso (s),2005-05-01,2,6,0,3,2,9,11
51003,SAN ANTONIO DE ESMORUCO,desnutricion global,sobrepeso (s),2005-05-01,2,0,0,0,2,0,2
71105,SAN ANTONIO DE LOMERIO,desnutricion global,sobrepeso (s),2005-05-01,6,10,1,2,7,12,19
31403,SAN BENITO,desnutricion global,sobrepeso (s),2005-05-01,2,0,0,0,2,0,2
80302,SAN BORJA,desnutricion global,sobrepeso (s),2005-05-01,64,63,8,8,72,71,143
21502,SAN BUENA VENTURA,desnutricion global,sobrepeso (s),2005-05-01,2,14,3,1,5,15,20
70402,SAN CARLOS,desnutricion global,sobrepeso (s),2005-05-01,35,27,17,14,52,41,93
80501,SAN IGNACIO,desnutricion global,sobrepeso (s),2005-05-01,19,10,8,2,27,12,39
70301,SAN IGNACIO DE VELASCO,desnutricion global,sobrepeso (s),2005-05-01,74,50,9,9,83,59,142
80102,SAN JAVIER(BNI),desnutricion global,sobrepeso (s),2005-05-01,0,2,1,0,1,2,3
71102,SAN JAVIER(STC),desnutricion global,sobrepeso (s),2005-05-01,27,2,5,0,32,2,34
80701,SAN JOAQUIN,desnutricion global,sobrepeso (s),2005-05-01,10,9,3,0,13,9,22
70501,SAN JOSE DE CHIQUITOS,desnutricion global,sobrepeso (s),2005-05-01,18,19,15,14,33,33,66
70404,SAN JUAN DE YAPACANI,desnutricion global,sobrepeso (s),2005-05-01,23,11,4,5,27,16,43
71104,SAN JULIAN,desnutricion global,sobrepeso (s),2005-05-01,27,16,6,0,33,16,49
90302,SAN LORENZO(PND),desnutricion global,sobrepeso (s),2005-05-01,7,9,5,2,12,11,23
60501,SAN LORENZO(TJA),desnutricion global,sobrepeso (s),2005-05-01,20,10,2,1,22,11,33
10702,SAN LUCAS,desnutricion global,sobrepeso (s),2005-05-01,15,24,2,6,17,30,47
70302,SAN MIGUEL DE VELASCO,desnutricion global,sobrepeso (s),2005-05-01,17,12,3,1,20,13,33
71005,SAN PEDRO,desnutricion global,sobrepeso (s),2005-05-01,34,31,3,0,37,31,68
50501,SAN PEDRO DE BUENA VISTA,desnutricion global,sobrepeso (s),2005-05-01,5,5,5,6,10,11,21
21801,SAN PEDRO DE CURAHUARA,desnutricion global,sobrepeso (s),2005-05-01,3,1,0,1,3,2,5
21702,SAN PEDRO DE TIQUINA,desnutricion global,sobrepeso (s),2005-05-01,3,4,0,0,3,4,7
70303,SAN RAFAEL,desnutricion global,sobrepeso (s),2005-05-01,4,5,4,0,8,5,13
80702,SAN RAMON,desnutricion global,sobrepeso (s),2005-05-01,22,9,4,3,26,12,38
80401,SANTA ANA,desnutricion global,sobrepeso (s),2005-05-01,43,41,2,3,45,44,89
70101,SANTA CRUZ DE LA SIERRA,desnutricion global,sobrepeso (s),2005-05-01,1159,788,533,359,1692,1147,2839
80303,SANTA ROSA,desnutricion global,sobrepeso (s),2005-05-01,24,24,3,7,27,31,58
70602,SANTA ROSA DEL SARA,desnutricion global,sobrepeso (s),2005-05-01,15,20,9,9,24,29,53
20308,SANTIAGO DE CALLAPA,desnutricion global,sobrepeso (s),2005-05-01,2,1,0,1,2,2,4
41401,SANTIAGO DE HUARI,desnutricion global,sobrepeso (s),2005-05-01,4,5,7,2,11,7,18
21901,SANTIAGO DE MACHACA,desnutricion global,sobrepeso (s),2005-05-01,2,2,0,0,2,2,4
30702,SANTIVAÑES,desnutricion global,sobrepeso (s),2005-05-01,1,3,1,1,2,4,6
40202,SANTUARIO DE QUILLACAS,desnutricion global,sobrepeso (s),2005-05-01,4,3,2,0,6,3,9
20902,SAPAHAQUI,desnutricion global,sobrepeso (s),2005-05-01,3,3,0,0,3,3,6
90303,SENA,desnutricion global,sobrepeso (s),2005-05-01,6,5,2,1,8,6,14
21301,SICA SICA (VILLA AROMA),desnutricion global,sobrepeso (s),2005-05-01,9,7,0,0,9,7,16
30902,SIPE SIPE,desnutricion global,sobrepeso (s),2005-05-01,43,52,22,13,65,65,130
10403,SOPACHUY,desnutricion global,sobrepeso (s),2005-05-01,5,2,0,0,5,2,7
40104,SORACACHI,desnutricion global,sobrepeso (s),2005-05-01,6,8,0,0,6,8,14
20601,SORATA,desnutricion global,sobrepeso (s),2005-05-01,5,5,1,1,6,6,12
10101,SUCRE,desnutricion global,sobrepeso (s),2005-05-01,176,191,58,85,234,276,510
20603,TACACOMA,desnutricion global,sobrepeso (s),2005-05-01,13,9,1,0,14,9,23
30602,TACOPAYA,desnutricion global,sobrepeso (s),2005-05-01,3,1,0,0,3,1,4
51402,TAHUA,desnutricion global,sobrepeso (s),2005-05-01,2,1,0,0,2,1,3
31101,TAPACARI,desnutricion global,sobrepeso (s),2005-05-01,36,5,2,10,38,15,53
10601,TARABUCO,desnutricion global,sobrepeso (s),2005-05-01,24,37,8,39,32,76,108
20807,TARACO,desnutricion global,sobrepeso (s),2005-05-01,5,6,0,0,5,6,11
30401,TARATA,desnutricion global,sobrepeso (s),2005-05-01,8,6,3,1,11,7,18
60101,TARIJA,desnutricion global,sobrepeso (s),2005-05-01,288,226,49,47,337,273,610
10202,TARVITA,desnutricion global,sobrepeso (s),2005-05-01,17,9,3,1,20,10,30
20608,TEOPONTE,desnutricion global,sobrepeso (s),2005-05-01,30,19,10,14,40,33,73
20803,TIAWANACU,desnutricion global,sobrepeso (s),2005-05-01,7,18,3,6,10,24,34
50102,TINGUIPAYA,desnutricion global,sobrepeso (s),2005-05-01,6,3,2,1,8,4,12
20606,TIPUANI,desnutricion global,sobrepeso (s),2005-05-01,15,13,1,0,16,13,29
30903,TIQUIPAYA,desnutricion global,sobrepeso (s),2005-05-01,3,6,2,0,5,6,11
31601,TIRAQUE (CBBA),desnutricion global,sobrepeso (s),2005-05-01,43,52,6,7,49,59,108
21703,TITO YUPANQUI (PARQUIPUJIO),desnutricion global,sobrepeso (s),2005-05-01,0,1,0,0,0,1,1
30802,TOCO,desnutricion global,sobrepeso (s),2005-05-01,2,2,4,0,6,2,8
30803,TOLATA,desnutricion global,sobrepeso (s),2005-05-01,8,0,0,0,8,0,8
41001,TOLEDO,desnutricion global,sobrepeso (s),2005-05-01,1,1,0,0,1,1,2
51202,TOMAVE,desnutricion global,sobrepeso (s),2005-05-01,10,0,2,0,12,0,12
10402,TOMINA,desnutricion global,sobrepeso (s),2005-05-01,9,6,0,1,9,7,16
50502,TORO TORO,desnutricion global,sobrepeso (s),2005-05-01,6,6,1,0,7,6,13
31201,TOTORA(CBBA),desnutricion global,sobrepeso (s),2005-05-01,4,6,0,0,4,6,10
41301,TOTORA(ORR),desnutricion global,sobrepeso (s),2005-05-01,3,2,0,0,3,2,5
70802,TRIGAL,desnutricion global,sobrepeso (s),2005-05-01,5,2,0,1,5,3,8
80101,TRINIDAD,desnutricion global,sobrepeso (s),2005-05-01,140,110,38,29,178,139,317
50801,TUPIZA,desnutricion global,sobrepeso (s),2005-05-01,52,50,10,11,62,61,123
40402,TURCO,desnutricion global,sobrepeso (s),2005-05-01,7,3,0,0,7,3,10
21302,UMALA,desnutricion global,sobrepeso (s),2005-05-01,0,1,0,0,0,1,1
50201,UNCIA,desnutricion global,sobrepeso (s),2005-05-01,20,39,10,15,30,54,84
60401,URIONDO (A. CONCEPCION),desnutricion global,sobrepeso (s),2005-05-01,50,45,13,14,63,59,122
51201,UYUNI,desnutricion global,sobrepeso (s),2005-05-01,3,4,1,0,4,4,8
30502,VACAS,desnutricion global,sobrepeso (s),2005-05-01,4,0,1,2,5,2,7
70801,VALLEGRANDE,desnutricion global,sobrepeso (s),2005-05-01,30,36,25,10,55,46,101
20801,VIACHA,desnutricion global,sobrepeso (s),2005-05-01,26,21,3,2,29,23,52
31302,VILA VILA,desnutricion global,sobrepeso (s),2005-05-01,5,3,4,5,9,8,17
60303,VILLA MONTES,desnutricion global,sobrepeso (s),2005-05-01,39,41,11,10,50,51,101
90502,VILLA NUEVA (LOMA ALTA),desnutricion global,sobrepeso (s),2005-05-01,1,2,0,0,1,2,3
31402,VILLA RIVERO,desnutricion global,sobrepeso (s),2005-05-01,4,9,0,3,4,12,16
10801,VILLA SERRANO,desnutricion global,sobrepeso (s),2005-05-01,20,9,1,5,21,14,35
31003,VILLA TUNARI,desnutricion global,sobrepeso (s),2005-05-01,51,38,14,15,65,53,118
11001,VILLA VACA GUZMAN (MUYUPAMPA),desnutricion global,sobrepeso (s),2005-05-01,32,19,6,3,38,22,60
51501,VILLAZON,desnutricion global,sobrepeso (s),2005-05-01,45,40,6,6,51,46,97
30904,VINTO,desnutricion global,sobrepeso (s),2005-05-01,3,0,0,0,3,0,3
50602,VITICHI,desnutricion global,sobrepeso (s),2005-05-01,13,8,1,1,14,9,23
70201,WARNES,desnutricion global,sobrepeso (s),2005-05-01,83,71,16,12,99,83,182
20903,YACO,desnutricion global,sobrepeso (s),2005-05-01,2,3,0,1,2,4,6
60301,YACUIBA,desnutricion global,sobrepeso (s),2005-05-01,148,95,21,17,169,112,281
10602,YAMPARAEZ,desnutricion global,sobrepeso (s),2005-05-01,8,10,0,5,8,15,23
21103,YANACACHI,desnutricion global,sobrepeso (s),2005-05-01,1,1,0,1,1,2,3
70403,YAPACANI,desnutricion global,sobrepeso (s),2005-05-01,76,81,14,15,90,96,186
10102,YOTALA,desnutricion global,sobrepeso (s),2005-05-01,12,11,5,5,17,16,33
60402,YUNCHARA,desnutricion global,sobrepeso (s),2005-05-01,3,0,0,1,3,1,4
10301,ZUDAÑEZ,desnutricion global,sobrepeso (s),2005-05-01,5,11,2,0,7,11,18
51302,ACACIO,desnutricion global,sobrepeso (s),2005-06-01,3,3,0,0,3,3,6
20201,ACHACACHI,desnutricion global,sobrepeso (s),2005-06-01,13,19,14,9,27,28,55
20104,ACHOCALLA,desnutricion global,sobrepeso (s),2005-06-01,7,3,1,1,8,4,12
30201,AIQUILE,desnutricion global,sobrepeso (s),2005-06-01,3,2,2,0,5,2,7
10404,ALCALA,desnutricion global,sobrepeso (s),2005-06-01,1,4,0,0,1,4,5
20202,ANCORAIMES,desnutricion global,sobrepeso (s),2005-06-01,6,1,0,0,6,1,7
40603,ANTEQUERA,desnutricion global,sobrepeso (s),2005-06-01,4,1,1,1,5,2,7
20701,APOLO,desnutricion global,sobrepeso (s),2005-06-01,4,10,1,0,5,10,15
51301,ARAMPAMPA,desnutricion global,sobrepeso (s),2005-06-01,8,4,1,0,9,4,13
30501,ARANI,desnutricion global,sobrepeso (s),2005-06-01,7,6,2,1,9,7,16
30403,ARBIETO,desnutricion global,sobrepeso (s),2005-06-01,6,3,0,0,6,3,9
30601,ARQUE,desnutricion global,sobrepeso (s),2005-06-01,2,5,0,0,2,5,7
50802,ATOCHA,desnutricion global,sobrepeso (s),2005-06-01,21,10,5,5,26,15,41
20503,AUCAPATA,desnutricion global,sobrepeso (s),2005-06-01,1,3,0,0,1,3,4
20502,AYATA,desnutricion global,sobrepeso (s),2005-06-01,6,4,0,1,6,5,11
21303,AYO AYO,desnutricion global,sobrepeso (s),2005-06-01,2,1,0,0,2,1,3
30301,AYOPAYA (V. DE INDEPENDENCIA),desnutricion global,sobrepeso (s),2005-06-01,18,8,1,0,19,8,27
10201,AZURDUY,desnutricion global,sobrepeso (s),2005-06-01,21,14,17,7,38,21,59
21203,BATALLAS,desnutricion global,sobrepeso (s),2005-06-01,6,2,0,0,6,2,8
80802,BAURES,desnutricion global,sobrepeso (s),2005-06-01,4,9,2,0,6,9,15
50104,BELEN DE URMIRI,desnutricion global,sobrepeso (s),2005-06-01,2,1,0,0,2,1,3
90104,BELLA FLOR,desnutricion global,sobrepeso (s),2005-06-01,1,2,0,0,1,2,3
60202,BERMEJO,desnutricion global,sobrepeso (s),2005-06-01,17,11,4,0,21,11,32
50301,BETANZOS,desnutricion global,sobrepeso (s),2005-06-01,17,12,4,2,21,14,35
31501,BOLIVAR,desnutricion global,sobrepeso (s),2005-06-01,0,3,1,0,1,3,4
90103,BOLPEBRA,desnutricion global,sobrepeso (s),2005-06-01,1,1,0,0,1,1,2
70707,BOYUIBE,desnutricion global,sobrepeso (s),2005-06-01,15,14,2,8,17,22,39
70401,BUENA VISTA,desnutricion global,sobrepeso (s),2005-06-01,48,46,19,14,67,60,127
70703,CABEZAS,desnutricion global,sobrepeso (s),2005-06-01,31,31,11,14,42,45,87
20905,CAIROMA,desnutricion global,sobrepeso (s),2005-06-01,22,3,1,0,23,3,26
51102,"CAIZA ""D""",desnutricion global,sobrepeso (s),2005-06-01,4,5,2,1,6,6,12
21003,CAJUATA,desnutricion global,sobrepeso (s),2005-06-01,17,15,5,2,22,17,39
20303,CALACOTO,desnutricion global,sobrepeso (s),2005-06-01,1,1,0,0,1,1,2
21304,CALAMARCA,desnutricion global,sobrepeso (s),2005-06-01,4,2,0,0,4,2,6
10701,CAMARGO,desnutricion global,sobrepeso (s),2005-06-01,15,14,4,1,19,15,34
10901,CAMATAQUI (C. VILLA ABECIA),desnutricion global,sobrepeso (s),2005-06-01,7,4,3,2,10,6,16
70706,CAMIRI,desnutricion global,sobrepeso (s),2005-06-01,136,86,24,18,160,104,264
30701,CAPINOTA,desnutricion global,sobrepeso (s),2005-06-01,16,16,2,2,18,18,36
20302,CAQUIAVIRI,desnutricion global,sobrepeso (s),2005-06-01,8,6,0,2,8,8,16
40102,CARACOLLO,desnutricion global,sobrepeso (s),2005-06-01,14,3,0,1,14,4,18
22001,CARANAVI,desnutricion global,sobrepeso (s),2005-06-01,108,85,23,10,131,95,226
60302,CARAPARI,desnutricion global,sobrepeso (s),2005-06-01,36,39,8,3,44,42,86
50702,CARIPUYO,desnutricion global,sobrepeso (s),2005-06-01,8,2,0,0,8,2,10
40201,CHALLAPATA,desnutricion global,sobrepeso (s),2005-06-01,5,6,2,0,7,6,13
50302,CHAQUI,desnutricion global,sobrepeso (s),2005-06-01,6,10,1,0,7,10,17
70702,CHARAGUA,desnutricion global,sobrepeso (s),2005-06-01,55,57,10,11,65,68,133
20305,CHARAÑA,desnutricion global,sobrepeso (s),2005-06-01,0,0,0,1,0,1,1
50202,CHAYANTA,desnutricion global,sobrepeso (s),2005-06-01,14,16,4,4,18,20,38
31204,CHIMORE,desnutricion global,sobrepeso (s),2005-06-01,15,25,0,0,15,25,40
40903,CHIPAYA,desnutricion global,sobrepeso (s),2005-06-01,2,1,0,0,2,1,3
21101,CHULUMANI (V. DE LA LIBERTAD),desnutricion global,sobrepeso (s),2005-06-01,7,8,0,0,7,8,15
20501,CHUMA,desnutricion global,sobrepeso (s),2005-06-01,1,3,0,0,1,3,4
30801,CLIZA,desnutricion global,sobrepeso (s),2005-06-01,62,4,13,1,75,5,80
90101,COBIJA,desnutricion global,sobrepeso (s),2005-06-01,213,81,10,10,223,91,314
30101,COCHABAMBA,desnutricion global,sobrepeso (s),2005-06-01,382,280,56,45,438,325,763
30905,COLCAPIRHUA,desnutricion global,sobrepeso (s),2005-06-01,58,45,9,5,67,50,117
50901,"COLCHA ""K""",desnutricion global,sobrepeso (s),2005-06-01,7,13,2,4,9,17,26
21307,COLLANA,desnutricion global,sobrepeso (s),2005-06-01,0,1,1,0,1,1,2
31002,COLOMI,desnutricion global,sobrepeso (s),2005-06-01,24,18,1,0,25,18,43
70603,COLPA BELGICA,desnutricion global,sobrepeso (s),2005-06-01,13,9,9,7,22,16,38
50401,COLQUECHACA,desnutricion global,sobrepeso (s),2005-06-01,12,7,3,4,15,11,26
21306,COLQUENCHA,desnutricion global,sobrepeso (s),2005-06-01,8,0,4,1,12,1,13
21004,COLQUIRI,desnutricion global,sobrepeso (s),2005-06-01,19,9,2,1,21,10,31
71301,COMARAPA,desnutricion global,sobrepeso (s),2005-06-01,67,67,14,20,81,87,168
20605,COMBAYA,desnutricion global,sobrepeso (s),2005-06-01,0,4,0,0,0,4,4
71101,CONCEPCION,desnutricion global,sobrepeso (s),2005-06-01,6,0,1,0,7,0,7
21701,COPACABANA,desnutricion global,sobrepeso (s),2005-06-01,8,8,1,1,9,9,18
21402,CORIPATA,desnutricion global,sobrepeso (s),2005-06-01,29,28,7,9,36,37,73
20301,CORO CORO,desnutricion global,sobrepeso (s),2005-06-01,4,0,0,0,4,0,4
21401,COROICO,desnutricion global,sobrepeso (s),2005-06-01,5,2,1,0,6,2,8
40301,CORQUE,desnutricion global,sobrepeso (s),2005-06-01,4,4,2,1,6,5,11
50601,COTAGAITA,desnutricion global,sobrepeso (s),2005-06-01,11,7,2,0,13,7,20
70102,COTOCA,desnutricion global,sobrepeso (s),2005-06-01,70,52,9,7,79,59,138
71106,CUATRO CAÑADAS,desnutricion global,sobrepeso (s),2005-06-01,42,8,9,3,51,11,62
31405,CUCHUMUELA (V. G. VILLARROEL),desnutricion global,sobrepeso (s),2005-06-01,4,0,0,2,4,2,6
70704,CUEVO,desnutricion global,sobrepeso (s),2005-06-01,7,6,3,0,10,6,16
10902,CULPINA,desnutricion global,sobrepeso (s),2005-06-01,19,18,1,2,20,20,40
40401,CURAHUARA DE CARANGAS,desnutricion global,sobrepeso (s),2005-06-01,5,2,1,0,6,2,8
20804,DESAGUADERO,desnutricion global,sobrepeso (s),2005-06-01,1,0,1,0,2,0,2
20105,EL ALTO,desnutricion global,sobrepeso (s),2005-06-01,514,554,128,125,642,679,1321
40103,EL CHORO,desnutricion global,sobrepeso (s),2005-06-01,0,1,0,0,0,1,1
60502,EL PUENTE(TJA),desnutricion global,sobrepeso (s),2005-06-01,9,6,1,1,10,7,17
70105,EL TORNO,desnutricion global,sobrepeso (s),2005-06-01,89,57,16,9,105,66,171
10405,EL VILLAR,desnutricion global,sobrepeso (s),2005-06-01,4,2,2,0,6,2,8
60601,ENTRE RIOS,desnutricion global,sobrepeso (s),2005-06-01,53,42,7,4,60,46,106
60601,ENTRE RIOS,desnutricion global,sobrepeso (s),2005-06-01,43,37,7,9,50,46,96
41101,EUCALIPTUS,desnutricion global,sobrepeso (s),2005-06-01,4,3,3,0,7,3,10
90503,EUREKA (SANTOS MERCADO),desnutricion global,sobrepeso (s),2005-06-01,0,0,0,1,0,1,1
80402,EXALTACION,desnutricion global,sobrepeso (s),2005-06-01,7,6,0,0,7,6,13
71004,FERNANDEZ ALONSO,desnutricion global,sobrepeso (s),2005-06-01,46,32,20,16,66,48,114
90203,FILADELFIA,desnutricion global,sobrepeso (s),2005-06-01,3,3,0,0,3,3,6
71002,GENERAL SAAVEDRA,desnutricion global,sobrepeso (s),2005-06-01,34,38,15,14,49,52,101
21601,GRAL. J.J. PEREZ (CHARAZANI),desnutricion global,sobrepeso (s),2005-06-01,6,6,2,0,8,6,14
20602,GUANAY,desnutricion global,sobrepeso (s),2005-06-01,17,12,4,2,21,14,35
20802,GUAQUI,desnutricion global,sobrepeso (s),2005-06-01,4,5,1,4,5,9,14
80202,GUAYARAMERIN,desnutricion global,sobrepeso (s),2005-06-01,106,99,6,7,112,106,218
70705,GUTIERREZ,desnutricion global,sobrepeso (s),2005-06-01,23,23,17,5,40,28,68
10502,HUACARETA,desnutricion global,sobrepeso (s),2005-06-01,11,10,5,3,16,13,29
11002,HUACAYA (VILLA DE HUACAYA),desnutricion global,sobrepeso (s),2005-06-01,4,5,2,1,6,6,12
40701,HUANUNI,desnutricion global,sobrepeso (s),2005-06-01,13,25,0,2,13,27,40
80803,HUARACAJE,desnutricion global,sobrepeso (s),2005-06-01,4,7,3,0,7,7,14
41601,HUAYLLAMARCA,desnutricion global,sobrepeso (s),2005-06-01,2,2,0,0,2,2,4
21005,ICHOCA,desnutricion global,sobrepeso (s),2005-06-01,1,5,0,5,1,10,11
10304,ICLA,desnutricion global,sobrepeso (s),2005-06-01,1,5,0,1,1,6,7
10703,INCAHUASI,desnutricion global,sobrepeso (s),2005-06-01,30,23,1,3,31,26,57
90402,INGAVI (HUMAITA),desnutricion global,sobrepeso (s),2005-06-01,2,5,1,0,3,5,8
21001,INQUISIVI,desnutricion global,sobrepeso (s),2005-06-01,9,9,1,2,10,11,21
21102,IRUPANA (VILLA DE LANZA),desnutricion global,sobrepeso (s),2005-06-01,13,7,2,4,15,11,26
21501,IXIAMAS,desnutricion global,sobrepeso (s),2005-06-01,23,11,4,2,27,13,40
20806,JESUS DE MACHACA,desnutricion global,sobrepeso (s),2005-06-01,6,1,0,0,6,1,7
21105,LA ASUNTA,desnutricion global,sobrepeso (s),2005-06-01,21,20,0,1,21,21,42
70104,LA GUARDIA,desnutricion global,sobrepeso (s),2005-06-01,94,50,22,17,116,67,183
20101,LA PAZ,desnutricion global,sobrepeso (s),2005-06-01,670,603,258,206,928,809,1737
70701,LAGUNILLAS,desnutricion global,sobrepeso (s),2005-06-01,23,16,7,4,30,20,50
21202,LAJA,desnutricion global,sobrepeso (s),2005-06-01,11,17,1,2,12,19,31
10903,LAS CARRERAS,desnutricion global,sobrepeso (s),2005-06-01,7,3,1,1,8,4,12
21006,LICOMA PAMPA,desnutricion global,sobrepeso (s),2005-06-01,1,0,0,0,1,0,1
50203,LLALLAGUA,desnutricion global,sobrepeso (s),2005-06-01,34,35,15,13,49,48,97
51401,LLICA,desnutricion global,sobrepeso (s),2005-06-01,0,0,1,0,1,0,1
80601,LORETO,desnutricion global,sobrepeso (s),2005-06-01,8,3,7,2,15,5,20
20901,LURIBAY,desnutricion global,sobrepeso (s),2005-06-01,5,6,1,0,6,6,12
40702,MACHACAMARCA,desnutricion global,sobrepeso (s),2005-06-01,1,6,1,0,2,6,8
11003,MACHARETI,desnutricion global,sobrepeso (s),2005-06-01,28,31,19,18,47,49,96
80801,MAGDALENA,desnutricion global,sobrepeso (s),2005-06-01,20,15,4,1,24,16,40
70903,MAIRANA,desnutricion global,sobrepeso (s),2005-06-01,32,29,11,5,43,34,77
20904,MALLA,desnutricion global,sobrepeso (s),2005-06-01,1,2,0,0,1,2,3
20607,MAPIRI,desnutricion global,sobrepeso (s),2005-06-01,33,14,4,6,37,20,57
20103,MECAPACA,desnutricion global,sobrepeso (s),2005-06-01,4,2,0,1,4,3,7
71003,MINEROS,desnutricion global,sobrepeso (s),2005-06-01,53,50,21,18,74,68,142
31301,MIZQUE,desnutricion global,sobrepeso (s),2005-06-01,8,2,3,2,11,4,15
20402,MOCOMOCO,desnutricion global,sobrepeso (s),2005-06-01,5,6,1,0,6,6,12
51002,MOJINETE,desnutricion global,sobrepeso (s),2005-06-01,2,0,1,0,3,0,3
10303,MOJOCOYA,desnutricion global,sobrepeso (s),2005-06-01,8,5,1,1,9,6,15
10501,MONTEAGUDO,desnutricion global,sobrepeso (s),2005-06-01,85,65,39,21,124,86,210
71001,MONTERO,desnutricion global,sobrepeso (s),2005-06-01,364,320,115,109,479,429,908
70803,MORO MORO,desnutricion global,sobrepeso (s),2005-06-01,6,2,0,0,6,2,8
30302,MOROCHATA,desnutricion global,sobrepeso (s),2005-06-01,11,12,1,5,12,17,29
90401,NACEBE (SANTA ROSA DEL ABUNA),desnutricion global,sobrepeso (s),2005-06-01,1,1,0,0,1,1,2
50404,OCURI,desnutricion global,sobrepeso (s),2005-06-01,9,7,3,6,12,13,25
70202,OKINAWA,desnutricion global,sobrepeso (s),2005-06-01,23,11,5,7,28,18,46
30203,OMEREQUE,desnutricion global,sobrepeso (s),2005-06-01,8,4,0,0,8,4,12
40101,ORURO,desnutricion global,sobrepeso (s),2005-06-01,238,231,52,30,290,261,551
60201,PADCAYA,desnutricion global,sobrepeso (s),2005-06-01,47,19,17,19,64,38,102
10401,PADILLA,desnutricion global,sobrepeso (s),2005-06-01,17,17,7,1,24,18,42
20102,PALCA,desnutricion global,sobrepeso (s),2005-06-01,3,3,0,0,3,3,6
21104,PALOS BLANCOS,desnutricion global,sobrepeso (s),2005-06-01,52,29,10,3,62,32,94
40802,PAMPA AULLAGAS,desnutricion global,sobrepeso (s),2005-06-01,3,6,0,0,3,6,9
70902,PAMPA GRANDE,desnutricion global,sobrepeso (s),2005-06-01,4,9,4,1,8,10,18
21802,PAPEL PAMPA,desnutricion global,sobrepeso (s),2005-06-01,2,1,0,1,2,2,4
30202,PASORAPA,desnutricion global,sobrepeso (s),2005-06-01,7,5,0,0,7,5,12
21305,PATACAMAYA,desnutricion global,sobrepeso (s),2005-06-01,1,1,0,0,1,1,2
40602,PAZÑA,desnutricion global,sobrepeso (s),2005-06-01,3,3,0,3,3,6,9
20702,PELECHUCO,desnutricion global,sobrepeso (s),2005-06-01,2,4,0,0,2,4,6
50403,POCOATA,desnutricion global,sobrepeso (s),2005-06-01,5,13,3,1,8,14,22
31203,POCONA,desnutricion global,sobrepeso (s),2005-06-01,18,12,4,3,22,15,37
31202,POJO (CBBA),desnutricion global,sobrepeso (s),2005-06-01,23,10,3,1,26,11,37
40601,POOPO,desnutricion global,sobrepeso (s),2005-06-01,4,0,1,0,5,0,5
51203,PORCO,desnutricion global,sobrepeso (s),2005-06-01,6,7,1,0,7,7,14
10103,POROMA,desnutricion global,sobrepeso (s),2005-06-01,10,10,1,1,11,11,22
70103,PORONGO,desnutricion global,sobrepeso (s),2005-06-01,8,6,10,2,18,8,26
70601,PORTACHUELO,desnutricion global,sobrepeso (s),2005-06-01,73,70,23,15,96,85,181
90102,PORVENIR,desnutricion global,sobrepeso (s),2005-06-01,1,2,1,0,2,2,4
70804,POSTRER VALLE,desnutricion global,sobrepeso (s),2005-06-01,2,7,1,5,3,12,15
50101,POTOSI,desnutricion global,sobrepeso (s),2005-06-01,109,75,13,6,122,81,203
10302,PRESTO,desnutricion global,sobrepeso (s),2005-06-01,5,4,2,0,7,4,11
70805,PUCARA,desnutricion global,sobrepeso (s),2005-06-01,3,0,1,0,4,0,4
21201,PUCARANI,desnutricion global,sobrepeso (s),2005-06-01,16,6,3,2,19,8,27
20401,PUERTO ACOSTA,desnutricion global,sobrepeso (s),2005-06-01,5,2,4,1,9,3,12
20403,PUERTO CARABUCO,desnutricion global,sobrepeso (s),2005-06-01,14,18,10,10,24,28,52
90301,PUERTO GONZALO MORENO,desnutricion global,sobrepeso (s),2005-06-01,2,6,0,0,2,6,8
21204,PUERTO PEREZ,desnutricion global,sobrepeso (s),2005-06-01,3,1,0,0,3,1,4
71402,PUERTO QUIJARRO,desnutricion global,sobrepeso (s),2005-06-01,15,13,1,0,16,13,29
90201,PUERTO RICO,desnutricion global,sobrepeso (s),2005-06-01,11,10,2,0,13,10,23
80703,PUERTO SILES,desnutricion global,sobrepeso (s),2005-06-01,2,4,0,6,2,10,12
71401,PUERTO SUAREZ,desnutricion global,sobrepeso (s),2005-06-01,4,2,0,0,4,2,6
31205,PUERTO VILLARROEL,desnutricion global,sobrepeso (s),2005-06-01,74,86,11,6,85,92,177
51101,PUNA,desnutricion global,sobrepeso (s),2005-06-01,13,11,1,0,14,11,25
31401,PUNATA,desnutricion global,sobrepeso (s),2005-06-01,6,9,2,3,8,12,20
30901,QUILLACOLLO,desnutricion global,sobrepeso (s),2005-06-01,30,18,0,3,30,21,51
21002,QUIME,desnutricion global,sobrepeso (s),2005-06-01,5,3,3,2,8,5,13
70904,QUIRUSILLAS,desnutricion global,sobrepeso (s),2005-06-01,7,1,1,0,8,1,9
50402,RAVELO,desnutricion global,sobrepeso (s),2005-06-01,9,24,2,0,11,24,35
80301,REYES,desnutricion global,sobrepeso (s),2005-06-01,48,33,15,10,63,43,106
80201,RIBERALTA,desnutricion global,sobrepeso (s),2005-06-01,84,32,11,5,95,37,132
80304,RURRENABAQUE,desnutricion global,sobrepeso (s),2005-06-01,10,10,1,1,11,11,22
40901,SABAYA,desnutricion global,sobrepeso (s),2005-06-01,2,3,0,0,2,3,5
31001,SACABA,desnutricion global,sobrepeso (s),2005-06-01,58,83,13,9,71,92,163
30404,SACABAMBA,desnutricion global,sobrepeso (s),2005-06-01,2,0,1,0,3,0,3
50701,SACACA,desnutricion global,sobrepeso (s),2005-06-01,4,2,1,1,5,3,8
71302,SAIPINA,desnutricion global,sobrepeso (s),2005-06-01,41,36,19,19,60,55,115
40801,SALINAS DE GARCI MENDOZA,desnutricion global,sobrepeso (s),2005-06-01,13,8,5,1,18,9,27
70901,SAMAIPATA,desnutricion global,sobrepeso (s),2005-06-01,32,15,18,5,50,20,70
51601,SAN AGUSTIN,desnutricion global,sobrepeso (s),2005-06-01,4,0,0,0,4,0,4
80602,SAN ANDRES,desnutricion global,sobrepeso (s),2005-06-01,13,12,3,3,16,15,31
20805,SAN ANDRES DE MACHACA,desnutricion global,sobrepeso (s),2005-06-01,1,3,0,1,1,4,5
71105,SAN ANTONIO DE LOMERIO,desnutricion global,sobrepeso (s),2005-06-01,1,2,1,0,2,2,4
31403,SAN BENITO,desnutricion global,sobrepeso (s),2005-06-01,3,0,1,2,4,2,6
80302,SAN BORJA,desnutricion global,sobrepeso (s),2005-06-01,120,119,12,10,132,129,261
21502,SAN BUENA VENTURA,desnutricion global,sobrepeso (s),2005-06-01,8,8,3,1,11,9,20
70402,SAN CARLOS,desnutricion global,sobrepeso (s),2005-06-01,41,47,15,8,56,55,111
80501,SAN IGNACIO,desnutricion global,sobrepeso (s),2005-06-01,19,9,7,2,26,11,37
70301,SAN IGNACIO DE VELASCO,desnutricion global,sobrepeso (s),2005-06-01,88,71,15,10,103,81,184
80102,SAN JAVIER(BNI),desnutricion global,sobrepeso (s),2005-06-01,4,2,1,0,5,2,7
71102,SAN JAVIER(STC),desnutricion global,sobrepeso (s),2005-06-01,17,7,2,0,19,7,26
80701,SAN JOAQUIN,desnutricion global,sobrepeso (s),2005-06-01,14,7,2,0,16,7,23
70404,SAN JUAN DE YAPACANI,desnutricion global,sobrepeso (s),2005-06-01,27,29,5,2,32,31,63
71104,SAN JULIAN,desnutricion global,sobrepeso (s),2005-06-01,50,41,18,9,68,50,118
90302,SAN LORENZO(PND),desnutricion global,sobrepeso (s),2005-06-01,8,13,10,4,18,17,35
60501,SAN LORENZO(TJA),desnutricion global,sobrepeso (s),2005-06-01,35,28,23,12,58,40,98
10702,SAN LUCAS,desnutricion global,sobrepeso (s),2005-06-01,19,19,3,1,22,20,42
71201,SAN MATIAS,desnutricion global,sobrepeso (s),2005-06-01,19,15,2,0,21,15,36
70302,SAN MIGUEL DE VELASCO,desnutricion global,sobrepeso (s),2005-06-01,14,9,3,1,17,10,27
51001,SAN PABLO DE LIPEZ,desnutricion global,sobrepeso (s),2005-06-01,1,0,0,0,1,0,1
71005,SAN PEDRO,desnutricion global,sobrepeso (s),2005-06-01,49,42,7,2,56,44,100
50501,SAN PEDRO DE BUENA VISTA,desnutricion global,sobrepeso (s),2005-06-01,9,2,8,5,17,7,24
21801,SAN PEDRO DE CURAHUARA,desnutricion global,sobrepeso (s),2005-06-01,10,2,0,6,10,8,18
50902,SAN PEDRO DE QUEMES,desnutricion global,sobrepeso (s),2005-06-01,1,2,0,0,1,2,3
21702,SAN PEDRO DE TIQUINA,desnutricion global,sobrepeso (s),2005-06-01,7,4,1,3,8,7,15
90202,SAN PEDRO(PND),desnutricion global,sobrepeso (s),2005-06-01,0,5,2,0,2,5,7
70303,SAN RAFAEL,desnutricion global,sobrepeso (s),2005-06-01,6,4,3,0,9,4,13
80401,SANTA ANA,desnutricion global,sobrepeso (s),2005-06-01,65,60,8,4,73,64,137
70101,SANTA CRUZ DE LA SIERRA,desnutricion global,sobrepeso (s),2005-06-01,1542,1076,526,407,2068,1483,3551
80303,SANTA ROSA,desnutricion global,sobrepeso (s),2005-06-01,34,35,18,5,52,40,92
70602,SANTA ROSA DEL SARA,desnutricion global,sobrepeso (s),2005-06-01,16,15,7,9,23,24,47
20308,SANTIAGO DE CALLAPA,desnutricion global,sobrepeso (s),2005-06-01,4,0,0,0,4,0,4
41401,SANTIAGO DE HUARI,desnutricion global,sobrepeso (s),2005-06-01,1,0,1,0,2,0,2
21901,SANTIAGO DE MACHACA,desnutricion global,sobrepeso (s),2005-06-01,0,5,0,0,0,5,5
30702,SANTIVAÑES,desnutricion global,sobrepeso (s),2005-06-01,2,3,0,1,2,4,6
40202,SANTUARIO DE QUILLACAS,desnutricion global,sobrepeso (s),2005-06-01,2,1,0,0,2,1,3
20902,SAPAHAQUI,desnutricion global,sobrepeso (s),2005-06-01,3,1,0,0,3,1,4
90303,SENA,desnutricion global,sobrepeso (s),2005-06-01,4,5,1,2,5,7,12
21301,SICA SICA (VILLA AROMA),desnutricion global,sobrepeso (s),2005-06-01,11,5,2,0,13,5,18
30703,SICAYA,desnutricion global,sobrepeso (s),2005-06-01,1,0,0,0,1,0,1
30902,SIPE SIPE,desnutricion global,sobrepeso (s),2005-06-01,60,54,11,5,71,59,130
10403,SOPACHUY,desnutricion global,sobrepeso (s),2005-06-01,3,3,0,0,3,3,6
40104,SORACACHI,desnutricion global,sobrepeso (s),2005-06-01,5,5,2,2,7,7,14
20601,SORATA,desnutricion global,sobrepeso (s),2005-06-01,5,11,0,0,5,11,16
10101,SUCRE,desnutricion global,sobrepeso (s),2005-06-01,246,237,57,52,303,289,592
20603,TACACOMA,desnutricion global,sobrepeso (s),2005-06-01,10,5,1,1,11,6,17
50303,TACOBAMBA,desnutricion global,sobrepeso (s),2005-06-01,21,10,5,3,26,13,39
30602,TACOPAYA,desnutricion global,sobrepeso (s),2005-06-01,5,1,0,0,5,1,6
31101,TAPACARI,desnutricion global,sobrepeso (s),2005-06-01,2,10,1,1,3,11,14
10601,TARABUCO,desnutricion global,sobrepeso (s),2005-06-01,29,26,9,12,38,38,76
20807,TARACO,desnutricion global,sobrepeso (s),2005-06-01,6,4,0,3,6,7,13
30401,TARATA,desnutricion global,sobrepeso (s),2005-06-01,8,7,1,0,9,7,16
60101,TARIJA,desnutricion global,sobrepeso (s),2005-06-01,420,361,94,76,514,437,951
10202,TARVITA,desnutricion global,sobrepeso (s),2005-06-01,2,2,0,0,2,2,4
20608,TEOPONTE,desnutricion global,sobrepeso (s),2005-06-01,14,12,20,13,34,25,59
20803,TIAWANACU,desnutricion global,sobrepeso (s),2005-06-01,4,2,1,2,5,4,9
50102,TINGUIPAYA,desnutricion global,sobrepeso (s),2005-06-01,7,4,2,3,9,7,16
20606,TIPUANI,desnutricion global,sobrepeso (s),2005-06-01,35,15,0,0,35,15,50
30903,TIQUIPAYA,desnutricion global,sobrepeso (s),2005-06-01,7,9,0,1,7,10,17
31601,TIRAQUE (CBBA),desnutricion global,sobrepeso (s),2005-06-01,58,72,9,10,67,82,149
30802,TOCO,desnutricion global,sobrepeso (s),2005-06-01,2,2,0,0,2,2,4
41502,TODOS SANTOS,desnutricion global,sobrepeso (s),2005-06-01,1,0,0,0,1,0,1
30803,TOLATA,desnutricion global,sobrepeso (s),2005-06-01,4,7,0,1,4,8,12
51202,TOMAVE,desnutricion global,sobrepeso (s),2005-06-01,9,1,0,0,9,1,10
10402,TOMINA,desnutricion global,sobrepeso (s),2005-06-01,6,11,1,3,7,14,21
50502,TORO TORO,desnutricion global,sobrepeso (s),2005-06-01,14,13,3,6,17,19,36
31201,TOTORA(CBBA),desnutricion global,sobrepeso (s),2005-06-01,5,9,0,1,5,10,15
41301,TOTORA(ORR),desnutricion global,sobrepeso (s),2005-06-01,2,4,0,0,2,4,6
70802,TRIGAL,desnutricion global,sobrepeso (s),2005-06-01,5,4,3,2,8,6,14
80101,TRINIDAD,desnutricion global,sobrepeso (s),2005-06-01,204,176,39,18,243,194,437
50801,TUPIZA,desnutricion global,sobrepeso (s),2005-06-01,58,50,8,19,66,69,135
40402,TURCO,desnutricion global,sobrepeso (s),2005-06-01,3,3,0,0,3,3,6
21302,UMALA,desnutricion global,sobrepeso (s),2005-06-01,0,1,0,0,0,1,1
50201,UNCIA,desnutricion global,sobrepeso (s),2005-06-01,28,21,15,8,43,29,72
60401,URIONDO (A. CONCEPCION),desnutricion global,sobrepeso (s),2005-06-01,40,25,14,11,54,36,90
51201,UYUNI,desnutricion global,sobrepeso (s),2005-06-01,42,34,12,10,54,44,98
30502,VACAS,desnutricion global,sobrepeso (s),2005-06-01,3,1,0,0,3,1,4
70801,VALLEGRANDE,desnutricion global,sobrepeso (s),2005-06-01,38,27,12,8,50,35,85
20801,VIACHA,desnutricion global,sobrepeso (s),2005-06-01,25,21,5,5,30,26,56
31302,VILA VILA,desnutricion global,sobrepeso (s),2005-06-01,3,1,1,0,4,1,5
60303,VILLA MONTES,desnutricion global,sobrepeso (s),2005-06-01,54,54,9,9,63,63,126
90502,VILLA NUEVA (LOMA ALTA),desnutricion global,sobrepeso (s),2005-06-01,4,1,0,0,4,1,5
31402,VILLA RIVERO,desnutricion global,sobrepeso (s),2005-06-01,5,6,1,0,6,6,12
10801,VILLA SERRANO,desnutricion global,sobrepeso (s),2005-06-01,11,17,2,4,13,21,34
31003,VILLA TUNARI,desnutricion global,sobrepeso (s),2005-06-01,62,51,7,4,69,55,124
11001,VILLA VACA GUZMAN (MUYUPAMPA),desnutricion global,sobrepeso (s),2005-06-01,25,23,5,11,30,34,64
51501,VILLAZON,desnutricion global,sobrepeso (s),2005-06-01,49,54,12,4,61,58,119
30904,VINTO,desnutricion global,sobrepeso (s),2005-06-01,0,2,0,0,0,2,2
50602,VITICHI,desnutricion global,sobrepeso (s),2005-06-01,4,5,2,0,6,5,11
20306,WALDO BALLIVIAN,desnutricion global,sobrepeso (s),2005-06-01,4,1,1,1,5,2,7
70201,WARNES,desnutricion global,sobrepeso (s),2005-06-01,134,112,13,19,147,131,278
20903,YACO,desnutricion global,sobrepeso (s),2005-06-01,3,4,0,0,3,4,7
60301,YACUIBA,desnutricion global,sobrepeso (s),2005-06-01,212,165,25,23,237,188,425
10602,YAMPARAEZ,desnutricion global,sobrepeso (s),2005-06-01,6,11,0,4,6,15,21
70403,YAPACANI,desnutricion global,sobrepeso (s),2005-06-01,155,164,14,16,169,180,349
50103,YOCALLA,desnutricion global,sobrepeso (s),2005-06-01,6,1,0,0,6,1,7
10102,YOTALA,desnutricion global,sobrepeso (s),2005-06-01,11,10,4,5,15,15,30
60402,YUNCHARA,desnutricion global,sobrepeso (s),2005-06-01,7,8,5,3,12,11,23
10301,ZUDAÑEZ,desnutricion global,sobrepeso (s),2005-06-01,5,7,3,0,8,7,15
51302,ACACIO,desnutricion global,sobrepeso (s),2005-07-01,2,1,0,0,2,1,3
20201,ACHACACHI,desnutricion global,sobrepeso (s),2005-07-01,20,19,10,6,30,25,55
20104,ACHOCALLA,desnutricion global,sobrepeso (s),2005-07-01,2,2,0,0,2,2,4
30201,AIQUILE,desnutricion global,sobrepeso (s),2005-07-01,11,3,1,4,12,7,19
31303,ALALAY,desnutricion global,sobrepeso (s),2005-07-01,2,4,2,0,4,4,8
10404,ALCALA,desnutricion global,sobrepeso (s),2005-07-01,3,3,0,0,3,3,6
20202,ANCORAIMES,desnutricion global,sobrepeso (s),2005-07-01,6,3,3,1,9,4,13
40603,ANTEQUERA,desnutricion global,sobrepeso (s),2005-07-01,3,0,1,1,4,1,5
30402,ANZALDO,desnutricion global,sobrepeso (s),2005-07-01,0,0,1,0,1,0,1
20701,APOLO,desnutricion global,sobrepeso (s),2005-07-01,15,20,3,3,18,23,41
51301,ARAMPAMPA,desnutricion global,sobrepeso (s),2005-07-01,1,4,1,0,2,4,6
30501,ARANI,desnutricion global,sobrepeso (s),2005-07-01,5,3,1,0,6,3,9
30403,ARBIETO,desnutricion global,sobrepeso (s),2005-07-01,4,2,1,1,5,3,8
30601,ARQUE,desnutricion global,sobrepeso (s),2005-07-01,2,2,1,1,3,3,6
50802,ATOCHA,desnutricion global,sobrepeso (s),2005-07-01,14,8,11,1,25,9,34
20503,AUCAPATA,desnutricion global,sobrepeso (s),2005-07-01,4,2,0,0,4,2,6
20502,AYATA,desnutricion global,sobrepeso (s),2005-07-01,4,1,0,0,4,1,5
21303,AYO AYO,desnutricion global,sobrepeso (s),2005-07-01,3,3,0,0,3,3,6
30301,AYOPAYA (V. DE INDEPENDENCIA),desnutricion global,sobrepeso (s),2005-07-01,17,12,2,3,19,15,34
10201,AZURDUY,desnutricion global,sobrepeso (s),2005-07-01,6,8,5,2,11,10,21
21203,BATALLAS,desnutricion global,sobrepeso (s),2005-07-01,10,3,0,1,10,4,14
80802,BAURES,desnutricion global,sobrepeso (s),2005-07-01,3,9,0,4,3,13,16
50104,BELEN DE URMIRI,desnutricion global,sobrepeso (s),2005-07-01,4,0,2,2,6,2,8
90104,BELLA FLOR,desnutricion global,sobrepeso (s),2005-07-01,4,2,0,1,4,3,7
60202,BERMEJO,desnutricion global,sobrepeso (s),2005-07-01,14,10,2,0,16,10,26
50301,BETANZOS,desnutricion global,sobrepeso (s),2005-07-01,29,21,1,6,30,27,57
31501,BOLIVAR,desnutricion global,sobrepeso (s),2005-07-01,3,1,0,0,3,1,4
90103,BOLPEBRA,desnutricion global,sobrepeso (s),2005-07-01,4,0,1,1,5,1,6
70707,BOYUIBE,desnutricion global,sobrepeso (s),2005-07-01,7,8,10,10,17,18,35
70401,BUENA VISTA,desnutricion global,sobrepeso (s),2005-07-01,68,28,38,22,106,50,156
70703,CABEZAS,desnutricion global,sobrepeso (s),2005-07-01,11,14,4,3,15,17,32
20905,CAIROMA,desnutricion global,sobrepeso (s),2005-07-01,4,4,1,1,5,5,10
51102,"CAIZA ""D""",desnutricion global,sobrepeso (s),2005-07-01,5,5,1,1,6,6,12
21003,CAJUATA,desnutricion global,sobrepeso (s),2005-07-01,18,20,2,3,20,23,43
20303,CALACOTO,desnutricion global,sobrepeso (s),2005-07-01,1,0,0,0,1,0,1
21304,CALAMARCA,desnutricion global,sobrepeso (s),2005-07-01,2,2,0,0,2,2,4
10701,CAMARGO,desnutricion global,sobrepeso (s),2005-07-01,12,18,0,1,12,19,31
10901,CAMATAQUI (C. VILLA ABECIA),desnutricion global,sobrepeso (s),2005-07-01,4,5,2,1,6,6,12
70706,CAMIRI,desnutricion global,sobrepeso (s),2005-07-01,82,51,19,17,101,68,169
30701,CAPINOTA,desnutricion global,sobrepeso (s),2005-07-01,3,5,1,0,4,5,9
20302,CAQUIAVIRI,desnutricion global,sobrepeso (s),2005-07-01,4,11,2,2,6,13,19
40102,CARACOLLO,desnutricion global,sobrepeso (s),2005-07-01,7,8,1,1,8,9,17
22001,CARANAVI,desnutricion global,sobrepeso (s),2005-07-01,96,83,12,4,108,87,195
60302,CARAPARI,desnutricion global,sobrepeso (s),2005-07-01,33,23,7,7,40,30,70
50702,CARIPUYO,desnutricion global,sobrepeso (s),2005-07-01,2,2,0,0,2,2,4
21902,CATACORA,desnutricion global,sobrepeso (s),2005-07-01,1,1,0,0,1,1,2
40201,CHALLAPATA,desnutricion global,sobrepeso (s),2005-07-01,11,5,1,2,12,7,19
50302,CHAQUI,desnutricion global,sobrepeso (s),2005-07-01,6,7,3,0,9,7,16
70702,CHARAGUA,desnutricion global,sobrepeso (s),2005-07-01,58,63,36,22,94,85,179
20305,CHARAÑA,desnutricion global,sobrepeso (s),2005-07-01,1,0,0,0,1,0,1
50202,CHAYANTA,desnutricion global,sobrepeso (s),2005-07-01,7,12,1,12,8,24,32
31204,CHIMORE,desnutricion global,sobrepeso (s),2005-07-01,11,9,1,2,12,11,23
40903,CHIPAYA,desnutricion global,sobrepeso (s),2005-07-01,2,1,0,0,2,1,3
40302,CHOQUE COTA,desnutricion global,sobrepeso (s),2005-07-01,0,1,0,0,0,1,1
21101,CHULUMANI (V. DE LA LIBERTAD),desnutricion global,sobrepeso (s),2005-07-01,22,23,0,2,22,25,47
20501,CHUMA,desnutricion global,sobrepeso (s),2005-07-01,2,3,0,0,2,3,5
30801,CLIZA,desnutricion global,sobrepeso (s),2005-07-01,27,30,11,3,38,33,71
90101,COBIJA,desnutricion global,sobrepeso (s),2005-07-01,59,52,5,6,64,58,122
30101,COCHABAMBA,desnutricion global,sobrepeso (s),2005-07-01,265,251,44,49,309,300,609
40902,COIPASA,desnutricion global,sobrepeso (s),2005-07-01,1,0,0,0,1,0,1
30905,COLCAPIRHUA,desnutricion global,sobrepeso (s),2005-07-01,40,58,13,22,53,80,133
50901,"COLCHA ""K""",desnutricion global,sobrepeso (s),2005-07-01,2,9,1,2,3,11,14
21307,COLLANA,desnutricion global,sobrepeso (s),2005-07-01,1,0,0,0,1,0,1
31002,COLOMI,desnutricion global,sobrepeso (s),2005-07-01,9,10,0,1,9,11,20
70603,COLPA BELGICA,desnutricion global,sobrepeso (s),2005-07-01,19,5,3,4,22,9,31
50401,COLQUECHACA,desnutricion global,sobrepeso (s),2005-07-01,8,4,1,1,9,5,14
21306,COLQUENCHA,desnutricion global,sobrepeso (s),2005-07-01,6,1,0,0,6,1,7
21004,COLQUIRI,desnutricion global,sobrepeso (s),2005-07-01,5,7,0,0,5,7,12
20304,COMANCHE,desnutricion global,sobrepeso (s),2005-07-01,1,1,1,1,2,2,4
71301,COMARAPA,desnutricion global,sobrepeso (s),2005-07-01,63,50,14,11,77,61,138
20605,COMBAYA,desnutricion global,sobrepeso (s),2005-07-01,2,0,0,1,2,1,3
71101,CONCEPCION,desnutricion global,sobrepeso (s),2005-07-01,1,3,0,0,1,3,4
21701,COPACABANA,desnutricion global,sobrepeso (s),2005-07-01,11,11,5,2,16,13,29
21402,CORIPATA,desnutricion global,sobrepeso (s),2005-07-01,21,19,5,4,26,23,49
20301,CORO CORO,desnutricion global,sobrepeso (s),2005-07-01,3,0,1,0,4,0,4
21401,COROICO,desnutricion global,sobrepeso (s),2005-07-01,4,1,0,1,4,2,6
40301,CORQUE,desnutricion global,sobrepeso (s),2005-07-01,4,4,2,1,6,5,11
50601,COTAGAITA,desnutricion global,sobrepeso (s),2005-07-01,17,10,5,0,22,10,32
70102,COTOCA,desnutricion global,sobrepeso (s),2005-07-01,91,53,2,5,93,58,151
71106,CUATRO CAÑADAS,desnutricion global,sobrepeso (s),2005-07-01,28,11,7,2,35,13,48
31405,CUCHUMUELA (V. G. VILLARROEL),desnutricion global,sobrepeso (s),2005-07-01,2,2,0,0,2,2,4
70704,CUEVO,desnutricion global,sobrepeso (s),2005-07-01,4,6,2,2,6,8,14
10902,CULPINA,desnutricion global,sobrepeso (s),2005-07-01,13,13,1,0,14,13,27
40401,CURAHUARA DE CARANGAS,desnutricion global,sobrepeso (s),2005-07-01,2,4,0,0,2,4,6
20804,DESAGUADERO,desnutricion global,sobrepeso (s),2005-07-01,2,5,3,2,5,7,12
20105,EL ALTO,desnutricion global,sobrepeso (s),2005-07-01,494,512,153,152,647,664,1311
60502,EL PUENTE(TJA),desnutricion global,sobrepeso (s),2005-07-01,20,11,5,1,25,12,37
70105,EL TORNO,desnutricion global,sobrepeso (s),2005-07-01,76,50,13,13,89,63,152
10405,EL VILLAR,desnutricion global,sobrepeso (s),2005-07-01,5,1,2,0,7,1,8
60601,ENTRE RIOS,desnutricion global,sobrepeso (s),2005-07-01,53,51,6,8,59,59,118
60601,ENTRE RIOS,desnutricion global,sobrepeso (s),2005-07-01,41,22,8,12,49,34,83
41101,EUCALIPTUS,desnutricion global,sobrepeso (s),2005-07-01,6,10,1,2,7,12,19
80402,EXALTACION,desnutricion global,sobrepeso (s),2005-07-01,4,3,0,2,4,5,9
71004,FERNANDEZ ALONSO,desnutricion global,sobrepeso (s),2005-07-01,44,36,11,24,55,60,115
90203,FILADELFIA,desnutricion global,sobrepeso (s),2005-07-01,6,11,3,2,9,13,22
71002,GENERAL SAAVEDRA,desnutricion global,sobrepeso (s),2005-07-01,46,42,19,9,65,51,116
21601,GRAL. J.J. PEREZ (CHARAZANI),desnutricion global,sobrepeso (s),2005-07-01,14,15,0,1,14,16,30
20602,GUANAY,desnutricion global,sobrepeso (s),2005-07-01,11,15,1,1,12,16,28
20802,GUAQUI,desnutricion global,sobrepeso (s),2005-07-01,7,4,0,5,7,9,16
80202,GUAYARAMERIN,desnutricion global,sobrepeso (s),2005-07-01,105,73,6,8,111,81,192
70705,GUTIERREZ,desnutricion global,sobrepeso (s),2005-07-01,41,29,16,17,57,46,103
10502,HUACARETA,desnutricion global,sobrepeso (s),2005-07-01,16,9,9,5,25,14,39
11002,HUACAYA (VILLA DE HUACAYA),desnutricion global,sobrepeso (s),2005-07-01,7,7,1,1,8,8,16
40501,HUACHACALLA,desnutricion global,sobrepeso (s),2005-07-01,2,1,2,0,4,1,5
40701,HUANUNI,desnutricion global,sobrepeso (s),2005-07-01,21,27,1,1,22,28,50
80803,HUARACAJE,desnutricion global,sobrepeso (s),2005-07-01,6,3,1,0,7,3,10
41601,HUAYLLAMARCA,desnutricion global,sobrepeso (s),2005-07-01,1,2,0,2,1,4,5
21005,ICHOCA,desnutricion global,sobrepeso (s),2005-07-01,1,4,0,2,1,6,7
10304,ICLA,desnutricion global,sobrepeso (s),2005-07-01,4,7,0,0,4,7,11
10703,INCAHUASI,desnutricion global,sobrepeso (s),2005-07-01,12,14,0,3,12,17,29
21001,INQUISIVI,desnutricion global,sobrepeso (s),2005-07-01,26,8,3,2,29,10,39
21102,IRUPANA (VILLA DE LANZA),desnutricion global,sobrepeso (s),2005-07-01,14,8,2,4,16,12,28
21501,IXIAMAS,desnutricion global,sobrepeso (s),2005-07-01,22,12,5,4,27,16,43
20806,JESUS DE MACHACA,desnutricion global,sobrepeso (s),2005-07-01,1,1,0,0,1,1,2
21105,LA ASUNTA,desnutricion global,sobrepeso (s),2005-07-01,27,14,1,0,28,14,42
70104,LA GUARDIA,desnutricion global,sobrepeso (s),2005-07-01,82,47,20,16,102,63,165
20101,LA PAZ,desnutricion global,sobrepeso (s),2005-07-01,557,504,241,193,798,697,1495
70701,LAGUNILLAS,desnutricion global,sobrepeso (s),2005-07-01,37,24,14,13,51,37,88
21202,LAJA,desnutricion global,sobrepeso (s),2005-07-01,5,4,0,0,5,4,9
10903,LAS CARRERAS,desnutricion global,sobrepeso (s),2005-07-01,4,3,3,0,7,3,10
50203,LLALLAGUA,desnutricion global,sobrepeso (s),2005-07-01,43,80,26,33,69,113,182
51401,LLICA,desnutricion global,sobrepeso (s),2005-07-01,1,1,1,0,2,1,3
80601,LORETO,desnutricion global,sobrepeso (s),2005-07-01,6,7,1,0,7,7,14
20901,LURIBAY,desnutricion global,sobrepeso (s),2005-07-01,7,4,2,2,9,6,15
40702,MACHACAMARCA,desnutricion global,sobrepeso (s),2005-07-01,2,5,2,0,4,5,9
11003,MACHARETI,desnutricion global,sobrepeso (s),2005-07-01,25,34,12,9,37,43,80
80801,MAGDALENA,desnutricion global,sobrepeso (s),2005-07-01,13,12,3,0,16,12,28
70903,MAIRANA,desnutricion global,sobrepeso (s),2005-07-01,24,33,7,6,31,39,70
20904,MALLA,desnutricion global,sobrepeso (s),2005-07-01,1,2,0,0,1,2,3
20607,MAPIRI,desnutricion global,sobrepeso (s),2005-07-01,33,21,1,1,34,22,56
20103,MECAPACA,desnutricion global,sobrepeso (s),2005-07-01,2,3,1,1,3,4,7
71003,MINEROS,desnutricion global,sobrepeso (s),2005-07-01,52,50,23,16,75,66,141
31301,MIZQUE,desnutricion global,sobrepeso (s),2005-07-01,18,7,0,13,18,20,38
20402,MOCOMOCO,desnutricion global,sobrepeso (s),2005-07-01,9,11,7,0,16,11,27
51002,MOJINETE,desnutricion global,sobrepeso (s),2005-07-01,2,1,0,0,2,1,3
10303,MOJOCOYA,desnutricion global,sobrepeso (s),2005-07-01,5,5,4,1,9,6,15
10501,MONTEAGUDO,desnutricion global,sobrepeso (s),2005-07-01,82,63,18,24,100,87,187
71001,MONTERO,desnutricion global,sobrepeso (s),2005-07-01,314,285,89,56,403,341,744
70803,MORO MORO,desnutricion global,sobrepeso (s),2005-07-01,4,5,1,0,5,5,10
30302,MOROCHATA,desnutricion global,sobrepeso (s),2005-07-01,7,7,6,12,13,19,32
90401,NACEBE (SANTA ROSA DEL ABUNA),desnutricion global,sobrepeso (s),2005-07-01,1,0,0,0,1,0,1
50404,OCURI,desnutricion global,sobrepeso (s),2005-07-01,3,6,8,5,11,11,22
70202,OKINAWA,desnutricion global,sobrepeso (s),2005-07-01,11,8,3,0,14,8,22
30203,OMEREQUE,desnutricion global,sobrepeso (s),2005-07-01,10,7,0,1,10,8,18
40101,ORURO,desnutricion global,sobrepeso (s),2005-07-01,155,154,33,19,188,173,361
60201,PADCAYA,desnutricion global,sobrepeso (s),2005-07-01,25,7,6,10,31,17,48
10401,PADILLA,desnutricion global,sobrepeso (s),2005-07-01,19,12,3,0,22,12,34
20102,PALCA,desnutricion global,sobrepeso (s),2005-07-01,12,11,5,2,17,13,30
21104,PALOS BLANCOS,desnutricion global,sobrepeso (s),2005-07-01,48,21,10,5,58,26,84
40802,PAMPA AULLAGAS,desnutricion global,sobrepeso (s),2005-07-01,2,6,0,0,2,6,8
70902,PAMPA GRANDE,desnutricion global,sobrepeso (s),2005-07-01,6,14,5,2,11,16,27
21802,PAPEL PAMPA,desnutricion global,sobrepeso (s),2005-07-01,1,4,1,0,2,4,6
30202,PASORAPA,desnutricion global,sobrepeso (s),2005-07-01,1,3,0,0,1,3,4
21305,PATACAMAYA,desnutricion global,sobrepeso (s),2005-07-01,10,3,0,0,10,3,13
40602,PAZÑA,desnutricion global,sobrepeso (s),2005-07-01,2,3,2,1,4,4,8
20702,PELECHUCO,desnutricion global,sobrepeso (s),2005-07-01,4,2,1,2,5,4,9
50403,POCOATA,desnutricion global,sobrepeso (s),2005-07-01,6,2,3,2,9,4,13
31203,POCONA,desnutricion global,sobrepeso (s),2005-07-01,4,4,1,0,5,4,9
31202,POJO (CBBA),desnutricion global,sobrepeso (s),2005-07-01,30,23,4,4,34,27,61
40601,POOPO,desnutricion global,sobrepeso (s),2005-07-01,2,1,1,0,3,1,4
51203,PORCO,desnutricion global,sobrepeso (s),2005-07-01,3,4,1,1,4,5,9
10103,POROMA,desnutricion global,sobrepeso (s),2005-07-01,18,16,1,3,19,19,38
70103,PORONGO,desnutricion global,sobrepeso (s),2005-07-01,12,5,2,0,14,5,19
70601,PORTACHUELO,desnutricion global,sobrepeso (s),2005-07-01,79,64,25,20,104,84,188
90102,PORVENIR,desnutricion global,sobrepeso (s),2005-07-01,4,4,2,0,6,4,10
70804,POSTRER VALLE,desnutricion global,sobrepeso (s),2005-07-01,1,2,2,1,3,3,6
50101,POTOSI,desnutricion global,sobrepeso (s),2005-07-01,98,80,7,10,105,90,195
10302,PRESTO,desnutricion global,sobrepeso (s),2005-07-01,3,5,1,4,4,9,13
70805,PUCARA,desnutricion global,sobrepeso (s),2005-07-01,1,0,2,0,3,0,3
21201,PUCARANI,desnutricion global,sobrepeso (s),2005-07-01,22,22,3,14,25,36,61
20401,PUERTO ACOSTA,desnutricion global,sobrepeso (s),2005-07-01,1,4,0,3,1,7,8
20403,PUERTO CARABUCO,desnutricion global,sobrepeso (s),2005-07-01,20,17,7,3,27,20,47
90301,PUERTO GONZALO MORENO,desnutricion global,sobrepeso (s),2005-07-01,6,0,0,0,6,0,6
21204,PUERTO PEREZ,desnutricion global,sobrepeso (s),2005-07-01,3,3,0,2,3,5,8
90201,PUERTO RICO,desnutricion global,sobrepeso (s),2005-07-01,10,13,3,1,13,14,27
80703,PUERTO SILES,desnutricion global,sobrepeso (s),2005-07-01,2,0,0,0,2,0,2
31205,PUERTO VILLARROEL,desnutricion global,sobrepeso (s),2005-07-01,100,65,16,5,116,70,186
51101,PUNA,desnutricion global,sobrepeso (s),2005-07-01,13,10,4,0,17,10,27
31401,PUNATA,desnutricion global,sobrepeso (s),2005-07-01,7,6,3,3,10,9,19
30901,QUILLACOLLO,desnutricion global,sobrepeso (s),2005-07-01,40,25,2,4,42,29,71
21002,QUIME,desnutricion global,sobrepeso (s),2005-07-01,7,6,3,1,10,7,17
70904,QUIRUSILLAS,desnutricion global,sobrepeso (s),2005-07-01,5,2,1,0,6,2,8
50402,RAVELO,desnutricion global,sobrepeso (s),2005-07-01,3,6,1,0,4,6,10
80301,REYES,desnutricion global,sobrepeso (s),2005-07-01,39,34,3,7,42,41,83
80201,RIBERALTA,desnutricion global,sobrepeso (s),2005-07-01,65,29,9,4,74,33,107
80304,RURRENABAQUE,desnutricion global,sobrepeso (s),2005-07-01,9,13,0,0,9,13,22
40901,SABAYA,desnutricion global,sobrepeso (s),2005-07-01,4,2,0,0,4,2,6
31001,SACABA,desnutricion global,sobrepeso (s),2005-07-01,83,62,7,6,90,68,158
30404,SACABAMBA,desnutricion global,sobrepeso (s),2005-07-01,1,0,1,1,2,1,3
50701,SACACA,desnutricion global,sobrepeso (s),2005-07-01,5,1,1,0,6,1,7
71302,SAIPINA,desnutricion global,sobrepeso (s),2005-07-01,34,32,19,18,53,50,103
40801,SALINAS DE GARCI MENDOZA,desnutricion global,sobrepeso (s),2005-07-01,5,9,4,2,9,11,20
70901,SAMAIPATA,desnutricion global,sobrepeso (s),2005-07-01,21,11,6,4,27,15,42
51601,SAN AGUSTIN,desnutricion global,sobrepeso (s),2005-07-01,1,0,0,0,1,0,1
80602,SAN ANDRES,desnutricion global,sobrepeso (s),2005-07-01,17,11,6,10,23,21,44
20805,SAN ANDRES DE MACHACA,desnutricion global,sobrepeso (s),2005-07-01,3,2,2,2,5,4,9
51003,SAN ANTONIO DE ESMORUCO,desnutricion global,sobrepeso (s),2005-07-01,1,0,0,0,1,0,1
71105,SAN ANTONIO DE LOMERIO,desnutricion global,sobrepeso (s),2005-07-01,13,12,1,1,14,13,27
31403,SAN BENITO,desnutricion global,sobrepeso (s),2005-07-01,5,5,0,0,5,5,10
80302,SAN BORJA,desnutricion global,sobrepeso (s),2005-07-01,75,70,13,8,88,78,166
21502,SAN BUENA VENTURA,desnutricion global,sobrepeso (s),2005-07-01,8,5,3,1,11,6,17
70402,SAN CARLOS,desnutricion global,sobrepeso (s),2005-07-01,17,9,5,10,22,19,41
80501,SAN IGNACIO,desnutricion global,sobrepeso (s),2005-07-01,36,18,10,10,46,28,74
70301,SAN IGNACIO DE VELASCO,desnutricion global,sobrepeso (s),2005-07-01,97,75,12,11,109,86,195
80102,SAN JAVIER(BNI),desnutricion global,sobrepeso (s),2005-07-01,5,12,0,0,5,12,17
71102,SAN JAVIER(STC),desnutricion global,sobrepeso (s),2005-07-01,17,5,4,0,21,5,26
80701,SAN JOAQUIN,desnutricion global,sobrepeso (s),2005-07-01,21,4,3,1,24,5,29
70404,SAN JUAN DE YAPACANI,desnutricion global,sobrepeso (s),2005-07-01,28,19,1,2,29,21,50
71104,SAN JULIAN,desnutricion global,sobrepeso (s),2005-07-01,67,59,39,20,106,79,185
90302,SAN LORENZO(PND),desnutricion global,sobrepeso (s),2005-07-01,13,7,6,2,19,9,28
60501,SAN LORENZO(TJA),desnutricion global,sobrepeso (s),2005-07-01,31,9,4,8,35,17,52
10702,SAN LUCAS,desnutricion global,sobrepeso (s),2005-07-01,19,29,1,2,20,31,51
70302,SAN MIGUEL DE VELASCO,desnutricion global,sobrepeso (s),2005-07-01,18,17,4,2,22,19,41
71005,SAN PEDRO,desnutricion global,sobrepeso (s),2005-07-01,46,49,14,6,60,55,115
50501,SAN PEDRO DE BUENA VISTA,desnutricion global,sobrepeso (s),2005-07-01,9,11,2,2,11,13,24
21801,SAN PEDRO DE CURAHUARA,desnutricion global,sobrepeso (s),2005-07-01,7,4,4,6,11,10,21
21702,SAN PEDRO DE TIQUINA,desnutricion global,sobrepeso (s),2005-07-01,15,6,2,4,17,10,27
90202,SAN PEDRO(PND),desnutricion global,sobrepeso (s),2005-07-01,0,0,2,0,2,0,2
70303,SAN RAFAEL,desnutricion global,sobrepeso (s),2005-07-01,2,3,3,1,5,4,9
80702,SAN RAMON,desnutricion global,sobrepeso (s),2005-07-01,17,11,6,0,23,11,34
80401,SANTA ANA,desnutricion global,sobrepeso (s),2005-07-01,31,36,13,10,44,46,90
70101,SANTA CRUZ DE LA SIERRA,desnutricion global,sobrepeso (s),2005-07-01,1097,939,331,267,1428,1206,2634
80303,SANTA ROSA,desnutricion global,sobrepeso (s),2005-07-01,35,27,14,15,49,42,91
70602,SANTA ROSA DEL SARA,desnutricion global,sobrepeso (s),2005-07-01,18,10,5,9,23,19,42
20308,SANTIAGO DE CALLAPA,desnutricion global,sobrepeso (s),2005-07-01,3,4,0,1,3,5,8
41401,SANTIAGO DE HUARI,desnutricion global,sobrepeso (s),2005-07-01,3,0,1,0,4,0,4
21901,SANTIAGO DE MACHACA,desnutricion global,sobrepeso (s),2005-07-01,1,1,1,0,2,1,3
30702,SANTIVAÑES,desnutricion global,sobrepeso (s),2005-07-01,2,0,0,0,2,0,2
40202,SANTUARIO DE QUILLACAS,desnutricion global,sobrepeso (s),2005-07-01,1,2,0,0,1,2,3
20902,SAPAHAQUI,desnutricion global,sobrepeso (s),2005-07-01,8,8,3,1,11,9,20
90303,SENA,desnutricion global,sobrepeso (s),2005-07-01,11,4,3,1,14,5,19
21301,SICA SICA (VILLA AROMA),desnutricion global,sobrepeso (s),2005-07-01,7,6,2,2,9,8,17
30703,SICAYA,desnutricion global,sobrepeso (s),2005-07-01,4,1,1,0,5,1,6
30902,SIPE SIPE,desnutricion global,sobrepeso (s),2005-07-01,61,67,12,9,73,76,149
10403,SOPACHUY,desnutricion global,sobrepeso (s),2005-07-01,4,2,1,0,5,2,7
40104,SORACACHI,desnutricion global,sobrepeso (s),2005-07-01,9,10,1,0,10,10,20
20601,SORATA,desnutricion global,sobrepeso (s),2005-07-01,15,6,2,3,17,9,26
10101,SUCRE,desnutricion global,sobrepeso (s),2005-07-01,185,174,34,43,219,217,436
20603,TACACOMA,desnutricion global,sobrepeso (s),2005-07-01,10,4,1,1,11,5,16
50303,TACOBAMBA,desnutricion global,sobrepeso (s),2005-07-01,2,2,1,2,3,4,7
51402,TAHUA,desnutricion global,sobrepeso (s),2005-07-01,0,1,0,0,0,1,1
31101,TAPACARI,desnutricion global,sobrepeso (s),2005-07-01,8,6,0,1,8,7,15
10601,TARABUCO,desnutricion global,sobrepeso (s),2005-07-01,10,19,3,2,13,21,34
20807,TARACO,desnutricion global,sobrepeso (s),2005-07-01,2,2,0,0,2,2,4
30401,TARATA,desnutricion global,sobrepeso (s),2005-07-01,7,3,1,1,8,4,12
60101,TARIJA,desnutricion global,sobrepeso (s),2005-07-01,664,286,73,78,737,364,1101
10202,TARVITA,desnutricion global,sobrepeso (s),2005-07-01,8,7,3,0,11,7,18
20608,TEOPONTE,desnutricion global,sobrepeso (s),2005-07-01,18,14,6,2,24,16,40
20803,TIAWANACU,desnutricion global,sobrepeso (s),2005-07-01,5,5,1,0,6,5,11
50102,TINGUIPAYA,desnutricion global,sobrepeso (s),2005-07-01,7,4,3,0,10,4,14
20606,TIPUANI,desnutricion global,sobrepeso (s),2005-07-01,16,16,2,0,18,16,34
30903,TIQUIPAYA,desnutricion global,sobrepeso (s),2005-07-01,20,25,6,2,26,27,53
31601,TIRAQUE (CBBA),desnutricion global,sobrepeso (s),2005-07-01,48,56,8,7,56,63,119
21703,TITO YUPANQUI (PARQUIPUJIO),desnutricion global,sobrepeso (s),2005-07-01,1,1,0,0,1,1,2
30802,TOCO,desnutricion global,sobrepeso (s),2005-07-01,0,3,1,3,1,6,7
30803,TOLATA,desnutricion global,sobrepeso (s),2005-07-01,5,4,0,1,5,5,10
41001,TOLEDO,desnutricion global,sobrepeso (s),2005-07-01,2,3,0,2,2,5,7
51202,TOMAVE,desnutricion global,sobrepeso (s),2005-07-01,13,2,5,0,18,2,20
10402,TOMINA,desnutricion global,sobrepeso (s),2005-07-01,6,9,0,2,6,11,17
50502,TORO TORO,desnutricion global,sobrepeso (s),2005-07-01,8,5,0,2,8,7,15
31201,TOTORA(CBBA),desnutricion global,sobrepeso (s),2005-07-01,6,6,0,0,6,6,12
41301,TOTORA(ORR),desnutricion global,sobrepeso (s),2005-07-01,0,1,0,0,0,1,1
70802,TRIGAL,desnutricion global,sobrepeso (s),2005-07-01,6,2,1,1,7,3,10
80101,TRINIDAD,desnutricion global,sobrepeso (s),2005-07-01,164,107,40,38,204,145,349
50801,TUPIZA,desnutricion global,sobrepeso (s),2005-07-01,46,50,14,7,60,57,117
40402,TURCO,desnutricion global,sobrepeso (s),2005-07-01,0,3,2,0,2,3,5
21302,UMALA,desnutricion global,sobrepeso (s),2005-07-01,1,0,0,1,1,1,2
50201,UNCIA,desnutricion global,sobrepeso (s),2005-07-01,6,11,0,0,6,11,17
60401,URIONDO (A. CONCEPCION),desnutricion global,sobrepeso (s),2005-07-01,47,26,14,13,61,39,100
51201,UYUNI,desnutricion global,sobrepeso (s),2005-07-01,8,5,10,7,18,12,30
30502,VACAS,desnutricion global,sobrepeso (s),2005-07-01,3,3,0,0,3,3,6
70801,VALLEGRANDE,desnutricion global,sobrepeso (s),2005-07-01,21,25,15,16,36,41,77
20801,VIACHA,desnutricion global,sobrepeso (s),2005-07-01,36,18,2,3,38,21,59
31302,VILA VILA,desnutricion global,sobrepeso (s),2005-07-01,3,0,0,1,3,1,4
60303,VILLA MONTES,desnutricion global,sobrepeso (s),2005-07-01,37,35,8,6,45,41,86
90502,VILLA NUEVA (LOMA ALTA),desnutricion global,sobrepeso (s),2005-07-01,1,0,0,0,1,0,1
31402,VILLA RIVERO,desnutricion global,sobrepeso (s),2005-07-01,5,6,0,0,5,6,11
10801,VILLA SERRANO,desnutricion global,sobrepeso (s),2005-07-01,21,17,7,2,28,19,47
31003,VILLA TUNARI,desnutricion global,sobrepeso (s),2005-07-01,43,35,7,7,50,42,92
11001,VILLA VACA GUZMAN (MUYUPAMPA),desnutricion global,sobrepeso (s),2005-07-01,20,26,4,4,24,30,54
51501,VILLAZON,desnutricion global,sobrepeso (s),2005-07-01,42,42,11,10,53,52,105
30904,VINTO,desnutricion global,sobrepeso (s),2005-07-01,2,6,1,0,3,6,9
50602,VITICHI,desnutricion global,sobrepeso (s),2005-07-01,6,5,1,0,7,5,12
20306,WALDO BALLIVIAN,desnutricion global,sobrepeso (s),2005-07-01,0,2,2,0,2,2,4
70201,WARNES,desnutricion global,sobrepeso (s),2005-07-01,78,53,17,9,95,62,157
20903,YACO,desnutricion global,sobrepeso (s),2005-07-01,4,2,1,0,5,2,7
60301,YACUIBA,desnutricion global,sobrepeso (s),2005-07-01,255,131,19,22,274,153,427
10602,YAMPARAEZ,desnutricion global,sobrepeso (s),2005-07-01,5,13,2,5,7,18,25
21103,YANACACHI,desnutricion global,sobrepeso (s),2005-07-01,2,0,0,0,2,0,2
70403,YAPACANI,desnutricion global,sobrepeso (s),2005-07-01,116,155,13,15,129,170,299
50103,YOCALLA,desnutricion global,sobrepeso (s),2005-07-01,2,0,1,0,3,0,3
10102,YOTALA,desnutricion global,sobrepeso (s),2005-07-01,10,11,3,8,13,19,32
60402,YUNCHARA,desnutricion global,sobrepeso (s),2005-07-01,9,7,1,0,10,7,17
10301,ZUDAÑEZ,desnutricion global,sobrepeso (s),2005-07-01,6,7,3,0,9,7,16
51302,ACACIO,desnutricion global,sobrepeso (s),2005-08-01,2,0,0,0,2,0,2
20201,ACHACACHI,desnutricion global,sobrepeso (s),2005-08-01,24,27,14,6,38,33,71
20104,ACHOCALLA,desnutricion global,sobrepeso (s),2005-08-01,8,4,0,0,8,4,12
30201,AIQUILE,desnutricion global,sobrepeso (s),2005-08-01,12,12,5,1,17,13,30
31303,ALALAY,desnutricion global,sobrepeso (s),2005-08-01,1,0,0,0,1,0,1
10404,ALCALA,desnutricion global,sobrepeso (s),2005-08-01,3,6,0,1,3,7,10
20202,ANCORAIMES,desnutricion global,sobrepeso (s),2005-08-01,4,2,1,7,5,9,14
40603,ANTEQUERA,desnutricion global,sobrepeso (s),2005-08-01,1,2,1,0,2,2,4
30402,ANZALDO,desnutricion global,sobrepeso (s),2005-08-01,0,0,2,1,2,1,3
20701,APOLO,desnutricion global,sobrepeso (s),2005-08-01,21,14,3,0,24,14,38
51301,ARAMPAMPA,desnutricion global,sobrepeso (s),2005-08-01,3,5,2,3,5,8,13
30501,ARANI,desnutricion global,sobrepeso (s),2005-08-01,2,4,0,1,2,5,7
30403,ARBIETO,desnutricion global,sobrepeso (s),2005-08-01,0,1,0,0,0,1,1
30601,ARQUE,desnutricion global,sobrepeso (s),2005-08-01,2,3,0,0,2,3,5
50802,ATOCHA,desnutricion global,sobrepeso (s),2005-08-01,16,3,5,8,21,11,32
20503,AUCAPATA,desnutricion global,sobrepeso (s),2005-08-01,4,1,0,0,4,1,5
20502,AYATA,desnutricion global,sobrepeso (s),2005-08-01,4,1,0,0,4,1,5
21303,AYO AYO,desnutricion global,sobrepeso (s),2005-08-01,7,6,1,1,8,7,15
30301,AYOPAYA (V. DE INDEPENDENCIA),desnutricion global,sobrepeso (s),2005-08-01,24,17,5,2,29,19,48
10201,AZURDUY,desnutricion global,sobrepeso (s),2005-08-01,10,6,3,0,13,6,19
21203,BATALLAS,desnutricion global,sobrepeso (s),2005-08-01,9,1,2,0,11,1,12
80802,BAURES,desnutricion global,sobrepeso (s),2005-08-01,7,8,0,1,7,9,16
50104,BELEN DE URMIRI,desnutricion global,sobrepeso (s),2005-08-01,9,6,1,0,10,6,16
90104,BELLA FLOR,desnutricion global,sobrepeso (s),2005-08-01,2,3,0,0,2,3,5
60202,BERMEJO,desnutricion global,sobrepeso (s),2005-08-01,27,11,2,2,29,13,42
50301,BETANZOS,desnutricion global,sobrepeso (s),2005-08-01,27,26,1,4,28,30,58
31501,BOLIVAR,desnutricion global,sobrepeso (s),2005-08-01,0,3,0,1,0,4,4
90103,BOLPEBRA,desnutricion global,sobrepeso (s),2005-08-01,1,0,0,0,1,0,1
70707,BOYUIBE,desnutricion global,sobrepeso (s),2005-08-01,7,7,6,7,13,14,27
70401,BUENA VISTA,desnutricion global,sobrepeso (s),2005-08-01,74,40,36,36,110,76,186
70703,CABEZAS,desnutricion global,sobrepeso (s),2005-08-01,27,29,3,13,30,42,72
20905,CAIROMA,desnutricion global,sobrepeso (s),2005-08-01,7,7,1,0,8,7,15
51102,"CAIZA ""D""",desnutricion global,sobrepeso (s),2005-08-01,6,4,1,0,7,4,11
21003,CAJUATA,desnutricion global,sobrepeso (s),2005-08-01,14,4,5,2,19,6,25
20303,CALACOTO,desnutricion global,sobrepeso (s),2005-08-01,1,0,0,0,1,0,1
21304,CALAMARCA,desnutricion global,sobrepeso (s),2005-08-01,3,1,1,0,4,1,5
10701,CAMARGO,desnutricion global,sobrepeso (s),2005-08-01,13,9,13,6,26,15,41
10901,CAMATAQUI (C. VILLA ABECIA),desnutricion global,sobrepeso (s),2005-08-01,3,2,0,1,3,3,6
70706,CAMIRI,desnutricion global,sobrepeso (s),2005-08-01,99,57,25,25,124,82,206
30701,CAPINOTA,desnutricion global,sobrepeso (s),2005-08-01,4,4,0,0,4,4,8
20302,CAQUIAVIRI,desnutricion global,sobrepeso (s),2005-08-01,9,7,5,2,14,9,23
40102,CARACOLLO,desnutricion global,sobrepeso (s),2005-08-01,9,6,3,0,12,6,18
22001,CARANAVI,desnutricion global,sobrepeso (s),2005-08-01,144,86,16,20,160,106,266
60302,CARAPARI,desnutricion global,sobrepeso (s),2005-08-01,34,16,11,5,45,21,66
50702,CARIPUYO,desnutricion global,sobrepeso (s),2005-08-01,5,5,2,1,7,6,13
40201,CHALLAPATA,desnutricion global,sobrepeso (s),2005-08-01,16,16,19,0,35,16,51
50302,CHAQUI,desnutricion global,sobrepeso (s),2005-08-01,6,7,1,1,7,8,15
70702,CHARAGUA,desnutricion global,sobrepeso (s),2005-08-01,66,60,16,18,82,78,160
20305,CHARAÑA,desnutricion global,sobrepeso (s),2005-08-01,1,2,0,0,1,2,3
50202,CHAYANTA,desnutricion global,sobrepeso (s),2005-08-01,17,14,2,5,19,19,38
31204,CHIMORE,desnutricion global,sobrepeso (s),2005-08-01,11,15,3,1,14,16,30
40903,CHIPAYA,desnutricion global,sobrepeso (s),2005-08-01,4,1,0,0,4,1,5
21101,CHULUMANI (V. DE LA LIBERTAD),desnutricion global,sobrepeso (s),2005-08-01,13,4,0,1,13,5,18
20501,CHUMA,desnutricion global,sobrepeso (s),2005-08-01,1,3,0,0,1,3,4
30801,CLIZA,desnutricion global,sobrepeso (s),2005-08-01,42,37,7,3,49,40,89
90101,COBIJA,desnutricion global,sobrepeso (s),2005-08-01,98,85,4,6,102,91,193
30101,COCHABAMBA,desnutricion global,sobrepeso (s),2005-08-01,351,292,57,70,408,362,770
40902,COIPASA,desnutricion global,sobrepeso (s),2005-08-01,0,0,0,1,0,1,1
30905,COLCAPIRHUA,desnutricion global,sobrepeso (s),2005-08-01,57,38,15,4,72,42,114
50901,"COLCHA ""K""",desnutricion global,sobrepeso (s),2005-08-01,7,10,0,2,7,12,19
21307,COLLANA,desnutricion global,sobrepeso (s),2005-08-01,3,0,0,0,3,0,3
31002,COLOMI,desnutricion global,sobrepeso (s),2005-08-01,12,9,1,2,13,11,24
70603,COLPA BELGICA,desnutricion global,sobrepeso (s),2005-08-01,15,11,1,2,16,13,29
50401,COLQUECHACA,desnutricion global,sobrepeso (s),2005-08-01,0,2,1,1,1,3,4
21306,COLQUENCHA,desnutricion global,sobrepeso (s),2005-08-01,2,0,1,0,3,0,3
21004,COLQUIRI,desnutricion global,sobrepeso (s),2005-08-01,6,10,1,2,7,12,19
20304,COMANCHE,desnutricion global,sobrepeso (s),2005-08-01,1,1,0,0,1,1,2
71301,COMARAPA,desnutricion global,sobrepeso (s),2005-08-01,74,63,27,33,101,96,197
20605,COMBAYA,desnutricion global,sobrepeso (s),2005-08-01,1,2,0,0,1,2,3
71101,CONCEPCION,desnutricion global,sobrepeso (s),2005-08-01,3,6,1,2,4,8,12
21701,COPACABANA,desnutricion global,sobrepeso (s),2005-08-01,6,6,0,2,6,8,14
21402,CORIPATA,desnutricion global,sobrepeso (s),2005-08-01,14,13,3,2,17,15,32
20301,CORO CORO,desnutricion global,sobrepeso (s),2005-08-01,5,1,0,1,5,2,7
21401,COROICO,desnutricion global,sobrepeso (s),2005-08-01,3,0,0,0,3,0,3
40301,CORQUE,desnutricion global,sobrepeso (s),2005-08-01,6,3,3,0,9,3,12
50601,COTAGAITA,desnutricion global,sobrepeso (s),2005-08-01,14,14,1,2,15,16,31
70102,COTOCA,desnutricion global,sobrepeso (s),2005-08-01,104,59,13,3,117,62,179
71106,CUATRO CAÑADAS,desnutricion global,sobrepeso (s),2005-08-01,33,13,8,5,41,18,59
31405,CUCHUMUELA (V. G. VILLARROEL),desnutricion global,sobrepeso (s),2005-08-01,1,0,0,0,1,0,1
70704,CUEVO,desnutricion global,sobrepeso (s),2005-08-01,6,8,0,0,6,8,14
10902,CULPINA,desnutricion global,sobrepeso (s),2005-08-01,16,15,5,3,21,18,39
40401,CURAHUARA DE CARANGAS,desnutricion global,sobrepeso (s),2005-08-01,0,3,0,1,0,4,4
21602,CURVA,desnutricion global,sobrepeso (s),2005-08-01,0,1,0,0,0,1,1
20804,DESAGUADERO,desnutricion global,sobrepeso (s),2005-08-01,3,6,3,8,6,14,20
20105,EL ALTO,desnutricion global,sobrepeso (s),2005-08-01,574,609,183,183,757,792,1549
40103,EL CHORO,desnutricion global,sobrepeso (s),2005-08-01,1,2,0,0,1,2,3
60502,EL PUENTE(TJA),desnutricion global,sobrepeso (s),2005-08-01,6,6,1,2,7,8,15
70105,EL TORNO,desnutricion global,sobrepeso (s),2005-08-01,85,60,12,8,97,68,165
10405,EL VILLAR,desnutricion global,sobrepeso (s),2005-08-01,7,12,3,0,10,12,22
60601,ENTRE RIOS,desnutricion global,sobrepeso (s),2005-08-01,39,36,10,6,49,42,91
60601,ENTRE RIOS,desnutricion global,sobrepeso (s),2005-08-01,29,26,12,11,41,37,78
41101,EUCALIPTUS,desnutricion global,sobrepeso (s),2005-08-01,15,2,2,0,17,2,19
90503,EUREKA (SANTOS MERCADO),desnutricion global,sobrepeso (s),2005-08-01,0,1,0,0,0,1,1
80402,EXALTACION,desnutricion global,sobrepeso (s),2005-08-01,10,7,0,2,10,9,19
71004,FERNANDEZ ALONSO,desnutricion global,sobrepeso (s),2005-08-01,34,19,13,14,47,33,80
90203,FILADELFIA,desnutricion global,sobrepeso (s),2005-08-01,2,5,0,0,2,5,7
71002,GENERAL SAAVEDRA,desnutricion global,sobrepeso (s),2005-08-01,43,37,10,8,53,45,98
21601,GRAL. J.J. PEREZ (CHARAZANI),desnutricion global,sobrepeso (s),2005-08-01,8,12,0,1,8,13,21
20602,GUANAY,desnutricion global,sobrepeso (s),2005-08-01,24,12,1,4,25,16,41
20802,GUAQUI,desnutricion global,sobrepeso (s),2005-08-01,4,7,2,2,6,9,15
80202,GUAYARAMERIN,desnutricion global,sobrepeso (s),2005-08-01,130,116,14,10,144,126,270
70705,GUTIERREZ,desnutricion global,sobrepeso (s),2005-08-01,46,16,9,8,55,24,79
10502,HUACARETA,desnutricion global,sobrepeso (s),2005-08-01,19,15,9,8,28,23,51
11002,HUACAYA (VILLA DE HUACAYA),desnutricion global,sobrepeso (s),2005-08-01,3,5,3,0,6,5,11
40501,HUACHACALLA,desnutricion global,sobrepeso (s),2005-08-01,1,3,1,0,2,3,5
40701,HUANUNI,desnutricion global,sobrepeso (s),2005-08-01,20,22,1,0,21,22,43
80803,HUARACAJE,desnutricion global,sobrepeso (s),2005-08-01,5,7,2,1,7,8,15
41601,HUAYLLAMARCA,desnutricion global,sobrepeso (s),2005-08-01,2,4,0,0,2,4,6
21005,ICHOCA,desnutricion global,sobrepeso (s),2005-08-01,3,1,1,3,4,4,8
10304,ICLA,desnutricion global,sobrepeso (s),2005-08-01,0,3,0,0,0,3,3
10703,INCAHUASI,desnutricion global,sobrepeso (s),2005-08-01,21,18,3,6,24,24,48
90402,INGAVI (HUMAITA),desnutricion global,sobrepeso (s),2005-08-01,5,5,1,1,6,6,12
21001,INQUISIVI,desnutricion global,sobrepeso (s),2005-08-01,17,17,1,2,18,19,37
21102,IRUPANA (VILLA DE LANZA),desnutricion global,sobrepeso (s),2005-08-01,10,2,3,2,13,4,17
21501,IXIAMAS,desnutricion global,sobrepeso (s),2005-08-01,20,12,6,1,26,13,39
20806,JESUS DE MACHACA,desnutricion global,sobrepeso (s),2005-08-01,3,3,1,1,4,4,8
21105,LA ASUNTA,desnutricion global,sobrepeso (s),2005-08-01,16,11,0,0,16,11,27
70104,LA GUARDIA,desnutricion global,sobrepeso (s),2005-08-01,53,30,19,13,72,43,115
20101,LA PAZ,desnutricion global,sobrepeso (s),2005-08-01,687,603,241,247,928,850,1778
70701,LAGUNILLAS,desnutricion global,sobrepeso (s),2005-08-01,21,16,10,5,31,21,52
21202,LAJA,desnutricion global,sobrepeso (s),2005-08-01,10,12,5,5,15,17,32
10903,LAS CARRERAS,desnutricion global,sobrepeso (s),2005-08-01,3,2,2,1,5,3,8
50203,LLALLAGUA,desnutricion global,sobrepeso (s),2005-08-01,51,84,49,44,100,128,228
51401,LLICA,desnutricion global,sobrepeso (s),2005-08-01,0,3,1,0,1,3,4
80601,LORETO,desnutricion global,sobrepeso (s),2005-08-01,20,5,4,2,24,7,31
20901,LURIBAY,desnutricion global,sobrepeso (s),2005-08-01,7,3,2,1,9,4,13
40702,MACHACAMARCA,desnutricion global,sobrepeso (s),2005-08-01,2,10,2,2,4,12,16
11003,MACHARETI,desnutricion global,sobrepeso (s),2005-08-01,26,25,15,16,41,41,82
80801,MAGDALENA,desnutricion global,sobrepeso (s),2005-08-01,17,5,2,3,19,8,27
70903,MAIRANA,desnutricion global,sobrepeso (s),2005-08-01,26,27,9,4,35,31,66
20904,MALLA,desnutricion global,sobrepeso (s),2005-08-01,1,4,0,0,1,4,5
20607,MAPIRI,desnutricion global,sobrepeso (s),2005-08-01,16,15,0,0,16,15,31
20103,MECAPACA,desnutricion global,sobrepeso (s),2005-08-01,8,6,0,0,8,6,14
71003,MINEROS,desnutricion global,sobrepeso (s),2005-08-01,45,46,26,17,71,63,134
31301,MIZQUE,desnutricion global,sobrepeso (s),2005-08-01,21,21,4,2,25,23,48
20402,MOCOMOCO,desnutricion global,sobrepeso (s),2005-08-01,4,7,0,0,4,7,11
51002,MOJINETE,desnutricion global,sobrepeso (s),2005-08-01,3,1,1,0,4,1,5
10303,MOJOCOYA,desnutricion global,sobrepeso (s),2005-08-01,4,4,4,2,8,6,14
10501,MONTEAGUDO,desnutricion global,sobrepeso (s),2005-08-01,102,66,17,10,119,76,195
71001,MONTERO,desnutricion global,sobrepeso (s),2005-08-01,357,265,101,75,458,340,798
70803,MORO MORO,desnutricion global,sobrepeso (s),2005-08-01,10,6,2,0,12,6,18
30302,MOROCHATA,desnutricion global,sobrepeso (s),2005-08-01,16,20,2,6,18,26,44
90401,NACEBE (SANTA ROSA DEL ABUNA),desnutricion global,sobrepeso (s),2005-08-01,0,2,0,0,0,2,2
90501,NUEVO MANOA (NUEVA ESPERANZA),desnutricion global,sobrepeso (s),2005-08-01,4,2,4,3,8,5,13
50404,OCURI,desnutricion global,sobrepeso (s),2005-08-01,4,7,2,1,6,8,14
70202,OKINAWA,desnutricion global,sobrepeso (s),2005-08-01,3,7,2,0,5,7,12
30203,OMEREQUE,desnutricion global,sobrepeso (s),2005-08-01,13,7,1,0,14,7,21
40101,ORURO,desnutricion global,sobrepeso (s),2005-08-01,209,207,50,29,259,236,495
60201,PADCAYA,desnutricion global,sobrepeso (s),2005-08-01,22,17,15,15,37,32,69
10401,PADILLA,desnutricion global,sobrepeso (s),2005-08-01,19,26,12,2,31,28,59
20102,PALCA,desnutricion global,sobrepeso (s),2005-08-01,7,11,4,4,11,15,26
21104,PALOS BLANCOS,desnutricion global,sobrepeso (s),2005-08-01,48,36,4,4,52,40,92
40802,PAMPA AULLAGAS,desnutricion global,sobrepeso (s),2005-08-01,0,4,0,1,0,5,5
70902,PAMPA GRANDE,desnutricion global,sobrepeso (s),2005-08-01,11,14,3,3,14,17,31
21802,PAPEL PAMPA,desnutricion global,sobrepeso (s),2005-08-01,1,2,1,0,2,2,4
30202,PASORAPA,desnutricion global,sobrepeso (s),2005-08-01,2,3,0,0,2,3,5
21305,PATACAMAYA,desnutricion global,sobrepeso (s),2005-08-01,27,27,5,9,32,36,68
40602,PAZÑA,desnutricion global,sobrepeso (s),2005-08-01,2,2,1,2,3,4,7
20702,PELECHUCO,desnutricion global,sobrepeso (s),2005-08-01,1,1,0,0,1,1,2
50403,POCOATA,desnutricion global,sobrepeso (s),2005-08-01,6,5,1,2,7,7,14
31203,POCONA,desnutricion global,sobrepeso (s),2005-08-01,8,6,0,2,8,8,16
31202,POJO (CBBA),desnutricion global,sobrepeso (s),2005-08-01,26,17,5,1,31,18,49
40601,POOPO,desnutricion global,sobrepeso (s),2005-08-01,3,4,0,0,3,4,7
51203,PORCO,desnutricion global,sobrepeso (s),2005-08-01,6,4,3,0,9,4,13
10103,POROMA,desnutricion global,sobrepeso (s),2005-08-01,15,11,1,1,16,12,28
70103,PORONGO,desnutricion global,sobrepeso (s),2005-08-01,13,6,3,0,16,6,22
70601,PORTACHUELO,desnutricion global,sobrepeso (s),2005-08-01,78,66,24,19,102,85,187
90102,PORVENIR,desnutricion global,sobrepeso (s),2005-08-01,14,11,4,8,18,19,37
70804,POSTRER VALLE,desnutricion global,sobrepeso (s),2005-08-01,7,9,1,2,8,11,19
50101,POTOSI,desnutricion global,sobrepeso (s),2005-08-01,85,84,6,19,91,103,194
10302,PRESTO,desnutricion global,sobrepeso (s),2005-08-01,6,6,1,0,7,6,13
70805,PUCARA,desnutricion global,sobrepeso (s),2005-08-01,3,1,0,0,3,1,4
21201,PUCARANI,desnutricion global,sobrepeso (s),2005-08-01,17,18,5,1,22,19,41
20401,PUERTO ACOSTA,desnutricion global,sobrepeso (s),2005-08-01,8,4,1,1,9,5,14
20403,PUERTO CARABUCO,desnutricion global,sobrepeso (s),2005-08-01,12,10,5,3,17,13,30
90301,PUERTO GONZALO MORENO,desnutricion global,sobrepeso (s),2005-08-01,4,8,1,1,5,9,14
21204,PUERTO PEREZ,desnutricion global,sobrepeso (s),2005-08-01,0,2,0,0,0,2,2
90201,PUERTO RICO,desnutricion global,sobrepeso (s),2005-08-01,22,14,4,6,26,20,46
80703,PUERTO SILES,desnutricion global,sobrepeso (s),2005-08-01,0,1,0,3,0,4,4
31205,PUERTO VILLARROEL,desnutricion global,sobrepeso (s),2005-08-01,64,48,13,7,77,55,132
51101,PUNA,desnutricion global,sobrepeso (s),2005-08-01,13,5,1,7,14,12,26
31401,PUNATA,desnutricion global,sobrepeso (s),2005-08-01,5,9,2,0,7,9,16
20604,QUIABAYA,desnutricion global,sobrepeso (s),2005-08-01,1,1,1,0,2,1,3
30901,QUILLACOLLO,desnutricion global,sobrepeso (s),2005-08-01,55,50,11,6,66,56,122
21002,QUIME,desnutricion global,sobrepeso (s),2005-08-01,6,5,0,2,6,7,13
70904,QUIRUSILLAS,desnutricion global,sobrepeso (s),2005-08-01,13,1,2,1,15,2,17
50402,RAVELO,desnutricion global,sobrepeso (s),2005-08-01,7,4,1,3,8,7,15
80301,REYES,desnutricion global,sobrepeso (s),2005-08-01,52,52,15,6,67,58,125
80201,RIBERALTA,desnutricion global,sobrepeso (s),2005-08-01,84,38,11,7,95,45,140
80304,RURRENABAQUE,desnutricion global,sobrepeso (s),2005-08-01,13,7,1,1,14,8,22
40901,SABAYA,desnutricion global,sobrepeso (s),2005-08-01,5,4,2,0,7,4,11
31001,SACABA,desnutricion global,sobrepeso (s),2005-08-01,50,37,4,2,54,39,93
30404,SACABAMBA,desnutricion global,sobrepeso (s),2005-08-01,3,4,0,0,3,4,7
50701,SACACA,desnutricion global,sobrepeso (s),2005-08-01,1,5,0,1,1,6,7
71302,SAIPINA,desnutricion global,sobrepeso (s),2005-08-01,36,36,15,10,51,46,97
40801,SALINAS DE GARCI MENDOZA,desnutricion global,sobrepeso (s),2005-08-01,10,11,3,2,13,13,26
70901,SAMAIPATA,desnutricion global,sobrepeso (s),2005-08-01,15,13,8,8,23,21,44
51601,SAN AGUSTIN,desnutricion global,sobrepeso (s),2005-08-01,0,1,1,1,1,2,3
80602,SAN ANDRES,desnutricion global,sobrepeso (s),2005-08-01,30,22,5,6,35,28,63
20805,SAN ANDRES DE MACHACA,desnutricion global,sobrepeso (s),2005-08-01,8,5,2,7,10,12,22
51003,SAN ANTONIO DE ESMORUCO,desnutricion global,sobrepeso (s),2005-08-01,0,0,2,0,2,0,2
71105,SAN ANTONIO DE LOMERIO,desnutricion global,sobrepeso (s),2005-08-01,11,12,3,0,14,12,26
31403,SAN BENITO,desnutricion global,sobrepeso (s),2005-08-01,3,0,0,0,3,0,3
80302,SAN BORJA,desnutricion global,sobrepeso (s),2005-08-01,99,72,22,9,121,81,202
21502,SAN BUENA VENTURA,desnutricion global,sobrepeso (s),2005-08-01,13,6,0,2,13,8,21
70402,SAN CARLOS,desnutricion global,sobrepeso (s),2005-08-01,25,18,7,2,32,20,52
80501,SAN IGNACIO,desnutricion global,sobrepeso (s),2005-08-01,20,12,13,3,33,15,48
70301,SAN IGNACIO DE VELASCO,desnutricion global,sobrepeso (s),2005-08-01,109,65,16,13,125,78,203
80102,SAN JAVIER(BNI),desnutricion global,sobrepeso (s),2005-08-01,4,3,2,1,6,4,10
71102,SAN JAVIER(STC),desnutricion global,sobrepeso (s),2005-08-01,2,0,2,3,4,3,7
80701,SAN JOAQUIN,desnutricion global,sobrepeso (s),2005-08-01,11,12,3,1,14,13,27
70404,SAN JUAN DE YAPACANI,desnutricion global,sobrepeso (s),2005-08-01,24,20,3,9,27,29,56
71104,SAN JULIAN,desnutricion global,sobrepeso (s),2005-08-01,75,46,24,24,99,70,169
90302,SAN LORENZO(PND),desnutricion global,sobrepeso (s),2005-08-01,1,3,0,0,1,3,4
60501,SAN LORENZO(TJA),desnutricion global,sobrepeso (s),2005-08-01,21,14,10,7,31,21,52
10702,SAN LUCAS,desnutricion global,sobrepeso (s),2005-08-01,20,21,2,1,22,22,44
70302,SAN MIGUEL DE VELASCO,desnutricion global,sobrepeso (s),2005-08-01,14,9,4,5,18,14,32
71005,SAN PEDRO,desnutricion global,sobrepeso (s),2005-08-01,50,46,6,3,56,49,105
50501,SAN PEDRO DE BUENA VISTA,desnutricion global,sobrepeso (s),2005-08-01,12,8,2,4,14,12,26
21801,SAN PEDRO DE CURAHUARA,desnutricion global,sobrepeso (s),2005-08-01,10,5,12,8,22,13,35
21702,SAN PEDRO DE TIQUINA,desnutricion global,sobrepeso (s),2005-08-01,7,7,0,0,7,7,14
90202,SAN PEDRO(PND),desnutricion global,sobrepeso (s),2005-08-01,0,3,2,0,2,3,5
70303,SAN RAFAEL,desnutricion global,sobrepeso (s),2005-08-01,0,3,1,1,1,4,5
80702,SAN RAMON,desnutricion global,sobrepeso (s),2005-08-01,16,14,6,0,22,14,36
80702,SAN RAMON,desnutricion global,sobrepeso (s),2005-08-01,8,6,2,0,10,6,16
80401,SANTA ANA,desnutricion global,sobrepeso (s),2005-08-01,72,75,25,24,97,99,196
70101,SANTA CRUZ DE LA SIERRA,desnutricion global,sobrepeso (s),2005-08-01,1451,1168,433,350,1884,1518,3402
80303,SANTA ROSA,desnutricion global,sobrepeso (s),2005-08-01,37,28,7,8,44,36,80
70602,SANTA ROSA DEL SARA,desnutricion global,sobrepeso (s),2005-08-01,22,10,9,8,31,18,49
20308,SANTIAGO DE CALLAPA,desnutricion global,sobrepeso (s),2005-08-01,1,2,0,1,1,3,4
41401,SANTIAGO DE HUARI,desnutricion global,sobrepeso (s),2005-08-01,2,1,1,1,3,2,5
21901,SANTIAGO DE MACHACA,desnutricion global,sobrepeso (s),2005-08-01,2,1,0,0,2,1,3
30702,SANTIVAÑES,desnutricion global,sobrepeso (s),2005-08-01,2,2,2,0,4,2,6
20902,SAPAHAQUI,desnutricion global,sobrepeso (s),2005-08-01,4,2,0,0,4,2,6
90303,SENA,desnutricion global,sobrepeso (s),2005-08-01,12,6,3,1,15,7,22
21301,SICA SICA (VILLA AROMA),desnutricion global,sobrepeso (s),2005-08-01,11,12,1,1,12,13,25
30703,SICAYA,desnutricion global,sobrepeso (s),2005-08-01,1,0,0,0,1,0,1
30902,SIPE SIPE,desnutricion global,sobrepeso (s),2005-08-01,72,78,18,14,90,92,182
10403,SOPACHUY,desnutricion global,sobrepeso (s),2005-08-01,5,3,0,0,5,3,8
40104,SORACACHI,desnutricion global,sobrepeso (s),2005-08-01,6,7,2,5,8,12,20
20601,SORATA,desnutricion global,sobrepeso (s),2005-08-01,11,12,2,5,13,17,30
10101,SUCRE,desnutricion global,sobrepeso (s),2005-08-01,227,227,69,60,296,287,583
31404,TACACHI,desnutricion global,sobrepeso (s),2005-08-01,0,1,0,0,0,1,1
20603,TACACOMA,desnutricion global,sobrepeso (s),2005-08-01,11,8,2,8,13,16,29
50303,TACOBAMBA,desnutricion global,sobrepeso (s),2005-08-01,18,9,3,2,21,11,32
30602,TACOPAYA,desnutricion global,sobrepeso (s),2005-08-01,9,2,1,1,10,3,13
51402,TAHUA,desnutricion global,sobrepeso (s),2005-08-01,2,2,1,1,3,3,6
31101,TAPACARI,desnutricion global,sobrepeso (s),2005-08-01,3,3,0,2,3,5,8
10601,TARABUCO,desnutricion global,sobrepeso (s),2005-08-01,13,25,6,6,19,31,50
20807,TARACO,desnutricion global,sobrepeso (s),2005-08-01,5,6,2,1,7,7,14
30401,TARATA,desnutricion global,sobrepeso (s),2005-08-01,13,12,0,1,13,13,26
60101,TARIJA,desnutricion global,sobrepeso (s),2005-08-01,1193,320,87,59,1280,379,1659
10202,TARVITA,desnutricion global,sobrepeso (s),2005-08-01,1,2,1,0,2,2,4
20608,TEOPONTE,desnutricion global,sobrepeso (s),2005-08-01,29,15,3,5,32,20,52
20803,TIAWANACU,desnutricion global,sobrepeso (s),2005-08-01,1,4,0,0,1,4,5
50102,TINGUIPAYA,desnutricion global,sobrepeso (s),2005-08-01,9,2,0,0,9,2,11
20606,TIPUANI,desnutricion global,sobrepeso (s),2005-08-01,33,16,1,0,34,16,50
30903,TIQUIPAYA,desnutricion global,sobrepeso (s),2005-08-01,24,28,7,10,31,38,69
31601,TIRAQUE (CBBA),desnutricion global,sobrepeso (s),2005-08-01,61,57,16,8,77,65,142
21703,TITO YUPANQUI (PARQUIPUJIO),desnutricion global,sobrepeso (s),2005-08-01,1,0,0,0,1,0,1
30802,TOCO,desnutricion global,sobrepeso (s),2005-08-01,2,0,2,3,4,3,7
30803,TOLATA,desnutricion global,sobrepeso (s),2005-08-01,4,3,1,0,5,3,8
41001,TOLEDO,desnutricion global,sobrepeso (s),2005-08-01,1,0,2,0,3,0,3
51202,TOMAVE,desnutricion global,sobrepeso (s),2005-08-01,9,4,2,0,11,4,15
10402,TOMINA,desnutricion global,sobrepeso (s),2005-08-01,8,5,2,2,10,7,17
50502,TORO TORO,desnutricion global,sobrepeso (s),2005-08-01,12,7,2,0,14,7,21
31201,TOTORA(CBBA),desnutricion global,sobrepeso (s),2005-08-01,10,8,0,1,10,9,19
41301,TOTORA(ORR),desnutricion global,sobrepeso (s),2005-08-01,0,1,0,0,0,1,1
70802,TRIGAL,desnutricion global,sobrepeso (s),2005-08-01,7,0,3,2,10,2,12
80101,TRINIDAD,desnutricion global,sobrepeso (s),2005-08-01,234,151,42,34,276,185,461
50801,TUPIZA,desnutricion global,sobrepeso (s),2005-08-01,43,34,10,5,53,39,92
40402,TURCO,desnutricion global,sobrepeso (s),2005-08-01,2,2,0,0,2,2,4
21302,UMALA,desnutricion global,sobrepeso (s),2005-08-01,1,1,0,2,1,3,4
50201,UNCIA,desnutricion global,sobrepeso (s),2005-08-01,4,8,0,0,4,8,12
60401,URIONDO (A. CONCEPCION),desnutricion global,sobrepeso (s),2005-08-01,54,29,10,9,64,38,102
51201,UYUNI,desnutricion global,sobrepeso (s),2005-08-01,54,22,13,7,67,29,96
30502,VACAS,desnutricion global,sobrepeso (s),2005-08-01,3,1,2,0,5,1,6
70801,VALLEGRANDE,desnutricion global,sobrepeso (s),2005-08-01,41,28,21,14,62,42,104
20801,VIACHA,desnutricion global,sobrepeso (s),2005-08-01,32,26,13,7,45,33,78
31302,VILA VILA,desnutricion global,sobrepeso (s),2005-08-01,2,3,4,0,6,3,9
60303,VILLA MONTES,desnutricion global,sobrepeso (s),2005-08-01,60,55,6,13,66,68,134
90502,VILLA NUEVA (LOMA ALTA),desnutricion global,sobrepeso (s),2005-08-01,2,3,0,1,2,4,6
31402,VILLA RIVERO,desnutricion global,sobrepeso (s),2005-08-01,7,6,1,3,8,9,17
10801,VILLA SERRANO,desnutricion global,sobrepeso (s),2005-08-01,17,8,4,4,21,12,33
31003,VILLA TUNARI,desnutricion global,sobrepeso (s),2005-08-01,57,42,12,10,69,52,121
11001,VILLA VACA GUZMAN (MUYUPAMPA),desnutricion global,sobrepeso (s),2005-08-01,31,26,12,5,43,31,74
51501,VILLAZON,desnutricion global,sobrepeso (s),2005-08-01,42,50,19,14,61,64,125
30904,VINTO,desnutricion global,sobrepeso (s),2005-08-01,5,2,2,1,7,3,10
50602,VITICHI,desnutricion global,sobrepeso (s),2005-08-01,6,0,0,2,6,2,8
20306,WALDO BALLIVIAN,desnutricion global,sobrepeso (s),2005-08-01,2,0,1,1,3,1,4
70201,WARNES,desnutricion global,sobrepeso (s),2005-08-01,111,107,25,25,136,132,268
20903,YACO,desnutricion global,sobrepeso (s),2005-08-01,1,2,0,0,1,2,3
60301,YACUIBA,desnutricion global,sobrepeso (s),2005-08-01,101,103,16,15,117,118,235
10602,YAMPARAEZ,desnutricion global,sobrepeso (s),2005-08-01,15,12,2,5,17,17,34
21103,YANACACHI,desnutricion global,sobrepeso (s),2005-08-01,1,0,0,0,1,0,1
70403,YAPACANI,desnutricion global,sobrepeso (s),2005-08-01,140,162,27,19,167,181,348
50103,YOCALLA,desnutricion global,sobrepeso (s),2005-08-01,2,2,1,0,3,2,5
10102,YOTALA,desnutricion global,sobrepeso (s),2005-08-01,13,17,5,8,18,25,43
60402,YUNCHARA,desnutricion global,sobrepeso (s),2005-08-01,10,7,5,3,15,10,25
10301,ZUDAÑEZ,desnutricion global,sobrepeso (s),2005-08-01,7,3,1,0,8,3,11
20201,ACHACACHI,desnutricion global,sobrepeso (s),2005-09-01,40,31,14,14,54,45,99
20104,ACHOCALLA,desnutricion global,sobrepeso (s),2005-09-01,4,0,1,0,5,0,5
30201,AIQUILE,desnutricion global,sobrepeso (s),2005-09-01,11,10,2,3,13,13,26
31303,ALALAY,desnutricion global,sobrepeso (s),2005-09-01,7,0,0,0,7,0,7
10404,ALCALA,desnutricion global,sobrepeso (s),2005-09-01,2,4,0,0,2,4,6
20202,ANCORAIMES,desnutricion global,sobrepeso (s),2005-09-01,7,6,4,0,11,6,17
41201,ANDAMARCA,desnutricion global,sobrepeso (s),2005-09-01,0,0,1,0,1,0,1
40603,ANTEQUERA,desnutricion global,sobrepeso (s),2005-09-01,0,3,0,0,0,3,3
20701,APOLO,desnutricion global,sobrepeso (s),2005-09-01,13,16,2,1,15,17,32
51301,ARAMPAMPA,desnutricion global,sobrepeso (s),2005-09-01,6,5,0,1,6,6,12
30501,ARANI,desnutricion global,sobrepeso (s),2005-09-01,3,3,1,1,4,4,8
30403,ARBIETO,desnutricion global,sobrepeso (s),2005-09-01,3,0,0,0,3,0,3
30601,ARQUE,desnutricion global,sobrepeso (s),2005-09-01,1,1,0,0,1,1,2
50802,ATOCHA,desnutricion global,sobrepeso (s),2005-09-01,9,8,5,4,14,12,26
20503,AUCAPATA,desnutricion global,sobrepeso (s),2005-09-01,1,4,0,0,1,4,5
20502,AYATA,desnutricion global,sobrepeso (s),2005-09-01,3,1,0,2,3,3,6
21303,AYO AYO,desnutricion global,sobrepeso (s),2005-09-01,2,2,0,0,2,2,4
30301,AYOPAYA (V. DE INDEPENDENCIA),desnutricion global,sobrepeso (s),2005-09-01,7,10,1,2,8,12,20
10201,AZURDUY,desnutricion global,sobrepeso (s),2005-09-01,9,5,8,3,17,8,25
21203,BATALLAS,desnutricion global,sobrepeso (s),2005-09-01,6,1,1,0,7,1,8
80802,BAURES,desnutricion global,sobrepeso (s),2005-09-01,5,8,0,2,5,10,15
50104,BELEN DE URMIRI,desnutricion global,sobrepeso (s),2005-09-01,3,1,1,1,4,2,6
90104,BELLA FLOR,desnutricion global,sobrepeso (s),2005-09-01,0,1,1,2,1,3,4
60202,BERMEJO,desnutricion global,sobrepeso (s),2005-09-01,18,14,1,0,19,14,33
50301,BETANZOS,desnutricion global,sobrepeso (s),2005-09-01,17,18,2,4,19,22,41
31501,BOLIVAR,desnutricion global,sobrepeso (s),2005-09-01,3,0,0,0,3,0,3
90103,BOLPEBRA,desnutricion global,sobrepeso (s),2005-09-01,2,1,0,0,2,1,3
70707,BOYUIBE,desnutricion global,sobrepeso (s),2005-09-01,14,8,7,5,21,13,34
70401,BUENA VISTA,desnutricion global,sobrepeso (s),2005-09-01,46,40,18,32,64,72,136
70703,CABEZAS,desnutricion global,sobrepeso (s),2005-09-01,19,27,12,17,31,44,75
20905,CAIROMA,desnutricion global,sobrepeso (s),2005-09-01,3,5,0,1,3,6,9
51102,"CAIZA ""D""",desnutricion global,sobrepeso (s),2005-09-01,5,6,0,0,5,6,11
21003,CAJUATA,desnutricion global,sobrepeso (s),2005-09-01,10,9,1,1,11,10,21
20303,CALACOTO,desnutricion global,sobrepeso (s),2005-09-01,2,0,0,0,2,0,2
21304,CALAMARCA,desnutricion global,sobrepeso (s),2005-09-01,3,3,0,0,3,3,6
10701,CAMARGO,desnutricion global,sobrepeso (s),2005-09-01,4,15,3,0,7,15,22
10901,CAMATAQUI (C. VILLA ABECIA),desnutricion global,sobrepeso (s),2005-09-01,1,1,0,2,1,3,4
70706,CAMIRI,desnutricion global,sobrepeso (s),2005-09-01,86,84,20,19,106,103,209
30701,CAPINOTA,desnutricion global,sobrepeso (s),2005-09-01,0,0,27,28,27,28,55
20302,CAQUIAVIRI,desnutricion global,sobrepeso (s),2005-09-01,8,7,4,3,12,10,22
40102,CARACOLLO,desnutricion global,sobrepeso (s),2005-09-01,11,2,0,0,11,2,13
22001,CARANAVI,desnutricion global,sobrepeso (s),2005-09-01,94,68,8,8,102,76,178
60302,CARAPARI,desnutricion global,sobrepeso (s),2005-09-01,14,26,4,2,18,28,46
50702,CARIPUYO,desnutricion global,sobrepeso (s),2005-09-01,1,7,0,1,1,8,9
40201,CHALLAPATA,desnutricion global,sobrepeso (s),2005-09-01,8,6,3,2,11,8,19
50302,CHAQUI,desnutricion global,sobrepeso (s),2005-09-01,10,12,1,0,11,12,23
70702,CHARAGUA,desnutricion global,sobrepeso (s),2005-09-01,48,53,19,15,67,68,135
20305,CHARAÑA,desnutricion global,sobrepeso (s),2005-09-01,3,1,0,1,3,2,5
50202,CHAYANTA,desnutricion global,sobrepeso (s),2005-09-01,17,7,2,3,19,10,29
31204,CHIMORE,desnutricion global,sobrepeso (s),2005-09-01,17,13,2,0,19,13,32
40903,CHIPAYA,desnutricion global,sobrepeso (s),2005-09-01,2,1,0,0,2,1,3
21101,CHULUMANI (V. DE LA LIBERTAD),desnutricion global,sobrepeso (s),2005-09-01,15,10,0,0,15,10,25
20501,CHUMA,desnutricion global,sobrepeso (s),2005-09-01,8,5,1,1,9,6,15
30801,CLIZA,desnutricion global,sobrepeso (s),2005-09-01,25,25,9,2,34,27,61
90101,COBIJA,desnutricion global,sobrepeso (s),2005-09-01,98,90,12,12,110,102,212
30101,COCHABAMBA,desnutricion global,sobrepeso (s),2005-09-01,438,243,74,52,512,295,807
30905,COLCAPIRHUA,desnutricion global,sobrepeso (s),2005-09-01,39,53,14,7,53,60,113
50901,"COLCHA ""K""",desnutricion global,sobrepeso (s),2005-09-01,7,7,1,2,8,9,17
31002,COLOMI,desnutricion global,sobrepeso (s),2005-09-01,28,15,9,5,37,20,57
70603,COLPA BELGICA,desnutricion global,sobrepeso (s),2005-09-01,10,5,5,1,15,6,21
50401,COLQUECHACA,desnutricion global,sobrepeso (s),2005-09-01,13,10,0,0,13,10,23
21306,COLQUENCHA,desnutricion global,sobrepeso (s),2005-09-01,3,2,0,0,3,2,5
21004,COLQUIRI,desnutricion global,sobrepeso (s),2005-09-01,5,2,0,0,5,2,7
71301,COMARAPA,desnutricion global,sobrepeso (s),2005-09-01,70,65,12,16,82,81,163
20605,COMBAYA,desnutricion global,sobrepeso (s),2005-09-01,1,1,0,0,1,1,2
71101,CONCEPCION,desnutricion global,sobrepeso (s),2005-09-01,5,3,0,0,5,3,8
21701,COPACABANA,desnutricion global,sobrepeso (s),2005-09-01,16,9,3,2,19,11,30
21402,CORIPATA,desnutricion global,sobrepeso (s),2005-09-01,25,19,3,3,28,22,50
20301,CORO CORO,desnutricion global,sobrepeso (s),2005-09-01,5,4,0,0,5,4,9
21401,COROICO,desnutricion global,sobrepeso (s),2005-09-01,3,3,0,2,3,5,8
40301,CORQUE,desnutricion global,sobrepeso (s),2005-09-01,0,5,3,3,3,8,11
50601,COTAGAITA,desnutricion global,sobrepeso (s),2005-09-01,10,9,2,1,12,10,22
70102,COTOCA,desnutricion global,sobrepeso (s),2005-09-01,51,36,8,5,59,41,100
71106,CUATRO CAÑADAS,desnutricion global,sobrepeso (s),2005-09-01,51,34,6,4,57,38,95
31405,CUCHUMUELA (V. G. VILLARROEL),desnutricion global,sobrepeso (s),2005-09-01,2,1,0,0,2,1,3
70704,CUEVO,desnutricion global,sobrepeso (s),2005-09-01,4,7,3,0,7,7,14
10902,CULPINA,desnutricion global,sobrepeso (s),2005-09-01,14,10,0,0,14,10,24
40401,CURAHUARA DE CARANGAS,desnutricion global,sobrepeso (s),2005-09-01,3,3,1,1,4,4,8
21602,CURVA,desnutricion global,sobrepeso (s),2005-09-01,0,1,0,0,0,1,1
20804,DESAGUADERO,desnutricion global,sobrepeso (s),2005-09-01,2,2,1,0,3,2,5
20105,EL ALTO,desnutricion global,sobrepeso (s),2005-09-01,501,470,175,208,676,678,1354
40103,EL CHORO,desnutricion global,sobrepeso (s),2005-09-01,2,0,0,0,2,0,2
60502,EL PUENTE(TJA),desnutricion global,sobrepeso (s),2005-09-01,10,4,1,1,11,5,16
70105,EL TORNO,desnutricion global,sobrepeso (s),2005-09-01,65,50,7,12,72,62,134
10405,EL VILLAR,desnutricion global,sobrepeso (s),2005-09-01,7,10,3,1,10,11,21
60601,ENTRE RIOS,desnutricion global,sobrepeso (s),2005-09-01,56,25,9,4,65,29,94
60601,ENTRE RIOS,desnutricion global,sobrepeso (s),2005-09-01,36,23,13,12,49,35,84
40502,ESCARA,desnutricion global,sobrepeso (s),2005-09-01,0,0,0,1,0,1,1
41101,EUCALIPTUS,desnutricion global,sobrepeso (s),2005-09-01,8,6,3,3,11,9,20
90503,EUREKA (SANTOS MERCADO),desnutricion global,sobrepeso (s),2005-09-01,1,0,0,0,1,0,1
80402,EXALTACION,desnutricion global,sobrepeso (s),2005-09-01,12,8,6,5,18,13,31
71004,FERNANDEZ ALONSO,desnutricion global,sobrepeso (s),2005-09-01,49,26,4,6,53,32,85
90203,FILADELFIA,desnutricion global,sobrepeso (s),2005-09-01,7,6,3,2,10,8,18
71002,GENERAL SAAVEDRA,desnutricion global,sobrepeso (s),2005-09-01,48,72,18,19,66,91,157
21601,GRAL. J.J. PEREZ (CHARAZANI),desnutricion global,sobrepeso (s),2005-09-01,6,10,2,0,8,10,18
20602,GUANAY,desnutricion global,sobrepeso (s),2005-09-01,29,26,5,4,34,30,64
20802,GUAQUI,desnutricion global,sobrepeso (s),2005-09-01,2,2,0,2,2,4,6
80202,GUAYARAMERIN,desnutricion global,sobrepeso (s),2005-09-01,97,77,13,10,110,87,197
70705,GUTIERREZ,desnutricion global,sobrepeso (s),2005-09-01,23,19,11,13,34,32,66
10502,HUACARETA,desnutricion global,sobrepeso (s),2005-09-01,12,16,6,3,18,19,37
11002,HUACAYA (VILLA DE HUACAYA),desnutricion global,sobrepeso (s),2005-09-01,8,9,5,2,13,11,24
40501,HUACHACALLA,desnutricion global,sobrepeso (s),2005-09-01,1,1,0,0,1,1,2
40701,HUANUNI,desnutricion global,sobrepeso (s),2005-09-01,28,23,1,1,29,24,53
80803,HUARACAJE,desnutricion global,sobrepeso (s),2005-09-01,8,1,1,0,9,1,10
41601,HUAYLLAMARCA,desnutricion global,sobrepeso (s),2005-09-01,0,2,0,0,0,2,2
21005,ICHOCA,desnutricion global,sobrepeso (s),2005-09-01,3,1,0,0,3,1,4
10304,ICLA,desnutricion global,sobrepeso (s),2005-09-01,1,4,2,2,3,6,9
10703,INCAHUASI,desnutricion global,sobrepeso (s),2005-09-01,16,13,0,1,16,14,30
21001,INQUISIVI,desnutricion global,sobrepeso (s),2005-09-01,20,11,9,13,29,24,53
21102,IRUPANA (VILLA DE LANZA),desnutricion global,sobrepeso (s),2005-09-01,10,10,3,3,13,13,26
21501,IXIAMAS,desnutricion global,sobrepeso (s),2005-09-01,18,12,6,4,24,16,40
20806,JESUS DE MACHACA,desnutricion global,sobrepeso (s),2005-09-01,1,1,0,0,1,1,2
21105,LA ASUNTA,desnutricion global,sobrepeso (s),2005-09-01,29,14,2,0,31,14,45
70104,LA GUARDIA,desnutricion global,sobrepeso (s),2005-09-01,69,36,18,10,87,46,133
20101,LA PAZ,desnutricion global,sobrepeso (s),2005-09-01,528,526,208,190,736,716,1452
70701,LAGUNILLAS,desnutricion global,sobrepeso (s),2005-09-01,29,18,12,9,41,27,68
21202,LAJA,desnutricion global,sobrepeso (s),2005-09-01,9,6,5,4,14,10,24
10903,LAS CARRERAS,desnutricion global,sobrepeso (s),2005-09-01,8,0,2,0,10,0,10
50203,LLALLAGUA,desnutricion global,sobrepeso (s),2005-09-01,72,75,23,31,95,106,201
51401,LLICA,desnutricion global,sobrepeso (s),2005-09-01,1,0,2,0,3,0,3
80601,LORETO,desnutricion global,sobrepeso (s),2005-09-01,7,4,8,1,15,5,20
20901,LURIBAY,desnutricion global,sobrepeso (s),2005-09-01,2,1,0,0,2,1,3
40702,MACHACAMARCA,desnutricion global,sobrepeso (s),2005-09-01,2,6,1,3,3,9,12
11003,MACHARETI,desnutricion global,sobrepeso (s),2005-09-01,25,30,12,11,37,41,78
80801,MAGDALENA,desnutricion global,sobrepeso (s),2005-09-01,10,19,4,4,14,23,37
70903,MAIRANA,desnutricion global,sobrepeso (s),2005-09-01,17,13,5,3,22,16,38
20904,MALLA,desnutricion global,sobrepeso (s),2005-09-01,1,1,0,0,1,1,2
20607,MAPIRI,desnutricion global,sobrepeso (s),2005-09-01,29,12,1,0,30,12,42
20103,MECAPACA,desnutricion global,sobrepeso (s),2005-09-01,10,6,0,0,10,6,16
71003,MINEROS,desnutricion global,sobrepeso (s),2005-09-01,42,49,22,15,64,64,128
31301,MIZQUE,desnutricion global,sobrepeso (s),2005-09-01,13,12,2,5,15,17,32
20402,MOCOMOCO,desnutricion global,sobrepeso (s),2005-09-01,7,7,2,1,9,8,17
51002,MOJINETE,desnutricion global,sobrepeso (s),2005-09-01,2,0,1,0,3,0,3
10303,MOJOCOYA,desnutricion global,sobrepeso (s),2005-09-01,9,7,5,0,14,7,21
10501,MONTEAGUDO,desnutricion global,sobrepeso (s),2005-09-01,90,62,15,10,105,72,177
71001,MONTERO,desnutricion global,sobrepeso (s),2005-09-01,330,316,118,83,448,399,847
70803,MORO MORO,desnutricion global,sobrepeso (s),2005-09-01,4,1,1,0,5,1,6
30302,MOROCHATA,desnutricion global,sobrepeso (s),2005-09-01,22,13,5,5,27,18,45
90501,NUEVO MANOA (NUEVA ESPERANZA),desnutricion global,sobrepeso (s),2005-09-01,4,3,13,8,17,11,28
50404,OCURI,desnutricion global,sobrepeso (s),2005-09-01,5,3,0,0,5,3,8
70202,OKINAWA,desnutricion global,sobrepeso (s),2005-09-01,17,3,1,4,18,7,25
30203,OMEREQUE,desnutricion global,sobrepeso (s),2005-09-01,5,1,0,0,5,1,6
40101,ORURO,desnutricion global,sobrepeso (s),2005-09-01,163,199,38,34,201,233,434
60201,PADCAYA,desnutricion global,sobrepeso (s),2005-09-01,30,11,12,20,42,31,73
10401,PADILLA,desnutricion global,sobrepeso (s),2005-09-01,16,14,8,4,24,18,42
20102,PALCA,desnutricion global,sobrepeso (s),2005-09-01,6,5,0,1,6,6,12
21104,PALOS BLANCOS,desnutricion global,sobrepeso (s),2005-09-01,29,22,6,6,35,28,63
40802,PAMPA AULLAGAS,desnutricion global,sobrepeso (s),2005-09-01,2,5,0,0,2,5,7
70902,PAMPA GRANDE,desnutricion global,sobrepeso (s),2005-09-01,13,11,4,2,17,13,30
21802,PAPEL PAMPA,desnutricion global,sobrepeso (s),2005-09-01,0,3,0,0,0,3,3
30202,PASORAPA,desnutricion global,sobrepeso (s),2005-09-01,4,11,2,0,6,11,17
21305,PATACAMAYA,desnutricion global,sobrepeso (s),2005-09-01,5,1,3,3,8,4,12
40602,PAZÑA,desnutricion global,sobrepeso (s),2005-09-01,4,5,3,4,7,9,16
20702,PELECHUCO,desnutricion global,sobrepeso (s),2005-09-01,3,0,0,1,3,1,4
50403,POCOATA,desnutricion global,sobrepeso (s),2005-09-01,19,15,1,1,20,16,36
31203,POCONA,desnutricion global,sobrepeso (s),2005-09-01,8,4,0,1,8,5,13
31202,POJO (CBBA),desnutricion global,sobrepeso (s),2005-09-01,26,22,0,2,26,24,50
40601,POOPO,desnutricion global,sobrepeso (s),2005-09-01,3,1,0,2,3,3,6
51203,PORCO,desnutricion global,sobrepeso (s),2005-09-01,3,1,0,1,3,2,5
10103,POROMA,desnutricion global,sobrepeso (s),2005-09-01,11,14,0,0,11,14,25
70103,PORONGO,desnutricion global,sobrepeso (s),2005-09-01,7,4,0,1,7,5,12
70601,PORTACHUELO,desnutricion global,sobrepeso (s),2005-09-01,67,59,27,21,94,80,174
90102,PORVENIR,desnutricion global,sobrepeso (s),2005-09-01,3,6,2,1,5,7,12
70804,POSTRER VALLE,desnutricion global,sobrepeso (s),2005-09-01,5,4,1,0,6,4,10
50101,POTOSI,desnutricion global,sobrepeso (s),2005-09-01,66,55,14,9,80,64,144
10302,PRESTO,desnutricion global,sobrepeso (s),2005-09-01,5,3,2,0,7,3,10
70805,PUCARA,desnutricion global,sobrepeso (s),2005-09-01,2,0,2,0,4,0,4
21201,PUCARANI,desnutricion global,sobrepeso (s),2005-09-01,19,13,0,1,19,14,33
20401,PUERTO ACOSTA,desnutricion global,sobrepeso (s),2005-09-01,2,0,0,0,2,0,2
20403,PUERTO CARABUCO,desnutricion global,sobrepeso (s),2005-09-01,7,11,3,1,10,12,22
90301,PUERTO GONZALO MORENO,desnutricion global,sobrepeso (s),2005-09-01,2,1,0,1,2,2,4
21204,PUERTO PEREZ,desnutricion global,sobrepeso (s),2005-09-01,0,5,0,0,0,5,5
90201,PUERTO RICO,desnutricion global,sobrepeso (s),2005-09-01,9,15,1,3,10,18,28
80703,PUERTO SILES,desnutricion global,sobrepeso (s),2005-09-01,1,0,1,5,2,5,7
31205,PUERTO VILLARROEL,desnutricion global,sobrepeso (s),2005-09-01,60,39,5,4,65,43,108
51101,PUNA,desnutricion global,sobrepeso (s),2005-09-01,21,16,2,1,23,17,40
31401,PUNATA,desnutricion global,sobrepeso (s),2005-09-01,9,5,2,6,11,11,22
20604,QUIABAYA,desnutricion global,sobrepeso (s),2005-09-01,1,1,0,0,1,1,2
30901,QUILLACOLLO,desnutricion global,sobrepeso (s),2005-09-01,25,26,8,4,33,30,63
21002,QUIME,desnutricion global,sobrepeso (s),2005-09-01,3,2,3,1,6,3,9
70904,QUIRUSILLAS,desnutricion global,sobrepeso (s),2005-09-01,16,4,3,2,19,6,25
50402,RAVELO,desnutricion global,sobrepeso (s),2005-09-01,8,1,0,3,8,4,12
80301,REYES,desnutricion global,sobrepeso (s),2005-09-01,37,40,8,4,45,44,89
80201,RIBERALTA,desnutricion global,sobrepeso (s),2005-09-01,121,31,9,5,130,36,166
80304,RURRENABAQUE,desnutricion global,sobrepeso (s),2005-09-01,12,9,1,1,13,10,23
40901,SABAYA,desnutricion global,sobrepeso (s),2005-09-01,4,4,2,0,6,4,10
31001,SACABA,desnutricion global,sobrepeso (s),2005-09-01,40,36,4,1,44,37,81
30404,SACABAMBA,desnutricion global,sobrepeso (s),2005-09-01,2,4,1,0,3,4,7
50701,SACACA,desnutricion global,sobrepeso (s),2005-09-01,10,6,1,1,11,7,18
71302,SAIPINA,desnutricion global,sobrepeso (s),2005-09-01,42,24,15,16,57,40,97
40801,SALINAS DE GARCI MENDOZA,desnutricion global,sobrepeso (s),2005-09-01,5,10,3,4,8,14,22
70901,SAMAIPATA,desnutricion global,sobrepeso (s),2005-09-01,13,9,5,5,18,14,32
51601,SAN AGUSTIN,desnutricion global,sobrepeso (s),2005-09-01,1,3,1,0,2,3,5
80602,SAN ANDRES,desnutricion global,sobrepeso (s),2005-09-01,18,11,0,2,18,13,31
20805,SAN ANDRES DE MACHACA,desnutricion global,sobrepeso (s),2005-09-01,4,1,1,0,5,1,6
71105,SAN ANTONIO DE LOMERIO,desnutricion global,sobrepeso (s),2005-09-01,8,10,1,1,9,11,20
31403,SAN BENITO,desnutricion global,sobrepeso (s),2005-09-01,4,4,0,0,4,4,8
80302,SAN BORJA,desnutricion global,sobrepeso (s),2005-09-01,94,57,13,8,107,65,172
21502,SAN BUENA VENTURA,desnutricion global,sobrepeso (s),2005-09-01,7,1,1,0,8,1,9
70402,SAN CARLOS,desnutricion global,sobrepeso (s),2005-09-01,30,12,6,5,36,17,53
80501,SAN IGNACIO,desnutricion global,sobrepeso (s),2005-09-01,36,8,8,1,44,9,53
70301,SAN IGNACIO DE VELASCO,desnutricion global,sobrepeso (s),2005-09-01,112,69,13,12,125,81,206
80102,SAN JAVIER(BNI),desnutricion global,sobrepeso (s),2005-09-01,8,9,2,1,10,10,20
71102,SAN JAVIER(STC),desnutricion global,sobrepeso (s),2005-09-01,12,7,1,0,13,7,20
80701,SAN JOAQUIN,desnutricion global,sobrepeso (s),2005-09-01,30,23,6,6,36,29,65
70501,SAN JOSE DE CHIQUITOS,desnutricion global,sobrepeso (s),2005-09-01,2,3,0,1,2,4,6
70404,SAN JUAN DE YAPACANI,desnutricion global,sobrepeso (s),2005-09-01,28,19,3,3,31,22,53
71104,SAN JULIAN,desnutricion global,sobrepeso (s),2005-09-01,27,34,13,17,40,51,91
90302,SAN LORENZO(PND),desnutricion global,sobrepeso (s),2005-09-01,12,10,11,7,23,17,40
60501,SAN LORENZO(TJA),desnutricion global,sobrepeso (s),2005-09-01,19,13,6,4,25,17,42
10702,SAN LUCAS,desnutricion global,sobrepeso (s),2005-09-01,14,19,4,1,18,20,38
70302,SAN MIGUEL DE VELASCO,desnutricion global,sobrepeso (s),2005-09-01,13,18,5,0,18,18,36
51001,SAN PABLO DE LIPEZ,desnutricion global,sobrepeso (s),2005-09-01,3,0,2,0,5,0,5
71005,SAN PEDRO,desnutricion global,sobrepeso (s),2005-09-01,40,27,10,5,50,32,82
50501,SAN PEDRO DE BUENA VISTA,desnutricion global,sobrepeso (s),2005-09-01,9,12,8,4,17,16,33
21801,SAN PEDRO DE CURAHUARA,desnutricion global,sobrepeso (s),2005-09-01,2,3,0,3,2,6,8
50902,SAN PEDRO DE QUEMES,desnutricion global,sobrepeso (s),2005-09-01,1,0,0,0,1,0,1
21702,SAN PEDRO DE TIQUINA,desnutricion global,sobrepeso (s),2005-09-01,1,3,0,0,1,3,4
70303,SAN RAFAEL,desnutricion global,sobrepeso (s),2005-09-01,1,2,0,1,1,3,4
80702,SAN RAMON,desnutricion global,sobrepeso (s),2005-09-01,18,9,4,3,22,12,34
80401,SANTA ANA,desnutricion global,sobrepeso (s),2005-09-01,48,43,15,20,63,63,126
70101,SANTA CRUZ DE LA SIERRA,desnutricion global,sobrepeso (s),2005-09-01,1794,1569,566,509,2360,2078,4438
80303,SANTA ROSA,desnutricion global,sobrepeso (s),2005-09-01,4,4,2,3,6,7,13
70602,SANTA ROSA DEL SARA,desnutricion global,sobrepeso (s),2005-09-01,18,20,11,8,29,28,57
20308,SANTIAGO DE CALLAPA,desnutricion global,sobrepeso (s),2005-09-01,0,1,0,0,0,1,1
41401,SANTIAGO DE HUARI,desnutricion global,sobrepeso (s),2005-09-01,3,2,1,1,4,3,7
21901,SANTIAGO DE MACHACA,desnutricion global,sobrepeso (s),2005-09-01,1,2,0,0,1,2,3
30702,SANTIVAÑES,desnutricion global,sobrepeso (s),2005-09-01,2,2,0,0,2,2,4
40202,SANTUARIO DE QUILLACAS,desnutricion global,sobrepeso (s),2005-09-01,3,1,1,0,4,1,5
20902,SAPAHAQUI,desnutricion global,sobrepeso (s),2005-09-01,0,1,0,0,0,1,1
90303,SENA,desnutricion global,sobrepeso (s),2005-09-01,9,6,2,4,11,10,21
21301,SICA SICA (VILLA AROMA),desnutricion global,sobrepeso (s),2005-09-01,4,4,1,2,5,6,11
30703,SICAYA,desnutricion global,sobrepeso (s),2005-09-01,2,0,1,0,3,0,3
30902,SIPE SIPE,desnutricion global,sobrepeso (s),2005-09-01,64,78,18,17,82,95,177
10403,SOPACHUY,desnutricion global,sobrepeso (s),2005-09-01,7,5,0,0,7,5,12
40104,SORACACHI,desnutricion global,sobrepeso (s),2005-09-01,6,7,2,3,8,10,18
20601,SORATA,desnutricion global,sobrepeso (s),2005-09-01,8,6,3,5,11,11,22
10101,SUCRE,desnutricion global,sobrepeso (s),2005-09-01,203,208,74,102,277,310,587
31404,TACACHI,desnutricion global,sobrepeso (s),2005-09-01,0,1,0,0,0,1,1
20603,TACACOMA,desnutricion global,sobrepeso (s),2005-09-01,2,4,1,1,3,5,8
50303,TACOBAMBA,desnutricion global,sobrepeso (s),2005-09-01,10,11,0,1,10,12,22
30602,TACOPAYA,desnutricion global,sobrepeso (s),2005-09-01,4,4,0,0,4,4,8
51402,TAHUA,desnutricion global,sobrepeso (s),2005-09-01,2,0,0,0,2,0,2
31101,TAPACARI,desnutricion global,sobrepeso (s),2005-09-01,7,6,0,1,7,7,14
10601,TARABUCO,desnutricion global,sobrepeso (s),2005-09-01,13,26,7,3,20,29,49
20807,TARACO,desnutricion global,sobrepeso (s),2005-09-01,1,1,0,0,1,1,2
30401,TARATA,desnutricion global,sobrepeso (s),2005-09-01,8,9,2,0,10,9,19
60101,TARIJA,desnutricion global,sobrepeso (s),2005-09-01,316,264,66,62,382,326,708
10202,TARVITA,desnutricion global,sobrepeso (s),2005-09-01,7,5,4,0,11,5,16
20608,TEOPONTE,desnutricion global,sobrepeso (s),2005-09-01,26,18,3,6,29,24,53
20803,TIAWANACU,desnutricion global,sobrepeso (s),2005-09-01,2,8,1,1,3,9,12
50102,TINGUIPAYA,desnutricion global,sobrepeso (s),2005-09-01,6,2,0,0,6,2,8
20606,TIPUANI,desnutricion global,sobrepeso (s),2005-09-01,37,13,1,0,38,13,51
30903,TIQUIPAYA,desnutricion global,sobrepeso (s),2005-09-01,33,16,3,0,36,16,52
31601,TIRAQUE (CBBA),desnutricion global,sobrepeso (s),2005-09-01,43,70,12,14,55,84,139
21703,TITO YUPANQUI (PARQUIPUJIO),desnutricion global,sobrepeso (s),2005-09-01,1,0,0,0,1,0,1
30802,TOCO,desnutricion global,sobrepeso (s),2005-09-01,2,0,2,1,4,1,5
30803,TOLATA,desnutricion global,sobrepeso (s),2005-09-01,3,2,1,1,4,3,7
41001,TOLEDO,desnutricion global,sobrepeso (s),2005-09-01,1,2,2,3,3,5,8
51202,TOMAVE,desnutricion global,sobrepeso (s),2005-09-01,4,2,0,0,4,2,6
10402,TOMINA,desnutricion global,sobrepeso (s),2005-09-01,7,10,0,0,7,10,17
50502,TORO TORO,desnutricion global,sobrepeso (s),2005-09-01,16,6,4,0,20,6,26
31201,TOTORA(CBBA),desnutricion global,sobrepeso (s),2005-09-01,9,11,0,1,9,12,21
41301,TOTORA(ORR),desnutricion global,sobrepeso (s),2005-09-01,1,0,0,0,1,0,1
70802,TRIGAL,desnutricion global,sobrepeso (s),2005-09-01,2,2,1,1,3,3,6
80101,TRINIDAD,desnutricion global,sobrepeso (s),2005-09-01,221,132,51,32,272,164,436
50801,TUPIZA,desnutricion global,sobrepeso (s),2005-09-01,34,25,8,7,42,32,74
40402,TURCO,desnutricion global,sobrepeso (s),2005-09-01,2,1,1,1,3,2,5
21302,UMALA,desnutricion global,sobrepeso (s),2005-09-01,1,3,1,0,2,3,5
50201,UNCIA,desnutricion global,sobrepeso (s),2005-09-01,11,9,5,2,16,11,27
60401,URIONDO (A. CONCEPCION),desnutricion global,sobrepeso (s),2005-09-01,29,21,14,8,43,29,72
51201,UYUNI,desnutricion global,sobrepeso (s),2005-09-01,25,17,3,3,28,20,48
30502,VACAS,desnutricion global,sobrepeso (s),2005-09-01,7,3,1,3,8,6,14
70801,VALLEGRANDE,desnutricion global,sobrepeso (s),2005-09-01,28,31,13,6,41,37,78
20801,VIACHA,desnutricion global,sobrepeso (s),2005-09-01,33,29,13,3,46,32,78
31302,VILA VILA,desnutricion global,sobrepeso (s),2005-09-01,3,2,1,0,4,2,6
60303,VILLA MONTES,desnutricion global,sobrepeso (s),2005-09-01,41,33,7,6,48,39,87
90502,VILLA NUEVA (LOMA ALTA),desnutricion global,sobrepeso (s),2005-09-01,2,0,0,0,2,0,2
31402,VILLA RIVERO,desnutricion global,sobrepeso (s),2005-09-01,7,13,3,1,10,14,24
10801,VILLA SERRANO,desnutricion global,sobrepeso (s),2005-09-01,14,13,5,2,19,15,34
31003,VILLA TUNARI,desnutricion global,sobrepeso (s),2005-09-01,67,50,15,11,82,61,143
11001,VILLA VACA GUZMAN (MUYUPAMPA),desnutricion global,sobrepeso (s),2005-09-01,23,22,7,1,30,23,53
51501,VILLAZON,desnutricion global,sobrepeso (s),2005-09-01,34,36,9,4,43,40,83
30904,VINTO,desnutricion global,sobrepeso (s),2005-09-01,26,14,4,8,30,22,52
50602,VITICHI,desnutricion global,sobrepeso (s),2005-09-01,6,3,0,2,6,5,11
70201,WARNES,desnutricion global,sobrepeso (s),2005-09-01,164,142,32,38,196,180,376
20903,YACO,desnutricion global,sobrepeso (s),2005-09-01,0,2,0,0,0,2,2
60301,YACUIBA,desnutricion global,sobrepeso (s),2005-09-01,112,100,28,23,140,123,263
10602,YAMPARAEZ,desnutricion global,sobrepeso (s),2005-09-01,6,13,1,1,7,14,21
21103,YANACACHI,desnutricion global,sobrepeso (s),2005-09-01,1,1,0,0,1,1,2
70403,YAPACANI,desnutricion global,sobrepeso (s),2005-09-01,122,128,8,19,130,147,277
50103,YOCALLA,desnutricion global,sobrepeso (s),2005-09-01,2,0,1,1,3,1,4
10102,YOTALA,desnutricion global,sobrepeso (s),2005-09-01,16,11,8,5,24,16,40
60402,YUNCHARA,desnutricion global,sobrepeso (s),2005-09-01,2,5,0,1,2,6,8
10301,ZUDAÑEZ,desnutricion global,sobrepeso (s),2005-09-01,11,5,2,0,13,5,18
51302,ACACIO,desnutricion global,sobrepeso (s),2005-10-01,1,3,0,0,1,3,4
20201,ACHACACHI,desnutricion global,sobrepeso (s),2005-10-01,41,33,5,14,46,47,93
20104,ACHOCALLA,desnutricion global,sobrepeso (s),2005-10-01,7,2,0,0,7,2,9
30201,AIQUILE,desnutricion global,sobrepeso (s),2005-10-01,8,4,1,1,9,5,14
31303,ALALAY,desnutricion global,sobrepeso (s),2005-10-01,2,0,0,0,2,0,2
10404,ALCALA,desnutricion global,sobrepeso (s),2005-10-01,8,4,1,0,9,4,13
20202,ANCORAIMES,desnutricion global,sobrepeso (s),2005-10-01,3,3,1,2,4,5,9
41201,ANDAMARCA,desnutricion global,sobrepeso (s),2005-10-01,1,0,1,1,2,1,3
40603,ANTEQUERA,desnutricion global,sobrepeso (s),2005-10-01,1,1,0,0,1,1,2
30402,ANZALDO,desnutricion global,sobrepeso (s),2005-10-01,3,5,1,1,4,6,10
20701,APOLO,desnutricion global,sobrepeso (s),2005-10-01,14,16,0,1,14,17,31
51301,ARAMPAMPA,desnutricion global,sobrepeso (s),2005-10-01,6,1,1,0,7,1,8
30501,ARANI,desnutricion global,sobrepeso (s),2005-10-01,5,9,0,1,5,10,15
30403,ARBIETO,desnutricion global,sobrepeso (s),2005-10-01,6,3,0,0,6,3,9
30601,ARQUE,desnutricion global,sobrepeso (s),2005-10-01,5,3,0,0,5,3,8
71501,ASCENCION DE GUARAYOS,desnutricion global,sobrepeso (s),2005-10-01,30,53,17,14,47,67,114
50802,ATOCHA,desnutricion global,sobrepeso (s),2005-10-01,13,7,2,3,15,10,25
20503,AUCAPATA,desnutricion global,sobrepeso (s),2005-10-01,4,1,1,0,5,1,6
20502,AYATA,desnutricion global,sobrepeso (s),2005-10-01,3,2,0,0,3,2,5
21303,AYO AYO,desnutricion global,sobrepeso (s),2005-10-01,3,1,0,0,3,1,4
30301,AYOPAYA (V. DE INDEPENDENCIA),desnutricion global,sobrepeso (s),2005-10-01,20,14,4,3,24,17,41
10201,AZURDUY,desnutricion global,sobrepeso (s),2005-10-01,13,8,3,0,16,8,24
21203,BATALLAS,desnutricion global,sobrepeso (s),2005-10-01,7,3,2,2,9,5,14
80802,BAURES,desnutricion global,sobrepeso (s),2005-10-01,6,12,0,2,6,14,20
41202,BELEN DE ANDAMARCA,desnutricion global,sobrepeso (s),2005-10-01,1,0,0,0,1,0,1
50104,BELEN DE URMIRI,desnutricion global,sobrepeso (s),2005-10-01,3,2,0,0,3,2,5
90104,BELLA FLOR,desnutricion global,sobrepeso (s),2005-10-01,2,1,0,0,2,1,3
60202,BERMEJO,desnutricion global,sobrepeso (s),2005-10-01,12,12,1,2,13,14,27
50301,BETANZOS,desnutricion global,sobrepeso (s),2005-10-01,15,19,8,1,23,20,43
31501,BOLIVAR,desnutricion global,sobrepeso (s),2005-10-01,0,2,1,1,1,3,4
90103,BOLPEBRA,desnutricion global,sobrepeso (s),2005-10-01,1,3,0,0,1,3,4
70707,BOYUIBE,desnutricion global,sobrepeso (s),2005-10-01,6,0,3,2,9,2,11
70401,BUENA VISTA,desnutricion global,sobrepeso (s),2005-10-01,66,42,25,25,91,67,158
70703,CABEZAS,desnutricion global,sobrepeso (s),2005-10-01,34,36,13,5,47,41,88
20905,CAIROMA,desnutricion global,sobrepeso (s),2005-10-01,7,6,1,2,8,8,16
51102,"CAIZA ""D""",desnutricion global,sobrepeso (s),2005-10-01,6,6,1,0,7,6,13
21003,CAJUATA,desnutricion global,sobrepeso (s),2005-10-01,41,25,5,4,46,29,75
20303,CALACOTO,desnutricion global,sobrepeso (s),2005-10-01,2,0,0,0,2,0,2
21304,CALAMARCA,desnutricion global,sobrepeso (s),2005-10-01,8,3,0,1,8,4,12
10701,CAMARGO,desnutricion global,sobrepeso (s),2005-10-01,23,18,8,6,31,24,55
10901,CAMATAQUI (C. VILLA ABECIA),desnutricion global,sobrepeso (s),2005-10-01,1,4,0,2,1,6,7
70706,CAMIRI,desnutricion global,sobrepeso (s),2005-10-01,104,71,28,19,132,90,222
30701,CAPINOTA,desnutricion global,sobrepeso (s),2005-10-01,2,2,1,1,3,3,6
20302,CAQUIAVIRI,desnutricion global,sobrepeso (s),2005-10-01,7,1,3,0,10,1,11
40102,CARACOLLO,desnutricion global,sobrepeso (s),2005-10-01,16,10,2,1,18,11,29
22001,CARANAVI,desnutricion global,sobrepeso (s),2005-10-01,125,78,8,6,133,84,217
60302,CARAPARI,desnutricion global,sobrepeso (s),2005-10-01,31,21,3,3,34,24,58
50702,CARIPUYO,desnutricion global,sobrepeso (s),2005-10-01,3,2,0,2,3,4,7
71403,CARMEN RIVERO TORREZ,desnutricion global,sobrepeso (s),2005-10-01,6,5,2,2,8,7,15
21803,CHACARILLA,desnutricion global,sobrepeso (s),2005-10-01,1,0,0,0,1,0,1
40201,CHALLAPATA,desnutricion global,sobrepeso (s),2005-10-01,14,13,1,1,15,14,29
50302,CHAQUI,desnutricion global,sobrepeso (s),2005-10-01,7,8,0,0,7,8,15
70702,CHARAGUA,desnutricion global,sobrepeso (s),2005-10-01,44,38,14,9,58,47,105
50202,CHAYANTA,desnutricion global,sobrepeso (s),2005-10-01,6,4,2,1,8,5,13
31204,CHIMORE,desnutricion global,sobrepeso (s),2005-10-01,7,8,1,1,8,9,17
40903,CHIPAYA,desnutricion global,sobrepeso (s),2005-10-01,3,2,0,0,3,2,5
40302,CHOQUE COTA,desnutricion global,sobrepeso (s),2005-10-01,0,1,0,0,0,1,1
21101,CHULUMANI (V. DE LA LIBERTAD),desnutricion global,sobrepeso (s),2005-10-01,10,2,0,0,10,2,12
20501,CHUMA,desnutricion global,sobrepeso (s),2005-10-01,3,5,1,0,4,5,9
30801,CLIZA,desnutricion global,sobrepeso (s),2005-10-01,26,19,5,1,31,20,51
90101,COBIJA,desnutricion global,sobrepeso (s),2005-10-01,60,61,10,13,70,74,144
30101,COCHABAMBA,desnutricion global,sobrepeso (s),2005-10-01,449,291,101,54,550,345,895
40902,COIPASA,desnutricion global,sobrepeso (s),2005-10-01,1,3,0,0,1,3,4
30905,COLCAPIRHUA,desnutricion global,sobrepeso (s),2005-10-01,43,34,10,10,53,44,97
50901,"COLCHA ""K""",desnutricion global,sobrepeso (s),2005-10-01,6,7,1,3,7,10,17
21307,COLLANA,desnutricion global,sobrepeso (s),2005-10-01,6,0,1,0,7,0,7
31002,COLOMI,desnutricion global,sobrepeso (s),2005-10-01,10,10,1,1,11,11,22
70603,COLPA BELGICA,desnutricion global,sobrepeso (s),2005-10-01,15,5,6,7,21,12,33
50401,COLQUECHACA,desnutricion global,sobrepeso (s),2005-10-01,14,7,1,0,15,7,22
21306,COLQUENCHA,desnutricion global,sobrepeso (s),2005-10-01,7,3,0,0,7,3,10
21004,COLQUIRI,desnutricion global,sobrepeso (s),2005-10-01,9,13,0,1,9,14,23
71301,COMARAPA,desnutricion global,sobrepeso (s),2005-10-01,66,75,20,16,86,91,177
20605,COMBAYA,desnutricion global,sobrepeso (s),2005-10-01,0,1,0,1,0,2,2
71101,CONCEPCION,desnutricion global,sobrepeso (s),2005-10-01,1,0,1,0,2,0,2
21701,COPACABANA,desnutricion global,sobrepeso (s),2005-10-01,9,11,3,0,12,11,23
21402,CORIPATA,desnutricion global,sobrepeso (s),2005-10-01,25,21,8,8,33,29,62
20301,CORO CORO,desnutricion global,sobrepeso (s),2005-10-01,3,4,0,1,3,5,8
21401,COROICO,desnutricion global,sobrepeso (s),2005-10-01,4,2,0,0,4,2,6
40301,CORQUE,desnutricion global,sobrepeso (s),2005-10-01,2,2,3,2,5,4,9
50601,COTAGAITA,desnutricion global,sobrepeso (s),2005-10-01,9,6,5,2,14,8,22
70102,COTOCA,desnutricion global,sobrepeso (s),2005-10-01,53,22,20,6,73,28,101
71106,CUATRO CAÑADAS,desnutricion global,sobrepeso (s),2005-10-01,41,27,7,4,48,31,79
31405,CUCHUMUELA (V. G. VILLARROEL),desnutricion global,sobrepeso (s),2005-10-01,1,0,0,0,1,0,1
70704,CUEVO,desnutricion global,sobrepeso (s),2005-10-01,5,7,1,4,6,11,17
10902,CULPINA,desnutricion global,sobrepeso (s),2005-10-01,17,16,1,0,18,16,34
40401,CURAHUARA DE CARANGAS,desnutricion global,sobrepeso (s),2005-10-01,3,4,1,0,4,4,8
20804,DESAGUADERO,desnutricion global,sobrepeso (s),2005-10-01,6,1,3,1,9,2,11
20105,EL ALTO,desnutricion global,sobrepeso (s),2005-10-01,467,497,129,142,596,639,1235
40103,EL CHORO,desnutricion global,sobrepeso (s),2005-10-01,3,2,0,0,3,2,5
71503,EL PUENTE(STC),desnutricion global,sobrepeso (s),2005-10-01,43,15,6,1,49,16,65
60502,EL PUENTE(TJA),desnutricion global,sobrepeso (s),2005-10-01,11,6,3,3,14,9,23
70105,EL TORNO,desnutricion global,sobrepeso (s),2005-10-01,54,28,8,4,62,32,94
10405,EL VILLAR,desnutricion global,sobrepeso (s),2005-10-01,10,8,3,0,13,8,21
60601,ENTRE RIOS,desnutricion global,sobrepeso (s),2005-10-01,35,40,9,9,44,49,93
60601,ENTRE RIOS,desnutricion global,sobrepeso (s),2005-10-01,36,29,3,5,39,34,73
41101,EUCALIPTUS,desnutricion global,sobrepeso (s),2005-10-01,12,7,1,0,13,7,20
80402,EXALTACION,desnutricion global,sobrepeso (s),2005-10-01,10,10,4,7,14,17,31
71004,FERNANDEZ ALONSO,desnutricion global,sobrepeso (s),2005-10-01,58,37,4,17,62,54,116
90203,FILADELFIA,desnutricion global,sobrepeso (s),2005-10-01,3,6,0,0,3,6,9
71002,GENERAL SAAVEDRA,desnutricion global,sobrepeso (s),2005-10-01,34,33,5,7,39,40,79
21601,GRAL. J.J. PEREZ (CHARAZANI),desnutricion global,sobrepeso (s),2005-10-01,7,12,0,0,7,12,19
20602,GUANAY,desnutricion global,sobrepeso (s),2005-10-01,13,18,0,1,13,19,32
20802,GUAQUI,desnutricion global,sobrepeso (s),2005-10-01,7,8,5,1,12,9,21
80202,GUAYARAMERIN,desnutricion global,sobrepeso (s),2005-10-01,109,89,13,8,122,97,219
70705,GUTIERREZ,desnutricion global,sobrepeso (s),2005-10-01,38,43,17,12,55,55,110
10502,HUACARETA,desnutricion global,sobrepeso (s),2005-10-01,12,11,11,9,23,20,43
11002,HUACAYA (VILLA DE HUACAYA),desnutricion global,sobrepeso (s),2005-10-01,7,3,5,1,12,4,16
40501,HUACHACALLA,desnutricion global,sobrepeso (s),2005-10-01,1,0,0,0,1,0,1
40701,HUANUNI,desnutricion global,sobrepeso (s),2005-10-01,25,21,4,0,29,21,50
80803,HUARACAJE,desnutricion global,sobrepeso (s),2005-10-01,6,1,1,0,7,1,8
21005,ICHOCA,desnutricion global,sobrepeso (s),2005-10-01,1,1,1,2,2,3,5
10304,ICLA,desnutricion global,sobrepeso (s),2005-10-01,3,2,0,1,3,3,6
10703,INCAHUASI,desnutricion global,sobrepeso (s),2005-10-01,15,13,1,1,16,14,30
21001,INQUISIVI,desnutricion global,sobrepeso (s),2005-10-01,20,12,1,3,21,15,36
21102,IRUPANA (VILLA DE LANZA),desnutricion global,sobrepeso (s),2005-10-01,14,14,4,5,18,19,37
21501,IXIAMAS,desnutricion global,sobrepeso (s),2005-10-01,17,13,5,2,22,15,37
20806,JESUS DE MACHACA,desnutricion global,sobrepeso (s),2005-10-01,4,4,2,0,6,4,10
21105,LA ASUNTA,desnutricion global,sobrepeso (s),2005-10-01,18,12,0,0,18,12,30
70104,LA GUARDIA,desnutricion global,sobrepeso (s),2005-10-01,73,47,18,8,91,55,146
20101,LA PAZ,desnutricion global,sobrepeso (s),2005-10-01,551,507,195,205,746,712,1458
70701,LAGUNILLAS,desnutricion global,sobrepeso (s),2005-10-01,21,20,10,15,31,35,66
21202,LAJA,desnutricion global,sobrepeso (s),2005-10-01,10,7,6,2,16,9,25
10903,LAS CARRERAS,desnutricion global,sobrepeso (s),2005-10-01,6,3,1,1,7,4,11
50203,LLALLAGUA,desnutricion global,sobrepeso (s),2005-10-01,27,28,12,19,39,47,86
51401,LLICA,desnutricion global,sobrepeso (s),2005-10-01,0,3,2,0,2,3,5
80601,LORETO,desnutricion global,sobrepeso (s),2005-10-01,8,9,4,1,12,10,22
20901,LURIBAY,desnutricion global,sobrepeso (s),2005-10-01,5,6,2,1,7,7,14
40702,MACHACAMARCA,desnutricion global,sobrepeso (s),2005-10-01,5,5,0,1,5,6,11
11003,MACHARETI,desnutricion global,sobrepeso (s),2005-10-01,23,26,9,13,32,39,71
80801,MAGDALENA,desnutricion global,sobrepeso (s),2005-10-01,9,12,1,3,10,15,25
70903,MAIRANA,desnutricion global,sobrepeso (s),2005-10-01,26,27,6,4,32,31,63
20904,MALLA,desnutricion global,sobrepeso (s),2005-10-01,0,2,0,0,0,2,2
20607,MAPIRI,desnutricion global,sobrepeso (s),2005-10-01,36,16,0,6,36,22,58
20103,MECAPACA,desnutricion global,sobrepeso (s),2005-10-01,8,5,0,1,8,6,14
71003,MINEROS,desnutricion global,sobrepeso (s),2005-10-01,54,28,15,15,69,43,112
31301,MIZQUE,desnutricion global,sobrepeso (s),2005-10-01,16,13,1,3,17,16,33
20402,MOCOMOCO,desnutricion global,sobrepeso (s),2005-10-01,9,9,1,1,10,10,20
51002,MOJINETE,desnutricion global,sobrepeso (s),2005-10-01,0,0,1,0,1,0,1
10303,MOJOCOYA,desnutricion global,sobrepeso (s),2005-10-01,7,3,3,2,10,5,15
10501,MONTEAGUDO,desnutricion global,sobrepeso (s),2005-10-01,74,44,12,13,86,57,143
71001,MONTERO,desnutricion global,sobrepeso (s),2005-10-01,300,262,99,73,399,335,734
70803,MORO MORO,desnutricion global,sobrepeso (s),2005-10-01,6,4,2,1,8,5,13
30302,MOROCHATA,desnutricion global,sobrepeso (s),2005-10-01,11,5,5,3,16,8,24
90401,NACEBE (SANTA ROSA DEL ABUNA),desnutricion global,sobrepeso (s),2005-10-01,3,2,0,1,3,3,6
90501,NUEVO MANOA (NUEVA ESPERANZA),desnutricion global,sobrepeso (s),2005-10-01,0,2,0,0,0,2,2
50404,OCURI,desnutricion global,sobrepeso (s),2005-10-01,3,10,1,1,4,11,15
70202,OKINAWA,desnutricion global,sobrepeso (s),2005-10-01,16,10,0,2,16,12,28
30203,OMEREQUE,desnutricion global,sobrepeso (s),2005-10-01,11,6,2,3,13,9,22
40101,ORURO,desnutricion global,sobrepeso (s),2005-10-01,164,194,59,34,223,228,451
60201,PADCAYA,desnutricion global,sobrepeso (s),2005-10-01,33,17,8,17,41,34,75
10401,PADILLA,desnutricion global,sobrepeso (s),2005-10-01,22,12,13,4,35,16,51
20102,PALCA,desnutricion global,sobrepeso (s),2005-10-01,6,9,4,0,10,9,19
21104,PALOS BLANCOS,desnutricion global,sobrepeso (s),2005-10-01,60,37,8,20,68,57,125
40802,PAMPA AULLAGAS,desnutricion global,sobrepeso (s),2005-10-01,1,3,0,2,1,5,6
70902,PAMPA GRANDE,desnutricion global,sobrepeso (s),2005-10-01,3,15,3,5,6,20,26
21802,PAPEL PAMPA,desnutricion global,sobrepeso (s),2005-10-01,4,2,0,2,4,4,8
30202,PASORAPA,desnutricion global,sobrepeso (s),2005-10-01,1,10,1,1,2,11,13
21305,PATACAMAYA,desnutricion global,sobrepeso (s),2005-10-01,4,7,1,0,5,7,12
40602,PAZÑA,desnutricion global,sobrepeso (s),2005-10-01,7,1,1,0,8,1,9
20702,PELECHUCO,desnutricion global,sobrepeso (s),2005-10-01,4,3,0,0,4,3,7
50403,POCOATA,desnutricion global,sobrepeso (s),2005-10-01,9,3,2,4,11,7,18
31203,POCONA,desnutricion global,sobrepeso (s),2005-10-01,7,11,3,2,10,13,23
31202,POJO (CBBA),desnutricion global,sobrepeso (s),2005-10-01,16,21,4,3,20,24,44
40601,POOPO,desnutricion global,sobrepeso (s),2005-10-01,0,1,1,0,1,1,2
51203,PORCO,desnutricion global,sobrepeso (s),2005-10-01,8,2,5,0,13,2,15
10103,POROMA,desnutricion global,sobrepeso (s),2005-10-01,19,9,2,1,21,10,31
70103,PORONGO,desnutricion global,sobrepeso (s),2005-10-01,5,5,0,0,5,5,10
70601,PORTACHUELO,desnutricion global,sobrepeso (s),2005-10-01,91,62,30,13,121,75,196
90102,PORVENIR,desnutricion global,sobrepeso (s),2005-10-01,10,0,3,0,13,0,13
70804,POSTRER VALLE,desnutricion global,sobrepeso (s),2005-10-01,7,13,3,3,10,16,26
50101,POTOSI,desnutricion global,sobrepeso (s),2005-10-01,72,64,7,9,79,73,152
10302,PRESTO,desnutricion global,sobrepeso (s),2005-10-01,3,6,3,2,6,8,14
70805,PUCARA,desnutricion global,sobrepeso (s),2005-10-01,5,4,1,0,6,4,10
21201,PUCARANI,desnutricion global,sobrepeso (s),2005-10-01,33,36,8,10,41,46,87
20401,PUERTO ACOSTA,desnutricion global,sobrepeso (s),2005-10-01,10,1,5,10,15,11,26
20403,PUERTO CARABUCO,desnutricion global,sobrepeso (s),2005-10-01,10,12,1,1,11,13,24
90301,PUERTO GONZALO MORENO,desnutricion global,sobrepeso (s),2005-10-01,3,3,0,0,3,3,6
21204,PUERTO PEREZ,desnutricion global,sobrepeso (s),2005-10-01,3,1,1,1,4,2,6
71402,PUERTO QUIJARRO,desnutricion global,sobrepeso (s),2005-10-01,19,18,3,3,22,21,43
90201,PUERTO RICO,desnutricion global,sobrepeso (s),2005-10-01,19,20,4,8,23,28,51
80703,PUERTO SILES,desnutricion global,sobrepeso (s),2005-10-01,4,0,0,1,4,1,5
71401,PUERTO SUAREZ,desnutricion global,sobrepeso (s),2005-10-01,34,14,0,1,34,15,49
31205,PUERTO VILLARROEL,desnutricion global,sobrepeso (s),2005-10-01,103,86,20,8,123,94,217
51101,PUNA,desnutricion global,sobrepeso (s),2005-10-01,17,10,5,8,22,18,40
31401,PUNATA,desnutricion global,sobrepeso (s),2005-10-01,5,6,2,1,7,7,14
20604,QUIABAYA,desnutricion global,sobrepeso (s),2005-10-01,0,0,2,0,2,0,2
30901,QUILLACOLLO,desnutricion global,sobrepeso (s),2005-10-01,57,38,24,22,81,60,141
21002,QUIME,desnutricion global,sobrepeso (s),2005-10-01,0,4,1,1,1,5,6
70904,QUIRUSILLAS,desnutricion global,sobrepeso (s),2005-10-01,8,1,2,0,10,1,11
50402,RAVELO,desnutricion global,sobrepeso (s),2005-10-01,3,4,3,0,6,4,10
80301,REYES,desnutricion global,sobrepeso (s),2005-10-01,30,32,11,6,41,38,79
80201,RIBERALTA,desnutricion global,sobrepeso (s),2005-10-01,78,26,7,7,85,33,118
70503,ROBORE,desnutricion global,sobrepeso (s),2005-10-01,3,1,1,0,4,1,5
80304,RURRENABAQUE,desnutricion global,sobrepeso (s),2005-10-01,30,21,4,2,34,23,57
40901,SABAYA,desnutricion global,sobrepeso (s),2005-10-01,5,2,1,0,6,2,8
31001,SACABA,desnutricion global,sobrepeso (s),2005-10-01,46,35,6,1,52,36,88
50701,SACACA,desnutricion global,sobrepeso (s),2005-10-01,0,3,1,1,1,4,5
71302,SAIPINA,desnutricion global,sobrepeso (s),2005-10-01,44,43,17,16,61,59,120
40801,SALINAS DE GARCI MENDOZA,desnutricion global,sobrepeso (s),2005-10-01,8,12,1,0,9,12,21
70901,SAMAIPATA,desnutricion global,sobrepeso (s),2005-10-01,14,13,3,7,17,20,37
51601,SAN AGUSTIN,desnutricion global,sobrepeso (s),2005-10-01,1,1,0,1,1,2,3
80602,SAN ANDRES,desnutricion global,sobrepeso (s),2005-10-01,22,5,2,2,24,7,31
20805,SAN ANDRES DE MACHACA,desnutricion global,sobrepeso (s),2005-10-01,4,0,0,1,4,1,5
71105,SAN ANTONIO DE LOMERIO,desnutricion global,sobrepeso (s),2005-10-01,1,2,0,0,1,2,3
31403,SAN BENITO,desnutricion global,sobrepeso (s),2005-10-01,3,2,0,0,3,2,5
80302,SAN BORJA,desnutricion global,sobrepeso (s),2005-10-01,81,50,7,11,88,61,149
21502,SAN BUENA VENTURA,desnutricion global,sobrepeso (s),2005-10-01,17,9,1,0,18,9,27
70402,SAN CARLOS,desnutricion global,sobrepeso (s),2005-10-01,23,15,6,3,29,18,47
80501,SAN IGNACIO,desnutricion global,sobrepeso (s),2005-10-01,30,10,6,2,36,12,48
70301,SAN IGNACIO DE VELASCO,desnutricion global,sobrepeso (s),2005-10-01,81,49,13,5,94,54,148
80102,SAN JAVIER(BNI),desnutricion global,sobrepeso (s),2005-10-01,7,9,0,0,7,9,16
71102,SAN JAVIER(STC),desnutricion global,sobrepeso (s),2005-10-01,15,5,1,3,16,8,24
80701,SAN JOAQUIN,desnutricion global,sobrepeso (s),2005-10-01,16,16,5,1,21,17,38
70501,SAN JOSE DE CHIQUITOS,desnutricion global,sobrepeso (s),2005-10-01,1,1,0,0,1,1,2
70404,SAN JUAN DE YAPACANI,desnutricion global,sobrepeso (s),2005-10-01,17,22,3,2,20,24,44
71104,SAN JULIAN,desnutricion global,sobrepeso (s),2005-10-01,50,47,16,21,66,68,134
90302,SAN LORENZO(PND),desnutricion global,sobrepeso (s),2005-10-01,20,14,19,11,39,25,64
60501,SAN LORENZO(TJA),desnutricion global,sobrepeso (s),2005-10-01,15,9,5,5,20,14,34
10702,SAN LUCAS,desnutricion global,sobrepeso (s),2005-10-01,18,13,0,1,18,14,32
70302,SAN MIGUEL DE VELASCO,desnutricion global,sobrepeso (s),2005-10-01,27,16,6,4,33,20,53
51001,SAN PABLO DE LIPEZ,desnutricion global,sobrepeso (s),2005-10-01,1,0,0,0,1,0,1
71005,SAN PEDRO,desnutricion global,sobrepeso (s),2005-10-01,52,46,5,5,57,51,108
50501,SAN PEDRO DE BUENA VISTA,desnutricion global,sobrepeso (s),2005-10-01,7,8,3,4,10,12,22
21801,SAN PEDRO DE CURAHUARA,desnutricion global,sobrepeso (s),2005-10-01,5,2,0,3,5,5,10
21702,SAN PEDRO DE TIQUINA,desnutricion global,sobrepeso (s),2005-10-01,5,5,0,0,5,5,10
90202,SAN PEDRO(PND),desnutricion global,sobrepeso (s),2005-10-01,1,2,0,0,1,2,3
70303,SAN RAFAEL,desnutricion global,sobrepeso (s),2005-10-01,7,4,3,2,10,6,16
80702,SAN RAMON,desnutricion global,sobrepeso (s),2005-10-01,9,16,0,0,9,16,25
80401,SANTA ANA,desnutricion global,sobrepeso (s),2005-10-01,63,44,14,14,77,58,135
70101,SANTA CRUZ DE LA SIERRA,desnutricion global,sobrepeso (s),2005-10-01,1624,1300,468,424,2092,1724,3816
80303,SANTA ROSA,desnutricion global,sobrepeso (s),2005-10-01,28,24,6,6,34,30,64
70602,SANTA ROSA DEL SARA,desnutricion global,sobrepeso (s),2005-10-01,19,12,9,6,28,18,46
20308,SANTIAGO DE CALLAPA,desnutricion global,sobrepeso (s),2005-10-01,1,2,0,1,1,3,4
41401,SANTIAGO DE HUARI,desnutricion global,sobrepeso (s),2005-10-01,2,2,0,0,2,2,4
21901,SANTIAGO DE MACHACA,desnutricion global,sobrepeso (s),2005-10-01,1,0,0,0,1,0,1
30702,SANTIVAÑES,desnutricion global,sobrepeso (s),2005-10-01,1,1,0,0,1,1,2
40202,SANTUARIO DE QUILLACAS,desnutricion global,sobrepeso (s),2005-10-01,1,2,0,0,1,2,3
20902,SAPAHAQUI,desnutricion global,sobrepeso (s),2005-10-01,4,3,3,0,7,3,10
90303,SENA,desnutricion global,sobrepeso (s),2005-10-01,3,3,1,1,4,4,8
21301,SICA SICA (VILLA AROMA),desnutricion global,sobrepeso (s),2005-10-01,14,4,1,2,15,6,21
30703,SICAYA,desnutricion global,sobrepeso (s),2005-10-01,4,1,0,0,4,1,5
30902,SIPE SIPE,desnutricion global,sobrepeso (s),2005-10-01,68,108,48,6,116,114,230
10403,SOPACHUY,desnutricion global,sobrepeso (s),2005-10-01,2,0,2,0,4,0,4
40104,SORACACHI,desnutricion global,sobrepeso (s),2005-10-01,21,13,4,9,25,22,47
20601,SORATA,desnutricion global,sobrepeso (s),2005-10-01,11,6,1,0,12,6,18
10101,SUCRE,desnutricion global,sobrepeso (s),2005-10-01,195,175,59,46,254,221,475
31404,TACACHI,desnutricion global,sobrepeso (s),2005-10-01,1,1,0,0,1,1,2
20603,TACACOMA,desnutricion global,sobrepeso (s),2005-10-01,6,6,3,1,9,7,16
30602,TACOPAYA,desnutricion global,sobrepeso (s),2005-10-01,16,11,2,1,18,12,30
51402,TAHUA,desnutricion global,sobrepeso (s),2005-10-01,0,1,0,0,0,1,1
31101,TAPACARI,desnutricion global,sobrepeso (s),2005-10-01,5,9,1,0,6,9,15
10601,TARABUCO,desnutricion global,sobrepeso (s),2005-10-01,11,29,6,4,17,33,50
20807,TARACO,desnutricion global,sobrepeso (s),2005-10-01,0,1,0,0,0,1,1
30401,TARATA,desnutricion global,sobrepeso (s),2005-10-01,7,3,0,0,7,3,10
60101,TARIJA,desnutricion global,sobrepeso (s),2005-10-01,320,244,66,43,386,287,673
10202,TARVITA,desnutricion global,sobrepeso (s),2005-10-01,6,0,0,0,6,0,6
20608,TEOPONTE,desnutricion global,sobrepeso (s),2005-10-01,24,14,11,9,35,23,58
20803,TIAWANACU,desnutricion global,sobrepeso (s),2005-10-01,3,6,3,2,6,8,14
50102,TINGUIPAYA,desnutricion global,sobrepeso (s),2005-10-01,4,5,1,0,5,5,10
20606,TIPUANI,desnutricion global,sobrepeso (s),2005-10-01,20,15,1,0,21,15,36
30903,TIQUIPAYA,desnutricion global,sobrepeso (s),2005-10-01,10,26,11,14,21,40,61
31601,TIRAQUE (CBBA),desnutricion global,sobrepeso (s),2005-10-01,65,74,7,10,72,84,156
21703,TITO YUPANQUI (PARQUIPUJIO),desnutricion global,sobrepeso (s),2005-10-01,1,1,0,0,1,1,2
30802,TOCO,desnutricion global,sobrepeso (s),2005-10-01,1,0,6,5,7,5,12
41001,TOLEDO,desnutricion global,sobrepeso (s),2005-10-01,6,6,0,0,6,6,12
51202,TOMAVE,desnutricion global,sobrepeso (s),2005-10-01,4,1,0,0,4,1,5
10402,TOMINA,desnutricion global,sobrepeso (s),2005-10-01,8,8,1,0,9,8,17
50502,TORO TORO,desnutricion global,sobrepeso (s),2005-10-01,16,5,2,1,18,6,24
31201,TOTORA(CBBA),desnutricion global,sobrepeso (s),2005-10-01,3,8,0,2,3,10,13
70802,TRIGAL,desnutricion global,sobrepeso (s),2005-10-01,3,3,0,1,3,4,7
80101,TRINIDAD,desnutricion global,sobrepeso (s),2005-10-01,169,138,41,24,210,162,372
50801,TUPIZA,desnutricion global,sobrepeso (s),2005-10-01,42,33,8,11,50,44,94
40402,TURCO,desnutricion global,sobrepeso (s),2005-10-01,5,1,0,0,5,1,6
21302,UMALA,desnutricion global,sobrepeso (s),2005-10-01,1,1,0,1,1,2,3
50201,UNCIA,desnutricion global,sobrepeso (s),2005-10-01,9,14,4,1,13,15,28
60401,URIONDO (A. CONCEPCION),desnutricion global,sobrepeso (s),2005-10-01,41,26,6,8,47,34,81
71502,URUBICHA,desnutricion global,sobrepeso (s),2005-10-01,6,10,3,1,9,11,20
51201,UYUNI,desnutricion global,sobrepeso (s),2005-10-01,4,7,0,1,4,8,12
30502,VACAS,desnutricion global,sobrepeso (s),2005-10-01,3,1,2,0,5,1,6
70801,VALLEGRANDE,desnutricion global,sobrepeso (s),2005-10-01,25,28,11,13,36,41,77
20801,VIACHA,desnutricion global,sobrepeso (s),2005-10-01,33,37,35,30,68,67,135
31302,VILA VILA,desnutricion global,sobrepeso (s),2005-10-01,5,1,0,0,5,1,6
60303,VILLA MONTES,desnutricion global,sobrepeso (s),2005-10-01,62,35,10,14,72,49,121
31402,VILLA RIVERO,desnutricion global,sobrepeso (s),2005-10-01,6,5,2,0,8,5,13
10801,VILLA SERRANO,desnutricion global,sobrepeso (s),2005-10-01,12,11,3,2,15,13,28
31003,VILLA TUNARI,desnutricion global,sobrepeso (s),2005-10-01,101,72,34,28,135,100,235
11001,VILLA VACA GUZMAN (MUYUPAMPA),desnutricion global,sobrepeso (s),2005-10-01,32,23,7,4,39,27,66
51501,VILLAZON,desnutricion global,sobrepeso (s),2005-10-01,41,34,10,3,51,37,88
30904,VINTO,desnutricion global,sobrepeso (s),2005-10-01,19,13,1,1,20,14,34
50602,VITICHI,desnutricion global,sobrepeso (s),2005-10-01,3,3,0,0,3,3,6
20306,WALDO BALLIVIAN,desnutricion global,sobrepeso (s),2005-10-01,0,1,0,0,0,1,1
70201,WARNES,desnutricion global,sobrepeso (s),2005-10-01,116,85,17,18,133,103,236
20903,YACO,desnutricion global,sobrepeso (s),2005-10-01,1,0,0,0,1,0,1
60301,YACUIBA,desnutricion global,sobrepeso (s),2005-10-01,71,61,13,14,84,75,159
10602,YAMPARAEZ,desnutricion global,sobrepeso (s),2005-10-01,14,7,3,1,17,8,25
21103,YANACACHI,desnutricion global,sobrepeso (s),2005-10-01,1,0,0,0,1,0,1
70403,YAPACANI,desnutricion global,sobrepeso (s),2005-10-01,137,125,17,24,154,149,303
50103,YOCALLA,desnutricion global,sobrepeso (s),2005-10-01,1,3,0,0,1,3,4
10102,YOTALA,desnutricion global,sobrepeso (s),2005-10-01,13,24,9,5,22,29,51
60402,YUNCHARA,desnutricion global,sobrepeso (s),2005-10-01,4,3,2,1,6,4,10
10301,ZUDAÑEZ,desnutricion global,sobrepeso (s),2005-10-01,11,4,3,0,14,4,18
51302,ACACIO,desnutricion global,sobrepeso (s),2005-11-01,6,3,0,2,6,5,11
20201,ACHACACHI,desnutricion global,sobrepeso (s),2005-11-01,28,19,6,10,34,29,63
20104,ACHOCALLA,desnutricion global,sobrepeso (s),2005-11-01,4,1,1,0,5,1,6
30201,AIQUILE,desnutricion global,sobrepeso (s),2005-11-01,9,9,1,2,10,11,21
31303,ALALAY,desnutricion global,sobrepeso (s),2005-11-01,4,1,0,0,4,1,5
10404,ALCALA,desnutricion global,sobrepeso (s),2005-11-01,4,4,0,0,4,4,8
20202,ANCORAIMES,desnutricion global,sobrepeso (s),2005-11-01,3,2,1,1,4,3,7
41201,ANDAMARCA,desnutricion global,sobrepeso (s),2005-11-01,2,0,0,0,2,0,2
40603,ANTEQUERA,desnutricion global,sobrepeso (s),2005-11-01,1,3,0,0,1,3,4
30402,ANZALDO,desnutricion global,sobrepeso (s),2005-11-01,5,3,0,0,5,3,8
20701,APOLO,desnutricion global,sobrepeso (s),2005-11-01,14,14,2,1,16,15,31
51301,ARAMPAMPA,desnutricion global,sobrepeso (s),2005-11-01,3,3,0,1,3,4,7
30501,ARANI,desnutricion global,sobrepeso (s),2005-11-01,6,6,0,1,6,7,13
30403,ARBIETO,desnutricion global,sobrepeso (s),2005-11-01,5,4,0,1,5,5,10
30601,ARQUE,desnutricion global,sobrepeso (s),2005-11-01,5,5,0,0,5,5,10
71501,ASCENCION DE GUARAYOS,desnutricion global,sobrepeso (s),2005-11-01,0,0,1,0,1,0,1
50802,ATOCHA,desnutricion global,sobrepeso (s),2005-11-01,14,4,9,2,23,6,29
20503,AUCAPATA,desnutricion global,sobrepeso (s),2005-11-01,2,0,1,0,3,0,3
20502,AYATA,desnutricion global,sobrepeso (s),2005-11-01,3,2,2,0,5,2,7
21303,AYO AYO,desnutricion global,sobrepeso (s),2005-11-01,5,5,1,0,6,5,11
30301,AYOPAYA (V. DE INDEPENDENCIA),desnutricion global,sobrepeso (s),2005-11-01,17,16,7,2,24,18,42
10201,AZURDUY,desnutricion global,sobrepeso (s),2005-11-01,8,9,5,1,13,10,23
21203,BATALLAS,desnutricion global,sobrepeso (s),2005-11-01,7,6,0,1,7,7,14
80802,BAURES,desnutricion global,sobrepeso (s),2005-11-01,3,10,0,3,3,13,16
41202,BELEN DE ANDAMARCA,desnutricion global,sobrepeso (s),2005-11-01,0,1,0,0,0,1,1
50104,BELEN DE URMIRI,desnutricion global,sobrepeso (s),2005-11-01,1,0,0,0,1,0,1
90104,BELLA FLOR,desnutricion global,sobrepeso (s),2005-11-01,0,1,0,1,0,2,2
60202,BERMEJO,desnutricion global,sobrepeso (s),2005-11-01,12,13,6,5,18,18,36
50301,BETANZOS,desnutricion global,sobrepeso (s),2005-11-01,20,20,5,2,25,22,47
31501,BOLIVAR,desnutricion global,sobrepeso (s),2005-11-01,1,2,0,0,1,2,3
90103,BOLPEBRA,desnutricion global,sobrepeso (s),2005-11-01,12,4,0,0,12,4,16
70707,BOYUIBE,desnutricion global,sobrepeso (s),2005-11-01,12,4,2,2,14,6,20
70401,BUENA VISTA,desnutricion global,sobrepeso (s),2005-11-01,54,53,16,32,70,85,155
70703,CABEZAS,desnutricion global,sobrepeso (s),2005-11-01,22,17,5,3,27,20,47
20905,CAIROMA,desnutricion global,sobrepeso (s),2005-11-01,3,4,0,0,3,4,7
51102,"CAIZA ""D""",desnutricion global,sobrepeso (s),2005-11-01,5,7,1,1,6,8,14
21003,CAJUATA,desnutricion global,sobrepeso (s),2005-11-01,37,13,7,8,44,21,65
20303,CALACOTO,desnutricion global,sobrepeso (s),2005-11-01,1,2,0,0,1,2,3
21304,CALAMARCA,desnutricion global,sobrepeso (s),2005-11-01,7,6,1,1,8,7,15
10701,CAMARGO,desnutricion global,sobrepeso (s),2005-11-01,11,15,1,1,12,16,28
10901,CAMATAQUI (C. VILLA ABECIA),desnutricion global,sobrepeso (s),2005-11-01,2,3,0,0,2,3,5
70706,CAMIRI,desnutricion global,sobrepeso (s),2005-11-01,104,92,44,30,148,122,270
30701,CAPINOTA,desnutricion global,sobrepeso (s),2005-11-01,9,5,2,6,11,11,22
20302,CAQUIAVIRI,desnutricion global,sobrepeso (s),2005-11-01,7,5,1,0,8,5,13
40102,CARACOLLO,desnutricion global,sobrepeso (s),2005-11-01,10,5,2,0,12,5,17
22001,CARANAVI,desnutricion global,sobrepeso (s),2005-11-01,124,76,10,15,134,91,225
60302,CARAPARI,desnutricion global,sobrepeso (s),2005-11-01,14,14,10,6,24,20,44
50702,CARIPUYO,desnutricion global,sobrepeso (s),2005-11-01,2,5,2,0,4,5,9
21803,CHACARILLA,desnutricion global,sobrepeso (s),2005-11-01,1,0,0,1,1,1,2
40201,CHALLAPATA,desnutricion global,sobrepeso (s),2005-11-01,12,9,0,0,12,9,21
50302,CHAQUI,desnutricion global,sobrepeso (s),2005-11-01,6,8,2,2,8,10,18
70702,CHARAGUA,desnutricion global,sobrepeso (s),2005-11-01,49,26,7,6,56,32,88
20305,CHARAÑA,desnutricion global,sobrepeso (s),2005-11-01,0,2,0,0,0,2,2
50202,CHAYANTA,desnutricion global,sobrepeso (s),2005-11-01,14,11,1,2,15,13,28
31204,CHIMORE,desnutricion global,sobrepeso (s),2005-11-01,15,15,3,0,18,15,33
40903,CHIPAYA,desnutricion global,sobrepeso (s),2005-11-01,3,4,0,0,3,4,7
21101,CHULUMANI (V. DE LA LIBERTAD),desnutricion global,sobrepeso (s),2005-11-01,13,9,0,0,13,9,22
20501,CHUMA,desnutricion global,sobrepeso (s),2005-11-01,4,4,0,0,4,4,8
30801,CLIZA,desnutricion global,sobrepeso (s),2005-11-01,31,17,9,2,40,19,59
90101,COBIJA,desnutricion global,sobrepeso (s),2005-11-01,68,73,13,12,81,85,166
30101,COCHABAMBA,desnutricion global,sobrepeso (s),2005-11-01,387,352,79,72,466,424,890
30905,COLCAPIRHUA,desnutricion global,sobrepeso (s),2005-11-01,36,36,3,5,39,41,80
50901,"COLCHA ""K""",desnutricion global,sobrepeso (s),2005-11-01,9,5,3,1,12,6,18
21307,COLLANA,desnutricion global,sobrepeso (s),2005-11-01,3,1,0,0,3,1,4
31002,COLOMI,desnutricion global,sobrepeso (s),2005-11-01,17,8,1,0,18,8,26
70603,COLPA BELGICA,desnutricion global,sobrepeso (s),2005-11-01,13,6,4,5,17,11,28
50401,COLQUECHACA,desnutricion global,sobrepeso (s),2005-11-01,7,4,1,0,8,4,12
21306,COLQUENCHA,desnutricion global,sobrepeso (s),2005-11-01,0,1,0,0,0,1,1
21004,COLQUIRI,desnutricion global,sobrepeso (s),2005-11-01,5,10,5,7,10,17,27
20304,COMANCHE,desnutricion global,sobrepeso (s),2005-11-01,0,1,0,0,0,1,1
71301,COMARAPA,desnutricion global,sobrepeso (s),2005-11-01,79,55,19,22,98,77,175
20605,COMBAYA,desnutricion global,sobrepeso (s),2005-11-01,1,0,1,0,2,0,2
71101,CONCEPCION,desnutricion global,sobrepeso (s),2005-11-01,3,2,1,0,4,2,6
21701,COPACABANA,desnutricion global,sobrepeso (s),2005-11-01,11,7,4,2,15,9,24
21402,CORIPATA,desnutricion global,sobrepeso (s),2005-11-01,23,28,1,2,24,30,54
20301,CORO CORO,desnutricion global,sobrepeso (s),2005-11-01,3,2,0,0,3,2,5
21401,COROICO,desnutricion global,sobrepeso (s),2005-11-01,1,1,5,1,6,2,8
40301,CORQUE,desnutricion global,sobrepeso (s),2005-11-01,1,9,4,1,5,10,15
50601,COTAGAITA,desnutricion global,sobrepeso (s),2005-11-01,8,6,1,1,9,7,16
70102,COTOCA,desnutricion global,sobrepeso (s),2005-11-01,50,30,12,7,62,37,99
71106,CUATRO CAÑADAS,desnutricion global,sobrepeso (s),2005-11-01,30,28,3,3,33,31,64
70704,CUEVO,desnutricion global,sobrepeso (s),2005-11-01,3,3,2,0,5,3,8
10902,CULPINA,desnutricion global,sobrepeso (s),2005-11-01,15,16,2,3,17,19,36
40401,CURAHUARA DE CARANGAS,desnutricion global,sobrepeso (s),2005-11-01,2,6,1,0,3,6,9
21602,CURVA,desnutricion global,sobrepeso (s),2005-11-01,0,2,0,0,0,2,2
20804,DESAGUADERO,desnutricion global,sobrepeso (s),2005-11-01,4,2,0,0,4,2,6
20105,EL ALTO,desnutricion global,sobrepeso (s),2005-11-01,579,576,153,167,732,743,1475
40103,EL CHORO,desnutricion global,sobrepeso (s),2005-11-01,1,1,0,0,1,1,2
71503,EL PUENTE(STC),desnutricion global,sobrepeso (s),2005-11-01,31,14,4,2,35,16,51
60502,EL PUENTE(TJA),desnutricion global,sobrepeso (s),2005-11-01,6,6,1,0,7,6,13
70105,EL TORNO,desnutricion global,sobrepeso (s),2005-11-01,57,36,5,7,62,43,105
10405,EL VILLAR,desnutricion global,sobrepeso (s),2005-11-01,7,9,5,1,12,10,22
60601,ENTRE RIOS,desnutricion global,sobrepeso (s),2005-11-01,46,35,7,4,53,39,92
60601,ENTRE RIOS,desnutricion global,sobrepeso (s),2005-11-01,50,42,8,4,58,46,104
41101,EUCALIPTUS,desnutricion global,sobrepeso (s),2005-11-01,13,14,3,0,16,14,30
90503,EUREKA (SANTOS MERCADO),desnutricion global,sobrepeso (s),2005-11-01,0,3,1,0,1,3,4
80402,EXALTACION,desnutricion global,sobrepeso (s),2005-11-01,7,11,4,0,11,11,22
71004,FERNANDEZ ALONSO,desnutricion global,sobrepeso (s),2005-11-01,48,19,4,10,52,29,81
90203,FILADELFIA,desnutricion global,sobrepeso (s),2005-11-01,8,4,3,2,11,6,17
71002,GENERAL SAAVEDRA,desnutricion global,sobrepeso (s),2005-11-01,37,29,15,20,52,49,101
21601,GRAL. J.J. PEREZ (CHARAZANI),desnutricion global,sobrepeso (s),2005-11-01,11,9,9,5,20,14,34
20602,GUANAY,desnutricion global,sobrepeso (s),2005-11-01,18,10,3,7,21,17,38
20802,GUAQUI,desnutricion global,sobrepeso (s),2005-11-01,5,11,2,2,7,13,20
80202,GUAYARAMERIN,desnutricion global,sobrepeso (s),2005-11-01,104,100,7,8,111,108,219
70705,GUTIERREZ,desnutricion global,sobrepeso (s),2005-11-01,46,31,7,10,53,41,94
10502,HUACARETA,desnutricion global,sobrepeso (s),2005-11-01,21,17,6,4,27,21,48
11002,HUACAYA (VILLA DE HUACAYA),desnutricion global,sobrepeso (s),2005-11-01,9,9,2,1,11,10,21
40501,HUACHACALLA,desnutricion global,sobrepeso (s),2005-11-01,0,1,0,0,0,1,1
40701,HUANUNI,desnutricion global,sobrepeso (s),2005-11-01,18,38,2,1,20,39,59
80803,HUARACAJE,desnutricion global,sobrepeso (s),2005-11-01,9,2,1,0,10,2,12
41601,HUAYLLAMARCA,desnutricion global,sobrepeso (s),2005-11-01,3,1,1,0,4,1,5
21005,ICHOCA,desnutricion global,sobrepeso (s),2005-11-01,3,6,0,0,3,6,9
10304,ICLA,desnutricion global,sobrepeso (s),2005-11-01,4,0,0,0,4,0,4
10703,INCAHUASI,desnutricion global,sobrepeso (s),2005-11-01,17,14,0,3,17,17,34
21001,INQUISIVI,desnutricion global,sobrepeso (s),2005-11-01,10,6,0,0,10,6,16
21102,IRUPANA (VILLA DE LANZA),desnutricion global,sobrepeso (s),2005-11-01,7,9,2,1,9,10,19
21501,IXIAMAS,desnutricion global,sobrepeso (s),2005-11-01,10,12,2,3,12,15,27
20806,JESUS DE MACHACA,desnutricion global,sobrepeso (s),2005-11-01,7,6,0,0,7,6,13
21105,LA ASUNTA,desnutricion global,sobrepeso (s),2005-11-01,24,17,0,1,24,18,42
70104,LA GUARDIA,desnutricion global,sobrepeso (s),2005-11-01,83,70,25,16,108,86,194
20101,LA PAZ,desnutricion global,sobrepeso (s),2005-11-01,597,558,214,232,811,790,1601
70701,LAGUNILLAS,desnutricion global,sobrepeso (s),2005-11-01,20,21,6,7,26,28,54
21202,LAJA,desnutricion global,sobrepeso (s),2005-11-01,7,3,1,0,8,3,11
10903,LAS CARRERAS,desnutricion global,sobrepeso (s),2005-11-01,7,3,1,1,8,4,12
50203,LLALLAGUA,desnutricion global,sobrepeso (s),2005-11-01,38,48,15,13,53,61,114
51401,LLICA,desnutricion global,sobrepeso (s),2005-11-01,4,3,1,1,5,4,9
80601,LORETO,desnutricion global,sobrepeso (s),2005-11-01,4,5,1,1,5,6,11
20901,LURIBAY,desnutricion global,sobrepeso (s),2005-11-01,8,5,0,0,8,5,13
40702,MACHACAMARCA,desnutricion global,sobrepeso (s),2005-11-01,5,8,2,0,7,8,15
11003,MACHARETI,desnutricion global,sobrepeso (s),2005-11-01,22,27,10,10,32,37,69
80801,MAGDALENA,desnutricion global,sobrepeso (s),2005-11-01,15,15,3,3,18,18,36
70903,MAIRANA,desnutricion global,sobrepeso (s),2005-11-01,26,29,5,3,31,32,63
20904,MALLA,desnutricion global,sobrepeso (s),2005-11-01,2,3,0,0,2,3,5
20607,MAPIRI,desnutricion global,sobrepeso (s),2005-11-01,25,24,4,4,29,28,57
20103,MECAPACA,desnutricion global,sobrepeso (s),2005-11-01,13,5,0,1,13,6,19
71003,MINEROS,desnutricion global,sobrepeso (s),2005-11-01,59,49,16,18,75,67,142
31301,MIZQUE,desnutricion global,sobrepeso (s),2005-11-01,24,20,6,4,30,24,54
20402,MOCOMOCO,desnutricion global,sobrepeso (s),2005-11-01,6,3,0,0,6,3,9
51002,MOJINETE,desnutricion global,sobrepeso (s),2005-11-01,1,0,1,0,2,0,2
10303,MOJOCOYA,desnutricion global,sobrepeso (s),2005-11-01,10,4,2,0,12,4,16
10501,MONTEAGUDO,desnutricion global,sobrepeso (s),2005-11-01,71,58,16,18,87,76,163
71001,MONTERO,desnutricion global,sobrepeso (s),2005-11-01,306,264,139,94,445,358,803
70803,MORO MORO,desnutricion global,sobrepeso (s),2005-11-01,3,3,2,1,5,4,9
30302,MOROCHATA,desnutricion global,sobrepeso (s),2005-11-01,17,19,0,0,17,19,36
90501,NUEVO MANOA (NUEVA ESPERANZA),desnutricion global,sobrepeso (s),2005-11-01,1,0,0,0,1,0,1
50404,OCURI,desnutricion global,sobrepeso (s),2005-11-01,12,5,2,2,14,7,21
70202,OKINAWA,desnutricion global,sobrepeso (s),2005-11-01,10,14,6,1,16,15,31
30203,OMEREQUE,desnutricion global,sobrepeso (s),2005-11-01,14,7,1,0,15,7,22
40101,ORURO,desnutricion global,sobrepeso (s),2005-11-01,190,209,32,47,222,256,478
60201,PADCAYA,desnutricion global,sobrepeso (s),2005-11-01,28,16,14,20,42,36,78
10401,PADILLA,desnutricion global,sobrepeso (s),2005-11-01,15,7,8,5,23,12,35
70502,PAILON,desnutricion global,sobrepeso (s),2005-11-01,2,0,0,0,2,0,2
20102,PALCA,desnutricion global,sobrepeso (s),2005-11-01,7,5,2,1,9,6,15
21104,PALOS BLANCOS,desnutricion global,sobrepeso (s),2005-11-01,60,49,8,7,68,56,124
40802,PAMPA AULLAGAS,desnutricion global,sobrepeso (s),2005-11-01,0,3,0,0,0,3,3
70902,PAMPA GRANDE,desnutricion global,sobrepeso (s),2005-11-01,13,7,4,0,17,7,24
21802,PAPEL PAMPA,desnutricion global,sobrepeso (s),2005-11-01,1,3,0,0,1,3,4
30202,PASORAPA,desnutricion global,sobrepeso (s),2005-11-01,6,8,0,0,6,8,14
21305,PATACAMAYA,desnutricion global,sobrepeso (s),2005-11-01,14,7,0,1,14,8,22
40602,PAZÑA,desnutricion global,sobrepeso (s),2005-11-01,9,5,0,3,9,8,17
20702,PELECHUCO,desnutricion global,sobrepeso (s),2005-11-01,0,5,0,0,0,5,5
50403,POCOATA,desnutricion global,sobrepeso (s),2005-11-01,13,4,1,1,14,5,19
31203,POCONA,desnutricion global,sobrepeso (s),2005-11-01,12,9,4,3,16,12,28
31202,POJO (CBBA),desnutricion global,sobrepeso (s),2005-11-01,24,26,6,3,30,29,59
40601,POOPO,desnutricion global,sobrepeso (s),2005-11-01,3,6,1,0,4,6,10
51203,PORCO,desnutricion global,sobrepeso (s),2005-11-01,6,11,2,2,8,13,21
10103,POROMA,desnutricion global,sobrepeso (s),2005-11-01,25,14,1,0,26,14,40
70103,PORONGO,desnutricion global,sobrepeso (s),2005-11-01,1,1,0,0,1,1,2
70601,PORTACHUELO,desnutricion global,sobrepeso (s),2005-11-01,65,52,32,20,97,72,169
90102,PORVENIR,desnutricion global,sobrepeso (s),2005-11-01,6,6,2,4,8,10,18
70804,POSTRER VALLE,desnutricion global,sobrepeso (s),2005-11-01,8,7,1,0,9,7,16
50101,POTOSI,desnutricion global,sobrepeso (s),2005-11-01,87,67,7,4,94,71,165
10302,PRESTO,desnutricion global,sobrepeso (s),2005-11-01,5,1,0,4,5,5,10
70805,PUCARA,desnutricion global,sobrepeso (s),2005-11-01,0,0,1,0,1,0,1
21201,PUCARANI,desnutricion global,sobrepeso (s),2005-11-01,35,35,4,10,39,45,84
20401,PUERTO ACOSTA,desnutricion global,sobrepeso (s),2005-11-01,10,3,1,1,11,4,15
20403,PUERTO CARABUCO,desnutricion global,sobrepeso (s),2005-11-01,9,4,8,6,17,10,27
90301,PUERTO GONZALO MORENO,desnutricion global,sobrepeso (s),2005-11-01,7,6,3,4,10,10,20
21204,PUERTO PEREZ,desnutricion global,sobrepeso (s),2005-11-01,6,3,0,0,6,3,9
90201,PUERTO RICO,desnutricion global,sobrepeso (s),2005-11-01,16,21,3,9,19,30,49
80703,PUERTO SILES,desnutricion global,sobrepeso (s),2005-11-01,9,5,3,5,12,10,22
71401,PUERTO SUAREZ,desnutricion global,sobrepeso (s),2005-11-01,21,38,15,5,36,43,79
31205,PUERTO VILLARROEL,desnutricion global,sobrepeso (s),2005-11-01,67,41,18,18,85,59,144
51101,PUNA,desnutricion global,sobrepeso (s),2005-11-01,22,12,6,2,28,14,42
31401,PUNATA,desnutricion global,sobrepeso (s),2005-11-01,13,13,2,0,15,13,28
20604,QUIABAYA,desnutricion global,sobrepeso (s),2005-11-01,0,0,1,0,1,0,1
30901,QUILLACOLLO,desnutricion global,sobrepeso (s),2005-11-01,42,47,12,8,54,55,109
21002,QUIME,desnutricion global,sobrepeso (s),2005-11-01,2,2,0,1,2,3,5
70904,QUIRUSILLAS,desnutricion global,sobrepeso (s),2005-11-01,11,4,5,0,16,4,20
50402,RAVELO,desnutricion global,sobrepeso (s),2005-11-01,6,3,0,1,6,4,10
80301,REYES,desnutricion global,sobrepeso (s),2005-11-01,23,17,9,2,32,19,51
80201,RIBERALTA,desnutricion global,sobrepeso (s),2005-11-01,69,24,8,4,77,28,105
70503,ROBORE,desnutricion global,sobrepeso (s),2005-11-01,4,1,1,0,5,1,6
80304,RURRENABAQUE,desnutricion global,sobrepeso (s),2005-11-01,27,12,1,2,28,14,42
40901,SABAYA,desnutricion global,sobrepeso (s),2005-11-01,2,1,0,2,2,3,5
31001,SACABA,desnutricion global,sobrepeso (s),2005-11-01,66,45,7,0,73,45,118
30404,SACABAMBA,desnutricion global,sobrepeso (s),2005-11-01,1,1,0,0,1,1,2
50701,SACACA,desnutricion global,sobrepeso (s),2005-11-01,1,9,1,0,2,9,11
71302,SAIPINA,desnutricion global,sobrepeso (s),2005-11-01,31,28,12,6,43,34,77
40801,SALINAS DE GARCI MENDOZA,desnutricion global,sobrepeso (s),2005-11-01,9,12,4,2,13,14,27
70901,SAMAIPATA,desnutricion global,sobrepeso (s),2005-11-01,15,10,5,0,20,10,30
51601,SAN AGUSTIN,desnutricion global,sobrepeso (s),2005-11-01,2,1,0,0,2,1,3
80602,SAN ANDRES,desnutricion global,sobrepeso (s),2005-11-01,23,19,7,1,30,20,50
20805,SAN ANDRES DE MACHACA,desnutricion global,sobrepeso (s),2005-11-01,2,2,1,2,3,4,7
71105,SAN ANTONIO DE LOMERIO,desnutricion global,sobrepeso (s),2005-11-01,5,7,2,3,7,10,17
31403,SAN BENITO,desnutricion global,sobrepeso (s),2005-11-01,5,3,1,0,6,3,9
80302,SAN BORJA,desnutricion global,sobrepeso (s),2005-11-01,79,44,6,4,85,48,133
21502,SAN BUENA VENTURA,desnutricion global,sobrepeso (s),2005-11-01,12,11,2,3,14,14,28
70402,SAN CARLOS,desnutricion global,sobrepeso (s),2005-11-01,19,13,3,4,22,17,39
80501,SAN IGNACIO,desnutricion global,sobrepeso (s),2005-11-01,28,19,9,4,37,23,60
70301,SAN IGNACIO DE VELASCO,desnutricion global,sobrepeso (s),2005-11-01,91,52,6,13,97,65,162
80102,SAN JAVIER(BNI),desnutricion global,sobrepeso (s),2005-11-01,12,15,0,0,12,15,27
71102,SAN JAVIER(STC),desnutricion global,sobrepeso (s),2005-11-01,9,7,3,3,12,10,22
80701,SAN JOAQUIN,desnutricion global,sobrepeso (s),2005-11-01,8,13,4,5,12,18,30
70501,SAN JOSE DE CHIQUITOS,desnutricion global,sobrepeso (s),2005-11-01,1,0,0,0,1,0,1
70404,SAN JUAN DE YAPACANI,desnutricion global,sobrepeso (s),2005-11-01,19,15,2,1,21,16,37
71104,SAN JULIAN,desnutricion global,sobrepeso (s),2005-11-01,42,52,21,16,63,68,131
90302,SAN LORENZO(PND),desnutricion global,sobrepeso (s),2005-11-01,5,3,0,0,5,3,8
60501,SAN LORENZO(TJA),desnutricion global,sobrepeso (s),2005-11-01,23,15,5,2,28,17,45
10702,SAN LUCAS,desnutricion global,sobrepeso (s),2005-11-01,19,22,4,0,23,22,45
70302,SAN MIGUEL DE VELASCO,desnutricion global,sobrepeso (s),2005-11-01,11,5,2,1,13,6,19
51001,SAN PABLO DE LIPEZ,desnutricion global,sobrepeso (s),2005-11-01,0,2,1,0,1,2,3
71005,SAN PEDRO,desnutricion global,sobrepeso (s),2005-11-01,46,49,2,4,48,53,101
50501,SAN PEDRO DE BUENA VISTA,desnutricion global,sobrepeso (s),2005-11-01,13,8,3,3,16,11,27
21801,SAN PEDRO DE CURAHUARA,desnutricion global,sobrepeso (s),2005-11-01,6,1,0,1,6,2,8
21702,SAN PEDRO DE TIQUINA,desnutricion global,sobrepeso (s),2005-11-01,3,3,2,0,5,3,8
90202,SAN PEDRO(PND),desnutricion global,sobrepeso (s),2005-11-01,1,4,0,0,1,4,5
70303,SAN RAFAEL,desnutricion global,sobrepeso (s),2005-11-01,5,9,3,3,8,12,20
80702,SAN RAMON,desnutricion global,sobrepeso (s),2005-11-01,14,9,8,5,22,14,36
80702,SAN RAMON,desnutricion global,sobrepeso (s),2005-11-01,6,9,1,0,7,9,16
80401,SANTA ANA,desnutricion global,sobrepeso (s),2005-11-01,70,54,12,8,82,62,144
70101,SANTA CRUZ DE LA SIERRA,desnutricion global,sobrepeso (s),2005-11-01,1970,1529,619,541,2589,2070,4659
80303,SANTA ROSA,desnutricion global,sobrepeso (s),2005-11-01,41,32,10,8,51,40,91
70602,SANTA ROSA DEL SARA,desnutricion global,sobrepeso (s),2005-11-01,19,20,10,8,29,28,57
20308,SANTIAGO DE CALLAPA,desnutricion global,sobrepeso (s),2005-11-01,1,1,0,0,1,1,2
41401,SANTIAGO DE HUARI,desnutricion global,sobrepeso (s),2005-11-01,3,2,0,0,3,2,5
21901,SANTIAGO DE MACHACA,desnutricion global,sobrepeso (s),2005-11-01,1,0,0,0,1,0,1
30702,SANTIVAÑES,desnutricion global,sobrepeso (s),2005-11-01,1,2,0,1,1,3,4
40202,SANTUARIO DE QUILLACAS,desnutricion global,sobrepeso (s),2005-11-01,1,5,0,0,1,5,6
20902,SAPAHAQUI,desnutricion global,sobrepeso (s),2005-11-01,12,0,0,0,12,0,12
90303,SENA,desnutricion global,sobrepeso (s),2005-11-01,6,6,0,1,6,7,13
21301,SICA SICA (VILLA AROMA),desnutricion global,sobrepeso (s),2005-11-01,7,9,1,0,8,9,17
30703,SICAYA,desnutricion global,sobrepeso (s),2005-11-01,0,1,0,0,0,1,1
30902,SIPE SIPE,desnutricion global,sobrepeso (s),2005-11-01,81,84,17,13,98,97,195
10403,SOPACHUY,desnutricion global,sobrepeso (s),2005-11-01,9,7,0,0,9,7,16
40104,SORACACHI,desnutricion global,sobrepeso (s),2005-11-01,18,11,4,3,22,14,36
20601,SORATA,desnutricion global,sobrepeso (s),2005-11-01,19,9,0,1,19,10,29
10101,SUCRE,desnutricion global,sobrepeso (s),2005-11-01,194,219,42,42,236,261,497
31404,TACACHI,desnutricion global,sobrepeso (s),2005-11-01,2,0,0,0,2,0,2
20603,TACACOMA,desnutricion global,sobrepeso (s),2005-11-01,10,4,4,4,14,8,22
50303,TACOBAMBA,desnutricion global,sobrepeso (s),2005-11-01,25,17,4,4,29,21,50
30602,TACOPAYA,desnutricion global,sobrepeso (s),2005-11-01,7,5,3,1,10,6,16
51402,TAHUA,desnutricion global,sobrepeso (s),2005-11-01,3,0,0,0,3,0,3
31101,TAPACARI,desnutricion global,sobrepeso (s),2005-11-01,3,5,3,2,6,7,13
10601,TARABUCO,desnutricion global,sobrepeso (s),2005-11-01,13,27,3,3,16,30,46
20807,TARACO,desnutricion global,sobrepeso (s),2005-11-01,0,1,0,0,0,1,1
30401,TARATA,desnutricion global,sobrepeso (s),2005-11-01,5,8,0,0,5,8,13
60101,TARIJA,desnutricion global,sobrepeso (s),2005-11-01,367,235,68,69,435,304,739
10202,TARVITA,desnutricion global,sobrepeso (s),2005-11-01,7,4,2,0,9,4,13
20608,TEOPONTE,desnutricion global,sobrepeso (s),2005-11-01,23,26,16,16,39,42,81
20803,TIAWANACU,desnutricion global,sobrepeso (s),2005-11-01,5,4,0,0,5,4,9
50102,TINGUIPAYA,desnutricion global,sobrepeso (s),2005-11-01,7,4,0,0,7,4,11
20606,TIPUANI,desnutricion global,sobrepeso (s),2005-11-01,34,13,7,0,41,13,54
30903,TIQUIPAYA,desnutricion global,sobrepeso (s),2005-11-01,11,16,0,2,11,18,29
31601,TIRAQUE (CBBA),desnutricion global,sobrepeso (s),2005-11-01,82,71,18,10,100,81,181
21703,TITO YUPANQUI (PARQUIPUJIO),desnutricion global,sobrepeso (s),2005-11-01,1,0,0,0,1,0,1
30802,TOCO,desnutricion global,sobrepeso (s),2005-11-01,2,0,2,1,4,1,5
30803,TOLATA,desnutricion global,sobrepeso (s),2005-11-01,0,1,0,0,0,1,1
41001,TOLEDO,desnutricion global,sobrepeso (s),2005-11-01,1,3,2,0,3,3,6
51202,TOMAVE,desnutricion global,sobrepeso (s),2005-11-01,6,7,0,0,6,7,13
10402,TOMINA,desnutricion global,sobrepeso (s),2005-11-01,5,14,2,1,7,15,22
50502,TORO TORO,desnutricion global,sobrepeso (s),2005-11-01,10,6,1,0,11,6,17
31201,TOTORA(CBBA),desnutricion global,sobrepeso (s),2005-11-01,10,7,1,1,11,8,19
41301,TOTORA(ORR),desnutricion global,sobrepeso (s),2005-11-01,3,1,0,0,3,1,4
70802,TRIGAL,desnutricion global,sobrepeso (s),2005-11-01,4,3,0,0,4,3,7
80101,TRINIDAD,desnutricion global,sobrepeso (s),2005-11-01,188,146,35,25,223,171,394
50801,TUPIZA,desnutricion global,sobrepeso (s),2005-11-01,48,37,9,5,57,42,99
40402,TURCO,desnutricion global,sobrepeso (s),2005-11-01,8,0,2,1,10,1,11
21302,UMALA,desnutricion global,sobrepeso (s),2005-11-01,0,3,0,0,0,3,3
50201,UNCIA,desnutricion global,sobrepeso (s),2005-11-01,6,6,5,4,11,10,21
60401,URIONDO (A. CONCEPCION),desnutricion global,sobrepeso (s),2005-11-01,37,27,6,3,43,30,73
51201,UYUNI,desnutricion global,sobrepeso (s),2005-11-01,60,29,8,3,68,32,100
30502,VACAS,desnutricion global,sobrepeso (s),2005-11-01,2,4,2,0,4,4,8
70801,VALLEGRANDE,desnutricion global,sobrepeso (s),2005-11-01,38,29,10,4,48,33,81
20801,VIACHA,desnutricion global,sobrepeso (s),2005-11-01,23,21,2,5,25,26,51
31302,VILA VILA,desnutricion global,sobrepeso (s),2005-11-01,2,1,1,0,3,1,4
60303,VILLA MONTES,desnutricion global,sobrepeso (s),2005-11-01,74,54,7,10,81,64,145
90502,VILLA NUEVA (LOMA ALTA),desnutricion global,sobrepeso (s),2005-11-01,2,2,0,0,2,2,4
31402,VILLA RIVERO,desnutricion global,sobrepeso (s),2005-11-01,5,8,0,0,5,8,13
10801,VILLA SERRANO,desnutricion global,sobrepeso (s),2005-11-01,16,10,5,4,21,14,35
31003,VILLA TUNARI,desnutricion global,sobrepeso (s),2005-11-01,54,43,18,17,72,60,132
11001,VILLA VACA GUZMAN (MUYUPAMPA),desnutricion global,sobrepeso (s),2005-11-01,25,25,5,2,30,27,57
51501,VILLAZON,desnutricion global,sobrepeso (s),2005-11-01,58,46,19,19,77,65,142
30904,VINTO,desnutricion global,sobrepeso (s),2005-11-01,8,3,7,1,15,4,19
50602,VITICHI,desnutricion global,sobrepeso (s),2005-11-01,4,7,0,1,4,8,12
20306,WALDO BALLIVIAN,desnutricion global,sobrepeso (s),2005-11-01,2,1,0,0,2,1,3
70201,WARNES,desnutricion global,sobrepeso (s),2005-11-01,117,112,29,13,146,125,271
20903,YACO,desnutricion global,sobrepeso (s),2005-11-01,1,1,1,0,2,1,3
60301,YACUIBA,desnutricion global,sobrepeso (s),2005-11-01,88,88,28,20,116,108,224
10602,YAMPARAEZ,desnutricion global,sobrepeso (s),2005-11-01,10,10,2,3,12,13,25
21103,YANACACHI,desnutricion global,sobrepeso (s),2005-11-01,1,1,1,0,2,1,3
70403,YAPACANI,desnutricion global,sobrepeso (s),2005-11-01,117,122,13,16,130,138,268
50103,YOCALLA,desnutricion global,sobrepeso (s),2005-11-01,2,0,0,0,2,0,2
10102,YOTALA,desnutricion global,sobrepeso (s),2005-11-01,17,17,7,7,24,24,48
60402,YUNCHARA,desnutricion global,sobrepeso (s),2005-11-01,3,3,0,0,3,3,6
10301,ZUDAÑEZ,desnutricion global,sobrepeso (s),2005-11-01,7,2,1,0,8,2,10
51302,ACACIO,desnutricion global,sobrepeso (s),2005-12-01,4,0,0,0,4,0,4
20201,ACHACACHI,desnutricion global,sobrepeso (s),2005-12-01,21,13,10,5,31,18,49
20104,ACHOCALLA,desnutricion global,sobrepeso (s),2005-12-01,4,1,0,0,4,1,5
30201,AIQUILE,desnutricion global,sobrepeso (s),2005-12-01,1,3,0,0,1,3,4
31303,ALALAY,desnutricion global,sobrepeso (s),2005-12-01,3,0,0,0,3,0,3
10404,ALCALA,desnutricion global,sobrepeso (s),2005-12-01,6,3,0,0,6,3,9
40603,ANTEQUERA,desnutricion global,sobrepeso (s),2005-12-01,4,3,0,2,4,5,9
20701,APOLO,desnutricion global,sobrepeso (s),2005-12-01,8,13,1,2,9,15,24
51301,ARAMPAMPA,desnutricion global,sobrepeso (s),2005-12-01,1,1,0,0,1,1,2
30501,ARANI,desnutricion global,sobrepeso (s),2005-12-01,3,3,0,0,3,3,6
30403,ARBIETO,desnutricion global,sobrepeso (s),2005-12-01,0,1,0,0,0,1,1
30601,ARQUE,desnutricion global,sobrepeso (s),2005-12-01,2,0,0,0,2,0,2
50802,ATOCHA,desnutricion global,sobrepeso (s),2005-12-01,11,5,3,2,14,7,21
20503,AUCAPATA,desnutricion global,sobrepeso (s),2005-12-01,5,4,1,1,6,5,11
20502,AYATA,desnutricion global,sobrepeso (s),2005-12-01,3,3,0,0,3,3,6
21303,AYO AYO,desnutricion global,sobrepeso (s),2005-12-01,1,0,0,0,1,0,1
30301,AYOPAYA (V. DE INDEPENDENCIA),desnutricion global,sobrepeso (s),2005-12-01,16,12,1,2,17,14,31
10201,AZURDUY,desnutricion global,sobrepeso (s),2005-12-01,10,6,3,0,13,6,19
21203,BATALLAS,desnutricion global,sobrepeso (s),2005-12-01,5,2,2,0,7,2,9
80802,BAURES,desnutricion global,sobrepeso (s),2005-12-01,4,8,0,2,4,10,14
50104,BELEN DE URMIRI,desnutricion global,sobrepeso (s),2005-12-01,0,3,0,0,0,3,3
90104,BELLA FLOR,desnutricion global,sobrepeso (s),2005-12-01,4,8,0,0,4,8,12
60202,BERMEJO,desnutricion global,sobrepeso (s),2005-12-01,1,9,2,3,3,12,15
50301,BETANZOS,desnutricion global,sobrepeso (s),2005-12-01,13,7,2,1,15,8,23
31501,BOLIVAR,desnutricion global,sobrepeso (s),2005-12-01,1,1,0,0,1,1,2
90103,BOLPEBRA,desnutricion global,sobrepeso (s),2005-12-01,0,1,0,0,0,1,1
70707,BOYUIBE,desnutricion global,sobrepeso (s),2005-12-01,5,4,0,0,5,4,9
70401,BUENA VISTA,desnutricion global,sobrepeso (s),2005-12-01,25,20,9,18,34,38,72
70703,CABEZAS,desnutricion global,sobrepeso (s),2005-12-01,3,1,2,1,5,2,7
20905,CAIROMA,desnutricion global,sobrepeso (s),2005-12-01,4,2,1,1,5,3,8
51102,"CAIZA ""D""",desnutricion global,sobrepeso (s),2005-12-01,3,5,1,1,4,6,10
21003,CAJUATA,desnutricion global,sobrepeso (s),2005-12-01,11,8,0,0,11,8,19
20303,CALACOTO,desnutricion global,sobrepeso (s),2005-12-01,1,0,0,0,1,0,1
21304,CALAMARCA,desnutricion global,sobrepeso (s),2005-12-01,7,6,0,2,7,8,15
10701,CAMARGO,desnutricion global,sobrepeso (s),2005-12-01,17,14,3,4,20,18,38
10901,CAMATAQUI (C. VILLA ABECIA),desnutricion global,sobrepeso (s),2005-12-01,7,2,0,0,7,2,9
70706,CAMIRI,desnutricion global,sobrepeso (s),2005-12-01,81,59,44,40,125,99,224
30701,CAPINOTA,desnutricion global,sobrepeso (s),2005-12-01,3,2,4,2,7,4,11
20302,CAQUIAVIRI,desnutricion global,sobrepeso (s),2005-12-01,8,4,0,0,8,4,12
40102,CARACOLLO,desnutricion global,sobrepeso (s),2005-12-01,7,6,2,2,9,8,17
22001,CARANAVI,desnutricion global,sobrepeso (s),2005-12-01,78,46,4,5,82,51,133
41503,CARANGAS,desnutricion global,sobrepeso (s),2005-12-01,0,1,0,0,0,1,1
60302,CARAPARI,desnutricion global,sobrepeso (s),2005-12-01,18,24,3,1,21,25,46
50702,CARIPUYO,desnutricion global,sobrepeso (s),2005-12-01,3,0,1,0,4,0,4
21803,CHACARILLA,desnutricion global,sobrepeso (s),2005-12-01,1,1,1,1,2,2,4
40201,CHALLAPATA,desnutricion global,sobrepeso (s),2005-12-01,8,6,1,0,9,6,15
50302,CHAQUI,desnutricion global,sobrepeso (s),2005-12-01,3,7,1,0,4,7,11
70702,CHARAGUA,desnutricion global,sobrepeso (s),2005-12-01,26,24,8,4,34,28,62
20305,CHARAÑA,desnutricion global,sobrepeso (s),2005-12-01,3,0,2,1,5,1,6
50202,CHAYANTA,desnutricion global,sobrepeso (s),2005-12-01,57,11,0,1,57,12,69
31204,CHIMORE,desnutricion global,sobrepeso (s),2005-12-01,23,15,4,1,27,16,43
40903,CHIPAYA,desnutricion global,sobrepeso (s),2005-12-01,2,1,0,0,2,1,3
40302,CHOQUE COTA,desnutricion global,sobrepeso (s),2005-12-01,1,1,0,0,1,1,2
21101,CHULUMANI (V. DE LA LIBERTAD),desnutricion global,sobrepeso (s),2005-12-01,11,5,2,3,13,8,21
20501,CHUMA,desnutricion global,sobrepeso (s),2005-12-01,5,5,3,0,8,5,13
30801,CLIZA,desnutricion global,sobrepeso (s),2005-12-01,25,13,9,3,34,16,50
90101,COBIJA,desnutricion global,sobrepeso (s),2005-12-01,91,58,7,12,98,70,168
30101,COCHABAMBA,desnutricion global,sobrepeso (s),2005-12-01,464,261,77,55,541,316,857
30905,COLCAPIRHUA,desnutricion global,sobrepeso (s),2005-12-01,37,47,11,10,48,57,105
50901,"COLCHA ""K""",desnutricion global,sobrepeso (s),2005-12-01,9,4,3,5,12,9,21
21307,COLLANA,desnutricion global,sobrepeso (s),2005-12-01,4,2,0,0,4,2,6
31002,COLOMI,desnutricion global,sobrepeso (s),2005-12-01,12,11,0,0,12,11,23
70603,COLPA BELGICA,desnutricion global,sobrepeso (s),2005-12-01,16,6,0,4,16,10,26
50401,COLQUECHACA,desnutricion global,sobrepeso (s),2005-12-01,2,3,2,3,4,6,10
21306,COLQUENCHA,desnutricion global,sobrepeso (s),2005-12-01,7,1,2,0,9,1,10
21004,COLQUIRI,desnutricion global,sobrepeso (s),2005-12-01,17,19,1,2,18,21,39
20304,COMANCHE,desnutricion global,sobrepeso (s),2005-12-01,1,1,0,0,1,1,2
71301,COMARAPA,desnutricion global,sobrepeso (s),2005-12-01,52,55,14,13,66,68,134
20605,COMBAYA,desnutricion global,sobrepeso (s),2005-12-01,0,2,0,1,0,3,3
71101,CONCEPCION,desnutricion global,sobrepeso (s),2005-12-01,4,2,7,8,11,10,21
21701,COPACABANA,desnutricion global,sobrepeso (s),2005-12-01,10,2,2,1,12,3,15
21402,CORIPATA,desnutricion global,sobrepeso (s),2005-12-01,12,7,1,0,13,7,20
20301,CORO CORO,desnutricion global,sobrepeso (s),2005-12-01,3,2,1,1,4,3,7
21401,COROICO,desnutricion global,sobrepeso (s),2005-12-01,0,1,1,3,1,4,5
40301,CORQUE,desnutricion global,sobrepeso (s),2005-12-01,2,2,1,0,3,2,5
50601,COTAGAITA,desnutricion global,sobrepeso (s),2005-12-01,12,5,5,2,17,7,24
70102,COTOCA,desnutricion global,sobrepeso (s),2005-12-01,48,31,9,4,57,35,92
71106,CUATRO CAÑADAS,desnutricion global,sobrepeso (s),2005-12-01,25,7,2,3,27,10,37
70704,CUEVO,desnutricion global,sobrepeso (s),2005-12-01,2,7,1,0,3,7,10
10902,CULPINA,desnutricion global,sobrepeso (s),2005-12-01,19,10,2,1,21,11,32
40401,CURAHUARA DE CARANGAS,desnutricion global,sobrepeso (s),2005-12-01,2,5,0,0,2,5,7
21602,CURVA,desnutricion global,sobrepeso (s),2005-12-01,2,4,0,0,2,4,6
20804,DESAGUADERO,desnutricion global,sobrepeso (s),2005-12-01,2,0,0,0,2,0,2
20105,EL ALTO,desnutricion global,sobrepeso (s),2005-12-01,359,337,86,98,445,435,880
40103,EL CHORO,desnutricion global,sobrepeso (s),2005-12-01,2,2,0,0,2,2,4
60502,EL PUENTE(TJA),desnutricion global,sobrepeso (s),2005-12-01,9,6,0,0,9,6,15
70105,EL TORNO,desnutricion global,sobrepeso (s),2005-12-01,63,31,10,6,73,37,110
10405,EL VILLAR,desnutricion global,sobrepeso (s),2005-12-01,9,4,4,1,13,5,18
60601,ENTRE RIOS,desnutricion global,sobrepeso (s),2005-12-01,30,34,11,11,41,45,86
60601,ENTRE RIOS,desnutricion global,sobrepeso (s),2005-12-01,37,37,4,5,41,42,83
41101,EUCALIPTUS,desnutricion global,sobrepeso (s),2005-12-01,1,2,0,0,1,2,3
80402,EXALTACION,desnutricion global,sobrepeso (s),2005-12-01,4,2,3,2,7,4,11
71004,FERNANDEZ ALONSO,desnutricion global,sobrepeso (s),2005-12-01,29,25,3,7,32,32,64
90203,FILADELFIA,desnutricion global,sobrepeso (s),2005-12-01,10,8,5,2,15,10,25
71002,GENERAL SAAVEDRA,desnutricion global,sobrepeso (s),2005-12-01,23,22,11,8,34,30,64
21601,GRAL. J.J. PEREZ (CHARAZANI),desnutricion global,sobrepeso (s),2005-12-01,9,4,1,0,10,4,14
20602,GUANAY,desnutricion global,sobrepeso (s),2005-12-01,13,9,3,32,16,41,57
20802,GUAQUI,desnutricion global,sobrepeso (s),2005-12-01,0,0,0,1,0,1,1
80202,GUAYARAMERIN,desnutricion global,sobrepeso (s),2005-12-01,74,67,6,4,80,71,151
70705,GUTIERREZ,desnutricion global,sobrepeso (s),2005-12-01,32,27,13,15,45,42,87
10502,HUACARETA,desnutricion global,sobrepeso (s),2005-12-01,17,11,4,6,21,17,38
11002,HUACAYA (VILLA DE HUACAYA),desnutricion global,sobrepeso (s),2005-12-01,11,6,2,0,13,6,19
40501,HUACHACALLA,desnutricion global,sobrepeso (s),2005-12-01,0,1,0,0,0,1,1
40701,HUANUNI,desnutricion global,sobrepeso (s),2005-12-01,29,22,1,1,30,23,53
80803,HUARACAJE,desnutricion global,sobrepeso (s),2005-12-01,7,4,0,2,7,6,13
21005,ICHOCA,desnutricion global,sobrepeso (s),2005-12-01,2,0,0,1,2,1,3
10304,ICLA,desnutricion global,sobrepeso (s),2005-12-01,4,2,0,0,4,2,6
10703,INCAHUASI,desnutricion global,sobrepeso (s),2005-12-01,17,12,3,3,20,15,35
90402,INGAVI (HUMAITA),desnutricion global,sobrepeso (s),2005-12-01,1,5,1,1,2,6,8
21001,INQUISIVI,desnutricion global,sobrepeso (s),2005-12-01,5,6,1,1,6,7,13
21102,IRUPANA (VILLA DE LANZA),desnutricion global,sobrepeso (s),2005-12-01,1,6,3,0,4,6,10
21501,IXIAMAS,desnutricion global,sobrepeso (s),2005-12-01,11,9,2,0,13,9,22
20806,JESUS DE MACHACA,desnutricion global,sobrepeso (s),2005-12-01,6,1,0,0,6,1,7
21105,LA ASUNTA,desnutricion global,sobrepeso (s),2005-12-01,13,8,1,0,14,8,22
70104,LA GUARDIA,desnutricion global,sobrepeso (s),2005-12-01,64,43,44,6,108,49,157
20101,LA PAZ,desnutricion global,sobrepeso (s),2005-12-01,372,320,99,118,471,438,909
70701,LAGUNILLAS,desnutricion global,sobrepeso (s),2005-12-01,20,13,1,5,21,18,39
21202,LAJA,desnutricion global,sobrepeso (s),2005-12-01,5,5,1,1,6,6,12
10903,LAS CARRERAS,desnutricion global,sobrepeso (s),2005-12-01,5,2,1,0,6,2,8
50203,LLALLAGUA,desnutricion global,sobrepeso (s),2005-12-01,39,45,6,10,45,55,100
51401,LLICA,desnutricion global,sobrepeso (s),2005-12-01,5,5,4,1,9,6,15
80601,LORETO,desnutricion global,sobrepeso (s),2005-12-01,6,7,3,1,9,8,17
20901,LURIBAY,desnutricion global,sobrepeso (s),2005-12-01,8,7,0,0,8,7,15
40702,MACHACAMARCA,desnutricion global,sobrepeso (s),2005-12-01,2,5,1,0,3,5,8
11003,MACHARETI,desnutricion global,sobrepeso (s),2005-12-01,23,23,9,10,32,33,65
80801,MAGDALENA,desnutricion global,sobrepeso (s),2005-12-01,5,5,1,2,6,7,13
70903,MAIRANA,desnutricion global,sobrepeso (s),2005-12-01,19,16,3,2,22,18,40
20904,MALLA,desnutricion global,sobrepeso (s),2005-12-01,3,3,0,1,3,4,7
20607,MAPIRI,desnutricion global,sobrepeso (s),2005-12-01,18,11,3,1,21,12,33
20103,MECAPACA,desnutricion global,sobrepeso (s),2005-12-01,6,5,1,0,7,5,12
71003,MINEROS,desnutricion global,sobrepeso (s),2005-12-01,49,35,18,13,67,48,115
31301,MIZQUE,desnutricion global,sobrepeso (s),2005-12-01,17,3,4,1,21,4,25
20402,MOCOMOCO,desnutricion global,sobrepeso (s),2005-12-01,3,2,1,0,4,2,6
10303,MOJOCOYA,desnutricion global,sobrepeso (s),2005-12-01,8,3,3,1,11,4,15
10501,MONTEAGUDO,desnutricion global,sobrepeso (s),2005-12-01,45,49,11,10,56,59,115
71001,MONTERO,desnutricion global,sobrepeso (s),2005-12-01,201,164,71,50,272,214,486
70803,MORO MORO,desnutricion global,sobrepeso (s),2005-12-01,5,1,1,1,6,2,8
30302,MOROCHATA,desnutricion global,sobrepeso (s),2005-12-01,11,10,2,1,13,11,24
90401,NACEBE (SANTA ROSA DEL ABUNA),desnutricion global,sobrepeso (s),2005-12-01,2,0,0,0,2,0,2
90501,NUEVO MANOA (NUEVA ESPERANZA),desnutricion global,sobrepeso (s),2005-12-01,1,0,1,0,2,0,2
50404,OCURI,desnutricion global,sobrepeso (s),2005-12-01,3,4,0,0,3,4,7
70202,OKINAWA,desnutricion global,sobrepeso (s),2005-12-01,7,3,1,2,8,5,13
30203,OMEREQUE,desnutricion global,sobrepeso (s),2005-12-01,3,0,0,0,3,0,3
40101,ORURO,desnutricion global,sobrepeso (s),2005-12-01,164,152,30,32,194,184,378
60201,PADCAYA,desnutricion global,sobrepeso (s),2005-12-01,21,15,9,7,30,22,52
10401,PADILLA,desnutricion global,sobrepeso (s),2005-12-01,21,12,10,1,31,13,44
20102,PALCA,desnutricion global,sobrepeso (s),2005-12-01,9,8,1,0,10,8,18
21104,PALOS BLANCOS,desnutricion global,sobrepeso (s),2005-12-01,28,26,4,5,32,31,63
40802,PAMPA AULLAGAS,desnutricion global,sobrepeso (s),2005-12-01,2,2,0,0,2,2,4
70902,PAMPA GRANDE,desnutricion global,sobrepeso (s),2005-12-01,11,16,8,2,19,18,37
21802,PAPEL PAMPA,desnutricion global,sobrepeso (s),2005-12-01,1,1,1,0,2,1,3
30202,PASORAPA,desnutricion global,sobrepeso (s),2005-12-01,1,0,0,0,1,0,1
21305,PATACAMAYA,desnutricion global,sobrepeso (s),2005-12-01,3,1,0,0,3,1,4
40602,PAZÑA,desnutricion global,sobrepeso (s),2005-12-01,4,3,0,1,4,4,8
20702,PELECHUCO,desnutricion global,sobrepeso (s),2005-12-01,1,3,0,0,1,3,4
50403,POCOATA,desnutricion global,sobrepeso (s),2005-12-01,10,6,1,2,11,8,19
31203,POCONA,desnutricion global,sobrepeso (s),2005-12-01,9,7,3,1,12,8,20
31202,POJO (CBBA),desnutricion global,sobrepeso (s),2005-12-01,11,7,3,2,14,9,23
40601,POOPO,desnutricion global,sobrepeso (s),2005-12-01,6,0,0,0,6,0,6
51203,PORCO,desnutricion global,sobrepeso (s),2005-12-01,2,2,0,0,2,2,4
10103,POROMA,desnutricion global,sobrepeso (s),2005-12-01,9,6,0,3,9,9,18
70103,PORONGO,desnutricion global,sobrepeso (s),2005-12-01,2,0,2,0,4,0,4
70601,PORTACHUELO,desnutricion global,sobrepeso (s),2005-12-01,56,50,17,13,73,63,136
90102,PORVENIR,desnutricion global,sobrepeso (s),2005-12-01,8,2,0,3,8,5,13
70804,POSTRER VALLE,desnutricion global,sobrepeso (s),2005-12-01,7,12,2,2,9,14,23
50101,POTOSI,desnutricion global,sobrepeso (s),2005-12-01,53,49,0,5,53,54,107
10302,PRESTO,desnutricion global,sobrepeso (s),2005-12-01,3,4,1,2,4,6,10
70805,PUCARA,desnutricion global,sobrepeso (s),2005-12-01,1,0,0,0,1,0,1
21201,PUCARANI,desnutricion global,sobrepeso (s),2005-12-01,9,9,1,1,10,10,20
20401,PUERTO ACOSTA,desnutricion global,sobrepeso (s),2005-12-01,7,0,0,3,7,3,10
20403,PUERTO CARABUCO,desnutricion global,sobrepeso (s),2005-12-01,5,2,1,1,6,3,9
90301,PUERTO GONZALO MORENO,desnutricion global,sobrepeso (s),2005-12-01,2,2,1,0,3,2,5
21204,PUERTO PEREZ,desnutricion global,sobrepeso (s),2005-12-01,3,4,0,2,3,6,9
90201,PUERTO RICO,desnutricion global,sobrepeso (s),2005-12-01,9,8,2,0,11,8,19
31205,PUERTO VILLARROEL,desnutricion global,sobrepeso (s),2005-12-01,49,18,11,4,60,22,82
51101,PUNA,desnutricion global,sobrepeso (s),2005-12-01,9,8,0,0,9,8,17
31401,PUNATA,desnutricion global,sobrepeso (s),2005-12-01,9,5,5,4,14,9,23
30901,QUILLACOLLO,desnutricion global,sobrepeso (s),2005-12-01,32,34,3,5,35,39,74
21002,QUIME,desnutricion global,sobrepeso (s),2005-12-01,5,5,0,0,5,5,10
70904,QUIRUSILLAS,desnutricion global,sobrepeso (s),2005-12-01,2,0,1,0,3,0,3
50402,RAVELO,desnutricion global,sobrepeso (s),2005-12-01,3,5,1,1,4,6,10
80301,REYES,desnutricion global,sobrepeso (s),2005-12-01,33,32,12,14,45,46,91
80201,RIBERALTA,desnutricion global,sobrepeso (s),2005-12-01,42,16,3,5,45,21,66
80304,RURRENABAQUE,desnutricion global,sobrepeso (s),2005-12-01,32,16,2,0,34,16,50
40901,SABAYA,desnutricion global,sobrepeso (s),2005-12-01,5,4,0,1,5,5,10
31001,SACABA,desnutricion global,sobrepeso (s),2005-12-01,50,33,8,4,58,37,95
30404,SACABAMBA,desnutricion global,sobrepeso (s),2005-12-01,1,1,0,0,1,1,2
50701,SACACA,desnutricion global,sobrepeso (s),2005-12-01,4,8,0,0,4,8,12
71302,SAIPINA,desnutricion global,sobrepeso (s),2005-12-01,35,31,22,17,57,48,105
40801,SALINAS DE GARCI MENDOZA,desnutricion global,sobrepeso (s),2005-12-01,6,2,1,1,7,3,10
70901,SAMAIPATA,desnutricion global,sobrepeso (s),2005-12-01,20,7,1,4,21,11,32
51601,SAN AGUSTIN,desnutricion global,sobrepeso (s),2005-12-01,0,2,0,1,0,3,3
80602,SAN ANDRES,desnutricion global,sobrepeso (s),2005-12-01,9,9,1,2,10,11,21
20805,SAN ANDRES DE MACHACA,desnutricion global,sobrepeso (s),2005-12-01,2,0,0,0,2,0,2
51003,SAN ANTONIO DE ESMORUCO,desnutricion global,sobrepeso (s),2005-12-01,1,0,0,0,1,0,1
71105,SAN ANTONIO DE LOMERIO,desnutricion global,sobrepeso (s),2005-12-01,1,4,0,2,1,6,7
31403,SAN BENITO,desnutricion global,sobrepeso (s),2005-12-01,5,4,0,0,5,4,9
80302,SAN BORJA,desnutricion global,sobrepeso (s),2005-12-01,54,40,9,10,63,50,113
21502,SAN BUENA VENTURA,desnutricion global,sobrepeso (s),2005-12-01,7,5,0,0,7,5,12
70402,SAN CARLOS,desnutricion global,sobrepeso (s),2005-12-01,17,7,2,1,19,8,27
80501,SAN IGNACIO,desnutricion global,sobrepeso (s),2005-12-01,19,7,7,1,26,8,34
70301,SAN IGNACIO DE VELASCO,desnutricion global,sobrepeso (s),2005-12-01,65,37,10,8,75,45,120
80102,SAN JAVIER(BNI),desnutricion global,sobrepeso (s),2005-12-01,3,4,2,0,5,4,9
71102,SAN JAVIER(STC),desnutricion global,sobrepeso (s),2005-12-01,1,0,0,0,1,0,1
80701,SAN JOAQUIN,desnutricion global,sobrepeso (s),2005-12-01,5,1,1,2,6,3,9
70404,SAN JUAN DE YAPACANI,desnutricion global,sobrepeso (s),2005-12-01,20,9,3,1,23,10,33
71104,SAN JULIAN,desnutricion global,sobrepeso (s),2005-12-01,23,17,8,7,31,24,55
90302,SAN LORENZO(PND),desnutricion global,sobrepeso (s),2005-12-01,1,2,1,0,2,2,4
60501,SAN LORENZO(TJA),desnutricion global,sobrepeso (s),2005-12-01,16,7,3,0,19,7,26
10702,SAN LUCAS,desnutricion global,sobrepeso (s),2005-12-01,14,18,0,2,14,20,34
70302,SAN MIGUEL DE VELASCO,desnutricion global,sobrepeso (s),2005-12-01,9,10,0,2,9,12,21
51001,SAN PABLO DE LIPEZ,desnutricion global,sobrepeso (s),2005-12-01,1,1,0,3,1,4,5
71005,SAN PEDRO,desnutricion global,sobrepeso (s),2005-12-01,42,41,10,8,52,49,101
50501,SAN PEDRO DE BUENA VISTA,desnutricion global,sobrepeso (s),2005-12-01,3,9,2,1,5,10,15
21801,SAN PEDRO DE CURAHUARA,desnutricion global,sobrepeso (s),2005-12-01,6,10,1,0,7,10,17
21702,SAN PEDRO DE TIQUINA,desnutricion global,sobrepeso (s),2005-12-01,0,2,0,2,0,4,4
90202,SAN PEDRO(PND),desnutricion global,sobrepeso (s),2005-12-01,5,2,1,0,6,2,8
70303,SAN RAFAEL,desnutricion global,sobrepeso (s),2005-12-01,1,5,0,0,1,5,6
80702,SAN RAMON,desnutricion global,sobrepeso (s),2005-12-01,10,7,2,0,12,7,19
80702,SAN RAMON,desnutricion global,sobrepeso (s),2005-12-01,9,3,2,1,11,4,15
80401,SANTA ANA,desnutricion global,sobrepeso (s),2005-12-01,68,38,16,17,84,55,139
70101,SANTA CRUZ DE LA SIERRA,desnutricion global,sobrepeso (s),2005-12-01,1247,962,402,366,1649,1328,2977
80303,SANTA ROSA,desnutricion global,sobrepeso (s),2005-12-01,34,21,4,0,38,21,59
70602,SANTA ROSA DEL SARA,desnutricion global,sobrepeso (s),2005-12-01,21,14,16,9,37,23,60
41401,SANTIAGO DE HUARI,desnutricion global,sobrepeso (s),2005-12-01,5,3,0,0,5,3,8
21901,SANTIAGO DE MACHACA,desnutricion global,sobrepeso (s),2005-12-01,1,0,0,1,1,1,2
30702,SANTIVAÑES,desnutricion global,sobrepeso (s),2005-12-01,3,0,0,0,3,0,3
40202,SANTUARIO DE QUILLACAS,desnutricion global,sobrepeso (s),2005-12-01,1,0,0,0,1,0,1
20902,SAPAHAQUI,desnutricion global,sobrepeso (s),2005-12-01,3,1,1,0,4,1,5
90303,SENA,desnutricion global,sobrepeso (s),2005-12-01,2,6,0,0,2,6,8
21301,SICA SICA (VILLA AROMA),desnutricion global,sobrepeso (s),2005-12-01,2,5,1,0,3,5,8
30703,SICAYA,desnutricion global,sobrepeso (s),2005-12-01,1,0,0,0,1,0,1
30902,SIPE SIPE,desnutricion global,sobrepeso (s),2005-12-01,21,23,9,7,30,30,60
10403,SOPACHUY,desnutricion global,sobrepeso (s),2005-12-01,3,1,1,0,4,1,5
40104,SORACACHI,desnutricion global,sobrepeso (s),2005-12-01,8,6,0,3,8,9,17
20601,SORATA,desnutricion global,sobrepeso (s),2005-12-01,10,4,0,1,10,5,15
10101,SUCRE,desnutricion global,sobrepeso (s),2005-12-01,139,133,44,41,183,174,357
31404,TACACHI,desnutricion global,sobrepeso (s),2005-12-01,0,1,0,0,0,1,1
20603,TACACOMA,desnutricion global,sobrepeso (s),2005-12-01,3,2,0,0,3,2,5
50303,TACOBAMBA,desnutricion global,sobrepeso (s),2005-12-01,12,8,1,0,13,8,21
30602,TACOPAYA,desnutricion global,sobrepeso (s),2005-12-01,4,3,3,1,7,4,11
51402,TAHUA,desnutricion global,sobrepeso (s),2005-12-01,2,0,0,0,2,0,2
31101,TAPACARI,desnutricion global,sobrepeso (s),2005-12-01,1,5,1,0,2,5,7
10601,TARABUCO,desnutricion global,sobrepeso (s),2005-12-01,14,24,2,5,16,29,45
20807,TARACO,desnutricion global,sobrepeso (s),2005-12-01,0,0,1,0,1,0,1
30401,TARATA,desnutricion global,sobrepeso (s),2005-12-01,6,6,1,0,7,6,13
60101,TARIJA,desnutricion global,sobrepeso (s),2005-12-01,254,178,51,43,305,221,526
10202,TARVITA,desnutricion global,sobrepeso (s),2005-12-01,1,2,1,0,2,2,4
20608,TEOPONTE,desnutricion global,sobrepeso (s),2005-12-01,6,2,10,9,16,11,27
20803,TIAWANACU,desnutricion global,sobrepeso (s),2005-12-01,0,2,0,0,0,2,2
50102,TINGUIPAYA,desnutricion global,sobrepeso (s),2005-12-01,2,2,1,0,3,2,5
20606,TIPUANI,desnutricion global,sobrepeso (s),2005-12-01,18,9,13,19,31,28,59
30903,TIQUIPAYA,desnutricion global,sobrepeso (s),2005-12-01,20,14,4,4,24,18,42
31601,TIRAQUE (CBBA),desnutricion global,sobrepeso (s),2005-12-01,52,56,8,15,60,71,131
21703,TITO YUPANQUI (PARQUIPUJIO),desnutricion global,sobrepeso (s),2005-12-01,1,2,0,0,1,2,3
30802,TOCO,desnutricion global,sobrepeso (s),2005-12-01,1,0,0,0,1,0,1
30803,TOLATA,desnutricion global,sobrepeso (s),2005-12-01,1,0,0,0,1,0,1
41001,TOLEDO,desnutricion global,sobrepeso (s),2005-12-01,0,2,2,4,2,6,8
51202,TOMAVE,desnutricion global,sobrepeso (s),2005-12-01,3,5,0,0,3,5,8
10402,TOMINA,desnutricion global,sobrepeso (s),2005-12-01,5,13,2,2,7,15,22
50502,TORO TORO,desnutricion global,sobrepeso (s),2005-12-01,12,2,3,0,15,2,17
31201,TOTORA(CBBA),desnutricion global,sobrepeso (s),2005-12-01,5,1,1,0,6,1,7
41301,TOTORA(ORR),desnutricion global,sobrepeso (s),2005-12-01,3,0,0,0,3,0,3
70802,TRIGAL,desnutricion global,sobrepeso (s),2005-12-01,2,0,0,1,2,1,3
80101,TRINIDAD,desnutricion global,sobrepeso (s),2005-12-01,144,115,18,17,162,132,294
50801,TUPIZA,desnutricion global,sobrepeso (s),2005-12-01,33,23,9,10,42,33,75
40402,TURCO,desnutricion global,sobrepeso (s),2005-12-01,2,0,0,0,2,0,2
21302,UMALA,desnutricion global,sobrepeso (s),2005-12-01,1,0,0,0,1,0,1
50201,UNCIA,desnutricion global,sobrepeso (s),2005-12-01,83,8,1,4,84,12,96
60401,URIONDO (A. CONCEPCION),desnutricion global,sobrepeso (s),2005-12-01,20,23,5,3,25,26,51
51201,UYUNI,desnutricion global,sobrepeso (s),2005-12-01,28,18,3,5,31,23,54
30502,VACAS,desnutricion global,sobrepeso (s),2005-12-01,1,2,2,0,3,2,5
70801,VALLEGRANDE,desnutricion global,sobrepeso (s),2005-12-01,29,23,6,10,35,33,68
20801,VIACHA,desnutricion global,sobrepeso (s),2005-12-01,25,24,3,7,28,31,59
31302,VILA VILA,desnutricion global,sobrepeso (s),2005-12-01,3,0,0,0,3,0,3
60303,VILLA MONTES,desnutricion global,sobrepeso (s),2005-12-01,49,27,10,11,59,38,97
31402,VILLA RIVERO,desnutricion global,sobrepeso (s),2005-12-01,3,10,1,1,4,11,15
10801,VILLA SERRANO,desnutricion global,sobrepeso (s),2005-12-01,16,15,1,2,17,17,34
31003,VILLA TUNARI,desnutricion global,sobrepeso (s),2005-12-01,35,35,15,17,50,52,102
11001,VILLA VACA GUZMAN (MUYUPAMPA),desnutricion global,sobrepeso (s),2005-12-01,16,10,2,2,18,12,30
51501,VILLAZON,desnutricion global,sobrepeso (s),2005-12-01,36,34,2,2,38,36,74
30904,VINTO,desnutricion global,sobrepeso (s),2005-12-01,12,7,1,0,13,7,20
50602,VITICHI,desnutricion global,sobrepeso (s),2005-12-01,0,1,0,0,0,1,1
70201,WARNES,desnutricion global,sobrepeso (s),2005-12-01,89,81,12,17,101,98,199
60301,YACUIBA,desnutricion global,sobrepeso (s),2005-12-01,56,42,22,12,78,54,132
10602,YAMPARAEZ,desnutricion global,sobrepeso (s),2005-12-01,5,11,0,0,5,11,16
70403,YAPACANI,desnutricion global,sobrepeso (s),2005-12-01,82,88,14,8,96,96,192
50103,YOCALLA,desnutricion global,sobrepeso (s),2005-12-01,1,3,0,0,1,3,4
10102,YOTALA,desnutricion global,sobrepeso (s),2005-12-01,9,5,7,4,16,9,25
60402,YUNCHARA,desnutricion global,sobrepeso (s),2005-12-01,1,7,1,2,2,9,11
10301,ZUDAÑEZ,desnutricion global,sobrepeso (s),2005-12-01,8,4,0,0,8,4,12
51302,ACACIO,desnutricion global,sobrepeso (s),2006-01-01,4,0,0,3,4,3,7
20201,ACHACACHI,desnutricion global,sobrepeso (s),2006-01-01,26,19,6,7,32,26,58
20104,ACHOCALLA,desnutricion global,sobrepeso (s),2006-01-01,3,2,0,0,3,2,5
30201,AIQUILE,desnutricion global,sobrepeso (s),2006-01-01,6,4,3,1,9,5,14
31303,ALALAY,desnutricion global,sobrepeso (s),2006-01-01,2,1,0,0,2,1,3
10404,ALCALA,desnutricion global,sobrepeso (s),2006-01-01,7,5,0,2,7,7,14
20202,ANCORAIMES,desnutricion global,sobrepeso (s),2006-01-01,5,1,0,1,5,2,7
30402,ANZALDO,desnutricion global,sobrepeso (s),2006-01-01,0,8,4,2,4,10,14
20701,APOLO,desnutricion global,sobrepeso (s),2006-01-01,4,9,2,1,6,10,16
51301,ARAMPAMPA,desnutricion global,sobrepeso (s),2006-01-01,1,3,0,1,1,4,5
30501,ARANI,desnutricion global,sobrepeso (s),2006-01-01,1,1,0,0,1,1,2
30403,ARBIETO,desnutricion global,sobrepeso (s),2006-01-01,6,0,1,0,7,0,7
30601,ARQUE,desnutricion global,sobrepeso (s),2006-01-01,3,0,0,0,3,0,3
50802,ATOCHA,desnutricion global,sobrepeso (s),2006-01-01,13,4,2,0,15,4,19
20503,AUCAPATA,desnutricion global,sobrepeso (s),2006-01-01,1,2,0,0,1,2,3
20502,AYATA,desnutricion global,sobrepeso (s),2006-01-01,2,1,1,0,3,1,4
21303,AYO AYO,desnutricion global,sobrepeso (s),2006-01-01,2,1,0,0,2,1,3
30301,AYOPAYA (V. DE INDEPENDENCIA),desnutricion global,sobrepeso (s),2006-01-01,3,12,2,0,5,12,17
10201,AZURDUY,desnutricion global,sobrepeso (s),2006-01-01,11,8,3,0,14,8,22
21203,BATALLAS,desnutricion global,sobrepeso (s),2006-01-01,5,6,0,3,5,9,14
80802,BAURES,desnutricion global,sobrepeso (s),2006-01-01,5,6,0,0,5,6,11
41202,BELEN DE ANDAMARCA,desnutricion global,sobrepeso (s),2006-01-01,2,0,0,0,2,0,2
90104,BELLA FLOR,desnutricion global,sobrepeso (s),2006-01-01,2,1,0,0,2,1,3
60202,BERMEJO,desnutricion global,sobrepeso (s),2006-01-01,21,16,4,5,25,21,46
50301,BETANZOS,desnutricion global,sobrepeso (s),2006-01-01,25,13,11,10,36,23,59
90103,BOLPEBRA,desnutricion global,sobrepeso (s),2006-01-01,2,1,0,0,2,1,3
70707,BOYUIBE,desnutricion global,sobrepeso (s),2006-01-01,10,6,5,4,15,10,25
70401,BUENA VISTA,desnutricion global,sobrepeso (s),2006-01-01,46,29,12,27,58,56,114
70703,CABEZAS,desnutricion global,sobrepeso (s),2006-01-01,16,25,14,3,30,28,58
20905,CAIROMA,desnutricion global,sobrepeso (s),2006-01-01,6,5,1,0,7,5,12
51102,"CAIZA ""D""",desnutricion global,sobrepeso (s),2006-01-01,5,7,2,0,7,7,14
21003,CAJUATA,desnutricion global,sobrepeso (s),2006-01-01,3,5,1,2,4,7,11
20303,CALACOTO,desnutricion global,sobrepeso (s),2006-01-01,2,0,0,0,2,0,2
21304,CALAMARCA,desnutricion global,sobrepeso (s),2006-01-01,6,3,0,1,6,4,10
10701,CAMARGO,desnutricion global,sobrepeso (s),2006-01-01,16,16,5,0,21,16,37
10901,CAMATAQUI (C. VILLA ABECIA),desnutricion global,sobrepeso (s),2006-01-01,1,4,1,0,2,4,6
70706,CAMIRI,desnutricion global,sobrepeso (s),2006-01-01,102,67,21,16,123,83,206
30701,CAPINOTA,desnutricion global,sobrepeso (s),2006-01-01,3,7,0,2,3,9,12
20302,CAQUIAVIRI,desnutricion global,sobrepeso (s),2006-01-01,3,2,1,1,4,3,7
40102,CARACOLLO,desnutricion global,sobrepeso (s),2006-01-01,6,3,3,1,9,4,13
22001,CARANAVI,desnutricion global,sobrepeso (s),2006-01-01,107,59,7,7,114,66,180
60302,CARAPARI,desnutricion global,sobrepeso (s),2006-01-01,10,20,3,1,13,21,34
50702,CARIPUYO,desnutricion global,sobrepeso (s),2006-01-01,4,6,3,0,7,6,13
71403,CARMEN RIVERO TORREZ,desnutricion global,sobrepeso (s),2006-01-01,5,2,0,2,5,4,9
21803,CHACARILLA,desnutricion global,sobrepeso (s),2006-01-01,0,1,0,0,0,1,1
40201,CHALLAPATA,desnutricion global,sobrepeso (s),2006-01-01,15,12,1,1,16,13,29
50302,CHAQUI,desnutricion global,sobrepeso (s),2006-01-01,9,7,1,2,10,9,19
70702,CHARAGUA,desnutricion global,sobrepeso (s),2006-01-01,42,51,4,17,46,68,114
20305,CHARAÑA,desnutricion global,sobrepeso (s),2006-01-01,1,1,0,0,1,1,2
50202,CHAYANTA,desnutricion global,sobrepeso (s),2006-01-01,11,9,0,0,11,9,20
31204,CHIMORE,desnutricion global,sobrepeso (s),2006-01-01,4,3,1,0,5,3,8
40903,CHIPAYA,desnutricion global,sobrepeso (s),2006-01-01,2,1,0,0,2,1,3
40302,CHOQUE COTA,desnutricion global,sobrepeso (s),2006-01-01,1,3,0,0,1,3,4
21101,CHULUMANI (V. DE LA LIBERTAD),desnutricion global,sobrepeso (s),2006-01-01,2,4,0,0,2,4,6
20501,CHUMA,desnutricion global,sobrepeso (s),2006-01-01,5,2,0,1,5,3,8
30801,CLIZA,desnutricion global,sobrepeso (s),2006-01-01,33,23,5,3,38,26,64
90101,COBIJA,desnutricion global,sobrepeso (s),2006-01-01,79,73,9,12,88,85,173
30101,COCHABAMBA,desnutricion global,sobrepeso (s),2006-01-01,299,269,61,51,360,320,680
30905,COLCAPIRHUA,desnutricion global,sobrepeso (s),2006-01-01,29,29,3,3,32,32,64
50901,"COLCHA ""K""",desnutricion global,sobrepeso (s),2006-01-01,7,7,1,1,8,8,16
21307,COLLANA,desnutricion global,sobrepeso (s),2006-01-01,4,0,0,1,4,1,5
31002,COLOMI,desnutricion global,sobrepeso (s),2006-01-01,16,13,5,2,21,15,36
70603,COLPA BELGICA,desnutricion global,sobrepeso (s),2006-01-01,10,9,2,6,12,15,27
50401,COLQUECHACA,desnutricion global,sobrepeso (s),2006-01-01,4,2,1,0,5,2,7
21306,COLQUENCHA,desnutricion global,sobrepeso (s),2006-01-01,5,3,1,0,6,3,9
21004,COLQUIRI,desnutricion global,sobrepeso (s),2006-01-01,1,9,7,5,8,14,22
71301,COMARAPA,desnutricion global,sobrepeso (s),2006-01-01,53,61,13,11,66,72,138
71101,CONCEPCION,desnutricion global,sobrepeso (s),2006-01-01,7,1,1,0,8,1,9
21701,COPACABANA,desnutricion global,sobrepeso (s),2006-01-01,14,4,1,5,15,9,24
21402,CORIPATA,desnutricion global,sobrepeso (s),2006-01-01,23,18,1,0,24,18,42
20301,CORO CORO,desnutricion global,sobrepeso (s),2006-01-01,6,6,0,1,6,7,13
21401,COROICO,desnutricion global,sobrepeso (s),2006-01-01,5,2,4,1,9,3,12
40301,CORQUE,desnutricion global,sobrepeso (s),2006-01-01,4,1,1,0,5,1,6
50601,COTAGAITA,desnutricion global,sobrepeso (s),2006-01-01,18,9,3,0,21,9,30
70102,COTOCA,desnutricion global,sobrepeso (s),2006-01-01,52,24,8,2,60,26,86
71106,CUATRO CAÑADAS,desnutricion global,sobrepeso (s),2006-01-01,29,9,2,1,31,10,41
31405,CUCHUMUELA (V. G. VILLARROEL),desnutricion global,sobrepeso (s),2006-01-01,2,0,0,0,2,0,2
70704,CUEVO,desnutricion global,sobrepeso (s),2006-01-01,6,1,1,1,7,2,9
10902,CULPINA,desnutricion global,sobrepeso (s),2006-01-01,14,8,3,3,17,11,28
40401,CURAHUARA DE CARANGAS,desnutricion global,sobrepeso (s),2006-01-01,3,3,0,0,3,3,6
21602,CURVA,desnutricion global,sobrepeso (s),2006-01-01,0,2,1,1,1,3,4
20804,DESAGUADERO,desnutricion global,sobrepeso (s),2006-01-01,6,10,1,0,7,10,17
20105,EL ALTO,desnutricion global,sobrepeso (s),2006-01-01,480,432,78,101,558,533,1091
40103,EL CHORO,desnutricion global,sobrepeso (s),2006-01-01,3,3,0,0,3,3,6
71503,EL PUENTE(STC),desnutricion global,sobrepeso (s),2006-01-01,17,16,3,0,20,16,36
60502,EL PUENTE(TJA),desnutricion global,sobrepeso (s),2006-01-01,5,5,0,0,5,5,10
70105,EL TORNO,desnutricion global,sobrepeso (s),2006-01-01,68,40,11,6,79,46,125
10405,EL VILLAR,desnutricion global,sobrepeso (s),2006-01-01,8,6,5,1,13,7,20
60601,ENTRE RIOS,desnutricion global,sobrepeso (s),2006-01-01,28,23,3,7,31,30,61
60601,ENTRE RIOS,desnutricion global,sobrepeso (s),2006-01-01,44,27,3,4,47,31,78
41101,EUCALIPTUS,desnutricion global,sobrepeso (s),2006-01-01,12,6,2,0,14,6,20
90503,EUREKA (SANTOS MERCADO),desnutricion global,sobrepeso (s),2006-01-01,1,0,2,1,3,1,4
80402,EXALTACION,desnutricion global,sobrepeso (s),2006-01-01,8,2,3,1,11,3,14
71004,FERNANDEZ ALONSO,desnutricion global,sobrepeso (s),2006-01-01,32,18,3,6,35,24,59
90203,FILADELFIA,desnutricion global,sobrepeso (s),2006-01-01,9,4,2,3,11,7,18
71002,GENERAL SAAVEDRA,desnutricion global,sobrepeso (s),2006-01-01,18,22,3,7,21,29,50
21601,GRAL. J.J. PEREZ (CHARAZANI),desnutricion global,sobrepeso (s),2006-01-01,6,7,0,1,6,8,14
20602,GUANAY,desnutricion global,sobrepeso (s),2006-01-01,21,19,4,0,25,19,44
20802,GUAQUI,desnutricion global,sobrepeso (s),2006-01-01,3,5,1,0,4,5,9
80202,GUAYARAMERIN,desnutricion global,sobrepeso (s),2006-01-01,97,60,11,15,108,75,183
70705,GUTIERREZ,desnutricion global,sobrepeso (s),2006-01-01,19,21,7,5,26,26,52
10502,HUACARETA,desnutricion global,sobrepeso (s),2006-01-01,8,14,5,3,13,17,30
11002,HUACAYA (VILLA DE HUACAYA),desnutricion global,sobrepeso (s),2006-01-01,4,4,0,0,4,4,8
40501,HUACHACALLA,desnutricion global,sobrepeso (s),2006-01-01,1,0,0,0,1,0,1
40701,HUANUNI,desnutricion global,sobrepeso (s),2006-01-01,20,16,0,4,20,20,40
80803,HUARACAJE,desnutricion global,sobrepeso (s),2006-01-01,6,3,1,1,7,4,11
21005,ICHOCA,desnutricion global,sobrepeso (s),2006-01-01,5,1,0,1,5,2,7
10304,ICLA,desnutricion global,sobrepeso (s),2006-01-01,4,5,2,0,6,5,11
10703,INCAHUASI,desnutricion global,sobrepeso (s),2006-01-01,16,26,1,3,17,29,46
21001,INQUISIVI,desnutricion global,sobrepeso (s),2006-01-01,19,17,2,3,21,20,41
21102,IRUPANA (VILLA DE LANZA),desnutricion global,sobrepeso (s),2006-01-01,8,7,9,2,17,9,26
21501,IXIAMAS,desnutricion global,sobrepeso (s),2006-01-01,11,4,2,2,13,6,19
20806,JESUS DE MACHACA,desnutricion global,sobrepeso (s),2006-01-01,4,4,0,0,4,4,8
21105,LA ASUNTA,desnutricion global,sobrepeso (s),2006-01-01,15,17,0,0,15,17,32
70104,LA GUARDIA,desnutricion global,sobrepeso (s),2006-01-01,91,40,18,18,109,58,167
20101,LA PAZ,desnutricion global,sobrepeso (s),2006-01-01,501,463,195,168,696,631,1327
70701,LAGUNILLAS,desnutricion global,sobrepeso (s),2006-01-01,15,20,4,5,19,25,44
21202,LAJA,desnutricion global,sobrepeso (s),2006-01-01,16,9,2,1,18,10,28
10903,LAS CARRERAS,desnutricion global,sobrepeso (s),2006-01-01,3,4,2,0,5,4,9
50203,LLALLAGUA,desnutricion global,sobrepeso (s),2006-01-01,49,46,9,10,58,56,114
51401,LLICA,desnutricion global,sobrepeso (s),2006-01-01,1,1,0,0,1,1,2
80601,LORETO,desnutricion global,sobrepeso (s),2006-01-01,11,5,1,1,12,6,18
20901,LURIBAY,desnutricion global,sobrepeso (s),2006-01-01,6,3,0,0,6,3,9
40702,MACHACAMARCA,desnutricion global,sobrepeso (s),2006-01-01,4,3,1,0,5,3,8
11003,MACHARETI,desnutricion global,sobrepeso (s),2006-01-01,14,27,11,14,25,41,66
80801,MAGDALENA,desnutricion global,sobrepeso (s),2006-01-01,24,17,0,3,24,20,44
70903,MAIRANA,desnutricion global,sobrepeso (s),2006-01-01,20,21,5,2,25,23,48
20904,MALLA,desnutricion global,sobrepeso (s),2006-01-01,2,2,0,0,2,2,4
20607,MAPIRI,desnutricion global,sobrepeso (s),2006-01-01,20,5,1,7,21,12,33
20103,MECAPACA,desnutricion global,sobrepeso (s),2006-01-01,12,3,1,1,13,4,17
71003,MINEROS,desnutricion global,sobrepeso (s),2006-01-01,58,38,8,13,66,51,117
31301,MIZQUE,desnutricion global,sobrepeso (s),2006-01-01,19,6,3,2,22,8,30
20402,MOCOMOCO,desnutricion global,sobrepeso (s),2006-01-01,4,2,1,0,5,2,7
10303,MOJOCOYA,desnutricion global,sobrepeso (s),2006-01-01,11,7,3,2,14,9,23
10501,MONTEAGUDO,desnutricion global,sobrepeso (s),2006-01-01,58,55,12,5,70,60,130
71001,MONTERO,desnutricion global,sobrepeso (s),2006-01-01,228,179,75,76,303,255,558
70803,MORO MORO,desnutricion global,sobrepeso (s),2006-01-01,4,4,3,0,7,4,11
30302,MOROCHATA,desnutricion global,sobrepeso (s),2006-01-01,13,12,2,0,15,12,27
90401,NACEBE (SANTA ROSA DEL ABUNA),desnutricion global,sobrepeso (s),2006-01-01,0,1,0,0,0,1,1
90501,NUEVO MANOA (NUEVA ESPERANZA),desnutricion global,sobrepeso (s),2006-01-01,1,1,0,1,1,2,3
50404,OCURI,desnutricion global,sobrepeso (s),2006-01-01,3,6,1,0,4,6,10
70202,OKINAWA,desnutricion global,sobrepeso (s),2006-01-01,13,10,1,2,14,12,26
30203,OMEREQUE,desnutricion global,sobrepeso (s),2006-01-01,6,9,2,0,8,9,17
40101,ORURO,desnutricion global,sobrepeso (s),2006-01-01,196,162,31,24,227,186,413
60201,PADCAYA,desnutricion global,sobrepeso (s),2006-01-01,20,13,11,6,31,19,50
10401,PADILLA,desnutricion global,sobrepeso (s),2006-01-01,25,24,6,1,31,25,56
70502,PAILON,desnutricion global,sobrepeso (s),2006-01-01,20,47,13,0,33,47,80
20102,PALCA,desnutricion global,sobrepeso (s),2006-01-01,8,6,1,2,9,8,17
21104,PALOS BLANCOS,desnutricion global,sobrepeso (s),2006-01-01,20,27,4,3,24,30,54
40802,PAMPA AULLAGAS,desnutricion global,sobrepeso (s),2006-01-01,1,1,0,0,1,1,2
70902,PAMPA GRANDE,desnutricion global,sobrepeso (s),2006-01-01,16,12,3,1,19,13,32
30202,PASORAPA,desnutricion global,sobrepeso (s),2006-01-01,2,11,0,3,2,14,16
21305,PATACAMAYA,desnutricion global,sobrepeso (s),2006-01-01,11,5,2,3,13,8,21
40602,PAZÑA,desnutricion global,sobrepeso (s),2006-01-01,4,2,0,0,4,2,6
20702,PELECHUCO,desnutricion global,sobrepeso (s),2006-01-01,1,3,0,0,1,3,4
50403,POCOATA,desnutricion global,sobrepeso (s),2006-01-01,10,8,3,4,13,12,25
31203,POCONA,desnutricion global,sobrepeso (s),2006-01-01,8,10,4,2,12,12,24
31202,POJO (CBBA),desnutricion global,sobrepeso (s),2006-01-01,8,7,2,0,10,7,17
40601,POOPO,desnutricion global,sobrepeso (s),2006-01-01,2,4,0,2,2,6,8
51203,PORCO,desnutricion global,sobrepeso (s),2006-01-01,3,2,1,0,4,2,6
10103,POROMA,desnutricion global,sobrepeso (s),2006-01-01,12,7,0,2,12,9,21
70103,PORONGO,desnutricion global,sobrepeso (s),2006-01-01,3,7,1,0,4,7,11
70601,PORTACHUELO,desnutricion global,sobrepeso (s),2006-01-01,57,52,12,14,69,66,135
90102,PORVENIR,desnutricion global,sobrepeso (s),2006-01-01,6,5,2,0,8,5,13
70804,POSTRER VALLE,desnutricion global,sobrepeso (s),2006-01-01,4,9,5,0,9,9,18
50101,POTOSI,desnutricion global,sobrepeso (s),2006-01-01,82,51,8,6,90,57,147
10302,PRESTO,desnutricion global,sobrepeso (s),2006-01-01,6,2,0,1,6,3,9
70805,PUCARA,desnutricion global,sobrepeso (s),2006-01-01,1,0,1,0,2,0,2
21201,PUCARANI,desnutricion global,sobrepeso (s),2006-01-01,30,18,2,3,32,21,53
20401,PUERTO ACOSTA,desnutricion global,sobrepeso (s),2006-01-01,17,8,20,20,37,28,65
20403,PUERTO CARABUCO,desnutricion global,sobrepeso (s),2006-01-01,21,8,4,3,25,11,36
90301,PUERTO GONZALO MORENO,desnutricion global,sobrepeso (s),2006-01-01,2,1,0,0,2,1,3
21204,PUERTO PEREZ,desnutricion global,sobrepeso (s),2006-01-01,9,2,0,2,9,4,13
71402,PUERTO QUIJARRO,desnutricion global,sobrepeso (s),2006-01-01,31,41,3,4,34,45,79
90201,PUERTO RICO,desnutricion global,sobrepeso (s),2006-01-01,11,17,2,1,13,18,31
80703,PUERTO SILES,desnutricion global,sobrepeso (s),2006-01-01,3,2,1,1,4,3,7
71401,PUERTO SUAREZ,desnutricion global,sobrepeso (s),2006-01-01,21,24,8,8,29,32,61
31205,PUERTO VILLARROEL,desnutricion global,sobrepeso (s),2006-01-01,74,49,10,3,84,52,136
51101,PUNA,desnutricion global,sobrepeso (s),2006-01-01,15,5,3,2,18,7,25
31401,PUNATA,desnutricion global,sobrepeso (s),2006-01-01,12,15,2,1,14,16,30
30901,QUILLACOLLO,desnutricion global,sobrepeso (s),2006-01-01,71,69,17,11,88,80,168
21002,QUIME,desnutricion global,sobrepeso (s),2006-01-01,3,8,1,3,4,11,15
70904,QUIRUSILLAS,desnutricion global,sobrepeso (s),2006-01-01,6,4,1,0,7,4,11
50402,RAVELO,desnutricion global,sobrepeso (s),2006-01-01,3,3,0,0,3,3,6
80301,REYES,desnutricion global,sobrepeso (s),2006-01-01,30,26,3,5,33,31,64
80201,RIBERALTA,desnutricion global,sobrepeso (s),2006-01-01,40,23,10,3,50,26,76
70503,ROBORE,desnutricion global,sobrepeso (s),2006-01-01,13,11,11,8,24,19,43
80304,RURRENABAQUE,desnutricion global,sobrepeso (s),2006-01-01,60,30,6,4,66,34,100
40901,SABAYA,desnutricion global,sobrepeso (s),2006-01-01,4,0,0,0,4,0,4
31001,SACABA,desnutricion global,sobrepeso (s),2006-01-01,29,19,2,1,31,20,51
30404,SACABAMBA,desnutricion global,sobrepeso (s),2006-01-01,1,0,0,0,1,0,1
50701,SACACA,desnutricion global,sobrepeso (s),2006-01-01,2,4,1,0,3,4,7
71302,SAIPINA,desnutricion global,sobrepeso (s),2006-01-01,36,20,12,4,48,24,72
40801,SALINAS DE GARCI MENDOZA,desnutricion global,sobrepeso (s),2006-01-01,10,3,2,1,12,4,16
70901,SAMAIPATA,desnutricion global,sobrepeso (s),2006-01-01,18,12,5,2,23,14,37
51601,SAN AGUSTIN,desnutricion global,sobrepeso (s),2006-01-01,0,2,0,0,0,2,2
80602,SAN ANDRES,desnutricion global,sobrepeso (s),2006-01-01,12,5,1,0,13,5,18
71105,SAN ANTONIO DE LOMERIO,desnutricion global,sobrepeso (s),2006-01-01,3,2,0,1,3,3,6
31403,SAN BENITO,desnutricion global,sobrepeso (s),2006-01-01,10,1,0,0,10,1,11
80302,SAN BORJA,desnutricion global,sobrepeso (s),2006-01-01,60,38,13,6,73,44,117
21502,SAN BUENA VENTURA,desnutricion global,sobrepeso (s),2006-01-01,11,8,0,1,11,9,20
70402,SAN CARLOS,desnutricion global,sobrepeso (s),2006-01-01,32,35,16,13,48,48,96
80501,SAN IGNACIO,desnutricion global,sobrepeso (s),2006-01-01,18,9,2,1,20,10,30
70301,SAN IGNACIO DE VELASCO,desnutricion global,sobrepeso (s),2006-01-01,78,49,7,10,85,59,144
80102,SAN JAVIER(BNI),desnutricion global,sobrepeso (s),2006-01-01,0,1,0,3,0,4,4
80701,SAN JOAQUIN,desnutricion global,sobrepeso (s),2006-01-01,0,0,9,5,9,5,14
70501,SAN JOSE DE CHIQUITOS,desnutricion global,sobrepeso (s),2006-01-01,16,9,11,6,27,15,42
70404,SAN JUAN DE YAPACANI,desnutricion global,sobrepeso (s),2006-01-01,24,17,1,2,25,19,44
71104,SAN JULIAN,desnutricion global,sobrepeso (s),2006-01-01,14,17,6,6,20,23,43
90302,SAN LORENZO(PND),desnutricion global,sobrepeso (s),2006-01-01,2,3,0,0,2,3,5
60501,SAN LORENZO(TJA),desnutricion global,sobrepeso (s),2006-01-01,17,7,8,2,25,9,34
10702,SAN LUCAS,desnutricion global,sobrepeso (s),2006-01-01,14,23,2,2,16,25,41
71201,SAN MATIAS,desnutricion global,sobrepeso (s),2006-01-01,14,11,5,0,19,11,30
70302,SAN MIGUEL DE VELASCO,desnutricion global,sobrepeso (s),2006-01-01,11,16,3,1,14,17,31
71005,SAN PEDRO,desnutricion global,sobrepeso (s),2006-01-01,47,33,7,11,54,44,98
50501,SAN PEDRO DE BUENA VISTA,desnutricion global,sobrepeso (s),2006-01-01,8,2,3,2,11,4,15
21801,SAN PEDRO DE CURAHUARA,desnutricion global,sobrepeso (s),2006-01-01,9,6,0,1,9,7,16
21702,SAN PEDRO DE TIQUINA,desnutricion global,sobrepeso (s),2006-01-01,0,4,1,0,1,4,5
90202,SAN PEDRO(PND),desnutricion global,sobrepeso (s),2006-01-01,1,0,0,0,1,0,1
70303,SAN RAFAEL,desnutricion global,sobrepeso (s),2006-01-01,3,7,3,0,6,7,13
80702,SAN RAMON,desnutricion global,sobrepeso (s),2006-01-01,11,9,3,3,14,12,26
80401,SANTA ANA,desnutricion global,sobrepeso (s),2006-01-01,85,41,29,15,114,56,170
70101,SANTA CRUZ DE LA SIERRA,desnutricion global,sobrepeso (s),2006-01-01,1387,1082,455,453,1842,1535,3377
80303,SANTA ROSA,desnutricion global,sobrepeso (s),2006-01-01,25,25,1,2,26,27,53
70602,SANTA ROSA DEL SARA,desnutricion global,sobrepeso (s),2006-01-01,20,14,16,10,36,24,60
20308,SANTIAGO DE CALLAPA,desnutricion global,sobrepeso (s),2006-01-01,1,0,0,0,1,0,1
41401,SANTIAGO DE HUARI,desnutricion global,sobrepeso (s),2006-01-01,2,3,0,1,2,4,6
21901,SANTIAGO DE MACHACA,desnutricion global,sobrepeso (s),2006-01-01,1,0,0,0,1,0,1
30702,SANTIVAÑES,desnutricion global,sobrepeso (s),2006-01-01,7,5,3,0,10,5,15
20902,SAPAHAQUI,desnutricion global,sobrepeso (s),2006-01-01,4,1,2,3,6,4,10
90303,SENA,desnutricion global,sobrepeso (s),2006-01-01,6,4,3,1,9,5,14
21301,SICA SICA (VILLA AROMA),desnutricion global,sobrepeso (s),2006-01-01,3,5,2,0,5,5,10
30703,SICAYA,desnutricion global,sobrepeso (s),2006-01-01,2,0,0,0,2,0,2
30902,SIPE SIPE,desnutricion global,sobrepeso (s),2006-01-01,38,40,11,9,49,49,98
10403,SOPACHUY,desnutricion global,sobrepeso (s),2006-01-01,8,3,0,1,8,4,12
40104,SORACACHI,desnutricion global,sobrepeso (s),2006-01-01,4,1,0,2,4,3,7
20601,SORATA,desnutricion global,sobrepeso (s),2006-01-01,12,14,1,1,13,15,28
10101,SUCRE,desnutricion global,sobrepeso (s),2006-01-01,170,152,31,35,201,187,388
31404,TACACHI,desnutricion global,sobrepeso (s),2006-01-01,0,1,0,0,0,1,1
20603,TACACOMA,desnutricion global,sobrepeso (s),2006-01-01,8,8,1,1,9,9,18
50303,TACOBAMBA,desnutricion global,sobrepeso (s),2006-01-01,12,7,1,0,13,7,20
30602,TACOPAYA,desnutricion global,sobrepeso (s),2006-01-01,7,1,1,1,8,2,10
31101,TAPACARI,desnutricion global,sobrepeso (s),2006-01-01,1,3,0,1,1,4,5
10601,TARABUCO,desnutricion global,sobrepeso (s),2006-01-01,19,17,1,3,20,20,40
30401,TARATA,desnutricion global,sobrepeso (s),2006-01-01,9,9,2,1,11,10,21
60101,TARIJA,desnutricion global,sobrepeso (s),2006-01-01,305,220,54,44,359,264,623
10202,TARVITA,desnutricion global,sobrepeso (s),2006-01-01,12,11,5,0,17,11,28
20608,TEOPONTE,desnutricion global,sobrepeso (s),2006-01-01,27,31,9,5,36,36,72
20803,TIAWANACU,desnutricion global,sobrepeso (s),2006-01-01,3,5,0,2,3,7,10
50102,TINGUIPAYA,desnutricion global,sobrepeso (s),2006-01-01,8,5,0,1,8,6,14
20606,TIPUANI,desnutricion global,sobrepeso (s),2006-01-01,20,10,0,0,20,10,30
30903,TIQUIPAYA,desnutricion global,sobrepeso (s),2006-01-01,20,21,4,6,24,27,51
31601,TIRAQUE (CBBA),desnutricion global,sobrepeso (s),2006-01-01,59,67,8,10,67,77,144
21703,TITO YUPANQUI (PARQUIPUJIO),desnutricion global,sobrepeso (s),2006-01-01,3,2,0,0,3,2,5
30802,TOCO,desnutricion global,sobrepeso (s),2006-01-01,2,0,0,0,2,0,2
30803,TOLATA,desnutricion global,sobrepeso (s),2006-01-01,1,0,0,0,1,0,1
41001,TOLEDO,desnutricion global,sobrepeso (s),2006-01-01,1,2,0,0,1,2,3
51202,TOMAVE,desnutricion global,sobrepeso (s),2006-01-01,1,2,0,0,1,2,3
10402,TOMINA,desnutricion global,sobrepeso (s),2006-01-01,14,20,10,8,24,28,52
50502,TORO TORO,desnutricion global,sobrepeso (s),2006-01-01,2,5,1,2,3,7,10
31201,TOTORA(CBBA),desnutricion global,sobrepeso (s),2006-01-01,7,3,0,0,7,3,10
41301,TOTORA(ORR),desnutricion global,sobrepeso (s),2006-01-01,1,1,0,0,1,1,2
70802,TRIGAL,desnutricion global,sobrepeso (s),2006-01-01,12,0,4,1,16,1,17
80101,TRINIDAD,desnutricion global,sobrepeso (s),2006-01-01,172,118,33,14,205,132,337
50801,TUPIZA,desnutricion global,sobrepeso (s),2006-01-01,23,21,5,4,28,25,53
40402,TURCO,desnutricion global,sobrepeso (s),2006-01-01,4,3,0,0,4,3,7
21302,UMALA,desnutricion global,sobrepeso (s),2006-01-01,1,4,0,0,1,4,5
50201,UNCIA,desnutricion global,sobrepeso (s),2006-01-01,2,2,0,0,2,2,4
60401,URIONDO (A. CONCEPCION),desnutricion global,sobrepeso (s),2006-01-01,38,14,32,12,70,26,96
51201,UYUNI,desnutricion global,sobrepeso (s),2006-01-01,3,2,0,0,3,2,5
30502,VACAS,desnutricion global,sobrepeso (s),2006-01-01,2,3,2,3,4,6,10
70801,VALLEGRANDE,desnutricion global,sobrepeso (s),2006-01-01,21,24,6,5,27,29,56
20801,VIACHA,desnutricion global,sobrepeso (s),2006-01-01,33,23,3,13,36,36,72
31302,VILA VILA,desnutricion global,sobrepeso (s),2006-01-01,2,0,0,0,2,0,2
60303,VILLA MONTES,desnutricion global,sobrepeso (s),2006-01-01,59,35,6,11,65,46,111
90502,VILLA NUEVA (LOMA ALTA),desnutricion global,sobrepeso (s),2006-01-01,3,5,0,0,3,5,8
31402,VILLA RIVERO,desnutricion global,sobrepeso (s),2006-01-01,0,6,0,0,0,6,6
10801,VILLA SERRANO,desnutricion global,sobrepeso (s),2006-01-01,18,9,2,3,20,12,32
31003,VILLA TUNARI,desnutricion global,sobrepeso (s),2006-01-01,29,19,8,5,37,24,61
11001,VILLA VACA GUZMAN (MUYUPAMPA),desnutricion global,sobrepeso (s),2006-01-01,20,13,7,3,27,16,43
51501,VILLAZON,desnutricion global,sobrepeso (s),2006-01-01,45,31,4,4,49,35,84
50602,VITICHI,desnutricion global,sobrepeso (s),2006-01-01,9,5,0,1,9,6,15
20306,WALDO BALLIVIAN,desnutricion global,sobrepeso (s),2006-01-01,1,0,0,0,1,0,1
70201,WARNES,desnutricion global,sobrepeso (s),2006-01-01,89,105,28,20,117,125,242
20903,YACO,desnutricion global,sobrepeso (s),2006-01-01,0,1,0,0,0,1,1
60301,YACUIBA,desnutricion global,sobrepeso (s),2006-01-01,49,47,5,3,54,50,104
10602,YAMPARAEZ,desnutricion global,sobrepeso (s),2006-01-01,6,5,0,0,6,5,11
70403,YAPACANI,desnutricion global,sobrepeso (s),2006-01-01,89,97,14,21,103,118,221
50103,YOCALLA,desnutricion global,sobrepeso (s),2006-01-01,1,1,1,2,2,3,5
10102,YOTALA,desnutricion global,sobrepeso (s),2006-01-01,8,7,2,2,10,9,19
60402,YUNCHARA,desnutricion global,sobrepeso (s),2006-01-01,9,9,13,12,22,21,43
10301,ZUDAÑEZ,desnutricion global,sobrepeso (s),2006-01-01,11,5,2,1,13,6,19
51302,ACACIO,desnutricion global,sobrepeso (s),2006-02-01,6,8,1,0,7,8,15
20201,ACHACACHI,desnutricion global,sobrepeso (s),2006-02-01,28,31,14,11,42,42,84
20104,ACHOCALLA,desnutricion global,sobrepeso (s),2006-02-01,18,5,4,2,22,7,29
30201,AIQUILE,desnutricion global,sobrepeso (s),2006-02-01,10,9,3,5,13,14,27
31303,ALALAY,desnutricion global,sobrepeso (s),2006-02-01,0,1,0,3,0,4,4
10404,ALCALA,desnutricion global,sobrepeso (s),2006-02-01,7,4,0,0,7,4,11
20202,ANCORAIMES,desnutricion global,sobrepeso (s),2006-02-01,1,2,2,0,3,2,5
41201,ANDAMARCA,desnutricion global,sobrepeso (s),2006-02-01,0,2,1,4,1,6,7
30402,ANZALDO,desnutricion global,sobrepeso (s),2006-02-01,2,3,3,2,5,5,10
20701,APOLO,desnutricion global,sobrepeso (s),2006-02-01,30,20,3,3,33,23,56
51301,ARAMPAMPA,desnutricion global,sobrepeso (s),2006-02-01,4,0,2,0,6,0,6
30501,ARANI,desnutricion global,sobrepeso (s),2006-02-01,6,5,0,2,6,7,13
30403,ARBIETO,desnutricion global,sobrepeso (s),2006-02-01,4,4,0,1,4,5,9
30601,ARQUE,desnutricion global,sobrepeso (s),2006-02-01,2,2,1,1,3,3,6
71501,ASCENCION DE GUARAYOS,desnutricion global,sobrepeso (s),2006-02-01,40,50,14,11,54,61,115
50802,ATOCHA,desnutricion global,sobrepeso (s),2006-02-01,13,20,4,3,17,23,40
20503,AUCAPATA,desnutricion global,sobrepeso (s),2006-02-01,4,1,0,0,4,1,5
20502,AYATA,desnutricion global,sobrepeso (s),2006-02-01,4,1,0,0,4,1,5
21303,AYO AYO,desnutricion global,sobrepeso (s),2006-02-01,4,4,0,0,4,4,8
30301,AYOPAYA (V. DE INDEPENDENCIA),desnutricion global,sobrepeso (s),2006-02-01,17,17,1,0,18,17,35
10201,AZURDUY,desnutricion global,sobrepeso (s),2006-02-01,8,6,2,1,10,7,17
21203,BATALLAS,desnutricion global,sobrepeso (s),2006-02-01,5,2,1,1,6,3,9
80802,BAURES,desnutricion global,sobrepeso (s),2006-02-01,7,9,2,3,9,12,21
41202,BELEN DE ANDAMARCA,desnutricion global,sobrepeso (s),2006-02-01,1,1,0,0,1,1,2
50104,BELEN DE URMIRI,desnutricion global,sobrepeso (s),2006-02-01,1,2,0,0,1,2,3
90104,BELLA FLOR,desnutricion global,sobrepeso (s),2006-02-01,2,3,0,0,2,3,5
60202,BERMEJO,desnutricion global,sobrepeso (s),2006-02-01,14,8,3,1,17,9,26
50301,BETANZOS,desnutricion global,sobrepeso (s),2006-02-01,10,11,0,0,10,11,21
31501,BOLIVAR,desnutricion global,sobrepeso (s),2006-02-01,0,0,0,1,0,1,1
70707,BOYUIBE,desnutricion global,sobrepeso (s),2006-02-01,2,4,0,3,2,7,9
70401,BUENA VISTA,desnutricion global,sobrepeso (s),2006-02-01,28,24,10,17,38,41,79
70703,CABEZAS,desnutricion global,sobrepeso (s),2006-02-01,40,31,3,16,43,47,90
20905,CAIROMA,desnutricion global,sobrepeso (s),2006-02-01,6,7,0,0,6,7,13
51102,"CAIZA ""D""",desnutricion global,sobrepeso (s),2006-02-01,4,7,0,0,4,7,11
21003,CAJUATA,desnutricion global,sobrepeso (s),2006-02-01,13,7,1,0,14,7,21
20303,CALACOTO,desnutricion global,sobrepeso (s),2006-02-01,1,1,0,0,1,1,2
21304,CALAMARCA,desnutricion global,sobrepeso (s),2006-02-01,11,4,0,2,11,6,17
10701,CAMARGO,desnutricion global,sobrepeso (s),2006-02-01,25,12,7,1,32,13,45
10901,CAMATAQUI (C. VILLA ABECIA),desnutricion global,sobrepeso (s),2006-02-01,4,3,0,1,4,4,8
70706,CAMIRI,desnutricion global,sobrepeso (s),2006-02-01,100,60,26,10,126,70,196
30701,CAPINOTA,desnutricion global,sobrepeso (s),2006-02-01,11,5,2,2,13,7,20
20302,CAQUIAVIRI,desnutricion global,sobrepeso (s),2006-02-01,13,3,1,2,14,5,19
40102,CARACOLLO,desnutricion global,sobrepeso (s),2006-02-01,15,4,0,0,15,4,19
22001,CARANAVI,desnutricion global,sobrepeso (s),2006-02-01,102,72,11,6,113,78,191
60302,CARAPARI,desnutricion global,sobrepeso (s),2006-02-01,25,21,9,0,34,21,55
50702,CARIPUYO,desnutricion global,sobrepeso (s),2006-02-01,2,1,0,0,2,1,3
71403,CARMEN RIVERO TORREZ,desnutricion global,sobrepeso (s),2006-02-01,8,2,1,0,9,2,11
40201,CHALLAPATA,desnutricion global,sobrepeso (s),2006-02-01,11,20,1,2,12,22,34
50302,CHAQUI,desnutricion global,sobrepeso (s),2006-02-01,3,8,0,1,3,9,12
70702,CHARAGUA,desnutricion global,sobrepeso (s),2006-02-01,62,49,7,13,69,62,131
20305,CHARAÑA,desnutricion global,sobrepeso (s),2006-02-01,0,1,0,0,0,1,1
50202,CHAYANTA,desnutricion global,sobrepeso (s),2006-02-01,5,6,0,1,5,7,12
31204,CHIMORE,desnutricion global,sobrepeso (s),2006-02-01,0,3,0,3,0,6,6
40903,CHIPAYA,desnutricion global,sobrepeso (s),2006-02-01,3,0,0,0,3,0,3
40302,CHOQUE COTA,desnutricion global,sobrepeso (s),2006-02-01,0,1,0,0,0,1,1
21101,CHULUMANI (V. DE LA LIBERTAD),desnutricion global,sobrepeso (s),2006-02-01,9,3,0,1,9,4,13
20501,CHUMA,desnutricion global,sobrepeso (s),2006-02-01,3,3,1,0,4,3,7
30801,CLIZA,desnutricion global,sobrepeso (s),2006-02-01,24,17,7,3,31,20,51
90101,COBIJA,desnutricion global,sobrepeso (s),2006-02-01,75,68,8,10,83,78,161
30101,COCHABAMBA,desnutricion global,sobrepeso (s),2006-02-01,301,302,52,49,353,351,704
40902,COIPASA,desnutricion global,sobrepeso (s),2006-02-01,0,1,0,0,0,1,1
30905,COLCAPIRHUA,desnutricion global,sobrepeso (s),2006-02-01,28,33,2,7,30,40,70
50901,"COLCHA ""K""",desnutricion global,sobrepeso (s),2006-02-01,6,5,1,0,7,5,12
21307,COLLANA,desnutricion global,sobrepeso (s),2006-02-01,5,3,0,2,5,5,10
31002,COLOMI,desnutricion global,sobrepeso (s),2006-02-01,18,18,2,1,20,19,39
70603,COLPA BELGICA,desnutricion global,sobrepeso (s),2006-02-01,9,11,2,5,11,16,27
50401,COLQUECHACA,desnutricion global,sobrepeso (s),2006-02-01,23,23,7,2,30,25,55
21306,COLQUENCHA,desnutricion global,sobrepeso (s),2006-02-01,4,0,1,0,5,0,5
21004,COLQUIRI,desnutricion global,sobrepeso (s),2006-02-01,3,17,5,3,8,20,28
20304,COMANCHE,desnutricion global,sobrepeso (s),2006-02-01,1,0,0,0,1,0,1
71301,COMARAPA,desnutricion global,sobrepeso (s),2006-02-01,52,46,32,27,84,73,157
71101,CONCEPCION,desnutricion global,sobrepeso (s),2006-02-01,2,6,0,1,2,7,9
21701,COPACABANA,desnutricion global,sobrepeso (s),2006-02-01,30,8,4,4,34,12,46
21402,CORIPATA,desnutricion global,sobrepeso (s),2006-02-01,30,24,3,2,33,26,59
20301,CORO CORO,desnutricion global,sobrepeso (s),2006-02-01,4,2,1,3,5,5,10
21401,COROICO,desnutricion global,sobrepeso (s),2006-02-01,0,2,3,1,3,3,6
40301,CORQUE,desnutricion global,sobrepeso (s),2006-02-01,3,2,0,0,3,2,5
50601,COTAGAITA,desnutricion global,sobrepeso (s),2006-02-01,9,11,4,2,13,13,26
70102,COTOCA,desnutricion global,sobrepeso (s),2006-02-01,47,18,6,2,53,20,73
71106,CUATRO CAÑADAS,desnutricion global,sobrepeso (s),2006-02-01,26,12,1,1,27,13,40
31405,CUCHUMUELA (V. G. VILLARROEL),desnutricion global,sobrepeso (s),2006-02-01,1,0,1,0,2,0,2
70704,CUEVO,desnutricion global,sobrepeso (s),2006-02-01,2,6,2,1,4,7,11
10902,CULPINA,desnutricion global,sobrepeso (s),2006-02-01,12,10,3,1,15,11,26
40401,CURAHUARA DE CARANGAS,desnutricion global,sobrepeso (s),2006-02-01,4,10,0,1,4,11,15
21602,CURVA,desnutricion global,sobrepeso (s),2006-02-01,3,6,1,0,4,6,10
20804,DESAGUADERO,desnutricion global,sobrepeso (s),2006-02-01,5,2,0,0,5,2,7
20105,EL ALTO,desnutricion global,sobrepeso (s),2006-02-01,473,450,96,111,569,561,1130
40103,EL CHORO,desnutricion global,sobrepeso (s),2006-02-01,3,2,0,0,3,2,5
71503,EL PUENTE(STC),desnutricion global,sobrepeso (s),2006-02-01,15,14,2,0,17,14,31
60502,EL PUENTE(TJA),desnutricion global,sobrepeso (s),2006-02-01,7,5,0,0,7,5,12
70105,EL TORNO,desnutricion global,sobrepeso (s),2006-02-01,57,27,11,2,68,29,97
10405,EL VILLAR,desnutricion global,sobrepeso (s),2006-02-01,11,2,3,1,14,3,17
60601,ENTRE RIOS,desnutricion global,sobrepeso (s),2006-02-01,54,32,11,12,65,44,109
60601,ENTRE RIOS,desnutricion global,sobrepeso (s),2006-02-01,48,31,2,9,50,40,90
41101,EUCALIPTUS,desnutricion global,sobrepeso (s),2006-02-01,6,4,0,4,6,8,14
80402,EXALTACION,desnutricion global,sobrepeso (s),2006-02-01,3,7,4,1,7,8,15
71004,FERNANDEZ ALONSO,desnutricion global,sobrepeso (s),2006-02-01,22,15,5,6,27,21,48
90203,FILADELFIA,desnutricion global,sobrepeso (s),2006-02-01,2,2,0,0,2,2,4
71002,GENERAL SAAVEDRA,desnutricion global,sobrepeso (s),2006-02-01,43,37,16,5,59,42,101
21601,GRAL. J.J. PEREZ (CHARAZANI),desnutricion global,sobrepeso (s),2006-02-01,5,7,0,0,5,7,12
20602,GUANAY,desnutricion global,sobrepeso (s),2006-02-01,22,12,6,3,28,15,43
20802,GUAQUI,desnutricion global,sobrepeso (s),2006-02-01,3,1,3,0,6,1,7
80202,GUAYARAMERIN,desnutricion global,sobrepeso (s),2006-02-01,75,76,8,7,83,83,166
70705,GUTIERREZ,desnutricion global,sobrepeso (s),2006-02-01,57,20,6,4,63,24,87
10502,HUACARETA,desnutricion global,sobrepeso (s),2006-02-01,11,17,4,3,15,20,35
11002,HUACAYA (VILLA DE HUACAYA),desnutricion global,sobrepeso (s),2006-02-01,0,3,2,0,2,3,5
40501,HUACHACALLA,desnutricion global,sobrepeso (s),2006-02-01,2,2,0,0,2,2,4
40701,HUANUNI,desnutricion global,sobrepeso (s),2006-02-01,26,29,1,1,27,30,57
80803,HUARACAJE,desnutricion global,sobrepeso (s),2006-02-01,5,2,1,0,6,2,8
21005,ICHOCA,desnutricion global,sobrepeso (s),2006-02-01,4,2,0,1,4,3,7
10304,ICLA,desnutricion global,sobrepeso (s),2006-02-01,7,4,1,0,8,4,12
10703,INCAHUASI,desnutricion global,sobrepeso (s),2006-02-01,14,19,3,0,17,19,36
90402,INGAVI (HUMAITA),desnutricion global,sobrepeso (s),2006-02-01,1,4,0,1,1,5,6
21001,INQUISIVI,desnutricion global,sobrepeso (s),2006-02-01,5,11,3,1,8,12,20
21102,IRUPANA (VILLA DE LANZA),desnutricion global,sobrepeso (s),2006-02-01,23,9,4,4,27,13,40
21501,IXIAMAS,desnutricion global,sobrepeso (s),2006-02-01,12,3,0,0,12,3,15
20806,JESUS DE MACHACA,desnutricion global,sobrepeso (s),2006-02-01,1,3,0,0,1,3,4
21105,LA ASUNTA,desnutricion global,sobrepeso (s),2006-02-01,14,14,1,1,15,15,30
70104,LA GUARDIA,desnutricion global,sobrepeso (s),2006-02-01,100,52,33,23,133,75,208
20101,LA PAZ,desnutricion global,sobrepeso (s),2006-02-01,483,490,185,182,668,672,1340
70701,LAGUNILLAS,desnutricion global,sobrepeso (s),2006-02-01,27,14,17,12,44,26,70
21202,LAJA,desnutricion global,sobrepeso (s),2006-02-01,11,7,1,1,12,8,20
10903,LAS CARRERAS,desnutricion global,sobrepeso (s),2006-02-01,6,4,1,1,7,5,12
50203,LLALLAGUA,desnutricion global,sobrepeso (s),2006-02-01,50,49,10,11,60,60,120
51401,LLICA,desnutricion global,sobrepeso (s),2006-02-01,0,1,0,0,0,1,1
80601,LORETO,desnutricion global,sobrepeso (s),2006-02-01,8,5,4,2,12,7,19
20901,LURIBAY,desnutricion global,sobrepeso (s),2006-02-01,6,4,1,0,7,4,11
40702,MACHACAMARCA,desnutricion global,sobrepeso (s),2006-02-01,5,5,1,0,6,5,11
11003,MACHARETI,desnutricion global,sobrepeso (s),2006-02-01,21,24,10,11,31,35,66
80801,MAGDALENA,desnutricion global,sobrepeso (s),2006-02-01,16,11,1,1,17,12,29
70903,MAIRANA,desnutricion global,sobrepeso (s),2006-02-01,16,24,1,1,17,25,42
20904,MALLA,desnutricion global,sobrepeso (s),2006-02-01,1,2,0,0,1,2,3
20607,MAPIRI,desnutricion global,sobrepeso (s),2006-02-01,13,14,1,0,14,14,28
20103,MECAPACA,desnutricion global,sobrepeso (s),2006-02-01,11,4,1,0,12,4,16
71003,MINEROS,desnutricion global,sobrepeso (s),2006-02-01,31,32,7,9,38,41,79
31301,MIZQUE,desnutricion global,sobrepeso (s),2006-02-01,39,13,5,4,44,17,61
20402,MOCOMOCO,desnutricion global,sobrepeso (s),2006-02-01,12,5,1,0,13,5,18
51002,MOJINETE,desnutricion global,sobrepeso (s),2006-02-01,0,2,1,0,1,2,3
10303,MOJOCOYA,desnutricion global,sobrepeso (s),2006-02-01,7,6,2,0,9,6,15
10501,MONTEAGUDO,desnutricion global,sobrepeso (s),2006-02-01,76,39,12,11,88,50,138
71001,MONTERO,desnutricion global,sobrepeso (s),2006-02-01,199,195,71,64,270,259,529
70803,MORO MORO,desnutricion global,sobrepeso (s),2006-02-01,5,4,3,0,8,4,12
30302,MOROCHATA,desnutricion global,sobrepeso (s),2006-02-01,17,11,2,2,19,13,32
90401,NACEBE (SANTA ROSA DEL ABUNA),desnutricion global,sobrepeso (s),2006-02-01,1,2,0,0,1,2,3
50404,OCURI,desnutricion global,sobrepeso (s),2006-02-01,4,6,0,2,4,8,12
70202,OKINAWA,desnutricion global,sobrepeso (s),2006-02-01,15,10,0,1,15,11,26
30203,OMEREQUE,desnutricion global,sobrepeso (s),2006-02-01,15,4,1,2,16,6,22
40101,ORURO,desnutricion global,sobrepeso (s),2006-02-01,185,168,46,33,231,201,432
60201,PADCAYA,desnutricion global,sobrepeso (s),2006-02-01,32,24,9,7,41,31,72
10401,PADILLA,desnutricion global,sobrepeso (s),2006-02-01,22,19,2,3,24,22,46
70502,PAILON,desnutricion global,sobrepeso (s),2006-02-01,3,53,12,0,15,53,68
20102,PALCA,desnutricion global,sobrepeso (s),2006-02-01,8,0,1,0,9,0,9
21104,PALOS BLANCOS,desnutricion global,sobrepeso (s),2006-02-01,45,23,4,10,49,33,82
40802,PAMPA AULLAGAS,desnutricion global,sobrepeso (s),2006-02-01,1,4,0,0,1,4,5
70902,PAMPA GRANDE,desnutricion global,sobrepeso (s),2006-02-01,8,5,6,0,14,5,19
21802,PAPEL PAMPA,desnutricion global,sobrepeso (s),2006-02-01,0,1,1,0,1,1,2
30202,PASORAPA,desnutricion global,sobrepeso (s),2006-02-01,6,12,4,1,10,13,23
21305,PATACAMAYA,desnutricion global,sobrepeso (s),2006-02-01,15,13,1,1,16,14,30
40602,PAZÑA,desnutricion global,sobrepeso (s),2006-02-01,5,7,0,1,5,8,13
20702,PELECHUCO,desnutricion global,sobrepeso (s),2006-02-01,1,3,1,0,2,3,5
50403,POCOATA,desnutricion global,sobrepeso (s),2006-02-01,10,10,4,2,14,12,26
31203,POCONA,desnutricion global,sobrepeso (s),2006-02-01,18,5,5,2,23,7,30
31202,POJO (CBBA),desnutricion global,sobrepeso (s),2006-02-01,8,11,1,0,9,11,20
40601,POOPO,desnutricion global,sobrepeso (s),2006-02-01,2,2,0,0,2,2,4
51203,PORCO,desnutricion global,sobrepeso (s),2006-02-01,1,9,2,0,3,9,12
10103,POROMA,desnutricion global,sobrepeso (s),2006-02-01,18,5,1,2,19,7,26
70103,PORONGO,desnutricion global,sobrepeso (s),2006-02-01,2,0,1,0,3,0,3
70601,PORTACHUELO,desnutricion global,sobrepeso (s),2006-02-01,57,41,22,14,79,55,134
90102,PORVENIR,desnutricion global,sobrepeso (s),2006-02-01,2,0,0,0,2,0,2
70804,POSTRER VALLE,desnutricion global,sobrepeso (s),2006-02-01,3,1,3,3,6,4,10
50101,POTOSI,desnutricion global,sobrepeso (s),2006-02-01,89,53,14,9,103,62,165
10302,PRESTO,desnutricion global,sobrepeso (s),2006-02-01,7,7,0,2,7,9,16
70805,PUCARA,desnutricion global,sobrepeso (s),2006-02-01,4,1,0,0,4,1,5
21201,PUCARANI,desnutricion global,sobrepeso (s),2006-02-01,20,19,4,5,24,24,48
20401,PUERTO ACOSTA,desnutricion global,sobrepeso (s),2006-02-01,9,3,6,11,15,14,29
20403,PUERTO CARABUCO,desnutricion global,sobrepeso (s),2006-02-01,6,4,1,0,7,4,11
90301,PUERTO GONZALO MORENO,desnutricion global,sobrepeso (s),2006-02-01,3,2,1,1,4,3,7
21204,PUERTO PEREZ,desnutricion global,sobrepeso (s),2006-02-01,3,0,0,0,3,0,3
71402,PUERTO QUIJARRO,desnutricion global,sobrepeso (s),2006-02-01,37,48,2,2,39,50,89
90201,PUERTO RICO,desnutricion global,sobrepeso (s),2006-02-01,12,8,1,1,13,9,22
80703,PUERTO SILES,desnutricion global,sobrepeso (s),2006-02-01,7,8,3,1,10,9,19
71401,PUERTO SUAREZ,desnutricion global,sobrepeso (s),2006-02-01,18,18,2,6,20,24,44
31205,PUERTO VILLARROEL,desnutricion global,sobrepeso (s),2006-02-01,61,47,13,12,74,59,133
51101,PUNA,desnutricion global,sobrepeso (s),2006-02-01,13,10,1,2,14,12,26
31401,PUNATA,desnutricion global,sobrepeso (s),2006-02-01,10,5,2,0,12,5,17
20604,QUIABAYA,desnutricion global,sobrepeso (s),2006-02-01,2,2,0,1,2,3,5
30901,QUILLACOLLO,desnutricion global,sobrepeso (s),2006-02-01,52,35,5,6,57,41,98
21002,QUIME,desnutricion global,sobrepeso (s),2006-02-01,5,8,0,2,5,10,15
70904,QUIRUSILLAS,desnutricion global,sobrepeso (s),2006-02-01,2,2,2,1,4,3,7
50402,RAVELO,desnutricion global,sobrepeso (s),2006-02-01,8,8,1,0,9,8,17
80301,REYES,desnutricion global,sobrepeso (s),2006-02-01,12,16,5,4,17,20,37
80201,RIBERALTA,desnutricion global,sobrepeso (s),2006-02-01,52,30,5,12,57,42,99
70503,ROBORE,desnutricion global,sobrepeso (s),2006-02-01,14,12,6,1,20,13,33
80304,RURRENABAQUE,desnutricion global,sobrepeso (s),2006-02-01,37,35,4,4,41,39,80
40901,SABAYA,desnutricion global,sobrepeso (s),2006-02-01,3,0,0,0,3,0,3
31001,SACABA,desnutricion global,sobrepeso (s),2006-02-01,39,36,5,2,44,38,82
30404,SACABAMBA,desnutricion global,sobrepeso (s),2006-02-01,3,4,0,1,3,5,8
50701,SACACA,desnutricion global,sobrepeso (s),2006-02-01,5,8,0,0,5,8,13
71302,SAIPINA,desnutricion global,sobrepeso (s),2006-02-01,33,19,7,8,40,27,67
40801,SALINAS DE GARCI MENDOZA,desnutricion global,sobrepeso (s),2006-02-01,6,6,1,1,7,7,14
70901,SAMAIPATA,desnutricion global,sobrepeso (s),2006-02-01,17,8,7,1,24,9,33
51601,SAN AGUSTIN,desnutricion global,sobrepeso (s),2006-02-01,0,1,0,0,0,1,1
80602,SAN ANDRES,desnutricion global,sobrepeso (s),2006-02-01,14,7,7,2,21,9,30
20805,SAN ANDRES DE MACHACA,desnutricion global,sobrepeso (s),2006-02-01,0,2,0,0,0,2,2
71105,SAN ANTONIO DE LOMERIO,desnutricion global,sobrepeso (s),2006-02-01,1,1,0,1,1,2,3
31403,SAN BENITO,desnutricion global,sobrepeso (s),2006-02-01,8,3,2,0,10,3,13
80302,SAN BORJA,desnutricion global,sobrepeso (s),2006-02-01,50,35,11,9,61,44,105
21502,SAN BUENA VENTURA,desnutricion global,sobrepeso (s),2006-02-01,12,7,0,2,12,9,21
70402,SAN CARLOS,desnutricion global,sobrepeso (s),2006-02-01,45,24,15,22,60,46,106
80501,SAN IGNACIO,desnutricion global,sobrepeso (s),2006-02-01,12,8,9,2,21,10,31
70301,SAN IGNACIO DE VELASCO,desnutricion global,sobrepeso (s),2006-02-01,66,36,12,13,78,49,127
80102,SAN JAVIER(BNI),desnutricion global,sobrepeso (s),2006-02-01,3,1,0,1,3,2,5
71102,SAN JAVIER(STC),desnutricion global,sobrepeso (s),2006-02-01,17,9,0,0,17,9,26
80701,SAN JOAQUIN,desnutricion global,sobrepeso (s),2006-02-01,18,13,2,0,20,13,33
70501,SAN JOSE DE CHIQUITOS,desnutricion global,sobrepeso (s),2006-02-01,19,11,9,9,28,20,48
70404,SAN JUAN DE YAPACANI,desnutricion global,sobrepeso (s),2006-02-01,16,10,3,2,19,12,31
71104,SAN JULIAN,desnutricion global,sobrepeso (s),2006-02-01,22,17,10,15,32,32,64
90302,SAN LORENZO(PND),desnutricion global,sobrepeso (s),2006-02-01,2,0,1,0,3,0,3
60501,SAN LORENZO(TJA),desnutricion global,sobrepeso (s),2006-02-01,8,9,1,1,9,10,19
10702,SAN LUCAS,desnutricion global,sobrepeso (s),2006-02-01,15,11,3,2,18,13,31
71201,SAN MATIAS,desnutricion global,sobrepeso (s),2006-02-01,18,13,5,2,23,15,38
70302,SAN MIGUEL DE VELASCO,desnutricion global,sobrepeso (s),2006-02-01,19,16,1,0,20,16,36
71005,SAN PEDRO,desnutricion global,sobrepeso (s),2006-02-01,34,33,14,6,48,39,87
50501,SAN PEDRO DE BUENA VISTA,desnutricion global,sobrepeso (s),2006-02-01,8,6,1,4,9,10,19
21801,SAN PEDRO DE CURAHUARA,desnutricion global,sobrepeso (s),2006-02-01,0,0,1,0,1,0,1
70303,SAN RAFAEL,desnutricion global,sobrepeso (s),2006-02-01,2,6,1,0,3,6,9
80702,SAN RAMON,desnutricion global,sobrepeso (s),2006-02-01,16,9,9,4,25,13,38
80401,SANTA ANA,desnutricion global,sobrepeso (s),2006-02-01,50,37,11,7,61,44,105
70101,SANTA CRUZ DE LA SIERRA,desnutricion global,sobrepeso (s),2006-02-01,1334,1007,504,451,1838,1458,3296
80303,SANTA ROSA,desnutricion global,sobrepeso (s),2006-02-01,2,4,1,2,3,6,9
70602,SANTA ROSA DEL SARA,desnutricion global,sobrepeso (s),2006-02-01,17,9,15,15,32,24,56
20308,SANTIAGO DE CALLAPA,desnutricion global,sobrepeso (s),2006-02-01,1,0,0,0,1,0,1
41401,SANTIAGO DE HUARI,desnutricion global,sobrepeso (s),2006-02-01,5,3,1,2,6,5,11
21901,SANTIAGO DE MACHACA,desnutricion global,sobrepeso (s),2006-02-01,0,0,0,1,0,1,1
30702,SANTIVAÑES,desnutricion global,sobrepeso (s),2006-02-01,6,9,4,3,10,12,22
40202,SANTUARIO DE QUILLACAS,desnutricion global,sobrepeso (s),2006-02-01,0,3,1,0,1,3,4
20902,SAPAHAQUI,desnutricion global,sobrepeso (s),2006-02-01,5,7,0,0,5,7,12
90303,SENA,desnutricion global,sobrepeso (s),2006-02-01,3,4,6,5,9,9,18
21301,SICA SICA (VILLA AROMA),desnutricion global,sobrepeso (s),2006-02-01,4,6,0,0,4,6,10
30703,SICAYA,desnutricion global,sobrepeso (s),2006-02-01,1,2,0,0,1,2,3
30902,SIPE SIPE,desnutricion global,sobrepeso (s),2006-02-01,42,49,11,12,53,61,114
10403,SOPACHUY,desnutricion global,sobrepeso (s),2006-02-01,6,4,1,0,7,4,11
40104,SORACACHI,desnutricion global,sobrepeso (s),2006-02-01,3,3,2,2,5,5,10
20601,SORATA,desnutricion global,sobrepeso (s),2006-02-01,12,15,7,2,19,17,36
10101,SUCRE,desnutricion global,sobrepeso (s),2006-02-01,183,191,52,44,235,235,470
31404,TACACHI,desnutricion global,sobrepeso (s),2006-02-01,1,0,0,0,1,0,1
20603,TACACOMA,desnutricion global,sobrepeso (s),2006-02-01,12,5,0,1,12,6,18
50303,TACOBAMBA,desnutricion global,sobrepeso (s),2006-02-01,13,7,0,0,13,7,20
30602,TACOPAYA,desnutricion global,sobrepeso (s),2006-02-01,1,1,3,0,4,1,5
31101,TAPACARI,desnutricion global,sobrepeso (s),2006-02-01,5,2,2,0,7,2,9
10601,TARABUCO,desnutricion global,sobrepeso (s),2006-02-01,15,21,12,4,27,25,52
20807,TARACO,desnutricion global,sobrepeso (s),2006-02-01,0,1,0,0,0,1,1
30401,TARATA,desnutricion global,sobrepeso (s),2006-02-01,13,13,2,0,15,13,28
60101,TARIJA,desnutricion global,sobrepeso (s),2006-02-01,303,218,50,44,353,262,615
10202,TARVITA,desnutricion global,sobrepeso (s),2006-02-01,5,9,0,0,5,9,14
20608,TEOPONTE,desnutricion global,sobrepeso (s),2006-02-01,13,20,7,11,20,31,51
20803,TIAWANACU,desnutricion global,sobrepeso (s),2006-02-01,7,12,4,2,11,14,25
50102,TINGUIPAYA,desnutricion global,sobrepeso (s),2006-02-01,7,8,0,0,7,8,15
20606,TIPUANI,desnutricion global,sobrepeso (s),2006-02-01,20,6,0,0,20,6,26
30903,TIQUIPAYA,desnutricion global,sobrepeso (s),2006-02-01,19,15,5,3,24,18,42
31601,TIRAQUE (CBBA),desnutricion global,sobrepeso (s),2006-02-01,54,60,13,14,67,74,141
21703,TITO YUPANQUI (PARQUIPUJIO),desnutricion global,sobrepeso (s),2006-02-01,0,1,0,0,0,1,1
30802,TOCO,desnutricion global,sobrepeso (s),2006-02-01,1,2,1,0,2,2,4
30803,TOLATA,desnutricion global,sobrepeso (s),2006-02-01,5,2,1,1,6,3,9
41001,TOLEDO,desnutricion global,sobrepeso (s),2006-02-01,1,2,0,0,1,2,3
51202,TOMAVE,desnutricion global,sobrepeso (s),2006-02-01,10,6,2,1,12,7,19
10402,TOMINA,desnutricion global,sobrepeso (s),2006-02-01,6,17,9,0,15,17,32
50502,TORO TORO,desnutricion global,sobrepeso (s),2006-02-01,9,2,1,0,10,2,12
31201,TOTORA(CBBA),desnutricion global,sobrepeso (s),2006-02-01,7,9,1,0,8,9,17
41301,TOTORA(ORR),desnutricion global,sobrepeso (s),2006-02-01,1,1,0,0,1,1,2
70802,TRIGAL,desnutricion global,sobrepeso (s),2006-02-01,1,1,0,2,1,3,4
80101,TRINIDAD,desnutricion global,sobrepeso (s),2006-02-01,182,96,35,16,217,112,329
50801,TUPIZA,desnutricion global,sobrepeso (s),2006-02-01,43,38,12,7,55,45,100
40402,TURCO,desnutricion global,sobrepeso (s),2006-02-01,4,7,2,0,6,7,13
21302,UMALA,desnutricion global,sobrepeso (s),2006-02-01,3,6,0,3,3,9,12
50201,UNCIA,desnutricion global,sobrepeso (s),2006-02-01,12,5,1,1,13,6,19
60401,URIONDO (A. CONCEPCION),desnutricion global,sobrepeso (s),2006-02-01,26,12,1,4,27,16,43
71502,URUBICHA,desnutricion global,sobrepeso (s),2006-02-01,9,14,3,0,12,14,26
51201,UYUNI,desnutricion global,sobrepeso (s),2006-02-01,20,12,3,0,23,12,35
30502,VACAS,desnutricion global,sobrepeso (s),2006-02-01,2,2,1,0,3,2,5
70801,VALLEGRANDE,desnutricion global,sobrepeso (s),2006-02-01,27,27,12,7,39,34,73
20801,VIACHA,desnutricion global,sobrepeso (s),2006-02-01,37,31,4,6,41,37,78
31302,VILA VILA,desnutricion global,sobrepeso (s),2006-02-01,0,5,0,5,0,10,10
60303,VILLA MONTES,desnutricion global,sobrepeso (s),2006-02-01,35,38,8,5,43,43,86
31402,VILLA RIVERO,desnutricion global,sobrepeso (s),2006-02-01,2,11,2,1,4,12,16
10801,VILLA SERRANO,desnutricion global,sobrepeso (s),2006-02-01,16,9,1,1,17,10,27
31003,VILLA TUNARI,desnutricion global,sobrepeso (s),2006-02-01,38,32,13,9,51,41,92
11001,VILLA VACA GUZMAN (MUYUPAMPA),desnutricion global,sobrepeso (s),2006-02-01,15,9,0,0,15,9,24
51501,VILLAZON,desnutricion global,sobrepeso (s),2006-02-01,41,40,7,1,48,41,89
30904,VINTO,desnutricion global,sobrepeso (s),2006-02-01,1,0,0,0,1,0,1
50602,VITICHI,desnutricion global,sobrepeso (s),2006-02-01,3,9,0,2,3,11,14
20306,WALDO BALLIVIAN,desnutricion global,sobrepeso (s),2006-02-01,1,0,0,0,1,0,1
70201,WARNES,desnutricion global,sobrepeso (s),2006-02-01,92,84,27,31,119,115,234
20903,YACO,desnutricion global,sobrepeso (s),2006-02-01,2,3,0,1,2,4,6
60301,YACUIBA,desnutricion global,sobrepeso (s),2006-02-01,105,87,6,9,111,96,207
10602,YAMPARAEZ,desnutricion global,sobrepeso (s),2006-02-01,9,10,1,2,10,12,22
21103,YANACACHI,desnutricion global,sobrepeso (s),2006-02-01,4,1,0,0,4,1,5
70403,YAPACANI,desnutricion global,sobrepeso (s),2006-02-01,160,121,71,40,231,161,392
50103,YOCALLA,desnutricion global,sobrepeso (s),2006-02-01,2,2,0,0,2,2,4
10102,YOTALA,desnutricion global,sobrepeso (s),2006-02-01,8,8,3,3,11,11,22
60402,YUNCHARA,desnutricion global,sobrepeso (s),2006-02-01,5,10,0,0,5,10,15
10301,ZUDAÑEZ,desnutricion global,sobrepeso (s),2006-02-01,4,5,3,0,7,5,12
51302,ACACIO,desnutricion global,sobrepeso (s),2006-03-01,3,3,0,1,3,4,7
20201,ACHACACHI,desnutricion global,sobrepeso (s),2006-03-01,25,20,8,7,33,27,60
20104,ACHOCALLA,desnutricion global,sobrepeso (s),2006-03-01,5,3,0,1,5,4,9
30201,AIQUILE,desnutricion global,sobrepeso (s),2006-03-01,9,9,0,4,9,13,22
31303,ALALAY,desnutricion global,sobrepeso (s),2006-03-01,0,1,0,0,0,1,1
10404,ALCALA,desnutricion global,sobrepeso (s),2006-03-01,7,5,2,1,9,6,15
20202,ANCORAIMES,desnutricion global,sobrepeso (s),2006-03-01,1,2,0,1,1,3,4
41201,ANDAMARCA,desnutricion global,sobrepeso (s),2006-03-01,0,1,0,0,0,1,1
30402,ANZALDO,desnutricion global,sobrepeso (s),2006-03-01,1,11,1,1,2,12,14
20701,APOLO,desnutricion global,sobrepeso (s),2006-03-01,16,22,1,0,17,22,39
51301,ARAMPAMPA,desnutricion global,sobrepeso (s),2006-03-01,8,4,2,1,10,5,15
30501,ARANI,desnutricion global,sobrepeso (s),2006-03-01,11,4,0,1,11,5,16
30403,ARBIETO,desnutricion global,sobrepeso (s),2006-03-01,3,1,1,0,4,1,5
30601,ARQUE,desnutricion global,sobrepeso (s),2006-03-01,2,2,0,0,2,2,4
71501,ASCENCION DE GUARAYOS,desnutricion global,sobrepeso (s),2006-03-01,1,0,1,0,2,0,2
50802,ATOCHA,desnutricion global,sobrepeso (s),2006-03-01,11,7,3,1,14,8,22
20503,AUCAPATA,desnutricion global,sobrepeso (s),2006-03-01,3,1,0,0,3,1,4
20502,AYATA,desnutricion global,sobrepeso (s),2006-03-01,5,4,0,0,5,4,9
21303,AYO AYO,desnutricion global,sobrepeso (s),2006-03-01,2,3,0,0,2,3,5
30301,AYOPAYA (V. DE INDEPENDENCIA),desnutricion global,sobrepeso (s),2006-03-01,17,13,0,0,17,13,30
10201,AZURDUY,desnutricion global,sobrepeso (s),2006-03-01,15,9,5,2,20,11,31
21203,BATALLAS,desnutricion global,sobrepeso (s),2006-03-01,12,6,0,0,12,6,18
80802,BAURES,desnutricion global,sobrepeso (s),2006-03-01,6,8,1,1,7,9,16
50104,BELEN DE URMIRI,desnutricion global,sobrepeso (s),2006-03-01,0,2,0,0,0,2,2
90104,BELLA FLOR,desnutricion global,sobrepeso (s),2006-03-01,4,6,1,2,5,8,13
60202,BERMEJO,desnutricion global,sobrepeso (s),2006-03-01,20,6,1,0,21,6,27
50301,BETANZOS,desnutricion global,sobrepeso (s),2006-03-01,19,17,4,4,23,21,44
90103,BOLPEBRA,desnutricion global,sobrepeso (s),2006-03-01,1,1,0,0,1,1,2
70707,BOYUIBE,desnutricion global,sobrepeso (s),2006-03-01,3,0,0,0,3,0,3
70401,BUENA VISTA,desnutricion global,sobrepeso (s),2006-03-01,22,20,9,3,31,23,54
70703,CABEZAS,desnutricion global,sobrepeso (s),2006-03-01,20,14,7,5,27,19,46
20905,CAIROMA,desnutricion global,sobrepeso (s),2006-03-01,6,6,0,1,6,7,13
51102,"CAIZA ""D""",desnutricion global,sobrepeso (s),2006-03-01,8,8,2,0,10,8,18
21003,CAJUATA,desnutricion global,sobrepeso (s),2006-03-01,25,13,0,1,25,14,39
20303,CALACOTO,desnutricion global,sobrepeso (s),2006-03-01,2,2,0,2,2,4,6
21304,CALAMARCA,desnutricion global,sobrepeso (s),2006-03-01,7,2,0,1,7,3,10
10701,CAMARGO,desnutricion global,sobrepeso (s),2006-03-01,29,10,9,5,38,15,53
10901,CAMATAQUI (C. VILLA ABECIA),desnutricion global,sobrepeso (s),2006-03-01,2,5,0,0,2,5,7
70706,CAMIRI,desnutricion global,sobrepeso (s),2006-03-01,81,77,27,19,108,96,204
30701,CAPINOTA,desnutricion global,sobrepeso (s),2006-03-01,7,7,0,2,7,9,16
20302,CAQUIAVIRI,desnutricion global,sobrepeso (s),2006-03-01,13,11,2,4,15,15,30
40102,CARACOLLO,desnutricion global,sobrepeso (s),2006-03-01,13,11,1,3,14,14,28
22001,CARANAVI,desnutricion global,sobrepeso (s),2006-03-01,104,70,24,6,128,76,204
60302,CARAPARI,desnutricion global,sobrepeso (s),2006-03-01,18,25,5,3,23,28,51
50702,CARIPUYO,desnutricion global,sobrepeso (s),2006-03-01,5,6,2,0,7,6,13
71403,CARMEN RIVERO TORREZ,desnutricion global,sobrepeso (s),2006-03-01,11,4,1,4,12,8,20
40201,CHALLAPATA,desnutricion global,sobrepeso (s),2006-03-01,21,25,0,0,21,25,46
50302,CHAQUI,desnutricion global,sobrepeso (s),2006-03-01,10,6,0,1,10,7,17
70702,CHARAGUA,desnutricion global,sobrepeso (s),2006-03-01,40,30,17,13,57,43,100
20305,CHARAÑA,desnutricion global,sobrepeso (s),2006-03-01,4,4,0,1,4,5,9
50202,CHAYANTA,desnutricion global,sobrepeso (s),2006-03-01,6,9,0,0,6,9,15
31204,CHIMORE,desnutricion global,sobrepeso (s),2006-03-01,8,2,1,1,9,3,12
40903,CHIPAYA,desnutricion global,sobrepeso (s),2006-03-01,3,2,0,1,3,3,6
40302,CHOQUE COTA,desnutricion global,sobrepeso (s),2006-03-01,1,2,1,0,2,2,4
21101,CHULUMANI (V. DE LA LIBERTAD),desnutricion global,sobrepeso (s),2006-03-01,7,7,1,2,8,9,17
20501,CHUMA,desnutricion global,sobrepeso (s),2006-03-01,10,7,2,0,12,7,19
30801,CLIZA,desnutricion global,sobrepeso (s),2006-03-01,36,13,8,10,44,23,67
90101,COBIJA,desnutricion global,sobrepeso (s),2006-03-01,50,67,12,14,62,81,143
30101,COCHABAMBA,desnutricion global,sobrepeso (s),2006-03-01,387,349,99,76,486,425,911
30905,COLCAPIRHUA,desnutricion global,sobrepeso (s),2006-03-01,58,46,4,11,62,57,119
50901,"COLCHA ""K""",desnutricion global,sobrepeso (s),2006-03-01,5,11,0,2,5,13,18
21307,COLLANA,desnutricion global,sobrepeso (s),2006-03-01,6,0,1,1,7,1,8
31002,COLOMI,desnutricion global,sobrepeso (s),2006-03-01,12,27,4,1,16,28,44
70603,COLPA BELGICA,desnutricion global,sobrepeso (s),2006-03-01,7,16,7,6,14,22,36
50401,COLQUECHACA,desnutricion global,sobrepeso (s),2006-03-01,7,4,2,0,9,4,13
21306,COLQUENCHA,desnutricion global,sobrepeso (s),2006-03-01,2,3,0,0,2,3,5
21004,COLQUIRI,desnutricion global,sobrepeso (s),2006-03-01,7,7,1,4,8,11,19
71301,COMARAPA,desnutricion global,sobrepeso (s),2006-03-01,61,64,17,15,78,79,157
20605,COMBAYA,desnutricion global,sobrepeso (s),2006-03-01,0,1,0,0,0,1,1
71101,CONCEPCION,desnutricion global,sobrepeso (s),2006-03-01,14,9,2,2,16,11,27
21701,COPACABANA,desnutricion global,sobrepeso (s),2006-03-01,15,7,1,2,16,9,25
21402,CORIPATA,desnutricion global,sobrepeso (s),2006-03-01,15,7,0,4,15,11,26
20301,CORO CORO,desnutricion global,sobrepeso (s),2006-03-01,3,5,0,1,3,6,9
21401,COROICO,desnutricion global,sobrepeso (s),2006-03-01,2,1,3,2,5,3,8
40301,CORQUE,desnutricion global,sobrepeso (s),2006-03-01,1,1,3,1,4,2,6
50601,COTAGAITA,desnutricion global,sobrepeso (s),2006-03-01,14,19,9,3,23,22,45
70102,COTOCA,desnutricion global,sobrepeso (s),2006-03-01,78,38,3,3,81,41,122
71106,CUATRO CAÑADAS,desnutricion global,sobrepeso (s),2006-03-01,18,14,2,0,20,14,34
70704,CUEVO,desnutricion global,sobrepeso (s),2006-03-01,9,6,1,0,10,6,16
10902,CULPINA,desnutricion global,sobrepeso (s),2006-03-01,19,16,5,4,24,20,44
40401,CURAHUARA DE CARANGAS,desnutricion global,sobrepeso (s),2006-03-01,3,6,1,1,4,7,11
20804,DESAGUADERO,desnutricion global,sobrepeso (s),2006-03-01,2,0,0,0,2,0,2
20105,EL ALTO,desnutricion global,sobrepeso (s),2006-03-01,591,565,140,165,731,730,1461
40103,EL CHORO,desnutricion global,sobrepeso (s),2006-03-01,4,1,0,1,4,2,6
71503,EL PUENTE(STC),desnutricion global,sobrepeso (s),2006-03-01,50,19,2,0,52,19,71
60502,EL PUENTE(TJA),desnutricion global,sobrepeso (s),2006-03-01,4,3,0,0,4,3,7
70105,EL TORNO,desnutricion global,sobrepeso (s),2006-03-01,42,26,10,6,52,32,84
10405,EL VILLAR,desnutricion global,sobrepeso (s),2006-03-01,7,1,2,1,9,2,11
60601,ENTRE RIOS,desnutricion global,sobrepeso (s),2006-03-01,44,26,6,7,50,33,83
60601,ENTRE RIOS,desnutricion global,sobrepeso (s),2006-03-01,45,35,5,5,50,40,90
41101,EUCALIPTUS,desnutricion global,sobrepeso (s),2006-03-01,6,10,1,1,7,11,18
90503,EUREKA (SANTOS MERCADO),desnutricion global,sobrepeso (s),2006-03-01,2,1,2,0,4,1,5
80402,EXALTACION,desnutricion global,sobrepeso (s),2006-03-01,6,2,2,2,8,4,12
71004,FERNANDEZ ALONSO,desnutricion global,sobrepeso (s),2006-03-01,32,21,7,6,39,27,66
90203,FILADELFIA,desnutricion global,sobrepeso (s),2006-03-01,13,4,1,2,14,6,20
71002,GENERAL SAAVEDRA,desnutricion global,sobrepeso (s),2006-03-01,29,35,14,10,43,45,88
21601,GRAL. J.J. PEREZ (CHARAZANI),desnutricion global,sobrepeso (s),2006-03-01,7,7,1,0,8,7,15
20602,GUANAY,desnutricion global,sobrepeso (s),2006-03-01,10,15,1,2,11,17,28
20802,GUAQUI,desnutricion global,sobrepeso (s),2006-03-01,8,2,0,1,8,3,11
80202,GUAYARAMERIN,desnutricion global,sobrepeso (s),2006-03-01,81,89,9,11,90,100,190
70705,GUTIERREZ,desnutricion global,sobrepeso (s),2006-03-01,28,18,7,7,35,25,60
10502,HUACARETA,desnutricion global,sobrepeso (s),2006-03-01,22,7,3,4,25,11,36
11002,HUACAYA (VILLA DE HUACAYA),desnutricion global,sobrepeso (s),2006-03-01,4,7,2,0,6,7,13
40501,HUACHACALLA,desnutricion global,sobrepeso (s),2006-03-01,1,1,0,0,1,1,2
40701,HUANUNI,desnutricion global,sobrepeso (s),2006-03-01,37,27,0,1,37,28,65
80803,HUARACAJE,desnutricion global,sobrepeso (s),2006-03-01,9,3,5,3,14,6,20
41601,HUAYLLAMARCA,desnutricion global,sobrepeso (s),2006-03-01,1,3,1,1,2,4,6
21005,ICHOCA,desnutricion global,sobrepeso (s),2006-03-01,5,2,0,0,5,2,7
10304,ICLA,desnutricion global,sobrepeso (s),2006-03-01,4,2,1,0,5,2,7
10703,INCAHUASI,desnutricion global,sobrepeso (s),2006-03-01,13,9,1,2,14,11,25
21001,INQUISIVI,desnutricion global,sobrepeso (s),2006-03-01,12,11,2,0,14,11,25
21102,IRUPANA (VILLA DE LANZA),desnutricion global,sobrepeso (s),2006-03-01,13,12,4,4,17,16,33
21501,IXIAMAS,desnutricion global,sobrepeso (s),2006-03-01,8,6,4,2,12,8,20
20806,JESUS DE MACHACA,desnutricion global,sobrepeso (s),2006-03-01,3,4,0,0,3,4,7
21105,LA ASUNTA,desnutricion global,sobrepeso (s),2006-03-01,13,12,2,3,15,15,30
70104,LA GUARDIA,desnutricion global,sobrepeso (s),2006-03-01,129,84,41,28,170,112,282
20101,LA PAZ,desnutricion global,sobrepeso (s),2006-03-01,514,509,232,218,746,727,1473
70701,LAGUNILLAS,desnutricion global,sobrepeso (s),2006-03-01,20,9,6,4,26,13,39
21202,LAJA,desnutricion global,sobrepeso (s),2006-03-01,14,11,0,1,14,12,26
10903,LAS CARRERAS,desnutricion global,sobrepeso (s),2006-03-01,5,2,4,4,9,6,15
21006,LICOMA PAMPA,desnutricion global,sobrepeso (s),2006-03-01,1,0,1,0,2,0,2
50203,LLALLAGUA,desnutricion global,sobrepeso (s),2006-03-01,56,56,7,8,63,64,127
51401,LLICA,desnutricion global,sobrepeso (s),2006-03-01,1,2,0,0,1,2,3
80601,LORETO,desnutricion global,sobrepeso (s),2006-03-01,3,9,1,0,4,9,13
20901,LURIBAY,desnutricion global,sobrepeso (s),2006-03-01,7,4,2,0,9,4,13
40702,MACHACAMARCA,desnutricion global,sobrepeso (s),2006-03-01,3,8,1,3,4,11,15
11003,MACHARETI,desnutricion global,sobrepeso (s),2006-03-01,16,14,10,4,26,18,44
80801,MAGDALENA,desnutricion global,sobrepeso (s),2006-03-01,18,12,1,4,19,16,35
70903,MAIRANA,desnutricion global,sobrepeso (s),2006-03-01,6,13,2,2,8,15,23
20904,MALLA,desnutricion global,sobrepeso (s),2006-03-01,1,0,0,0,1,0,1
20607,MAPIRI,desnutricion global,sobrepeso (s),2006-03-01,12,10,1,1,13,11,24
20103,MECAPACA,desnutricion global,sobrepeso (s),2006-03-01,12,3,0,0,12,3,15
71003,MINEROS,desnutricion global,sobrepeso (s),2006-03-01,61,31,17,19,78,50,128
31301,MIZQUE,desnutricion global,sobrepeso (s),2006-03-01,29,13,7,5,36,18,54
20402,MOCOMOCO,desnutricion global,sobrepeso (s),2006-03-01,10,1,1,1,11,2,13
10303,MOJOCOYA,desnutricion global,sobrepeso (s),2006-03-01,9,7,2,0,11,7,18
10501,MONTEAGUDO,desnutricion global,sobrepeso (s),2006-03-01,68,39,18,7,86,46,132
71001,MONTERO,desnutricion global,sobrepeso (s),2006-03-01,265,226,107,72,372,298,670
70803,MORO MORO,desnutricion global,sobrepeso (s),2006-03-01,2,6,0,0,2,6,8
30302,MOROCHATA,desnutricion global,sobrepeso (s),2006-03-01,14,9,2,1,16,10,26
90401,NACEBE (SANTA ROSA DEL ABUNA),desnutricion global,sobrepeso (s),2006-03-01,2,1,1,1,3,2,5
50404,OCURI,desnutricion global,sobrepeso (s),2006-03-01,9,7,1,1,10,8,18
70202,OKINAWA,desnutricion global,sobrepeso (s),2006-03-01,22,12,1,2,23,14,37
30203,OMEREQUE,desnutricion global,sobrepeso (s),2006-03-01,6,7,0,0,6,7,13
40101,ORURO,desnutricion global,sobrepeso (s),2006-03-01,247,179,49,30,296,209,505
60201,PADCAYA,desnutricion global,sobrepeso (s),2006-03-01,34,21,11,8,45,29,74
10401,PADILLA,desnutricion global,sobrepeso (s),2006-03-01,14,18,9,6,23,24,47
70502,PAILON,desnutricion global,sobrepeso (s),2006-03-01,2,61,23,0,25,61,86
20102,PALCA,desnutricion global,sobrepeso (s),2006-03-01,6,12,1,0,7,12,19
21104,PALOS BLANCOS,desnutricion global,sobrepeso (s),2006-03-01,51,18,9,8,60,26,86
40802,PAMPA AULLAGAS,desnutricion global,sobrepeso (s),2006-03-01,4,3,0,0,4,3,7
70902,PAMPA GRANDE,desnutricion global,sobrepeso (s),2006-03-01,7,10,3,1,10,11,21
21802,PAPEL PAMPA,desnutricion global,sobrepeso (s),2006-03-01,1,2,0,0,1,2,3
30202,PASORAPA,desnutricion global,sobrepeso (s),2006-03-01,1,5,1,0,2,5,7
21305,PATACAMAYA,desnutricion global,sobrepeso (s),2006-03-01,14,14,1,3,15,17,32
40602,PAZÑA,desnutricion global,sobrepeso (s),2006-03-01,6,6,0,0,6,6,12
20702,PELECHUCO,desnutricion global,sobrepeso (s),2006-03-01,1,2,0,0,1,2,3
50403,POCOATA,desnutricion global,sobrepeso (s),2006-03-01,12,14,5,2,17,16,33
31203,POCONA,desnutricion global,sobrepeso (s),2006-03-01,9,5,3,2,12,7,19
31202,POJO (CBBA),desnutricion global,sobrepeso (s),2006-03-01,23,13,2,0,25,13,38
40601,POOPO,desnutricion global,sobrepeso (s),2006-03-01,3,3,0,2,3,5,8
51203,PORCO,desnutricion global,sobrepeso (s),2006-03-01,7,6,0,0,7,6,13
10103,POROMA,desnutricion global,sobrepeso (s),2006-03-01,23,8,3,3,26,11,37
70103,PORONGO,desnutricion global,sobrepeso (s),2006-03-01,8,4,0,0,8,4,12
70601,PORTACHUELO,desnutricion global,sobrepeso (s),2006-03-01,75,62,54,61,129,123,252
90102,PORVENIR,desnutricion global,sobrepeso (s),2006-03-01,6,6,0,1,6,7,13
70804,POSTRER VALLE,desnutricion global,sobrepeso (s),2006-03-01,3,4,1,0,4,4,8
50101,POTOSI,desnutricion global,sobrepeso (s),2006-03-01,115,78,29,18,144,96,240
10302,PRESTO,desnutricion global,sobrepeso (s),2006-03-01,9,1,2,0,11,1,12
70805,PUCARA,desnutricion global,sobrepeso (s),2006-03-01,1,1,1,0,2,1,3
21201,PUCARANI,desnutricion global,sobrepeso (s),2006-03-01,26,27,1,5,27,32,59
20401,PUERTO ACOSTA,desnutricion global,sobrepeso (s),2006-03-01,14,7,1,1,15,8,23
20403,PUERTO CARABUCO,desnutricion global,sobrepeso (s),2006-03-01,18,10,4,2,22,12,34
90301,PUERTO GONZALO MORENO,desnutricion global,sobrepeso (s),2006-03-01,11,3,4,0,15,3,18
21204,PUERTO PEREZ,desnutricion global,sobrepeso (s),2006-03-01,3,2,0,0,3,2,5
71402,PUERTO QUIJARRO,desnutricion global,sobrepeso (s),2006-03-01,25,31,3,9,28,40,68
90201,PUERTO RICO,desnutricion global,sobrepeso (s),2006-03-01,21,30,0,0,21,30,51
80703,PUERTO SILES,desnutricion global,sobrepeso (s),2006-03-01,2,2,2,2,4,4,8
71401,PUERTO SUAREZ,desnutricion global,sobrepeso (s),2006-03-01,25,15,7,9,32,24,56
31205,PUERTO VILLARROEL,desnutricion global,sobrepeso (s),2006-03-01,74,52,16,15,90,67,157
51101,PUNA,desnutricion global,sobrepeso (s),2006-03-01,14,14,2,1,16,15,31
31401,PUNATA,desnutricion global,sobrepeso (s),2006-03-01,17,9,5,0,22,9,31
20604,QUIABAYA,desnutricion global,sobrepeso (s),2006-03-01,1,0,0,0,1,0,1
30901,QUILLACOLLO,desnutricion global,sobrepeso (s),2006-03-01,81,35,7,4,88,39,127
21002,QUIME,desnutricion global,sobrepeso (s),2006-03-01,9,4,1,1,10,5,15
70904,QUIRUSILLAS,desnutricion global,sobrepeso (s),2006-03-01,9,7,3,1,12,8,20
50402,RAVELO,desnutricion global,sobrepeso (s),2006-03-01,7,2,0,0,7,2,9
80301,REYES,desnutricion global,sobrepeso (s),2006-03-01,28,12,3,4,31,16,47
80201,RIBERALTA,desnutricion global,sobrepeso (s),2006-03-01,72,27,6,3,78,30,108
70503,ROBORE,desnutricion global,sobrepeso (s),2006-03-01,10,10,6,0,16,10,26
80304,RURRENABAQUE,desnutricion global,sobrepeso (s),2006-03-01,60,34,5,4,65,38,103
40901,SABAYA,desnutricion global,sobrepeso (s),2006-03-01,5,2,1,0,6,2,8
31001,SACABA,desnutricion global,sobrepeso (s),2006-03-01,57,52,8,3,65,55,120
50701,SACACA,desnutricion global,sobrepeso (s),2006-03-01,4,0,1,2,5,2,7
71302,SAIPINA,desnutricion global,sobrepeso (s),2006-03-01,45,22,11,11,56,33,89
40801,SALINAS DE GARCI MENDOZA,desnutricion global,sobrepeso (s),2006-03-01,12,9,3,2,15,11,26
70901,SAMAIPATA,desnutricion global,sobrepeso (s),2006-03-01,22,15,3,3,25,18,43
51601,SAN AGUSTIN,desnutricion global,sobrepeso (s),2006-03-01,4,4,1,0,5,4,9
80602,SAN ANDRES,desnutricion global,sobrepeso (s),2006-03-01,13,7,1,13,14,20,34
20805,SAN ANDRES DE MACHACA,desnutricion global,sobrepeso (s),2006-03-01,4,0,0,1,4,1,5
51003,SAN ANTONIO DE ESMORUCO,desnutricion global,sobrepeso (s),2006-03-01,1,8,0,0,1,8,9
71105,SAN ANTONIO DE LOMERIO,desnutricion global,sobrepeso (s),2006-03-01,7,3,0,0,7,3,10
31403,SAN BENITO,desnutricion global,sobrepeso (s),2006-03-01,6,1,1,0,7,1,8
80302,SAN BORJA,desnutricion global,sobrepeso (s),2006-03-01,59,31,7,11,66,42,108
21502,SAN BUENA VENTURA,desnutricion global,sobrepeso (s),2006-03-01,8,5,1,0,9,5,14
70402,SAN CARLOS,desnutricion global,sobrepeso (s),2006-03-01,67,50,12,16,79,66,145
80501,SAN IGNACIO,desnutricion global,sobrepeso (s),2006-03-01,15,14,10,4,25,18,43
70301,SAN IGNACIO DE VELASCO,desnutricion global,sobrepeso (s),2006-03-01,145,75,24,18,169,93,262
80102,SAN JAVIER(BNI),desnutricion global,sobrepeso (s),2006-03-01,3,5,2,0,5,5,10
71102,SAN JAVIER(STC),desnutricion global,sobrepeso (s),2006-03-01,7,2,0,0,7,2,9
80701,SAN JOAQUIN,desnutricion global,sobrepeso (s),2006-03-01,8,13,7,2,15,15,30
70501,SAN JOSE DE CHIQUITOS,desnutricion global,sobrepeso (s),2006-03-01,32,14,8,4,40,18,58
70404,SAN JUAN DE YAPACANI,desnutricion global,sobrepeso (s),2006-03-01,57,22,4,4,61,26,87
71104,SAN JULIAN,desnutricion global,sobrepeso (s),2006-03-01,57,27,29,17,86,44,130
90302,SAN LORENZO(PND),desnutricion global,sobrepeso (s),2006-03-01,4,6,7,5,11,11,22
60501,SAN LORENZO(TJA),desnutricion global,sobrepeso (s),2006-03-01,16,7,3,2,19,9,28
10702,SAN LUCAS,desnutricion global,sobrepeso (s),2006-03-01,29,25,4,0,33,25,58
71201,SAN MATIAS,desnutricion global,sobrepeso (s),2006-03-01,24,12,6,4,30,16,46
70302,SAN MIGUEL DE VELASCO,desnutricion global,sobrepeso (s),2006-03-01,9,11,4,2,13,13,26
51001,SAN PABLO DE LIPEZ,desnutricion global,sobrepeso (s),2006-03-01,4,1,0,0,4,1,5
71005,SAN PEDRO,desnutricion global,sobrepeso (s),2006-03-01,44,26,15,10,59,36,95
50501,SAN PEDRO DE BUENA VISTA,desnutricion global,sobrepeso (s),2006-03-01,6,8,4,7,10,15,25
21801,SAN PEDRO DE CURAHUARA,desnutricion global,sobrepeso (s),2006-03-01,4,2,1,0,5,2,7
50902,SAN PEDRO DE QUEMES,desnutricion global,sobrepeso (s),2006-03-01,1,1,0,0,1,1,2
21702,SAN PEDRO DE TIQUINA,desnutricion global,sobrepeso (s),2006-03-01,1,2,0,0,1,2,3
70303,SAN RAFAEL,desnutricion global,sobrepeso (s),2006-03-01,2,4,2,1,4,5,9
80702,SAN RAMON,desnutricion global,sobrepeso (s),2006-03-01,24,5,5,10,29,15,44
80401,SANTA ANA,desnutricion global,sobrepeso (s),2006-03-01,55,28,15,11,70,39,109
70101,SANTA CRUZ DE LA SIERRA,desnutricion global,sobrepeso (s),2006-03-01,1689,1370,629,537,2318,1907,4225
80303,SANTA ROSA,desnutricion global,sobrepeso (s),2006-03-01,21,19,3,6,24,25,49
70602,SANTA ROSA DEL SARA,desnutricion global,sobrepeso (s),2006-03-01,25,18,20,10,45,28,73
20308,SANTIAGO DE CALLAPA,desnutricion global,sobrepeso (s),2006-03-01,0,2,3,0,3,2,5
41401,SANTIAGO DE HUARI,desnutricion global,sobrepeso (s),2006-03-01,6,1,0,0,6,1,7
21901,SANTIAGO DE MACHACA,desnutricion global,sobrepeso (s),2006-03-01,1,1,0,0,1,1,2
30702,SANTIVAÑES,desnutricion global,sobrepeso (s),2006-03-01,2,7,0,0,2,7,9
40202,SANTUARIO DE QUILLACAS,desnutricion global,sobrepeso (s),2006-03-01,0,4,0,0,0,4,4
20902,SAPAHAQUI,desnutricion global,sobrepeso (s),2006-03-01,5,5,2,0,7,5,12
90303,SENA,desnutricion global,sobrepeso (s),2006-03-01,7,4,3,1,10,5,15
21301,SICA SICA (VILLA AROMA),desnutricion global,sobrepeso (s),2006-03-01,7,7,0,4,7,11,18
30703,SICAYA,desnutricion global,sobrepeso (s),2006-03-01,1,0,0,0,1,0,1
30902,SIPE SIPE,desnutricion global,sobrepeso (s),2006-03-01,66,60,14,14,80,74,154
10403,SOPACHUY,desnutricion global,sobrepeso (s),2006-03-01,9,2,0,0,9,2,11
40104,SORACACHI,desnutricion global,sobrepeso (s),2006-03-01,10,6,1,3,11,9,20
20601,SORATA,desnutricion global,sobrepeso (s),2006-03-01,15,8,3,1,18,9,27
10101,SUCRE,desnutricion global,sobrepeso (s),2006-03-01,214,195,47,48,261,243,504
31404,TACACHI,desnutricion global,sobrepeso (s),2006-03-01,0,1,0,0,0,1,1
20603,TACACOMA,desnutricion global,sobrepeso (s),2006-03-01,7,3,2,2,9,5,14
50303,TACOBAMBA,desnutricion global,sobrepeso (s),2006-03-01,8,9,2,0,10,9,19
30602,TACOPAYA,desnutricion global,sobrepeso (s),2006-03-01,3,1,1,0,4,1,5
51402,TAHUA,desnutricion global,sobrepeso (s),2006-03-01,1,0,0,0,1,0,1
31101,TAPACARI,desnutricion global,sobrepeso (s),2006-03-01,9,6,2,1,11,7,18
10601,TARABUCO,desnutricion global,sobrepeso (s),2006-03-01,14,14,1,2,15,16,31
20807,TARACO,desnutricion global,sobrepeso (s),2006-03-01,0,2,0,1,0,3,3
30401,TARATA,desnutricion global,sobrepeso (s),2006-03-01,1,8,0,0,1,8,9
60101,TARIJA,desnutricion global,sobrepeso (s),2006-03-01,294,203,60,59,354,262,616
10202,TARVITA,desnutricion global,sobrepeso (s),2006-03-01,9,6,3,0,12,6,18
20608,TEOPONTE,desnutricion global,sobrepeso (s),2006-03-01,22,15,13,6,35,21,56
20803,TIAWANACU,desnutricion global,sobrepeso (s),2006-03-01,6,10,3,9,9,19,28
50102,TINGUIPAYA,desnutricion global,sobrepeso (s),2006-03-01,15,9,1,0,16,9,25
20606,TIPUANI,desnutricion global,sobrepeso (s),2006-03-01,10,12,0,1,10,13,23
30903,TIQUIPAYA,desnutricion global,sobrepeso (s),2006-03-01,26,23,8,5,34,28,62
31601,TIRAQUE (CBBA),desnutricion global,sobrepeso (s),2006-03-01,57,60,11,12,68,72,140
21703,TITO YUPANQUI (PARQUIPUJIO),desnutricion global,sobrepeso (s),2006-03-01,0,4,0,0,0,4,4
30802,TOCO,desnutricion global,sobrepeso (s),2006-03-01,8,1,0,0,8,1,9
30803,TOLATA,desnutricion global,sobrepeso (s),2006-03-01,4,6,5,0,9,6,15
41001,TOLEDO,desnutricion global,sobrepeso (s),2006-03-01,2,0,1,0,3,0,3
51202,TOMAVE,desnutricion global,sobrepeso (s),2006-03-01,4,3,0,0,4,3,7
10402,TOMINA,desnutricion global,sobrepeso (s),2006-03-01,10,20,1,0,11,20,31
50502,TORO TORO,desnutricion global,sobrepeso (s),2006-03-01,9,6,1,1,10,7,17
31201,TOTORA(CBBA),desnutricion global,sobrepeso (s),2006-03-01,8,8,2,2,10,10,20
41301,TOTORA(ORR),desnutricion global,sobrepeso (s),2006-03-01,2,2,0,0,2,2,4
70802,TRIGAL,desnutricion global,sobrepeso (s),2006-03-01,3,4,2,2,5,6,11
80101,TRINIDAD,desnutricion global,sobrepeso (s),2006-03-01,197,149,58,44,255,193,448
50801,TUPIZA,desnutricion global,sobrepeso (s),2006-03-01,41,43,19,10,60,53,113
40402,TURCO,desnutricion global,sobrepeso (s),2006-03-01,7,7,3,0,10,7,17
21302,UMALA,desnutricion global,sobrepeso (s),2006-03-01,0,1,0,0,0,1,1
50201,UNCIA,desnutricion global,sobrepeso (s),2006-03-01,5,3,0,2,5,5,10
60401,URIONDO (A. CONCEPCION),desnutricion global,sobrepeso (s),2006-03-01,21,22,9,10,30,32,62
51201,UYUNI,desnutricion global,sobrepeso (s),2006-03-01,62,27,4,1,66,28,94
30502,VACAS,desnutricion global,sobrepeso (s),2006-03-01,2,0,0,0,2,0,2
70801,VALLEGRANDE,desnutricion global,sobrepeso (s),2006-03-01,29,24,8,9,37,33,70
20801,VIACHA,desnutricion global,sobrepeso (s),2006-03-01,45,47,9,7,54,54,108
31302,VILA VILA,desnutricion global,sobrepeso (s),2006-03-01,4,5,1,0,5,5,10
60303,VILLA MONTES,desnutricion global,sobrepeso (s),2006-03-01,53,30,14,3,67,33,100
90502,VILLA NUEVA (LOMA ALTA),desnutricion global,sobrepeso (s),2006-03-01,2,4,3,1,5,5,10
31402,VILLA RIVERO,desnutricion global,sobrepeso (s),2006-03-01,6,7,0,2,6,9,15
10801,VILLA SERRANO,desnutricion global,sobrepeso (s),2006-03-01,16,17,4,1,20,18,38
31003,VILLA TUNARI,desnutricion global,sobrepeso (s),2006-03-01,56,59,5,3,61,62,123
11001,VILLA VACA GUZMAN (MUYUPAMPA),desnutricion global,sobrepeso (s),2006-03-01,15,15,6,0,21,15,36
51501,VILLAZON,desnutricion global,sobrepeso (s),2006-03-01,38,42,5,8,43,50,93
30904,VINTO,desnutricion global,sobrepeso (s),2006-03-01,15,9,2,1,17,10,27
50602,VITICHI,desnutricion global,sobrepeso (s),2006-03-01,2,4,0,0,2,4,6
20306,WALDO BALLIVIAN,desnutricion global,sobrepeso (s),2006-03-01,1,0,1,0,2,0,2
70201,WARNES,desnutricion global,sobrepeso (s),2006-03-01,104,63,24,14,128,77,205
20903,YACO,desnutricion global,sobrepeso (s),2006-03-01,1,3,0,0,1,3,4
60301,YACUIBA,desnutricion global,sobrepeso (s),2006-03-01,93,77,15,12,108,89,197
10602,YAMPARAEZ,desnutricion global,sobrepeso (s),2006-03-01,8,9,2,1,10,10,20
21103,YANACACHI,desnutricion global,sobrepeso (s),2006-03-01,5,3,1,0,6,3,9
70403,YAPACANI,desnutricion global,sobrepeso (s),2006-03-01,73,85,23,8,96,93,189
50103,YOCALLA,desnutricion global,sobrepeso (s),2006-03-01,1,0,0,0,1,0,1
10102,YOTALA,desnutricion global,sobrepeso (s),2006-03-01,16,15,4,11,20,26,46
60402,YUNCHARA,desnutricion global,sobrepeso (s),2006-03-01,6,2,0,0,6,2,8
10301,ZUDAÑEZ,desnutricion global,sobrepeso (s),2006-03-01,9,6,1,1,10,7,17
51302,ACACIO,desnutricion global,sobrepeso (s),2006-04-01,7,4,4,0,11,4,15
20201,ACHACACHI,desnutricion global,sobrepeso (s),2006-04-01,23,15,6,2,29,17,46
20104,ACHOCALLA,desnutricion global,sobrepeso (s),2006-04-01,3,4,2,0,5,4,9
30201,AIQUILE,desnutricion global,sobrepeso (s),2006-04-01,4,2,3,1,7,3,10
31303,ALALAY,desnutricion global,sobrepeso (s),2006-04-01,6,1,3,0,9,1,10
10404,ALCALA,desnutricion global,sobrepeso (s),2006-04-01,3,4,0,1,3,5,8
20202,ANCORAIMES,desnutricion global,sobrepeso (s),2006-04-01,2,2,1,1,3,3,6
41201,ANDAMARCA,desnutricion global,sobrepeso (s),2006-04-01,1,1,2,0,3,1,4
40603,ANTEQUERA,desnutricion global,sobrepeso (s),2006-04-01,0,3,0,0,0,3,3
30402,ANZALDO,desnutricion global,sobrepeso (s),2006-04-01,6,5,7,7,13,12,25
20701,APOLO,desnutricion global,sobrepeso (s),2006-04-01,15,11,0,0,15,11,26
51301,ARAMPAMPA,desnutricion global,sobrepeso (s),2006-04-01,3,4,1,1,4,5,9
30501,ARANI,desnutricion global,sobrepeso (s),2006-04-01,6,4,2,0,8,4,12
30403,ARBIETO,desnutricion global,sobrepeso (s),2006-04-01,2,4,0,1,2,5,7
30601,ARQUE,desnutricion global,sobrepeso (s),2006-04-01,1,2,1,1,2,3,5
71501,ASCENCION DE GUARAYOS,desnutricion global,sobrepeso (s),2006-04-01,42,45,13,6,55,51,106
50802,ATOCHA,desnutricion global,sobrepeso (s),2006-04-01,11,12,9,5,20,17,37
20503,AUCAPATA,desnutricion global,sobrepeso (s),2006-04-01,5,4,0,0,5,4,9
20502,AYATA,desnutricion global,sobrepeso (s),2006-04-01,1,1,0,0,1,1,2
30301,AYOPAYA (V. DE INDEPENDENCIA),desnutricion global,sobrepeso (s),2006-04-01,17,14,4,3,21,17,38
10201,AZURDUY,desnutricion global,sobrepeso (s),2006-04-01,12,7,5,1,17,8,25
21203,BATALLAS,desnutricion global,sobrepeso (s),2006-04-01,3,2,0,1,3,3,6
80802,BAURES,desnutricion global,sobrepeso (s),2006-04-01,6,5,1,2,7,7,14
41202,BELEN DE ANDAMARCA,desnutricion global,sobrepeso (s),2006-04-01,0,1,0,0,0,1,1
90104,BELLA FLOR,desnutricion global,sobrepeso (s),2006-04-01,3,2,1,1,4,3,7
60202,BERMEJO,desnutricion global,sobrepeso (s),2006-04-01,16,7,15,14,31,21,52
50301,BETANZOS,desnutricion global,sobrepeso (s),2006-04-01,9,7,2,0,11,7,18
90103,BOLPEBRA,desnutricion global,sobrepeso (s),2006-04-01,0,3,0,0,0,3,3
70707,BOYUIBE,desnutricion global,sobrepeso (s),2006-04-01,6,1,1,4,7,5,12
70401,BUENA VISTA,desnutricion global,sobrepeso (s),2006-04-01,28,9,5,2,33,11,44
70703,CABEZAS,desnutricion global,sobrepeso (s),2006-04-01,34,25,10,6,44,31,75
20905,CAIROMA,desnutricion global,sobrepeso (s),2006-04-01,9,11,0,0,9,11,20
51102,"CAIZA ""D""",desnutricion global,sobrepeso (s),2006-04-01,7,6,2,0,9,6,15
21003,CAJUATA,desnutricion global,sobrepeso (s),2006-04-01,17,16,4,7,21,23,44
20303,CALACOTO,desnutricion global,sobrepeso (s),2006-04-01,2,1,0,0,2,1,3
21304,CALAMARCA,desnutricion global,sobrepeso (s),2006-04-01,3,1,1,0,4,1,5
10701,CAMARGO,desnutricion global,sobrepeso (s),2006-04-01,25,12,5,2,30,14,44
10901,CAMATAQUI (C. VILLA ABECIA),desnutricion global,sobrepeso (s),2006-04-01,5,6,2,0,7,6,13
70706,CAMIRI,desnutricion global,sobrepeso (s),2006-04-01,85,81,33,22,118,103,221
30701,CAPINOTA,desnutricion global,sobrepeso (s),2006-04-01,4,2,1,1,5,3,8
20302,CAQUIAVIRI,desnutricion global,sobrepeso (s),2006-04-01,15,3,0,1,15,4,19
40102,CARACOLLO,desnutricion global,sobrepeso (s),2006-04-01,28,22,15,24,43,46,89
22001,CARANAVI,desnutricion global,sobrepeso (s),2006-04-01,82,61,7,34,89,95,184
60302,CARAPARI,desnutricion global,sobrepeso (s),2006-04-01,23,28,6,5,29,33,62
50702,CARIPUYO,desnutricion global,sobrepeso (s),2006-04-01,6,5,0,0,6,5,11
71403,CARMEN RIVERO TORREZ,desnutricion global,sobrepeso (s),2006-04-01,3,3,1,2,4,5,9
21803,CHACARILLA,desnutricion global,sobrepeso (s),2006-04-01,0,2,0,0,0,2,2
40201,CHALLAPATA,desnutricion global,sobrepeso (s),2006-04-01,14,13,1,0,15,13,28
50302,CHAQUI,desnutricion global,sobrepeso (s),2006-04-01,5,4,0,0,5,4,9
70702,CHARAGUA,desnutricion global,sobrepeso (s),2006-04-01,41,45,10,8,51,53,104
20305,CHARAÑA,desnutricion global,sobrepeso (s),2006-04-01,0,1,0,0,0,1,1
50202,CHAYANTA,desnutricion global,sobrepeso (s),2006-04-01,13,9,2,5,15,14,29
31204,CHIMORE,desnutricion global,sobrepeso (s),2006-04-01,3,2,1,1,4,3,7
40903,CHIPAYA,desnutricion global,sobrepeso (s),2006-04-01,2,1,4,0,6,1,7
21101,CHULUMANI (V. DE LA LIBERTAD),desnutricion global,sobrepeso (s),2006-04-01,40,20,5,4,45,24,69
20501,CHUMA,desnutricion global,sobrepeso (s),2006-04-01,7,3,0,0,7,3,10
30801,CLIZA,desnutricion global,sobrepeso (s),2006-04-01,45,39,7,5,52,44,96
90101,COBIJA,desnutricion global,sobrepeso (s),2006-04-01,48,47,8,8,56,55,111
30101,COCHABAMBA,desnutricion global,sobrepeso (s),2006-04-01,297,226,49,39,346,265,611
40902,COIPASA,desnutricion global,sobrepeso (s),2006-04-01,0,1,0,0,0,1,1
30905,COLCAPIRHUA,desnutricion global,sobrepeso (s),2006-04-01,39,46,9,4,48,50,98
50901,"COLCHA ""K""",desnutricion global,sobrepeso (s),2006-04-01,7,6,1,1,8,7,15
21307,COLLANA,desnutricion global,sobrepeso (s),2006-04-01,4,0,0,0,4,0,4
31002,COLOMI,desnutricion global,sobrepeso (s),2006-04-01,10,7,3,0,13,7,20
70603,COLPA BELGICA,desnutricion global,sobrepeso (s),2006-04-01,12,11,4,5,16,16,32
50401,COLQUECHACA,desnutricion global,sobrepeso (s),2006-04-01,16,14,7,2,23,16,39
21306,COLQUENCHA,desnutricion global,sobrepeso (s),2006-04-01,4,3,3,0,7,3,10
21004,COLQUIRI,desnutricion global,sobrepeso (s),2006-04-01,8,6,1,0,9,6,15
20304,COMANCHE,desnutricion global,sobrepeso (s),2006-04-01,0,1,0,0,0,1,1
71301,COMARAPA,desnutricion global,sobrepeso (s),2006-04-01,70,61,15,23,85,84,169
20605,COMBAYA,desnutricion global,sobrepeso (s),2006-04-01,0,1,0,0,0,1,1
71101,CONCEPCION,desnutricion global,sobrepeso (s),2006-04-01,8,1,1,2,9,3,12
21701,COPACABANA,desnutricion global,sobrepeso (s),2006-04-01,17,6,1,3,18,9,27
21402,CORIPATA,desnutricion global,sobrepeso (s),2006-04-01,17,18,1,1,18,19,37
20301,CORO CORO,desnutricion global,sobrepeso (s),2006-04-01,4,4,0,0,4,4,8
21401,COROICO,desnutricion global,sobrepeso (s),2006-04-01,0,1,1,1,1,2,3
40301,CORQUE,desnutricion global,sobrepeso (s),2006-04-01,4,2,1,0,5,2,7
50601,COTAGAITA,desnutricion global,sobrepeso (s),2006-04-01,9,12,4,1,13,13,26
70102,COTOCA,desnutricion global,sobrepeso (s),2006-04-01,40,38,5,3,45,41,86
71106,CUATRO CAÑADAS,desnutricion global,sobrepeso (s),2006-04-01,22,17,0,0,22,17,39
31405,CUCHUMUELA (V. G. VILLARROEL),desnutricion global,sobrepeso (s),2006-04-01,2,0,0,0,2,0,2
70704,CUEVO,desnutricion global,sobrepeso (s),2006-04-01,6,5,1,0,7,5,12
10902,CULPINA,desnutricion global,sobrepeso (s),2006-04-01,16,10,4,1,20,11,31
40401,CURAHUARA DE CARANGAS,desnutricion global,sobrepeso (s),2006-04-01,5,4,0,1,5,5,10
21602,CURVA,desnutricion global,sobrepeso (s),2006-04-01,8,6,0,0,8,6,14
20804,DESAGUADERO,desnutricion global,sobrepeso (s),2006-04-01,2,0,1,0,3,0,3
20105,EL ALTO,desnutricion global,sobrepeso (s),2006-04-01,483,451,123,114,606,565,1171
40103,EL CHORO,desnutricion global,sobrepeso (s),2006-04-01,3,2,0,0,3,2,5
71503,EL PUENTE(STC),desnutricion global,sobrepeso (s),2006-04-01,23,4,2,0,25,4,29
60502,EL PUENTE(TJA),desnutricion global,sobrepeso (s),2006-04-01,11,6,1,1,12,7,19
70105,EL TORNO,desnutricion global,sobrepeso (s),2006-04-01,29,28,8,2,37,30,67
10405,EL VILLAR,desnutricion global,sobrepeso (s),2006-04-01,6,2,3,1,9,3,12
60601,ENTRE RIOS,desnutricion global,sobrepeso (s),2006-04-01,45,39,6,6,51,45,96
60601,ENTRE RIOS,desnutricion global,sobrepeso (s),2006-04-01,29,24,6,2,35,26,61
41101,EUCALIPTUS,desnutricion global,sobrepeso (s),2006-04-01,7,8,1,1,8,9,17
90503,EUREKA (SANTOS MERCADO),desnutricion global,sobrepeso (s),2006-04-01,2,0,0,0,2,0,2
80402,EXALTACION,desnutricion global,sobrepeso (s),2006-04-01,2,7,4,3,6,10,16
71004,FERNANDEZ ALONSO,desnutricion global,sobrepeso (s),2006-04-01,28,15,3,4,31,19,50
90203,FILADELFIA,desnutricion global,sobrepeso (s),2006-04-01,4,0,1,0,5,0,5
71002,GENERAL SAAVEDRA,desnutricion global,sobrepeso (s),2006-04-01,28,20,11,6,39,26,65
21601,GRAL. J.J. PEREZ (CHARAZANI),desnutricion global,sobrepeso (s),2006-04-01,4,4,1,0,5,4,9
20602,GUANAY,desnutricion global,sobrepeso (s),2006-04-01,13,8,2,3,15,11,26
20802,GUAQUI,desnutricion global,sobrepeso (s),2006-04-01,3,3,0,0,3,3,6
80202,GUAYARAMERIN,desnutricion global,sobrepeso (s),2006-04-01,92,95,12,17,104,112,216
70705,GUTIERREZ,desnutricion global,sobrepeso (s),2006-04-01,38,31,14,7,52,38,90
10502,HUACARETA,desnutricion global,sobrepeso (s),2006-04-01,16,10,10,8,26,18,44
11002,HUACAYA (VILLA DE HUACAYA),desnutricion global,sobrepeso (s),2006-04-01,13,12,3,1,16,13,29
40701,HUANUNI,desnutricion global,sobrepeso (s),2006-04-01,21,28,2,1,23,29,52
80803,HUARACAJE,desnutricion global,sobrepeso (s),2006-04-01,4,5,1,0,5,5,10
21005,ICHOCA,desnutricion global,sobrepeso (s),2006-04-01,23,7,0,0,23,7,30
10304,ICLA,desnutricion global,sobrepeso (s),2006-04-01,6,9,2,0,8,9,17
10703,INCAHUASI,desnutricion global,sobrepeso (s),2006-04-01,10,11,1,3,11,14,25
90402,INGAVI (HUMAITA),desnutricion global,sobrepeso (s),2006-04-01,2,4,1,11,3,15,18
21001,INQUISIVI,desnutricion global,sobrepeso (s),2006-04-01,14,9,0,0,14,9,23
21102,IRUPANA (VILLA DE LANZA),desnutricion global,sobrepeso (s),2006-04-01,7,7,2,3,9,10,19
21501,IXIAMAS,desnutricion global,sobrepeso (s),2006-04-01,16,13,3,2,19,15,34
20806,JESUS DE MACHACA,desnutricion global,sobrepeso (s),2006-04-01,2,3,2,1,4,4,8
21105,LA ASUNTA,desnutricion global,sobrepeso (s),2006-04-01,27,16,3,2,30,18,48
70104,LA GUARDIA,desnutricion global,sobrepeso (s),2006-04-01,93,55,35,26,128,81,209
20101,LA PAZ,desnutricion global,sobrepeso (s),2006-04-01,442,462,256,223,698,685,1383
70701,LAGUNILLAS,desnutricion global,sobrepeso (s),2006-04-01,14,12,4,8,18,20,38
21202,LAJA,desnutricion global,sobrepeso (s),2006-04-01,13,4,2,2,15,6,21
10903,LAS CARRERAS,desnutricion global,sobrepeso (s),2006-04-01,9,3,1,0,10,3,13
21006,LICOMA PAMPA,desnutricion global,sobrepeso (s),2006-04-01,1,0,0,0,1,0,1
50203,LLALLAGUA,desnutricion global,sobrepeso (s),2006-04-01,53,69,4,11,57,80,137
51401,LLICA,desnutricion global,sobrepeso (s),2006-04-01,2,4,0,0,2,4,6
80601,LORETO,desnutricion global,sobrepeso (s),2006-04-01,7,3,0,3,7,6,13
20901,LURIBAY,desnutricion global,sobrepeso (s),2006-04-01,3,1,3,0,6,1,7
40702,MACHACAMARCA,desnutricion global,sobrepeso (s),2006-04-01,1,7,0,2,1,9,10
11003,MACHARETI,desnutricion global,sobrepeso (s),2006-04-01,19,22,7,7,26,29,55
80801,MAGDALENA,desnutricion global,sobrepeso (s),2006-04-01,18,7,1,0,19,7,26
70903,MAIRANA,desnutricion global,sobrepeso (s),2006-04-01,17,8,1,1,18,9,27
20904,MALLA,desnutricion global,sobrepeso (s),2006-04-01,1,0,0,0,1,0,1
20607,MAPIRI,desnutricion global,sobrepeso (s),2006-04-01,16,8,0,1,16,9,25
20103,MECAPACA,desnutricion global,sobrepeso (s),2006-04-01,4,3,1,0,5,3,8
71003,MINEROS,desnutricion global,sobrepeso (s),2006-04-01,47,33,15,12,62,45,107
31301,MIZQUE,desnutricion global,sobrepeso (s),2006-04-01,31,13,14,12,45,25,70
20402,MOCOMOCO,desnutricion global,sobrepeso (s),2006-04-01,4,3,1,0,5,3,8
10303,MOJOCOYA,desnutricion global,sobrepeso (s),2006-04-01,14,4,6,1,20,5,25
10501,MONTEAGUDO,desnutricion global,sobrepeso (s),2006-04-01,60,47,11,14,71,61,132
71001,MONTERO,desnutricion global,sobrepeso (s),2006-04-01,280,148,114,80,394,228,622
70803,MORO MORO,desnutricion global,sobrepeso (s),2006-04-01,3,4,3,0,6,4,10
30302,MOROCHATA,desnutricion global,sobrepeso (s),2006-04-01,8,4,3,3,11,7,18
90401,NACEBE (SANTA ROSA DEL ABUNA),desnutricion global,sobrepeso (s),2006-04-01,1,1,0,0,1,1,2
50404,OCURI,desnutricion global,sobrepeso (s),2006-04-01,6,3,1,1,7,4,11
70202,OKINAWA,desnutricion global,sobrepeso (s),2006-04-01,8,8,3,2,11,10,21
30203,OMEREQUE,desnutricion global,sobrepeso (s),2006-04-01,8,7,0,0,8,7,15
40101,ORURO,desnutricion global,sobrepeso (s),2006-04-01,160,152,27,35,187,187,374
60201,PADCAYA,desnutricion global,sobrepeso (s),2006-04-01,19,5,8,5,27,10,37
10401,PADILLA,desnutricion global,sobrepeso (s),2006-04-01,15,13,6,1,21,14,35
70502,PAILON,desnutricion global,sobrepeso (s),2006-04-01,1,53,19,1,20,54,74
20102,PALCA,desnutricion global,sobrepeso (s),2006-04-01,2,10,1,0,3,10,13
21104,PALOS BLANCOS,desnutricion global,sobrepeso (s),2006-04-01,29,18,3,1,32,19,51
40802,PAMPA AULLAGAS,desnutricion global,sobrepeso (s),2006-04-01,1,3,0,0,1,3,4
70902,PAMPA GRANDE,desnutricion global,sobrepeso (s),2006-04-01,11,9,0,0,11,9,20
21802,PAPEL PAMPA,desnutricion global,sobrepeso (s),2006-04-01,0,2,0,0,0,2,2
30202,PASORAPA,desnutricion global,sobrepeso (s),2006-04-01,1,3,1,0,2,3,5
21305,PATACAMAYA,desnutricion global,sobrepeso (s),2006-04-01,11,11,6,2,17,13,30
40602,PAZÑA,desnutricion global,sobrepeso (s),2006-04-01,6,6,1,1,7,7,14
20702,PELECHUCO,desnutricion global,sobrepeso (s),2006-04-01,4,5,0,0,4,5,9
50403,POCOATA,desnutricion global,sobrepeso (s),2006-04-01,14,8,1,0,15,8,23
31203,POCONA,desnutricion global,sobrepeso (s),2006-04-01,9,3,3,3,12,6,18
31202,POJO (CBBA),desnutricion global,sobrepeso (s),2006-04-01,22,11,4,2,26,13,39
40601,POOPO,desnutricion global,sobrepeso (s),2006-04-01,2,4,1,1,3,5,8
51203,PORCO,desnutricion global,sobrepeso (s),2006-04-01,3,2,0,0,3,2,5
10103,POROMA,desnutricion global,sobrepeso (s),2006-04-01,17,8,1,0,18,8,26
70103,PORONGO,desnutricion global,sobrepeso (s),2006-04-01,9,7,2,1,11,8,19
70601,PORTACHUELO,desnutricion global,sobrepeso (s),2006-04-01,62,53,46,32,108,85,193
90102,PORVENIR,desnutricion global,sobrepeso (s),2006-04-01,6,17,2,0,8,17,25
70804,POSTRER VALLE,desnutricion global,sobrepeso (s),2006-04-01,2,0,3,2,5,2,7
50101,POTOSI,desnutricion global,sobrepeso (s),2006-04-01,93,48,9,6,102,54,156
10302,PRESTO,desnutricion global,sobrepeso (s),2006-04-01,11,3,2,1,13,4,17
70805,PUCARA,desnutricion global,sobrepeso (s),2006-04-01,4,1,2,0,6,1,7
21201,PUCARANI,desnutricion global,sobrepeso (s),2006-04-01,23,12,3,4,26,16,42
20401,PUERTO ACOSTA,desnutricion global,sobrepeso (s),2006-04-01,8,7,2,1,10,8,18
20403,PUERTO CARABUCO,desnutricion global,sobrepeso (s),2006-04-01,6,4,2,0,8,4,12
90301,PUERTO GONZALO MORENO,desnutricion global,sobrepeso (s),2006-04-01,1,1,1,0,2,1,3
21204,PUERTO PEREZ,desnutricion global,sobrepeso (s),2006-04-01,2,2,0,0,2,2,4
71402,PUERTO QUIJARRO,desnutricion global,sobrepeso (s),2006-04-01,28,18,4,2,32,20,52
90201,PUERTO RICO,desnutricion global,sobrepeso (s),2006-04-01,11,12,0,1,11,13,24
80703,PUERTO SILES,desnutricion global,sobrepeso (s),2006-04-01,7,3,2,2,9,5,14
71401,PUERTO SUAREZ,desnutricion global,sobrepeso (s),2006-04-01,15,25,7,6,22,31,53
31205,PUERTO VILLARROEL,desnutricion global,sobrepeso (s),2006-04-01,46,26,2,4,48,30,78
51101,PUNA,desnutricion global,sobrepeso (s),2006-04-01,15,11,4,0,19,11,30
31401,PUNATA,desnutricion global,sobrepeso (s),2006-04-01,10,6,3,2,13,8,21
20604,QUIABAYA,desnutricion global,sobrepeso (s),2006-04-01,0,1,0,0,0,1,1
30901,QUILLACOLLO,desnutricion global,sobrepeso (s),2006-04-01,39,23,9,4,48,27,75
21002,QUIME,desnutricion global,sobrepeso (s),2006-04-01,4,4,0,0,4,4,8
70904,QUIRUSILLAS,desnutricion global,sobrepeso (s),2006-04-01,4,3,3,1,7,4,11
50402,RAVELO,desnutricion global,sobrepeso (s),2006-04-01,3,1,0,0,3,1,4
80301,REYES,desnutricion global,sobrepeso (s),2006-04-01,16,13,4,6,20,19,39
80201,RIBERALTA,desnutricion global,sobrepeso (s),2006-04-01,85,35,7,4,92,39,131
70503,ROBORE,desnutricion global,sobrepeso (s),2006-04-01,12,4,4,1,16,5,21
80304,RURRENABAQUE,desnutricion global,sobrepeso (s),2006-04-01,23,10,4,4,27,14,41
40901,SABAYA,desnutricion global,sobrepeso (s),2006-04-01,0,1,0,0,0,1,1
31001,SACABA,desnutricion global,sobrepeso (s),2006-04-01,45,29,3,2,48,31,79
30404,SACABAMBA,desnutricion global,sobrepeso (s),2006-04-01,0,0,0,1,0,1,1
50701,SACACA,desnutricion global,sobrepeso (s),2006-04-01,2,3,1,1,3,4,7
71302,SAIPINA,desnutricion global,sobrepeso (s),2006-04-01,46,34,19,23,65,57,122
40801,SALINAS DE GARCI MENDOZA,desnutricion global,sobrepeso (s),2006-04-01,9,11,3,1,12,12,24
70901,SAMAIPATA,desnutricion global,sobrepeso (s),2006-04-01,15,6,6,3,21,9,30
80602,SAN ANDRES,desnutricion global,sobrepeso (s),2006-04-01,13,6,2,1,15,7,22
20805,SAN ANDRES DE MACHACA,desnutricion global,sobrepeso (s),2006-04-01,2,2,0,0,2,2,4
51003,SAN ANTONIO DE ESMORUCO,desnutricion global,sobrepeso (s),2006-04-01,1,0,0,0,1,0,1
71105,SAN ANTONIO DE LOMERIO,desnutricion global,sobrepeso (s),2006-04-01,2,3,0,0,2,3,5
31403,SAN BENITO,desnutricion global,sobrepeso (s),2006-04-01,1,1,5,0,6,1,7
80302,SAN BORJA,desnutricion global,sobrepeso (s),2006-04-01,40,27,6,5,46,32,78
21502,SAN BUENA VENTURA,desnutricion global,sobrepeso (s),2006-04-01,15,6,1,0,16,6,22
70402,SAN CARLOS,desnutricion global,sobrepeso (s),2006-04-01,35,26,12,8,47,34,81
80501,SAN IGNACIO,desnutricion global,sobrepeso (s),2006-04-01,27,22,14,10,41,32,73
70301,SAN IGNACIO DE VELASCO,desnutricion global,sobrepeso (s),2006-04-01,84,56,18,15,102,71,173
80102,SAN JAVIER(BNI),desnutricion global,sobrepeso (s),2006-04-01,9,5,3,0,12,5,17
71102,SAN JAVIER(STC),desnutricion global,sobrepeso (s),2006-04-01,5,4,1,1,6,5,11
80701,SAN JOAQUIN,desnutricion global,sobrepeso (s),2006-04-01,11,6,3,1,14,7,21
70501,SAN JOSE DE CHIQUITOS,desnutricion global,sobrepeso (s),2006-04-01,10,7,9,10,19,17,36
70404,SAN JUAN DE YAPACANI,desnutricion global,sobrepeso (s),2006-04-01,12,15,6,5,18,20,38
71104,SAN JULIAN,desnutricion global,sobrepeso (s),2006-04-01,27,44,25,16,52,60,112
90302,SAN LORENZO(PND),desnutricion global,sobrepeso (s),2006-04-01,29,20,9,11,38,31,69
60501,SAN LORENZO(TJA),desnutricion global,sobrepeso (s),2006-04-01,17,11,9,4,26,15,41
10702,SAN LUCAS,desnutricion global,sobrepeso (s),2006-04-01,23,23,2,2,25,25,50
71201,SAN MATIAS,desnutricion global,sobrepeso (s),2006-04-01,17,15,5,19,22,34,56
70302,SAN MIGUEL DE VELASCO,desnutricion global,sobrepeso (s),2006-04-01,6,7,2,1,8,8,16
51001,SAN PABLO DE LIPEZ,desnutricion global,sobrepeso (s),2006-04-01,0,1,0,0,0,1,1
71005,SAN PEDRO,desnutricion global,sobrepeso (s),2006-04-01,42,32,8,5,50,37,87
50501,SAN PEDRO DE BUENA VISTA,desnutricion global,sobrepeso (s),2006-04-01,10,9,6,7,16,16,32
21801,SAN PEDRO DE CURAHUARA,desnutricion global,sobrepeso (s),2006-04-01,2,2,0,2,2,4,6
21702,SAN PEDRO DE TIQUINA,desnutricion global,sobrepeso (s),2006-04-01,1,3,0,0,1,3,4
90202,SAN PEDRO(PND),desnutricion global,sobrepeso (s),2006-04-01,3,5,1,4,4,9,13
70303,SAN RAFAEL,desnutricion global,sobrepeso (s),2006-04-01,3,5,1,0,4,5,9
80702,SAN RAMON,desnutricion global,sobrepeso (s),2006-04-01,14,8,5,2,19,10,29
80401,SANTA ANA,desnutricion global,sobrepeso (s),2006-04-01,71,51,17,18,88,69,157
70101,SANTA CRUZ DE LA SIERRA,desnutricion global,sobrepeso (s),2006-04-01,1968,1252,680,556,2648,1808,4456
80303,SANTA ROSA,desnutricion global,sobrepeso (s),2006-04-01,22,11,0,3,22,14,36
70602,SANTA ROSA DEL SARA,desnutricion global,sobrepeso (s),2006-04-01,29,12,11,9,40,21,61
20308,SANTIAGO DE CALLAPA,desnutricion global,sobrepeso (s),2006-04-01,1,1,3,1,4,2,6
41401,SANTIAGO DE HUARI,desnutricion global,sobrepeso (s),2006-04-01,5,1,1,12,6,13,19
21901,SANTIAGO DE MACHACA,desnutricion global,sobrepeso (s),2006-04-01,1,0,0,0,1,0,1
30702,SANTIVAÑES,desnutricion global,sobrepeso (s),2006-04-01,6,3,0,1,6,4,10
40202,SANTUARIO DE QUILLACAS,desnutricion global,sobrepeso (s),2006-04-01,0,2,0,0,0,2,2
20902,SAPAHAQUI,desnutricion global,sobrepeso (s),2006-04-01,1,5,0,0,1,5,6
90303,SENA,desnutricion global,sobrepeso (s),2006-04-01,2,2,2,0,4,2,6
21301,SICA SICA (VILLA AROMA),desnutricion global,sobrepeso (s),2006-04-01,8,4,3,0,11,4,15
30703,SICAYA,desnutricion global,sobrepeso (s),2006-04-01,0,1,0,0,0,1,1
30902,SIPE SIPE,desnutricion global,sobrepeso (s),2006-04-01,32,49,18,5,50,54,104
10403,SOPACHUY,desnutricion global,sobrepeso (s),2006-04-01,1,1,0,0,1,1,2
40104,SORACACHI,desnutricion global,sobrepeso (s),2006-04-01,9,4,3,5,12,9,21
20601,SORATA,desnutricion global,sobrepeso (s),2006-04-01,14,13,4,0,18,13,31
10101,SUCRE,desnutricion global,sobrepeso (s),2006-04-01,216,181,43,35,259,216,475
31404,TACACHI,desnutricion global,sobrepeso (s),2006-04-01,0,1,0,0,0,1,1
20603,TACACOMA,desnutricion global,sobrepeso (s),2006-04-01,11,7,1,0,12,7,19
50303,TACOBAMBA,desnutricion global,sobrepeso (s),2006-04-01,12,9,1,1,13,10,23
30602,TACOPAYA,desnutricion global,sobrepeso (s),2006-04-01,6,2,1,0,7,2,9
51402,TAHUA,desnutricion global,sobrepeso (s),2006-04-01,3,1,1,1,4,2,6
31101,TAPACARI,desnutricion global,sobrepeso (s),2006-04-01,6,4,1,0,7,4,11
10601,TARABUCO,desnutricion global,sobrepeso (s),2006-04-01,10,15,2,1,12,16,28
20807,TARACO,desnutricion global,sobrepeso (s),2006-04-01,2,0,0,0,2,0,2
30401,TARATA,desnutricion global,sobrepeso (s),2006-04-01,8,12,6,9,14,21,35
60101,TARIJA,desnutricion global,sobrepeso (s),2006-04-01,308,217,80,64,388,281,669
10202,TARVITA,desnutricion global,sobrepeso (s),2006-04-01,7,4,2,0,9,4,13
20608,TEOPONTE,desnutricion global,sobrepeso (s),2006-04-01,15,8,3,5,18,13,31
20803,TIAWANACU,desnutricion global,sobrepeso (s),2006-04-01,9,8,4,10,13,18,31
50102,TINGUIPAYA,desnutricion global,sobrepeso (s),2006-04-01,15,6,5,0,20,6,26
20606,TIPUANI,desnutricion global,sobrepeso (s),2006-04-01,11,15,2,2,13,17,30
30903,TIQUIPAYA,desnutricion global,sobrepeso (s),2006-04-01,17,9,4,5,21,14,35
31601,TIRAQUE (CBBA),desnutricion global,sobrepeso (s),2006-04-01,62,57,9,11,71,68,139
21703,TITO YUPANQUI (PARQUIPUJIO),desnutricion global,sobrepeso (s),2006-04-01,0,2,0,0,0,2,2
30802,TOCO,desnutricion global,sobrepeso (s),2006-04-01,1,4,0,0,1,4,5
30803,TOLATA,desnutricion global,sobrepeso (s),2006-04-01,0,1,0,0,0,1,1
41001,TOLEDO,desnutricion global,sobrepeso (s),2006-04-01,1,1,0,0,1,1,2
51202,TOMAVE,desnutricion global,sobrepeso (s),2006-04-01,4,1,0,0,4,1,5
10402,TOMINA,desnutricion global,sobrepeso (s),2006-04-01,10,12,0,0,10,12,22
50502,TORO TORO,desnutricion global,sobrepeso (s),2006-04-01,3,1,1,0,4,1,5
31201,TOTORA(CBBA),desnutricion global,sobrepeso (s),2006-04-01,7,1,2,0,9,1,10
70802,TRIGAL,desnutricion global,sobrepeso (s),2006-04-01,2,0,2,2,4,2,6
80101,TRINIDAD,desnutricion global,sobrepeso (s),2006-04-01,208,114,24,24,232,138,370
50801,TUPIZA,desnutricion global,sobrepeso (s),2006-04-01,37,30,12,10,49,40,89
40402,TURCO,desnutricion global,sobrepeso (s),2006-04-01,3,2,0,0,3,2,5
50201,UNCIA,desnutricion global,sobrepeso (s),2006-04-01,5,9,3,2,8,11,19
60401,URIONDO (A. CONCEPCION),desnutricion global,sobrepeso (s),2006-04-01,25,13,5,3,30,16,46
71502,URUBICHA,desnutricion global,sobrepeso (s),2006-04-01,27,20,30,6,57,26,83
51201,UYUNI,desnutricion global,sobrepeso (s),2006-04-01,23,16,4,5,27,21,48
30502,VACAS,desnutricion global,sobrepeso (s),2006-04-01,0,2,0,0,0,2,2
70801,VALLEGRANDE,desnutricion global,sobrepeso (s),2006-04-01,24,16,13,5,37,21,58
20801,VIACHA,desnutricion global,sobrepeso (s),2006-04-01,56,36,8,9,64,45,109
31302,VILA VILA,desnutricion global,sobrepeso (s),2006-04-01,1,3,1,1,2,4,6
60303,VILLA MONTES,desnutricion global,sobrepeso (s),2006-04-01,39,26,4,6,43,32,75
90502,VILLA NUEVA (LOMA ALTA),desnutricion global,sobrepeso (s),2006-04-01,1,0,0,0,1,0,1
31402,VILLA RIVERO,desnutricion global,sobrepeso (s),2006-04-01,4,2,0,0,4,2,6
10801,VILLA SERRANO,desnutricion global,sobrepeso (s),2006-04-01,20,9,4,3,24,12,36
31003,VILLA TUNARI,desnutricion global,sobrepeso (s),2006-04-01,58,59,7,6,65,65,130
11001,VILLA VACA GUZMAN (MUYUPAMPA),desnutricion global,sobrepeso (s),2006-04-01,27,13,5,2,32,15,47
51501,VILLAZON,desnutricion global,sobrepeso (s),2006-04-01,31,35,9,2,40,37,77
30904,VINTO,desnutricion global,sobrepeso (s),2006-04-01,16,9,3,4,19,13,32
50602,VITICHI,desnutricion global,sobrepeso (s),2006-04-01,2,4,1,0,3,4,7
20306,WALDO BALLIVIAN,desnutricion global,sobrepeso (s),2006-04-01,1,0,1,0,2,0,2
70201,WARNES,desnutricion global,sobrepeso (s),2006-04-01,83,70,26,23,109,93,202
20903,YACO,desnutricion global,sobrepeso (s),2006-04-01,3,2,0,0,3,2,5
60301,YACUIBA,desnutricion global,sobrepeso (s),2006-04-01,88,97,12,8,100,105,205
10602,YAMPARAEZ,desnutricion global,sobrepeso (s),2006-04-01,7,11,0,1,7,12,19
21103,YANACACHI,desnutricion global,sobrepeso (s),2006-04-01,2,2,0,1,2,3,5
70403,YAPACANI,desnutricion global,sobrepeso (s),2006-04-01,79,84,7,12,86,96,182
50103,YOCALLA,desnutricion global,sobrepeso (s),2006-04-01,4,2,0,0,4,2,6
10102,YOTALA,desnutricion global,sobrepeso (s),2006-04-01,14,15,6,9,20,24,44
60402,YUNCHARA,desnutricion global,sobrepeso (s),2006-04-01,0,4,0,2,0,6,6
10301,ZUDAÑEZ,desnutricion global,sobrepeso (s),2006-04-01,11,5,1,0,12,5,17
51302,ACACIO,desnutricion global,sobrepeso (s),2006-05-01,0,0,0,3,0,3,3
20201,ACHACACHI,desnutricion global,sobrepeso (s),2006-05-01,22,16,6,3,28,19,47
20104,ACHOCALLA,desnutricion global,sobrepeso (s),2006-05-01,3,5,1,1,4,6,10
30201,AIQUILE,desnutricion global,sobrepeso (s),2006-05-01,1,0,0,0,1,0,1
10404,ALCALA,desnutricion global,sobrepeso (s),2006-05-01,2,7,0,0,2,7,9
20202,ANCORAIMES,desnutricion global,sobrepeso (s),2006-05-01,1,1,1,0,2,1,3
41201,ANDAMARCA,desnutricion global,sobrepeso (s),2006-05-01,1,0,2,0,3,0,3
40603,ANTEQUERA,desnutricion global,sobrepeso (s),2006-05-01,2,4,0,1,2,5,7
30402,ANZALDO,desnutricion global,sobrepeso (s),2006-05-01,8,1,11,2,19,3,22
20701,APOLO,desnutricion global,sobrepeso (s),2006-05-01,20,16,2,2,22,18,40
51301,ARAMPAMPA,desnutricion global,sobrepeso (s),2006-05-01,4,1,0,1,4,2,6
30501,ARANI,desnutricion global,sobrepeso (s),2006-05-01,0,1,0,0,0,1,1
30403,ARBIETO,desnutricion global,sobrepeso (s),2006-05-01,2,2,0,3,2,5,7
50802,ATOCHA,desnutricion global,sobrepeso (s),2006-05-01,10,6,3,3,13,9,22
20503,AUCAPATA,desnutricion global,sobrepeso (s),2006-05-01,0,2,0,1,0,3,3
20502,AYATA,desnutricion global,sobrepeso (s),2006-05-01,6,0,1,0,7,0,7
21303,AYO AYO,desnutricion global,sobrepeso (s),2006-05-01,0,1,1,0,1,1,2
30301,AYOPAYA (V. DE INDEPENDENCIA),desnutricion global,sobrepeso (s),2006-05-01,14,13,4,2,18,15,33
10201,AZURDUY,desnutricion global,sobrepeso (s),2006-05-01,15,3,5,0,20,3,23
21203,BATALLAS,desnutricion global,sobrepeso (s),2006-05-01,2,2,0,0,2,2,4
80802,BAURES,desnutricion global,sobrepeso (s),2006-05-01,9,9,3,2,12,11,23
41202,BELEN DE ANDAMARCA,desnutricion global,sobrepeso (s),2006-05-01,0,2,0,1,0,3,3
50104,BELEN DE URMIRI,desnutricion global,sobrepeso (s),2006-05-01,1,2,1,0,2,2,4
90104,BELLA FLOR,desnutricion global,sobrepeso (s),2006-05-01,1,0,0,0,1,0,1
60202,BERMEJO,desnutricion global,sobrepeso (s),2006-05-01,19,11,1,0,20,11,31
50301,BETANZOS,desnutricion global,sobrepeso (s),2006-05-01,18,16,3,2,21,18,39
31501,BOLIVAR,desnutricion global,sobrepeso (s),2006-05-01,0,0,1,1,1,1,2
90103,BOLPEBRA,desnutricion global,sobrepeso (s),2006-05-01,1,4,0,1,1,5,6
70707,BOYUIBE,desnutricion global,sobrepeso (s),2006-05-01,10,0,1,4,11,4,15
70401,BUENA VISTA,desnutricion global,sobrepeso (s),2006-05-01,18,16,5,3,23,19,42
70703,CABEZAS,desnutricion global,sobrepeso (s),2006-05-01,56,24,9,11,65,35,100
20905,CAIROMA,desnutricion global,sobrepeso (s),2006-05-01,6,4,1,0,7,4,11
51102,"CAIZA ""D""",desnutricion global,sobrepeso (s),2006-05-01,11,7,2,2,13,9,22
21003,CAJUATA,desnutricion global,sobrepeso (s),2006-05-01,9,11,1,2,10,13,23
20303,CALACOTO,desnutricion global,sobrepeso (s),2006-05-01,2,0,0,0,2,0,2
21304,CALAMARCA,desnutricion global,sobrepeso (s),2006-05-01,3,2,0,0,3,2,5
10701,CAMARGO,desnutricion global,sobrepeso (s),2006-05-01,40,10,3,7,43,17,60
10901,CAMATAQUI (C. VILLA ABECIA),desnutricion global,sobrepeso (s),2006-05-01,4,2,1,1,5,3,8
70706,CAMIRI,desnutricion global,sobrepeso (s),2006-05-01,77,53,24,21,101,74,175
30701,CAPINOTA,desnutricion global,sobrepeso (s),2006-05-01,2,1,4,4,6,5,11
20302,CAQUIAVIRI,desnutricion global,sobrepeso (s),2006-05-01,10,13,4,2,14,15,29
40102,CARACOLLO,desnutricion global,sobrepeso (s),2006-05-01,3,7,1,0,4,7,11
22001,CARANAVI,desnutricion global,sobrepeso (s),2006-05-01,102,78,8,5,110,83,193
41503,CARANGAS,desnutricion global,sobrepeso (s),2006-05-01,1,0,0,0,1,0,1
60302,CARAPARI,desnutricion global,sobrepeso (s),2006-05-01,37,47,9,10,46,57,103
50702,CARIPUYO,desnutricion global,sobrepeso (s),2006-05-01,7,2,3,0,10,2,12
71403,CARMEN RIVERO TORREZ,desnutricion global,sobrepeso (s),2006-05-01,8,2,5,3,13,5,18
21803,CHACARILLA,desnutricion global,sobrepeso (s),2006-05-01,3,6,2,0,5,6,11
40201,CHALLAPATA,desnutricion global,sobrepeso (s),2006-05-01,25,29,3,1,28,30,58
50302,CHAQUI,desnutricion global,sobrepeso (s),2006-05-01,6,3,0,0,6,3,9
70702,CHARAGUA,desnutricion global,sobrepeso (s),2006-05-01,32,20,14,8,46,28,74
20305,CHARAÑA,desnutricion global,sobrepeso (s),2006-05-01,1,0,0,1,1,1,2
50202,CHAYANTA,desnutricion global,sobrepeso (s),2006-05-01,16,13,1,0,17,13,30
31204,CHIMORE,desnutricion global,sobrepeso (s),2006-05-01,10,8,3,1,13,9,22
40903,CHIPAYA,desnutricion global,sobrepeso (s),2006-05-01,4,1,0,0,4,1,5
40302,CHOQUE COTA,desnutricion global,sobrepeso (s),2006-05-01,0,1,0,0,0,1,1
21101,CHULUMANI (V. DE LA LIBERTAD),desnutricion global,sobrepeso (s),2006-05-01,15,15,2,2,17,17,34
20501,CHUMA,desnutricion global,sobrepeso (s),2006-05-01,6,7,0,3,6,10,16
30801,CLIZA,desnutricion global,sobrepeso (s),2006-05-01,38,28,13,12,51,40,91
90101,COBIJA,desnutricion global,sobrepeso (s),2006-05-01,69,59,7,8,76,67,143
30101,COCHABAMBA,desnutricion global,sobrepeso (s),2006-05-01,415,287,92,57,507,344,851
40902,COIPASA,desnutricion global,sobrepeso (s),2006-05-01,0,4,2,0,2,4,6
30905,COLCAPIRHUA,desnutricion global,sobrepeso (s),2006-05-01,29,102,15,7,44,109,153
50901,"COLCHA ""K""",desnutricion global,sobrepeso (s),2006-05-01,6,10,2,2,8,12,20
21307,COLLANA,desnutricion global,sobrepeso (s),2006-05-01,1,0,0,0,1,0,1
31002,COLOMI,desnutricion global,sobrepeso (s),2006-05-01,14,12,3,0,17,12,29
70603,COLPA BELGICA,desnutricion global,sobrepeso (s),2006-05-01,10,8,4,4,14,12,26
50401,COLQUECHACA,desnutricion global,sobrepeso (s),2006-05-01,2,4,1,2,3,6,9
21306,COLQUENCHA,desnutricion global,sobrepeso (s),2006-05-01,3,4,0,0,3,4,7
21004,COLQUIRI,desnutricion global,sobrepeso (s),2006-05-01,10,5,1,2,11,7,18
20304,COMANCHE,desnutricion global,sobrepeso (s),2006-05-01,1,0,1,0,2,0,2
71301,COMARAPA,desnutricion global,sobrepeso (s),2006-05-01,70,69,17,16,87,85,172
20605,COMBAYA,desnutricion global,sobrepeso (s),2006-05-01,0,1,0,0,0,1,1
71101,CONCEPCION,desnutricion global,sobrepeso (s),2006-05-01,4,3,0,1,4,4,8
21701,COPACABANA,desnutricion global,sobrepeso (s),2006-05-01,17,12,1,5,18,17,35
21402,CORIPATA,desnutricion global,sobrepeso (s),2006-05-01,19,9,0,2,19,11,30
20301,CORO CORO,desnutricion global,sobrepeso (s),2006-05-01,6,1,1,2,7,3,10
40301,CORQUE,desnutricion global,sobrepeso (s),2006-05-01,23,2,2,1,25,3,28
50601,COTAGAITA,desnutricion global,sobrepeso (s),2006-05-01,14,19,4,2,18,21,39
70102,COTOCA,desnutricion global,sobrepeso (s),2006-05-01,57,29,1,4,58,33,91
71106,CUATRO CAÑADAS,desnutricion global,sobrepeso (s),2006-05-01,19,9,2,4,21,13,34
31405,CUCHUMUELA (V. G. VILLARROEL),desnutricion global,sobrepeso (s),2006-05-01,1,0,0,0,1,0,1
70704,CUEVO,desnutricion global,sobrepeso (s),2006-05-01,4,3,0,0,4,3,7
10902,CULPINA,desnutricion global,sobrepeso (s),2006-05-01,22,11,4,1,26,12,38
40401,CURAHUARA DE CARANGAS,desnutricion global,sobrepeso (s),2006-05-01,3,3,1,0,4,3,7
21602,CURVA,desnutricion global,sobrepeso (s),2006-05-01,8,6,1,0,9,6,15
20804,DESAGUADERO,desnutricion global,sobrepeso (s),2006-05-01,0,2,1,0,1,2,3
20105,EL ALTO,desnutricion global,sobrepeso (s),2006-05-01,522,467,140,147,662,614,1276
40103,EL CHORO,desnutricion global,sobrepeso (s),2006-05-01,1,1,0,0,1,1,2
71503,EL PUENTE(STC),desnutricion global,sobrepeso (s),2006-05-01,14,10,0,2,14,12,26
60502,EL PUENTE(TJA),desnutricion global,sobrepeso (s),2006-05-01,5,5,2,1,7,6,13
70105,EL TORNO,desnutricion global,sobrepeso (s),2006-05-01,56,24,6,7,62,31,93
10405,EL VILLAR,desnutricion global,sobrepeso (s),2006-05-01,9,3,3,1,12,4,16
60601,ENTRE RIOS,desnutricion global,sobrepeso (s),2006-05-01,33,23,13,7,46,30,76
60601,ENTRE RIOS,desnutricion global,sobrepeso (s),2006-05-01,44,27,12,4,56,31,87
41101,EUCALIPTUS,desnutricion global,sobrepeso (s),2006-05-01,6,6,2,2,8,8,16
90503,EUREKA (SANTOS MERCADO),desnutricion global,sobrepeso (s),2006-05-01,1,1,0,0,1,1,2
80402,EXALTACION,desnutricion global,sobrepeso (s),2006-05-01,13,14,2,5,15,19,34
71004,FERNANDEZ ALONSO,desnutricion global,sobrepeso (s),2006-05-01,31,24,2,7,33,31,64
90203,FILADELFIA,desnutricion global,sobrepeso (s),2006-05-01,12,6,1,1,13,7,20
71002,GENERAL SAAVEDRA,desnutricion global,sobrepeso (s),2006-05-01,16,9,7,5,23,14,37
21601,GRAL. J.J. PEREZ (CHARAZANI),desnutricion global,sobrepeso (s),2006-05-01,13,8,0,0,13,8,21
20602,GUANAY,desnutricion global,sobrepeso (s),2006-05-01,15,12,4,4,19,16,35
20802,GUAQUI,desnutricion global,sobrepeso (s),2006-05-01,1,2,4,2,5,4,9
80202,GUAYARAMERIN,desnutricion global,sobrepeso (s),2006-05-01,98,89,10,12,108,101,209
70705,GUTIERREZ,desnutricion global,sobrepeso (s),2006-05-01,23,14,11,4,34,18,52
10502,HUACARETA,desnutricion global,sobrepeso (s),2006-05-01,16,11,4,0,20,11,31
11002,HUACAYA (VILLA DE HUACAYA),desnutricion global,sobrepeso (s),2006-05-01,7,7,1,0,8,7,15
40701,HUANUNI,desnutricion global,sobrepeso (s),2006-05-01,43,38,2,1,45,39,84
80803,HUARACAJE,desnutricion global,sobrepeso (s),2006-05-01,9,4,1,0,10,4,14
21005,ICHOCA,desnutricion global,sobrepeso (s),2006-05-01,7,1,2,0,9,1,10
10304,ICLA,desnutricion global,sobrepeso (s),2006-05-01,7,4,1,1,8,5,13
10703,INCAHUASI,desnutricion global,sobrepeso (s),2006-05-01,11,12,3,3,14,15,29
21001,INQUISIVI,desnutricion global,sobrepeso (s),2006-05-01,13,17,1,2,14,19,33
21102,IRUPANA (VILLA DE LANZA),desnutricion global,sobrepeso (s),2006-05-01,10,6,6,1,16,7,23
21501,IXIAMAS,desnutricion global,sobrepeso (s),2006-05-01,15,13,3,6,18,19,37
20806,JESUS DE MACHACA,desnutricion global,sobrepeso (s),2006-05-01,4,4,2,0,6,4,10
21105,LA ASUNTA,desnutricion global,sobrepeso (s),2006-05-01,18,6,3,1,21,7,28
70104,LA GUARDIA,desnutricion global,sobrepeso (s),2006-05-01,135,89,38,34,173,123,296
20101,LA PAZ,desnutricion global,sobrepeso (s),2006-05-01,553,510,253,242,806,752,1558
70701,LAGUNILLAS,desnutricion global,sobrepeso (s),2006-05-01,16,19,6,10,22,29,51
21202,LAJA,desnutricion global,sobrepeso (s),2006-05-01,14,9,1,2,15,11,26
10903,LAS CARRERAS,desnutricion global,sobrepeso (s),2006-05-01,9,6,0,1,9,7,16
21006,LICOMA PAMPA,desnutricion global,sobrepeso (s),2006-05-01,2,0,0,0,2,0,2
50203,LLALLAGUA,desnutricion global,sobrepeso (s),2006-05-01,64,62,33,23,97,85,182
51401,LLICA,desnutricion global,sobrepeso (s),2006-05-01,3,5,1,1,4,6,10
80601,LORETO,desnutricion global,sobrepeso (s),2006-05-01,4,2,3,0,7,2,9
20901,LURIBAY,desnutricion global,sobrepeso (s),2006-05-01,7,8,3,0,10,8,18
40702,MACHACAMARCA,desnutricion global,sobrepeso (s),2006-05-01,4,3,1,1,5,4,9
11003,MACHARETI,desnutricion global,sobrepeso (s),2006-05-01,17,16,19,10,36,26,62
80801,MAGDALENA,desnutricion global,sobrepeso (s),2006-05-01,26,8,2,1,28,9,37
70903,MAIRANA,desnutricion global,sobrepeso (s),2006-05-01,18,16,2,3,20,19,39
20904,MALLA,desnutricion global,sobrepeso (s),2006-05-01,3,2,0,0,3,2,5
20607,MAPIRI,desnutricion global,sobrepeso (s),2006-05-01,7,7,1,8,8,15,23
20103,MECAPACA,desnutricion global,sobrepeso (s),2006-05-01,9,4,0,0,9,4,13
71003,MINEROS,desnutricion global,sobrepeso (s),2006-05-01,58,37,21,21,79,58,137
31301,MIZQUE,desnutricion global,sobrepeso (s),2006-05-01,46,31,5,7,51,38,89
20402,MOCOMOCO,desnutricion global,sobrepeso (s),2006-05-01,10,0,0,0,10,0,10
51002,MOJINETE,desnutricion global,sobrepeso (s),2006-05-01,1,0,0,0,1,0,1
10303,MOJOCOYA,desnutricion global,sobrepeso (s),2006-05-01,11,7,2,2,13,9,22
10501,MONTEAGUDO,desnutricion global,sobrepeso (s),2006-05-01,99,67,24,18,123,85,208
71001,MONTERO,desnutricion global,sobrepeso (s),2006-05-01,289,214,90,71,379,285,664
70803,MORO MORO,desnutricion global,sobrepeso (s),2006-05-01,7,8,6,0,13,8,21
30302,MOROCHATA,desnutricion global,sobrepeso (s),2006-05-01,13,15,5,8,18,23,41
50404,OCURI,desnutricion global,sobrepeso (s),2006-05-01,5,2,2,0,7,2,9
70202,OKINAWA,desnutricion global,sobrepeso (s),2006-05-01,15,14,2,5,17,19,36
30203,OMEREQUE,desnutricion global,sobrepeso (s),2006-05-01,8,6,3,3,11,9,20
40101,ORURO,desnutricion global,sobrepeso (s),2006-05-01,222,192,47,55,269,247,516
60201,PADCAYA,desnutricion global,sobrepeso (s),2006-05-01,24,27,10,17,34,44,78
10401,PADILLA,desnutricion global,sobrepeso (s),2006-05-01,20,14,7,7,27,21,48
70502,PAILON,desnutricion global,sobrepeso (s),2006-05-01,4,50,22,1,26,51,77
20102,PALCA,desnutricion global,sobrepeso (s),2006-05-01,4,7,0,1,4,8,12
21104,PALOS BLANCOS,desnutricion global,sobrepeso (s),2006-05-01,25,22,9,5,34,27,61
40802,PAMPA AULLAGAS,desnutricion global,sobrepeso (s),2006-05-01,4,4,0,0,4,4,8
70902,PAMPA GRANDE,desnutricion global,sobrepeso (s),2006-05-01,12,5,1,0,13,5,18
21802,PAPEL PAMPA,desnutricion global,sobrepeso (s),2006-05-01,3,4,0,2,3,6,9
30202,PASORAPA,desnutricion global,sobrepeso (s),2006-05-01,2,5,0,1,2,6,8
21305,PATACAMAYA,desnutricion global,sobrepeso (s),2006-05-01,11,12,1,2,12,14,26
40602,PAZÑA,desnutricion global,sobrepeso (s),2006-05-01,6,4,0,0,6,4,10
20702,PELECHUCO,desnutricion global,sobrepeso (s),2006-05-01,4,4,3,1,7,5,12
50403,POCOATA,desnutricion global,sobrepeso (s),2006-05-01,15,13,1,0,16,13,29
31203,POCONA,desnutricion global,sobrepeso (s),2006-05-01,6,6,0,0,6,6,12
31202,POJO (CBBA),desnutricion global,sobrepeso (s),2006-05-01,20,8,1,3,21,11,32
40601,POOPO,desnutricion global,sobrepeso (s),2006-05-01,1,1,1,0,2,1,3
51203,PORCO,desnutricion global,sobrepeso (s),2006-05-01,3,5,2,0,5,5,10
10103,POROMA,desnutricion global,sobrepeso (s),2006-05-01,13,14,0,1,13,15,28
70103,PORONGO,desnutricion global,sobrepeso (s),2006-05-01,2,4,0,0,2,4,6
70601,PORTACHUELO,desnutricion global,sobrepeso (s),2006-05-01,94,78,32,36,126,114,240
90102,PORVENIR,desnutricion global,sobrepeso (s),2006-05-01,15,19,1,0,16,19,35
70804,POSTRER VALLE,desnutricion global,sobrepeso (s),2006-05-01,3,3,1,0,4,3,7
50101,POTOSI,desnutricion global,sobrepeso (s),2006-05-01,98,51,9,4,107,55,162
10302,PRESTO,desnutricion global,sobrepeso (s),2006-05-01,2,3,2,0,4,3,7
21201,PUCARANI,desnutricion global,sobrepeso (s),2006-05-01,26,16,5,4,31,20,51
20401,PUERTO ACOSTA,desnutricion global,sobrepeso (s),2006-05-01,9,0,0,0,9,0,9
20403,PUERTO CARABUCO,desnutricion global,sobrepeso (s),2006-05-01,16,9,0,1,16,10,26
90301,PUERTO GONZALO MORENO,desnutricion global,sobrepeso (s),2006-05-01,2,4,2,1,4,5,9
21204,PUERTO PEREZ,desnutricion global,sobrepeso (s),2006-05-01,2,3,0,0,2,3,5
71402,PUERTO QUIJARRO,desnutricion global,sobrepeso (s),2006-05-01,21,21,3,2,24,23,47
90201,PUERTO RICO,desnutricion global,sobrepeso (s),2006-05-01,20,23,1,0,21,23,44
80703,PUERTO SILES,desnutricion global,sobrepeso (s),2006-05-01,3,0,1,0,4,0,4
71401,PUERTO SUAREZ,desnutricion global,sobrepeso (s),2006-05-01,27,30,9,10,36,40,76
31205,PUERTO VILLARROEL,desnutricion global,sobrepeso (s),2006-05-01,33,30,11,6,44,36,80
51101,PUNA,desnutricion global,sobrepeso (s),2006-05-01,22,16,10,3,32,19,51
31401,PUNATA,desnutricion global,sobrepeso (s),2006-05-01,21,16,4,1,25,17,42
30901,QUILLACOLLO,desnutricion global,sobrepeso (s),2006-05-01,26,12,4,1,30,13,43
21002,QUIME,desnutricion global,sobrepeso (s),2006-05-01,5,4,2,0,7,4,11
70904,QUIRUSILLAS,desnutricion global,sobrepeso (s),2006-05-01,1,2,0,0,1,2,3
50402,RAVELO,desnutricion global,sobrepeso (s),2006-05-01,8,3,1,1,9,4,13
80301,REYES,desnutricion global,sobrepeso (s),2006-05-01,29,22,11,7,40,29,69
80201,RIBERALTA,desnutricion global,sobrepeso (s),2006-05-01,77,27,8,4,85,31,116
70503,ROBORE,desnutricion global,sobrepeso (s),2006-05-01,25,17,9,9,34,26,60
80304,RURRENABAQUE,desnutricion global,sobrepeso (s),2006-05-01,19,9,10,4,29,13,42
40901,SABAYA,desnutricion global,sobrepeso (s),2006-05-01,2,1,0,0,2,1,3
31001,SACABA,desnutricion global,sobrepeso (s),2006-05-01,78,42,9,6,87,48,135
50701,SACACA,desnutricion global,sobrepeso (s),2006-05-01,6,5,0,0,6,5,11
71302,SAIPINA,desnutricion global,sobrepeso (s),2006-05-01,43,30,11,11,54,41,95
40801,SALINAS DE GARCI MENDOZA,desnutricion global,sobrepeso (s),2006-05-01,13,14,5,5,18,19,37
70901,SAMAIPATA,desnutricion global,sobrepeso (s),2006-05-01,31,18,2,4,33,22,55
51601,SAN AGUSTIN,desnutricion global,sobrepeso (s),2006-05-01,0,4,0,0,0,4,4
80602,SAN ANDRES,desnutricion global,sobrepeso (s),2006-05-01,16,9,4,0,20,9,29
20805,SAN ANDRES DE MACHACA,desnutricion global,sobrepeso (s),2006-05-01,1,1,0,1,1,2,3
51003,SAN ANTONIO DE ESMORUCO,desnutricion global,sobrepeso (s),2006-05-01,4,10,0,0,4,10,14
71105,SAN ANTONIO DE LOMERIO,desnutricion global,sobrepeso (s),2006-05-01,4,2,0,0,4,2,6
31403,SAN BENITO,desnutricion global,sobrepeso (s),2006-05-01,13,5,2,2,15,7,22
80302,SAN BORJA,desnutricion global,sobrepeso (s),2006-05-01,50,31,5,6,55,37,92
21502,SAN BUENA VENTURA,desnutricion global,sobrepeso (s),2006-05-01,12,8,2,0,14,8,22
70402,SAN CARLOS,desnutricion global,sobrepeso (s),2006-05-01,22,22,6,5,28,27,55
80501,SAN IGNACIO,desnutricion global,sobrepeso (s),2006-05-01,24,23,11,7,35,30,65
70301,SAN IGNACIO DE VELASCO,desnutricion global,sobrepeso (s),2006-05-01,106,65,22,14,128,79,207
80102,SAN JAVIER(BNI),desnutricion global,sobrepeso (s),2006-05-01,7,3,1,1,8,4,12
71102,SAN JAVIER(STC),desnutricion global,sobrepeso (s),2006-05-01,12,2,0,0,12,2,14
80701,SAN JOAQUIN,desnutricion global,sobrepeso (s),2006-05-01,15,6,6,7,21,13,34
70501,SAN JOSE DE CHIQUITOS,desnutricion global,sobrepeso (s),2006-05-01,16,12,9,4,25,16,41
70404,SAN JUAN DE YAPACANI,desnutricion global,sobrepeso (s),2006-05-01,25,20,7,2,32,22,54
71104,SAN JULIAN,desnutricion global,sobrepeso (s),2006-05-01,18,19,9,5,27,24,51
90302,SAN LORENZO(PND),desnutricion global,sobrepeso (s),2006-05-01,14,7,1,6,15,13,28
60501,SAN LORENZO(TJA),desnutricion global,sobrepeso (s),2006-05-01,7,6,4,3,11,9,20
10702,SAN LUCAS,desnutricion global,sobrepeso (s),2006-05-01,22,18,0,1,22,19,41
71201,SAN MATIAS,desnutricion global,sobrepeso (s),2006-05-01,29,15,5,3,34,18,52
70302,SAN MIGUEL DE VELASCO,desnutricion global,sobrepeso (s),2006-05-01,10,10,3,2,13,12,25
51001,SAN PABLO DE LIPEZ,desnutricion global,sobrepeso (s),2006-05-01,1,0,0,0,1,0,1
71005,SAN PEDRO,desnutricion global,sobrepeso (s),2006-05-01,46,38,8,2,54,40,94
50501,SAN PEDRO DE BUENA VISTA,desnutricion global,sobrepeso (s),2006-05-01,16,10,12,14,28,24,52
21801,SAN PEDRO DE CURAHUARA,desnutricion global,sobrepeso (s),2006-05-01,4,2,1,0,5,2,7
50902,SAN PEDRO DE QUEMES,desnutricion global,sobrepeso (s),2006-05-01,0,1,0,0,0,1,1
21702,SAN PEDRO DE TIQUINA,desnutricion global,sobrepeso (s),2006-05-01,1,1,1,0,2,1,3
90202,SAN PEDRO(PND),desnutricion global,sobrepeso (s),2006-05-01,0,1,0,0,0,1,1
70303,SAN RAFAEL,desnutricion global,sobrepeso (s),2006-05-01,3,4,1,0,4,4,8
80702,SAN RAMON,desnutricion global,sobrepeso (s),2006-05-01,30,9,9,6,39,15,54
80702,SAN RAMON,desnutricion global,sobrepeso (s),2006-05-01,32,7,12,1,44,8,52
80401,SANTA ANA,desnutricion global,sobrepeso (s),2006-05-01,53,29,33,25,86,54,140
70101,SANTA CRUZ DE LA SIERRA,desnutricion global,sobrepeso (s),2006-05-01,1355,1056,446,373,1801,1429,3230
80303,SANTA ROSA,desnutricion global,sobrepeso (s),2006-05-01,27,32,13,10,40,42,82
70602,SANTA ROSA DEL SARA,desnutricion global,sobrepeso (s),2006-05-01,43,19,13,13,56,32,88
20308,SANTIAGO DE CALLAPA,desnutricion global,sobrepeso (s),2006-05-01,4,7,1,0,5,7,12
41401,SANTIAGO DE HUARI,desnutricion global,sobrepeso (s),2006-05-01,3,2,1,1,4,3,7
21901,SANTIAGO DE MACHACA,desnutricion global,sobrepeso (s),2006-05-01,1,0,0,0,1,0,1
30702,SANTIVAÑES,desnutricion global,sobrepeso (s),2006-05-01,0,2,0,0,0,2,2
40202,SANTUARIO DE QUILLACAS,desnutricion global,sobrepeso (s),2006-05-01,2,0,2,0,4,0,4
20902,SAPAHAQUI,desnutricion global,sobrepeso (s),2006-05-01,7,4,1,2,8,6,14
90303,SENA,desnutricion global,sobrepeso (s),2006-05-01,4,5,3,1,7,6,13
21301,SICA SICA (VILLA AROMA),desnutricion global,sobrepeso (s),2006-05-01,3,4,0,1,3,5,8
30703,SICAYA,desnutricion global,sobrepeso (s),2006-05-01,0,1,0,0,0,1,1
30902,SIPE SIPE,desnutricion global,sobrepeso (s),2006-05-01,40,55,10,11,50,66,116
10403,SOPACHUY,desnutricion global,sobrepeso (s),2006-05-01,5,3,0,0,5,3,8
40104,SORACACHI,desnutricion global,sobrepeso (s),2006-05-01,10,11,4,4,14,15,29
20601,SORATA,desnutricion global,sobrepeso (s),2006-05-01,10,7,2,0,12,7,19
10101,SUCRE,desnutricion global,sobrepeso (s),2006-05-01,230,175,41,44,271,219,490
31404,TACACHI,desnutricion global,sobrepeso (s),2006-05-01,0,1,0,0,0,1,1
20603,TACACOMA,desnutricion global,sobrepeso (s),2006-05-01,8,8,0,0,8,8,16
50303,TACOBAMBA,desnutricion global,sobrepeso (s),2006-05-01,16,12,2,2,18,14,32
30602,TACOPAYA,desnutricion global,sobrepeso (s),2006-05-01,1,1,1,0,2,1,3
51402,TAHUA,desnutricion global,sobrepeso (s),2006-05-01,1,0,0,0,1,0,1
31101,TAPACARI,desnutricion global,sobrepeso (s),2006-05-01,7,7,2,0,9,7,16
10601,TARABUCO,desnutricion global,sobrepeso (s),2006-05-01,14,16,2,2,16,18,34
20807,TARACO,desnutricion global,sobrepeso (s),2006-05-01,1,1,0,0,1,1,2
30401,TARATA,desnutricion global,sobrepeso (s),2006-05-01,15,7,0,2,15,9,24
60101,TARIJA,desnutricion global,sobrepeso (s),2006-05-01,424,302,102,133,526,435,961
10202,TARVITA,desnutricion global,sobrepeso (s),2006-05-01,6,6,4,0,10,6,16
20608,TEOPONTE,desnutricion global,sobrepeso (s),2006-05-01,12,17,8,9,20,26,46
20803,TIAWANACU,desnutricion global,sobrepeso (s),2006-05-01,11,9,4,3,15,12,27
50102,TINGUIPAYA,desnutricion global,sobrepeso (s),2006-05-01,17,11,0,5,17,16,33
20606,TIPUANI,desnutricion global,sobrepeso (s),2006-05-01,15,14,1,1,16,15,31
30903,TIQUIPAYA,desnutricion global,sobrepeso (s),2006-05-01,26,19,8,3,34,22,56
31601,TIRAQUE (CBBA),desnutricion global,sobrepeso (s),2006-05-01,73,62,15,11,88,73,161
21703,TITO YUPANQUI (PARQUIPUJIO),desnutricion global,sobrepeso (s),2006-05-01,0,1,0,0,0,1,1
30802,TOCO,desnutricion global,sobrepeso (s),2006-05-01,2,5,3,2,5,7,12
41502,TODOS SANTOS,desnutricion global,sobrepeso (s),2006-05-01,2,0,0,0,2,0,2
30803,TOLATA,desnutricion global,sobrepeso (s),2006-05-01,0,2,5,0,5,2,7
41001,TOLEDO,desnutricion global,sobrepeso (s),2006-05-01,2,4,0,0,2,4,6
51202,TOMAVE,desnutricion global,sobrepeso (s),2006-05-01,7,0,1,0,8,0,8
10402,TOMINA,desnutricion global,sobrepeso (s),2006-05-01,12,11,0,0,12,11,23
50502,TORO TORO,desnutricion global,sobrepeso (s),2006-05-01,8,4,2,1,10,5,15
31201,TOTORA(CBBA),desnutricion global,sobrepeso (s),2006-05-01,8,2,0,1,8,3,11
41301,TOTORA(ORR),desnutricion global,sobrepeso (s),2006-05-01,1,1,0,0,1,1,2
70802,TRIGAL,desnutricion global,sobrepeso (s),2006-05-01,5,1,1,1,6,2,8
80101,TRINIDAD,desnutricion global,sobrepeso (s),2006-05-01,224,117,35,23,259,140,399
50801,TUPIZA,desnutricion global,sobrepeso (s),2006-05-01,43,38,12,5,55,43,98
40402,TURCO,desnutricion global,sobrepeso (s),2006-05-01,4,5,0,1,4,6,10
50201,UNCIA,desnutricion global,sobrepeso (s),2006-05-01,30,25,22,22,52,47,99
60401,URIONDO (A. CONCEPCION),desnutricion global,sobrepeso (s),2006-05-01,35,21,4,18,39,39,78
51201,UYUNI,desnutricion global,sobrepeso (s),2006-05-01,23,18,2,1,25,19,44
30502,VACAS,desnutricion global,sobrepeso (s),2006-05-01,2,0,2,0,4,0,4
70801,VALLEGRANDE,desnutricion global,sobrepeso (s),2006-05-01,22,25,11,5,33,30,63
20801,VIACHA,desnutricion global,sobrepeso (s),2006-05-01,54,32,11,10,65,42,107
31302,VILA VILA,desnutricion global,sobrepeso (s),2006-05-01,2,0,0,0,2,0,2
60303,VILLA MONTES,desnutricion global,sobrepeso (s),2006-05-01,60,47,12,9,72,56,128
90502,VILLA NUEVA (LOMA ALTA),desnutricion global,sobrepeso (s),2006-05-01,1,1,1,0,2,1,3
31402,VILLA RIVERO,desnutricion global,sobrepeso (s),2006-05-01,2,5,1,2,3,7,10
10801,VILLA SERRANO,desnutricion global,sobrepeso (s),2006-05-01,14,7,4,4,18,11,29
31003,VILLA TUNARI,desnutricion global,sobrepeso (s),2006-05-01,63,48,10,4,73,52,125
11001,VILLA VACA GUZMAN (MUYUPAMPA),desnutricion global,sobrepeso (s),2006-05-01,24,14,4,2,28,16,44
51501,VILLAZON,desnutricion global,sobrepeso (s),2006-05-01,38,54,11,9,49,63,112
30904,VINTO,desnutricion global,sobrepeso (s),2006-05-01,25,9,1,3,26,12,38
50602,VITICHI,desnutricion global,sobrepeso (s),2006-05-01,1,1,0,0,1,1,2
70201,WARNES,desnutricion global,sobrepeso (s),2006-05-01,124,84,23,12,147,96,243
20903,YACO,desnutricion global,sobrepeso (s),2006-05-01,1,5,0,1,1,6,7
60301,YACUIBA,desnutricion global,sobrepeso (s),2006-05-01,92,85,11,13,103,98,201
10602,YAMPARAEZ,desnutricion global,sobrepeso (s),2006-05-01,9,6,1,1,10,7,17
21103,YANACACHI,desnutricion global,sobrepeso (s),2006-05-01,3,2,0,0,3,2,5
70403,YAPACANI,desnutricion global,sobrepeso (s),2006-05-01,106,137,10,9,116,146,262
50103,YOCALLA,desnutricion global,sobrepeso (s),2006-05-01,6,0,0,1,6,1,7
10102,YOTALA,desnutricion global,sobrepeso (s),2006-05-01,11,17,5,5,16,22,38
60402,YUNCHARA,desnutricion global,sobrepeso (s),2006-05-01,5,5,1,1,6,6,12
10301,ZUDAÑEZ,desnutricion global,sobrepeso (s),2006-05-01,7,3,3,0,10,3,13
51302,ACACIO,desnutricion global,sobrepeso (s),2006-06-01,4,4,0,2,4,6,10
20201,ACHACACHI,desnutricion global,sobrepeso (s),2006-06-01,12,8,2,4,14,12,26
20104,ACHOCALLA,desnutricion global,sobrepeso (s),2006-06-01,4,1,1,0,5,1,6
30201,AIQUILE,desnutricion global,sobrepeso (s),2006-06-01,3,1,1,0,4,1,5
31303,ALALAY,desnutricion global,sobrepeso (s),2006-06-01,0,1,0,0,0,1,1
10404,ALCALA,desnutricion global,sobrepeso (s),2006-06-01,4,4,0,0,4,4,8
20202,ANCORAIMES,desnutricion global,sobrepeso (s),2006-06-01,2,2,2,0,4,2,6
41201,ANDAMARCA,desnutricion global,sobrepeso (s),2006-06-01,1,0,0,0,1,0,1
40603,ANTEQUERA,desnutricion global,sobrepeso (s),2006-06-01,4,4,0,0,4,4,8
30402,ANZALDO,desnutricion global,sobrepeso (s),2006-06-01,1,0,2,0,3,0,3
20701,APOLO,desnutricion global,sobrepeso (s),2006-06-01,19,13,0,0,19,13,32
51301,ARAMPAMPA,desnutricion global,sobrepeso (s),2006-06-01,14,10,10,11,24,21,45
30501,ARANI,desnutricion global,sobrepeso (s),2006-06-01,4,2,0,0,4,2,6
30403,ARBIETO,desnutricion global,sobrepeso (s),2006-06-01,9,9,2,3,11,12,23
71501,ASCENCION DE GUARAYOS,desnutricion global,sobrepeso (s),2006-06-01,69,36,19,11,88,47,135
50802,ATOCHA,desnutricion global,sobrepeso (s),2006-06-01,6,4,4,3,10,7,17
20503,AUCAPATA,desnutricion global,sobrepeso (s),2006-06-01,4,7,1,0,5,7,12
20502,AYATA,desnutricion global,sobrepeso (s),2006-06-01,2,1,0,0,2,1,3
21303,AYO AYO,desnutricion global,sobrepeso (s),2006-06-01,3,0,0,0,3,0,3
30301,AYOPAYA (V. DE INDEPENDENCIA),desnutricion global,sobrepeso (s),2006-06-01,13,13,3,2,16,15,31
10201,AZURDUY,desnutricion global,sobrepeso (s),2006-06-01,18,9,3,0,21,9,30
21203,BATALLAS,desnutricion global,sobrepeso (s),2006-06-01,6,4,1,0,7,4,11
80802,BAURES,desnutricion global,sobrepeso (s),2006-06-01,4,4,3,5,7,9,16
50104,BELEN DE URMIRI,desnutricion global,sobrepeso (s),2006-06-01,0,1,1,0,1,1,2
90104,BELLA FLOR,desnutricion global,sobrepeso (s),2006-06-01,3,1,0,0,3,1,4
60202,BERMEJO,desnutricion global,sobrepeso (s),2006-06-01,21,22,1,1,22,23,45
50301,BETANZOS,desnutricion global,sobrepeso (s),2006-06-01,7,22,0,3,7,25,32
31501,BOLIVAR,desnutricion global,sobrepeso (s),2006-06-01,1,0,0,0,1,0,1
70707,BOYUIBE,desnutricion global,sobrepeso (s),2006-06-01,7,0,0,4,7,4,11
70401,BUENA VISTA,desnutricion global,sobrepeso (s),2006-06-01,29,20,4,1,33,21,54
70703,CABEZAS,desnutricion global,sobrepeso (s),2006-06-01,77,24,9,8,86,32,118
20905,CAIROMA,desnutricion global,sobrepeso (s),2006-06-01,7,4,0,0,7,4,11
51102,"CAIZA ""D""",desnutricion global,sobrepeso (s),2006-06-01,3,8,0,0,3,8,11
21003,CAJUATA,desnutricion global,sobrepeso (s),2006-06-01,12,13,0,0,12,13,25
21304,CALAMARCA,desnutricion global,sobrepeso (s),2006-06-01,3,1,0,1,3,2,5
10701,CAMARGO,desnutricion global,sobrepeso (s),2006-06-01,22,7,4,1,26,8,34
10901,CAMATAQUI (C. VILLA ABECIA),desnutricion global,sobrepeso (s),2006-06-01,3,5,1,0,4,5,9
70706,CAMIRI,desnutricion global,sobrepeso (s),2006-06-01,99,82,36,26,135,108,243
30701,CAPINOTA,desnutricion global,sobrepeso (s),2006-06-01,11,2,0,2,11,4,15
20302,CAQUIAVIRI,desnutricion global,sobrepeso (s),2006-06-01,6,10,0,1,6,11,17
40102,CARACOLLO,desnutricion global,sobrepeso (s),2006-06-01,9,7,0,0,9,7,16
22001,CARANAVI,desnutricion global,sobrepeso (s),2006-06-01,108,64,6,4,114,68,182
60302,CARAPARI,desnutricion global,sobrepeso (s),2006-06-01,32,24,6,5,38,29,67
50702,CARIPUYO,desnutricion global,sobrepeso (s),2006-06-01,8,5,1,2,9,7,16
71403,CARMEN RIVERO TORREZ,desnutricion global,sobrepeso (s),2006-06-01,6,2,4,0,10,2,12
40201,CHALLAPATA,desnutricion global,sobrepeso (s),2006-06-01,10,12,2,0,12,12,24
50302,CHAQUI,desnutricion global,sobrepeso (s),2006-06-01,6,4,0,0,6,4,10
70702,CHARAGUA,desnutricion global,sobrepeso (s),2006-06-01,75,44,9,15,84,59,143
20305,CHARAÑA,desnutricion global,sobrepeso (s),2006-06-01,0,1,0,0,0,1,1
50202,CHAYANTA,desnutricion global,sobrepeso (s),2006-06-01,22,17,3,7,25,24,49
31204,CHIMORE,desnutricion global,sobrepeso (s),2006-06-01,9,7,2,1,11,8,19
40903,CHIPAYA,desnutricion global,sobrepeso (s),2006-06-01,0,2,0,0,0,2,2
21101,CHULUMANI (V. DE LA LIBERTAD),desnutricion global,sobrepeso (s),2006-06-01,3,1,0,1,3,2,5
20501,CHUMA,desnutricion global,sobrepeso (s),2006-06-01,4,1,1,0,5,1,6
30801,CLIZA,desnutricion global,sobrepeso (s),2006-06-01,35,9,9,7,44,16,60
90101,COBIJA,desnutricion global,sobrepeso (s),2006-06-01,50,68,12,14,62,82,144
30101,COCHABAMBA,desnutricion global,sobrepeso (s),2006-06-01,264,230,65,42,329,272,601
40902,COIPASA,desnutricion global,sobrepeso (s),2006-06-01,0,2,0,0,0,2,2
30905,COLCAPIRHUA,desnutricion global,sobrepeso (s),2006-06-01,19,28,5,4,24,32,56
50901,"COLCHA ""K""",desnutricion global,sobrepeso (s),2006-06-01,11,8,0,1,11,9,20
21307,COLLANA,desnutricion global,sobrepeso (s),2006-06-01,4,0,0,0,4,0,4
31002,COLOMI,desnutricion global,sobrepeso (s),2006-06-01,8,18,1,3,9,21,30
70603,COLPA BELGICA,desnutricion global,sobrepeso (s),2006-06-01,14,4,2,2,16,6,22
50401,COLQUECHACA,desnutricion global,sobrepeso (s),2006-06-01,19,14,0,5,19,19,38
21306,COLQUENCHA,desnutricion global,sobrepeso (s),2006-06-01,3,2,2,0,5,2,7
21004,COLQUIRI,desnutricion global,sobrepeso (s),2006-06-01,13,12,1,1,14,13,27
20304,COMANCHE,desnutricion global,sobrepeso (s),2006-06-01,1,0,0,0,1,0,1
71301,COMARAPA,desnutricion global,sobrepeso (s),2006-06-01,73,48,20,18,93,66,159
71101,CONCEPCION,desnutricion global,sobrepeso (s),2006-06-01,99,77,29,19,128,96,224
21701,COPACABANA,desnutricion global,sobrepeso (s),2006-06-01,23,8,3,1,26,9,35
21402,CORIPATA,desnutricion global,sobrepeso (s),2006-06-01,29,14,6,3,35,17,52
20301,CORO CORO,desnutricion global,sobrepeso (s),2006-06-01,2,2,0,0,2,2,4
21401,COROICO,desnutricion global,sobrepeso (s),2006-06-01,1,1,0,0,1,1,2
40301,CORQUE,desnutricion global,sobrepeso (s),2006-06-01,3,3,2,0,5,3,8
50601,COTAGAITA,desnutricion global,sobrepeso (s),2006-06-01,5,12,9,6,14,18,32
70102,COTOCA,desnutricion global,sobrepeso (s),2006-06-01,52,25,7,4,59,29,88
71106,CUATRO CAÑADAS,desnutricion global,sobrepeso (s),2006-06-01,32,18,6,4,38,22,60
31405,CUCHUMUELA (V. G. VILLARROEL),desnutricion global,sobrepeso (s),2006-06-01,2,2,0,0,2,2,4
70704,CUEVO,desnutricion global,sobrepeso (s),2006-06-01,5,2,2,3,7,5,12
10902,CULPINA,desnutricion global,sobrepeso (s),2006-06-01,13,20,3,1,16,21,37
40401,CURAHUARA DE CARANGAS,desnutricion global,sobrepeso (s),2006-06-01,4,4,1,0,5,4,9
20804,DESAGUADERO,desnutricion global,sobrepeso (s),2006-06-01,2,2,3,0,5,2,7
20105,EL ALTO,desnutricion global,sobrepeso (s),2006-06-01,393,356,68,78,461,434,895
40103,EL CHORO,desnutricion global,sobrepeso (s),2006-06-01,1,1,0,1,1,2,3
71503,EL PUENTE(STC),desnutricion global,sobrepeso (s),2006-06-01,24,12,2,0,26,12,38
60502,EL PUENTE(TJA),desnutricion global,sobrepeso (s),2006-06-01,4,3,2,4,6,7,13
70105,EL TORNO,desnutricion global,sobrepeso (s),2006-06-01,37,23,11,8,48,31,79
10405,EL VILLAR,desnutricion global,sobrepeso (s),2006-06-01,6,1,3,1,9,2,11
60601,ENTRE RIOS,desnutricion global,sobrepeso (s),2006-06-01,33,22,5,11,38,33,71
60601,ENTRE RIOS,desnutricion global,sobrepeso (s),2006-06-01,33,22,3,2,36,24,60
41101,EUCALIPTUS,desnutricion global,sobrepeso (s),2006-06-01,5,6,2,1,7,7,14
90503,EUREKA (SANTOS MERCADO),desnutricion global,sobrepeso (s),2006-06-01,1,0,0,0,1,0,1
80402,EXALTACION,desnutricion global,sobrepeso (s),2006-06-01,7,8,4,1,11,9,20
71004,FERNANDEZ ALONSO,desnutricion global,sobrepeso (s),2006-06-01,25,18,9,1,34,19,53
90203,FILADELFIA,desnutricion global,sobrepeso (s),2006-06-01,1,2,1,0,2,2,4
71002,GENERAL SAAVEDRA,desnutricion global,sobrepeso (s),2006-06-01,33,21,10,5,43,26,69
21601,GRAL. J.J. PEREZ (CHARAZANI),desnutricion global,sobrepeso (s),2006-06-01,12,6,1,0,13,6,19
20602,GUANAY,desnutricion global,sobrepeso (s),2006-06-01,17,17,5,7,22,24,46
20802,GUAQUI,desnutricion global,sobrepeso (s),2006-06-01,3,3,1,5,4,8,12
80202,GUAYARAMERIN,desnutricion global,sobrepeso (s),2006-06-01,110,98,13,10,123,108,231
70705,GUTIERREZ,desnutricion global,sobrepeso (s),2006-06-01,28,32,12,10,40,42,82
10502,HUACARETA,desnutricion global,sobrepeso (s),2006-06-01,12,14,6,2,18,16,34
11002,HUACAYA (VILLA DE HUACAYA),desnutricion global,sobrepeso (s),2006-06-01,11,9,2,2,13,11,24
40501,HUACHACALLA,desnutricion global,sobrepeso (s),2006-06-01,1,0,0,0,1,0,1
40701,HUANUNI,desnutricion global,sobrepeso (s),2006-06-01,16,20,0,1,16,21,37
80803,HUARACAJE,desnutricion global,sobrepeso (s),2006-06-01,11,2,0,1,11,3,14
41601,HUAYLLAMARCA,desnutricion global,sobrepeso (s),2006-06-01,1,0,0,0,1,0,1
21005,ICHOCA,desnutricion global,sobrepeso (s),2006-06-01,4,2,1,0,5,2,7
10304,ICLA,desnutricion global,sobrepeso (s),2006-06-01,10,4,2,2,12,6,18
10703,INCAHUASI,desnutricion global,sobrepeso (s),2006-06-01,17,12,4,2,21,14,35
90402,INGAVI (HUMAITA),desnutricion global,sobrepeso (s),2006-06-01,5,4,1,0,6,4,10
21001,INQUISIVI,desnutricion global,sobrepeso (s),2006-06-01,10,14,5,1,15,15,30
21102,IRUPANA (VILLA DE LANZA),desnutricion global,sobrepeso (s),2006-06-01,8,4,3,0,11,4,15
21501,IXIAMAS,desnutricion global,sobrepeso (s),2006-06-01,24,15,3,3,27,18,45
20806,JESUS DE MACHACA,desnutricion global,sobrepeso (s),2006-06-01,4,4,0,0,4,4,8
21105,LA ASUNTA,desnutricion global,sobrepeso (s),2006-06-01,22,14,1,2,23,16,39
70104,LA GUARDIA,desnutricion global,sobrepeso (s),2006-06-01,130,68,27,37,157,105,262
20101,LA PAZ,desnutricion global,sobrepeso (s),2006-06-01,473,421,150,174,623,595,1218
70701,LAGUNILLAS,desnutricion global,sobrepeso (s),2006-06-01,10,20,8,10,18,30,48
21202,LAJA,desnutricion global,sobrepeso (s),2006-06-01,11,14,4,3,15,17,32
10903,LAS CARRERAS,desnutricion global,sobrepeso (s),2006-06-01,7,5,1,3,8,8,16
21006,LICOMA PAMPA,desnutricion global,sobrepeso (s),2006-06-01,2,1,0,0,2,1,3
50203,LLALLAGUA,desnutricion global,sobrepeso (s),2006-06-01,113,94,58,68,171,162,333
51401,LLICA,desnutricion global,sobrepeso (s),2006-06-01,5,1,0,0,5,1,6
80601,LORETO,desnutricion global,sobrepeso (s),2006-06-01,2,4,2,1,4,5,9
20901,LURIBAY,desnutricion global,sobrepeso (s),2006-06-01,6,1,2,0,8,1,9
40702,MACHACAMARCA,desnutricion global,sobrepeso (s),2006-06-01,3,1,0,1,3,2,5
11003,MACHARETI,desnutricion global,sobrepeso (s),2006-06-01,14,27,11,10,25,37,62
80801,MAGDALENA,desnutricion global,sobrepeso (s),2006-06-01,25,18,3,2,28,20,48
70903,MAIRANA,desnutricion global,sobrepeso (s),2006-06-01,9,12,6,3,15,15,30
20904,MALLA,desnutricion global,sobrepeso (s),2006-06-01,3,5,0,0,3,5,8
20607,MAPIRI,desnutricion global,sobrepeso (s),2006-06-01,11,9,2,0,13,9,22
20103,MECAPACA,desnutricion global,sobrepeso (s),2006-06-01,4,11,1,3,5,14,19
71003,MINEROS,desnutricion global,sobrepeso (s),2006-06-01,52,50,16,23,68,73,141
31301,MIZQUE,desnutricion global,sobrepeso (s),2006-06-01,23,17,1,2,24,19,43
20402,MOCOMOCO,desnutricion global,sobrepeso (s),2006-06-01,5,6,0,0,5,6,11
10303,MOJOCOYA,desnutricion global,sobrepeso (s),2006-06-01,11,4,1,3,12,7,19
10501,MONTEAGUDO,desnutricion global,sobrepeso (s),2006-06-01,73,47,14,7,87,54,141
71001,MONTERO,desnutricion global,sobrepeso (s),2006-06-01,273,231,71,71,344,302,646
70803,MORO MORO,desnutricion global,sobrepeso (s),2006-06-01,4,7,2,0,6,7,13
30302,MOROCHATA,desnutricion global,sobrepeso (s),2006-06-01,6,5,1,1,7,6,13
90401,NACEBE (SANTA ROSA DEL ABUNA),desnutricion global,sobrepeso (s),2006-06-01,1,3,1,0,2,3,5
50404,OCURI,desnutricion global,sobrepeso (s),2006-06-01,9,2,1,1,10,3,13
70202,OKINAWA,desnutricion global,sobrepeso (s),2006-06-01,15,7,3,2,18,9,27
30203,OMEREQUE,desnutricion global,sobrepeso (s),2006-06-01,7,9,2,0,9,9,18
40101,ORURO,desnutricion global,sobrepeso (s),2006-06-01,213,151,34,22,247,173,420
60201,PADCAYA,desnutricion global,sobrepeso (s),2006-06-01,28,15,10,16,38,31,69
10401,PADILLA,desnutricion global,sobrepeso (s),2006-06-01,15,13,5,3,20,16,36
70502,PAILON,desnutricion global,sobrepeso (s),2006-06-01,0,52,13,0,13,52,65
20102,PALCA,desnutricion global,sobrepeso (s),2006-06-01,1,1,0,0,1,1,2
21104,PALOS BLANCOS,desnutricion global,sobrepeso (s),2006-06-01,20,25,4,3,24,28,52
40802,PAMPA AULLAGAS,desnutricion global,sobrepeso (s),2006-06-01,7,1,1,0,8,1,9
70902,PAMPA GRANDE,desnutricion global,sobrepeso (s),2006-06-01,11,4,2,1,13,5,18
21802,PAPEL PAMPA,desnutricion global,sobrepeso (s),2006-06-01,2,1,0,0,2,1,3
30202,PASORAPA,desnutricion global,sobrepeso (s),2006-06-01,1,7,1,1,2,8,10
21305,PATACAMAYA,desnutricion global,sobrepeso (s),2006-06-01,6,5,2,0,8,5,13
40602,PAZÑA,desnutricion global,sobrepeso (s),2006-06-01,6,1,0,1,6,2,8
20702,PELECHUCO,desnutricion global,sobrepeso (s),2006-06-01,0,2,0,0,0,2,2
50403,POCOATA,desnutricion global,sobrepeso (s),2006-06-01,20,11,1,1,21,12,33
31203,POCONA,desnutricion global,sobrepeso (s),2006-06-01,8,6,1,1,9,7,16
31202,POJO (CBBA),desnutricion global,sobrepeso (s),2006-06-01,19,15,2,1,21,16,37
40601,POOPO,desnutricion global,sobrepeso (s),2006-06-01,3,1,0,0,3,1,4
51203,PORCO,desnutricion global,sobrepeso (s),2006-06-01,5,6,0,1,5,7,12
10103,POROMA,desnutricion global,sobrepeso (s),2006-06-01,13,19,0,0,13,19,32
70103,PORONGO,desnutricion global,sobrepeso (s),2006-06-01,7,4,0,0,7,4,11
70601,PORTACHUELO,desnutricion global,sobrepeso (s),2006-06-01,78,62,29,24,107,86,193
90102,PORVENIR,desnutricion global,sobrepeso (s),2006-06-01,12,15,1,1,13,16,29
70804,POSTRER VALLE,desnutricion global,sobrepeso (s),2006-06-01,5,7,9,7,14,14,28
50101,POTOSI,desnutricion global,sobrepeso (s),2006-06-01,86,64,12,12,98,76,174
10302,PRESTO,desnutricion global,sobrepeso (s),2006-06-01,7,2,1,1,8,3,11
70805,PUCARA,desnutricion global,sobrepeso (s),2006-06-01,3,1,2,0,5,1,6
21201,PUCARANI,desnutricion global,sobrepeso (s),2006-06-01,14,15,2,0,16,15,31
20401,PUERTO ACOSTA,desnutricion global,sobrepeso (s),2006-06-01,7,4,3,3,10,7,17
20403,PUERTO CARABUCO,desnutricion global,sobrepeso (s),2006-06-01,12,1,0,0,12,1,13
90301,PUERTO GONZALO MORENO,desnutricion global,sobrepeso (s),2006-06-01,4,5,0,0,4,5,9
21204,PUERTO PEREZ,desnutricion global,sobrepeso (s),2006-06-01,1,4,0,0,1,4,5
71402,PUERTO QUIJARRO,desnutricion global,sobrepeso (s),2006-06-01,33,32,7,8,40,40,80
90201,PUERTO RICO,desnutricion global,sobrepeso (s),2006-06-01,18,18,0,2,18,20,38
80703,PUERTO SILES,desnutricion global,sobrepeso (s),2006-06-01,1,4,0,0,1,4,5
71401,PUERTO SUAREZ,desnutricion global,sobrepeso (s),2006-06-01,23,28,6,7,29,35,64
31205,PUERTO VILLARROEL,desnutricion global,sobrepeso (s),2006-06-01,45,41,18,16,63,57,120
51101,PUNA,desnutricion global,sobrepeso (s),2006-06-01,4,10,4,0,8,10,18
31401,PUNATA,desnutricion global,sobrepeso (s),2006-06-01,17,7,7,2,24,9,33
20604,QUIABAYA,desnutricion global,sobrepeso (s),2006-06-01,0,1,0,0,0,1,1
30901,QUILLACOLLO,desnutricion global,sobrepeso (s),2006-06-01,41,27,7,4,48,31,79
21002,QUIME,desnutricion global,sobrepeso (s),2006-06-01,3,5,0,0,3,5,8
70904,QUIRUSILLAS,desnutricion global,sobrepeso (s),2006-06-01,5,6,3,1,8,7,15
50402,RAVELO,desnutricion global,sobrepeso (s),2006-06-01,2,1,1,0,3,1,4
80301,REYES,desnutricion global,sobrepeso (s),2006-06-01,18,20,3,7,21,27,48
80201,RIBERALTA,desnutricion global,sobrepeso (s),2006-06-01,68,28,8,4,76,32,108
70503,ROBORE,desnutricion global,sobrepeso (s),2006-06-01,17,9,13,6,30,15,45
80304,RURRENABAQUE,desnutricion global,sobrepeso (s),2006-06-01,12,5,3,3,15,8,23
40901,SABAYA,desnutricion global,sobrepeso (s),2006-06-01,0,4,1,0,1,4,5
31001,SACABA,desnutricion global,sobrepeso (s),2006-06-01,58,51,8,4,66,55,121
50701,SACACA,desnutricion global,sobrepeso (s),2006-06-01,3,4,0,1,3,5,8
71302,SAIPINA,desnutricion global,sobrepeso (s),2006-06-01,39,27,19,12,58,39,97
40801,SALINAS DE GARCI MENDOZA,desnutricion global,sobrepeso (s),2006-06-01,8,8,1,1,9,9,18
70901,SAMAIPATA,desnutricion global,sobrepeso (s),2006-06-01,21,17,4,4,25,21,46
51601,SAN AGUSTIN,desnutricion global,sobrepeso (s),2006-06-01,0,1,1,0,1,1,2
80602,SAN ANDRES,desnutricion global,sobrepeso (s),2006-06-01,14,12,2,2,16,14,30
20805,SAN ANDRES DE MACHACA,desnutricion global,sobrepeso (s),2006-06-01,0,1,0,1,0,2,2
51003,SAN ANTONIO DE ESMORUCO,desnutricion global,sobrepeso (s),2006-06-01,2,4,0,0,2,4,6
71105,SAN ANTONIO DE LOMERIO,desnutricion global,sobrepeso (s),2006-06-01,8,6,1,1,9,7,16
31403,SAN BENITO,desnutricion global,sobrepeso (s),2006-06-01,5,3,2,0,7,3,10
80302,SAN BORJA,desnutricion global,sobrepeso (s),2006-06-01,59,31,7,6,66,37,103
21502,SAN BUENA VENTURA,desnutricion global,sobrepeso (s),2006-06-01,5,3,2,1,7,4,11
70402,SAN CARLOS,desnutricion global,sobrepeso (s),2006-06-01,37,40,15,22,52,62,114
80501,SAN IGNACIO,desnutricion global,sobrepeso (s),2006-06-01,36,11,5,1,41,12,53
70301,SAN IGNACIO DE VELASCO,desnutricion global,sobrepeso (s),2006-06-01,102,55,15,11,117,66,183
80102,SAN JAVIER(BNI),desnutricion global,sobrepeso (s),2006-06-01,12,2,0,0,12,2,14
71102,SAN JAVIER(STC),desnutricion global,sobrepeso (s),2006-06-01,4,5,2,1,6,6,12
80701,SAN JOAQUIN,desnutricion global,sobrepeso (s),2006-06-01,7,3,7,3,14,6,20
70501,SAN JOSE DE CHIQUITOS,desnutricion global,sobrepeso (s),2006-06-01,21,16,10,4,31,20,51
70404,SAN JUAN DE YAPACANI,desnutricion global,sobrepeso (s),2006-06-01,15,12,1,2,16,14,30
71104,SAN JULIAN,desnutricion global,sobrepeso (s),2006-06-01,36,32,23,19,59,51,110
90302,SAN LORENZO(PND),desnutricion global,sobrepeso (s),2006-06-01,13,12,8,4,21,16,37
60501,SAN LORENZO(TJA),desnutricion global,sobrepeso (s),2006-06-01,8,4,1,1,9,5,14
10702,SAN LUCAS,desnutricion global,sobrepeso (s),2006-06-01,14,18,1,10,15,28,43
71201,SAN MATIAS,desnutricion global,sobrepeso (s),2006-06-01,16,6,2,3,18,9,27
70302,SAN MIGUEL DE VELASCO,desnutricion global,sobrepeso (s),2006-06-01,17,12,5,1,22,13,35
51001,SAN PABLO DE LIPEZ,desnutricion global,sobrepeso (s),2006-06-01,0,0,1,0,1,0,1
71005,SAN PEDRO,desnutricion global,sobrepeso (s),2006-06-01,58,34,9,7,67,41,108
50501,SAN PEDRO DE BUENA VISTA,desnutricion global,sobrepeso (s),2006-06-01,10,6,4,2,14,8,22
50902,SAN PEDRO DE QUEMES,desnutricion global,sobrepeso (s),2006-06-01,1,0,0,0,1,0,1
21702,SAN PEDRO DE TIQUINA,desnutricion global,sobrepeso (s),2006-06-01,3,1,1,0,4,1,5
90202,SAN PEDRO(PND),desnutricion global,sobrepeso (s),2006-06-01,6,4,4,2,10,6,16
70303,SAN RAFAEL,desnutricion global,sobrepeso (s),2006-06-01,2,5,2,1,4,6,10
80702,SAN RAMON,desnutricion global,sobrepeso (s),2006-06-01,13,6,4,1,17,7,24
80401,SANTA ANA,desnutricion global,sobrepeso (s),2006-06-01,189,43,21,12,210,55,265
70101,SANTA CRUZ DE LA SIERRA,desnutricion global,sobrepeso (s),2006-06-01,1496,1088,514,541,2010,1629,3639
80303,SANTA ROSA,desnutricion global,sobrepeso (s),2006-06-01,26,20,7,3,33,23,56
70602,SANTA ROSA DEL SARA,desnutricion global,sobrepeso (s),2006-06-01,29,12,12,12,41,24,65
20308,SANTIAGO DE CALLAPA,desnutricion global,sobrepeso (s),2006-06-01,1,1,1,1,2,2,4
41401,SANTIAGO DE HUARI,desnutricion global,sobrepeso (s),2006-06-01,8,9,1,1,9,10,19
21901,SANTIAGO DE MACHACA,desnutricion global,sobrepeso (s),2006-06-01,1,1,0,0,1,1,2
30702,SANTIVAÑES,desnutricion global,sobrepeso (s),2006-06-01,3,2,0,0,3,2,5
40202,SANTUARIO DE QUILLACAS,desnutricion global,sobrepeso (s),2006-06-01,0,1,0,1,0,2,2
20902,SAPAHAQUI,desnutricion global,sobrepeso (s),2006-06-01,5,3,0,0,5,3,8
90303,SENA,desnutricion global,sobrepeso (s),2006-06-01,3,4,0,0,3,4,7
21301,SICA SICA (VILLA AROMA),desnutricion global,sobrepeso (s),2006-06-01,6,6,2,0,8,6,14
30902,SIPE SIPE,desnutricion global,sobrepeso (s),2006-06-01,33,30,12,6,45,36,81
10403,SOPACHUY,desnutricion global,sobrepeso (s),2006-06-01,9,2,0,0,9,2,11
40104,SORACACHI,desnutricion global,sobrepeso (s),2006-06-01,5,2,1,1,6,3,9
20601,SORATA,desnutricion global,sobrepeso (s),2006-06-01,10,12,5,2,15,14,29
10101,SUCRE,desnutricion global,sobrepeso (s),2006-06-01,166,153,52,36,218,189,407
20603,TACACOMA,desnutricion global,sobrepeso (s),2006-06-01,11,5,1,1,12,6,18
50303,TACOBAMBA,desnutricion global,sobrepeso (s),2006-06-01,7,3,2,1,9,4,13
30602,TACOPAYA,desnutricion global,sobrepeso (s),2006-06-01,2,1,1,0,3,1,4
51402,TAHUA,desnutricion global,sobrepeso (s),2006-06-01,3,0,0,0,3,0,3
31101,TAPACARI,desnutricion global,sobrepeso (s),2006-06-01,7,2,1,0,8,2,10
10601,TARABUCO,desnutricion global,sobrepeso (s),2006-06-01,13,15,3,5,16,20,36
20807,TARACO,desnutricion global,sobrepeso (s),2006-06-01,2,0,0,2,2,2,4
30401,TARATA,desnutricion global,sobrepeso (s),2006-06-01,9,3,3,1,12,4,16
60101,TARIJA,desnutricion global,sobrepeso (s),2006-06-01,325,220,79,75,404,295,699
10202,TARVITA,desnutricion global,sobrepeso (s),2006-06-01,8,1,0,0,8,1,9
20608,TEOPONTE,desnutricion global,sobrepeso (s),2006-06-01,29,10,15,11,44,21,65
20803,TIAWANACU,desnutricion global,sobrepeso (s),2006-06-01,13,6,3,2,16,8,24
50102,TINGUIPAYA,desnutricion global,sobrepeso (s),2006-06-01,23,15,9,6,32,21,53
20606,TIPUANI,desnutricion global,sobrepeso (s),2006-06-01,14,8,0,0,14,8,22
30903,TIQUIPAYA,desnutricion global,sobrepeso (s),2006-06-01,19,11,0,1,19,12,31
31601,TIRAQUE (CBBA),desnutricion global,sobrepeso (s),2006-06-01,71,60,13,11,84,71,155
30802,TOCO,desnutricion global,sobrepeso (s),2006-06-01,1,2,1,1,2,3,5
30803,TOLATA,desnutricion global,sobrepeso (s),2006-06-01,2,0,0,0,2,0,2
41001,TOLEDO,desnutricion global,sobrepeso (s),2006-06-01,2,3,2,1,4,4,8
51202,TOMAVE,desnutricion global,sobrepeso (s),2006-06-01,2,2,0,0,2,2,4
10402,TOMINA,desnutricion global,sobrepeso (s),2006-06-01,12,7,0,1,12,8,20
50502,TORO TORO,desnutricion global,sobrepeso (s),2006-06-01,2,2,0,1,2,3,5
31201,TOTORA(CBBA),desnutricion global,sobrepeso (s),2006-06-01,7,8,1,1,8,9,17
41301,TOTORA(ORR),desnutricion global,sobrepeso (s),2006-06-01,2,0,0,0,2,0,2
70802,TRIGAL,desnutricion global,sobrepeso (s),2006-06-01,4,1,0,0,4,1,5
80101,TRINIDAD,desnutricion global,sobrepeso (s),2006-06-01,211,111,42,20,253,131,384
50801,TUPIZA,desnutricion global,sobrepeso (s),2006-06-01,46,42,15,5,61,47,108
40402,TURCO,desnutricion global,sobrepeso (s),2006-06-01,5,3,1,0,6,3,9
21302,UMALA,desnutricion global,sobrepeso (s),2006-06-01,3,2,1,1,4,3,7
50201,UNCIA,desnutricion global,sobrepeso (s),2006-06-01,14,9,0,1,14,10,24
60401,URIONDO (A. CONCEPCION),desnutricion global,sobrepeso (s),2006-06-01,18,16,6,3,24,19,43
71502,URUBICHA,desnutricion global,sobrepeso (s),2006-06-01,8,13,16,11,24,24,48
51201,UYUNI,desnutricion global,sobrepeso (s),2006-06-01,31,21,8,2,39,23,62
30502,VACAS,desnutricion global,sobrepeso (s),2006-06-01,2,1,1,0,3,1,4
70801,VALLEGRANDE,desnutricion global,sobrepeso (s),2006-06-01,27,19,6,6,33,25,58
20801,VIACHA,desnutricion global,sobrepeso (s),2006-06-01,35,15,0,4,35,19,54
31302,VILA VILA,desnutricion global,sobrepeso (s),2006-06-01,2,3,2,0,4,3,7
60303,VILLA MONTES,desnutricion global,sobrepeso (s),2006-06-01,48,33,15,9,63,42,105
90502,VILLA NUEVA (LOMA ALTA),desnutricion global,sobrepeso (s),2006-06-01,1,0,0,0,1,0,1
31402,VILLA RIVERO,desnutricion global,sobrepeso (s),2006-06-01,3,5,2,1,5,6,11
10801,VILLA SERRANO,desnutricion global,sobrepeso (s),2006-06-01,7,8,3,2,10,10,20
31003,VILLA TUNARI,desnutricion global,sobrepeso (s),2006-06-01,64,40,7,4,71,44,115
11001,VILLA VACA GUZMAN (MUYUPAMPA),desnutricion global,sobrepeso (s),2006-06-01,17,9,1,0,18,9,27
51501,VILLAZON,desnutricion global,sobrepeso (s),2006-06-01,35,29,11,8,46,37,83
30904,VINTO,desnutricion global,sobrepeso (s),2006-06-01,22,21,0,0,22,21,43
50602,VITICHI,desnutricion global,sobrepeso (s),2006-06-01,5,1,0,1,5,2,7
20306,WALDO BALLIVIAN,desnutricion global,sobrepeso (s),2006-06-01,1,0,0,0,1,0,1
70201,WARNES,desnutricion global,sobrepeso (s),2006-06-01,151,101,26,14,177,115,292
20903,YACO,desnutricion global,sobrepeso (s),2006-06-01,1,2,0,0,1,2,3
60301,YACUIBA,desnutricion global,sobrepeso (s),2006-06-01,94,86,6,3,100,89,189
10602,YAMPARAEZ,desnutricion global,sobrepeso (s),2006-06-01,7,9,3,0,10,9,19
21103,YANACACHI,desnutricion global,sobrepeso (s),2006-06-01,3,1,0,0,3,1,4
70403,YAPACANI,desnutricion global,sobrepeso (s),2006-06-01,97,104,13,6,110,110,220
50103,YOCALLA,desnutricion global,sobrepeso (s),2006-06-01,3,2,1,0,4,2,6
10102,YOTALA,desnutricion global,sobrepeso (s),2006-06-01,12,12,4,3,16,15,31
60402,YUNCHARA,desnutricion global,sobrepeso (s),2006-06-01,1,1,0,0,1,1,2
10301,ZUDAÑEZ,desnutricion global,sobrepeso (s),2006-06-01,7,3,1,0,8,3,11
51302,ACACIO,desnutricion global,sobrepeso (s),2006-07-01,3,1,0,0,3,1,4
20201,ACHACACHI,desnutricion global,sobrepeso (s),2006-07-01,22,23,12,6,34,29,63
20104,ACHOCALLA,desnutricion global,sobrepeso (s),2006-07-01,1,1,1,0,2,1,3
30201,AIQUILE,desnutricion global,sobrepeso (s),2006-07-01,10,2,0,1,10,3,13
10404,ALCALA,desnutricion global,sobrepeso (s),2006-07-01,6,5,0,0,6,5,11
20202,ANCORAIMES,desnutricion global,sobrepeso (s),2006-07-01,3,0,0,3,3,3,6
41201,ANDAMARCA,desnutricion global,sobrepeso (s),2006-07-01,0,1,0,0,0,1,1
40603,ANTEQUERA,desnutricion global,sobrepeso (s),2006-07-01,0,0,0,1,0,1,1
30402,ANZALDO,desnutricion global,sobrepeso (s),2006-07-01,5,0,1,0,6,0,6
20701,APOLO,desnutricion global,sobrepeso (s),2006-07-01,23,14,0,0,23,14,37
51301,ARAMPAMPA,desnutricion global,sobrepeso (s),2006-07-01,2,2,0,0,2,2,4
30501,ARANI,desnutricion global,sobrepeso (s),2006-07-01,3,2,0,0,3,2,5
30403,ARBIETO,desnutricion global,sobrepeso (s),2006-07-01,11,2,1,4,12,6,18
30601,ARQUE,desnutricion global,sobrepeso (s),2006-07-01,1,3,0,0,1,3,4
50802,ATOCHA,desnutricion global,sobrepeso (s),2006-07-01,4,7,2,2,6,9,15
20502,AYATA,desnutricion global,sobrepeso (s),2006-07-01,3,0,0,0,3,0,3
21303,AYO AYO,desnutricion global,sobrepeso (s),2006-07-01,2,0,0,0,2,0,2
30301,AYOPAYA (V. DE INDEPENDENCIA),desnutricion global,sobrepeso (s),2006-07-01,13,8,0,2,13,10,23
10201,AZURDUY,desnutricion global,sobrepeso (s),2006-07-01,14,7,4,0,18,7,25
21203,BATALLAS,desnutricion global,sobrepeso (s),2006-07-01,4,3,1,0,5,3,8
80802,BAURES,desnutricion global,sobrepeso (s),2006-07-01,13,10,4,6,17,16,33
50104,BELEN DE URMIRI,desnutricion global,sobrepeso (s),2006-07-01,2,4,0,0,2,4,6
90104,BELLA FLOR,desnutricion global,sobrepeso (s),2006-07-01,0,3,0,0,0,3,3
60202,BERMEJO,desnutricion global,sobrepeso (s),2006-07-01,7,12,1,1,8,13,21
50301,BETANZOS,desnutricion global,sobrepeso (s),2006-07-01,14,14,5,2,19,16,35
31501,BOLIVAR,desnutricion global,sobrepeso (s),2006-07-01,2,2,0,0,2,2,4
90103,BOLPEBRA,desnutricion global,sobrepeso (s),2006-07-01,0,1,0,2,0,3,3
70707,BOYUIBE,desnutricion global,sobrepeso (s),2006-07-01,7,9,1,1,8,10,18
70401,BUENA VISTA,desnutricion global,sobrepeso (s),2006-07-01,27,18,3,6,30,24,54
70703,CABEZAS,desnutricion global,sobrepeso (s),2006-07-01,31,35,21,6,52,41,93
20905,CAIROMA,desnutricion global,sobrepeso (s),2006-07-01,5,4,0,1,5,5,10
51102,"CAIZA ""D""",desnutricion global,sobrepeso (s),2006-07-01,8,8,4,0,12,8,20
21003,CAJUATA,desnutricion global,sobrepeso (s),2006-07-01,11,15,3,0,14,15,29
21304,CALAMARCA,desnutricion global,sobrepeso (s),2006-07-01,4,1,0,0,4,1,5
10701,CAMARGO,desnutricion global,sobrepeso (s),2006-07-01,27,13,1,0,28,13,41
10901,CAMATAQUI (C. VILLA ABECIA),desnutricion global,sobrepeso (s),2006-07-01,2,7,1,0,3,7,10
70706,CAMIRI,desnutricion global,sobrepeso (s),2006-07-01,155,87,44,37,199,124,323
30701,CAPINOTA,desnutricion global,sobrepeso (s),2006-07-01,2,2,5,2,7,4,11
20302,CAQUIAVIRI,desnutricion global,sobrepeso (s),2006-07-01,4,8,0,1,4,9,13
40102,CARACOLLO,desnutricion global,sobrepeso (s),2006-07-01,8,4,1,0,9,4,13
22001,CARANAVI,desnutricion global,sobrepeso (s),2006-07-01,99,68,8,3,107,71,178
60302,CARAPARI,desnutricion global,sobrepeso (s),2006-07-01,31,24,7,8,38,32,70
50702,CARIPUYO,desnutricion global,sobrepeso (s),2006-07-01,12,11,3,1,15,12,27
71403,CARMEN RIVERO TORREZ,desnutricion global,sobrepeso (s),2006-07-01,8,11,5,1,13,12,25
21803,CHACARILLA,desnutricion global,sobrepeso (s),2006-07-01,2,0,0,0,2,0,2
40201,CHALLAPATA,desnutricion global,sobrepeso (s),2006-07-01,16,19,1,1,17,20,37
50302,CHAQUI,desnutricion global,sobrepeso (s),2006-07-01,6,1,0,0,6,1,7
70702,CHARAGUA,desnutricion global,sobrepeso (s),2006-07-01,50,34,10,11,60,45,105
20305,CHARAÑA,desnutricion global,sobrepeso (s),2006-07-01,1,0,0,0,1,0,1
50202,CHAYANTA,desnutricion global,sobrepeso (s),2006-07-01,20,22,2,4,22,26,48
31204,CHIMORE,desnutricion global,sobrepeso (s),2006-07-01,4,8,0,0,4,8,12
40903,CHIPAYA,desnutricion global,sobrepeso (s),2006-07-01,2,1,0,0,2,1,3
40302,CHOQUE COTA,desnutricion global,sobrepeso (s),2006-07-01,0,1,0,0,0,1,1
21101,CHULUMANI (V. DE LA LIBERTAD),desnutricion global,sobrepeso (s),2006-07-01,8,4,3,0,11,4,15
20501,CHUMA,desnutricion global,sobrepeso (s),2006-07-01,3,1,1,0,4,1,5
30801,CLIZA,desnutricion global,sobrepeso (s),2006-07-01,17,6,5,1,22,7,29
90101,COBIJA,desnutricion global,sobrepeso (s),2006-07-01,80,73,9,24,89,97,186
30101,COCHABAMBA,desnutricion global,sobrepeso (s),2006-07-01,278,264,67,40,345,304,649
40902,COIPASA,desnutricion global,sobrepeso (s),2006-07-01,1,1,2,0,3,1,4
30905,COLCAPIRHUA,desnutricion global,sobrepeso (s),2006-07-01,30,33,15,4,45,37,82
50901,"COLCHA ""K""",desnutricion global,sobrepeso (s),2006-07-01,2,4,0,0,2,4,6
21307,COLLANA,desnutricion global,sobrepeso (s),2006-07-01,1,0,0,0,1,0,1
31002,COLOMI,desnutricion global,sobrepeso (s),2006-07-01,9,7,1,0,10,7,17
70603,COLPA BELGICA,desnutricion global,sobrepeso (s),2006-07-01,15,8,1,3,16,11,27
50401,COLQUECHACA,desnutricion global,sobrepeso (s),2006-07-01,11,3,1,0,12,3,15
21306,COLQUENCHA,desnutricion global,sobrepeso (s),2006-07-01,9,2,2,1,11,3,14
21004,COLQUIRI,desnutricion global,sobrepeso (s),2006-07-01,7,11,4,3,11,14,25
71301,COMARAPA,desnutricion global,sobrepeso (s),2006-07-01,64,41,11,10,75,51,126
71101,CONCEPCION,desnutricion global,sobrepeso (s),2006-07-01,34,31,8,5,42,36,78
21701,COPACABANA,desnutricion global,sobrepeso (s),2006-07-01,11,7,0,1,11,8,19
21402,CORIPATA,desnutricion global,sobrepeso (s),2006-07-01,5,6,1,0,6,6,12
20301,CORO CORO,desnutricion global,sobrepeso (s),2006-07-01,1,2,0,1,1,3,4
40301,CORQUE,desnutricion global,sobrepeso (s),2006-07-01,2,2,0,1,2,3,5
50601,COTAGAITA,desnutricion global,sobrepeso (s),2006-07-01,11,8,3,0,14,8,22
70102,COTOCA,desnutricion global,sobrepeso (s),2006-07-01,76,29,4,3,80,32,112
71106,CUATRO CAÑADAS,desnutricion global,sobrepeso (s),2006-07-01,22,8,2,0,24,8,32
31405,CUCHUMUELA (V. G. VILLARROEL),desnutricion global,sobrepeso (s),2006-07-01,0,1,0,0,0,1,1
70704,CUEVO,desnutricion global,sobrepeso (s),2006-07-01,7,6,1,2,8,8,16
10902,CULPINA,desnutricion global,sobrepeso (s),2006-07-01,23,13,7,9,30,22,52
40401,CURAHUARA DE CARANGAS,desnutricion global,sobrepeso (s),2006-07-01,6,4,2,0,8,4,12
21602,CURVA,desnutricion global,sobrepeso (s),2006-07-01,1,3,0,0,1,3,4
20105,EL ALTO,desnutricion global,sobrepeso (s),2006-07-01,436,421,92,84,528,505,1033
40103,EL CHORO,desnutricion global,sobrepeso (s),2006-07-01,3,1,1,1,4,2,6
71503,EL PUENTE(STC),desnutricion global,sobrepeso (s),2006-07-01,21,11,4,1,25,12,37
60502,EL PUENTE(TJA),desnutricion global,sobrepeso (s),2006-07-01,5,8,5,2,10,10,20
70105,EL TORNO,desnutricion global,sobrepeso (s),2006-07-01,54,30,13,8,67,38,105
10405,EL VILLAR,desnutricion global,sobrepeso (s),2006-07-01,8,1,2,1,10,2,12
60601,ENTRE RIOS,desnutricion global,sobrepeso (s),2006-07-01,26,25,2,5,28,30,58
60601,ENTRE RIOS,desnutricion global,sobrepeso (s),2006-07-01,44,30,7,6,51,36,87
41101,EUCALIPTUS,desnutricion global,sobrepeso (s),2006-07-01,9,1,2,3,11,4,15
90503,EUREKA (SANTOS MERCADO),desnutricion global,sobrepeso (s),2006-07-01,1,1,0,0,1,1,2
80402,EXALTACION,desnutricion global,sobrepeso (s),2006-07-01,7,3,3,0,10,3,13
71004,FERNANDEZ ALONSO,desnutricion global,sobrepeso (s),2006-07-01,17,10,2,5,19,15,34
90203,FILADELFIA,desnutricion global,sobrepeso (s),2006-07-01,6,6,3,1,9,7,16
71002,GENERAL SAAVEDRA,desnutricion global,sobrepeso (s),2006-07-01,28,19,13,11,41,30,71
21601,GRAL. J.J. PEREZ (CHARAZANI),desnutricion global,sobrepeso (s),2006-07-01,15,13,2,0,17,13,30
20602,GUANAY,desnutricion global,sobrepeso (s),2006-07-01,17,16,2,4,19,20,39
20802,GUAQUI,desnutricion global,sobrepeso (s),2006-07-01,5,5,0,0,5,5,10
80202,GUAYARAMERIN,desnutricion global,sobrepeso (s),2006-07-01,115,103,15,14,130,117,247
70705,GUTIERREZ,desnutricion global,sobrepeso (s),2006-07-01,30,22,8,11,38,33,71
10502,HUACARETA,desnutricion global,sobrepeso (s),2006-07-01,13,13,3,1,16,14,30
11002,HUACAYA (VILLA DE HUACAYA),desnutricion global,sobrepeso (s),2006-07-01,6,12,0,1,6,13,19
40701,HUANUNI,desnutricion global,sobrepeso (s),2006-07-01,23,26,2,9,25,35,60
80803,HUARACAJE,desnutricion global,sobrepeso (s),2006-07-01,6,1,3,1,9,2,11
21005,ICHOCA,desnutricion global,sobrepeso (s),2006-07-01,3,0,0,0,3,0,3
10304,ICLA,desnutricion global,sobrepeso (s),2006-07-01,10,1,2,0,12,1,13
10703,INCAHUASI,desnutricion global,sobrepeso (s),2006-07-01,15,10,0,0,15,10,25
21001,INQUISIVI,desnutricion global,sobrepeso (s),2006-07-01,13,10,4,1,17,11,28
21102,IRUPANA (VILLA DE LANZA),desnutricion global,sobrepeso (s),2006-07-01,6,8,3,3,9,11,20
21501,IXIAMAS,desnutricion global,sobrepeso (s),2006-07-01,11,17,4,5,15,22,37
20806,JESUS DE MACHACA,desnutricion global,sobrepeso (s),2006-07-01,3,3,0,2,3,5,8
21105,LA ASUNTA,desnutricion global,sobrepeso (s),2006-07-01,37,21,0,0,37,21,58
70104,LA GUARDIA,desnutricion global,sobrepeso (s),2006-07-01,93,64,31,34,124,98,222
20101,LA PAZ,desnutricion global,sobrepeso (s),2006-07-01,389,392,132,149,521,541,1062
70701,LAGUNILLAS,desnutricion global,sobrepeso (s),2006-07-01,10,5,8,4,18,9,27
21202,LAJA,desnutricion global,sobrepeso (s),2006-07-01,7,9,1,0,8,9,17
10903,LAS CARRERAS,desnutricion global,sobrepeso (s),2006-07-01,4,3,0,0,4,3,7
50203,LLALLAGUA,desnutricion global,sobrepeso (s),2006-07-01,82,76,32,35,114,111,225
51401,LLICA,desnutricion global,sobrepeso (s),2006-07-01,4,4,0,0,4,4,8
80601,LORETO,desnutricion global,sobrepeso (s),2006-07-01,2,1,2,4,4,5,9
20901,LURIBAY,desnutricion global,sobrepeso (s),2006-07-01,11,8,3,0,14,8,22
40702,MACHACAMARCA,desnutricion global,sobrepeso (s),2006-07-01,2,5,0,0,2,5,7
11003,MACHARETI,desnutricion global,sobrepeso (s),2006-07-01,17,21,10,11,27,32,59
80801,MAGDALENA,desnutricion global,sobrepeso (s),2006-07-01,15,12,1,2,16,14,30
70903,MAIRANA,desnutricion global,sobrepeso (s),2006-07-01,16,18,2,0,18,18,36
20904,MALLA,desnutricion global,sobrepeso (s),2006-07-01,0,1,0,0,0,1,1
20607,MAPIRI,desnutricion global,sobrepeso (s),2006-07-01,14,17,2,2,16,19,35
20103,MECAPACA,desnutricion global,sobrepeso (s),2006-07-01,8,5,0,1,8,6,14
71003,MINEROS,desnutricion global,sobrepeso (s),2006-07-01,47,31,11,8,58,39,97
31301,MIZQUE,desnutricion global,sobrepeso (s),2006-07-01,29,19,9,6,38,25,63
20402,MOCOMOCO,desnutricion global,sobrepeso (s),2006-07-01,6,6,0,1,6,7,13
10303,MOJOCOYA,desnutricion global,sobrepeso (s),2006-07-01,10,8,3,0,13,8,21
10501,MONTEAGUDO,desnutricion global,sobrepeso (s),2006-07-01,64,63,18,11,82,74,156
71001,MONTERO,desnutricion global,sobrepeso (s),2006-07-01,327,235,111,101,438,336,774
70803,MORO MORO,desnutricion global,sobrepeso (s),2006-07-01,2,2,0,0,2,2,4
30302,MOROCHATA,desnutricion global,sobrepeso (s),2006-07-01,6,1,0,1,6,2,8
50404,OCURI,desnutricion global,sobrepeso (s),2006-07-01,5,4,3,0,8,4,12
70202,OKINAWA,desnutricion global,sobrepeso (s),2006-07-01,8,2,1,5,9,7,16
30203,OMEREQUE,desnutricion global,sobrepeso (s),2006-07-01,4,3,0,0,4,3,7
40101,ORURO,desnutricion global,sobrepeso (s),2006-07-01,174,156,35,29,209,185,394
60201,PADCAYA,desnutricion global,sobrepeso (s),2006-07-01,22,13,6,6,28,19,47
10401,PADILLA,desnutricion global,sobrepeso (s),2006-07-01,19,13,7,4,26,17,43
20102,PALCA,desnutricion global,sobrepeso (s),2006-07-01,5,3,1,2,6,5,11
21104,PALOS BLANCOS,desnutricion global,sobrepeso (s),2006-07-01,37,24,6,7,43,31,74
40802,PAMPA AULLAGAS,desnutricion global,sobrepeso (s),2006-07-01,4,9,0,0,4,9,13
70902,PAMPA GRANDE,desnutricion global,sobrepeso (s),2006-07-01,10,10,9,0,19,10,29
21802,PAPEL PAMPA,desnutricion global,sobrepeso (s),2006-07-01,1,2,0,1,1,3,4
30202,PASORAPA,desnutricion global,sobrepeso (s),2006-07-01,5,4,0,0,5,4,9
21305,PATACAMAYA,desnutricion global,sobrepeso (s),2006-07-01,11,13,3,1,14,14,28
40602,PAZÑA,desnutricion global,sobrepeso (s),2006-07-01,4,5,0,1,4,6,10
20702,PELECHUCO,desnutricion global,sobrepeso (s),2006-07-01,1,1,0,1,1,2,3
50403,POCOATA,desnutricion global,sobrepeso (s),2006-07-01,12,8,1,1,13,9,22
31203,POCONA,desnutricion global,sobrepeso (s),2006-07-01,5,8,1,2,6,10,16
31202,POJO (CBBA),desnutricion global,sobrepeso (s),2006-07-01,21,21,2,1,23,22,45
40601,POOPO,desnutricion global,sobrepeso (s),2006-07-01,0,3,0,0,0,3,3
51203,PORCO,desnutricion global,sobrepeso (s),2006-07-01,4,2,0,0,4,2,6
10103,POROMA,desnutricion global,sobrepeso (s),2006-07-01,27,23,15,5,42,28,70
70103,PORONGO,desnutricion global,sobrepeso (s),2006-07-01,4,2,0,0,4,2,6
70601,PORTACHUELO,desnutricion global,sobrepeso (s),2006-07-01,99,70,30,28,129,98,227
90102,PORVENIR,desnutricion global,sobrepeso (s),2006-07-01,7,8,0,1,7,9,16
70804,POSTRER VALLE,desnutricion global,sobrepeso (s),2006-07-01,1,2,4,2,5,4,9
50101,POTOSI,desnutricion global,sobrepeso (s),2006-07-01,113,72,5,7,118,79,197
10302,PRESTO,desnutricion global,sobrepeso (s),2006-07-01,5,3,2,1,7,4,11
70805,PUCARA,desnutricion global,sobrepeso (s),2006-07-01,1,0,0,0,1,0,1
21201,PUCARANI,desnutricion global,sobrepeso (s),2006-07-01,20,14,2,1,22,15,37
20401,PUERTO ACOSTA,desnutricion global,sobrepeso (s),2006-07-01,14,7,1,2,15,9,24
20403,PUERTO CARABUCO,desnutricion global,sobrepeso (s),2006-07-01,10,5,0,0,10,5,15
90301,PUERTO GONZALO MORENO,desnutricion global,sobrepeso (s),2006-07-01,0,2,0,0,0,2,2
21204,PUERTO PEREZ,desnutricion global,sobrepeso (s),2006-07-01,2,3,0,0,2,3,5
71402,PUERTO QUIJARRO,desnutricion global,sobrepeso (s),2006-07-01,34,28,2,2,36,30,66
90201,PUERTO RICO,desnutricion global,sobrepeso (s),2006-07-01,18,18,2,1,20,19,39
80703,PUERTO SILES,desnutricion global,sobrepeso (s),2006-07-01,1,7,1,3,2,10,12
71401,PUERTO SUAREZ,desnutricion global,sobrepeso (s),2006-07-01,39,31,20,18,59,49,108
31205,PUERTO VILLARROEL,desnutricion global,sobrepeso (s),2006-07-01,51,28,6,11,57,39,96
51101,PUNA,desnutricion global,sobrepeso (s),2006-07-01,24,10,5,4,29,14,43
31401,PUNATA,desnutricion global,sobrepeso (s),2006-07-01,10,7,5,3,15,10,25
20604,QUIABAYA,desnutricion global,sobrepeso (s),2006-07-01,2,1,0,0,2,1,3
30901,QUILLACOLLO,desnutricion global,sobrepeso (s),2006-07-01,79,102,14,46,93,148,241
21002,QUIME,desnutricion global,sobrepeso (s),2006-07-01,1,4,1,0,2,4,6
70904,QUIRUSILLAS,desnutricion global,sobrepeso (s),2006-07-01,15,9,4,0,19,9,28
50402,RAVELO,desnutricion global,sobrepeso (s),2006-07-01,9,5,0,0,9,5,14
80301,REYES,desnutricion global,sobrepeso (s),2006-07-01,20,20,5,2,25,22,47
80201,RIBERALTA,desnutricion global,sobrepeso (s),2006-07-01,78,26,15,2,93,28,121
80304,RURRENABAQUE,desnutricion global,sobrepeso (s),2006-07-01,20,17,3,3,23,20,43
40901,SABAYA,desnutricion global,sobrepeso (s),2006-07-01,2,2,0,0,2,2,4
31001,SACABA,desnutricion global,sobrepeso (s),2006-07-01,42,20,4,2,46,22,68
30404,SACABAMBA,desnutricion global,sobrepeso (s),2006-07-01,2,0,0,0,2,0,2
50701,SACACA,desnutricion global,sobrepeso (s),2006-07-01,6,2,4,6,10,8,18
71302,SAIPINA,desnutricion global,sobrepeso (s),2006-07-01,47,35,21,22,68,57,125
40801,SALINAS DE GARCI MENDOZA,desnutricion global,sobrepeso (s),2006-07-01,15,11,1,1,16,12,28
70901,SAMAIPATA,desnutricion global,sobrepeso (s),2006-07-01,11,10,2,1,13,11,24
51601,SAN AGUSTIN,desnutricion global,sobrepeso (s),2006-07-01,0,0,0,2,0,2,2
80602,SAN ANDRES,desnutricion global,sobrepeso (s),2006-07-01,19,14,3,2,22,16,38
20805,SAN ANDRES DE MACHACA,desnutricion global,sobrepeso (s),2006-07-01,0,0,2,2,2,2,4
51003,SAN ANTONIO DE ESMORUCO,desnutricion global,sobrepeso (s),2006-07-01,3,3,0,0,3,3,6
71105,SAN ANTONIO DE LOMERIO,desnutricion global,sobrepeso (s),2006-07-01,19,11,0,4,19,15,34
31403,SAN BENITO,desnutricion global,sobrepeso (s),2006-07-01,4,3,0,0,4,3,7
80302,SAN BORJA,desnutricion global,sobrepeso (s),2006-07-01,49,35,8,10,57,45,102
21502,SAN BUENA VENTURA,desnutricion global,sobrepeso (s),2006-07-01,5,9,1,3,6,12,18
70402,SAN CARLOS,desnutricion global,sobrepeso (s),2006-07-01,40,37,4,3,44,40,84
80501,SAN IGNACIO,desnutricion global,sobrepeso (s),2006-07-01,23,16,8,4,31,20,51
70301,SAN IGNACIO DE VELASCO,desnutricion global,sobrepeso (s),2006-07-01,97,41,14,10,111,51,162
80102,SAN JAVIER(BNI),desnutricion global,sobrepeso (s),2006-07-01,13,10,2,1,15,11,26
80701,SAN JOAQUIN,desnutricion global,sobrepeso (s),2006-07-01,5,7,6,4,11,11,22
70404,SAN JUAN DE YAPACANI,desnutricion global,sobrepeso (s),2006-07-01,28,15,19,8,47,23,70
71104,SAN JULIAN,desnutricion global,sobrepeso (s),2006-07-01,32,32,29,17,61,49,110
60501,SAN LORENZO(TJA),desnutricion global,sobrepeso (s),2006-07-01,14,9,3,3,17,12,29
10702,SAN LUCAS,desnutricion global,sobrepeso (s),2006-07-01,10,11,0,6,10,17,27
71201,SAN MATIAS,desnutricion global,sobrepeso (s),2006-07-01,33,15,9,5,42,20,62
70302,SAN MIGUEL DE VELASCO,desnutricion global,sobrepeso (s),2006-07-01,19,19,2,2,21,21,42
51001,SAN PABLO DE LIPEZ,desnutricion global,sobrepeso (s),2006-07-01,1,0,0,0,1,0,1
71005,SAN PEDRO,desnutricion global,sobrepeso (s),2006-07-01,60,35,9,2,69,37,106
50501,SAN PEDRO DE BUENA VISTA,desnutricion global,sobrepeso (s),2006-07-01,13,4,0,0,13,4,17
21801,SAN PEDRO DE CURAHUARA,desnutricion global,sobrepeso (s),2006-07-01,0,0,2,0,2,0,2
50902,SAN PEDRO DE QUEMES,desnutricion global,sobrepeso (s),2006-07-01,3,0,1,0,4,0,4
21702,SAN PEDRO DE TIQUINA,desnutricion global,sobrepeso (s),2006-07-01,3,2,1,0,4,2,6
70303,SAN RAFAEL,desnutricion global,sobrepeso (s),2006-07-01,2,5,0,0,2,5,7
80702,SAN RAMON,desnutricion global,sobrepeso (s),2006-07-01,23,9,3,2,26,11,37
80401,SANTA ANA,desnutricion global,sobrepeso (s),2006-07-01,253,37,18,8,271,45,316
70101,SANTA CRUZ DE LA SIERRA,desnutricion global,sobrepeso (s),2006-07-01,1448,1171,370,344,1818,1515,3333
80303,SANTA ROSA,desnutricion global,sobrepeso (s),2006-07-01,23,22,5,1,28,23,51
70602,SANTA ROSA DEL SARA,desnutricion global,sobrepeso (s),2006-07-01,24,15,8,8,32,23,55
20308,SANTIAGO DE CALLAPA,desnutricion global,sobrepeso (s),2006-07-01,0,0,3,0,3,0,3
41401,SANTIAGO DE HUARI,desnutricion global,sobrepeso (s),2006-07-01,2,4,2,3,4,7,11
21901,SANTIAGO DE MACHACA,desnutricion global,sobrepeso (s),2006-07-01,1,1,0,0,1,1,2
30702,SANTIVAÑES,desnutricion global,sobrepeso (s),2006-07-01,2,2,0,0,2,2,4
40202,SANTUARIO DE QUILLACAS,desnutricion global,sobrepeso (s),2006-07-01,1,2,1,0,2,2,4
20902,SAPAHAQUI,desnutricion global,sobrepeso (s),2006-07-01,8,2,1,0,9,2,11
21301,SICA SICA (VILLA AROMA),desnutricion global,sobrepeso (s),2006-07-01,9,9,0,2,9,11,20
30703,SICAYA,desnutricion global,sobrepeso (s),2006-07-01,2,1,0,0,2,1,3
30902,SIPE SIPE,desnutricion global,sobrepeso (s),2006-07-01,27,41,5,6,32,47,79
10403,SOPACHUY,desnutricion global,sobrepeso (s),2006-07-01,5,8,0,0,5,8,13
40104,SORACACHI,desnutricion global,sobrepeso (s),2006-07-01,6,3,0,0,6,3,9
20601,SORATA,desnutricion global,sobrepeso (s),2006-07-01,13,14,4,3,17,17,34
10101,SUCRE,desnutricion global,sobrepeso (s),2006-07-01,174,160,42,42,216,202,418
31404,TACACHI,desnutricion global,sobrepeso (s),2006-07-01,3,0,0,0,3,0,3
20603,TACACOMA,desnutricion global,sobrepeso (s),2006-07-01,6,4,0,0,6,4,10
50303,TACOBAMBA,desnutricion global,sobrepeso (s),2006-07-01,6,5,2,0,8,5,13
30602,TACOPAYA,desnutricion global,sobrepeso (s),2006-07-01,1,0,0,0,1,0,1
51402,TAHUA,desnutricion global,sobrepeso (s),2006-07-01,1,0,1,0,2,0,2
31101,TAPACARI,desnutricion global,sobrepeso (s),2006-07-01,3,0,1,1,4,1,5
10601,TARABUCO,desnutricion global,sobrepeso (s),2006-07-01,15,8,3,5,18,13,31
30401,TARATA,desnutricion global,sobrepeso (s),2006-07-01,4,7,1,1,5,8,13
60101,TARIJA,desnutricion global,sobrepeso (s),2006-07-01,290,288,70,63,360,351,711
10202,TARVITA,desnutricion global,sobrepeso (s),2006-07-01,6,0,3,0,9,0,9
20608,TEOPONTE,desnutricion global,sobrepeso (s),2006-07-01,11,13,4,6,15,19,34
20803,TIAWANACU,desnutricion global,sobrepeso (s),2006-07-01,9,10,4,5,13,15,28
50102,TINGUIPAYA,desnutricion global,sobrepeso (s),2006-07-01,16,16,23,27,39,43,82
20606,TIPUANI,desnutricion global,sobrepeso (s),2006-07-01,10,8,0,1,10,9,19
30903,TIQUIPAYA,desnutricion global,sobrepeso (s),2006-07-01,10,6,3,2,13,8,21
31601,TIRAQUE (CBBA),desnutricion global,sobrepeso (s),2006-07-01,58,70,7,9,65,79,144
21703,TITO YUPANQUI (PARQUIPUJIO),desnutricion global,sobrepeso (s),2006-07-01,1,1,1,0,2,1,3
30802,TOCO,desnutricion global,sobrepeso (s),2006-07-01,2,2,1,0,3,2,5
51202,TOMAVE,desnutricion global,sobrepeso (s),2006-07-01,4,1,2,0,6,1,7
10402,TOMINA,desnutricion global,sobrepeso (s),2006-07-01,4,9,0,0,4,9,13
50502,TORO TORO,desnutricion global,sobrepeso (s),2006-07-01,2,6,0,0,2,6,8
31201,TOTORA(CBBA),desnutricion global,sobrepeso (s),2006-07-01,6,6,0,0,6,6,12
41301,TOTORA(ORR),desnutricion global,sobrepeso (s),2006-07-01,2,0,0,1,2,1,3
70802,TRIGAL,desnutricion global,sobrepeso (s),2006-07-01,0,1,1,0,1,1,2
80101,TRINIDAD,desnutricion global,sobrepeso (s),2006-07-01,195,124,36,35,231,159,390
50801,TUPIZA,desnutricion global,sobrepeso (s),2006-07-01,46,27,18,7,64,34,98
40402,TURCO,desnutricion global,sobrepeso (s),2006-07-01,6,0,1,0,7,0,7
21302,UMALA,desnutricion global,sobrepeso (s),2006-07-01,2,2,0,0,2,2,4
50201,UNCIA,desnutricion global,sobrepeso (s),2006-07-01,13,19,10,11,23,30,53
60401,URIONDO (A. CONCEPCION),desnutricion global,sobrepeso (s),2006-07-01,17,13,3,7,20,20,40
71502,URUBICHA,desnutricion global,sobrepeso (s),2006-07-01,0,0,1,2,1,2,3
51201,UYUNI,desnutricion global,sobrepeso (s),2006-07-01,35,20,3,1,38,21,59
70801,VALLEGRANDE,desnutricion global,sobrepeso (s),2006-07-01,27,26,2,4,29,30,59
20801,VIACHA,desnutricion global,sobrepeso (s),2006-07-01,38,36,4,3,42,39,81
31302,VILA VILA,desnutricion global,sobrepeso (s),2006-07-01,2,5,0,0,2,5,7
60303,VILLA MONTES,desnutricion global,sobrepeso (s),2006-07-01,40,17,3,8,43,25,68
90502,VILLA NUEVA (LOMA ALTA),desnutricion global,sobrepeso (s),2006-07-01,1,1,0,1,1,2,3
31402,VILLA RIVERO,desnutricion global,sobrepeso (s),2006-07-01,6,6,0,1,6,7,13
10801,VILLA SERRANO,desnutricion global,sobrepeso (s),2006-07-01,10,8,2,3,12,11,23
31003,VILLA TUNARI,desnutricion global,sobrepeso (s),2006-07-01,80,66,14,12,94,78,172
11001,VILLA VACA GUZMAN (MUYUPAMPA),desnutricion global,sobrepeso (s),2006-07-01,13,15,4,2,17,17,34
51501,VILLAZON,desnutricion global,sobrepeso (s),2006-07-01,33,43,4,8,37,51,88
30904,VINTO,desnutricion global,sobrepeso (s),2006-07-01,22,18,1,1,23,19,42
50602,VITICHI,desnutricion global,sobrepeso (s),2006-07-01,3,3,0,1,3,4,7
70201,WARNES,desnutricion global,sobrepeso (s),2006-07-01,150,105,42,19,192,124,316
20903,YACO,desnutricion global,sobrepeso (s),2006-07-01,4,1,1,1,5,2,7
60301,YACUIBA,desnutricion global,sobrepeso (s),2006-07-01,49,60,12,12,61,72,133
10602,YAMPARAEZ,desnutricion global,sobrepeso (s),2006-07-01,9,12,1,1,10,13,23
21103,YANACACHI,desnutricion global,sobrepeso (s),2006-07-01,1,0,2,1,3,1,4
70403,YAPACANI,desnutricion global,sobrepeso (s),2006-07-01,56,73,10,5,66,78,144
50103,YOCALLA,desnutricion global,sobrepeso (s),2006-07-01,3,0,1,0,4,0,4
10102,YOTALA,desnutricion global,sobrepeso (s),2006-07-01,10,17,4,7,14,24,38
60402,YUNCHARA,desnutricion global,sobrepeso (s),2006-07-01,0,1,0,0,0,1,1
10301,ZUDAÑEZ,desnutricion global,sobrepeso (s),2006-07-01,7,6,2,0,9,6,15
51302,ACACIO,desnutricion global,sobrepeso (s),2006-08-01,4,7,1,2,5,9,14
20201,ACHACACHI,desnutricion global,sobrepeso (s),2006-08-01,5,15,4,4,9,19,28
20104,ACHOCALLA,desnutricion global,sobrepeso (s),2006-08-01,6,2,0,0,6,2,8
30201,AIQUILE,desnutricion global,sobrepeso (s),2006-08-01,7,3,2,4,9,7,16
10404,ALCALA,desnutricion global,sobrepeso (s),2006-08-01,5,4,0,0,5,4,9
20202,ANCORAIMES,desnutricion global,sobrepeso (s),2006-08-01,1,0,1,0,2,0,2
41201,ANDAMARCA,desnutricion global,sobrepeso (s),2006-08-01,3,0,0,0,3,0,3
40603,ANTEQUERA,desnutricion global,sobrepeso (s),2006-08-01,1,4,0,0,1,4,5
30402,ANZALDO,desnutricion global,sobrepeso (s),2006-08-01,2,6,5,1,7,7,14
20701,APOLO,desnutricion global,sobrepeso (s),2006-08-01,18,10,1,0,19,10,29
51301,ARAMPAMPA,desnutricion global,sobrepeso (s),2006-08-01,3,3,1,2,4,5,9
30501,ARANI,desnutricion global,sobrepeso (s),2006-08-01,2,0,0,0,2,0,2
30403,ARBIETO,desnutricion global,sobrepeso (s),2006-08-01,8,2,1,2,9,4,13
30601,ARQUE,desnutricion global,sobrepeso (s),2006-08-01,1,1,0,0,1,1,2
71501,ASCENCION DE GUARAYOS,desnutricion global,sobrepeso (s),2006-08-01,34,22,15,10,49,32,81
50802,ATOCHA,desnutricion global,sobrepeso (s),2006-08-01,2,4,3,2,5,6,11
20503,AUCAPATA,desnutricion global,sobrepeso (s),2006-08-01,2,0,0,0,2,0,2
20502,AYATA,desnutricion global,sobrepeso (s),2006-08-01,11,0,0,0,11,0,11
30301,AYOPAYA (V. DE INDEPENDENCIA),desnutricion global,sobrepeso (s),2006-08-01,19,12,0,2,19,14,33
10201,AZURDUY,desnutricion global,sobrepeso (s),2006-08-01,10,5,4,2,14,7,21
21203,BATALLAS,desnutricion global,sobrepeso (s),2006-08-01,6,7,0,0,6,7,13
80802,BAURES,desnutricion global,sobrepeso (s),2006-08-01,19,16,0,4,19,20,39
41202,BELEN DE ANDAMARCA,desnutricion global,sobrepeso (s),2006-08-01,1,0,0,0,1,0,1
50104,BELEN DE URMIRI,desnutricion global,sobrepeso (s),2006-08-01,1,0,0,0,1,0,1
90104,BELLA FLOR,desnutricion global,sobrepeso (s),2006-08-01,3,2,1,2,4,4,8
60202,BERMEJO,desnutricion global,sobrepeso (s),2006-08-01,16,15,0,0,16,15,31
50301,BETANZOS,desnutricion global,sobrepeso (s),2006-08-01,20,10,1,0,21,10,31
31501,BOLIVAR,desnutricion global,sobrepeso (s),2006-08-01,16,12,14,11,30,23,53
70707,BOYUIBE,desnutricion global,sobrepeso (s),2006-08-01,10,4,2,3,12,7,19
70401,BUENA VISTA,desnutricion global,sobrepeso (s),2006-08-01,28,12,4,4,32,16,48
70703,CABEZAS,desnutricion global,sobrepeso (s),2006-08-01,48,28,16,10,64,38,102
20905,CAIROMA,desnutricion global,sobrepeso (s),2006-08-01,3,5,0,1,3,6,9
51102,"CAIZA ""D""",desnutricion global,sobrepeso (s),2006-08-01,6,12,1,1,7,13,20
21003,CAJUATA,desnutricion global,sobrepeso (s),2006-08-01,12,6,3,0,15,6,21
21304,CALAMARCA,desnutricion global,sobrepeso (s),2006-08-01,3,1,2,0,5,1,6
10701,CAMARGO,desnutricion global,sobrepeso (s),2006-08-01,29,15,2,4,31,19,50
10901,CAMATAQUI (C. VILLA ABECIA),desnutricion global,sobrepeso (s),2006-08-01,7,4,2,3,9,7,16
70706,CAMIRI,desnutricion global,sobrepeso (s),2006-08-01,134,112,50,53,184,165,349
30701,CAPINOTA,desnutricion global,sobrepeso (s),2006-08-01,2,3,0,2,2,5,7
20302,CAQUIAVIRI,desnutricion global,sobrepeso (s),2006-08-01,13,14,2,2,15,16,31
40102,CARACOLLO,desnutricion global,sobrepeso (s),2006-08-01,11,14,5,2,16,16,32
22001,CARANAVI,desnutricion global,sobrepeso (s),2006-08-01,118,92,12,8,130,100,230
41503,CARANGAS,desnutricion global,sobrepeso (s),2006-08-01,1,0,0,0,1,0,1
60302,CARAPARI,desnutricion global,sobrepeso (s),2006-08-01,32,29,7,9,39,38,77
50702,CARIPUYO,desnutricion global,sobrepeso (s),2006-08-01,21,15,7,5,28,20,48
71403,CARMEN RIVERO TORREZ,desnutricion global,sobrepeso (s),2006-08-01,11,10,8,8,19,18,37
21803,CHACARILLA,desnutricion global,sobrepeso (s),2006-08-01,1,0,0,0,1,0,1
40201,CHALLAPATA,desnutricion global,sobrepeso (s),2006-08-01,17,38,5,3,22,41,63
50302,CHAQUI,desnutricion global,sobrepeso (s),2006-08-01,5,4,0,0,5,4,9
70702,CHARAGUA,desnutricion global,sobrepeso (s),2006-08-01,51,37,9,13,60,50,110
50202,CHAYANTA,desnutricion global,sobrepeso (s),2006-08-01,10,8,3,0,13,8,21
31204,CHIMORE,desnutricion global,sobrepeso (s),2006-08-01,6,12,0,1,6,13,19
40903,CHIPAYA,desnutricion global,sobrepeso (s),2006-08-01,0,1,0,1,0,2,2
21101,CHULUMANI (V. DE LA LIBERTAD),desnutricion global,sobrepeso (s),2006-08-01,5,2,0,1,5,3,8
20501,CHUMA,desnutricion global,sobrepeso (s),2006-08-01,7,3,1,0,8,3,11
30801,CLIZA,desnutricion global,sobrepeso (s),2006-08-01,31,10,5,5,36,15,51
90101,COBIJA,desnutricion global,sobrepeso (s),2006-08-01,73,98,7,14,80,112,192
30101,COCHABAMBA,desnutricion global,sobrepeso (s),2006-08-01,362,327,76,71,438,398,836
40902,COIPASA,desnutricion global,sobrepeso (s),2006-08-01,0,1,0,0,0,1,1
30905,COLCAPIRHUA,desnutricion global,sobrepeso (s),2006-08-01,31,36,6,16,37,52,89
50901,"COLCHA ""K""",desnutricion global,sobrepeso (s),2006-08-01,8,11,0,0,8,11,19
21307,COLLANA,desnutricion global,sobrepeso (s),2006-08-01,2,1,1,1,3,2,5
31002,COLOMI,desnutricion global,sobrepeso (s),2006-08-01,11,5,1,1,12,6,18
70603,COLPA BELGICA,desnutricion global,sobrepeso (s),2006-08-01,11,10,3,5,14,15,29
50401,COLQUECHACA,desnutricion global,sobrepeso (s),2006-08-01,6,3,0,1,6,4,10
21306,COLQUENCHA,desnutricion global,sobrepeso (s),2006-08-01,5,3,3,1,8,4,12
21004,COLQUIRI,desnutricion global,sobrepeso (s),2006-08-01,5,9,0,0,5,9,14
71301,COMARAPA,desnutricion global,sobrepeso (s),2006-08-01,68,52,19,17,87,69,156
71101,CONCEPCION,desnutricion global,sobrepeso (s),2006-08-01,7,2,2,2,9,4,13
21701,COPACABANA,desnutricion global,sobrepeso (s),2006-08-01,14,10,1,1,15,11,26
21402,CORIPATA,desnutricion global,sobrepeso (s),2006-08-01,21,13,5,1,26,14,40
20301,CORO CORO,desnutricion global,sobrepeso (s),2006-08-01,2,1,1,0,3,1,4
21401,COROICO,desnutricion global,sobrepeso (s),2006-08-01,1,0,0,0,1,0,1
40301,CORQUE,desnutricion global,sobrepeso (s),2006-08-01,4,4,3,1,7,5,12
50601,COTAGAITA,desnutricion global,sobrepeso (s),2006-08-01,10,11,1,1,11,12,23
70102,COTOCA,desnutricion global,sobrepeso (s),2006-08-01,43,20,9,1,52,21,73
71106,CUATRO CAÑADAS,desnutricion global,sobrepeso (s),2006-08-01,26,14,4,1,30,15,45
70704,CUEVO,desnutricion global,sobrepeso (s),2006-08-01,4,4,0,1,4,5,9
10902,CULPINA,desnutricion global,sobrepeso (s),2006-08-01,21,12,2,5,23,17,40
40401,CURAHUARA DE CARANGAS,desnutricion global,sobrepeso (s),2006-08-01,2,5,0,1,2,6,8
21602,CURVA,desnutricion global,sobrepeso (s),2006-08-01,4,4,0,0,4,4,8
20804,DESAGUADERO,desnutricion global,sobrepeso (s),2006-08-01,4,5,6,2,10,7,17
20105,EL ALTO,desnutricion global,sobrepeso (s),2006-08-01,516,463,107,108,623,571,1194
40103,EL CHORO,desnutricion global,sobrepeso (s),2006-08-01,1,4,0,0,1,4,5
71503,EL PUENTE(STC),desnutricion global,sobrepeso (s),2006-08-01,8,2,1,0,9,2,11
60502,EL PUENTE(TJA),desnutricion global,sobrepeso (s),2006-08-01,8,7,0,1,8,8,16
70105,EL TORNO,desnutricion global,sobrepeso (s),2006-08-01,67,57,12,9,79,66,145
10405,EL VILLAR,desnutricion global,sobrepeso (s),2006-08-01,4,1,2,1,6,2,8
60601,ENTRE RIOS,desnutricion global,sobrepeso (s),2006-08-01,103,85,6,5,109,90,199
60601,ENTRE RIOS,desnutricion global,sobrepeso (s),2006-08-01,33,36,7,8,40,44,84
41101,EUCALIPTUS,desnutricion global,sobrepeso (s),2006-08-01,8,10,2,1,10,11,21
80402,EXALTACION,desnutricion global,sobrepeso (s),2006-08-01,8,4,5,5,13,9,22
71004,FERNANDEZ ALONSO,desnutricion global,sobrepeso (s),2006-08-01,25,15,1,3,26,18,44
90203,FILADELFIA,desnutricion global,sobrepeso (s),2006-08-01,4,3,0,0,4,3,7
71002,GENERAL SAAVEDRA,desnutricion global,sobrepeso (s),2006-08-01,35,37,12,9,47,46,93
21601,GRAL. J.J. PEREZ (CHARAZANI),desnutricion global,sobrepeso (s),2006-08-01,14,16,3,0,17,16,33
20602,GUANAY,desnutricion global,sobrepeso (s),2006-08-01,16,19,6,9,22,28,50
20802,GUAQUI,desnutricion global,sobrepeso (s),2006-08-01,1,5,0,0,1,5,6
80202,GUAYARAMERIN,desnutricion global,sobrepeso (s),2006-08-01,110,104,6,10,116,114,230
70705,GUTIERREZ,desnutricion global,sobrepeso (s),2006-08-01,18,19,6,6,24,25,49
10502,HUACARETA,desnutricion global,sobrepeso (s),2006-08-01,25,16,4,7,29,23,52
11002,HUACAYA (VILLA DE HUACAYA),desnutricion global,sobrepeso (s),2006-08-01,9,5,1,1,10,6,16
40701,HUANUNI,desnutricion global,sobrepeso (s),2006-08-01,35,30,0,0,35,30,65
80803,HUARACAJE,desnutricion global,sobrepeso (s),2006-08-01,12,4,3,1,15,5,20
41601,HUAYLLAMARCA,desnutricion global,sobrepeso (s),2006-08-01,1,1,0,0,1,1,2
21005,ICHOCA,desnutricion global,sobrepeso (s),2006-08-01,2,3,1,0,3,3,6
10304,ICLA,desnutricion global,sobrepeso (s),2006-08-01,10,6,2,0,12,6,18
10703,INCAHUASI,desnutricion global,sobrepeso (s),2006-08-01,23,20,1,2,24,22,46
90402,INGAVI (HUMAITA),desnutricion global,sobrepeso (s),2006-08-01,4,2,1,0,5,2,7
21001,INQUISIVI,desnutricion global,sobrepeso (s),2006-08-01,17,13,1,0,18,13,31
21102,IRUPANA (VILLA DE LANZA),desnutricion global,sobrepeso (s),2006-08-01,19,12,1,10,20,22,42
21501,IXIAMAS,desnutricion global,sobrepeso (s),2006-08-01,19,20,4,2,23,22,45
20806,JESUS DE MACHACA,desnutricion global,sobrepeso (s),2006-08-01,4,4,0,0,4,4,8
21105,LA ASUNTA,desnutricion global,sobrepeso (s),2006-08-01,33,10,1,2,34,12,46
70104,LA GUARDIA,desnutricion global,sobrepeso (s),2006-08-01,120,56,34,19,154,75,229
20101,LA PAZ,desnutricion global,sobrepeso (s),2006-08-01,493,452,176,195,669,647,1316
70701,LAGUNILLAS,desnutricion global,sobrepeso (s),2006-08-01,9,17,9,10,18,27,45
21202,LAJA,desnutricion global,sobrepeso (s),2006-08-01,16,26,1,1,17,27,44
10903,LAS CARRERAS,desnutricion global,sobrepeso (s),2006-08-01,8,7,1,1,9,8,17
21006,LICOMA PAMPA,desnutricion global,sobrepeso (s),2006-08-01,1,0,0,0,1,0,1
50203,LLALLAGUA,desnutricion global,sobrepeso (s),2006-08-01,57,83,30,29,87,112,199
51401,LLICA,desnutricion global,sobrepeso (s),2006-08-01,6,4,1,1,7,5,12
80601,LORETO,desnutricion global,sobrepeso (s),2006-08-01,1,2,1,1,2,3,5
20901,LURIBAY,desnutricion global,sobrepeso (s),2006-08-01,10,6,2,0,12,6,18
40702,MACHACAMARCA,desnutricion global,sobrepeso (s),2006-08-01,6,1,0,2,6,3,9
11003,MACHARETI,desnutricion global,sobrepeso (s),2006-08-01,27,24,14,12,41,36,77
80801,MAGDALENA,desnutricion global,sobrepeso (s),2006-08-01,16,3,3,0,19,3,22
70903,MAIRANA,desnutricion global,sobrepeso (s),2006-08-01,14,37,5,4,19,41,60
20607,MAPIRI,desnutricion global,sobrepeso (s),2006-08-01,14,10,0,2,14,12,26
20103,MECAPACA,desnutricion global,sobrepeso (s),2006-08-01,8,2,0,1,8,3,11
71003,MINEROS,desnutricion global,sobrepeso (s),2006-08-01,49,28,19,17,68,45,113
31301,MIZQUE,desnutricion global,sobrepeso (s),2006-08-01,41,9,5,5,46,14,60
20402,MOCOMOCO,desnutricion global,sobrepeso (s),2006-08-01,6,7,0,1,6,8,14
10303,MOJOCOYA,desnutricion global,sobrepeso (s),2006-08-01,10,4,3,1,13,5,18
10501,MONTEAGUDO,desnutricion global,sobrepeso (s),2006-08-01,62,48,10,7,72,55,127
71001,MONTERO,desnutricion global,sobrepeso (s),2006-08-01,341,249,104,85,445,334,779
70803,MORO MORO,desnutricion global,sobrepeso (s),2006-08-01,8,6,3,0,11,6,17
30302,MOROCHATA,desnutricion global,sobrepeso (s),2006-08-01,7,4,0,3,7,7,14
90401,NACEBE (SANTA ROSA DEL ABUNA),desnutricion global,sobrepeso (s),2006-08-01,2,2,0,2,2,4,6
50404,OCURI,desnutricion global,sobrepeso (s),2006-08-01,8,6,3,1,11,7,18
70202,OKINAWA,desnutricion global,sobrepeso (s),2006-08-01,16,13,10,12,26,25,51
30203,OMEREQUE,desnutricion global,sobrepeso (s),2006-08-01,8,9,0,0,8,9,17
40101,ORURO,desnutricion global,sobrepeso (s),2006-08-01,243,236,39,33,282,269,551
60201,PADCAYA,desnutricion global,sobrepeso (s),2006-08-01,23,24,21,20,44,44,88
10401,PADILLA,desnutricion global,sobrepeso (s),2006-08-01,24,13,8,2,32,15,47
70502,PAILON,desnutricion global,sobrepeso (s),2006-08-01,0,68,11,0,11,68,79
20102,PALCA,desnutricion global,sobrepeso (s),2006-08-01,6,4,2,2,8,6,14
21104,PALOS BLANCOS,desnutricion global,sobrepeso (s),2006-08-01,45,35,6,3,51,38,89
40802,PAMPA AULLAGAS,desnutricion global,sobrepeso (s),2006-08-01,2,3,0,0,2,3,5
70902,PAMPA GRANDE,desnutricion global,sobrepeso (s),2006-08-01,10,10,0,2,10,12,22
21802,PAPEL PAMPA,desnutricion global,sobrepeso (s),2006-08-01,2,4,3,0,5,4,9
30202,PASORAPA,desnutricion global,sobrepeso (s),2006-08-01,9,8,3,0,12,8,20
21305,PATACAMAYA,desnutricion global,sobrepeso (s),2006-08-01,8,5,1,0,9,5,14
40602,PAZÑA,desnutricion global,sobrepeso (s),2006-08-01,5,1,1,2,6,3,9
20702,PELECHUCO,desnutricion global,sobrepeso (s),2006-08-01,5,3,0,1,5,4,9
50403,POCOATA,desnutricion global,sobrepeso (s),2006-08-01,18,13,3,0,21,13,34
31203,POCONA,desnutricion global,sobrepeso (s),2006-08-01,9,7,1,0,10,7,17
31202,POJO (CBBA),desnutricion global,sobrepeso (s),2006-08-01,26,11,0,0,26,11,37
40601,POOPO,desnutricion global,sobrepeso (s),2006-08-01,3,2,1,1,4,3,7
51203,PORCO,desnutricion global,sobrepeso (s),2006-08-01,8,7,0,1,8,8,16
10103,POROMA,desnutricion global,sobrepeso (s),2006-08-01,5,18,1,1,6,19,25
70103,PORONGO,desnutricion global,sobrepeso (s),2006-08-01,9,8,0,2,9,10,19
70601,PORTACHUELO,desnutricion global,sobrepeso (s),2006-08-01,114,95,35,34,149,129,278
90102,PORVENIR,desnutricion global,sobrepeso (s),2006-08-01,13,15,4,7,17,22,39
70804,POSTRER VALLE,desnutricion global,sobrepeso (s),2006-08-01,5,4,2,1,7,5,12
50101,POTOSI,desnutricion global,sobrepeso (s),2006-08-01,88,71,8,2,96,73,169
10302,PRESTO,desnutricion global,sobrepeso (s),2006-08-01,5,1,1,2,6,3,9
70805,PUCARA,desnutricion global,sobrepeso (s),2006-08-01,2,1,2,0,4,1,5
21201,PUCARANI,desnutricion global,sobrepeso (s),2006-08-01,22,15,1,0,23,15,38
20401,PUERTO ACOSTA,desnutricion global,sobrepeso (s),2006-08-01,20,8,8,7,28,15,43
20403,PUERTO CARABUCO,desnutricion global,sobrepeso (s),2006-08-01,7,13,2,0,9,13,22
90301,PUERTO GONZALO MORENO,desnutricion global,sobrepeso (s),2006-08-01,4,3,2,0,6,3,9
71402,PUERTO QUIJARRO,desnutricion global,sobrepeso (s),2006-08-01,41,37,6,6,47,43,90
90201,PUERTO RICO,desnutricion global,sobrepeso (s),2006-08-01,10,12,1,0,11,12,23
80703,PUERTO SILES,desnutricion global,sobrepeso (s),2006-08-01,1,2,0,0,1,2,3
71401,PUERTO SUAREZ,desnutricion global,sobrepeso (s),2006-08-01,32,29,5,11,37,40,77
31205,PUERTO VILLARROEL,desnutricion global,sobrepeso (s),2006-08-01,72,51,12,8,84,59,143
51101,PUNA,desnutricion global,sobrepeso (s),2006-08-01,8,12,2,1,10,13,23
31401,PUNATA,desnutricion global,sobrepeso (s),2006-08-01,14,4,4,0,18,4,22
20604,QUIABAYA,desnutricion global,sobrepeso (s),2006-08-01,1,1,0,0,1,1,2
30901,QUILLACOLLO,desnutricion global,sobrepeso (s),2006-08-01,60,28,47,37,107,65,172
21002,QUIME,desnutricion global,sobrepeso (s),2006-08-01,1,13,0,0,1,13,14
70904,QUIRUSILLAS,desnutricion global,sobrepeso (s),2006-08-01,10,9,3,2,13,11,24
50402,RAVELO,desnutricion global,sobrepeso (s),2006-08-01,11,5,1,0,12,5,17
80301,REYES,desnutricion global,sobrepeso (s),2006-08-01,19,33,8,7,27,40,67
80201,RIBERALTA,desnutricion global,sobrepeso (s),2006-08-01,108,40,19,8,127,48,175
70503,ROBORE,desnutricion global,sobrepeso (s),2006-08-01,17,11,7,3,24,14,38
80304,RURRENABAQUE,desnutricion global,sobrepeso (s),2006-08-01,10,13,1,0,11,13,24
40901,SABAYA,desnutricion global,sobrepeso (s),2006-08-01,1,5,0,0,1,5,6
31001,SACABA,desnutricion global,sobrepeso (s),2006-08-01,63,72,4,2,67,74,141
50701,SACACA,desnutricion global,sobrepeso (s),2006-08-01,7,7,0,0,7,7,14
71302,SAIPINA,desnutricion global,sobrepeso (s),2006-08-01,63,31,33,35,96,66,162
40801,SALINAS DE GARCI MENDOZA,desnutricion global,sobrepeso (s),2006-08-01,18,12,6,5,24,17,41
70901,SAMAIPATA,desnutricion global,sobrepeso (s),2006-08-01,22,10,8,6,30,16,46
51601,SAN AGUSTIN,desnutricion global,sobrepeso (s),2006-08-01,2,1,1,0,3,1,4
80602,SAN ANDRES,desnutricion global,sobrepeso (s),2006-08-01,21,7,6,2,27,9,36
20805,SAN ANDRES DE MACHACA,desnutricion global,sobrepeso (s),2006-08-01,1,4,0,2,1,6,7
51003,SAN ANTONIO DE ESMORUCO,desnutricion global,sobrepeso (s),2006-08-01,1,2,0,1,1,3,4
71105,SAN ANTONIO DE LOMERIO,desnutricion global,sobrepeso (s),2006-08-01,14,7,1,0,15,7,22
31403,SAN BENITO,desnutricion global,sobrepeso (s),2006-08-01,5,1,0,0,5,1,6
80302,SAN BORJA,desnutricion global,sobrepeso (s),2006-08-01,80,50,7,11,87,61,148
21502,SAN BUENA VENTURA,desnutricion global,sobrepeso (s),2006-08-01,10,24,4,0,14,24,38
70402,SAN CARLOS,desnutricion global,sobrepeso (s),2006-08-01,58,61,12,13,70,74,144
80501,SAN IGNACIO,desnutricion global,sobrepeso (s),2006-08-01,19,18,5,5,24,23,47
70301,SAN IGNACIO DE VELASCO,desnutricion global,sobrepeso (s),2006-08-01,161,63,24,13,185,76,261
80102,SAN JAVIER(BNI),desnutricion global,sobrepeso (s),2006-08-01,17,10,2,3,19,13,32
80701,SAN JOAQUIN,desnutricion global,sobrepeso (s),2006-08-01,5,2,11,12,16,14,30
70501,SAN JOSE DE CHIQUITOS,desnutricion global,sobrepeso (s),2006-08-01,22,12,5,2,27,14,41
70404,SAN JUAN DE YAPACANI,desnutricion global,sobrepeso (s),2006-08-01,26,22,14,8,40,30,70
71104,SAN JULIAN,desnutricion global,sobrepeso (s),2006-08-01,13,16,7,8,20,24,44
90302,SAN LORENZO(PND),desnutricion global,sobrepeso (s),2006-08-01,2,2,0,0,2,2,4
60501,SAN LORENZO(TJA),desnutricion global,sobrepeso (s),2006-08-01,15,18,11,11,26,29,55
10702,SAN LUCAS,desnutricion global,sobrepeso (s),2006-08-01,17,13,2,5,19,18,37
71201,SAN MATIAS,desnutricion global,sobrepeso (s),2006-08-01,18,11,5,6,23,17,40
70302,SAN MIGUEL DE VELASCO,desnutricion global,sobrepeso (s),2006-08-01,26,23,4,2,30,25,55
51001,SAN PABLO DE LIPEZ,desnutricion global,sobrepeso (s),2006-08-01,2,0,0,0,2,0,2
71005,SAN PEDRO,desnutricion global,sobrepeso (s),2006-08-01,44,43,6,4,50,47,97
50501,SAN PEDRO DE BUENA VISTA,desnutricion global,sobrepeso (s),2006-08-01,16,29,1,1,17,30,47
21801,SAN PEDRO DE CURAHUARA,desnutricion global,sobrepeso (s),2006-08-01,3,3,0,0,3,3,6
50902,SAN PEDRO DE QUEMES,desnutricion global,sobrepeso (s),2006-08-01,3,0,0,0,3,0,3
21702,SAN PEDRO DE TIQUINA,desnutricion global,sobrepeso (s),2006-08-01,1,0,0,1,1,1,2
90202,SAN PEDRO(PND),desnutricion global,sobrepeso (s),2006-08-01,1,2,0,1,1,3,4
70303,SAN RAFAEL,desnutricion global,sobrepeso (s),2006-08-01,2,3,1,1,3,4,7
80702,SAN RAMON,desnutricion global,sobrepeso (s),2006-08-01,32,8,7,0,39,8,47
80401,SANTA ANA,desnutricion global,sobrepeso (s),2006-08-01,41,26,8,17,49,43,92
70101,SANTA CRUZ DE LA SIERRA,desnutricion global,sobrepeso (s),2006-08-01,1708,1350,508,429,2216,1779,3995
80303,SANTA ROSA,desnutricion global,sobrepeso (s),2006-08-01,38,32,13,8,51,40,91
70602,SANTA ROSA DEL SARA,desnutricion global,sobrepeso (s),2006-08-01,27,15,7,3,34,18,52
20308,SANTIAGO DE CALLAPA,desnutricion global,sobrepeso (s),2006-08-01,3,4,1,3,4,7,11
41401,SANTIAGO DE HUARI,desnutricion global,sobrepeso (s),2006-08-01,13,5,3,5,16,10,26
21901,SANTIAGO DE MACHACA,desnutricion global,sobrepeso (s),2006-08-01,2,0,0,0,2,0,2
30702,SANTIVAÑES,desnutricion global,sobrepeso (s),2006-08-01,2,3,0,1,2,4,6
40202,SANTUARIO DE QUILLACAS,desnutricion global,sobrepeso (s),2006-08-01,4,1,0,0,4,1,5
20902,SAPAHAQUI,desnutricion global,sobrepeso (s),2006-08-01,9,1,0,1,9,2,11
90303,SENA,desnutricion global,sobrepeso (s),2006-08-01,3,2,1,0,4,2,6
21301,SICA SICA (VILLA AROMA),desnutricion global,sobrepeso (s),2006-08-01,8,7,0,1,8,8,16
30703,SICAYA,desnutricion global,sobrepeso (s),2006-08-01,1,1,0,0,1,1,2
30902,SIPE SIPE,desnutricion global,sobrepeso (s),2006-08-01,43,45,7,10,50,55,105
10403,SOPACHUY,desnutricion global,sobrepeso (s),2006-08-01,6,5,1,0,7,5,12
40104,SORACACHI,desnutricion global,sobrepeso (s),2006-08-01,10,7,2,4,12,11,23
20601,SORATA,desnutricion global,sobrepeso (s),2006-08-01,9,11,1,5,10,16,26
10101,SUCRE,desnutricion global,sobrepeso (s),2006-08-01,223,189,49,47,272,236,508
31404,TACACHI,desnutricion global,sobrepeso (s),2006-08-01,2,0,0,0,2,0,2
20603,TACACOMA,desnutricion global,sobrepeso (s),2006-08-01,1,2,0,0,1,2,3
50303,TACOBAMBA,desnutricion global,sobrepeso (s),2006-08-01,6,5,0,0,6,5,11
30602,TACOPAYA,desnutricion global,sobrepeso (s),2006-08-01,0,1,0,0,0,1,1
31101,TAPACARI,desnutricion global,sobrepeso (s),2006-08-01,16,5,0,0,16,5,21
10601,TARABUCO,desnutricion global,sobrepeso (s),2006-08-01,8,10,2,3,10,13,23
20807,TARACO,desnutricion global,sobrepeso (s),2006-08-01,2,0,0,0,2,0,2
30401,TARATA,desnutricion global,sobrepeso (s),2006-08-01,0,2,1,0,1,2,3
60101,TARIJA,desnutricion global,sobrepeso (s),2006-08-01,305,180,63,68,368,248,616
10202,TARVITA,desnutricion global,sobrepeso (s),2006-08-01,4,2,0,0,4,2,6
20608,TEOPONTE,desnutricion global,sobrepeso (s),2006-08-01,21,8,8,2,29,10,39
20803,TIAWANACU,desnutricion global,sobrepeso (s),2006-08-01,3,5,0,1,3,6,9
50102,TINGUIPAYA,desnutricion global,sobrepeso (s),2006-08-01,29,23,21,16,50,39,89
20606,TIPUANI,desnutricion global,sobrepeso (s),2006-08-01,16,16,0,0,16,16,32
30903,TIQUIPAYA,desnutricion global,sobrepeso (s),2006-08-01,21,11,7,10,28,21,49
31601,TIRAQUE (CBBA),desnutricion global,sobrepeso (s),2006-08-01,82,73,8,15,90,88,178
21703,TITO YUPANQUI (PARQUIPUJIO),desnutricion global,sobrepeso (s),2006-08-01,1,0,1,0,2,0,2
30802,TOCO,desnutricion global,sobrepeso (s),2006-08-01,0,2,0,0,0,2,2
30803,TOLATA,desnutricion global,sobrepeso (s),2006-08-01,1,2,1,0,2,2,4
41001,TOLEDO,desnutricion global,sobrepeso (s),2006-08-01,3,0,0,0,3,0,3
51202,TOMAVE,desnutricion global,sobrepeso (s),2006-08-01,2,6,1,1,3,7,10
10402,TOMINA,desnutricion global,sobrepeso (s),2006-08-01,10,10,1,0,11,10,21
50502,TORO TORO,desnutricion global,sobrepeso (s),2006-08-01,4,7,0,0,4,7,11
31201,TOTORA(CBBA),desnutricion global,sobrepeso (s),2006-08-01,8,10,0,1,8,11,19
41301,TOTORA(ORR),desnutricion global,sobrepeso (s),2006-08-01,6,2,0,0,6,2,8
70802,TRIGAL,desnutricion global,sobrepeso (s),2006-08-01,6,3,4,3,10,6,16
80101,TRINIDAD,desnutricion global,sobrepeso (s),2006-08-01,181,135,40,34,221,169,390
50801,TUPIZA,desnutricion global,sobrepeso (s),2006-08-01,46,35,13,9,59,44,103
40402,TURCO,desnutricion global,sobrepeso (s),2006-08-01,9,6,2,0,11,6,17
21302,UMALA,desnutricion global,sobrepeso (s),2006-08-01,0,8,0,1,0,9,9
50201,UNCIA,desnutricion global,sobrepeso (s),2006-08-01,13,8,1,2,14,10,24
60401,URIONDO (A. CONCEPCION),desnutricion global,sobrepeso (s),2006-08-01,20,24,4,2,24,26,50
71502,URUBICHA,desnutricion global,sobrepeso (s),2006-08-01,7,10,2,0,9,10,19
51201,UYUNI,desnutricion global,sobrepeso (s),2006-08-01,49,26,2,2,51,28,79
30502,VACAS,desnutricion global,sobrepeso (s),2006-08-01,3,1,0,0,3,1,4
70801,VALLEGRANDE,desnutricion global,sobrepeso (s),2006-08-01,29,30,17,34,46,64,110
20801,VIACHA,desnutricion global,sobrepeso (s),2006-08-01,33,18,8,10,41,28,69
31302,VILA VILA,desnutricion global,sobrepeso (s),2006-08-01,5,6,1,1,6,7,13
60303,VILLA MONTES,desnutricion global,sobrepeso (s),2006-08-01,42,27,5,2,47,29,76
90502,VILLA NUEVA (LOMA ALTA),desnutricion global,sobrepeso (s),2006-08-01,1,1,0,0,1,1,2
31402,VILLA RIVERO,desnutricion global,sobrepeso (s),2006-08-01,5,16,1,3,6,19,25
10801,VILLA SERRANO,desnutricion global,sobrepeso (s),2006-08-01,19,10,6,2,25,12,37
31003,VILLA TUNARI,desnutricion global,sobrepeso (s),2006-08-01,124,480,19,19,143,499,642
11001,VILLA VACA GUZMAN (MUYUPAMPA),desnutricion global,sobrepeso (s),2006-08-01,23,8,4,4,27,12,39
51501,VILLAZON,desnutricion global,sobrepeso (s),2006-08-01,35,46,13,7,48,53,101
30904,VINTO,desnutricion global,sobrepeso (s),2006-08-01,39,17,2,2,41,19,60
50602,VITICHI,desnutricion global,sobrepeso (s),2006-08-01,4,1,0,0,4,1,5
20306,WALDO BALLIVIAN,desnutricion global,sobrepeso (s),2006-08-01,4,1,0,0,4,1,5
70201,WARNES,desnutricion global,sobrepeso (s),2006-08-01,219,110,40,17,259,127,386
20903,YACO,desnutricion global,sobrepeso (s),2006-08-01,0,2,0,0,0,2,2
60301,YACUIBA,desnutricion global,sobrepeso (s),2006-08-01,130,123,22,22,152,145,297
10602,YAMPARAEZ,desnutricion global,sobrepeso (s),2006-08-01,12,12,2,0,14,12,26
21103,YANACACHI,desnutricion global,sobrepeso (s),2006-08-01,2,2,0,0,2,2,4
70403,YAPACANI,desnutricion global,sobrepeso (s),2006-08-01,91,106,8,9,99,115,214
50103,YOCALLA,desnutricion global,sobrepeso (s),2006-08-01,6,6,0,0,6,6,12
10102,YOTALA,desnutricion global,sobrepeso (s),2006-08-01,10,16,13,9,23,25,48
60402,YUNCHARA,desnutricion global,sobrepeso (s),2006-08-01,3,1,0,0,3,1,4
10301,ZUDAÑEZ,desnutricion global,sobrepeso (s),2006-08-01,6,11,1,1,7,12,19
51302,ACACIO,desnutricion global,sobrepeso (s),2006-09-01,1,2,0,1,1,3,4
20201,ACHACACHI,desnutricion global,sobrepeso (s),2006-09-01,25,27,6,6,31,33,64
20104,ACHOCALLA,desnutricion global,sobrepeso (s),2006-09-01,3,1,0,0,3,1,4
30201,AIQUILE,desnutricion global,sobrepeso (s),2006-09-01,2,3,0,1,2,4,6
10404,ALCALA,desnutricion global,sobrepeso (s),2006-09-01,2,3,0,0,2,3,5
20202,ANCORAIMES,desnutricion global,sobrepeso (s),2006-09-01,5,1,1,0,6,1,7
41201,ANDAMARCA,desnutricion global,sobrepeso (s),2006-09-01,4,2,0,0,4,2,6
40603,ANTEQUERA,desnutricion global,sobrepeso (s),2006-09-01,2,1,0,0,2,1,3
30402,ANZALDO,desnutricion global,sobrepeso (s),2006-09-01,4,3,0,2,4,5,9
20701,APOLO,desnutricion global,sobrepeso (s),2006-09-01,18,30,0,0,18,30,48
51301,ARAMPAMPA,desnutricion global,sobrepeso (s),2006-09-01,2,2,0,0,2,2,4
30501,ARANI,desnutricion global,sobrepeso (s),2006-09-01,4,1,0,0,4,1,5
30403,ARBIETO,desnutricion global,sobrepeso (s),2006-09-01,12,5,2,0,14,5,19
30601,ARQUE,desnutricion global,sobrepeso (s),2006-09-01,0,6,0,0,0,6,6
50802,ATOCHA,desnutricion global,sobrepeso (s),2006-09-01,5,4,2,3,7,7,14
20503,AUCAPATA,desnutricion global,sobrepeso (s),2006-09-01,3,0,1,0,4,0,4
20502,AYATA,desnutricion global,sobrepeso (s),2006-09-01,4,8,0,0,4,8,12
21303,AYO AYO,desnutricion global,sobrepeso (s),2006-09-01,2,1,0,0,2,1,3
30301,AYOPAYA (V. DE INDEPENDENCIA),desnutricion global,sobrepeso (s),2006-09-01,19,11,1,1,20,12,32
10201,AZURDUY,desnutricion global,sobrepeso (s),2006-09-01,17,6,5,1,22,7,29
21203,BATALLAS,desnutricion global,sobrepeso (s),2006-09-01,6,2,0,0,6,2,8
80802,BAURES,desnutricion global,sobrepeso (s),2006-09-01,13,6,0,3,13,9,22
50104,BELEN DE URMIRI,desnutricion global,sobrepeso (s),2006-09-01,1,1,0,0,1,1,2
90104,BELLA FLOR,desnutricion global,sobrepeso (s),2006-09-01,7,3,1,2,8,5,13
60202,BERMEJO,desnutricion global,sobrepeso (s),2006-09-01,25,22,6,1,31,23,54
50301,BETANZOS,desnutricion global,sobrepeso (s),2006-09-01,32,19,2,4,34,23,57
31501,BOLIVAR,desnutricion global,sobrepeso (s),2006-09-01,1,0,2,1,3,1,4
90103,BOLPEBRA,desnutricion global,sobrepeso (s),2006-09-01,0,1,0,0,0,1,1
70707,BOYUIBE,desnutricion global,sobrepeso (s),2006-09-01,10,8,1,0,11,8,19
70401,BUENA VISTA,desnutricion global,sobrepeso (s),2006-09-01,27,15,6,8,33,23,56
70703,CABEZAS,desnutricion global,sobrepeso (s),2006-09-01,24,14,5,5,29,19,48
20905,CAIROMA,desnutricion global,sobrepeso (s),2006-09-01,14,6,0,0,14,6,20
51102,"CAIZA ""D""",desnutricion global,sobrepeso (s),2006-09-01,7,6,3,0,10,6,16
21003,CAJUATA,desnutricion global,sobrepeso (s),2006-09-01,7,7,0,0,7,7,14
21304,CALAMARCA,desnutricion global,sobrepeso (s),2006-09-01,3,4,1,1,4,5,9
10701,CAMARGO,desnutricion global,sobrepeso (s),2006-09-01,32,17,7,7,39,24,63
10901,CAMATAQUI (C. VILLA ABECIA),desnutricion global,sobrepeso (s),2006-09-01,5,5,1,2,6,7,13
70706,CAMIRI,desnutricion global,sobrepeso (s),2006-09-01,115,92,41,26,156,118,274
30701,CAPINOTA,desnutricion global,sobrepeso (s),2006-09-01,4,3,0,2,4,5,9
20302,CAQUIAVIRI,desnutricion global,sobrepeso (s),2006-09-01,12,14,2,0,14,14,28
40102,CARACOLLO,desnutricion global,sobrepeso (s),2006-09-01,13,12,1,0,14,12,26
22001,CARANAVI,desnutricion global,sobrepeso (s),2006-09-01,105,63,15,8,120,71,191
60302,CARAPARI,desnutricion global,sobrepeso (s),2006-09-01,21,15,8,0,29,15,44
50702,CARIPUYO,desnutricion global,sobrepeso (s),2006-09-01,10,6,5,1,15,7,22
71403,CARMEN RIVERO TORREZ,desnutricion global,sobrepeso (s),2006-09-01,5,1,0,1,5,2,7
21803,CHACARILLA,desnutricion global,sobrepeso (s),2006-09-01,1,2,0,0,1,2,3
40201,CHALLAPATA,desnutricion global,sobrepeso (s),2006-09-01,7,17,3,1,10,18,28
50302,CHAQUI,desnutricion global,sobrepeso (s),2006-09-01,10,7,0,0,10,7,17
70702,CHARAGUA,desnutricion global,sobrepeso (s),2006-09-01,81,65,28,15,109,80,189
20305,CHARAÑA,desnutricion global,sobrepeso (s),2006-09-01,1,0,0,0,1,0,1
50202,CHAYANTA,desnutricion global,sobrepeso (s),2006-09-01,11,13,1,4,12,17,29
31204,CHIMORE,desnutricion global,sobrepeso (s),2006-09-01,3,3,0,0,3,3,6
40903,CHIPAYA,desnutricion global,sobrepeso (s),2006-09-01,1,2,2,0,3,2,5
40302,CHOQUE COTA,desnutricion global,sobrepeso (s),2006-09-01,0,0,0,1,0,1,1
21101,CHULUMANI (V. DE LA LIBERTAD),desnutricion global,sobrepeso (s),2006-09-01,13,6,0,0,13,6,19
20501,CHUMA,desnutricion global,sobrepeso (s),2006-09-01,5,6,0,0,5,6,11
30801,CLIZA,desnutricion global,sobrepeso (s),2006-09-01,19,8,2,3,21,11,32
90101,COBIJA,desnutricion global,sobrepeso (s),2006-09-01,66,86,9,7,75,93,168
30101,COCHABAMBA,desnutricion global,sobrepeso (s),2006-09-01,320,307,52,50,372,357,729
40902,COIPASA,desnutricion global,sobrepeso (s),2006-09-01,0,2,0,0,0,2,2
30905,COLCAPIRHUA,desnutricion global,sobrepeso (s),2006-09-01,20,22,6,1,26,23,49
50901,"COLCHA ""K""",desnutricion global,sobrepeso (s),2006-09-01,10,4,0,1,10,5,15
21307,COLLANA,desnutricion global,sobrepeso (s),2006-09-01,0,1,0,0,0,1,1
31002,COLOMI,desnutricion global,sobrepeso (s),2006-09-01,11,10,1,0,12,10,22
70603,COLPA BELGICA,desnutricion global,sobrepeso (s),2006-09-01,15,6,3,3,18,9,27
50401,COLQUECHACA,desnutricion global,sobrepeso (s),2006-09-01,8,8,0,0,8,8,16
21306,COLQUENCHA,desnutricion global,sobrepeso (s),2006-09-01,7,0,0,0,7,0,7
21004,COLQUIRI,desnutricion global,sobrepeso (s),2006-09-01,9,20,0,2,9,22,31
71301,COMARAPA,desnutricion global,sobrepeso (s),2006-09-01,59,45,15,7,74,52,126
20605,COMBAYA,desnutricion global,sobrepeso (s),2006-09-01,0,1,0,0,0,1,1
71101,CONCEPCION,desnutricion global,sobrepeso (s),2006-09-01,10,6,10,3,20,9,29
21701,COPACABANA,desnutricion global,sobrepeso (s),2006-09-01,4,10,3,0,7,10,17
21402,CORIPATA,desnutricion global,sobrepeso (s),2006-09-01,15,11,0,0,15,11,26
20301,CORO CORO,desnutricion global,sobrepeso (s),2006-09-01,1,0,0,0,1,0,1
21401,COROICO,desnutricion global,sobrepeso (s),2006-09-01,4,5,2,0,6,5,11
40301,CORQUE,desnutricion global,sobrepeso (s),2006-09-01,8,2,2,0,10,2,12
50601,COTAGAITA,desnutricion global,sobrepeso (s),2006-09-01,9,10,1,0,10,10,20
70102,COTOCA,desnutricion global,sobrepeso (s),2006-09-01,43,23,5,3,48,26,74
71106,CUATRO CAÑADAS,desnutricion global,sobrepeso (s),2006-09-01,22,12,2,1,24,13,37
70704,CUEVO,desnutricion global,sobrepeso (s),2006-09-01,7,5,1,2,8,7,15
10902,CULPINA,desnutricion global,sobrepeso (s),2006-09-01,18,14,1,0,19,14,33
40401,CURAHUARA DE CARANGAS,desnutricion global,sobrepeso (s),2006-09-01,3,4,0,0,3,4,7
21602,CURVA,desnutricion global,sobrepeso (s),2006-09-01,0,1,0,0,0,1,1
20804,DESAGUADERO,desnutricion global,sobrepeso (s),2006-09-01,4,2,1,1,5,3,8
20105,EL ALTO,desnutricion global,sobrepeso (s),2006-09-01,460,426,137,127,597,553,1150
40103,EL CHORO,desnutricion global,sobrepeso (s),2006-09-01,2,4,0,0,2,4,6
71503,EL PUENTE(STC),desnutricion global,sobrepeso (s),2006-09-01,12,8,0,0,12,8,20
60502,EL PUENTE(TJA),desnutricion global,sobrepeso (s),2006-09-01,4,5,3,3,7,8,15
70105,EL TORNO,desnutricion global,sobrepeso (s),2006-09-01,64,31,13,11,77,42,119
10405,EL VILLAR,desnutricion global,sobrepeso (s),2006-09-01,3,0,4,1,7,1,8
60601,ENTRE RIOS,desnutricion global,sobrepeso (s),2006-09-01,31,30,9,7,40,37,77
60601,ENTRE RIOS,desnutricion global,sobrepeso (s),2006-09-01,60,65,8,4,68,69,137
41101,EUCALIPTUS,desnutricion global,sobrepeso (s),2006-09-01,5,3,3,1,8,4,12
90503,EUREKA (SANTOS MERCADO),desnutricion global,sobrepeso (s),2006-09-01,1,0,0,0,1,0,1
80402,EXALTACION,desnutricion global,sobrepeso (s),2006-09-01,22,18,12,5,34,23,57
71004,FERNANDEZ ALONSO,desnutricion global,sobrepeso (s),2006-09-01,9,6,3,17,12,23,35
90203,FILADELFIA,desnutricion global,sobrepeso (s),2006-09-01,2,5,1,0,3,5,8
71002,GENERAL SAAVEDRA,desnutricion global,sobrepeso (s),2006-09-01,54,29,2,12,56,41,97
21601,GRAL. J.J. PEREZ (CHARAZANI),desnutricion global,sobrepeso (s),2006-09-01,17,11,3,3,20,14,34
20602,GUANAY,desnutricion global,sobrepeso (s),2006-09-01,17,21,7,5,24,26,50
20802,GUAQUI,desnutricion global,sobrepeso (s),2006-09-01,2,7,0,0,2,7,9
80202,GUAYARAMERIN,desnutricion global,sobrepeso (s),2006-09-01,128,132,14,7,142,139,281
70705,GUTIERREZ,desnutricion global,sobrepeso (s),2006-09-01,30,27,13,5,43,32,75
10502,HUACARETA,desnutricion global,sobrepeso (s),2006-09-01,16,10,9,4,25,14,39
11002,HUACAYA (VILLA DE HUACAYA),desnutricion global,sobrepeso (s),2006-09-01,1,3,0,0,1,3,4
40501,HUACHACALLA,desnutricion global,sobrepeso (s),2006-09-01,1,0,0,0,1,0,1
40701,HUANUNI,desnutricion global,sobrepeso (s),2006-09-01,30,24,1,3,31,27,58
80803,HUARACAJE,desnutricion global,sobrepeso (s),2006-09-01,8,5,3,1,11,6,17
41601,HUAYLLAMARCA,desnutricion global,sobrepeso (s),2006-09-01,2,1,0,0,2,1,3
21005,ICHOCA,desnutricion global,sobrepeso (s),2006-09-01,3,0,0,0,3,0,3
10304,ICLA,desnutricion global,sobrepeso (s),2006-09-01,10,7,4,0,14,7,21
10703,INCAHUASI,desnutricion global,sobrepeso (s),2006-09-01,16,27,1,0,17,27,44
21001,INQUISIVI,desnutricion global,sobrepeso (s),2006-09-01,10,11,0,0,10,11,21
21102,IRUPANA (VILLA DE LANZA),desnutricion global,sobrepeso (s),2006-09-01,12,9,7,4,19,13,32
21501,IXIAMAS,desnutricion global,sobrepeso (s),2006-09-01,12,16,0,3,12,19,31
20806,JESUS DE MACHACA,desnutricion global,sobrepeso (s),2006-09-01,5,2,0,0,5,2,7
21105,LA ASUNTA,desnutricion global,sobrepeso (s),2006-09-01,25,23,2,2,27,25,52
70104,LA GUARDIA,desnutricion global,sobrepeso (s),2006-09-01,100,53,13,15,113,68,181
20101,LA PAZ,desnutricion global,sobrepeso (s),2006-09-01,432,374,179,178,611,552,1163
70701,LAGUNILLAS,desnutricion global,sobrepeso (s),2006-09-01,15,16,9,14,24,30,54
21202,LAJA,desnutricion global,sobrepeso (s),2006-09-01,12,13,0,0,12,13,25
10903,LAS CARRERAS,desnutricion global,sobrepeso (s),2006-09-01,8,8,1,0,9,8,17
21006,LICOMA PAMPA,desnutricion global,sobrepeso (s),2006-09-01,4,2,0,0,4,2,6
50203,LLALLAGUA,desnutricion global,sobrepeso (s),2006-09-01,45,53,16,14,61,67,128
51401,LLICA,desnutricion global,sobrepeso (s),2006-09-01,2,7,0,0,2,7,9
80601,LORETO,desnutricion global,sobrepeso (s),2006-09-01,3,1,2,0,5,1,6
20901,LURIBAY,desnutricion global,sobrepeso (s),2006-09-01,10,9,1,0,11,9,20
40702,MACHACAMARCA,desnutricion global,sobrepeso (s),2006-09-01,2,3,0,0,2,3,5
11003,MACHARETI,desnutricion global,sobrepeso (s),2006-09-01,22,26,11,8,33,34,67
80801,MAGDALENA,desnutricion global,sobrepeso (s),2006-09-01,13,8,4,1,17,9,26
70903,MAIRANA,desnutricion global,sobrepeso (s),2006-09-01,18,26,4,2,22,28,50
20904,MALLA,desnutricion global,sobrepeso (s),2006-09-01,0,1,0,0,0,1,1
20607,MAPIRI,desnutricion global,sobrepeso (s),2006-09-01,7,4,3,0,10,4,14
20103,MECAPACA,desnutricion global,sobrepeso (s),2006-09-01,13,7,0,0,13,7,20
71003,MINEROS,desnutricion global,sobrepeso (s),2006-09-01,26,25,14,12,40,37,77
31301,MIZQUE,desnutricion global,sobrepeso (s),2006-09-01,25,18,1,6,26,24,50
20402,MOCOMOCO,desnutricion global,sobrepeso (s),2006-09-01,3,6,0,1,3,7,10
10303,MOJOCOYA,desnutricion global,sobrepeso (s),2006-09-01,17,4,2,0,19,4,23
10501,MONTEAGUDO,desnutricion global,sobrepeso (s),2006-09-01,61,64,4,6,65,70,135
71001,MONTERO,desnutricion global,sobrepeso (s),2006-09-01,265,211,67,83,332,294,626
70803,MORO MORO,desnutricion global,sobrepeso (s),2006-09-01,6,6,0,1,6,7,13
30302,MOROCHATA,desnutricion global,sobrepeso (s),2006-09-01,9,6,0,1,9,7,16
90401,NACEBE (SANTA ROSA DEL ABUNA),desnutricion global,sobrepeso (s),2006-09-01,0,1,1,0,1,1,2
90501,NUEVO MANOA (NUEVA ESPERANZA),desnutricion global,sobrepeso (s),2006-09-01,2,0,0,0,2,0,2
50404,OCURI,desnutricion global,sobrepeso (s),2006-09-01,7,4,1,0,8,4,12
70202,OKINAWA,desnutricion global,sobrepeso (s),2006-09-01,8,6,1,1,9,7,16
30203,OMEREQUE,desnutricion global,sobrepeso (s),2006-09-01,7,7,0,1,7,8,15
40101,ORURO,desnutricion global,sobrepeso (s),2006-09-01,180,149,37,32,217,181,398
60201,PADCAYA,desnutricion global,sobrepeso (s),2006-09-01,19,23,12,12,31,35,66
10401,PADILLA,desnutricion global,sobrepeso (s),2006-09-01,14,5,15,16,29,21,50
70502,PAILON,desnutricion global,sobrepeso (s),2006-09-01,0,42,11,0,11,42,53
20102,PALCA,desnutricion global,sobrepeso (s),2006-09-01,5,6,2,3,7,9,16
21104,PALOS BLANCOS,desnutricion global,sobrepeso (s),2006-09-01,37,29,1,3,38,32,70
40802,PAMPA AULLAGAS,desnutricion global,sobrepeso (s),2006-09-01,1,8,0,0,1,8,9
70902,PAMPA GRANDE,desnutricion global,sobrepeso (s),2006-09-01,13,9,2,1,15,10,25
21802,PAPEL PAMPA,desnutricion global,sobrepeso (s),2006-09-01,10,7,0,0,10,7,17
30202,PASORAPA,desnutricion global,sobrepeso (s),2006-09-01,8,4,1,1,9,5,14
21305,PATACAMAYA,desnutricion global,sobrepeso (s),2006-09-01,7,4,2,0,9,4,13
40602,PAZÑA,desnutricion global,sobrepeso (s),2006-09-01,3,4,0,1,3,5,8
20702,PELECHUCO,desnutricion global,sobrepeso (s),2006-09-01,1,1,0,0,1,1,2
50403,POCOATA,desnutricion global,sobrepeso (s),2006-09-01,15,10,3,4,18,14,32
31203,POCONA,desnutricion global,sobrepeso (s),2006-09-01,15,7,2,2,17,9,26
31202,POJO (CBBA),desnutricion global,sobrepeso (s),2006-09-01,32,15,2,3,34,18,52
40601,POOPO,desnutricion global,sobrepeso (s),2006-09-01,0,1,0,0,0,1,1
51203,PORCO,desnutricion global,sobrepeso (s),2006-09-01,5,8,2,1,7,9,16
10103,POROMA,desnutricion global,sobrepeso (s),2006-09-01,15,12,0,0,15,12,27
70103,PORONGO,desnutricion global,sobrepeso (s),2006-09-01,7,4,0,1,7,5,12
70601,PORTACHUELO,desnutricion global,sobrepeso (s),2006-09-01,79,63,21,18,100,81,181
90102,PORVENIR,desnutricion global,sobrepeso (s),2006-09-01,5,10,0,1,5,11,16
70804,POSTRER VALLE,desnutricion global,sobrepeso (s),2006-09-01,2,1,2,2,4,3,7
50101,POTOSI,desnutricion global,sobrepeso (s),2006-09-01,95,67,22,14,117,81,198
10302,PRESTO,desnutricion global,sobrepeso (s),2006-09-01,4,1,2,0,6,1,7
70805,PUCARA,desnutricion global,sobrepeso (s),2006-09-01,1,1,1,0,2,1,3
21201,PUCARANI,desnutricion global,sobrepeso (s),2006-09-01,16,21,1,1,17,22,39
20401,PUERTO ACOSTA,desnutricion global,sobrepeso (s),2006-09-01,9,6,2,4,11,10,21
20403,PUERTO CARABUCO,desnutricion global,sobrepeso (s),2006-09-01,5,14,1,2,6,16,22
90301,PUERTO GONZALO MORENO,desnutricion global,sobrepeso (s),2006-09-01,1,5,1,0,2,5,7
21204,PUERTO PEREZ,desnutricion global,sobrepeso (s),2006-09-01,1,1,1,1,2,2,4
71402,PUERTO QUIJARRO,desnutricion global,sobrepeso (s),2006-09-01,41,41,5,3,46,44,90
90201,PUERTO RICO,desnutricion global,sobrepeso (s),2006-09-01,8,6,0,0,8,6,14
80703,PUERTO SILES,desnutricion global,sobrepeso (s),2006-09-01,6,9,3,3,9,12,21
71401,PUERTO SUAREZ,desnutricion global,sobrepeso (s),2006-09-01,30,31,5,9,35,40,75
31205,PUERTO VILLARROEL,desnutricion global,sobrepeso (s),2006-09-01,60,53,9,12,69,65,134
51101,PUNA,desnutricion global,sobrepeso (s),2006-09-01,8,18,1,3,9,21,30
31401,PUNATA,desnutricion global,sobrepeso (s),2006-09-01,13,9,1,1,14,10,24
20604,QUIABAYA,desnutricion global,sobrepeso (s),2006-09-01,2,1,0,1,2,2,4
30901,QUILLACOLLO,desnutricion global,sobrepeso (s),2006-09-01,30,22,3,5,33,27,60
21002,QUIME,desnutricion global,sobrepeso (s),2006-09-01,6,7,1,0,7,7,14
70904,QUIRUSILLAS,desnutricion global,sobrepeso (s),2006-09-01,8,8,4,0,12,8,20
50402,RAVELO,desnutricion global,sobrepeso (s),2006-09-01,4,3,0,0,4,3,7
80301,REYES,desnutricion global,sobrepeso (s),2006-09-01,23,18,6,2,29,20,49
80201,RIBERALTA,desnutricion global,sobrepeso (s),2006-09-01,94,40,4,3,98,43,141
70503,ROBORE,desnutricion global,sobrepeso (s),2006-09-01,21,8,6,2,27,10,37
80304,RURRENABAQUE,desnutricion global,sobrepeso (s),2006-09-01,20,33,1,3,21,36,57
40901,SABAYA,desnutricion global,sobrepeso (s),2006-09-01,2,3,0,0,2,3,5
31001,SACABA,desnutricion global,sobrepeso (s),2006-09-01,37,32,7,7,44,39,83
30404,SACABAMBA,desnutricion global,sobrepeso (s),2006-09-01,2,3,3,0,5,3,8
50701,SACACA,desnutricion global,sobrepeso (s),2006-09-01,5,10,1,0,6,10,16
71302,SAIPINA,desnutricion global,sobrepeso (s),2006-09-01,51,28,20,16,71,44,115
40801,SALINAS DE GARCI MENDOZA,desnutricion global,sobrepeso (s),2006-09-01,14,15,1,1,15,16,31
70901,SAMAIPATA,desnutricion global,sobrepeso (s),2006-09-01,12,7,2,7,14,14,28
51601,SAN AGUSTIN,desnutricion global,sobrepeso (s),2006-09-01,1,0,1,0,2,0,2
80602,SAN ANDRES,desnutricion global,sobrepeso (s),2006-09-01,11,5,1,5,12,10,22
20805,SAN ANDRES DE MACHACA,desnutricion global,sobrepeso (s),2006-09-01,0,2,0,1,0,3,3
51003,SAN ANTONIO DE ESMORUCO,desnutricion global,sobrepeso (s),2006-09-01,5,4,0,0,5,4,9
71105,SAN ANTONIO DE LOMERIO,desnutricion global,sobrepeso (s),2006-09-01,3,4,2,2,5,6,11
31403,SAN BENITO,desnutricion global,sobrepeso (s),2006-09-01,13,1,0,2,13,3,16
80302,SAN BORJA,desnutricion global,sobrepeso (s),2006-09-01,69,39,17,7,86,46,132
21502,SAN BUENA VENTURA,desnutricion global,sobrepeso (s),2006-09-01,9,5,0,1,9,6,15
70402,SAN CARLOS,desnutricion global,sobrepeso (s),2006-09-01,43,38,7,7,50,45,95
80501,SAN IGNACIO,desnutricion global,sobrepeso (s),2006-09-01,22,15,6,6,28,21,49
70301,SAN IGNACIO DE VELASCO,desnutricion global,sobrepeso (s),2006-09-01,144,64,17,12,161,76,237
80102,SAN JAVIER(BNI),desnutricion global,sobrepeso (s),2006-09-01,7,8,0,0,7,8,15
71102,SAN JAVIER(STC),desnutricion global,sobrepeso (s),2006-09-01,9,8,1,1,10,9,19
80701,SAN JOAQUIN,desnutricion global,sobrepeso (s),2006-09-01,5,3,8,8,13,11,24
70501,SAN JOSE DE CHIQUITOS,desnutricion global,sobrepeso (s),2006-09-01,12,9,5,2,17,11,28
70404,SAN JUAN DE YAPACANI,desnutricion global,sobrepeso (s),2006-09-01,23,33,10,7,33,40,73
71104,SAN JULIAN,desnutricion global,sobrepeso (s),2006-09-01,41,27,13,9,54,36,90
90302,SAN LORENZO(PND),desnutricion global,sobrepeso (s),2006-09-01,2,2,0,0,2,2,4
60501,SAN LORENZO(TJA),desnutricion global,sobrepeso (s),2006-09-01,10,13,9,5,19,18,37
10702,SAN LUCAS,desnutricion global,sobrepeso (s),2006-09-01,18,47,14,5,32,52,84
71201,SAN MATIAS,desnutricion global,sobrepeso (s),2006-09-01,18,16,5,3,23,19,42
70302,SAN MIGUEL DE VELASCO,desnutricion global,sobrepeso (s),2006-09-01,18,18,2,1,20,19,39
51001,SAN PABLO DE LIPEZ,desnutricion global,sobrepeso (s),2006-09-01,2,1,0,0,2,1,3
71005,SAN PEDRO,desnutricion global,sobrepeso (s),2006-09-01,54,48,13,4,67,52,119
50501,SAN PEDRO DE BUENA VISTA,desnutricion global,sobrepeso (s),2006-09-01,11,8,3,1,14,9,23
21801,SAN PEDRO DE CURAHUARA,desnutricion global,sobrepeso (s),2006-09-01,2,3,0,0,2,3,5
50902,SAN PEDRO DE QUEMES,desnutricion global,sobrepeso (s),2006-09-01,2,3,1,0,3,3,6
21702,SAN PEDRO DE TIQUINA,desnutricion global,sobrepeso (s),2006-09-01,1,2,1,0,2,2,4
90202,SAN PEDRO(PND),desnutricion global,sobrepeso (s),2006-09-01,3,0,0,0,3,0,3
70303,SAN RAFAEL,desnutricion global,sobrepeso (s),2006-09-01,4,5,0,2,4,7,11
80702,SAN RAMON,desnutricion global,sobrepeso (s),2006-09-01,19,9,3,1,22,10,32
80401,SANTA ANA,desnutricion global,sobrepeso (s),2006-09-01,28,23,17,15,45,38,83
70101,SANTA CRUZ DE LA SIERRA,desnutricion global,sobrepeso (s),2006-09-01,1214,931,345,354,1559,1285,2844
80303,SANTA ROSA,desnutricion global,sobrepeso (s),2006-09-01,35,23,9,4,44,27,71
70602,SANTA ROSA DEL SARA,desnutricion global,sobrepeso (s),2006-09-01,27,19,4,7,31,26,57
41401,SANTIAGO DE HUARI,desnutricion global,sobrepeso (s),2006-09-01,7,6,3,0,10,6,16
21901,SANTIAGO DE MACHACA,desnutricion global,sobrepeso (s),2006-09-01,1,0,0,0,1,0,1
30702,SANTIVAÑES,desnutricion global,sobrepeso (s),2006-09-01,0,1,0,0,0,1,1
40202,SANTUARIO DE QUILLACAS,desnutricion global,sobrepeso (s),2006-09-01,2,1,0,0,2,1,3
20902,SAPAHAQUI,desnutricion global,sobrepeso (s),2006-09-01,7,5,2,2,9,7,16
90303,SENA,desnutricion global,sobrepeso (s),2006-09-01,1,1,2,4,3,5,8
21301,SICA SICA (VILLA AROMA),desnutricion global,sobrepeso (s),2006-09-01,6,9,3,0,9,9,18
30902,SIPE SIPE,desnutricion global,sobrepeso (s),2006-09-01,35,45,11,14,46,59,105
10403,SOPACHUY,desnutricion global,sobrepeso (s),2006-09-01,15,1,0,1,15,2,17
40104,SORACACHI,desnutricion global,sobrepeso (s),2006-09-01,8,8,0,4,8,12,20
20601,SORATA,desnutricion global,sobrepeso (s),2006-09-01,9,7,1,0,10,7,17
10101,SUCRE,desnutricion global,sobrepeso (s),2006-09-01,185,156,40,39,225,195,420
31404,TACACHI,desnutricion global,sobrepeso (s),2006-09-01,1,0,0,0,1,0,1
20603,TACACOMA,desnutricion global,sobrepeso (s),2006-09-01,4,0,1,1,5,1,6
50303,TACOBAMBA,desnutricion global,sobrepeso (s),2006-09-01,6,5,0,1,6,6,12
30602,TACOPAYA,desnutricion global,sobrepeso (s),2006-09-01,1,3,0,0,1,3,4
51402,TAHUA,desnutricion global,sobrepeso (s),2006-09-01,3,0,0,1,3,1,4
31101,TAPACARI,desnutricion global,sobrepeso (s),2006-09-01,4,9,4,3,8,12,20
10601,TARABUCO,desnutricion global,sobrepeso (s),2006-09-01,13,13,4,1,17,14,31
20807,TARACO,desnutricion global,sobrepeso (s),2006-09-01,4,1,0,0,4,1,5
30401,TARATA,desnutricion global,sobrepeso (s),2006-09-01,14,16,1,4,15,20,35
60101,TARIJA,desnutricion global,sobrepeso (s),2006-09-01,303,234,79,73,382,307,689
10202,TARVITA,desnutricion global,sobrepeso (s),2006-09-01,1,1,0,0,1,1,2
20608,TEOPONTE,desnutricion global,sobrepeso (s),2006-09-01,17,8,6,3,23,11,34
20803,TIAWANACU,desnutricion global,sobrepeso (s),2006-09-01,4,9,3,2,7,11,18
50102,TINGUIPAYA,desnutricion global,sobrepeso (s),2006-09-01,9,1,1,0,10,1,11
20606,TIPUANI,desnutricion global,sobrepeso (s),2006-09-01,15,5,1,0,16,5,21
30903,TIQUIPAYA,desnutricion global,sobrepeso (s),2006-09-01,6,8,1,1,7,9,16
31601,TIRAQUE (CBBA),desnutricion global,sobrepeso (s),2006-09-01,91,48,9,4,100,52,152
21703,TITO YUPANQUI (PARQUIPUJIO),desnutricion global,sobrepeso (s),2006-09-01,1,0,0,0,1,0,1
30802,TOCO,desnutricion global,sobrepeso (s),2006-09-01,1,1,0,0,1,1,2
41001,TOLEDO,desnutricion global,sobrepeso (s),2006-09-01,0,2,0,0,0,2,2
51202,TOMAVE,desnutricion global,sobrepeso (s),2006-09-01,3,0,2,0,5,0,5
10402,TOMINA,desnutricion global,sobrepeso (s),2006-09-01,9,14,0,1,9,15,24
50502,TORO TORO,desnutricion global,sobrepeso (s),2006-09-01,8,7,0,1,8,8,16
31201,TOTORA(CBBA),desnutricion global,sobrepeso (s),2006-09-01,14,13,2,1,16,14,30
41301,TOTORA(ORR),desnutricion global,sobrepeso (s),2006-09-01,2,0,0,1,2,1,3
70802,TRIGAL,desnutricion global,sobrepeso (s),2006-09-01,3,1,2,0,5,1,6
80101,TRINIDAD,desnutricion global,sobrepeso (s),2006-09-01,176,107,30,20,206,127,333
50801,TUPIZA,desnutricion global,sobrepeso (s),2006-09-01,52,43,20,14,72,57,129
40402,TURCO,desnutricion global,sobrepeso (s),2006-09-01,8,2,4,0,12,2,14
21302,UMALA,desnutricion global,sobrepeso (s),2006-09-01,2,2,0,0,2,2,4
50201,UNCIA,desnutricion global,sobrepeso (s),2006-09-01,7,4,0,1,7,5,12
60401,URIONDO (A. CONCEPCION),desnutricion global,sobrepeso (s),2006-09-01,19,18,4,7,23,25,48
71502,URUBICHA,desnutricion global,sobrepeso (s),2006-09-01,1,0,0,0,1,0,1
51201,UYUNI,desnutricion global,sobrepeso (s),2006-09-01,35,21,2,1,37,22,59
30502,VACAS,desnutricion global,sobrepeso (s),2006-09-01,2,1,0,0,2,1,3
70801,VALLEGRANDE,desnutricion global,sobrepeso (s),2006-09-01,20,36,15,9,35,45,80
20801,VIACHA,desnutricion global,sobrepeso (s),2006-09-01,36,36,4,4,40,40,80
31302,VILA VILA,desnutricion global,sobrepeso (s),2006-09-01,1,0,0,0,1,0,1
60303,VILLA MONTES,desnutricion global,sobrepeso (s),2006-09-01,25,13,5,3,30,16,46
90502,VILLA NUEVA (LOMA ALTA),desnutricion global,sobrepeso (s),2006-09-01,1,2,1,1,2,3,5
31402,VILLA RIVERO,desnutricion global,sobrepeso (s),2006-09-01,5,6,1,2,6,8,14
10801,VILLA SERRANO,desnutricion global,sobrepeso (s),2006-09-01,7,12,6,1,13,13,26
31003,VILLA TUNARI,desnutricion global,sobrepeso (s),2006-09-01,76,58,9,4,85,62,147
11001,VILLA VACA GUZMAN (MUYUPAMPA),desnutricion global,sobrepeso (s),2006-09-01,18,13,6,2,24,15,39
51501,VILLAZON,desnutricion global,sobrepeso (s),2006-09-01,37,45,5,5,42,50,92
30904,VINTO,desnutricion global,sobrepeso (s),2006-09-01,24,7,1,2,25,9,34
50602,VITICHI,desnutricion global,sobrepeso (s),2006-09-01,7,2,0,0,7,2,9
70201,WARNES,desnutricion global,sobrepeso (s),2006-09-01,146,89,24,23,170,112,282
20903,YACO,desnutricion global,sobrepeso (s),2006-09-01,1,0,0,1,1,1,2
60301,YACUIBA,desnutricion global,sobrepeso (s),2006-09-01,74,64,13,7,87,71,158
10602,YAMPARAEZ,desnutricion global,sobrepeso (s),2006-09-01,9,10,1,0,10,10,20
21103,YANACACHI,desnutricion global,sobrepeso (s),2006-09-01,4,0,1,0,5,0,5
70403,YAPACANI,desnutricion global,sobrepeso (s),2006-09-01,70,78,13,7,83,85,168
50103,YOCALLA,desnutricion global,sobrepeso (s),2006-09-01,1,0,1,0,2,0,2
10102,YOTALA,desnutricion global,sobrepeso (s),2006-09-01,15,15,6,6,21,21,42
60402,YUNCHARA,desnutricion global,sobrepeso (s),2006-09-01,1,0,1,0,2,0,2
10301,ZUDAÑEZ,desnutricion global,sobrepeso (s),2006-09-01,9,15,2,0,11,15,26
51302,ACACIO,desnutricion global,sobrepeso (s),2006-10-01,2,0,0,1,2,1,3
20201,ACHACACHI,desnutricion global,sobrepeso (s),2006-10-01,20,31,8,7,28,38,66
20104,ACHOCALLA,desnutricion global,sobrepeso (s),2006-10-01,2,2,0,0,2,2,4
30201,AIQUILE,desnutricion global,sobrepeso (s),2006-10-01,7,5,0,1,7,6,13
10404,ALCALA,desnutricion global,sobrepeso (s),2006-10-01,3,4,0,0,3,4,7
20202,ANCORAIMES,desnutricion global,sobrepeso (s),2006-10-01,3,2,2,0,5,2,7
41201,ANDAMARCA,desnutricion global,sobrepeso (s),2006-10-01,1,0,0,0,1,0,1
40603,ANTEQUERA,desnutricion global,sobrepeso (s),2006-10-01,4,0,0,1,4,1,5
30402,ANZALDO,desnutricion global,sobrepeso (s),2006-10-01,5,3,4,4,9,7,16
20701,APOLO,desnutricion global,sobrepeso (s),2006-10-01,16,23,2,3,18,26,44
51301,ARAMPAMPA,desnutricion global,sobrepeso (s),2006-10-01,4,1,2,1,6,2,8
30501,ARANI,desnutricion global,sobrepeso (s),2006-10-01,1,2,0,0,1,2,3
30403,ARBIETO,desnutricion global,sobrepeso (s),2006-10-01,13,7,0,0,13,7,20
30601,ARQUE,desnutricion global,sobrepeso (s),2006-10-01,1,3,1,1,2,4,6
71501,ASCENCION DE GUARAYOS,desnutricion global,sobrepeso (s),2006-10-01,48,25,8,5,56,30,86
50802,ATOCHA,desnutricion global,sobrepeso (s),2006-10-01,5,6,0,1,5,7,12
20503,AUCAPATA,desnutricion global,sobrepeso (s),2006-10-01,4,2,3,0,7,2,9
20502,AYATA,desnutricion global,sobrepeso (s),2006-10-01,3,2,2,5,5,7,12
21303,AYO AYO,desnutricion global,sobrepeso (s),2006-10-01,2,1,1,0,3,1,4
30301,AYOPAYA (V. DE INDEPENDENCIA),desnutricion global,sobrepeso (s),2006-10-01,13,14,4,1,17,15,32
10201,AZURDUY,desnutricion global,sobrepeso (s),2006-10-01,14,7,3,2,17,9,26
21203,BATALLAS,desnutricion global,sobrepeso (s),2006-10-01,6,1,1,1,7,2,9
80802,BAURES,desnutricion global,sobrepeso (s),2006-10-01,19,13,1,4,20,17,37
50104,BELEN DE URMIRI,desnutricion global,sobrepeso (s),2006-10-01,0,0,0,1,0,1,1
90104,BELLA FLOR,desnutricion global,sobrepeso (s),2006-10-01,3,0,0,0,3,0,3
60202,BERMEJO,desnutricion global,sobrepeso (s),2006-10-01,13,3,3,2,16,5,21
50301,BETANZOS,desnutricion global,sobrepeso (s),2006-10-01,30,22,3,6,33,28,61
31501,BOLIVAR,desnutricion global,sobrepeso (s),2006-10-01,3,0,2,1,5,1,6
90103,BOLPEBRA,desnutricion global,sobrepeso (s),2006-10-01,0,1,0,1,0,2,2
70707,BOYUIBE,desnutricion global,sobrepeso (s),2006-10-01,7,3,0,2,7,5,12
70401,BUENA VISTA,desnutricion global,sobrepeso (s),2006-10-01,22,12,1,0,23,12,35
70703,CABEZAS,desnutricion global,sobrepeso (s),2006-10-01,31,27,8,5,39,32,71
20905,CAIROMA,desnutricion global,sobrepeso (s),2006-10-01,8,8,0,0,8,8,16
51102,"CAIZA ""D""",desnutricion global,sobrepeso (s),2006-10-01,13,15,2,3,15,18,33
21003,CAJUATA,desnutricion global,sobrepeso (s),2006-10-01,16,16,4,2,20,18,38
20303,CALACOTO,desnutricion global,sobrepeso (s),2006-10-01,1,0,0,0,1,0,1
21304,CALAMARCA,desnutricion global,sobrepeso (s),2006-10-01,8,8,2,0,10,8,18
10701,CAMARGO,desnutricion global,sobrepeso (s),2006-10-01,29,15,3,2,32,17,49
10901,CAMATAQUI (C. VILLA ABECIA),desnutricion global,sobrepeso (s),2006-10-01,4,4,0,1,4,5,9
70706,CAMIRI,desnutricion global,sobrepeso (s),2006-10-01,105,85,35,29,140,114,254
30701,CAPINOTA,desnutricion global,sobrepeso (s),2006-10-01,1,2,0,1,1,3,4
20302,CAQUIAVIRI,desnutricion global,sobrepeso (s),2006-10-01,14,5,1,3,15,8,23
40102,CARACOLLO,desnutricion global,sobrepeso (s),2006-10-01,11,19,0,1,11,20,31
22001,CARANAVI,desnutricion global,sobrepeso (s),2006-10-01,116,63,12,8,128,71,199
60302,CARAPARI,desnutricion global,sobrepeso (s),2006-10-01,34,25,9,7,43,32,75
50702,CARIPUYO,desnutricion global,sobrepeso (s),2006-10-01,6,7,1,0,7,7,14
71403,CARMEN RIVERO TORREZ,desnutricion global,sobrepeso (s),2006-10-01,5,1,0,1,5,2,7
21803,CHACARILLA,desnutricion global,sobrepeso (s),2006-10-01,0,1,0,0,0,1,1
40201,CHALLAPATA,desnutricion global,sobrepeso (s),2006-10-01,13,17,1,1,14,18,32
50302,CHAQUI,desnutricion global,sobrepeso (s),2006-10-01,5,5,1,0,6,5,11
70702,CHARAGUA,desnutricion global,sobrepeso (s),2006-10-01,71,66,32,16,103,82,185
50202,CHAYANTA,desnutricion global,sobrepeso (s),2006-10-01,8,8,5,8,13,16,29
31204,CHIMORE,desnutricion global,sobrepeso (s),2006-10-01,3,7,2,1,5,8,13
40903,CHIPAYA,desnutricion global,sobrepeso (s),2006-10-01,3,0,0,1,3,1,4
21101,CHULUMANI (V. DE LA LIBERTAD),desnutricion global,sobrepeso (s),2006-10-01,6,5,0,1,6,6,12
20501,CHUMA,desnutricion global,sobrepeso (s),2006-10-01,10,5,0,0,10,5,15
30801,CLIZA,desnutricion global,sobrepeso (s),2006-10-01,19,9,3,2,22,11,33
90101,COBIJA,desnutricion global,sobrepeso (s),2006-10-01,46,60,15,12,61,72,133
30101,COCHABAMBA,desnutricion global,sobrepeso (s),2006-10-01,366,259,104,58,470,317,787
40902,COIPASA,desnutricion global,sobrepeso (s),2006-10-01,1,0,0,0,1,0,1
30905,COLCAPIRHUA,desnutricion global,sobrepeso (s),2006-10-01,39,46,6,4,45,50,95
50901,"COLCHA ""K""",desnutricion global,sobrepeso (s),2006-10-01,4,5,0,0,4,5,9
21307,COLLANA,desnutricion global,sobrepeso (s),2006-10-01,3,2,1,1,4,3,7
31002,COLOMI,desnutricion global,sobrepeso (s),2006-10-01,10,14,2,0,12,14,26
70603,COLPA BELGICA,desnutricion global,sobrepeso (s),2006-10-01,18,6,3,3,21,9,30
50401,COLQUECHACA,desnutricion global,sobrepeso (s),2006-10-01,11,6,1,4,12,10,22
21306,COLQUENCHA,desnutricion global,sobrepeso (s),2006-10-01,2,2,0,0,2,2,4
21004,COLQUIRI,desnutricion global,sobrepeso (s),2006-10-01,1,5,1,1,2,6,8
71301,COMARAPA,desnutricion global,sobrepeso (s),2006-10-01,80,56,29,15,109,71,180
71101,CONCEPCION,desnutricion global,sobrepeso (s),2006-10-01,5,3,1,0,6,3,9
21701,COPACABANA,desnutricion global,sobrepeso (s),2006-10-01,16,6,3,1,19,7,26
21402,CORIPATA,desnutricion global,sobrepeso (s),2006-10-01,11,10,0,0,11,10,21
20301,CORO CORO,desnutricion global,sobrepeso (s),2006-10-01,2,3,2,2,4,5,9
21401,COROICO,desnutricion global,sobrepeso (s),2006-10-01,2,2,0,1,2,3,5
40301,CORQUE,desnutricion global,sobrepeso (s),2006-10-01,4,3,1,0,5,3,8
50601,COTAGAITA,desnutricion global,sobrepeso (s),2006-10-01,10,6,0,1,10,7,17
70102,COTOCA,desnutricion global,sobrepeso (s),2006-10-01,47,32,12,3,59,35,94
71106,CUATRO CAÑADAS,desnutricion global,sobrepeso (s),2006-10-01,31,8,3,0,34,8,42
70704,CUEVO,desnutricion global,sobrepeso (s),2006-10-01,7,7,1,1,8,8,16
10902,CULPINA,desnutricion global,sobrepeso (s),2006-10-01,22,8,6,6,28,14,42
40401,CURAHUARA DE CARANGAS,desnutricion global,sobrepeso (s),2006-10-01,3,3,1,0,4,3,7
21602,CURVA,desnutricion global,sobrepeso (s),2006-10-01,2,2,0,0,2,2,4
20804,DESAGUADERO,desnutricion global,sobrepeso (s),2006-10-01,6,6,0,0,6,6,12
20105,EL ALTO,desnutricion global,sobrepeso (s),2006-10-01,448,453,93,83,541,536,1077
40103,EL CHORO,desnutricion global,sobrepeso (s),2006-10-01,0,0,0,1,0,1,1
71503,EL PUENTE(STC),desnutricion global,sobrepeso (s),2006-10-01,15,8,0,1,15,9,24
60502,EL PUENTE(TJA),desnutricion global,sobrepeso (s),2006-10-01,4,10,0,2,4,12,16
70105,EL TORNO,desnutricion global,sobrepeso (s),2006-10-01,74,49,12,8,86,57,143
10405,EL VILLAR,desnutricion global,sobrepeso (s),2006-10-01,3,1,3,1,6,2,8
60601,ENTRE RIOS,desnutricion global,sobrepeso (s),2006-10-01,109,57,7,4,116,61,177
60601,ENTRE RIOS,desnutricion global,sobrepeso (s),2006-10-01,26,21,14,5,40,26,66
41101,EUCALIPTUS,desnutricion global,sobrepeso (s),2006-10-01,0,3,0,0,0,3,3
90503,EUREKA (SANTOS MERCADO),desnutricion global,sobrepeso (s),2006-10-01,0,1,0,0,0,1,1
80402,EXALTACION,desnutricion global,sobrepeso (s),2006-10-01,3,4,2,0,5,4,9
71004,FERNANDEZ ALONSO,desnutricion global,sobrepeso (s),2006-10-01,10,4,2,0,12,4,16
90203,FILADELFIA,desnutricion global,sobrepeso (s),2006-10-01,3,4,1,0,4,4,8
71002,GENERAL SAAVEDRA,desnutricion global,sobrepeso (s),2006-10-01,27,21,6,9,33,30,63
21601,GRAL. J.J. PEREZ (CHARAZANI),desnutricion global,sobrepeso (s),2006-10-01,7,5,2,0,9,5,14
20602,GUANAY,desnutricion global,sobrepeso (s),2006-10-01,13,13,28,21,41,34,75
20802,GUAQUI,desnutricion global,sobrepeso (s),2006-10-01,9,7,3,2,12,9,21
80202,GUAYARAMERIN,desnutricion global,sobrepeso (s),2006-10-01,105,99,23,18,128,117,245
70705,GUTIERREZ,desnutricion global,sobrepeso (s),2006-10-01,29,31,14,9,43,40,83
10502,HUACARETA,desnutricion global,sobrepeso (s),2006-10-01,16,8,6,2,22,10,32
11002,HUACAYA (VILLA DE HUACAYA),desnutricion global,sobrepeso (s),2006-10-01,3,7,2,2,5,9,14
40701,HUANUNI,desnutricion global,sobrepeso (s),2006-10-01,25,45,2,1,27,46,73
80803,HUARACAJE,desnutricion global,sobrepeso (s),2006-10-01,4,3,0,0,4,3,7
21005,ICHOCA,desnutricion global,sobrepeso (s),2006-10-01,4,0,1,1,5,1,6
10304,ICLA,desnutricion global,sobrepeso (s),2006-10-01,13,5,3,0,16,5,21
10703,INCAHUASI,desnutricion global,sobrepeso (s),2006-10-01,20,24,2,2,22,26,48
90402,INGAVI (HUMAITA),desnutricion global,sobrepeso (s),2006-10-01,6,3,1,0,7,3,10
21001,INQUISIVI,desnutricion global,sobrepeso (s),2006-10-01,14,10,2,2,16,12,28
21102,IRUPANA (VILLA DE LANZA),desnutricion global,sobrepeso (s),2006-10-01,4,4,3,0,7,4,11
21501,IXIAMAS,desnutricion global,sobrepeso (s),2006-10-01,17,9,1,1,18,10,28
20806,JESUS DE MACHACA,desnutricion global,sobrepeso (s),2006-10-01,5,7,0,0,5,7,12
21105,LA ASUNTA,desnutricion global,sobrepeso (s),2006-10-01,33,15,2,1,35,16,51
70104,LA GUARDIA,desnutricion global,sobrepeso (s),2006-10-01,74,34,16,17,90,51,141
20101,LA PAZ,desnutricion global,sobrepeso (s),2006-10-01,352,326,143,127,495,453,948
70701,LAGUNILLAS,desnutricion global,sobrepeso (s),2006-10-01,24,9,5,12,29,21,50
21202,LAJA,desnutricion global,sobrepeso (s),2006-10-01,7,11,0,1,7,12,19
10903,LAS CARRERAS,desnutricion global,sobrepeso (s),2006-10-01,9,4,1,1,10,5,15
21006,LICOMA PAMPA,desnutricion global,sobrepeso (s),2006-10-01,1,2,0,1,1,3,4
50203,LLALLAGUA,desnutricion global,sobrepeso (s),2006-10-01,42,62,15,11,57,73,130
51401,LLICA,desnutricion global,sobrepeso (s),2006-10-01,3,7,2,0,5,7,12
80601,LORETO,desnutricion global,sobrepeso (s),2006-10-01,3,1,2,2,5,3,8
20901,LURIBAY,desnutricion global,sobrepeso (s),2006-10-01,4,3,1,0,5,3,8
40702,MACHACAMARCA,desnutricion global,sobrepeso (s),2006-10-01,6,2,1,1,7,3,10
11003,MACHARETI,desnutricion global,sobrepeso (s),2006-10-01,27,23,15,7,42,30,72
80801,MAGDALENA,desnutricion global,sobrepeso (s),2006-10-01,17,9,4,4,21,13,34
70903,MAIRANA,desnutricion global,sobrepeso (s),2006-10-01,20,16,4,2,24,18,42
20607,MAPIRI,desnutricion global,sobrepeso (s),2006-10-01,35,25,5,4,40,29,69
20103,MECAPACA,desnutricion global,sobrepeso (s),2006-10-01,8,5,0,0,8,5,13
71003,MINEROS,desnutricion global,sobrepeso (s),2006-10-01,46,36,13,16,59,52,111
31301,MIZQUE,desnutricion global,sobrepeso (s),2006-10-01,22,22,8,6,30,28,58
20402,MOCOMOCO,desnutricion global,sobrepeso (s),2006-10-01,6,6,0,0,6,6,12
10303,MOJOCOYA,desnutricion global,sobrepeso (s),2006-10-01,16,4,3,3,19,7,26
10501,MONTEAGUDO,desnutricion global,sobrepeso (s),2006-10-01,44,64,12,11,56,75,131
71001,MONTERO,desnutricion global,sobrepeso (s),2006-10-01,297,225,75,64,372,289,661
70803,MORO MORO,desnutricion global,sobrepeso (s),2006-10-01,4,2,1,1,5,3,8
30302,MOROCHATA,desnutricion global,sobrepeso (s),2006-10-01,1,2,0,0,1,2,3
90501,NUEVO MANOA (NUEVA ESPERANZA),desnutricion global,sobrepeso (s),2006-10-01,1,0,1,1,2,1,3
50404,OCURI,desnutricion global,sobrepeso (s),2006-10-01,10,5,2,0,12,5,17
70202,OKINAWA,desnutricion global,sobrepeso (s),2006-10-01,11,5,1,0,12,5,17
30203,OMEREQUE,desnutricion global,sobrepeso (s),2006-10-01,7,6,0,0,7,6,13
40101,ORURO,desnutricion global,sobrepeso (s),2006-10-01,159,138,39,30,198,168,366
60201,PADCAYA,desnutricion global,sobrepeso (s),2006-10-01,20,23,6,10,26,33,59
10401,PADILLA,desnutricion global,sobrepeso (s),2006-10-01,18,12,20,18,38,30,68
70502,PAILON,desnutricion global,sobrepeso (s),2006-10-01,2,76,19,5,21,81,102
20102,PALCA,desnutricion global,sobrepeso (s),2006-10-01,11,11,2,0,13,11,24
21104,PALOS BLANCOS,desnutricion global,sobrepeso (s),2006-10-01,29,36,9,5,38,41,79
40802,PAMPA AULLAGAS,desnutricion global,sobrepeso (s),2006-10-01,2,1,0,0,2,1,3
70902,PAMPA GRANDE,desnutricion global,sobrepeso (s),2006-10-01,11,11,4,4,15,15,30
21802,PAPEL PAMPA,desnutricion global,sobrepeso (s),2006-10-01,0,2,2,2,2,4,6
30202,PASORAPA,desnutricion global,sobrepeso (s),2006-10-01,6,5,1,0,7,5,12
21305,PATACAMAYA,desnutricion global,sobrepeso (s),2006-10-01,15,5,3,1,18,6,24
40602,PAZÑA,desnutricion global,sobrepeso (s),2006-10-01,9,3,0,1,9,4,13
20702,PELECHUCO,desnutricion global,sobrepeso (s),2006-10-01,2,2,0,1,2,3,5
50403,POCOATA,desnutricion global,sobrepeso (s),2006-10-01,18,8,2,3,20,11,31
31203,POCONA,desnutricion global,sobrepeso (s),2006-10-01,9,4,5,0,14,4,18
31202,POJO (CBBA),desnutricion global,sobrepeso (s),2006-10-01,18,8,1,2,19,10,29
40601,POOPO,desnutricion global,sobrepeso (s),2006-10-01,2,3,2,0,4,3,7
51203,PORCO,desnutricion global,sobrepeso (s),2006-10-01,4,4,0,0,4,4,8
10103,POROMA,desnutricion global,sobrepeso (s),2006-10-01,12,8,1,2,13,10,23
70103,PORONGO,desnutricion global,sobrepeso (s),2006-10-01,8,4,2,0,10,4,14
70601,PORTACHUELO,desnutricion global,sobrepeso (s),2006-10-01,89,73,20,21,109,94,203
90102,PORVENIR,desnutricion global,sobrepeso (s),2006-10-01,6,7,1,4,7,11,18
70804,POSTRER VALLE,desnutricion global,sobrepeso (s),2006-10-01,0,2,2,2,2,4,6
50101,POTOSI,desnutricion global,sobrepeso (s),2006-10-01,88,87,15,7,103,94,197
10302,PRESTO,desnutricion global,sobrepeso (s),2006-10-01,4,7,1,0,5,7,12
70805,PUCARA,desnutricion global,sobrepeso (s),2006-10-01,2,3,5,0,7,3,10
21201,PUCARANI,desnutricion global,sobrepeso (s),2006-10-01,22,28,1,3,23,31,54
20401,PUERTO ACOSTA,desnutricion global,sobrepeso (s),2006-10-01,9,4,3,6,12,10,22
20403,PUERTO CARABUCO,desnutricion global,sobrepeso (s),2006-10-01,7,15,1,1,8,16,24
90301,PUERTO GONZALO MORENO,desnutricion global,sobrepeso (s),2006-10-01,4,7,0,0,4,7,11
21204,PUERTO PEREZ,desnutricion global,sobrepeso (s),2006-10-01,4,2,1,0,5,2,7
71402,PUERTO QUIJARRO,desnutricion global,sobrepeso (s),2006-10-01,38,34,7,6,45,40,85
90201,PUERTO RICO,desnutricion global,sobrepeso (s),2006-10-01,8,4,8,0,16,4,20
80703,PUERTO SILES,desnutricion global,sobrepeso (s),2006-10-01,1,0,0,0,1,0,1
71401,PUERTO SUAREZ,desnutricion global,sobrepeso (s),2006-10-01,23,41,14,11,37,52,89
31205,PUERTO VILLARROEL,desnutricion global,sobrepeso (s),2006-10-01,73,64,4,11,77,75,152
51101,PUNA,desnutricion global,sobrepeso (s),2006-10-01,5,12,3,1,8,13,21
31401,PUNATA,desnutricion global,sobrepeso (s),2006-10-01,11,4,1,1,12,5,17
20604,QUIABAYA,desnutricion global,sobrepeso (s),2006-10-01,1,2,0,1,1,3,4
30901,QUILLACOLLO,desnutricion global,sobrepeso (s),2006-10-01,32,26,5,10,37,36,73
21002,QUIME,desnutricion global,sobrepeso (s),2006-10-01,4,9,1,0,5,9,14
70904,QUIRUSILLAS,desnutricion global,sobrepeso (s),2006-10-01,6,6,5,0,11,6,17
50402,RAVELO,desnutricion global,sobrepeso (s),2006-10-01,14,7,2,1,16,8,24
80301,REYES,desnutricion global,sobrepeso (s),2006-10-01,20,18,4,0,24,18,42
80201,RIBERALTA,desnutricion global,sobrepeso (s),2006-10-01,84,22,10,2,94,24,118
70503,ROBORE,desnutricion global,sobrepeso (s),2006-10-01,28,27,12,5,40,32,72
80304,RURRENABAQUE,desnutricion global,sobrepeso (s),2006-10-01,15,8,0,0,15,8,23
40901,SABAYA,desnutricion global,sobrepeso (s),2006-10-01,3,3,0,0,3,3,6
31001,SACABA,desnutricion global,sobrepeso (s),2006-10-01,53,37,2,2,55,39,94
30404,SACABAMBA,desnutricion global,sobrepeso (s),2006-10-01,0,0,1,2,1,2,3
50701,SACACA,desnutricion global,sobrepeso (s),2006-10-01,4,7,2,1,6,8,14
71302,SAIPINA,desnutricion global,sobrepeso (s),2006-10-01,47,37,28,24,75,61,136
40801,SALINAS DE GARCI MENDOZA,desnutricion global,sobrepeso (s),2006-10-01,3,3,0,0,3,3,6
70901,SAMAIPATA,desnutricion global,sobrepeso (s),2006-10-01,14,3,1,0,15,3,18
51601,SAN AGUSTIN,desnutricion global,sobrepeso (s),2006-10-01,0,1,1,0,1,1,2
80602,SAN ANDRES,desnutricion global,sobrepeso (s),2006-10-01,16,12,2,4,18,16,34
20805,SAN ANDRES DE MACHACA,desnutricion global,sobrepeso (s),2006-10-01,2,2,0,3,2,5,7
51003,SAN ANTONIO DE ESMORUCO,desnutricion global,sobrepeso (s),2006-10-01,0,2,0,0,0,2,2
71105,SAN ANTONIO DE LOMERIO,desnutricion global,sobrepeso (s),2006-10-01,3,9,0,1,3,10,13
31403,SAN BENITO,desnutricion global,sobrepeso (s),2006-10-01,11,3,1,0,12,3,15
80302,SAN BORJA,desnutricion global,sobrepeso (s),2006-10-01,62,35,6,5,68,40,108
21502,SAN BUENA VENTURA,desnutricion global,sobrepeso (s),2006-10-01,6,8,1,0,7,8,15
70402,SAN CARLOS,desnutricion global,sobrepeso (s),2006-10-01,54,46,11,7,65,53,118
80501,SAN IGNACIO,desnutricion global,sobrepeso (s),2006-10-01,17,18,10,5,27,23,50
70301,SAN IGNACIO DE VELASCO,desnutricion global,sobrepeso (s),2006-10-01,65,26,13,9,78,35,113
80102,SAN JAVIER(BNI),desnutricion global,sobrepeso (s),2006-10-01,2,2,0,0,2,2,4
71102,SAN JAVIER(STC),desnutricion global,sobrepeso (s),2006-10-01,3,0,0,0,3,0,3
80701,SAN JOAQUIN,desnutricion global,sobrepeso (s),2006-10-01,10,6,5,3,15,9,24
70501,SAN JOSE DE CHIQUITOS,desnutricion global,sobrepeso (s),2006-10-01,20,12,9,4,29,16,45
70404,SAN JUAN DE YAPACANI,desnutricion global,sobrepeso (s),2006-10-01,26,13,12,4,38,17,55
71104,SAN JULIAN,desnutricion global,sobrepeso (s),2006-10-01,15,17,5,5,20,22,42
90302,SAN LORENZO(PND),desnutricion global,sobrepeso (s),2006-10-01,3,4,1,0,4,4,8
60501,SAN LORENZO(TJA),desnutricion global,sobrepeso (s),2006-10-01,15,11,7,1,22,12,34
10702,SAN LUCAS,desnutricion global,sobrepeso (s),2006-10-01,26,11,0,2,26,13,39
71201,SAN MATIAS,desnutricion global,sobrepeso (s),2006-10-01,28,7,2,4,30,11,41
70302,SAN MIGUEL DE VELASCO,desnutricion global,sobrepeso (s),2006-10-01,23,17,2,1,25,18,43
71005,SAN PEDRO,desnutricion global,sobrepeso (s),2006-10-01,48,37,6,2,54,39,93
50501,SAN PEDRO DE BUENA VISTA,desnutricion global,sobrepeso (s),2006-10-01,7,13,2,1,9,14,23
21801,SAN PEDRO DE CURAHUARA,desnutricion global,sobrepeso (s),2006-10-01,2,0,0,0,2,0,2
50902,SAN PEDRO DE QUEMES,desnutricion global,sobrepeso (s),2006-10-01,0,2,1,0,1,2,3
21702,SAN PEDRO DE TIQUINA,desnutricion global,sobrepeso (s),2006-10-01,0,0,0,1,0,1,1
90202,SAN PEDRO(PND),desnutricion global,sobrepeso (s),2006-10-01,2,0,0,1,2,1,3
70303,SAN RAFAEL,desnutricion global,sobrepeso (s),2006-10-01,6,5,1,0,7,5,12
80702,SAN RAMON,desnutricion global,sobrepeso (s),2006-10-01,21,12,4,2,25,14,39
80401,SANTA ANA,desnutricion global,sobrepeso (s),2006-10-01,32,24,11,10,43,34,77
70101,SANTA CRUZ DE LA SIERRA,desnutricion global,sobrepeso (s),2006-10-01,1251,962,379,334,1630,1296,2926
80303,SANTA ROSA,desnutricion global,sobrepeso (s),2006-10-01,6,7,1,3,7,10,17
70602,SANTA ROSA DEL SARA,desnutricion global,sobrepeso (s),2006-10-01,35,26,5,7,40,33,73
20308,SANTIAGO DE CALLAPA,desnutricion global,sobrepeso (s),2006-10-01,1,0,0,0,1,0,1
41401,SANTIAGO DE HUARI,desnutricion global,sobrepeso (s),2006-10-01,5,3,0,0,5,3,8
21901,SANTIAGO DE MACHACA,desnutricion global,sobrepeso (s),2006-10-01,1,0,0,0,1,0,1
30702,SANTIVAÑES,desnutricion global,sobrepeso (s),2006-10-01,0,3,0,0,0,3,3
40202,SANTUARIO DE QUILLACAS,desnutricion global,sobrepeso (s),2006-10-01,3,6,1,1,4,7,11
20902,SAPAHAQUI,desnutricion global,sobrepeso (s),2006-10-01,7,3,0,0,7,3,10
90303,SENA,desnutricion global,sobrepeso (s),2006-10-01,1,2,1,1,2,3,5
21301,SICA SICA (VILLA AROMA),desnutricion global,sobrepeso (s),2006-10-01,10,10,1,0,11,10,21
30703,SICAYA,desnutricion global,sobrepeso (s),2006-10-01,1,1,0,0,1,1,2
30902,SIPE SIPE,desnutricion global,sobrepeso (s),2006-10-01,62,54,12,11,74,65,139
10403,SOPACHUY,desnutricion global,sobrepeso (s),2006-10-01,14,4,0,0,14,4,18
40104,SORACACHI,desnutricion global,sobrepeso (s),2006-10-01,14,8,6,2,20,10,30
20601,SORATA,desnutricion global,sobrepeso (s),2006-10-01,15,11,1,0,16,11,27
10101,SUCRE,desnutricion global,sobrepeso (s),2006-10-01,207,182,87,64,294,246,540
31404,TACACHI,desnutricion global,sobrepeso (s),2006-10-01,2,0,0,0,2,0,2
20603,TACACOMA,desnutricion global,sobrepeso (s),2006-10-01,8,0,3,0,11,0,11
50303,TACOBAMBA,desnutricion global,sobrepeso (s),2006-10-01,3,0,3,0,6,0,6
30602,TACOPAYA,desnutricion global,sobrepeso (s),2006-10-01,2,2,0,0,2,2,4
51402,TAHUA,desnutricion global,sobrepeso (s),2006-10-01,0,1,0,0,0,1,1
31101,TAPACARI,desnutricion global,sobrepeso (s),2006-10-01,13,6,4,2,17,8,25
10601,TARABUCO,desnutricion global,sobrepeso (s),2006-10-01,10,11,6,5,16,16,32
20807,TARACO,desnutricion global,sobrepeso (s),2006-10-01,1,0,0,0,1,0,1
30401,TARATA,desnutricion global,sobrepeso (s),2006-10-01,9,10,1,3,10,13,23
60101,TARIJA,desnutricion global,sobrepeso (s),2006-10-01,261,213,69,62,330,275,605
10202,TARVITA,desnutricion global,sobrepeso (s),2006-10-01,3,7,3,0,6,7,13
20608,TEOPONTE,desnutricion global,sobrepeso (s),2006-10-01,8,7,4,2,12,9,21
20803,TIAWANACU,desnutricion global,sobrepeso (s),2006-10-01,1,2,1,0,2,2,4
50102,TINGUIPAYA,desnutricion global,sobrepeso (s),2006-10-01,6,1,0,0,6,1,7
20606,TIPUANI,desnutricion global,sobrepeso (s),2006-10-01,15,17,0,0,15,17,32
30903,TIQUIPAYA,desnutricion global,sobrepeso (s),2006-10-01,17,13,3,0,20,13,33
31601,TIRAQUE (CBBA),desnutricion global,sobrepeso (s),2006-10-01,82,76,19,9,101,85,186
21703,TITO YUPANQUI (PARQUIPUJIO),desnutricion global,sobrepeso (s),2006-10-01,0,2,0,0,0,2,2
30802,TOCO,desnutricion global,sobrepeso (s),2006-10-01,0,2,0,3,0,5,5
30803,TOLATA,desnutricion global,sobrepeso (s),2006-10-01,1,2,0,0,1,2,3
41001,TOLEDO,desnutricion global,sobrepeso (s),2006-10-01,3,1,0,0,3,1,4
51202,TOMAVE,desnutricion global,sobrepeso (s),2006-10-01,2,3,0,0,2,3,5
10402,TOMINA,desnutricion global,sobrepeso (s),2006-10-01,13,11,0,1,13,12,25
50502,TORO TORO,desnutricion global,sobrepeso (s),2006-10-01,6,9,1,0,7,9,16
31201,TOTORA(CBBA),desnutricion global,sobrepeso (s),2006-10-01,19,22,1,0,20,22,42
41301,TOTORA(ORR),desnutricion global,sobrepeso (s),2006-10-01,2,2,0,0,2,2,4
70802,TRIGAL,desnutricion global,sobrepeso (s),2006-10-01,5,3,1,1,6,4,10
80101,TRINIDAD,desnutricion global,sobrepeso (s),2006-10-01,171,117,38,20,209,137,346
50801,TUPIZA,desnutricion global,sobrepeso (s),2006-10-01,46,27,21,8,67,35,102
40402,TURCO,desnutricion global,sobrepeso (s),2006-10-01,5,4,0,0,5,4,9
21302,UMALA,desnutricion global,sobrepeso (s),2006-10-01,1,5,1,0,2,5,7
50201,UNCIA,desnutricion global,sobrepeso (s),2006-10-01,11,3,2,4,13,7,20
60401,URIONDO (A. CONCEPCION),desnutricion global,sobrepeso (s),2006-10-01,14,12,2,1,16,13,29
71502,URUBICHA,desnutricion global,sobrepeso (s),2006-10-01,14,10,5,3,19,13,32
51201,UYUNI,desnutricion global,sobrepeso (s),2006-10-01,7,8,2,1,9,9,18
30502,VACAS,desnutricion global,sobrepeso (s),2006-10-01,1,0,1,0,2,0,2
70801,VALLEGRANDE,desnutricion global,sobrepeso (s),2006-10-01,27,28,16,11,43,39,82
20801,VIACHA,desnutricion global,sobrepeso (s),2006-10-01,40,45,6,5,46,50,96
31302,VILA VILA,desnutricion global,sobrepeso (s),2006-10-01,4,4,2,1,6,5,11
60303,VILLA MONTES,desnutricion global,sobrepeso (s),2006-10-01,25,12,11,8,36,20,56
90502,VILLA NUEVA (LOMA ALTA),desnutricion global,sobrepeso (s),2006-10-01,0,4,1,0,1,4,5
31402,VILLA RIVERO,desnutricion global,sobrepeso (s),2006-10-01,4,11,4,0,8,11,19
10801,VILLA SERRANO,desnutricion global,sobrepeso (s),2006-10-01,9,15,3,4,12,19,31
31003,VILLA TUNARI,desnutricion global,sobrepeso (s),2006-10-01,82,53,11,8,93,61,154
11001,VILLA VACA GUZMAN (MUYUPAMPA),desnutricion global,sobrepeso (s),2006-10-01,16,20,7,22,23,42,65
51501,VILLAZON,desnutricion global,sobrepeso (s),2006-10-01,30,36,5,4,35,40,75
30904,VINTO,desnutricion global,sobrepeso (s),2006-10-01,22,10,0,2,22,12,34
50602,VITICHI,desnutricion global,sobrepeso (s),2006-10-01,7,0,1,0,8,0,8
70201,WARNES,desnutricion global,sobrepeso (s),2006-10-01,137,104,89,86,226,190,416
20903,YACO,desnutricion global,sobrepeso (s),2006-10-01,1,0,0,0,1,0,1
60301,YACUIBA,desnutricion global,sobrepeso (s),2006-10-01,80,87,6,9,86,96,182
10602,YAMPARAEZ,desnutricion global,sobrepeso (s),2006-10-01,12,11,2,0,14,11,25
21103,YANACACHI,desnutricion global,sobrepeso (s),2006-10-01,6,2,1,2,7,4,11
70403,YAPACANI,desnutricion global,sobrepeso (s),2006-10-01,81,82,6,6,87,88,175
50103,YOCALLA,desnutricion global,sobrepeso (s),2006-10-01,5,5,0,0,5,5,10
10102,YOTALA,desnutricion global,sobrepeso (s),2006-10-01,9,7,5,3,14,10,24
60402,YUNCHARA,desnutricion global,sobrepeso (s),2006-10-01,0,3,0,0,0,3,3
10301,ZUDAÑEZ,desnutricion global,sobrepeso (s),2006-10-01,8,11,1,0,9,11,20
51302,ACACIO,desnutricion global,sobrepeso (s),2006-11-01,4,3,0,1,4,4,8
20201,ACHACACHI,desnutricion global,sobrepeso (s),2006-11-01,27,32,6,7,33,39,72
30201,AIQUILE,desnutricion global,sobrepeso (s),2006-11-01,7,2,1,2,8,4,12
10404,ALCALA,desnutricion global,sobrepeso (s),2006-11-01,4,5,1,1,5,6,11
20202,ANCORAIMES,desnutricion global,sobrepeso (s),2006-11-01,2,3,2,0,4,3,7
41201,ANDAMARCA,desnutricion global,sobrepeso (s),2006-11-01,0,1,1,0,1,1,2
40603,ANTEQUERA,desnutricion global,sobrepeso (s),2006-11-01,4,1,0,0,4,1,5
30402,ANZALDO,desnutricion global,sobrepeso (s),2006-11-01,3,0,0,1,3,1,4
20701,APOLO,desnutricion global,sobrepeso (s),2006-11-01,18,9,3,2,21,11,32
51301,ARAMPAMPA,desnutricion global,sobrepeso (s),2006-11-01,0,1,0,0,0,1,1
30501,ARANI,desnutricion global,sobrepeso (s),2006-11-01,4,2,2,4,6,6,12
30403,ARBIETO,desnutricion global,sobrepeso (s),2006-11-01,4,2,0,0,4,2,6
30601,ARQUE,desnutricion global,sobrepeso (s),2006-11-01,2,5,0,0,2,5,7
71501,ASCENCION DE GUARAYOS,desnutricion global,sobrepeso (s),2006-11-01,3,5,2,0,5,5,10
50802,ATOCHA,desnutricion global,sobrepeso (s),2006-11-01,13,10,1,5,14,15,29
20503,AUCAPATA,desnutricion global,sobrepeso (s),2006-11-01,1,0,0,0,1,0,1
20502,AYATA,desnutricion global,sobrepeso (s),2006-11-01,3,1,0,1,3,2,5
21303,AYO AYO,desnutricion global,sobrepeso (s),2006-11-01,3,3,1,0,4,3,7
30301,AYOPAYA (V. DE INDEPENDENCIA),desnutricion global,sobrepeso (s),2006-11-01,28,33,4,2,32,35,67
10201,AZURDUY,desnutricion global,sobrepeso (s),2006-11-01,14,3,3,0,17,3,20
21203,BATALLAS,desnutricion global,sobrepeso (s),2006-11-01,2,1,0,0,2,1,3
80802,BAURES,desnutricion global,sobrepeso (s),2006-11-01,9,2,2,3,11,5,16
41202,BELEN DE ANDAMARCA,desnutricion global,sobrepeso (s),2006-11-01,1,0,0,0,1,0,1
50104,BELEN DE URMIRI,desnutricion global,sobrepeso (s),2006-11-01,0,0,0,2,0,2,2
90104,BELLA FLOR,desnutricion global,sobrepeso (s),2006-11-01,15,7,3,4,18,11,29
60202,BERMEJO,desnutricion global,sobrepeso (s),2006-11-01,1,0,2,0,3,0,3
50301,BETANZOS,desnutricion global,sobrepeso (s),2006-11-01,35,25,1,2,36,27,63
31501,BOLIVAR,desnutricion global,sobrepeso (s),2006-11-01,2,0,0,0,2,0,2
90103,BOLPEBRA,desnutricion global,sobrepeso (s),2006-11-01,0,2,0,0,0,2,2
70707,BOYUIBE,desnutricion global,sobrepeso (s),2006-11-01,4,5,1,4,5,9,14
70401,BUENA VISTA,desnutricion global,sobrepeso (s),2006-11-01,28,20,3,4,31,24,55
70703,CABEZAS,desnutricion global,sobrepeso (s),2006-11-01,32,18,10,7,42,25,67
20905,CAIROMA,desnutricion global,sobrepeso (s),2006-11-01,4,6,0,0,4,6,10
51102,"CAIZA ""D""",desnutricion global,sobrepeso (s),2006-11-01,12,4,3,1,15,5,20
21003,CAJUATA,desnutricion global,sobrepeso (s),2006-11-01,20,16,2,1,22,17,39
20303,CALACOTO,desnutricion global,sobrepeso (s),2006-11-01,0,1,1,0,1,1,2
21304,CALAMARCA,desnutricion global,sobrepeso (s),2006-11-01,6,4,0,0,6,4,10
10701,CAMARGO,desnutricion global,sobrepeso (s),2006-11-01,46,19,2,3,48,22,70
10901,CAMATAQUI (C. VILLA ABECIA),desnutricion global,sobrepeso (s),2006-11-01,4,8,2,2,6,10,16
70706,CAMIRI,desnutricion global,sobrepeso (s),2006-11-01,154,92,44,27,198,119,317
30701,CAPINOTA,desnutricion global,sobrepeso (s),2006-11-01,1,2,0,1,1,3,4
20302,CAQUIAVIRI,desnutricion global,sobrepeso (s),2006-11-01,4,6,0,1,4,7,11
40102,CARACOLLO,desnutricion global,sobrepeso (s),2006-11-01,14,17,2,0,16,17,33
22001,CARANAVI,desnutricion global,sobrepeso (s),2006-11-01,118,77,4,7,122,84,206
60302,CARAPARI,desnutricion global,sobrepeso (s),2006-11-01,34,32,10,6,44,38,82
50702,CARIPUYO,desnutricion global,sobrepeso (s),2006-11-01,7,2,2,0,9,2,11
71403,CARMEN RIVERO TORREZ,desnutricion global,sobrepeso (s),2006-11-01,1,1,2,2,3,3,6
40201,CHALLAPATA,desnutricion global,sobrepeso (s),2006-11-01,11,29,1,2,12,31,43
50302,CHAQUI,desnutricion global,sobrepeso (s),2006-11-01,7,11,0,0,7,11,18
70702,CHARAGUA,desnutricion global,sobrepeso (s),2006-11-01,45,33,14,11,59,44,103
20305,CHARAÑA,desnutricion global,sobrepeso (s),2006-11-01,1,5,1,0,2,5,7
50202,CHAYANTA,desnutricion global,sobrepeso (s),2006-11-01,8,11,2,4,10,15,25
31204,CHIMORE,desnutricion global,sobrepeso (s),2006-11-01,3,0,1,1,4,1,5
21101,CHULUMANI (V. DE LA LIBERTAD),desnutricion global,sobrepeso (s),2006-11-01,13,4,4,0,17,4,21
20501,CHUMA,desnutricion global,sobrepeso (s),2006-11-01,11,7,2,4,13,11,24
30801,CLIZA,desnutricion global,sobrepeso (s),2006-11-01,25,9,8,4,33,13,46
90101,COBIJA,desnutricion global,sobrepeso (s),2006-11-01,56,70,9,13,65,83,148
30101,COCHABAMBA,desnutricion global,sobrepeso (s),2006-11-01,440,323,86,75,526,398,924
30905,COLCAPIRHUA,desnutricion global,sobrepeso (s),2006-11-01,51,36,14,11,65,47,112
50901,"COLCHA ""K""",desnutricion global,sobrepeso (s),2006-11-01,8,10,2,1,10,11,21
21307,COLLANA,desnutricion global,sobrepeso (s),2006-11-01,1,0,0,0,1,0,1
31002,COLOMI,desnutricion global,sobrepeso (s),2006-11-01,9,9,1,0,10,9,19
70603,COLPA BELGICA,desnutricion global,sobrepeso (s),2006-11-01,20,12,7,6,27,18,45
50401,COLQUECHACA,desnutricion global,sobrepeso (s),2006-11-01,13,2,1,0,14,2,16
21306,COLQUENCHA,desnutricion global,sobrepeso (s),2006-11-01,6,2,0,0,6,2,8
21004,COLQUIRI,desnutricion global,sobrepeso (s),2006-11-01,4,5,0,3,4,8,12
20304,COMANCHE,desnutricion global,sobrepeso (s),2006-11-01,0,0,1,0,1,0,1
71301,COMARAPA,desnutricion global,sobrepeso (s),2006-11-01,98,65,16,20,114,85,199
20605,COMBAYA,desnutricion global,sobrepeso (s),2006-11-01,1,1,0,0,1,1,2
71101,CONCEPCION,desnutricion global,sobrepeso (s),2006-11-01,19,8,0,2,19,10,29
21701,COPACABANA,desnutricion global,sobrepeso (s),2006-11-01,18,10,3,0,21,10,31
21402,CORIPATA,desnutricion global,sobrepeso (s),2006-11-01,17,4,0,0,17,4,21
20301,CORO CORO,desnutricion global,sobrepeso (s),2006-11-01,1,4,0,1,1,5,6
21401,COROICO,desnutricion global,sobrepeso (s),2006-11-01,4,3,5,6,9,9,18
40301,CORQUE,desnutricion global,sobrepeso (s),2006-11-01,1,2,1,1,2,3,5
50601,COTAGAITA,desnutricion global,sobrepeso (s),2006-11-01,15,12,8,4,23,16,39
70102,COTOCA,desnutricion global,sobrepeso (s),2006-11-01,49,35,9,6,58,41,99
71106,CUATRO CAÑADAS,desnutricion global,sobrepeso (s),2006-11-01,32,12,3,3,35,15,50
70704,CUEVO,desnutricion global,sobrepeso (s),2006-11-01,10,8,1,0,11,8,19
10902,CULPINA,desnutricion global,sobrepeso (s),2006-11-01,16,24,5,1,21,25,46
40401,CURAHUARA DE CARANGAS,desnutricion global,sobrepeso (s),2006-11-01,8,7,1,0,9,7,16
21602,CURVA,desnutricion global,sobrepeso (s),2006-11-01,1,3,0,0,1,3,4
20804,DESAGUADERO,desnutricion global,sobrepeso (s),2006-11-01,8,9,0,0,8,9,17
20105,EL ALTO,desnutricion global,sobrepeso (s),2006-11-01,656,482,112,162,768,644,1412
40103,EL CHORO,desnutricion global,sobrepeso (s),2006-11-01,1,0,0,0,1,0,1
71503,EL PUENTE(STC),desnutricion global,sobrepeso (s),2006-11-01,8,0,2,0,10,0,10
60502,EL PUENTE(TJA),desnutricion global,sobrepeso (s),2006-11-01,13,13,3,1,16,14,30
70105,EL TORNO,desnutricion global,sobrepeso (s),2006-11-01,68,32,17,24,85,56,141
10405,EL VILLAR,desnutricion global,sobrepeso (s),2006-11-01,4,3,2,1,6,4,10
60601,ENTRE RIOS,desnutricion global,sobrepeso (s),2006-11-01,27,32,9,12,36,44,80
60601,ENTRE RIOS,desnutricion global,sobrepeso (s),2006-11-01,56,53,9,2,65,55,120
41101,EUCALIPTUS,desnutricion global,sobrepeso (s),2006-11-01,6,3,3,2,9,5,14
80402,EXALTACION,desnutricion global,sobrepeso (s),2006-11-01,14,3,0,1,14,4,18
71004,FERNANDEZ ALONSO,desnutricion global,sobrepeso (s),2006-11-01,18,10,3,1,21,11,32
90203,FILADELFIA,desnutricion global,sobrepeso (s),2006-11-01,14,10,3,1,17,11,28
71002,GENERAL SAAVEDRA,desnutricion global,sobrepeso (s),2006-11-01,39,29,12,6,51,35,86
21601,GRAL. J.J. PEREZ (CHARAZANI),desnutricion global,sobrepeso (s),2006-11-01,14,15,0,0,14,15,29
20602,GUANAY,desnutricion global,sobrepeso (s),2006-11-01,43,23,12,9,55,32,87
20802,GUAQUI,desnutricion global,sobrepeso (s),2006-11-01,10,7,4,0,14,7,21
80202,GUAYARAMERIN,desnutricion global,sobrepeso (s),2006-11-01,127,124,5,11,132,135,267
70705,GUTIERREZ,desnutricion global,sobrepeso (s),2006-11-01,38,30,12,5,50,35,85
10502,HUACARETA,desnutricion global,sobrepeso (s),2006-11-01,17,14,7,3,24,17,41
11002,HUACAYA (VILLA DE HUACAYA),desnutricion global,sobrepeso (s),2006-11-01,4,5,0,2,4,7,11
40501,HUACHACALLA,desnutricion global,sobrepeso (s),2006-11-01,3,0,2,0,5,0,5
40701,HUANUNI,desnutricion global,sobrepeso (s),2006-11-01,37,33,4,2,41,35,76
80803,HUARACAJE,desnutricion global,sobrepeso (s),2006-11-01,5,2,1,1,6,3,9
41601,HUAYLLAMARCA,desnutricion global,sobrepeso (s),2006-11-01,0,1,0,1,0,2,2
21005,ICHOCA,desnutricion global,sobrepeso (s),2006-11-01,2,2,0,0,2,2,4
10304,ICLA,desnutricion global,sobrepeso (s),2006-11-01,10,1,1,1,11,2,13
10703,INCAHUASI,desnutricion global,sobrepeso (s),2006-11-01,27,26,2,3,29,29,58
21001,INQUISIVI,desnutricion global,sobrepeso (s),2006-11-01,10,11,0,0,10,11,21
21102,IRUPANA (VILLA DE LANZA),desnutricion global,sobrepeso (s),2006-11-01,4,4,4,2,8,6,14
21501,IXIAMAS,desnutricion global,sobrepeso (s),2006-11-01,15,19,7,1,22,20,42
20806,JESUS DE MACHACA,desnutricion global,sobrepeso (s),2006-11-01,4,7,0,1,4,8,12
21105,LA ASUNTA,desnutricion global,sobrepeso (s),2006-11-01,24,19,4,3,28,22,50
70104,LA GUARDIA,desnutricion global,sobrepeso (s),2006-11-01,98,62,17,20,115,82,197
20101,LA PAZ,desnutricion global,sobrepeso (s),2006-11-01,478,451,151,119,629,570,1199
70701,LAGUNILLAS,desnutricion global,sobrepeso (s),2006-11-01,22,20,3,14,25,34,59
21202,LAJA,desnutricion global,sobrepeso (s),2006-11-01,6,10,1,1,7,11,18
10903,LAS CARRERAS,desnutricion global,sobrepeso (s),2006-11-01,6,6,1,2,7,8,15
21006,LICOMA PAMPA,desnutricion global,sobrepeso (s),2006-11-01,2,3,0,0,2,3,5
50203,LLALLAGUA,desnutricion global,sobrepeso (s),2006-11-01,58,65,17,12,75,77,152
51401,LLICA,desnutricion global,sobrepeso (s),2006-11-01,1,6,1,1,2,7,9
80601,LORETO,desnutricion global,sobrepeso (s),2006-11-01,2,4,4,5,6,9,15
20901,LURIBAY,desnutricion global,sobrepeso (s),2006-11-01,7,4,0,3,7,7,14
40702,MACHACAMARCA,desnutricion global,sobrepeso (s),2006-11-01,2,1,1,1,3,2,5
11003,MACHARETI,desnutricion global,sobrepeso (s),2006-11-01,33,22,14,9,47,31,78
80801,MAGDALENA,desnutricion global,sobrepeso (s),2006-11-01,20,9,6,3,26,12,38
70903,MAIRANA,desnutricion global,sobrepeso (s),2006-11-01,16,21,3,5,19,26,45
20607,MAPIRI,desnutricion global,sobrepeso (s),2006-11-01,30,16,2,5,32,21,53
20103,MECAPACA,desnutricion global,sobrepeso (s),2006-11-01,13,4,4,3,17,7,24
71003,MINEROS,desnutricion global,sobrepeso (s),2006-11-01,27,24,9,5,36,29,65
31301,MIZQUE,desnutricion global,sobrepeso (s),2006-11-01,51,24,6,3,57,27,84
20402,MOCOMOCO,desnutricion global,sobrepeso (s),2006-11-01,3,5,0,0,3,5,8
51002,MOJINETE,desnutricion global,sobrepeso (s),2006-11-01,0,0,0,1,0,1,1
10303,MOJOCOYA,desnutricion global,sobrepeso (s),2006-11-01,13,7,4,1,17,8,25
10501,MONTEAGUDO,desnutricion global,sobrepeso (s),2006-11-01,67,56,13,11,80,67,147
71001,MONTERO,desnutricion global,sobrepeso (s),2006-11-01,333,225,107,91,440,316,756
70803,MORO MORO,desnutricion global,sobrepeso (s),2006-11-01,10,10,6,1,16,11,27
30302,MOROCHATA,desnutricion global,sobrepeso (s),2006-11-01,2,1,1,0,3,1,4
90401,NACEBE (SANTA ROSA DEL ABUNA),desnutricion global,sobrepeso (s),2006-11-01,4,1,1,1,5,2,7
50404,OCURI,desnutricion global,sobrepeso (s),2006-11-01,5,6,0,1,5,7,12
70202,OKINAWA,desnutricion global,sobrepeso (s),2006-11-01,13,11,3,3,16,14,30
30203,OMEREQUE,desnutricion global,sobrepeso (s),2006-11-01,6,3,0,0,6,3,9
40101,ORURO,desnutricion global,sobrepeso (s),2006-11-01,220,182,32,33,252,215,467
60201,PADCAYA,desnutricion global,sobrepeso (s),2006-11-01,12,21,8,9,20,30,50
10401,PADILLA,desnutricion global,sobrepeso (s),2006-11-01,24,32,11,16,35,48,83
70502,PAILON,desnutricion global,sobrepeso (s),2006-11-01,0,75,26,0,26,75,101
20102,PALCA,desnutricion global,sobrepeso (s),2006-11-01,7,5,1,0,8,5,13
21104,PALOS BLANCOS,desnutricion global,sobrepeso (s),2006-11-01,21,24,5,3,26,27,53
40802,PAMPA AULLAGAS,desnutricion global,sobrepeso (s),2006-11-01,1,3,0,1,1,4,5
70902,PAMPA GRANDE,desnutricion global,sobrepeso (s),2006-11-01,14,12,2,6,16,18,34
21802,PAPEL PAMPA,desnutricion global,sobrepeso (s),2006-11-01,0,6,1,0,1,6,7
30202,PASORAPA,desnutricion global,sobrepeso (s),2006-11-01,5,5,1,1,6,6,12
21305,PATACAMAYA,desnutricion global,sobrepeso (s),2006-11-01,6,5,5,0,11,5,16
40602,PAZÑA,desnutricion global,sobrepeso (s),2006-11-01,6,3,0,0,6,3,9
20702,PELECHUCO,desnutricion global,sobrepeso (s),2006-11-01,2,2,0,0,2,2,4
50403,POCOATA,desnutricion global,sobrepeso (s),2006-11-01,16,14,5,2,21,16,37
31203,POCONA,desnutricion global,sobrepeso (s),2006-11-01,7,3,1,1,8,4,12
31202,POJO (CBBA),desnutricion global,sobrepeso (s),2006-11-01,34,20,3,1,37,21,58
40601,POOPO,desnutricion global,sobrepeso (s),2006-11-01,3,5,0,0,3,5,8
51203,PORCO,desnutricion global,sobrepeso (s),2006-11-01,31,3,4,0,35,3,38
10103,POROMA,desnutricion global,sobrepeso (s),2006-11-01,17,12,0,1,17,13,30
70103,PORONGO,desnutricion global,sobrepeso (s),2006-11-01,27,21,6,6,33,27,60
70601,PORTACHUELO,desnutricion global,sobrepeso (s),2006-11-01,121,80,33,25,154,105,259
90102,PORVENIR,desnutricion global,sobrepeso (s),2006-11-01,12,10,1,1,13,11,24
70804,POSTRER VALLE,desnutricion global,sobrepeso (s),2006-11-01,2,5,2,4,4,9,13
50101,POTOSI,desnutricion global,sobrepeso (s),2006-11-01,118,73,12,13,130,86,216
10302,PRESTO,desnutricion global,sobrepeso (s),2006-11-01,8,4,0,5,8,9,17
70805,PUCARA,desnutricion global,sobrepeso (s),2006-11-01,1,0,2,0,3,0,3
21201,PUCARANI,desnutricion global,sobrepeso (s),2006-11-01,19,21,1,4,20,25,45
20401,PUERTO ACOSTA,desnutricion global,sobrepeso (s),2006-11-01,11,3,4,5,15,8,23
20403,PUERTO CARABUCO,desnutricion global,sobrepeso (s),2006-11-01,8,13,0,0,8,13,21
90301,PUERTO GONZALO MORENO,desnutricion global,sobrepeso (s),2006-11-01,6,1,0,1,6,2,8
71402,PUERTO QUIJARRO,desnutricion global,sobrepeso (s),2006-11-01,42,37,5,5,47,42,89
90201,PUERTO RICO,desnutricion global,sobrepeso (s),2006-11-01,9,3,0,0,9,3,12
80703,PUERTO SILES,desnutricion global,sobrepeso (s),2006-11-01,7,5,3,3,10,8,18
71401,PUERTO SUAREZ,desnutricion global,sobrepeso (s),2006-11-01,47,30,9,11,56,41,97
31205,PUERTO VILLARROEL,desnutricion global,sobrepeso (s),2006-11-01,63,72,13,10,76,82,158
51101,PUNA,desnutricion global,sobrepeso (s),2006-11-01,21,13,0,2,21,15,36
31401,PUNATA,desnutricion global,sobrepeso (s),2006-11-01,13,9,5,3,18,12,30
20604,QUIABAYA,desnutricion global,sobrepeso (s),2006-11-01,1,1,0,0,1,1,2
30901,QUILLACOLLO,desnutricion global,sobrepeso (s),2006-11-01,58,75,38,15,96,90,186
21002,QUIME,desnutricion global,sobrepeso (s),2006-11-01,12,6,1,0,13,6,19
70904,QUIRUSILLAS,desnutricion global,sobrepeso (s),2006-11-01,6,8,3,1,9,9,18
50402,RAVELO,desnutricion global,sobrepeso (s),2006-11-01,11,3,0,0,11,3,14
80301,REYES,desnutricion global,sobrepeso (s),2006-11-01,29,11,7,3,36,14,50
80201,RIBERALTA,desnutricion global,sobrepeso (s),2006-11-01,102,40,15,6,117,46,163
70503,ROBORE,desnutricion global,sobrepeso (s),2006-11-01,22,7,8,7,30,14,44
80304,RURRENABAQUE,desnutricion global,sobrepeso (s),2006-11-01,6,2,0,2,6,4,10
40901,SABAYA,desnutricion global,sobrepeso (s),2006-11-01,1,2,0,0,1,2,3
31001,SACABA,desnutricion global,sobrepeso (s),2006-11-01,71,51,10,8,81,59,140
50701,SACACA,desnutricion global,sobrepeso (s),2006-11-01,4,4,0,0,4,4,8
71302,SAIPINA,desnutricion global,sobrepeso (s),2006-11-01,66,38,24,24,90,62,152
40801,SALINAS DE GARCI MENDOZA,desnutricion global,sobrepeso (s),2006-11-01,14,18,2,1,16,19,35
70901,SAMAIPATA,desnutricion global,sobrepeso (s),2006-11-01,11,6,1,1,12,7,19
51601,SAN AGUSTIN,desnutricion global,sobrepeso (s),2006-11-01,2,3,0,0,2,3,5
80602,SAN ANDRES,desnutricion global,sobrepeso (s),2006-11-01,33,24,6,1,39,25,64
20805,SAN ANDRES DE MACHACA,desnutricion global,sobrepeso (s),2006-11-01,2,7,0,2,2,9,11
51003,SAN ANTONIO DE ESMORUCO,desnutricion global,sobrepeso (s),2006-11-01,2,2,0,0,2,2,4
71105,SAN ANTONIO DE LOMERIO,desnutricion global,sobrepeso (s),2006-11-01,11,13,1,2,12,15,27
31403,SAN BENITO,desnutricion global,sobrepeso (s),2006-11-01,2,5,2,0,4,5,9
80302,SAN BORJA,desnutricion global,sobrepeso (s),2006-11-01,63,44,12,17,75,61,136
21502,SAN BUENA VENTURA,desnutricion global,sobrepeso (s),2006-11-01,10,9,2,0,12,9,21
70402,SAN CARLOS,desnutricion global,sobrepeso (s),2006-11-01,60,45,14,8,74,53,127
80501,SAN IGNACIO,desnutricion global,sobrepeso (s),2006-11-01,24,8,6,1,30,9,39
70301,SAN IGNACIO DE VELASCO,desnutricion global,sobrepeso (s),2006-11-01,141,78,23,8,164,86,250
80102,SAN JAVIER(BNI),desnutricion global,sobrepeso (s),2006-11-01,10,4,0,0,10,4,14
80701,SAN JOAQUIN,desnutricion global,sobrepeso (s),2006-11-01,2,2,6,12,8,14,22
70501,SAN JOSE DE CHIQUITOS,desnutricion global,sobrepeso (s),2006-11-01,11,9,10,8,21,17,38
70404,SAN JUAN DE YAPACANI,desnutricion global,sobrepeso (s),2006-11-01,46,22,4,2,50,24,74
71104,SAN JULIAN,desnutricion global,sobrepeso (s),2006-11-01,43,54,48,50,91,104,195
60501,SAN LORENZO(TJA),desnutricion global,sobrepeso (s),2006-11-01,14,7,4,2,18,9,27
10702,SAN LUCAS,desnutricion global,sobrepeso (s),2006-11-01,37,27,2,5,39,32,71
71201,SAN MATIAS,desnutricion global,sobrepeso (s),2006-11-01,17,6,5,2,22,8,30
70302,SAN MIGUEL DE VELASCO,desnutricion global,sobrepeso (s),2006-11-01,21,17,1,2,22,19,41
51001,SAN PABLO DE LIPEZ,desnutricion global,sobrepeso (s),2006-11-01,1,0,0,0,1,0,1
71005,SAN PEDRO,desnutricion global,sobrepeso (s),2006-11-01,56,46,6,10,62,56,118
50501,SAN PEDRO DE BUENA VISTA,desnutricion global,sobrepeso (s),2006-11-01,18,16,0,0,18,16,34
21801,SAN PEDRO DE CURAHUARA,desnutricion global,sobrepeso (s),2006-11-01,1,0,0,1,1,1,2
21702,SAN PEDRO DE TIQUINA,desnutricion global,sobrepeso (s),2006-11-01,0,0,0,2,0,2,2
90202,SAN PEDRO(PND),desnutricion global,sobrepeso (s),2006-11-01,0,0,1,0,1,0,1
70303,SAN RAFAEL,desnutricion global,sobrepeso (s),2006-11-01,5,7,2,1,7,8,15
80702,SAN RAMON,desnutricion global,sobrepeso (s),2006-11-01,19,8,2,1,21,9,30
80401,SANTA ANA,desnutricion global,sobrepeso (s),2006-11-01,43,25,12,6,55,31,86
70101,SANTA CRUZ DE LA SIERRA,desnutricion global,sobrepeso (s),2006-11-01,1414,1131,534,504,1948,1635,3583
80303,SANTA ROSA,desnutricion global,sobrepeso (s),2006-11-01,42,23,5,7,47,30,77
70602,SANTA ROSA DEL SARA,desnutricion global,sobrepeso (s),2006-11-01,22,43,8,7,30,50,80
41401,SANTIAGO DE HUARI,desnutricion global,sobrepeso (s),2006-11-01,6,3,1,1,7,4,11
21901,SANTIAGO DE MACHACA,desnutricion global,sobrepeso (s),2006-11-01,1,0,2,0,3,0,3
40202,SANTUARIO DE QUILLACAS,desnutricion global,sobrepeso (s),2006-11-01,4,7,7,0,11,7,18
20902,SAPAHAQUI,desnutricion global,sobrepeso (s),2006-11-01,6,3,0,2,6,5,11
90303,SENA,desnutricion global,sobrepeso (s),2006-11-01,2,5,0,0,2,5,7
21301,SICA SICA (VILLA AROMA),desnutricion global,sobrepeso (s),2006-11-01,6,15,0,0,6,15,21
30703,SICAYA,desnutricion global,sobrepeso (s),2006-11-01,1,1,0,0,1,1,2
30902,SIPE SIPE,desnutricion global,sobrepeso (s),2006-11-01,66,45,20,33,86,78,164
10403,SOPACHUY,desnutricion global,sobrepeso (s),2006-11-01,10,7,0,1,10,8,18
40104,SORACACHI,desnutricion global,sobrepeso (s),2006-11-01,14,7,7,5,21,12,33
20601,SORATA,desnutricion global,sobrepeso (s),2006-11-01,9,10,0,3,9,13,22
10101,SUCRE,desnutricion global,sobrepeso (s),2006-11-01,253,205,47,40,300,245,545
31404,TACACHI,desnutricion global,sobrepeso (s),2006-11-01,2,0,0,0,2,0,2
20603,TACACOMA,desnutricion global,sobrepeso (s),2006-11-01,7,3,3,1,10,4,14
50303,TACOBAMBA,desnutricion global,sobrepeso (s),2006-11-01,1,5,0,0,1,5,6
30602,TACOPAYA,desnutricion global,sobrepeso (s),2006-11-01,4,1,0,0,4,1,5
51402,TAHUA,desnutricion global,sobrepeso (s),2006-11-01,2,2,1,2,3,4,7
31101,TAPACARI,desnutricion global,sobrepeso (s),2006-11-01,10,3,1,1,11,4,15
10601,TARABUCO,desnutricion global,sobrepeso (s),2006-11-01,10,11,3,0,13,11,24
20807,TARACO,desnutricion global,sobrepeso (s),2006-11-01,3,3,0,0,3,3,6
30401,TARATA,desnutricion global,sobrepeso (s),2006-11-01,10,13,2,3,12,16,28
60101,TARIJA,desnutricion global,sobrepeso (s),2006-11-01,331,303,62,74,393,377,770
10202,TARVITA,desnutricion global,sobrepeso (s),2006-11-01,5,1,3,0,8,1,9
20608,TEOPONTE,desnutricion global,sobrepeso (s),2006-11-01,21,7,6,8,27,15,42
20803,TIAWANACU,desnutricion global,sobrepeso (s),2006-11-01,3,3,1,2,4,5,9
50102,TINGUIPAYA,desnutricion global,sobrepeso (s),2006-11-01,5,3,0,0,5,3,8
20606,TIPUANI,desnutricion global,sobrepeso (s),2006-11-01,11,6,1,0,12,6,18
30903,TIQUIPAYA,desnutricion global,sobrepeso (s),2006-11-01,19,18,3,3,22,21,43
31601,TIRAQUE (CBBA),desnutricion global,sobrepeso (s),2006-11-01,34,70,16,55,50,125,175
21703,TITO YUPANQUI (PARQUIPUJIO),desnutricion global,sobrepeso (s),2006-11-01,1,1,0,0,1,1,2
30803,TOLATA,desnutricion global,sobrepeso (s),2006-11-01,0,1,0,0,0,1,1
41001,TOLEDO,desnutricion global,sobrepeso (s),2006-11-01,8,1,1,1,9,2,11
51202,TOMAVE,desnutricion global,sobrepeso (s),2006-11-01,3,8,0,0,3,8,11
10402,TOMINA,desnutricion global,sobrepeso (s),2006-11-01,18,10,4,2,22,12,34
50502,TORO TORO,desnutricion global,sobrepeso (s),2006-11-01,14,8,4,1,18,9,27
31201,TOTORA(CBBA),desnutricion global,sobrepeso (s),2006-11-01,17,9,3,0,20,9,29
41301,TOTORA(ORR),desnutricion global,sobrepeso (s),2006-11-01,3,0,0,2,3,2,5
70802,TRIGAL,desnutricion global,sobrepeso (s),2006-11-01,6,1,0,1,6,2,8
80101,TRINIDAD,desnutricion global,sobrepeso (s),2006-11-01,138,111,29,22,167,133,300
50801,TUPIZA,desnutricion global,sobrepeso (s),2006-11-01,62,48,9,18,71,66,137
40402,TURCO,desnutricion global,sobrepeso (s),2006-11-01,4,6,1,2,5,8,13
21302,UMALA,desnutricion global,sobrepeso (s),2006-11-01,1,4,0,0,1,4,5
50201,UNCIA,desnutricion global,sobrepeso (s),2006-11-01,25,7,5,5,30,12,42
60401,URIONDO (A. CONCEPCION),desnutricion global,sobrepeso (s),2006-11-01,25,19,7,4,32,23,55
51201,UYUNI,desnutricion global,sobrepeso (s),2006-11-01,89,43,11,5,100,48,148
30502,VACAS,desnutricion global,sobrepeso (s),2006-11-01,0,0,2,0,2,0,2
70801,VALLEGRANDE,desnutricion global,sobrepeso (s),2006-11-01,50,40,7,9,57,49,106
20801,VIACHA,desnutricion global,sobrepeso (s),2006-11-01,34,37,8,3,42,40,82
31302,VILA VILA,desnutricion global,sobrepeso (s),2006-11-01,1,0,0,0,1,0,1
60303,VILLA MONTES,desnutricion global,sobrepeso (s),2006-11-01,35,18,5,5,40,23,63
90502,VILLA NUEVA (LOMA ALTA),desnutricion global,sobrepeso (s),2006-11-01,1,0,0,0,1,0,1
31402,VILLA RIVERO,desnutricion global,sobrepeso (s),2006-11-01,5,9,3,0,8,9,17
10801,VILLA SERRANO,desnutricion global,sobrepeso (s),2006-11-01,12,17,13,7,25,24,49
31003,VILLA TUNARI,desnutricion global,sobrepeso (s),2006-11-01,102,76,25,11,127,87,214
11001,VILLA VACA GUZMAN (MUYUPAMPA),desnutricion global,sobrepeso (s),2006-11-01,20,8,8,5,28,13,41
51501,VILLAZON,desnutricion global,sobrepeso (s),2006-11-01,33,39,8,4,41,43,84
30904,VINTO,desnutricion global,sobrepeso (s),2006-11-01,7,8,0,0,7,8,15
50602,VITICHI,desnutricion global,sobrepeso (s),2006-11-01,1,5,1,0,2,5,7
70201,WARNES,desnutricion global,sobrepeso (s),2006-11-01,137,126,39,46,176,172,348
20903,YACO,desnutricion global,sobrepeso (s),2006-11-01,1,4,1,0,2,4,6
60301,YACUIBA,desnutricion global,sobrepeso (s),2006-11-01,117,74,13,9,130,83,213
10602,YAMPARAEZ,desnutricion global,sobrepeso (s),2006-11-01,7,17,4,14,11,31,42
21103,YANACACHI,desnutricion global,sobrepeso (s),2006-11-01,7,4,2,4,9,8,17
70403,YAPACANI,desnutricion global,sobrepeso (s),2006-11-01,103,87,9,8,112,95,207
50103,YOCALLA,desnutricion global,sobrepeso (s),2006-11-01,11,5,0,0,11,5,16
10102,YOTALA,desnutricion global,sobrepeso (s),2006-11-01,12,8,3,5,15,13,28
60402,YUNCHARA,desnutricion global,sobrepeso (s),2006-11-01,1,6,0,0,1,6,7
10301,ZUDAÑEZ,desnutricion global,sobrepeso (s),2006-11-01,12,14,0,0,12,14,26
51302,ACACIO,desnutricion global,sobrepeso (s),2006-12-01,2,5,0,0,2,5,7
20201,ACHACACHI,desnutricion global,sobrepeso (s),2006-12-01,11,13,4,16,15,29,44
20104,ACHOCALLA,desnutricion global,sobrepeso (s),2006-12-01,1,2,0,0,1,2,3
30201,AIQUILE,desnutricion global,sobrepeso (s),2006-12-01,4,1,0,0,4,1,5
10404,ALCALA,desnutricion global,sobrepeso (s),2006-12-01,1,5,0,0,1,5,6
20202,ANCORAIMES,desnutricion global,sobrepeso (s),2006-12-01,6,5,0,0,6,5,11
41201,ANDAMARCA,desnutricion global,sobrepeso (s),2006-12-01,3,0,0,0,3,0,3
40603,ANTEQUERA,desnutricion global,sobrepeso (s),2006-12-01,4,3,0,1,4,4,8
30402,ANZALDO,desnutricion global,sobrepeso (s),2006-12-01,4,1,0,1,4,2,6
20701,APOLO,desnutricion global,sobrepeso (s),2006-12-01,25,18,1,1,26,19,45
51301,ARAMPAMPA,desnutricion global,sobrepeso (s),2006-12-01,5,4,0,0,5,4,9
30501,ARANI,desnutricion global,sobrepeso (s),2006-12-01,2,0,0,1,2,1,3
30403,ARBIETO,desnutricion global,sobrepeso (s),2006-12-01,3,3,1,3,4,6,10
30601,ARQUE,desnutricion global,sobrepeso (s),2006-12-01,1,8,0,0,1,8,9
71501,ASCENCION DE GUARAYOS,desnutricion global,sobrepeso (s),2006-12-01,55,29,16,5,71,34,105
50802,ATOCHA,desnutricion global,sobrepeso (s),2006-12-01,5,3,0,1,5,4,9
20502,AYATA,desnutricion global,sobrepeso (s),2006-12-01,3,0,0,0,3,0,3
21303,AYO AYO,desnutricion global,sobrepeso (s),2006-12-01,1,1,0,0,1,1,2
30301,AYOPAYA (V. DE INDEPENDENCIA),desnutricion global,sobrepeso (s),2006-12-01,6,14,3,1,9,15,24
10201,AZURDUY,desnutricion global,sobrepeso (s),2006-12-01,14,5,2,0,16,5,21
21203,BATALLAS,desnutricion global,sobrepeso (s),2006-12-01,4,2,0,0,4,2,6
80802,BAURES,desnutricion global,sobrepeso (s),2006-12-01,9,5,1,3,10,8,18
50104,BELEN DE URMIRI,desnutricion global,sobrepeso (s),2006-12-01,0,2,0,0,0,2,2
90104,BELLA FLOR,desnutricion global,sobrepeso (s),2006-12-01,14,0,4,4,18,4,22
60202,BERMEJO,desnutricion global,sobrepeso (s),2006-12-01,5,2,1,1,6,3,9
50301,BETANZOS,desnutricion global,sobrepeso (s),2006-12-01,23,21,1,2,24,23,47
90103,BOLPEBRA,desnutricion global,sobrepeso (s),2006-12-01,1,3,0,2,1,5,6
70707,BOYUIBE,desnutricion global,sobrepeso (s),2006-12-01,5,7,0,4,5,11,16
70401,BUENA VISTA,desnutricion global,sobrepeso (s),2006-12-01,14,11,3,2,17,13,30
70703,CABEZAS,desnutricion global,sobrepeso (s),2006-12-01,25,4,7,4,32,8,40
20905,CAIROMA,desnutricion global,sobrepeso (s),2006-12-01,3,1,0,0,3,1,4
51102,"CAIZA ""D""",desnutricion global,sobrepeso (s),2006-12-01,9,4,6,0,15,4,19
21003,CAJUATA,desnutricion global,sobrepeso (s),2006-12-01,15,11,0,2,15,13,28
20303,CALACOTO,desnutricion global,sobrepeso (s),2006-12-01,1,0,0,1,1,1,2
21304,CALAMARCA,desnutricion global,sobrepeso (s),2006-12-01,6,1,1,0,7,1,8
10701,CAMARGO,desnutricion global,sobrepeso (s),2006-12-01,19,9,2,0,21,9,30
10901,CAMATAQUI (C. VILLA ABECIA),desnutricion global,sobrepeso (s),2006-12-01,4,0,1,1,5,1,6
70706,CAMIRI,desnutricion global,sobrepeso (s),2006-12-01,108,88,34,16,142,104,246
30701,CAPINOTA,desnutricion global,sobrepeso (s),2006-12-01,0,1,1,1,1,2,3
20302,CAQUIAVIRI,desnutricion global,sobrepeso (s),2006-12-01,4,4,0,0,4,4,8
40102,CARACOLLO,desnutricion global,sobrepeso (s),2006-12-01,12,10,7,0,19,10,29
22001,CARANAVI,desnutricion global,sobrepeso (s),2006-12-01,87,59,4,11,91,70,161
60302,CARAPARI,desnutricion global,sobrepeso (s),2006-12-01,17,19,5,5,22,24,46
50702,CARIPUYO,desnutricion global,sobrepeso (s),2006-12-01,4,5,1,0,5,5,10
71403,CARMEN RIVERO TORREZ,desnutricion global,sobrepeso (s),2006-12-01,6,4,0,0,6,4,10
21803,CHACARILLA,desnutricion global,sobrepeso (s),2006-12-01,1,0,0,0,1,0,1
40201,CHALLAPATA,desnutricion global,sobrepeso (s),2006-12-01,21,14,0,3,21,17,38
50302,CHAQUI,desnutricion global,sobrepeso (s),2006-12-01,3,4,0,1,3,5,8
70702,CHARAGUA,desnutricion global,sobrepeso (s),2006-12-01,51,39,9,8,60,47,107
20305,CHARAÑA,desnutricion global,sobrepeso (s),2006-12-01,3,3,1,0,4,3,7
50202,CHAYANTA,desnutricion global,sobrepeso (s),2006-12-01,10,11,0,4,10,15,25
31204,CHIMORE,desnutricion global,sobrepeso (s),2006-12-01,3,10,0,0,3,10,13
40903,CHIPAYA,desnutricion global,sobrepeso (s),2006-12-01,0,2,0,0,0,2,2
40302,CHOQUE COTA,desnutricion global,sobrepeso (s),2006-12-01,2,1,0,0,2,1,3
21101,CHULUMANI (V. DE LA LIBERTAD),desnutricion global,sobrepeso (s),2006-12-01,5,0,0,0,5,0,5
20501,CHUMA,desnutricion global,sobrepeso (s),2006-12-01,6,5,0,0,6,5,11
30801,CLIZA,desnutricion global,sobrepeso (s),2006-12-01,24,9,3,5,27,14,41
90101,COBIJA,desnutricion global,sobrepeso (s),2006-12-01,66,76,12,12,78,88,166
30101,COCHABAMBA,desnutricion global,sobrepeso (s),2006-12-01,285,196,69,37,354,233,587
30905,COLCAPIRHUA,desnutricion global,sobrepeso (s),2006-12-01,21,18,6,11,27,29,56
50901,"COLCHA ""K""",desnutricion global,sobrepeso (s),2006-12-01,9,10,0,1,9,11,20
21307,COLLANA,desnutricion global,sobrepeso (s),2006-12-01,1,0,0,0,1,0,1
31002,COLOMI,desnutricion global,sobrepeso (s),2006-12-01,10,6,1,0,11,6,17
70603,COLPA BELGICA,desnutricion global,sobrepeso (s),2006-12-01,15,8,2,5,17,13,30
50401,COLQUECHACA,desnutricion global,sobrepeso (s),2006-12-01,4,6,1,0,5,6,11
21306,COLQUENCHA,desnutricion global,sobrepeso (s),2006-12-01,10,8,3,1,13,9,22
21004,COLQUIRI,desnutricion global,sobrepeso (s),2006-12-01,3,7,2,0,5,7,12
71301,COMARAPA,desnutricion global,sobrepeso (s),2006-12-01,80,40,25,9,105,49,154
71101,CONCEPCION,desnutricion global,sobrepeso (s),2006-12-01,7,2,3,2,10,4,14
21701,COPACABANA,desnutricion global,sobrepeso (s),2006-12-01,9,6,1,1,10,7,17
21402,CORIPATA,desnutricion global,sobrepeso (s),2006-12-01,9,7,1,0,10,7,17
20301,CORO CORO,desnutricion global,sobrepeso (s),2006-12-01,3,0,0,1,3,1,4
21401,COROICO,desnutricion global,sobrepeso (s),2006-12-01,28,7,2,3,30,10,40
40301,CORQUE,desnutricion global,sobrepeso (s),2006-12-01,0,1,1,0,1,1,2
50601,COTAGAITA,desnutricion global,sobrepeso (s),2006-12-01,13,7,6,0,19,7,26
70102,COTOCA,desnutricion global,sobrepeso (s),2006-12-01,39,31,2,1,41,32,73
71106,CUATRO CAÑADAS,desnutricion global,sobrepeso (s),2006-12-01,13,6,4,1,17,7,24
10902,CULPINA,desnutricion global,sobrepeso (s),2006-12-01,12,8,6,3,18,11,29
40401,CURAHUARA DE CARANGAS,desnutricion global,sobrepeso (s),2006-12-01,7,8,0,0,7,8,15
21602,CURVA,desnutricion global,sobrepeso (s),2006-12-01,3,0,0,0,3,0,3
20804,DESAGUADERO,desnutricion global,sobrepeso (s),2006-12-01,6,5,0,1,6,6,12
20105,EL ALTO,desnutricion global,sobrepeso (s),2006-12-01,467,408,108,103,575,511,1086
40103,EL CHORO,desnutricion global,sobrepeso (s),2006-12-01,3,1,0,0,3,1,4
71503,EL PUENTE(STC),desnutricion global,sobrepeso (s),2006-12-01,23,4,0,0,23,4,27
60502,EL PUENTE(TJA),desnutricion global,sobrepeso (s),2006-12-01,2,4,0,0,2,4,6
70105,EL TORNO,desnutricion global,sobrepeso (s),2006-12-01,35,37,10,5,45,42,87
10405,EL VILLAR,desnutricion global,sobrepeso (s),2006-12-01,3,2,4,1,7,3,10
60601,ENTRE RIOS,desnutricion global,sobrepeso (s),2006-12-01,36,35,9,4,45,39,84
60601,ENTRE RIOS,desnutricion global,sobrepeso (s),2006-12-01,23,28,7,6,30,34,64
40505,ESMERALDA,desnutricion global,sobrepeso (s),2006-12-01,0,1,0,0,0,1,1
41101,EUCALIPTUS,desnutricion global,sobrepeso (s),2006-12-01,2,2,1,1,3,3,6
80402,EXALTACION,desnutricion global,sobrepeso (s),2006-12-01,2,1,0,2,2,3,5
71004,FERNANDEZ ALONSO,desnutricion global,sobrepeso (s),2006-12-01,24,13,2,1,26,14,40
90203,FILADELFIA,desnutricion global,sobrepeso (s),2006-12-01,3,0,0,0,3,0,3
71002,GENERAL SAAVEDRA,desnutricion global,sobrepeso (s),2006-12-01,44,25,13,6,57,31,88
21601,GRAL. J.J. PEREZ (CHARAZANI),desnutricion global,sobrepeso (s),2006-12-01,7,14,0,0,7,14,21
20602,GUANAY,desnutricion global,sobrepeso (s),2006-12-01,17,26,1,3,18,29,47
20802,GUAQUI,desnutricion global,sobrepeso (s),2006-12-01,5,3,4,1,9,4,13
80202,GUAYARAMERIN,desnutricion global,sobrepeso (s),2006-12-01,88,80,6,9,94,89,183
70705,GUTIERREZ,desnutricion global,sobrepeso (s),2006-12-01,22,26,7,2,29,28,57
10502,HUACARETA,desnutricion global,sobrepeso (s),2006-12-01,15,10,5,5,20,15,35
11002,HUACAYA (VILLA DE HUACAYA),desnutricion global,sobrepeso (s),2006-12-01,4,8,0,0,4,8,12
40501,HUACHACALLA,desnutricion global,sobrepeso (s),2006-12-01,0,1,0,0,0,1,1
40701,HUANUNI,desnutricion global,sobrepeso (s),2006-12-01,23,25,2,4,25,29,54
80803,HUARACAJE,desnutricion global,sobrepeso (s),2006-12-01,2,2,0,2,2,4,6
41601,HUAYLLAMARCA,desnutricion global,sobrepeso (s),2006-12-01,1,0,0,0,1,0,1
21005,ICHOCA,desnutricion global,sobrepeso (s),2006-12-01,1,0,1,0,2,0,2
10304,ICLA,desnutricion global,sobrepeso (s),2006-12-01,9,0,2,0,11,0,11
10703,INCAHUASI,desnutricion global,sobrepeso (s),2006-12-01,17,19,1,1,18,20,38
90402,INGAVI (HUMAITA),desnutricion global,sobrepeso (s),2006-12-01,0,1,0,0,0,1,1
21001,INQUISIVI,desnutricion global,sobrepeso (s),2006-12-01,6,3,0,0,6,3,9
21102,IRUPANA (VILLA DE LANZA),desnutricion global,sobrepeso (s),2006-12-01,6,6,2,2,8,8,16
21501,IXIAMAS,desnutricion global,sobrepeso (s),2006-12-01,14,11,2,0,16,11,27
20806,JESUS DE MACHACA,desnutricion global,sobrepeso (s),2006-12-01,2,3,1,0,3,3,6
21105,LA ASUNTA,desnutricion global,sobrepeso (s),2006-12-01,18,8,1,0,19,8,27
70104,LA GUARDIA,desnutricion global,sobrepeso (s),2006-12-01,71,39,15,22,86,61,147
20101,LA PAZ,desnutricion global,sobrepeso (s),2006-12-01,324,266,75,77,399,343,742
70701,LAGUNILLAS,desnutricion global,sobrepeso (s),2006-12-01,8,7,3,10,11,17,28
21202,LAJA,desnutricion global,sobrepeso (s),2006-12-01,3,4,1,1,4,5,9
10903,LAS CARRERAS,desnutricion global,sobrepeso (s),2006-12-01,6,7,1,2,7,9,16
21006,LICOMA PAMPA,desnutricion global,sobrepeso (s),2006-12-01,1,4,0,1,1,5,6
50203,LLALLAGUA,desnutricion global,sobrepeso (s),2006-12-01,50,67,11,9,61,76,137
51401,LLICA,desnutricion global,sobrepeso (s),2006-12-01,4,2,1,0,5,2,7
80601,LORETO,desnutricion global,sobrepeso (s),2006-12-01,8,5,5,4,13,9,22
20901,LURIBAY,desnutricion global,sobrepeso (s),2006-12-01,6,3,1,1,7,4,11
40702,MACHACAMARCA,desnutricion global,sobrepeso (s),2006-12-01,4,6,1,1,5,7,12
11003,MACHARETI,desnutricion global,sobrepeso (s),2006-12-01,25,17,14,9,39,26,65
80801,MAGDALENA,desnutricion global,sobrepeso (s),2006-12-01,7,2,3,1,10,3,13
70903,MAIRANA,desnutricion global,sobrepeso (s),2006-12-01,19,16,4,1,23,17,40
20607,MAPIRI,desnutricion global,sobrepeso (s),2006-12-01,24,24,9,6,33,30,63
20103,MECAPACA,desnutricion global,sobrepeso (s),2006-12-01,3,0,0,0,3,0,3
71003,MINEROS,desnutricion global,sobrepeso (s),2006-12-01,21,10,7,4,28,14,42
31301,MIZQUE,desnutricion global,sobrepeso (s),2006-12-01,46,41,7,5,53,46,99
20402,MOCOMOCO,desnutricion global,sobrepeso (s),2006-12-01,1,2,0,1,1,3,4
10303,MOJOCOYA,desnutricion global,sobrepeso (s),2006-12-01,15,7,3,0,18,7,25
10501,MONTEAGUDO,desnutricion global,sobrepeso (s),2006-12-01,48,40,10,11,58,51,109
71001,MONTERO,desnutricion global,sobrepeso (s),2006-12-01,259,172,79,80,338,252,590
70803,MORO MORO,desnutricion global,sobrepeso (s),2006-12-01,6,3,1,2,7,5,12
30302,MOROCHATA,desnutricion global,sobrepeso (s),2006-12-01,8,7,2,1,10,8,18
90401,NACEBE (SANTA ROSA DEL ABUNA),desnutricion global,sobrepeso (s),2006-12-01,3,2,1,1,4,3,7
50404,OCURI,desnutricion global,sobrepeso (s),2006-12-01,8,3,0,0,8,3,11
70202,OKINAWA,desnutricion global,sobrepeso (s),2006-12-01,4,0,1,1,5,1,6
30203,OMEREQUE,desnutricion global,sobrepeso (s),2006-12-01,1,3,1,2,2,5,7
40101,ORURO,desnutricion global,sobrepeso (s),2006-12-01,154,115,22,29,176,144,320
60201,PADCAYA,desnutricion global,sobrepeso (s),2006-12-01,23,22,4,6,27,28,55
10401,PADILLA,desnutricion global,sobrepeso (s),2006-12-01,15,24,6,5,21,29,50
70502,PAILON,desnutricion global,sobrepeso (s),2006-12-01,16,29,11,3,27,32,59
20102,PALCA,desnutricion global,sobrepeso (s),2006-12-01,10,3,0,0,10,3,13
21104,PALOS BLANCOS,desnutricion global,sobrepeso (s),2006-12-01,8,5,0,0,8,5,13
40802,PAMPA AULLAGAS,desnutricion global,sobrepeso (s),2006-12-01,2,2,0,0,2,2,4
70902,PAMPA GRANDE,desnutricion global,sobrepeso (s),2006-12-01,10,8,0,0,10,8,18
21802,PAPEL PAMPA,desnutricion global,sobrepeso (s),2006-12-01,0,1,0,0,0,1,1
30202,PASORAPA,desnutricion global,sobrepeso (s),2006-12-01,2,5,1,1,3,6,9
21305,PATACAMAYA,desnutricion global,sobrepeso (s),2006-12-01,16,7,5,4,21,11,32
40602,PAZÑA,desnutricion global,sobrepeso (s),2006-12-01,0,1,0,1,0,2,2
20702,PELECHUCO,desnutricion global,sobrepeso (s),2006-12-01,6,5,0,0,6,5,11
50403,POCOATA,desnutricion global,sobrepeso (s),2006-12-01,17,8,3,1,20,9,29
31203,POCONA,desnutricion global,sobrepeso (s),2006-12-01,4,2,1,1,5,3,8
31202,POJO (CBBA),desnutricion global,sobrepeso (s),2006-12-01,15,3,2,1,17,4,21
40601,POOPO,desnutricion global,sobrepeso (s),2006-12-01,2,2,1,0,3,2,5
51203,PORCO,desnutricion global,sobrepeso (s),2006-12-01,6,2,0,2,6,4,10
10103,POROMA,desnutricion global,sobrepeso (s),2006-12-01,15,4,0,1,15,5,20
70103,PORONGO,desnutricion global,sobrepeso (s),2006-12-01,10,1,3,1,13,2,15
70601,PORTACHUELO,desnutricion global,sobrepeso (s),2006-12-01,61,28,16,15,77,43,120
90102,PORVENIR,desnutricion global,sobrepeso (s),2006-12-01,12,10,2,6,14,16,30
70804,POSTRER VALLE,desnutricion global,sobrepeso (s),2006-12-01,3,2,1,0,4,2,6
50101,POTOSI,desnutricion global,sobrepeso (s),2006-12-01,79,39,10,7,89,46,135
70805,PUCARA,desnutricion global,sobrepeso (s),2006-12-01,2,1,0,1,2,2,4
21201,PUCARANI,desnutricion global,sobrepeso (s),2006-12-01,27,15,5,1,32,16,48
20401,PUERTO ACOSTA,desnutricion global,sobrepeso (s),2006-12-01,1,1,0,1,1,2,3
20403,PUERTO CARABUCO,desnutricion global,sobrepeso (s),2006-12-01,4,2,2,2,6,4,10
90301,PUERTO GONZALO MORENO,desnutricion global,sobrepeso (s),2006-12-01,2,3,0,0,2,3,5
71402,PUERTO QUIJARRO,desnutricion global,sobrepeso (s),2006-12-01,34,25,4,2,38,27,65
90201,PUERTO RICO,desnutricion global,sobrepeso (s),2006-12-01,10,5,3,1,13,6,19
80703,PUERTO SILES,desnutricion global,sobrepeso (s),2006-12-01,1,2,0,0,1,2,3
71401,PUERTO SUAREZ,desnutricion global,sobrepeso (s),2006-12-01,27,27,5,8,32,35,67
31205,PUERTO VILLARROEL,desnutricion global,sobrepeso (s),2006-12-01,37,58,10,7,47,65,112
51101,PUNA,desnutricion global,sobrepeso (s),2006-12-01,29,13,10,8,39,21,60
31401,PUNATA,desnutricion global,sobrepeso (s),2006-12-01,10,3,1,0,11,3,14
20604,QUIABAYA,desnutricion global,sobrepeso (s),2006-12-01,2,1,0,0,2,1,3
30901,QUILLACOLLO,desnutricion global,sobrepeso (s),2006-12-01,44,31,9,3,53,34,87
21002,QUIME,desnutricion global,sobrepeso (s),2006-12-01,7,8,0,0,7,8,15
70904,QUIRUSILLAS,desnutricion global,sobrepeso (s),2006-12-01,7,3,2,1,9,4,13
50402,RAVELO,desnutricion global,sobrepeso (s),2006-12-01,6,6,0,0,6,6,12
80301,REYES,desnutricion global,sobrepeso (s),2006-12-01,11,12,2,3,13,15,28
80201,RIBERALTA,desnutricion global,sobrepeso (s),2006-12-01,69,50,4,7,73,57,130
70503,ROBORE,desnutricion global,sobrepeso (s),2006-12-01,12,3,9,5,21,8,29
80304,RURRENABAQUE,desnutricion global,sobrepeso (s),2006-12-01,13,8,1,5,14,13,27
40901,SABAYA,desnutricion global,sobrepeso (s),2006-12-01,4,4,0,0,4,4,8
31001,SACABA,desnutricion global,sobrepeso (s),2006-12-01,57,63,5,5,62,68,130
30404,SACABAMBA,desnutricion global,sobrepeso (s),2006-12-01,2,0,0,1,2,1,3
50701,SACACA,desnutricion global,sobrepeso (s),2006-12-01,13,17,3,3,16,20,36
71302,SAIPINA,desnutricion global,sobrepeso (s),2006-12-01,42,25,16,19,58,44,102
40801,SALINAS DE GARCI MENDOZA,desnutricion global,sobrepeso (s),2006-12-01,12,10,1,1,13,11,24
70901,SAMAIPATA,desnutricion global,sobrepeso (s),2006-12-01,10,6,1,2,11,8,19
51601,SAN AGUSTIN,desnutricion global,sobrepeso (s),2006-12-01,0,3,0,0,0,3,3
80602,SAN ANDRES,desnutricion global,sobrepeso (s),2006-12-01,17,7,3,3,20,10,30
51003,SAN ANTONIO DE ESMORUCO,desnutricion global,sobrepeso (s),2006-12-01,0,2,0,0,0,2,2
71105,SAN ANTONIO DE LOMERIO,desnutricion global,sobrepeso (s),2006-12-01,2,7,0,1,2,8,10
31403,SAN BENITO,desnutricion global,sobrepeso (s),2006-12-01,0,2,0,0,0,2,2
80302,SAN BORJA,desnutricion global,sobrepeso (s),2006-12-01,61,40,8,6,69,46,115
21502,SAN BUENA VENTURA,desnutricion global,sobrepeso (s),2006-12-01,9,6,1,0,10,6,16
70402,SAN CARLOS,desnutricion global,sobrepeso (s),2006-12-01,47,35,13,7,60,42,102
80501,SAN IGNACIO,desnutricion global,sobrepeso (s),2006-12-01,18,15,5,3,23,18,41
70301,SAN IGNACIO DE VELASCO,desnutricion global,sobrepeso (s),2006-12-01,74,41,10,8,84,49,133
80102,SAN JAVIER(BNI),desnutricion global,sobrepeso (s),2006-12-01,2,5,0,0,2,5,7
80701,SAN JOAQUIN,desnutricion global,sobrepeso (s),2006-12-01,11,4,3,5,14,9,23
70501,SAN JOSE DE CHIQUITOS,desnutricion global,sobrepeso (s),2006-12-01,14,11,6,3,20,14,34
70404,SAN JUAN DE YAPACANI,desnutricion global,sobrepeso (s),2006-12-01,35,21,4,4,39,25,64
71104,SAN JULIAN,desnutricion global,sobrepeso (s),2006-12-01,15,7,7,2,22,9,31
90302,SAN LORENZO(PND),desnutricion global,sobrepeso (s),2006-12-01,3,4,1,0,4,4,8
60501,SAN LORENZO(TJA),desnutricion global,sobrepeso (s),2006-12-01,4,9,1,2,5,11,16
10702,SAN LUCAS,desnutricion global,sobrepeso (s),2006-12-01,27,16,2,2,29,18,47
71201,SAN MATIAS,desnutricion global,sobrepeso (s),2006-12-01,12,4,2,3,14,7,21
70302,SAN MIGUEL DE VELASCO,desnutricion global,sobrepeso (s),2006-12-01,23,14,2,2,25,16,41
71005,SAN PEDRO,desnutricion global,sobrepeso (s),2006-12-01,50,31,9,4,59,35,94
50501,SAN PEDRO DE BUENA VISTA,desnutricion global,sobrepeso (s),2006-12-01,12,9,2,0,14,9,23
21801,SAN PEDRO DE CURAHUARA,desnutricion global,sobrepeso (s),2006-12-01,1,1,0,0,1,1,2
21702,SAN PEDRO DE TIQUINA,desnutricion global,sobrepeso (s),2006-12-01,2,1,3,1,5,2,7
90202,SAN PEDRO(PND),desnutricion global,sobrepeso (s),2006-12-01,3,2,1,0,4,2,6
70303,SAN RAFAEL,desnutricion global,sobrepeso (s),2006-12-01,7,4,1,1,8,5,13
80702,SAN RAMON,desnutricion global,sobrepeso (s),2006-12-01,22,8,6,2,28,10,38
80401,SANTA ANA,desnutricion global,sobrepeso (s),2006-12-01,27,13,11,14,38,27,65
70101,SANTA CRUZ DE LA SIERRA,desnutricion global,sobrepeso (s),2006-12-01,1076,823,294,342,1370,1165,2535
80303,SANTA ROSA,desnutricion global,sobrepeso (s),2006-12-01,41,38,2,7,43,45,88
70602,SANTA ROSA DEL SARA,desnutricion global,sobrepeso (s),2006-12-01,16,10,2,0,18,10,28
41401,SANTIAGO DE HUARI,desnutricion global,sobrepeso (s),2006-12-01,7,3,1,2,8,5,13
21901,SANTIAGO DE MACHACA,desnutricion global,sobrepeso (s),2006-12-01,2,1,0,0,2,1,3
40202,SANTUARIO DE QUILLACAS,desnutricion global,sobrepeso (s),2006-12-01,10,9,13,13,23,22,45
20902,SAPAHAQUI,desnutricion global,sobrepeso (s),2006-12-01,12,2,1,1,13,3,16
90303,SENA,desnutricion global,sobrepeso (s),2006-12-01,3,2,0,0,3,2,5
21301,SICA SICA (VILLA AROMA),desnutricion global,sobrepeso (s),2006-12-01,5,9,0,2,5,11,16
30902,SIPE SIPE,desnutricion global,sobrepeso (s),2006-12-01,44,43,7,9,51,52,103
10403,SOPACHUY,desnutricion global,sobrepeso (s),2006-12-01,8,2,0,0,8,2,10
40104,SORACACHI,desnutricion global,sobrepeso (s),2006-12-01,18,12,3,6,21,18,39
20601,SORATA,desnutricion global,sobrepeso (s),2006-12-01,3,4,1,2,4,6,10
10101,SUCRE,desnutricion global,sobrepeso (s),2006-12-01,151,131,46,29,197,160,357
20603,TACACOMA,desnutricion global,sobrepeso (s),2006-12-01,6,6,0,0,6,6,12
50303,TACOBAMBA,desnutricion global,sobrepeso (s),2006-12-01,5,2,0,1,5,3,8
30602,TACOPAYA,desnutricion global,sobrepeso (s),2006-12-01,2,2,1,0,3,2,5
51402,TAHUA,desnutricion global,sobrepeso (s),2006-12-01,3,1,0,0,3,1,4
31101,TAPACARI,desnutricion global,sobrepeso (s),2006-12-01,11,4,3,0,14,4,18
10601,TARABUCO,desnutricion global,sobrepeso (s),2006-12-01,7,12,1,1,8,13,21
20807,TARACO,desnutricion global,sobrepeso (s),2006-12-01,1,0,0,0,1,0,1
30401,TARATA,desnutricion global,sobrepeso (s),2006-12-01,11,16,0,1,11,17,28
60101,TARIJA,desnutricion global,sobrepeso (s),2006-12-01,222,178,62,38,284,216,500
10202,TARVITA,desnutricion global,sobrepeso (s),2006-12-01,6,1,1,0,7,1,8
20608,TEOPONTE,desnutricion global,sobrepeso (s),2006-12-01,15,11,8,4,23,15,38
20803,TIAWANACU,desnutricion global,sobrepeso (s),2006-12-01,3,3,0,0,3,3,6
50102,TINGUIPAYA,desnutricion global,sobrepeso (s),2006-12-01,3,7,0,1,3,8,11
20606,TIPUANI,desnutricion global,sobrepeso (s),2006-12-01,4,9,0,0,4,9,13
30903,TIQUIPAYA,desnutricion global,sobrepeso (s),2006-12-01,6,7,1,0,7,7,14
31601,TIRAQUE (CBBA),desnutricion global,sobrepeso (s),2006-12-01,59,35,15,6,74,41,115
21703,TITO YUPANQUI (PARQUIPUJIO),desnutricion global,sobrepeso (s),2006-12-01,1,2,1,0,2,2,4
30802,TOCO,desnutricion global,sobrepeso (s),2006-12-01,0,3,5,8,5,11,16
30803,TOLATA,desnutricion global,sobrepeso (s),2006-12-01,2,2,0,0,2,2,4
41001,TOLEDO,desnutricion global,sobrepeso (s),2006-12-01,8,4,2,1,10,5,15
51202,TOMAVE,desnutricion global,sobrepeso (s),2006-12-01,0,9,0,3,0,12,12
10402,TOMINA,desnutricion global,sobrepeso (s),2006-12-01,11,6,0,2,11,8,19
50502,TORO TORO,desnutricion global,sobrepeso (s),2006-12-01,11,4,1,1,12,5,17
31201,TOTORA(CBBA),desnutricion global,sobrepeso (s),2006-12-01,13,13,0,1,13,14,27
41301,TOTORA(ORR),desnutricion global,sobrepeso (s),2006-12-01,3,4,0,1,3,5,8
70802,TRIGAL,desnutricion global,sobrepeso (s),2006-12-01,3,0,2,0,5,0,5
80101,TRINIDAD,desnutricion global,sobrepeso (s),2006-12-01,134,94,24,15,158,109,267
50801,TUPIZA,desnutricion global,sobrepeso (s),2006-12-01,51,37,11,13,62,50,112
40402,TURCO,desnutricion global,sobrepeso (s),2006-12-01,4,1,0,2,4,3,7
21302,UMALA,desnutricion global,sobrepeso (s),2006-12-01,1,4,0,0,1,4,5
50201,UNCIA,desnutricion global,sobrepeso (s),2006-12-01,4,1,0,0,4,1,5
60401,URIONDO (A. CONCEPCION),desnutricion global,sobrepeso (s),2006-12-01,9,8,3,1,12,9,21
71502,URUBICHA,desnutricion global,sobrepeso (s),2006-12-01,9,7,2,3,11,10,21
51201,UYUNI,desnutricion global,sobrepeso (s),2006-12-01,60,41,2,1,62,42,104
30502,VACAS,desnutricion global,sobrepeso (s),2006-12-01,2,0,0,0,2,0,2
70801,VALLEGRANDE,desnutricion global,sobrepeso (s),2006-12-01,17,12,8,4,25,16,41
20801,VIACHA,desnutricion global,sobrepeso (s),2006-12-01,48,44,12,7,60,51,111
31302,VILA VILA,desnutricion global,sobrepeso (s),2006-12-01,0,3,0,0,0,3,3
60303,VILLA MONTES,desnutricion global,sobrepeso (s),2006-12-01,33,11,6,6,39,17,56
31402,VILLA RIVERO,desnutricion global,sobrepeso (s),2006-12-01,3,6,1,0,4,6,10
10801,VILLA SERRANO,desnutricion global,sobrepeso (s),2006-12-01,10,12,1,1,11,13,24
31003,VILLA TUNARI,desnutricion global,sobrepeso (s),2006-12-01,78,49,23,17,101,66,167
11001,VILLA VACA GUZMAN (MUYUPAMPA),desnutricion global,sobrepeso (s),2006-12-01,11,12,6,4,17,16,33
51501,VILLAZON,desnutricion global,sobrepeso (s),2006-12-01,45,27,10,12,55,39,94
30904,VINTO,desnutricion global,sobrepeso (s),2006-12-01,8,2,3,0,11,2,13
50602,VITICHI,desnutricion global,sobrepeso (s),2006-12-01,4,1,0,1,4,2,6
70201,WARNES,desnutricion global,sobrepeso (s),2006-12-01,114,103,13,30,127,133,260
20903,YACO,desnutricion global,sobrepeso (s),2006-12-01,1,0,1,2,2,2,4
60301,YACUIBA,desnutricion global,sobrepeso (s),2006-12-01,65,57,10,3,75,60,135
10602,YAMPARAEZ,desnutricion global,sobrepeso (s),2006-12-01,8,17,3,2,11,19,30
21103,YANACACHI,desnutricion global,sobrepeso (s),2006-12-01,5,2,0,0,5,2,7
70403,YAPACANI,desnutricion global,sobrepeso (s),2006-12-01,69,51,7,6,76,57,133
50103,YOCALLA,desnutricion global,sobrepeso (s),2006-12-01,3,3,0,1,3,4,7
10102,YOTALA,desnutricion global,sobrepeso (s),2006-12-01,8,9,4,5,12,14,26
60402,YUNCHARA,desnutricion global,sobrepeso (s),2006-12-01,1,0,0,0,1,0,1
10301,ZUDAÑEZ,desnutricion global,sobrepeso (s),2006-12-01,8,10,0,0,8,10,18
