codigo_municipio,municipio,grupo,variable,mes,hombres menores a 2 años,mujeres menores a 2 años,hombres de 2 a 4 años,mujeres de 2 a 4 años,hombres total,mujeres total,total
51302,ACACIO,desnutricion aguda,nutricion superior (ns),2007-01-01,3,1,0,1,3,2,5
30201,AIQUILE,desnutricion aguda,nutricion superior (ns),2007-01-01,9,1,5,1,14,2,16
10404,ALCALA,desnutricion aguda,nutricion superior (ns),2007-01-01,3,10,0,1,3,11,14
41201,ANDAMARCA,desnutricion aguda,nutricion superior (ns),2007-01-01,4,1,0,0,4,1,5
40603,ANTEQUERA,desnutricion aguda,nutricion superior (ns),2007-01-01,1,0,0,0,1,0,1
30402,ANZALDO,desnutricion aguda,nutricion superior (ns),2007-01-01,3,2,3,4,6,6,12
51301,ARAMPAMPA,desnutricion aguda,nutricion superior (ns),2007-01-01,2,0,1,2,3,2,5
30501,ARANI,desnutricion aguda,nutricion superior (ns),2007-01-01,4,5,4,1,8,6,14
30403,ARBIETO,desnutricion aguda,nutricion superior (ns),2007-01-01,7,7,0,1,7,8,15
30601,ARQUE,desnutricion aguda,nutricion superior (ns),2007-01-01,1,1,0,0,1,1,2
50802,ATOCHA,desnutricion aguda,nutricion superior (ns),2007-01-01,8,3,2,1,10,4,14
30301,AYOPAYA (V. DE INDEPENDENCIA),desnutricion aguda,nutricion superior (ns),2007-01-01,12,13,1,2,13,15,28
10201,AZURDUY,desnutricion aguda,nutricion superior (ns),2007-01-01,17,7,6,1,23,8,31
80802,BAURES,desnutricion aguda,nutricion superior (ns),2007-01-01,14,5,0,4,14,9,23
41202,BELEN DE ANDAMARCA,desnutricion aguda,nutricion superior (ns),2007-01-01,0,2,2,0,2,2,4
50104,BELEN DE URMIRI,desnutricion aguda,nutricion superior (ns),2007-01-01,2,1,2,3,4,4,8
90104,BELLA FLOR,desnutricion aguda,nutricion superior (ns),2007-01-01,7,2,0,2,7,4,11
60202,BERMEJO,desnutricion aguda,nutricion superior (ns),2007-01-01,4,0,0,0,4,0,4
50301,BETANZOS,desnutricion aguda,nutricion superior (ns),2007-01-01,17,13,3,5,20,18,38
31501,BOLIVAR,desnutricion aguda,nutricion superior (ns),2007-01-01,1,0,0,0,1,0,1
90103,BOLPEBRA,desnutricion aguda,nutricion superior (ns),2007-01-01,0,1,0,0,0,1,1
70707,BOYUIBE,desnutricion aguda,nutricion superior (ns),2007-01-01,2,7,1,1,3,8,11
70401,BUENA VISTA,desnutricion aguda,nutricion superior (ns),2007-01-01,15,5,6,3,21,8,29
70703,CABEZAS,desnutricion aguda,nutricion superior (ns),2007-01-01,42,21,16,8,58,29,87
51102,"CAIZA ""D""",desnutricion aguda,nutricion superior (ns),2007-01-01,7,7,2,3,9,10,19
21003,CAJUATA,desnutricion aguda,nutricion superior (ns),2007-01-01,32,27,31,22,63,49,112
10701,CAMARGO,desnutricion aguda,nutricion superior (ns),2007-01-01,30,11,4,2,34,13,47
10901,CAMATAQUI (C. VILLA ABECIA),desnutricion aguda,nutricion superior (ns),2007-01-01,4,5,2,2,6,7,13
70706,CAMIRI,desnutricion aguda,nutricion superior (ns),2007-01-01,95,61,20,20,115,81,196
30701,CAPINOTA,desnutricion aguda,nutricion superior (ns),2007-01-01,11,4,2,4,13,8,21
40102,CARACOLLO,desnutricion aguda,nutricion superior (ns),2007-01-01,7,9,5,0,12,9,21
60302,CARAPARI,desnutricion aguda,nutricion superior (ns),2007-01-01,27,13,5,2,32,15,47
50702,CARIPUYO,desnutricion aguda,nutricion superior (ns),2007-01-01,11,5,0,1,11,6,17
71403,CARMEN RIVERO TORREZ,desnutricion aguda,nutricion superior (ns),2007-01-01,6,5,2,2,8,7,15
40201,CHALLAPATA,desnutricion aguda,nutricion superior (ns),2007-01-01,25,15,2,1,27,16,43
50302,CHAQUI,desnutricion aguda,nutricion superior (ns),2007-01-01,7,4,2,1,9,5,14
70702,CHARAGUA,desnutricion aguda,nutricion superior (ns),2007-01-01,30,35,9,14,39,49,88
50202,CHAYANTA,desnutricion aguda,nutricion superior (ns),2007-01-01,3,9,1,0,4,9,13
31204,CHIMORE,desnutricion aguda,nutricion superior (ns),2007-01-01,12,18,1,0,13,18,31
90101,COBIJA,desnutricion aguda,nutricion superior (ns),2007-01-01,59,75,4,8,63,83,146
30101,COCHABAMBA,desnutricion aguda,nutricion superior (ns),2007-01-01,381,294,146,97,527,391,918
40902,COIPASA,desnutricion aguda,nutricion superior (ns),2007-01-01,0,1,0,0,0,1,1
30905,COLCAPIRHUA,desnutricion aguda,nutricion superior (ns),2007-01-01,17,10,2,0,19,10,29
50901,"COLCHA ""K""",desnutricion aguda,nutricion superior (ns),2007-01-01,7,5,0,1,7,6,13
31002,COLOMI,desnutricion aguda,nutricion superior (ns),2007-01-01,14,11,4,0,18,11,29
70603,COLPA BELGICA,desnutricion aguda,nutricion superior (ns),2007-01-01,19,8,2,6,21,14,35
50401,COLQUECHACA,desnutricion aguda,nutricion superior (ns),2007-01-01,4,2,1,0,5,2,7
21004,COLQUIRI,desnutricion aguda,nutricion superior (ns),2007-01-01,0,3,1,0,1,3,4
71301,COMARAPA,desnutricion aguda,nutricion superior (ns),2007-01-01,88,64,9,7,97,71,168
71101,CONCEPCION,desnutricion aguda,nutricion superior (ns),2007-01-01,9,12,2,2,11,14,25
40301,CORQUE,desnutricion aguda,nutricion superior (ns),2007-01-01,4,3,1,1,5,4,9
50601,COTAGAITA,desnutricion aguda,nutricion superior (ns),2007-01-01,17,8,0,0,17,8,25
70102,COTOCA,desnutricion aguda,nutricion superior (ns),2007-01-01,68,73,116,80,184,153,337
71106,CUATRO CAÑADAS,desnutricion aguda,nutricion superior (ns),2007-01-01,27,18,4,2,31,20,51
70704,CUEVO,desnutricion aguda,nutricion superior (ns),2007-01-01,5,12,1,2,6,14,20
10902,CULPINA,desnutricion aguda,nutricion superior (ns),2007-01-01,17,13,4,2,21,15,36
40401,CURAHUARA DE CARANGAS,desnutricion aguda,nutricion superior (ns),2007-01-01,3,5,1,0,4,5,9
40103,EL CHORO,desnutricion aguda,nutricion superior (ns),2007-01-01,3,4,1,1,4,5,9
71503,EL PUENTE(STC),desnutricion aguda,nutricion superior (ns),2007-01-01,19,13,3,0,22,13,35
60502,EL PUENTE(TJA),desnutricion aguda,nutricion superior (ns),2007-01-01,4,6,1,3,5,9,14
70105,EL TORNO,desnutricion aguda,nutricion superior (ns),2007-01-01,114,30,18,7,132,37,169
10405,EL VILLAR,desnutricion aguda,nutricion superior (ns),2007-01-01,4,2,2,1,6,3,9
60601,ENTRE RIOS,desnutricion aguda,nutricion superior (ns),2007-01-01,47,37,11,7,58,44,102
60601,ENTRE RIOS,desnutricion aguda,nutricion superior (ns),2007-01-01,31,38,15,4,46,42,88
41101,EUCALIPTUS,desnutricion aguda,nutricion superior (ns),2007-01-01,3,7,1,4,4,11,15
80402,EXALTACION,desnutricion aguda,nutricion superior (ns),2007-01-01,8,9,2,0,10,9,19
71004,FERNANDEZ ALONSO,desnutricion aguda,nutricion superior (ns),2007-01-01,32,17,5,5,37,22,59
90203,FILADELFIA,desnutricion aguda,nutricion superior (ns),2007-01-01,1,0,0,1,1,1,2
71002,GENERAL SAAVEDRA,desnutricion aguda,nutricion superior (ns),2007-01-01,39,36,5,8,44,44,88
80202,GUAYARAMERIN,desnutricion aguda,nutricion superior (ns),2007-01-01,130,107,9,14,139,121,260
70705,GUTIERREZ,desnutricion aguda,nutricion superior (ns),2007-01-01,4,7,6,3,10,10,20
10502,HUACARETA,desnutricion aguda,nutricion superior (ns),2007-01-01,12,10,3,5,15,15,30
11002,HUACAYA (VILLA DE HUACAYA),desnutricion aguda,nutricion superior (ns),2007-01-01,13,8,0,1,13,9,22
40501,HUACHACALLA,desnutricion aguda,nutricion superior (ns),2007-01-01,1,1,1,2,2,3,5
40701,HUANUNI,desnutricion aguda,nutricion superior (ns),2007-01-01,40,34,6,1,46,35,81
80803,HUARACAJE,desnutricion aguda,nutricion superior (ns),2007-01-01,11,2,1,2,12,4,16
41601,HUAYLLAMARCA,desnutricion aguda,nutricion superior (ns),2007-01-01,0,1,0,1,0,2,2
21005,ICHOCA,desnutricion aguda,nutricion superior (ns),2007-01-01,6,7,2,8,8,15,23
10304,ICLA,desnutricion aguda,nutricion superior (ns),2007-01-01,4,4,4,1,8,5,13
10703,INCAHUASI,desnutricion aguda,nutricion superior (ns),2007-01-01,21,21,0,3,21,24,45
21001,INQUISIVI,desnutricion aguda,nutricion superior (ns),2007-01-01,30,20,44,34,74,54,128
70104,LA GUARDIA,desnutricion aguda,nutricion superior (ns),2007-01-01,85,50,34,18,119,68,187
41501,LA RIVERA,desnutricion aguda,nutricion superior (ns),2007-01-01,1,0,0,0,1,0,1
70701,LAGUNILLAS,desnutricion aguda,nutricion superior (ns),2007-01-01,23,17,13,6,36,23,59
10903,LAS CARRERAS,desnutricion aguda,nutricion superior (ns),2007-01-01,9,3,0,1,9,4,13
21006,LICOMA PAMPA,desnutricion aguda,nutricion superior (ns),2007-01-01,2,0,1,0,3,0,3
50203,LLALLAGUA,desnutricion aguda,nutricion superior (ns),2007-01-01,85,99,21,15,106,114,220
51401,LLICA,desnutricion aguda,nutricion superior (ns),2007-01-01,3,4,2,0,5,4,9
80601,LORETO,desnutricion aguda,nutricion superior (ns),2007-01-01,1,2,1,1,2,3,5
40702,MACHACAMARCA,desnutricion aguda,nutricion superior (ns),2007-01-01,10,8,0,0,10,8,18
11003,MACHARETI,desnutricion aguda,nutricion superior (ns),2007-01-01,26,25,10,8,36,33,69
80801,MAGDALENA,desnutricion aguda,nutricion superior (ns),2007-01-01,14,10,5,0,19,10,29
70903,MAIRANA,desnutricion aguda,nutricion superior (ns),2007-01-01,16,14,3,2,19,16,35
71003,MINEROS,desnutricion aguda,nutricion superior (ns),2007-01-01,13,3,4,2,17,5,22
31301,MIZQUE,desnutricion aguda,nutricion superior (ns),2007-01-01,93,57,10,18,103,75,178
10303,MOJOCOYA,desnutricion aguda,nutricion superior (ns),2007-01-01,15,12,2,0,17,12,29
10501,MONTEAGUDO,desnutricion aguda,nutricion superior (ns),2007-01-01,44,43,14,8,58,51,109
71001,MONTERO,desnutricion aguda,nutricion superior (ns),2007-01-01,303,230,88,86,391,316,707
70803,MORO MORO,desnutricion aguda,nutricion superior (ns),2007-01-01,4,3,1,0,5,3,8
30302,MOROCHATA,desnutricion aguda,nutricion superior (ns),2007-01-01,6,9,0,1,6,10,16
90401,NACEBE (SANTA ROSA DEL ABUNA),desnutricion aguda,nutricion superior (ns),2007-01-01,1,0,0,0,1,0,1
50404,OCURI,desnutricion aguda,nutricion superior (ns),2007-01-01,5,6,2,3,7,9,16
70202,OKINAWA,desnutricion aguda,nutricion superior (ns),2007-01-01,17,12,3,5,20,17,37
30203,OMEREQUE,desnutricion aguda,nutricion superior (ns),2007-01-01,13,6,1,0,14,6,20
40101,ORURO,desnutricion aguda,nutricion superior (ns),2007-01-01,186,183,34,51,220,234,454
60201,PADCAYA,desnutricion aguda,nutricion superior (ns),2007-01-01,20,19,6,5,26,24,50
10401,PADILLA,desnutricion aguda,nutricion superior (ns),2007-01-01,16,29,5,11,21,40,61
70502,PAILON,desnutricion aguda,nutricion superior (ns),2007-01-01,32,28,2,5,34,33,67
40802,PAMPA AULLAGAS,desnutricion aguda,nutricion superior (ns),2007-01-01,4,5,0,0,4,5,9
70902,PAMPA GRANDE,desnutricion aguda,nutricion superior (ns),2007-01-01,3,12,0,1,3,13,16
30202,PASORAPA,desnutricion aguda,nutricion superior (ns),2007-01-01,2,2,1,0,3,2,5
40602,PAZÑA,desnutricion aguda,nutricion superior (ns),2007-01-01,7,2,0,1,7,3,10
50403,POCOATA,desnutricion aguda,nutricion superior (ns),2007-01-01,8,3,2,0,10,3,13
31203,POCONA,desnutricion aguda,nutricion superior (ns),2007-01-01,5,3,0,1,5,4,9
31202,POJO (CBBA),desnutricion aguda,nutricion superior (ns),2007-01-01,11,14,2,4,13,18,31
40601,POOPO,desnutricion aguda,nutricion superior (ns),2007-01-01,4,7,0,1,4,8,12
51203,PORCO,desnutricion aguda,nutricion superior (ns),2007-01-01,6,5,1,1,7,6,13
10103,POROMA,desnutricion aguda,nutricion superior (ns),2007-01-01,5,2,1,0,6,2,8
70103,PORONGO,desnutricion aguda,nutricion superior (ns),2007-01-01,12,5,1,0,13,5,18
70601,PORTACHUELO,desnutricion aguda,nutricion superior (ns),2007-01-01,66,66,30,29,96,95,191
90102,PORVENIR,desnutricion aguda,nutricion superior (ns),2007-01-01,9,8,2,0,11,8,19
70804,POSTRER VALLE,desnutricion aguda,nutricion superior (ns),2007-01-01,3,4,4,2,7,6,13
50101,POTOSI,desnutricion aguda,nutricion superior (ns),2007-01-01,174,105,17,16,191,121,312
10302,PRESTO,desnutricion aguda,nutricion superior (ns),2007-01-01,15,5,4,0,19,5,24
70805,PUCARA,desnutricion aguda,nutricion superior (ns),2007-01-01,1,0,0,0,1,0,1
90301,PUERTO GONZALO MORENO,desnutricion aguda,nutricion superior (ns),2007-01-01,1,3,0,0,1,3,4
71402,PUERTO QUIJARRO,desnutricion aguda,nutricion superior (ns),2007-01-01,62,41,6,10,68,51,119
90201,PUERTO RICO,desnutricion aguda,nutricion superior (ns),2007-01-01,4,11,0,1,4,12,16
80703,PUERTO SILES,desnutricion aguda,nutricion superior (ns),2007-01-01,5,6,0,0,5,6,11
71401,PUERTO SUAREZ,desnutricion aguda,nutricion superior (ns),2007-01-01,35,26,15,14,50,40,90
31205,PUERTO VILLARROEL,desnutricion aguda,nutricion superior (ns),2007-01-01,38,48,20,12,58,60,118
51101,PUNA,desnutricion aguda,nutricion superior (ns),2007-01-01,18,11,2,4,20,15,35
31401,PUNATA,desnutricion aguda,nutricion superior (ns),2007-01-01,12,9,1,0,13,9,22
30901,QUILLACOLLO,desnutricion aguda,nutricion superior (ns),2007-01-01,54,19,2,5,56,24,80
21002,QUIME,desnutricion aguda,nutricion superior (ns),2007-01-01,34,29,14,8,48,37,85
70904,QUIRUSILLAS,desnutricion aguda,nutricion superior (ns),2007-01-01,3,3,1,2,4,5,9
50402,RAVELO,desnutricion aguda,nutricion superior (ns),2007-01-01,11,8,2,2,13,10,23
80301,REYES,desnutricion aguda,nutricion superior (ns),2007-01-01,48,88,10,6,58,94,152
80201,RIBERALTA,desnutricion aguda,nutricion superior (ns),2007-01-01,71,31,24,18,95,49,144
70503,ROBORE,desnutricion aguda,nutricion superior (ns),2007-01-01,21,12,7,0,28,12,40
80304,RURRENABAQUE,desnutricion aguda,nutricion superior (ns),2007-01-01,29,16,5,3,34,19,53
40901,SABAYA,desnutricion aguda,nutricion superior (ns),2007-01-01,2,1,0,1,2,2,4
31001,SACABA,desnutricion aguda,nutricion superior (ns),2007-01-01,49,29,19,10,68,39,107
30404,SACABAMBA,desnutricion aguda,nutricion superior (ns),2007-01-01,1,0,0,0,1,0,1
50701,SACACA,desnutricion aguda,nutricion superior (ns),2007-01-01,3,6,0,0,3,6,9
71302,SAIPINA,desnutricion aguda,nutricion superior (ns),2007-01-01,25,24,7,10,32,34,66
40801,SALINAS DE GARCI MENDOZA,desnutricion aguda,nutricion superior (ns),2007-01-01,5,10,4,1,9,11,20
70901,SAMAIPATA,desnutricion aguda,nutricion superior (ns),2007-01-01,12,6,3,0,15,6,21
51601,SAN AGUSTIN,desnutricion aguda,nutricion superior (ns),2007-01-01,0,2,1,1,1,3,4
80602,SAN ANDRES,desnutricion aguda,nutricion superior (ns),2007-01-01,29,23,11,9,40,32,72
51003,SAN ANTONIO DE ESMORUCO,desnutricion aguda,nutricion superior (ns),2007-01-01,3,1,0,0,3,1,4
71105,SAN ANTONIO DE LOMERIO,desnutricion aguda,nutricion superior (ns),2007-01-01,4,4,1,0,5,4,9
31403,SAN BENITO,desnutricion aguda,nutricion superior (ns),2007-01-01,4,1,0,3,4,4,8
80302,SAN BORJA,desnutricion aguda,nutricion superior (ns),2007-01-01,53,36,8,4,61,40,101
70402,SAN CARLOS,desnutricion aguda,nutricion superior (ns),2007-01-01,45,27,4,3,49,30,79
80501,SAN IGNACIO,desnutricion aguda,nutricion superior (ns),2007-01-01,18,14,5,3,23,17,40
70301,SAN IGNACIO DE VELASCO,desnutricion aguda,nutricion superior (ns),2007-01-01,115,55,11,12,126,67,193
80102,SAN JAVIER(BNI),desnutricion aguda,nutricion superior (ns),2007-01-01,2,4,0,1,2,5,7
80701,SAN JOAQUIN,desnutricion aguda,nutricion superior (ns),2007-01-01,7,8,5,8,12,16,28
70501,SAN JOSE DE CHIQUITOS,desnutricion aguda,nutricion superior (ns),2007-01-01,9,13,7,6,16,19,35
70404,SAN JUAN DE YAPACANI,desnutricion aguda,nutricion superior (ns),2007-01-01,21,22,6,9,27,31,58
71104,SAN JULIAN,desnutricion aguda,nutricion superior (ns),2007-01-01,20,20,11,5,31,25,56
90302,SAN LORENZO(PND),desnutricion aguda,nutricion superior (ns),2007-01-01,2,1,0,0,2,1,3
60501,SAN LORENZO(TJA),desnutricion aguda,nutricion superior (ns),2007-01-01,11,7,1,1,12,8,20
10702,SAN LUCAS,desnutricion aguda,nutricion superior (ns),2007-01-01,21,18,2,1,23,19,42
71201,SAN MATIAS,desnutricion aguda,nutricion superior (ns),2007-01-01,20,9,0,3,20,12,32
70302,SAN MIGUEL DE VELASCO,desnutricion aguda,nutricion superior (ns),2007-01-01,31,26,0,0,31,26,57
71005,SAN PEDRO,desnutricion aguda,nutricion superior (ns),2007-01-01,47,29,6,0,53,29,82
50902,SAN PEDRO DE QUEMES,desnutricion aguda,nutricion superior (ns),2007-01-01,1,0,1,0,2,0,2
90202,SAN PEDRO(PND),desnutricion aguda,nutricion superior (ns),2007-01-01,2,0,0,0,2,0,2
70303,SAN RAFAEL,desnutricion aguda,nutricion superior (ns),2007-01-01,5,6,0,0,5,6,11
80702,SAN RAMON,desnutricion aguda,nutricion superior (ns),2007-01-01,40,13,9,4,49,17,66
80401,SANTA ANA,desnutricion aguda,nutricion superior (ns),2007-01-01,50,35,9,8,59,43,102
70101,SANTA CRUZ DE LA SIERRA,desnutricion aguda,nutricion superior (ns),2007-01-01,1300,837,426,345,1726,1182,2908
80303,SANTA ROSA,desnutricion aguda,nutricion superior (ns),2007-01-01,40,23,12,10,52,33,85
70602,SANTA ROSA DEL SARA,desnutricion aguda,nutricion superior (ns),2007-01-01,18,15,2,7,20,22,42
41401,SANTIAGO DE HUARI,desnutricion aguda,nutricion superior (ns),2007-01-01,4,6,4,1,8,7,15
30702,SANTIVAÑES,desnutricion aguda,nutricion superior (ns),2007-01-01,0,1,0,0,0,1,1
40202,SANTUARIO DE QUILLACAS,desnutricion aguda,nutricion superior (ns),2007-01-01,1,2,1,0,2,2,4
90303,SENA,desnutricion aguda,nutricion superior (ns),2007-01-01,2,2,0,1,2,3,5
30703,SICAYA,desnutricion aguda,nutricion superior (ns),2007-01-01,1,0,0,0,1,0,1
30902,SIPE SIPE,desnutricion aguda,nutricion superior (ns),2007-01-01,36,26,3,2,39,28,67
10403,SOPACHUY,desnutricion aguda,nutricion superior (ns),2007-01-01,8,2,0,1,8,3,11
40104,SORACACHI,desnutricion aguda,nutricion superior (ns),2007-01-01,8,12,10,7,18,19,37
10101,SUCRE,desnutricion aguda,nutricion superior (ns),2007-01-01,208,198,43,46,251,244,495
31404,TACACHI,desnutricion aguda,nutricion superior (ns),2007-01-01,2,0,1,0,3,0,3
50303,TACOBAMBA,desnutricion aguda,nutricion superior (ns),2007-01-01,2,3,0,1,2,4,6
30602,TACOPAYA,desnutricion aguda,nutricion superior (ns),2007-01-01,3,0,0,0,3,0,3
51402,TAHUA,desnutricion aguda,nutricion superior (ns),2007-01-01,0,1,1,1,1,2,3
31101,TAPACARI,desnutricion aguda,nutricion superior (ns),2007-01-01,16,11,2,2,18,13,31
10601,TARABUCO,desnutricion aguda,nutricion superior (ns),2007-01-01,24,14,7,16,31,30,61
30401,TARATA,desnutricion aguda,nutricion superior (ns),2007-01-01,10,9,2,4,12,13,25
60101,TARIJA,desnutricion aguda,nutricion superior (ns),2007-01-01,315,243,60,55,375,298,673
10202,TARVITA,desnutricion aguda,nutricion superior (ns),2007-01-01,13,10,1,1,14,11,25
50102,TINGUIPAYA,desnutricion aguda,nutricion superior (ns),2007-01-01,8,7,1,1,9,8,17
30903,TIQUIPAYA,desnutricion aguda,nutricion superior (ns),2007-01-01,23,9,1,0,24,9,33
31601,TIRAQUE (CBBA),desnutricion aguda,nutricion superior (ns),2007-01-01,77,79,12,12,89,91,180
30802,TOCO,desnutricion aguda,nutricion superior (ns),2007-01-01,4,3,0,0,4,3,7
30803,TOLATA,desnutricion aguda,nutricion superior (ns),2007-01-01,8,2,1,1,9,3,12
41001,TOLEDO,desnutricion aguda,nutricion superior (ns),2007-01-01,3,3,1,0,4,3,7
51202,TOMAVE,desnutricion aguda,nutricion superior (ns),2007-01-01,7,2,1,0,8,2,10
10402,TOMINA,desnutricion aguda,nutricion superior (ns),2007-01-01,16,14,1,1,17,15,32
50502,TORO TORO,desnutricion aguda,nutricion superior (ns),2007-01-01,1,2,2,0,3,2,5
31201,TOTORA(CBBA),desnutricion aguda,nutricion superior (ns),2007-01-01,24,12,1,3,25,15,40
41301,TOTORA(ORR),desnutricion aguda,nutricion superior (ns),2007-01-01,3,0,0,0,3,0,3
70802,TRIGAL,desnutricion aguda,nutricion superior (ns),2007-01-01,5,3,2,2,7,5,12
80101,TRINIDAD,desnutricion aguda,nutricion superior (ns),2007-01-01,204,146,56,30,260,176,436
50801,TUPIZA,desnutricion aguda,nutricion superior (ns),2007-01-01,54,37,12,11,66,48,114
40402,TURCO,desnutricion aguda,nutricion superior (ns),2007-01-01,5,4,2,0,7,4,11
50201,UNCIA,desnutricion aguda,nutricion superior (ns),2007-01-01,14,6,0,0,14,6,20
60401,URIONDO (A. CONCEPCION),desnutricion aguda,nutricion superior (ns),2007-01-01,14,9,2,7,16,16,32
51201,UYUNI,desnutricion aguda,nutricion superior (ns),2007-01-01,46,25,0,3,46,28,74
30502,VACAS,desnutricion aguda,nutricion superior (ns),2007-01-01,0,0,0,1,0,1,1
70801,VALLEGRANDE,desnutricion aguda,nutricion superior (ns),2007-01-01,9,9,2,10,11,19,30
31302,VILA VILA,desnutricion aguda,nutricion superior (ns),2007-01-01,0,1,1,0,1,1,2
60303,VILLA MONTES,desnutricion aguda,nutricion superior (ns),2007-01-01,28,22,12,13,40,35,75
90502,VILLA NUEVA (LOMA ALTA),desnutricion aguda,nutricion superior (ns),2007-01-01,1,0,0,0,1,0,1
31402,VILLA RIVERO,desnutricion aguda,nutricion superior (ns),2007-01-01,10,11,2,5,12,16,28
10801,VILLA SERRANO,desnutricion aguda,nutricion superior (ns),2007-01-01,7,11,2,0,9,11,20
31003,VILLA TUNARI,desnutricion aguda,nutricion superior (ns),2007-01-01,61,53,15,6,76,59,135
11001,VILLA VACA GUZMAN (MUYUPAMPA),desnutricion aguda,nutricion superior (ns),2007-01-01,15,9,8,3,23,12,35
51501,VILLAZON,desnutricion aguda,nutricion superior (ns),2007-01-01,40,42,9,4,49,46,95
30904,VINTO,desnutricion aguda,nutricion superior (ns),2007-01-01,17,5,1,0,18,5,23
50602,VITICHI,desnutricion aguda,nutricion superior (ns),2007-01-01,6,1,0,1,6,2,8
70201,WARNES,desnutricion aguda,nutricion superior (ns),2007-01-01,140,87,14,20,154,107,261
60301,YACUIBA,desnutricion aguda,nutricion superior (ns),2007-01-01,170,112,27,27,197,139,336
10602,YAMPARAEZ,desnutricion aguda,nutricion superior (ns),2007-01-01,22,13,7,6,29,19,48
70403,YAPACANI,desnutricion aguda,nutricion superior (ns),2007-01-01,65,66,11,8,76,74,150
50103,YOCALLA,desnutricion aguda,nutricion superior (ns),2007-01-01,3,4,0,0,3,4,7
10102,YOTALA,desnutricion aguda,nutricion superior (ns),2007-01-01,7,7,2,2,9,9,18
60402,YUNCHARA,desnutricion aguda,nutricion superior (ns),2007-01-01,5,1,1,0,6,1,7
10301,ZUDAÑEZ,desnutricion aguda,nutricion superior (ns),2007-01-01,7,9,0,0,7,9,16
51302,ACACIO,desnutricion aguda,nutricion superior (ns),2007-02-01,1,4,0,0,1,4,5
30201,AIQUILE,desnutricion aguda,nutricion superior (ns),2007-02-01,10,5,2,2,12,7,19
31303,ALALAY,desnutricion aguda,nutricion superior (ns),2007-02-01,3,1,0,0,3,1,4
10404,ALCALA,desnutricion aguda,nutricion superior (ns),2007-02-01,4,6,1,1,5,7,12
41201,ANDAMARCA,desnutricion aguda,nutricion superior (ns),2007-02-01,2,0,2,0,4,0,4
40603,ANTEQUERA,desnutricion aguda,nutricion superior (ns),2007-02-01,1,0,0,0,1,0,1
30402,ANZALDO,desnutricion aguda,nutricion superior (ns),2007-02-01,5,1,1,2,6,3,9
51301,ARAMPAMPA,desnutricion aguda,nutricion superior (ns),2007-02-01,0,2,0,2,0,4,4
30501,ARANI,desnutricion aguda,nutricion superior (ns),2007-02-01,3,4,1,1,4,5,9
30403,ARBIETO,desnutricion aguda,nutricion superior (ns),2007-02-01,6,5,1,2,7,7,14
30601,ARQUE,desnutricion aguda,nutricion superior (ns),2007-02-01,2,1,0,0,2,1,3
71501,ASCENCION DE GUARAYOS,desnutricion aguda,nutricion superior (ns),2007-02-01,40,11,17,2,57,13,70
50802,ATOCHA,desnutricion aguda,nutricion superior (ns),2007-02-01,2,2,0,0,2,2,4
30301,AYOPAYA (V. DE INDEPENDENCIA),desnutricion aguda,nutricion superior (ns),2007-02-01,11,14,0,1,11,15,26
10201,AZURDUY,desnutricion aguda,nutricion superior (ns),2007-02-01,16,9,3,3,19,12,31
80802,BAURES,desnutricion aguda,nutricion superior (ns),2007-02-01,7,5,0,3,7,8,15
41202,BELEN DE ANDAMARCA,desnutricion aguda,nutricion superior (ns),2007-02-01,1,0,0,1,1,1,2
50104,BELEN DE URMIRI,desnutricion aguda,nutricion superior (ns),2007-02-01,1,1,0,0,1,1,2
90104,BELLA FLOR,desnutricion aguda,nutricion superior (ns),2007-02-01,4,1,0,0,4,1,5
60202,BERMEJO,desnutricion aguda,nutricion superior (ns),2007-02-01,3,3,2,1,5,4,9
50301,BETANZOS,desnutricion aguda,nutricion superior (ns),2007-02-01,19,3,3,2,22,5,27
31501,BOLIVAR,desnutricion aguda,nutricion superior (ns),2007-02-01,0,0,1,0,1,0,1
90103,BOLPEBRA,desnutricion aguda,nutricion superior (ns),2007-02-01,1,3,0,1,1,4,5
70707,BOYUIBE,desnutricion aguda,nutricion superior (ns),2007-02-01,5,4,3,2,8,6,14
70401,BUENA VISTA,desnutricion aguda,nutricion superior (ns),2007-02-01,25,8,3,1,28,9,37
70703,CABEZAS,desnutricion aguda,nutricion superior (ns),2007-02-01,30,19,21,17,51,36,87
51102,"CAIZA ""D""",desnutricion aguda,nutricion superior (ns),2007-02-01,8,6,3,0,11,6,17
21003,CAJUATA,desnutricion aguda,nutricion superior (ns),2007-02-01,19,16,10,11,29,27,56
10701,CAMARGO,desnutricion aguda,nutricion superior (ns),2007-02-01,33,8,5,1,38,9,47
10901,CAMATAQUI (C. VILLA ABECIA),desnutricion aguda,nutricion superior (ns),2007-02-01,6,4,1,3,7,7,14
70706,CAMIRI,desnutricion aguda,nutricion superior (ns),2007-02-01,122,49,34,20,156,69,225
30701,CAPINOTA,desnutricion aguda,nutricion superior (ns),2007-02-01,5,2,3,4,8,6,14
40102,CARACOLLO,desnutricion aguda,nutricion superior (ns),2007-02-01,11,15,1,1,12,16,28
60302,CARAPARI,desnutricion aguda,nutricion superior (ns),2007-02-01,9,18,10,8,19,26,45
50702,CARIPUYO,desnutricion aguda,nutricion superior (ns),2007-02-01,5,5,2,1,7,6,13
71403,CARMEN RIVERO TORREZ,desnutricion aguda,nutricion superior (ns),2007-02-01,8,6,0,0,8,6,14
40201,CHALLAPATA,desnutricion aguda,nutricion superior (ns),2007-02-01,11,11,1,2,12,13,25
50302,CHAQUI,desnutricion aguda,nutricion superior (ns),2007-02-01,6,8,0,1,6,9,15
70702,CHARAGUA,desnutricion aguda,nutricion superior (ns),2007-02-01,62,33,13,7,75,40,115
50202,CHAYANTA,desnutricion aguda,nutricion superior (ns),2007-02-01,7,11,0,3,7,14,21
31204,CHIMORE,desnutricion aguda,nutricion superior (ns),2007-02-01,8,8,0,0,8,8,16
40903,CHIPAYA,desnutricion aguda,nutricion superior (ns),2007-02-01,0,2,0,0,0,2,2
90101,COBIJA,desnutricion aguda,nutricion superior (ns),2007-02-01,57,55,5,4,62,59,121
30101,COCHABAMBA,desnutricion aguda,nutricion superior (ns),2007-02-01,325,272,98,96,423,368,791
40902,COIPASA,desnutricion aguda,nutricion superior (ns),2007-02-01,0,1,0,0,0,1,1
30905,COLCAPIRHUA,desnutricion aguda,nutricion superior (ns),2007-02-01,22,14,4,6,26,20,46
50901,"COLCHA ""K""",desnutricion aguda,nutricion superior (ns),2007-02-01,9,8,0,1,9,9,18
31002,COLOMI,desnutricion aguda,nutricion superior (ns),2007-02-01,14,6,0,0,14,6,20
70603,COLPA BELGICA,desnutricion aguda,nutricion superior (ns),2007-02-01,10,8,2,6,12,14,26
50401,COLQUECHACA,desnutricion aguda,nutricion superior (ns),2007-02-01,1,20,5,1,6,21,27
21004,COLQUIRI,desnutricion aguda,nutricion superior (ns),2007-02-01,6,6,1,4,7,10,17
71301,COMARAPA,desnutricion aguda,nutricion superior (ns),2007-02-01,52,48,10,13,62,61,123
71101,CONCEPCION,desnutricion aguda,nutricion superior (ns),2007-02-01,19,7,8,3,27,10,37
40301,CORQUE,desnutricion aguda,nutricion superior (ns),2007-02-01,0,1,0,0,0,1,1
50601,COTAGAITA,desnutricion aguda,nutricion superior (ns),2007-02-01,19,3,2,0,21,3,24
70102,COTOCA,desnutricion aguda,nutricion superior (ns),2007-02-01,74,81,37,26,111,107,218
71106,CUATRO CAÑADAS,desnutricion aguda,nutricion superior (ns),2007-02-01,44,29,10,5,54,34,88
70704,CUEVO,desnutricion aguda,nutricion superior (ns),2007-02-01,1,5,1,1,2,6,8
10902,CULPINA,desnutricion aguda,nutricion superior (ns),2007-02-01,32,12,4,3,36,15,51
40401,CURAHUARA DE CARANGAS,desnutricion aguda,nutricion superior (ns),2007-02-01,6,2,0,0,6,2,8
40103,EL CHORO,desnutricion aguda,nutricion superior (ns),2007-02-01,3,0,0,0,3,0,3
71503,EL PUENTE(STC),desnutricion aguda,nutricion superior (ns),2007-02-01,11,13,3,2,14,15,29
60502,EL PUENTE(TJA),desnutricion aguda,nutricion superior (ns),2007-02-01,2,2,0,0,2,2,4
70105,EL TORNO,desnutricion aguda,nutricion superior (ns),2007-02-01,33,28,31,23,64,51,115
10405,EL VILLAR,desnutricion aguda,nutricion superior (ns),2007-02-01,4,2,2,1,6,3,9
60601,ENTRE RIOS,desnutricion aguda,nutricion superior (ns),2007-02-01,31,17,8,5,39,22,61
60601,ENTRE RIOS,desnutricion aguda,nutricion superior (ns),2007-02-01,16,30,7,4,23,34,57
41101,EUCALIPTUS,desnutricion aguda,nutricion superior (ns),2007-02-01,0,3,0,0,0,3,3
80402,EXALTACION,desnutricion aguda,nutricion superior (ns),2007-02-01,13,8,8,2,21,10,31
71004,FERNANDEZ ALONSO,desnutricion aguda,nutricion superior (ns),2007-02-01,7,13,2,1,9,14,23
90203,FILADELFIA,desnutricion aguda,nutricion superior (ns),2007-02-01,4,2,0,0,4,2,6
71002,GENERAL SAAVEDRA,desnutricion aguda,nutricion superior (ns),2007-02-01,39,26,9,5,48,31,79
80202,GUAYARAMERIN,desnutricion aguda,nutricion superior (ns),2007-02-01,102,89,8,7,110,96,206
70705,GUTIERREZ,desnutricion aguda,nutricion superior (ns),2007-02-01,2,2,1,1,3,3,6
10502,HUACARETA,desnutricion aguda,nutricion superior (ns),2007-02-01,18,7,6,2,24,9,33
11002,HUACAYA (VILLA DE HUACAYA),desnutricion aguda,nutricion superior (ns),2007-02-01,9,10,0,7,9,17,26
40501,HUACHACALLA,desnutricion aguda,nutricion superior (ns),2007-02-01,4,0,1,0,5,0,5
40701,HUANUNI,desnutricion aguda,nutricion superior (ns),2007-02-01,28,23,2,0,30,23,53
80803,HUARACAJE,desnutricion aguda,nutricion superior (ns),2007-02-01,7,6,3,2,10,8,18
21005,ICHOCA,desnutricion aguda,nutricion superior (ns),2007-02-01,10,10,11,7,21,17,38
10304,ICLA,desnutricion aguda,nutricion superior (ns),2007-02-01,6,4,4,0,10,4,14
10703,INCAHUASI,desnutricion aguda,nutricion superior (ns),2007-02-01,20,23,2,4,22,27,49
21001,INQUISIVI,desnutricion aguda,nutricion superior (ns),2007-02-01,37,27,29,32,66,59,125
70104,LA GUARDIA,desnutricion aguda,nutricion superior (ns),2007-02-01,45,86,58,81,103,167,270
70701,LAGUNILLAS,desnutricion aguda,nutricion superior (ns),2007-02-01,24,23,13,6,37,29,66
10903,LAS CARRERAS,desnutricion aguda,nutricion superior (ns),2007-02-01,10,4,3,0,13,4,17
21006,LICOMA PAMPA,desnutricion aguda,nutricion superior (ns),2007-02-01,1,0,0,0,1,0,1
50203,LLALLAGUA,desnutricion aguda,nutricion superior (ns),2007-02-01,69,69,9,16,78,85,163
51401,LLICA,desnutricion aguda,nutricion superior (ns),2007-02-01,1,0,0,0,1,0,1
80601,LORETO,desnutricion aguda,nutricion superior (ns),2007-02-01,2,1,2,2,4,3,7
40702,MACHACAMARCA,desnutricion aguda,nutricion superior (ns),2007-02-01,3,2,0,1,3,3,6
11003,MACHARETI,desnutricion aguda,nutricion superior (ns),2007-02-01,26,25,8,6,34,31,65
80801,MAGDALENA,desnutricion aguda,nutricion superior (ns),2007-02-01,6,6,5,0,11,6,17
70903,MAIRANA,desnutricion aguda,nutricion superior (ns),2007-02-01,13,11,1,1,14,12,26
71003,MINEROS,desnutricion aguda,nutricion superior (ns),2007-02-01,20,7,10,3,30,10,40
31301,MIZQUE,desnutricion aguda,nutricion superior (ns),2007-02-01,41,28,12,1,53,29,82
51002,MOJINETE,desnutricion aguda,nutricion superior (ns),2007-02-01,0,1,0,0,0,1,1
10303,MOJOCOYA,desnutricion aguda,nutricion superior (ns),2007-02-01,3,5,0,0,3,5,8
10501,MONTEAGUDO,desnutricion aguda,nutricion superior (ns),2007-02-01,53,35,10,9,63,44,107
71001,MONTERO,desnutricion aguda,nutricion superior (ns),2007-02-01,209,201,78,73,287,274,561
70803,MORO MORO,desnutricion aguda,nutricion superior (ns),2007-02-01,3,4,1,0,4,4,8
30302,MOROCHATA,desnutricion aguda,nutricion superior (ns),2007-02-01,8,4,0,0,8,4,12
90401,NACEBE (SANTA ROSA DEL ABUNA),desnutricion aguda,nutricion superior (ns),2007-02-01,3,0,0,1,3,1,4
90501,NUEVO MANOA (NUEVA ESPERANZA),desnutricion aguda,nutricion superior (ns),2007-02-01,1,2,0,0,1,2,3
50404,OCURI,desnutricion aguda,nutricion superior (ns),2007-02-01,3,2,0,0,3,2,5
70202,OKINAWA,desnutricion aguda,nutricion superior (ns),2007-02-01,10,6,2,2,12,8,20
30203,OMEREQUE,desnutricion aguda,nutricion superior (ns),2007-02-01,8,8,2,3,10,11,21
40101,ORURO,desnutricion aguda,nutricion superior (ns),2007-02-01,171,143,38,34,209,177,386
60201,PADCAYA,desnutricion aguda,nutricion superior (ns),2007-02-01,20,13,13,9,33,22,55
10401,PADILLA,desnutricion aguda,nutricion superior (ns),2007-02-01,14,28,6,3,20,31,51
70502,PAILON,desnutricion aguda,nutricion superior (ns),2007-02-01,38,29,14,10,52,39,91
40802,PAMPA AULLAGAS,desnutricion aguda,nutricion superior (ns),2007-02-01,0,1,0,0,0,1,1
70902,PAMPA GRANDE,desnutricion aguda,nutricion superior (ns),2007-02-01,11,3,0,0,11,3,14
30202,PASORAPA,desnutricion aguda,nutricion superior (ns),2007-02-01,12,2,3,7,15,9,24
40602,PAZÑA,desnutricion aguda,nutricion superior (ns),2007-02-01,2,0,0,0,2,0,2
50403,POCOATA,desnutricion aguda,nutricion superior (ns),2007-02-01,15,7,8,4,23,11,34
31203,POCONA,desnutricion aguda,nutricion superior (ns),2007-02-01,3,1,1,1,4,2,6
31202,POJO (CBBA),desnutricion aguda,nutricion superior (ns),2007-02-01,14,11,1,1,15,12,27
40601,POOPO,desnutricion aguda,nutricion superior (ns),2007-02-01,12,9,0,0,12,9,21
51203,PORCO,desnutricion aguda,nutricion superior (ns),2007-02-01,6,1,2,3,8,4,12
10103,POROMA,desnutricion aguda,nutricion superior (ns),2007-02-01,13,6,2,5,15,11,26
70103,PORONGO,desnutricion aguda,nutricion superior (ns),2007-02-01,2,11,10,9,12,20,32
70601,PORTACHUELO,desnutricion aguda,nutricion superior (ns),2007-02-01,65,58,32,19,97,77,174
90102,PORVENIR,desnutricion aguda,nutricion superior (ns),2007-02-01,5,7,2,1,7,8,15
70804,POSTRER VALLE,desnutricion aguda,nutricion superior (ns),2007-02-01,3,3,3,0,6,3,9
50101,POTOSI,desnutricion aguda,nutricion superior (ns),2007-02-01,143,81,9,14,152,95,247
10302,PRESTO,desnutricion aguda,nutricion superior (ns),2007-02-01,8,5,0,0,8,5,13
70805,PUCARA,desnutricion aguda,nutricion superior (ns),2007-02-01,2,3,4,1,6,4,10
90301,PUERTO GONZALO MORENO,desnutricion aguda,nutricion superior (ns),2007-02-01,1,0,1,0,2,0,2
71402,PUERTO QUIJARRO,desnutricion aguda,nutricion superior (ns),2007-02-01,34,33,5,3,39,36,75
90201,PUERTO RICO,desnutricion aguda,nutricion superior (ns),2007-02-01,10,12,0,1,10,13,23
80703,PUERTO SILES,desnutricion aguda,nutricion superior (ns),2007-02-01,10,5,4,3,14,8,22
71401,PUERTO SUAREZ,desnutricion aguda,nutricion superior (ns),2007-02-01,18,24,13,12,31,36,67
31205,PUERTO VILLARROEL,desnutricion aguda,nutricion superior (ns),2007-02-01,56,41,10,8,66,49,115
51101,PUNA,desnutricion aguda,nutricion superior (ns),2007-02-01,13,7,1,1,14,8,22
31401,PUNATA,desnutricion aguda,nutricion superior (ns),2007-02-01,33,34,5,10,38,44,82
30901,QUILLACOLLO,desnutricion aguda,nutricion superior (ns),2007-02-01,35,22,4,5,39,27,66
21002,QUIME,desnutricion aguda,nutricion superior (ns),2007-02-01,13,11,5,6,18,17,35
70904,QUIRUSILLAS,desnutricion aguda,nutricion superior (ns),2007-02-01,7,6,5,0,12,6,18
50402,RAVELO,desnutricion aguda,nutricion superior (ns),2007-02-01,10,11,1,2,11,13,24
80201,RIBERALTA,desnutricion aguda,nutricion superior (ns),2007-02-01,65,28,5,2,70,30,100
70503,ROBORE,desnutricion aguda,nutricion superior (ns),2007-02-01,16,7,6,1,22,8,30
80304,RURRENABAQUE,desnutricion aguda,nutricion superior (ns),2007-02-01,17,21,1,2,18,23,41
40901,SABAYA,desnutricion aguda,nutricion superior (ns),2007-02-01,1,6,1,0,2,6,8
31001,SACABA,desnutricion aguda,nutricion superior (ns),2007-02-01,49,58,10,6,59,64,123
50701,SACACA,desnutricion aguda,nutricion superior (ns),2007-02-01,4,6,0,2,4,8,12
71302,SAIPINA,desnutricion aguda,nutricion superior (ns),2007-02-01,25,30,13,13,38,43,81
40801,SALINAS DE GARCI MENDOZA,desnutricion aguda,nutricion superior (ns),2007-02-01,4,5,1,3,5,8,13
70901,SAMAIPATA,desnutricion aguda,nutricion superior (ns),2007-02-01,12,4,2,3,14,7,21
51601,SAN AGUSTIN,desnutricion aguda,nutricion superior (ns),2007-02-01,1,0,1,0,2,0,2
80602,SAN ANDRES,desnutricion aguda,nutricion superior (ns),2007-02-01,13,6,1,14,14,20,34
51003,SAN ANTONIO DE ESMORUCO,desnutricion aguda,nutricion superior (ns),2007-02-01,1,2,0,0,1,2,3
71105,SAN ANTONIO DE LOMERIO,desnutricion aguda,nutricion superior (ns),2007-02-01,5,6,1,0,6,6,12
31403,SAN BENITO,desnutricion aguda,nutricion superior (ns),2007-02-01,1,2,1,0,2,2,4
80302,SAN BORJA,desnutricion aguda,nutricion superior (ns),2007-02-01,69,45,8,7,77,52,129
70402,SAN CARLOS,desnutricion aguda,nutricion superior (ns),2007-02-01,32,22,6,12,38,34,72
80501,SAN IGNACIO,desnutricion aguda,nutricion superior (ns),2007-02-01,19,11,2,3,21,14,35
70301,SAN IGNACIO DE VELASCO,desnutricion aguda,nutricion superior (ns),2007-02-01,80,61,14,11,94,72,166
80102,SAN JAVIER(BNI),desnutricion aguda,nutricion superior (ns),2007-02-01,2,2,0,0,2,2,4
80701,SAN JOAQUIN,desnutricion aguda,nutricion superior (ns),2007-02-01,3,2,7,6,10,8,18
70501,SAN JOSE DE CHIQUITOS,desnutricion aguda,nutricion superior (ns),2007-02-01,18,5,5,9,23,14,37
70404,SAN JUAN DE YAPACANI,desnutricion aguda,nutricion superior (ns),2007-02-01,19,14,3,3,22,17,39
71104,SAN JULIAN,desnutricion aguda,nutricion superior (ns),2007-02-01,23,18,12,6,35,24,59
60501,SAN LORENZO(TJA),desnutricion aguda,nutricion superior (ns),2007-02-01,16,2,8,4,24,6,30
10702,SAN LUCAS,desnutricion aguda,nutricion superior (ns),2007-02-01,22,17,2,1,24,18,42
71201,SAN MATIAS,desnutricion aguda,nutricion superior (ns),2007-02-01,15,7,4,6,19,13,32
70302,SAN MIGUEL DE VELASCO,desnutricion aguda,nutricion superior (ns),2007-02-01,28,24,3,3,31,27,58
51001,SAN PABLO DE LIPEZ,desnutricion aguda,nutricion superior (ns),2007-02-01,0,1,1,0,1,1,2
71005,SAN PEDRO,desnutricion aguda,nutricion superior (ns),2007-02-01,46,37,6,2,52,39,91
70303,SAN RAFAEL,desnutricion aguda,nutricion superior (ns),2007-02-01,7,3,0,2,7,5,12
80702,SAN RAMON,desnutricion aguda,nutricion superior (ns),2007-02-01,20,9,4,5,24,14,38
80401,SANTA ANA,desnutricion aguda,nutricion superior (ns),2007-02-01,17,11,5,7,22,18,40
70101,SANTA CRUZ DE LA SIERRA,desnutricion aguda,nutricion superior (ns),2007-02-01,976,789,342,256,1318,1045,2363
80303,SANTA ROSA,desnutricion aguda,nutricion superior (ns),2007-02-01,20,21,7,2,27,23,50
70602,SANTA ROSA DEL SARA,desnutricion aguda,nutricion superior (ns),2007-02-01,12,11,1,3,13,14,27
41401,SANTIAGO DE HUARI,desnutricion aguda,nutricion superior (ns),2007-02-01,4,5,3,1,7,6,13
30702,SANTIVAÑES,desnutricion aguda,nutricion superior (ns),2007-02-01,2,1,2,0,4,1,5
40202,SANTUARIO DE QUILLACAS,desnutricion aguda,nutricion superior (ns),2007-02-01,0,5,0,2,0,7,7
90303,SENA,desnutricion aguda,nutricion superior (ns),2007-02-01,5,6,0,0,5,6,11
30902,SIPE SIPE,desnutricion aguda,nutricion superior (ns),2007-02-01,25,18,4,4,29,22,51
10403,SOPACHUY,desnutricion aguda,nutricion superior (ns),2007-02-01,10,4,1,0,11,4,15
40104,SORACACHI,desnutricion aguda,nutricion superior (ns),2007-02-01,10,15,7,1,17,16,33
10101,SUCRE,desnutricion aguda,nutricion superior (ns),2007-02-01,219,168,44,28,263,196,459
31404,TACACHI,desnutricion aguda,nutricion superior (ns),2007-02-01,2,0,0,0,2,0,2
50303,TACOBAMBA,desnutricion aguda,nutricion superior (ns),2007-02-01,5,1,0,0,5,1,6
30602,TACOPAYA,desnutricion aguda,nutricion superior (ns),2007-02-01,0,0,0,1,0,1,1
51402,TAHUA,desnutricion aguda,nutricion superior (ns),2007-02-01,0,1,0,0,0,1,1
31101,TAPACARI,desnutricion aguda,nutricion superior (ns),2007-02-01,10,8,3,2,13,10,23
10601,TARABUCO,desnutricion aguda,nutricion superior (ns),2007-02-01,14,10,3,2,17,12,29
30401,TARATA,desnutricion aguda,nutricion superior (ns),2007-02-01,14,12,4,3,18,15,33
60101,TARIJA,desnutricion aguda,nutricion superior (ns),2007-02-01,248,226,37,31,285,257,542
10202,TARVITA,desnutricion aguda,nutricion superior (ns),2007-02-01,13,11,1,1,14,12,26
50102,TINGUIPAYA,desnutricion aguda,nutricion superior (ns),2007-02-01,3,0,0,2,3,2,5
30903,TIQUIPAYA,desnutricion aguda,nutricion superior (ns),2007-02-01,28,20,1,3,29,23,52
31601,TIRAQUE (CBBA),desnutricion aguda,nutricion superior (ns),2007-02-01,50,33,6,34,56,67,123
30802,TOCO,desnutricion aguda,nutricion superior (ns),2007-02-01,0,1,0,1,0,2,2
30803,TOLATA,desnutricion aguda,nutricion superior (ns),2007-02-01,4,9,0,0,4,9,13
41001,TOLEDO,desnutricion aguda,nutricion superior (ns),2007-02-01,1,0,0,0,1,0,1
51202,TOMAVE,desnutricion aguda,nutricion superior (ns),2007-02-01,5,0,0,2,5,2,7
10402,TOMINA,desnutricion aguda,nutricion superior (ns),2007-02-01,19,16,1,1,20,17,37
50502,TORO TORO,desnutricion aguda,nutricion superior (ns),2007-02-01,2,0,0,1,2,1,3
31201,TOTORA(CBBA),desnutricion aguda,nutricion superior (ns),2007-02-01,14,9,1,1,15,10,25
41301,TOTORA(ORR),desnutricion aguda,nutricion superior (ns),2007-02-01,1,0,0,0,1,0,1
70802,TRIGAL,desnutricion aguda,nutricion superior (ns),2007-02-01,3,3,2,1,5,4,9
80101,TRINIDAD,desnutricion aguda,nutricion superior (ns),2007-02-01,155,103,52,21,207,124,331
50801,TUPIZA,desnutricion aguda,nutricion superior (ns),2007-02-01,51,32,7,4,58,36,94
40402,TURCO,desnutricion aguda,nutricion superior (ns),2007-02-01,4,18,2,4,6,22,28
50201,UNCIA,desnutricion aguda,nutricion superior (ns),2007-02-01,8,11,1,0,9,11,20
60401,URIONDO (A. CONCEPCION),desnutricion aguda,nutricion superior (ns),2007-02-01,28,19,2,2,30,21,51
71502,URUBICHA,desnutricion aguda,nutricion superior (ns),2007-02-01,14,7,23,9,37,16,53
51201,UYUNI,desnutricion aguda,nutricion superior (ns),2007-02-01,26,24,3,2,29,26,55
30502,VACAS,desnutricion aguda,nutricion superior (ns),2007-02-01,2,0,4,0,6,0,6
70801,VALLEGRANDE,desnutricion aguda,nutricion superior (ns),2007-02-01,11,9,4,6,15,15,30
31302,VILA VILA,desnutricion aguda,nutricion superior (ns),2007-02-01,1,2,1,0,2,2,4
60303,VILLA MONTES,desnutricion aguda,nutricion superior (ns),2007-02-01,68,49,10,24,78,73,151
90502,VILLA NUEVA (LOMA ALTA),desnutricion aguda,nutricion superior (ns),2007-02-01,0,2,0,0,0,2,2
31402,VILLA RIVERO,desnutricion aguda,nutricion superior (ns),2007-02-01,6,6,2,0,8,6,14
10801,VILLA SERRANO,desnutricion aguda,nutricion superior (ns),2007-02-01,3,8,1,1,4,9,13
31003,VILLA TUNARI,desnutricion aguda,nutricion superior (ns),2007-02-01,54,25,10,3,64,28,92
11001,VILLA VACA GUZMAN (MUYUPAMPA),desnutricion aguda,nutricion superior (ns),2007-02-01,8,8,4,2,12,10,22
51501,VILLAZON,desnutricion aguda,nutricion superior (ns),2007-02-01,34,43,8,1,42,44,86
30904,VINTO,desnutricion aguda,nutricion superior (ns),2007-02-01,15,6,1,0,16,6,22
50602,VITICHI,desnutricion aguda,nutricion superior (ns),2007-02-01,24,1,19,0,43,1,44
70201,WARNES,desnutricion aguda,nutricion superior (ns),2007-02-01,93,54,17,10,110,64,174
60301,YACUIBA,desnutricion aguda,nutricion superior (ns),2007-02-01,137,107,24,24,161,131,292
10602,YAMPARAEZ,desnutricion aguda,nutricion superior (ns),2007-02-01,9,23,6,2,15,25,40
70403,YAPACANI,desnutricion aguda,nutricion superior (ns),2007-02-01,70,54,7,8,77,62,139
50103,YOCALLA,desnutricion aguda,nutricion superior (ns),2007-02-01,6,2,0,0,6,2,8
10102,YOTALA,desnutricion aguda,nutricion superior (ns),2007-02-01,11,13,6,5,17,18,35
60402,YUNCHARA,desnutricion aguda,nutricion superior (ns),2007-02-01,3,3,0,0,3,3,6
10301,ZUDAÑEZ,desnutricion aguda,nutricion superior (ns),2007-02-01,3,5,0,0,3,5,8
51302,ACACIO,desnutricion aguda,nutricion superior (ns),2007-03-01,1,1,0,0,1,1,2
30201,AIQUILE,desnutricion aguda,nutricion superior (ns),2007-03-01,10,5,2,2,12,7,19
31303,ALALAY,desnutricion aguda,nutricion superior (ns),2007-03-01,1,0,0,0,1,0,1
10404,ALCALA,desnutricion aguda,nutricion superior (ns),2007-03-01,4,5,1,2,5,7,12
41201,ANDAMARCA,desnutricion aguda,nutricion superior (ns),2007-03-01,3,0,1,2,4,2,6
40603,ANTEQUERA,desnutricion aguda,nutricion superior (ns),2007-03-01,11,6,2,5,13,11,24
30402,ANZALDO,desnutricion aguda,nutricion superior (ns),2007-03-01,1,1,2,0,3,1,4
51301,ARAMPAMPA,desnutricion aguda,nutricion superior (ns),2007-03-01,0,4,0,0,0,4,4
30501,ARANI,desnutricion aguda,nutricion superior (ns),2007-03-01,5,1,0,0,5,1,6
30403,ARBIETO,desnutricion aguda,nutricion superior (ns),2007-03-01,7,9,1,0,8,9,17
30601,ARQUE,desnutricion aguda,nutricion superior (ns),2007-03-01,1,5,1,1,2,6,8
50802,ATOCHA,desnutricion aguda,nutricion superior (ns),2007-03-01,11,7,3,1,14,8,22
30301,AYOPAYA (V. DE INDEPENDENCIA),desnutricion aguda,nutricion superior (ns),2007-03-01,21,17,5,0,26,17,43
10201,AZURDUY,desnutricion aguda,nutricion superior (ns),2007-03-01,18,6,2,1,20,7,27
80802,BAURES,desnutricion aguda,nutricion superior (ns),2007-03-01,14,5,1,1,15,6,21
50104,BELEN DE URMIRI,desnutricion aguda,nutricion superior (ns),2007-03-01,0,1,0,0,0,1,1
90104,BELLA FLOR,desnutricion aguda,nutricion superior (ns),2007-03-01,7,0,1,1,8,1,9
60202,BERMEJO,desnutricion aguda,nutricion superior (ns),2007-03-01,15,6,2,0,17,6,23
50301,BETANZOS,desnutricion aguda,nutricion superior (ns),2007-03-01,33,14,3,3,36,17,53
31501,BOLIVAR,desnutricion aguda,nutricion superior (ns),2007-03-01,0,2,0,2,0,4,4
90103,BOLPEBRA,desnutricion aguda,nutricion superior (ns),2007-03-01,2,3,0,0,2,3,5
70707,BOYUIBE,desnutricion aguda,nutricion superior (ns),2007-03-01,6,10,3,4,9,14,23
70401,BUENA VISTA,desnutricion aguda,nutricion superior (ns),2007-03-01,24,21,6,5,30,26,56
70703,CABEZAS,desnutricion aguda,nutricion superior (ns),2007-03-01,31,14,15,16,46,30,76
51102,"CAIZA ""D""",desnutricion aguda,nutricion superior (ns),2007-03-01,6,4,1,1,7,5,12
21003,CAJUATA,desnutricion aguda,nutricion superior (ns),2007-03-01,21,14,19,20,40,34,74
10701,CAMARGO,desnutricion aguda,nutricion superior (ns),2007-03-01,18,16,3,5,21,21,42
10901,CAMATAQUI (C. VILLA ABECIA),desnutricion aguda,nutricion superior (ns),2007-03-01,4,7,2,2,6,9,15
70706,CAMIRI,desnutricion aguda,nutricion superior (ns),2007-03-01,141,95,80,34,221,129,350
30701,CAPINOTA,desnutricion aguda,nutricion superior (ns),2007-03-01,3,1,0,0,3,1,4
40102,CARACOLLO,desnutricion aguda,nutricion superior (ns),2007-03-01,11,19,1,1,12,20,32
60302,CARAPARI,desnutricion aguda,nutricion superior (ns),2007-03-01,12,15,4,3,16,18,34
50702,CARIPUYO,desnutricion aguda,nutricion superior (ns),2007-03-01,1,1,1,0,2,1,3
71403,CARMEN RIVERO TORREZ,desnutricion aguda,nutricion superior (ns),2007-03-01,7,4,1,0,8,4,12
40201,CHALLAPATA,desnutricion aguda,nutricion superior (ns),2007-03-01,22,24,1,2,23,26,49
50302,CHAQUI,desnutricion aguda,nutricion superior (ns),2007-03-01,7,2,1,4,8,6,14
70702,CHARAGUA,desnutricion aguda,nutricion superior (ns),2007-03-01,50,20,4,4,54,24,78
50202,CHAYANTA,desnutricion aguda,nutricion superior (ns),2007-03-01,28,29,1,3,29,32,61
31204,CHIMORE,desnutricion aguda,nutricion superior (ns),2007-03-01,16,15,0,0,16,15,31
90101,COBIJA,desnutricion aguda,nutricion superior (ns),2007-03-01,81,81,5,11,86,92,178
30101,COCHABAMBA,desnutricion aguda,nutricion superior (ns),2007-03-01,287,230,59,63,346,293,639
40902,COIPASA,desnutricion aguda,nutricion superior (ns),2007-03-01,0,1,0,0,0,1,1
30905,COLCAPIRHUA,desnutricion aguda,nutricion superior (ns),2007-03-01,13,8,1,4,14,12,26
50901,"COLCHA ""K""",desnutricion aguda,nutricion superior (ns),2007-03-01,7,5,0,0,7,5,12
31002,COLOMI,desnutricion aguda,nutricion superior (ns),2007-03-01,19,10,2,2,21,12,33
70603,COLPA BELGICA,desnutricion aguda,nutricion superior (ns),2007-03-01,16,11,1,5,17,16,33
50401,COLQUECHACA,desnutricion aguda,nutricion superior (ns),2007-03-01,16,13,4,3,20,16,36
21004,COLQUIRI,desnutricion aguda,nutricion superior (ns),2007-03-01,5,8,3,2,8,10,18
71301,COMARAPA,desnutricion aguda,nutricion superior (ns),2007-03-01,68,50,30,22,98,72,170
71101,CONCEPCION,desnutricion aguda,nutricion superior (ns),2007-03-01,12,3,0,2,12,5,17
40301,CORQUE,desnutricion aguda,nutricion superior (ns),2007-03-01,4,3,2,2,6,5,11
50601,COTAGAITA,desnutricion aguda,nutricion superior (ns),2007-03-01,10,9,0,2,10,11,21
70102,COTOCA,desnutricion aguda,nutricion superior (ns),2007-03-01,16,4,0,0,16,4,20
71106,CUATRO CAÑADAS,desnutricion aguda,nutricion superior (ns),2007-03-01,31,13,6,0,37,13,50
31405,CUCHUMUELA (V. G. VILLARROEL),desnutricion aguda,nutricion superior (ns),2007-03-01,1,0,0,0,1,0,1
70704,CUEVO,desnutricion aguda,nutricion superior (ns),2007-03-01,8,5,1,1,9,6,15
10902,CULPINA,desnutricion aguda,nutricion superior (ns),2007-03-01,31,12,2,1,33,13,46
40401,CURAHUARA DE CARANGAS,desnutricion aguda,nutricion superior (ns),2007-03-01,2,7,5,1,7,8,15
40103,EL CHORO,desnutricion aguda,nutricion superior (ns),2007-03-01,1,0,0,1,1,1,2
71503,EL PUENTE(STC),desnutricion aguda,nutricion superior (ns),2007-03-01,63,19,9,14,72,33,105
60502,EL PUENTE(TJA),desnutricion aguda,nutricion superior (ns),2007-03-01,2,1,6,3,8,4,12
70105,EL TORNO,desnutricion aguda,nutricion superior (ns),2007-03-01,20,14,0,1,20,15,35
10405,EL VILLAR,desnutricion aguda,nutricion superior (ns),2007-03-01,8,6,3,2,11,8,19
60601,ENTRE RIOS,desnutricion aguda,nutricion superior (ns),2007-03-01,14,9,3,2,17,11,28
60601,ENTRE RIOS,desnutricion aguda,nutricion superior (ns),2007-03-01,26,24,5,7,31,31,62
41101,EUCALIPTUS,desnutricion aguda,nutricion superior (ns),2007-03-01,5,8,1,5,6,13,19
80402,EXALTACION,desnutricion aguda,nutricion superior (ns),2007-03-01,2,2,0,1,2,3,5
71004,FERNANDEZ ALONSO,desnutricion aguda,nutricion superior (ns),2007-03-01,18,9,1,2,19,11,30
90203,FILADELFIA,desnutricion aguda,nutricion superior (ns),2007-03-01,5,6,2,0,7,6,13
71002,GENERAL SAAVEDRA,desnutricion aguda,nutricion superior (ns),2007-03-01,28,28,22,21,50,49,99
80202,GUAYARAMERIN,desnutricion aguda,nutricion superior (ns),2007-03-01,118,95,18,14,136,109,245
70705,GUTIERREZ,desnutricion aguda,nutricion superior (ns),2007-03-01,3,3,0,0,3,3,6
10502,HUACARETA,desnutricion aguda,nutricion superior (ns),2007-03-01,15,15,6,13,21,28,49
11002,HUACAYA (VILLA DE HUACAYA),desnutricion aguda,nutricion superior (ns),2007-03-01,4,4,0,1,4,5,9
40701,HUANUNI,desnutricion aguda,nutricion superior (ns),2007-03-01,10,4,7,6,17,10,27
80803,HUARACAJE,desnutricion aguda,nutricion superior (ns),2007-03-01,10,2,2,0,12,2,14
21005,ICHOCA,desnutricion aguda,nutricion superior (ns),2007-03-01,9,16,9,11,18,27,45
10304,ICLA,desnutricion aguda,nutricion superior (ns),2007-03-01,9,6,4,0,13,6,19
10703,INCAHUASI,desnutricion aguda,nutricion superior (ns),2007-03-01,16,21,2,0,18,21,39
21001,INQUISIVI,desnutricion aguda,nutricion superior (ns),2007-03-01,40,37,31,24,71,61,132
70104,LA GUARDIA,desnutricion aguda,nutricion superior (ns),2007-03-01,38,14,6,7,44,21,65
70701,LAGUNILLAS,desnutricion aguda,nutricion superior (ns),2007-03-01,26,21,6,6,32,27,59
10903,LAS CARRERAS,desnutricion aguda,nutricion superior (ns),2007-03-01,7,1,0,2,7,3,10
21006,LICOMA PAMPA,desnutricion aguda,nutricion superior (ns),2007-03-01,3,1,0,0,3,1,4
50203,LLALLAGUA,desnutricion aguda,nutricion superior (ns),2007-03-01,56,58,4,31,60,89,149
51401,LLICA,desnutricion aguda,nutricion superior (ns),2007-03-01,5,0,1,0,6,0,6
80601,LORETO,desnutricion aguda,nutricion superior (ns),2007-03-01,5,9,3,3,8,12,20
40702,MACHACAMARCA,desnutricion aguda,nutricion superior (ns),2007-03-01,2,7,3,4,5,11,16
11003,MACHARETI,desnutricion aguda,nutricion superior (ns),2007-03-01,22,23,11,11,33,34,67
80801,MAGDALENA,desnutricion aguda,nutricion superior (ns),2007-03-01,12,12,2,2,14,14,28
70903,MAIRANA,desnutricion aguda,nutricion superior (ns),2007-03-01,21,10,4,3,25,13,38
71003,MINEROS,desnutricion aguda,nutricion superior (ns),2007-03-01,27,24,13,7,40,31,71
31301,MIZQUE,desnutricion aguda,nutricion superior (ns),2007-03-01,58,30,4,2,62,32,94
51002,MOJINETE,desnutricion aguda,nutricion superior (ns),2007-03-01,0,1,0,0,0,1,1
10303,MOJOCOYA,desnutricion aguda,nutricion superior (ns),2007-03-01,11,8,1,0,12,8,20
10501,MONTEAGUDO,desnutricion aguda,nutricion superior (ns),2007-03-01,43,47,12,21,55,68,123
71001,MONTERO,desnutricion aguda,nutricion superior (ns),2007-03-01,226,187,82,73,308,260,568
70803,MORO MORO,desnutricion aguda,nutricion superior (ns),2007-03-01,7,1,1,0,8,1,9
30302,MOROCHATA,desnutricion aguda,nutricion superior (ns),2007-03-01,3,5,1,0,4,5,9
90401,NACEBE (SANTA ROSA DEL ABUNA),desnutricion aguda,nutricion superior (ns),2007-03-01,1,0,0,1,1,1,2
50404,OCURI,desnutricion aguda,nutricion superior (ns),2007-03-01,5,1,0,0,5,1,6
70202,OKINAWA,desnutricion aguda,nutricion superior (ns),2007-03-01,5,0,0,1,5,1,6
30203,OMEREQUE,desnutricion aguda,nutricion superior (ns),2007-03-01,5,3,0,2,5,5,10
40101,ORURO,desnutricion aguda,nutricion superior (ns),2007-03-01,241,223,87,70,328,293,621
60201,PADCAYA,desnutricion aguda,nutricion superior (ns),2007-03-01,19,17,6,8,25,25,50
10401,PADILLA,desnutricion aguda,nutricion superior (ns),2007-03-01,11,19,2,1,13,20,33
70502,PAILON,desnutricion aguda,nutricion superior (ns),2007-03-01,28,22,10,6,38,28,66
40802,PAMPA AULLAGAS,desnutricion aguda,nutricion superior (ns),2007-03-01,5,5,0,0,5,5,10
70902,PAMPA GRANDE,desnutricion aguda,nutricion superior (ns),2007-03-01,6,8,5,1,11,9,20
30202,PASORAPA,desnutricion aguda,nutricion superior (ns),2007-03-01,4,4,3,3,7,7,14
40602,PAZÑA,desnutricion aguda,nutricion superior (ns),2007-03-01,8,8,2,4,10,12,22
50403,POCOATA,desnutricion aguda,nutricion superior (ns),2007-03-01,7,5,3,2,10,7,17
31203,POCONA,desnutricion aguda,nutricion superior (ns),2007-03-01,5,9,2,0,7,9,16
31202,POJO (CBBA),desnutricion aguda,nutricion superior (ns),2007-03-01,21,13,4,1,25,14,39
40601,POOPO,desnutricion aguda,nutricion superior (ns),2007-03-01,8,10,0,0,8,10,18
51203,PORCO,desnutricion aguda,nutricion superior (ns),2007-03-01,21,10,1,6,22,16,38
10103,POROMA,desnutricion aguda,nutricion superior (ns),2007-03-01,16,16,3,1,19,17,36
70103,PORONGO,desnutricion aguda,nutricion superior (ns),2007-03-01,1,1,1,1,2,2,4
70601,PORTACHUELO,desnutricion aguda,nutricion superior (ns),2007-03-01,52,43,18,34,70,77,147
90102,PORVENIR,desnutricion aguda,nutricion superior (ns),2007-03-01,13,12,3,1,16,13,29
70804,POSTRER VALLE,desnutricion aguda,nutricion superior (ns),2007-03-01,6,2,2,1,8,3,11
50101,POTOSI,desnutricion aguda,nutricion superior (ns),2007-03-01,138,77,28,22,166,99,265
10302,PRESTO,desnutricion aguda,nutricion superior (ns),2007-03-01,6,4,2,1,8,5,13
70805,PUCARA,desnutricion aguda,nutricion superior (ns),2007-03-01,1,1,1,0,2,1,3
90301,PUERTO GONZALO MORENO,desnutricion aguda,nutricion superior (ns),2007-03-01,103,2,1,2,104,4,108
71402,PUERTO QUIJARRO,desnutricion aguda,nutricion superior (ns),2007-03-01,50,38,7,3,57,41,98
90201,PUERTO RICO,desnutricion aguda,nutricion superior (ns),2007-03-01,12,10,0,4,12,14,26
80703,PUERTO SILES,desnutricion aguda,nutricion superior (ns),2007-03-01,4,2,5,4,9,6,15
71401,PUERTO SUAREZ,desnutricion aguda,nutricion superior (ns),2007-03-01,23,24,19,14,42,38,80
31205,PUERTO VILLARROEL,desnutricion aguda,nutricion superior (ns),2007-03-01,65,42,18,13,83,55,138
51101,PUNA,desnutricion aguda,nutricion superior (ns),2007-03-01,18,7,0,1,18,8,26
31401,PUNATA,desnutricion aguda,nutricion superior (ns),2007-03-01,15,16,1,0,16,16,32
30901,QUILLACOLLO,desnutricion aguda,nutricion superior (ns),2007-03-01,26,16,7,4,33,20,53
21002,QUIME,desnutricion aguda,nutricion superior (ns),2007-03-01,23,9,2,5,25,14,39
70904,QUIRUSILLAS,desnutricion aguda,nutricion superior (ns),2007-03-01,5,2,0,1,5,3,8
50402,RAVELO,desnutricion aguda,nutricion superior (ns),2007-03-01,8,10,3,2,11,12,23
80301,REYES,desnutricion aguda,nutricion superior (ns),2007-03-01,31,15,5,3,36,18,54
80201,RIBERALTA,desnutricion aguda,nutricion superior (ns),2007-03-01,73,36,4,2,77,38,115
70503,ROBORE,desnutricion aguda,nutricion superior (ns),2007-03-01,23,7,1,2,24,9,33
80304,RURRENABAQUE,desnutricion aguda,nutricion superior (ns),2007-03-01,23,16,5,7,28,23,51
40901,SABAYA,desnutricion aguda,nutricion superior (ns),2007-03-01,4,1,2,0,6,1,7
31001,SACABA,desnutricion aguda,nutricion superior (ns),2007-03-01,61,54,7,9,68,63,131
30404,SACABAMBA,desnutricion aguda,nutricion superior (ns),2007-03-01,2,1,1,1,3,2,5
50701,SACACA,desnutricion aguda,nutricion superior (ns),2007-03-01,1,9,0,4,1,13,14
71302,SAIPINA,desnutricion aguda,nutricion superior (ns),2007-03-01,55,49,14,14,69,63,132
40801,SALINAS DE GARCI MENDOZA,desnutricion aguda,nutricion superior (ns),2007-03-01,33,29,15,7,48,36,84
70901,SAMAIPATA,desnutricion aguda,nutricion superior (ns),2007-03-01,20,8,10,4,30,12,42
51601,SAN AGUSTIN,desnutricion aguda,nutricion superior (ns),2007-03-01,1,1,0,1,1,2,3
80602,SAN ANDRES,desnutricion aguda,nutricion superior (ns),2007-03-01,25,11,8,5,33,16,49
51003,SAN ANTONIO DE ESMORUCO,desnutricion aguda,nutricion superior (ns),2007-03-01,1,4,0,0,1,4,5
71105,SAN ANTONIO DE LOMERIO,desnutricion aguda,nutricion superior (ns),2007-03-01,4,3,0,0,4,3,7
31403,SAN BENITO,desnutricion aguda,nutricion superior (ns),2007-03-01,8,4,0,0,8,4,12
80302,SAN BORJA,desnutricion aguda,nutricion superior (ns),2007-03-01,41,29,8,9,49,38,87
70402,SAN CARLOS,desnutricion aguda,nutricion superior (ns),2007-03-01,37,20,10,9,47,29,76
80501,SAN IGNACIO,desnutricion aguda,nutricion superior (ns),2007-03-01,8,7,5,5,13,12,25
70301,SAN IGNACIO DE VELASCO,desnutricion aguda,nutricion superior (ns),2007-03-01,98,47,13,14,111,61,172
80102,SAN JAVIER(BNI),desnutricion aguda,nutricion superior (ns),2007-03-01,2,1,3,0,5,1,6
80701,SAN JOAQUIN,desnutricion aguda,nutricion superior (ns),2007-03-01,9,5,1,1,10,6,16
70501,SAN JOSE DE CHIQUITOS,desnutricion aguda,nutricion superior (ns),2007-03-01,17,4,3,7,20,11,31
70404,SAN JUAN DE YAPACANI,desnutricion aguda,nutricion superior (ns),2007-03-01,23,16,5,7,28,23,51
71104,SAN JULIAN,desnutricion aguda,nutricion superior (ns),2007-03-01,30,28,18,15,48,43,91
90302,SAN LORENZO(PND),desnutricion aguda,nutricion superior (ns),2007-03-01,3,1,0,1,3,2,5
60501,SAN LORENZO(TJA),desnutricion aguda,nutricion superior (ns),2007-03-01,14,4,5,3,19,7,26
10702,SAN LUCAS,desnutricion aguda,nutricion superior (ns),2007-03-01,19,16,4,1,23,17,40
71201,SAN MATIAS,desnutricion aguda,nutricion superior (ns),2007-03-01,12,8,4,5,16,13,29
70302,SAN MIGUEL DE VELASCO,desnutricion aguda,nutricion superior (ns),2007-03-01,30,30,3,3,33,33,66
51001,SAN PABLO DE LIPEZ,desnutricion aguda,nutricion superior (ns),2007-03-01,2,0,0,0,2,0,2
71005,SAN PEDRO,desnutricion aguda,nutricion superior (ns),2007-03-01,57,43,13,6,70,49,119
50902,SAN PEDRO DE QUEMES,desnutricion aguda,nutricion superior (ns),2007-03-01,2,1,0,0,2,1,3
70303,SAN RAFAEL,desnutricion aguda,nutricion superior (ns),2007-03-01,4,2,0,3,4,5,9
80702,SAN RAMON,desnutricion aguda,nutricion superior (ns),2007-03-01,9,6,0,0,9,6,15
80401,SANTA ANA,desnutricion aguda,nutricion superior (ns),2007-03-01,38,19,4,10,42,29,71
70101,SANTA CRUZ DE LA SIERRA,desnutricion aguda,nutricion superior (ns),2007-03-01,1255,944,499,389,1754,1333,3087
80303,SANTA ROSA,desnutricion aguda,nutricion superior (ns),2007-03-01,30,11,2,4,32,15,47
70602,SANTA ROSA DEL SARA,desnutricion aguda,nutricion superior (ns),2007-03-01,10,8,2,5,12,13,25
41401,SANTIAGO DE HUARI,desnutricion aguda,nutricion superior (ns),2007-03-01,11,11,3,1,14,12,26
30702,SANTIVAÑES,desnutricion aguda,nutricion superior (ns),2007-03-01,1,1,0,0,1,1,2
40202,SANTUARIO DE QUILLACAS,desnutricion aguda,nutricion superior (ns),2007-03-01,1,4,3,1,4,5,9
90303,SENA,desnutricion aguda,nutricion superior (ns),2007-03-01,6,7,2,1,8,8,16
30703,SICAYA,desnutricion aguda,nutricion superior (ns),2007-03-01,0,1,0,0,0,1,1
30902,SIPE SIPE,desnutricion aguda,nutricion superior (ns),2007-03-01,33,22,3,4,36,26,62
10403,SOPACHUY,desnutricion aguda,nutricion superior (ns),2007-03-01,5,1,0,0,5,1,6
40104,SORACACHI,desnutricion aguda,nutricion superior (ns),2007-03-01,10,12,8,15,18,27,45
10101,SUCRE,desnutricion aguda,nutricion superior (ns),2007-03-01,229,215,57,81,286,296,582
31404,TACACHI,desnutricion aguda,nutricion superior (ns),2007-03-01,0,1,1,0,1,1,2
50303,TACOBAMBA,desnutricion aguda,nutricion superior (ns),2007-03-01,3,0,1,0,4,0,4
30602,TACOPAYA,desnutricion aguda,nutricion superior (ns),2007-03-01,3,0,0,0,3,0,3
51402,TAHUA,desnutricion aguda,nutricion superior (ns),2007-03-01,0,1,0,0,0,1,1
31101,TAPACARI,desnutricion aguda,nutricion superior (ns),2007-03-01,8,6,5,4,13,10,23
10601,TARABUCO,desnutricion aguda,nutricion superior (ns),2007-03-01,25,18,9,4,34,22,56
30401,TARATA,desnutricion aguda,nutricion superior (ns),2007-03-01,9,11,10,1,19,12,31
60101,TARIJA,desnutricion aguda,nutricion superior (ns),2007-03-01,320,243,54,49,374,292,666
10202,TARVITA,desnutricion aguda,nutricion superior (ns),2007-03-01,12,10,2,0,14,10,24
50102,TINGUIPAYA,desnutricion aguda,nutricion superior (ns),2007-03-01,5,6,0,0,5,6,11
30903,TIQUIPAYA,desnutricion aguda,nutricion superior (ns),2007-03-01,36,20,4,0,40,20,60
31601,TIRAQUE (CBBA),desnutricion aguda,nutricion superior (ns),2007-03-01,23,18,6,9,29,27,56
30802,TOCO,desnutricion aguda,nutricion superior (ns),2007-03-01,7,5,2,7,9,12,21
30803,TOLATA,desnutricion aguda,nutricion superior (ns),2007-03-01,9,3,1,5,10,8,18
41001,TOLEDO,desnutricion aguda,nutricion superior (ns),2007-03-01,3,2,0,2,3,4,7
51202,TOMAVE,desnutricion aguda,nutricion superior (ns),2007-03-01,8,3,4,1,12,4,16
10402,TOMINA,desnutricion aguda,nutricion superior (ns),2007-03-01,12,15,0,0,12,15,27
50502,TORO TORO,desnutricion aguda,nutricion superior (ns),2007-03-01,4,5,1,6,5,11,16
31201,TOTORA(CBBA),desnutricion aguda,nutricion superior (ns),2007-03-01,7,7,0,0,7,7,14
41301,TOTORA(ORR),desnutricion aguda,nutricion superior (ns),2007-03-01,4,3,3,2,7,5,12
70802,TRIGAL,desnutricion aguda,nutricion superior (ns),2007-03-01,2,0,5,1,7,1,8
80101,TRINIDAD,desnutricion aguda,nutricion superior (ns),2007-03-01,147,100,45,21,192,121,313
50801,TUPIZA,desnutricion aguda,nutricion superior (ns),2007-03-01,43,23,9,8,52,31,83
40402,TURCO,desnutricion aguda,nutricion superior (ns),2007-03-01,9,8,17,8,26,16,42
50201,UNCIA,desnutricion aguda,nutricion superior (ns),2007-03-01,11,4,4,2,15,6,21
60401,URIONDO (A. CONCEPCION),desnutricion aguda,nutricion superior (ns),2007-03-01,26,9,4,1,30,10,40
51201,UYUNI,desnutricion aguda,nutricion superior (ns),2007-03-01,30,11,2,0,32,11,43
30502,VACAS,desnutricion aguda,nutricion superior (ns),2007-03-01,2,1,0,0,2,1,3
70801,VALLEGRANDE,desnutricion aguda,nutricion superior (ns),2007-03-01,19,4,2,3,21,7,28
31302,VILA VILA,desnutricion aguda,nutricion superior (ns),2007-03-01,4,1,0,0,4,1,5
60303,VILLA MONTES,desnutricion aguda,nutricion superior (ns),2007-03-01,93,72,14,9,107,81,188
90502,VILLA NUEVA (LOMA ALTA),desnutricion aguda,nutricion superior (ns),2007-03-01,0,1,0,0,0,1,1
31402,VILLA RIVERO,desnutricion aguda,nutricion superior (ns),2007-03-01,4,3,1,0,5,3,8
10801,VILLA SERRANO,desnutricion aguda,nutricion superior (ns),2007-03-01,10,9,3,1,13,10,23
31003,VILLA TUNARI,desnutricion aguda,nutricion superior (ns),2007-03-01,81,52,28,25,109,77,186
11001,VILLA VACA GUZMAN (MUYUPAMPA),desnutricion aguda,nutricion superior (ns),2007-03-01,7,17,4,2,11,19,30
51501,VILLAZON,desnutricion aguda,nutricion superior (ns),2007-03-01,46,41,5,4,51,45,96
30904,VINTO,desnutricion aguda,nutricion superior (ns),2007-03-01,16,14,1,0,17,14,31
50602,VITICHI,desnutricion aguda,nutricion superior (ns),2007-03-01,8,2,2,0,10,2,12
70201,WARNES,desnutricion aguda,nutricion superior (ns),2007-03-01,114,75,23,11,137,86,223
60301,YACUIBA,desnutricion aguda,nutricion superior (ns),2007-03-01,102,104,10,12,112,116,228
10602,YAMPARAEZ,desnutricion aguda,nutricion superior (ns),2007-03-01,12,7,1,2,13,9,22
70403,YAPACANI,desnutricion aguda,nutricion superior (ns),2007-03-01,93,78,16,6,109,84,193
50103,YOCALLA,desnutricion aguda,nutricion superior (ns),2007-03-01,3,3,0,0,3,3,6
10102,YOTALA,desnutricion aguda,nutricion superior (ns),2007-03-01,14,9,5,5,19,14,33
60402,YUNCHARA,desnutricion aguda,nutricion superior (ns),2007-03-01,7,1,1,0,8,1,9
10301,ZUDAÑEZ,desnutricion aguda,nutricion superior (ns),2007-03-01,4,7,0,1,4,8,12
51302,ACACIO,desnutricion aguda,nutricion superior (ns),2007-04-01,4,1,0,0,4,1,5
30201,AIQUILE,desnutricion aguda,nutricion superior (ns),2007-04-01,0,0,1,0,1,0,1
31303,ALALAY,desnutricion aguda,nutricion superior (ns),2007-04-01,2,0,0,0,2,0,2
10404,ALCALA,desnutricion aguda,nutricion superior (ns),2007-04-01,4,4,1,1,5,5,10
41201,ANDAMARCA,desnutricion aguda,nutricion superior (ns),2007-04-01,1,2,3,2,4,4,8
40603,ANTEQUERA,desnutricion aguda,nutricion superior (ns),2007-04-01,7,7,0,0,7,7,14
30402,ANZALDO,desnutricion aguda,nutricion superior (ns),2007-04-01,0,3,4,3,4,6,10
51301,ARAMPAMPA,desnutricion aguda,nutricion superior (ns),2007-04-01,2,2,2,4,4,6,10
30403,ARBIETO,desnutricion aguda,nutricion superior (ns),2007-04-01,12,3,0,2,12,5,17
30601,ARQUE,desnutricion aguda,nutricion superior (ns),2007-04-01,2,1,0,0,2,1,3
71501,ASCENCION DE GUARAYOS,desnutricion aguda,nutricion superior (ns),2007-04-01,33,16,15,8,48,24,72
50802,ATOCHA,desnutricion aguda,nutricion superior (ns),2007-04-01,2,1,2,1,4,2,6
30301,AYOPAYA (V. DE INDEPENDENCIA),desnutricion aguda,nutricion superior (ns),2007-04-01,13,4,0,0,13,4,17
10201,AZURDUY,desnutricion aguda,nutricion superior (ns),2007-04-01,13,7,5,2,18,9,27
80802,BAURES,desnutricion aguda,nutricion superior (ns),2007-04-01,10,4,4,1,14,5,19
50104,BELEN DE URMIRI,desnutricion aguda,nutricion superior (ns),2007-04-01,1,1,1,0,2,1,3
90104,BELLA FLOR,desnutricion aguda,nutricion superior (ns),2007-04-01,6,3,0,0,6,3,9
60202,BERMEJO,desnutricion aguda,nutricion superior (ns),2007-04-01,6,5,1,1,7,6,13
50301,BETANZOS,desnutricion aguda,nutricion superior (ns),2007-04-01,8,13,2,1,10,14,24
31501,BOLIVAR,desnutricion aguda,nutricion superior (ns),2007-04-01,2,0,0,0,2,0,2
90103,BOLPEBRA,desnutricion aguda,nutricion superior (ns),2007-04-01,0,1,0,0,0,1,1
70707,BOYUIBE,desnutricion aguda,nutricion superior (ns),2007-04-01,6,2,1,0,7,2,9
70401,BUENA VISTA,desnutricion aguda,nutricion superior (ns),2007-04-01,16,5,5,1,21,6,27
70703,CABEZAS,desnutricion aguda,nutricion superior (ns),2007-04-01,33,23,21,14,54,37,91
51102,"CAIZA ""D""",desnutricion aguda,nutricion superior (ns),2007-04-01,5,4,0,1,5,5,10
21003,CAJUATA,desnutricion aguda,nutricion superior (ns),2007-04-01,23,19,25,11,48,30,78
10701,CAMARGO,desnutricion aguda,nutricion superior (ns),2007-04-01,18,12,8,2,26,14,40
10901,CAMATAQUI (C. VILLA ABECIA),desnutricion aguda,nutricion superior (ns),2007-04-01,1,7,4,1,5,8,13
70706,CAMIRI,desnutricion aguda,nutricion superior (ns),2007-04-01,130,102,88,45,218,147,365
30701,CAPINOTA,desnutricion aguda,nutricion superior (ns),2007-04-01,5,1,0,2,5,3,8
40102,CARACOLLO,desnutricion aguda,nutricion superior (ns),2007-04-01,5,11,1,0,6,11,17
60302,CARAPARI,desnutricion aguda,nutricion superior (ns),2007-04-01,15,24,3,2,18,26,44
50702,CARIPUYO,desnutricion aguda,nutricion superior (ns),2007-04-01,2,4,0,0,2,4,6
71403,CARMEN RIVERO TORREZ,desnutricion aguda,nutricion superior (ns),2007-04-01,10,2,2,2,12,4,16
40201,CHALLAPATA,desnutricion aguda,nutricion superior (ns),2007-04-01,15,12,6,0,21,12,33
50302,CHAQUI,desnutricion aguda,nutricion superior (ns),2007-04-01,8,1,1,2,9,3,12
70702,CHARAGUA,desnutricion aguda,nutricion superior (ns),2007-04-01,43,22,3,4,46,26,72
50202,CHAYANTA,desnutricion aguda,nutricion superior (ns),2007-04-01,4,10,0,2,4,12,16
31204,CHIMORE,desnutricion aguda,nutricion superior (ns),2007-04-01,7,10,0,0,7,10,17
40903,CHIPAYA,desnutricion aguda,nutricion superior (ns),2007-04-01,0,1,0,0,0,1,1
40302,CHOQUE COTA,desnutricion aguda,nutricion superior (ns),2007-04-01,4,9,4,0,8,9,17
90101,COBIJA,desnutricion aguda,nutricion superior (ns),2007-04-01,73,57,10,11,83,68,151
30101,COCHABAMBA,desnutricion aguda,nutricion superior (ns),2007-04-01,201,162,63,52,264,214,478
30905,COLCAPIRHUA,desnutricion aguda,nutricion superior (ns),2007-04-01,11,4,4,2,15,6,21
50901,"COLCHA ""K""",desnutricion aguda,nutricion superior (ns),2007-04-01,3,1,1,0,4,1,5
31002,COLOMI,desnutricion aguda,nutricion superior (ns),2007-04-01,13,9,3,0,16,9,25
70603,COLPA BELGICA,desnutricion aguda,nutricion superior (ns),2007-04-01,16,5,2,5,18,10,28
50401,COLQUECHACA,desnutricion aguda,nutricion superior (ns),2007-04-01,17,12,2,6,19,18,37
21004,COLQUIRI,desnutricion aguda,nutricion superior (ns),2007-04-01,4,3,1,0,5,3,8
71301,COMARAPA,desnutricion aguda,nutricion superior (ns),2007-04-01,51,57,27,23,78,80,158
71101,CONCEPCION,desnutricion aguda,nutricion superior (ns),2007-04-01,5,3,2,4,7,7,14
40301,CORQUE,desnutricion aguda,nutricion superior (ns),2007-04-01,4,6,5,2,9,8,17
50601,COTAGAITA,desnutricion aguda,nutricion superior (ns),2007-04-01,6,10,3,1,9,11,20
70102,COTOCA,desnutricion aguda,nutricion superior (ns),2007-04-01,34,15,1,3,35,18,53
71106,CUATRO CAÑADAS,desnutricion aguda,nutricion superior (ns),2007-04-01,22,14,6,5,28,19,47
70704,CUEVO,desnutricion aguda,nutricion superior (ns),2007-04-01,5,9,2,2,7,11,18
10902,CULPINA,desnutricion aguda,nutricion superior (ns),2007-04-01,23,15,0,2,23,17,40
40401,CURAHUARA DE CARANGAS,desnutricion aguda,nutricion superior (ns),2007-04-01,2,1,0,0,2,1,3
40103,EL CHORO,desnutricion aguda,nutricion superior (ns),2007-04-01,2,4,3,4,5,8,13
71503,EL PUENTE(STC),desnutricion aguda,nutricion superior (ns),2007-04-01,8,11,4,0,12,11,23
60502,EL PUENTE(TJA),desnutricion aguda,nutricion superior (ns),2007-04-01,3,2,0,0,3,2,5
70105,EL TORNO,desnutricion aguda,nutricion superior (ns),2007-04-01,50,26,14,7,64,33,97
10405,EL VILLAR,desnutricion aguda,nutricion superior (ns),2007-04-01,6,1,2,0,8,1,9
60601,ENTRE RIOS,desnutricion aguda,nutricion superior (ns),2007-04-01,13,17,6,4,19,21,40
60601,ENTRE RIOS,desnutricion aguda,nutricion superior (ns),2007-04-01,16,18,5,4,21,22,43
40505,ESMERALDA,desnutricion aguda,nutricion superior (ns),2007-04-01,0,1,1,0,1,1,2
41101,EUCALIPTUS,desnutricion aguda,nutricion superior (ns),2007-04-01,0,3,8,2,8,5,13
80402,EXALTACION,desnutricion aguda,nutricion superior (ns),2007-04-01,14,9,6,10,20,19,39
71004,FERNANDEZ ALONSO,desnutricion aguda,nutricion superior (ns),2007-04-01,11,7,2,3,13,10,23
90203,FILADELFIA,desnutricion aguda,nutricion superior (ns),2007-04-01,4,1,1,0,5,1,6
71002,GENERAL SAAVEDRA,desnutricion aguda,nutricion superior (ns),2007-04-01,4,7,4,2,8,9,17
80202,GUAYARAMERIN,desnutricion aguda,nutricion superior (ns),2007-04-01,91,92,6,9,97,101,198
70705,GUTIERREZ,desnutricion aguda,nutricion superior (ns),2007-04-01,23,27,7,4,30,31,61
10502,HUACARETA,desnutricion aguda,nutricion superior (ns),2007-04-01,21,14,6,7,27,21,48
11002,HUACAYA (VILLA DE HUACAYA),desnutricion aguda,nutricion superior (ns),2007-04-01,3,5,1,3,4,8,12
40501,HUACHACALLA,desnutricion aguda,nutricion superior (ns),2007-04-01,0,0,2,0,2,0,2
40701,HUANUNI,desnutricion aguda,nutricion superior (ns),2007-04-01,8,1,3,1,11,2,13
80803,HUARACAJE,desnutricion aguda,nutricion superior (ns),2007-04-01,12,4,2,3,14,7,21
41601,HUAYLLAMARCA,desnutricion aguda,nutricion superior (ns),2007-04-01,2,0,0,0,2,0,2
21005,ICHOCA,desnutricion aguda,nutricion superior (ns),2007-04-01,11,10,3,5,14,15,29
10304,ICLA,desnutricion aguda,nutricion superior (ns),2007-04-01,5,6,3,0,8,6,14
10703,INCAHUASI,desnutricion aguda,nutricion superior (ns),2007-04-01,24,31,3,5,27,36,63
21001,INQUISIVI,desnutricion aguda,nutricion superior (ns),2007-04-01,38,33,39,40,77,73,150
70104,LA GUARDIA,desnutricion aguda,nutricion superior (ns),2007-04-01,52,27,15,17,67,44,111
70701,LAGUNILLAS,desnutricion aguda,nutricion superior (ns),2007-04-01,10,15,4,6,14,21,35
10903,LAS CARRERAS,desnutricion aguda,nutricion superior (ns),2007-04-01,8,7,1,1,9,8,17
21006,LICOMA PAMPA,desnutricion aguda,nutricion superior (ns),2007-04-01,2,6,0,1,2,7,9
50203,LLALLAGUA,desnutricion aguda,nutricion superior (ns),2007-04-01,30,41,2,2,32,43,75
51401,LLICA,desnutricion aguda,nutricion superior (ns),2007-04-01,2,2,1,0,3,2,5
80601,LORETO,desnutricion aguda,nutricion superior (ns),2007-04-01,2,6,2,6,4,12,16
40702,MACHACAMARCA,desnutricion aguda,nutricion superior (ns),2007-04-01,5,2,5,0,10,2,12
11003,MACHARETI,desnutricion aguda,nutricion superior (ns),2007-04-01,30,25,17,7,47,32,79
80801,MAGDALENA,desnutricion aguda,nutricion superior (ns),2007-04-01,10,5,1,0,11,5,16
70903,MAIRANA,desnutricion aguda,nutricion superior (ns),2007-04-01,14,6,1,2,15,8,23
71003,MINEROS,desnutricion aguda,nutricion superior (ns),2007-04-01,16,12,4,3,20,15,35
31301,MIZQUE,desnutricion aguda,nutricion superior (ns),2007-04-01,27,12,9,7,36,19,55
51002,MOJINETE,desnutricion aguda,nutricion superior (ns),2007-04-01,1,1,2,1,3,2,5
10303,MOJOCOYA,desnutricion aguda,nutricion superior (ns),2007-04-01,12,4,6,3,18,7,25
10501,MONTEAGUDO,desnutricion aguda,nutricion superior (ns),2007-04-01,50,41,11,7,61,48,109
71001,MONTERO,desnutricion aguda,nutricion superior (ns),2007-04-01,230,184,84,58,314,242,556
70803,MORO MORO,desnutricion aguda,nutricion superior (ns),2007-04-01,7,6,2,1,9,7,16
30302,MOROCHATA,desnutricion aguda,nutricion superior (ns),2007-04-01,5,2,0,0,5,2,7
90401,NACEBE (SANTA ROSA DEL ABUNA),desnutricion aguda,nutricion superior (ns),2007-04-01,8,2,2,2,10,4,14
50404,OCURI,desnutricion aguda,nutricion superior (ns),2007-04-01,3,1,0,0,3,1,4
70202,OKINAWA,desnutricion aguda,nutricion superior (ns),2007-04-01,6,2,2,0,8,2,10
40101,ORURO,desnutricion aguda,nutricion superior (ns),2007-04-01,190,204,89,105,279,309,588
60201,PADCAYA,desnutricion aguda,nutricion superior (ns),2007-04-01,18,25,11,13,29,38,67
10401,PADILLA,desnutricion aguda,nutricion superior (ns),2007-04-01,8,23,5,1,13,24,37
70502,PAILON,desnutricion aguda,nutricion superior (ns),2007-04-01,29,22,8,8,37,30,67
40802,PAMPA AULLAGAS,desnutricion aguda,nutricion superior (ns),2007-04-01,3,3,0,0,3,3,6
70902,PAMPA GRANDE,desnutricion aguda,nutricion superior (ns),2007-04-01,3,6,0,1,3,7,10
30202,PASORAPA,desnutricion aguda,nutricion superior (ns),2007-04-01,6,10,5,3,11,13,24
40602,PAZÑA,desnutricion aguda,nutricion superior (ns),2007-04-01,1,4,0,1,1,5,6
50403,POCOATA,desnutricion aguda,nutricion superior (ns),2007-04-01,6,2,1,0,7,2,9
31203,POCONA,desnutricion aguda,nutricion superior (ns),2007-04-01,4,5,0,2,4,7,11
31202,POJO (CBBA),desnutricion aguda,nutricion superior (ns),2007-04-01,10,10,3,0,13,10,23
40601,POOPO,desnutricion aguda,nutricion superior (ns),2007-04-01,3,4,0,0,3,4,7
51203,PORCO,desnutricion aguda,nutricion superior (ns),2007-04-01,5,8,0,0,5,8,13
10103,POROMA,desnutricion aguda,nutricion superior (ns),2007-04-01,15,8,3,1,18,9,27
70103,PORONGO,desnutricion aguda,nutricion superior (ns),2007-04-01,2,3,0,0,2,3,5
70601,PORTACHUELO,desnutricion aguda,nutricion superior (ns),2007-04-01,67,66,32,16,99,82,181
90102,PORVENIR,desnutricion aguda,nutricion superior (ns),2007-04-01,10,6,4,3,14,9,23
70804,POSTRER VALLE,desnutricion aguda,nutricion superior (ns),2007-04-01,4,2,2,0,6,2,8
50101,POTOSI,desnutricion aguda,nutricion superior (ns),2007-04-01,81,77,13,14,94,91,185
10302,PRESTO,desnutricion aguda,nutricion superior (ns),2007-04-01,9,6,4,1,13,7,20
70805,PUCARA,desnutricion aguda,nutricion superior (ns),2007-04-01,2,1,2,0,4,1,5
90301,PUERTO GONZALO MORENO,desnutricion aguda,nutricion superior (ns),2007-04-01,1,0,0,0,1,0,1
71402,PUERTO QUIJARRO,desnutricion aguda,nutricion superior (ns),2007-04-01,29,26,1,1,30,27,57
90201,PUERTO RICO,desnutricion aguda,nutricion superior (ns),2007-04-01,4,5,1,4,5,9,14
80703,PUERTO SILES,desnutricion aguda,nutricion superior (ns),2007-04-01,4,7,2,1,6,8,14
71401,PUERTO SUAREZ,desnutricion aguda,nutricion superior (ns),2007-04-01,15,20,4,5,19,25,44
31205,PUERTO VILLARROEL,desnutricion aguda,nutricion superior (ns),2007-04-01,78,77,16,7,94,84,178
51101,PUNA,desnutricion aguda,nutricion superior (ns),2007-04-01,13,8,6,1,19,9,28
31401,PUNATA,desnutricion aguda,nutricion superior (ns),2007-04-01,35,43,15,17,50,60,110
30901,QUILLACOLLO,desnutricion aguda,nutricion superior (ns),2007-04-01,30,20,1,5,31,25,56
21002,QUIME,desnutricion aguda,nutricion superior (ns),2007-04-01,12,5,3,3,15,8,23
70904,QUIRUSILLAS,desnutricion aguda,nutricion superior (ns),2007-04-01,7,3,2,1,9,4,13
50402,RAVELO,desnutricion aguda,nutricion superior (ns),2007-04-01,4,5,0,1,4,6,10
80301,REYES,desnutricion aguda,nutricion superior (ns),2007-04-01,11,16,6,6,17,22,39
80201,RIBERALTA,desnutricion aguda,nutricion superior (ns),2007-04-01,69,32,4,1,73,33,106
70503,ROBORE,desnutricion aguda,nutricion superior (ns),2007-04-01,12,4,2,7,14,11,25
80304,RURRENABAQUE,desnutricion aguda,nutricion superior (ns),2007-04-01,20,26,4,2,24,28,52
40901,SABAYA,desnutricion aguda,nutricion superior (ns),2007-04-01,1,0,0,0,1,0,1
31001,SACABA,desnutricion aguda,nutricion superior (ns),2007-04-01,60,48,7,4,67,52,119
30404,SACABAMBA,desnutricion aguda,nutricion superior (ns),2007-04-01,1,0,0,0,1,0,1
50701,SACACA,desnutricion aguda,nutricion superior (ns),2007-04-01,2,3,0,1,2,4,6
71302,SAIPINA,desnutricion aguda,nutricion superior (ns),2007-04-01,20,31,8,8,28,39,67
40801,SALINAS DE GARCI MENDOZA,desnutricion aguda,nutricion superior (ns),2007-04-01,9,11,2,1,11,12,23
70901,SAMAIPATA,desnutricion aguda,nutricion superior (ns),2007-04-01,18,7,4,2,22,9,31
51601,SAN AGUSTIN,desnutricion aguda,nutricion superior (ns),2007-04-01,1,3,0,0,1,3,4
80602,SAN ANDRES,desnutricion aguda,nutricion superior (ns),2007-04-01,21,14,3,3,24,17,41
51003,SAN ANTONIO DE ESMORUCO,desnutricion aguda,nutricion superior (ns),2007-04-01,1,1,0,0,1,1,2
71105,SAN ANTONIO DE LOMERIO,desnutricion aguda,nutricion superior (ns),2007-04-01,5,3,1,0,6,3,9
31403,SAN BENITO,desnutricion aguda,nutricion superior (ns),2007-04-01,0,2,0,0,0,2,2
80302,SAN BORJA,desnutricion aguda,nutricion superior (ns),2007-04-01,44,27,3,4,47,31,78
70402,SAN CARLOS,desnutricion aguda,nutricion superior (ns),2007-04-01,12,23,6,9,18,32,50
80501,SAN IGNACIO,desnutricion aguda,nutricion superior (ns),2007-04-01,14,10,7,1,21,11,32
70301,SAN IGNACIO DE VELASCO,desnutricion aguda,nutricion superior (ns),2007-04-01,79,23,8,10,87,33,120
80102,SAN JAVIER(BNI),desnutricion aguda,nutricion superior (ns),2007-04-01,2,1,2,1,4,2,6
80701,SAN JOAQUIN,desnutricion aguda,nutricion superior (ns),2007-04-01,5,4,10,9,15,13,28
70501,SAN JOSE DE CHIQUITOS,desnutricion aguda,nutricion superior (ns),2007-04-01,6,5,4,3,10,8,18
70404,SAN JUAN DE YAPACANI,desnutricion aguda,nutricion superior (ns),2007-04-01,21,21,0,6,21,27,48
71104,SAN JULIAN,desnutricion aguda,nutricion superior (ns),2007-04-01,20,15,7,4,27,19,46
90302,SAN LORENZO(PND),desnutricion aguda,nutricion superior (ns),2007-04-01,1,2,3,2,4,4,8
60501,SAN LORENZO(TJA),desnutricion aguda,nutricion superior (ns),2007-04-01,19,13,4,2,23,15,38
10702,SAN LUCAS,desnutricion aguda,nutricion superior (ns),2007-04-01,25,23,6,3,31,26,57
71201,SAN MATIAS,desnutricion aguda,nutricion superior (ns),2007-04-01,17,12,4,2,21,14,35
70302,SAN MIGUEL DE VELASCO,desnutricion aguda,nutricion superior (ns),2007-04-01,32,29,1,0,33,29,62
51001,SAN PABLO DE LIPEZ,desnutricion aguda,nutricion superior (ns),2007-04-01,3,2,0,0,3,2,5
71005,SAN PEDRO,desnutricion aguda,nutricion superior (ns),2007-04-01,34,36,2,3,36,39,75
50501,SAN PEDRO DE BUENA VISTA,desnutricion aguda,nutricion superior (ns),2007-04-01,2,1,0,0,2,1,3
50902,SAN PEDRO DE QUEMES,desnutricion aguda,nutricion superior (ns),2007-04-01,2,0,0,0,2,0,2
70303,SAN RAFAEL,desnutricion aguda,nutricion superior (ns),2007-04-01,4,4,1,0,5,4,9
80702,SAN RAMON,desnutricion aguda,nutricion superior (ns),2007-04-01,11,4,9,1,20,5,25
80401,SANTA ANA,desnutricion aguda,nutricion superior (ns),2007-04-01,40,36,13,11,53,47,100
70101,SANTA CRUZ DE LA SIERRA,desnutricion aguda,nutricion superior (ns),2007-04-01,937,575,285,266,1222,841,2063
80303,SANTA ROSA,desnutricion aguda,nutricion superior (ns),2007-04-01,19,10,1,2,20,12,32
70602,SANTA ROSA DEL SARA,desnutricion aguda,nutricion superior (ns),2007-04-01,17,14,8,2,25,16,41
41401,SANTIAGO DE HUARI,desnutricion aguda,nutricion superior (ns),2007-04-01,16,11,3,4,19,15,34
30702,SANTIVAÑES,desnutricion aguda,nutricion superior (ns),2007-04-01,0,1,0,0,0,1,1
40202,SANTUARIO DE QUILLACAS,desnutricion aguda,nutricion superior (ns),2007-04-01,1,2,4,3,5,5,10
90303,SENA,desnutricion aguda,nutricion superior (ns),2007-04-01,0,1,0,0,0,1,1
30902,SIPE SIPE,desnutricion aguda,nutricion superior (ns),2007-04-01,24,17,7,2,31,19,50
10403,SOPACHUY,desnutricion aguda,nutricion superior (ns),2007-04-01,5,1,0,0,5,1,6
40104,SORACACHI,desnutricion aguda,nutricion superior (ns),2007-04-01,12,24,20,18,32,42,74
10101,SUCRE,desnutricion aguda,nutricion superior (ns),2007-04-01,179,136,47,27,226,163,389
50303,TACOBAMBA,desnutricion aguda,nutricion superior (ns),2007-04-01,3,4,0,0,3,4,7
30602,TACOPAYA,desnutricion aguda,nutricion superior (ns),2007-04-01,2,1,0,0,2,1,3
51402,TAHUA,desnutricion aguda,nutricion superior (ns),2007-04-01,1,0,0,0,1,0,1
31101,TAPACARI,desnutricion aguda,nutricion superior (ns),2007-04-01,11,15,11,5,22,20,42
10601,TARABUCO,desnutricion aguda,nutricion superior (ns),2007-04-01,19,9,4,1,23,10,33
60101,TARIJA,desnutricion aguda,nutricion superior (ns),2007-04-01,277,212,64,49,341,261,602
10202,TARVITA,desnutricion aguda,nutricion superior (ns),2007-04-01,11,2,2,0,13,2,15
50102,TINGUIPAYA,desnutricion aguda,nutricion superior (ns),2007-04-01,7,3,1,0,8,3,11
30903,TIQUIPAYA,desnutricion aguda,nutricion superior (ns),2007-04-01,5,4,2,1,7,5,12
31601,TIRAQUE (CBBA),desnutricion aguda,nutricion superior (ns),2007-04-01,40,45,8,9,48,54,102
30802,TOCO,desnutricion aguda,nutricion superior (ns),2007-04-01,4,1,0,1,4,2,6
30803,TOLATA,desnutricion aguda,nutricion superior (ns),2007-04-01,5,2,1,1,6,3,9
41001,TOLEDO,desnutricion aguda,nutricion superior (ns),2007-04-01,1,6,1,2,2,8,10
51202,TOMAVE,desnutricion aguda,nutricion superior (ns),2007-04-01,16,2,2,0,18,2,20
10402,TOMINA,desnutricion aguda,nutricion superior (ns),2007-04-01,7,9,1,1,8,10,18
50502,TORO TORO,desnutricion aguda,nutricion superior (ns),2007-04-01,2,1,0,0,2,1,3
31201,TOTORA(CBBA),desnutricion aguda,nutricion superior (ns),2007-04-01,15,6,0,0,15,6,21
41301,TOTORA(ORR),desnutricion aguda,nutricion superior (ns),2007-04-01,3,5,1,2,4,7,11
70802,TRIGAL,desnutricion aguda,nutricion superior (ns),2007-04-01,4,2,1,2,5,4,9
80101,TRINIDAD,desnutricion aguda,nutricion superior (ns),2007-04-01,133,125,46,54,179,179,358
50801,TUPIZA,desnutricion aguda,nutricion superior (ns),2007-04-01,43,27,4,5,47,32,79
40402,TURCO,desnutricion aguda,nutricion superior (ns),2007-04-01,8,8,1,1,9,9,18
50201,UNCIA,desnutricion aguda,nutricion superior (ns),2007-04-01,1,2,0,1,1,3,4
60401,URIONDO (A. CONCEPCION),desnutricion aguda,nutricion superior (ns),2007-04-01,14,12,4,6,18,18,36
71502,URUBICHA,desnutricion aguda,nutricion superior (ns),2007-04-01,7,7,2,5,9,12,21
51201,UYUNI,desnutricion aguda,nutricion superior (ns),2007-04-01,6,3,0,0,6,3,9
30502,VACAS,desnutricion aguda,nutricion superior (ns),2007-04-01,0,1,1,0,1,1,2
70801,VALLEGRANDE,desnutricion aguda,nutricion superior (ns),2007-04-01,14,13,8,10,22,23,45
31302,VILA VILA,desnutricion aguda,nutricion superior (ns),2007-04-01,3,2,0,0,3,2,5
60303,VILLA MONTES,desnutricion aguda,nutricion superior (ns),2007-04-01,108,58,14,12,122,70,192
90502,VILLA NUEVA (LOMA ALTA),desnutricion aguda,nutricion superior (ns),2007-04-01,11,4,3,2,14,6,20
31402,VILLA RIVERO,desnutricion aguda,nutricion superior (ns),2007-04-01,2,2,1,1,3,3,6
10801,VILLA SERRANO,desnutricion aguda,nutricion superior (ns),2007-04-01,6,8,5,3,11,11,22
31003,VILLA TUNARI,desnutricion aguda,nutricion superior (ns),2007-04-01,75,55,14,8,89,63,152
11001,VILLA VACA GUZMAN (MUYUPAMPA),desnutricion aguda,nutricion superior (ns),2007-04-01,5,11,2,1,7,12,19
51501,VILLAZON,desnutricion aguda,nutricion superior (ns),2007-04-01,39,30,3,1,42,31,73
30904,VINTO,desnutricion aguda,nutricion superior (ns),2007-04-01,11,2,1,0,12,2,14
50602,VITICHI,desnutricion aguda,nutricion superior (ns),2007-04-01,17,3,8,1,25,4,29
70201,WARNES,desnutricion aguda,nutricion superior (ns),2007-04-01,72,52,6,8,78,60,138
60301,YACUIBA,desnutricion aguda,nutricion superior (ns),2007-04-01,77,76,13,13,90,89,179
10602,YAMPARAEZ,desnutricion aguda,nutricion superior (ns),2007-04-01,11,4,2,1,13,5,18
70403,YAPACANI,desnutricion aguda,nutricion superior (ns),2007-04-01,54,50,5,2,59,52,111
50103,YOCALLA,desnutricion aguda,nutricion superior (ns),2007-04-01,1,1,0,0,1,1,2
10102,YOTALA,desnutricion aguda,nutricion superior (ns),2007-04-01,18,12,7,6,25,18,43
60402,YUNCHARA,desnutricion aguda,nutricion superior (ns),2007-04-01,2,0,0,1,2,1,3
10301,ZUDAÑEZ,desnutricion aguda,nutricion superior (ns),2007-04-01,4,8,0,0,4,8,12
51302,ACACIO,desnutricion aguda,nutricion superior (ns),2007-05-01,2,3,0,2,2,5,7
30201,AIQUILE,desnutricion aguda,nutricion superior (ns),2007-05-01,23,6,8,3,31,9,40
31303,ALALAY,desnutricion aguda,nutricion superior (ns),2007-05-01,5,0,0,0,5,0,5
10404,ALCALA,desnutricion aguda,nutricion superior (ns),2007-05-01,3,4,1,0,4,4,8
41201,ANDAMARCA,desnutricion aguda,nutricion superior (ns),2007-05-01,0,0,1,0,1,0,1
40603,ANTEQUERA,desnutricion aguda,nutricion superior (ns),2007-05-01,1,1,0,0,1,1,2
30402,ANZALDO,desnutricion aguda,nutricion superior (ns),2007-05-01,5,3,1,1,6,4,10
51301,ARAMPAMPA,desnutricion aguda,nutricion superior (ns),2007-05-01,1,2,2,0,3,2,5
30501,ARANI,desnutricion aguda,nutricion superior (ns),2007-05-01,4,3,0,2,4,5,9
30403,ARBIETO,desnutricion aguda,nutricion superior (ns),2007-05-01,6,2,3,5,9,7,16
30601,ARQUE,desnutricion aguda,nutricion superior (ns),2007-05-01,1,2,0,0,1,2,3
50802,ATOCHA,desnutricion aguda,nutricion superior (ns),2007-05-01,6,3,3,3,9,6,15
30301,AYOPAYA (V. DE INDEPENDENCIA),desnutricion aguda,nutricion superior (ns),2007-05-01,19,10,0,2,19,12,31
10201,AZURDUY,desnutricion aguda,nutricion superior (ns),2007-05-01,11,8,3,1,14,9,23
80802,BAURES,desnutricion aguda,nutricion superior (ns),2007-05-01,11,6,4,2,15,8,23
41202,BELEN DE ANDAMARCA,desnutricion aguda,nutricion superior (ns),2007-05-01,2,0,0,1,2,1,3
90104,BELLA FLOR,desnutricion aguda,nutricion superior (ns),2007-05-01,9,3,3,2,12,5,17
60202,BERMEJO,desnutricion aguda,nutricion superior (ns),2007-05-01,5,2,4,0,9,2,11
50301,BETANZOS,desnutricion aguda,nutricion superior (ns),2007-05-01,19,11,1,4,20,15,35
31501,BOLIVAR,desnutricion aguda,nutricion superior (ns),2007-05-01,4,1,2,0,6,1,7
90103,BOLPEBRA,desnutricion aguda,nutricion superior (ns),2007-05-01,0,2,0,1,0,3,3
70707,BOYUIBE,desnutricion aguda,nutricion superior (ns),2007-05-01,2,0,1,2,3,2,5
70401,BUENA VISTA,desnutricion aguda,nutricion superior (ns),2007-05-01,30,19,6,4,36,23,59
70703,CABEZAS,desnutricion aguda,nutricion superior (ns),2007-05-01,22,18,10,6,32,24,56
51102,"CAIZA ""D""",desnutricion aguda,nutricion superior (ns),2007-05-01,12,7,1,0,13,7,20
21003,CAJUATA,desnutricion aguda,nutricion superior (ns),2007-05-01,27,25,23,14,50,39,89
10701,CAMARGO,desnutricion aguda,nutricion superior (ns),2007-05-01,31,14,11,9,42,23,65
10901,CAMATAQUI (C. VILLA ABECIA),desnutricion aguda,nutricion superior (ns),2007-05-01,3,10,1,4,4,14,18
70706,CAMIRI,desnutricion aguda,nutricion superior (ns),2007-05-01,125,101,56,45,181,146,327
30701,CAPINOTA,desnutricion aguda,nutricion superior (ns),2007-05-01,7,7,2,1,9,8,17
40102,CARACOLLO,desnutricion aguda,nutricion superior (ns),2007-05-01,7,16,0,1,7,17,24
41503,CARANGAS,desnutricion aguda,nutricion superior (ns),2007-05-01,1,1,0,0,1,1,2
60302,CARAPARI,desnutricion aguda,nutricion superior (ns),2007-05-01,37,28,9,9,46,37,83
50702,CARIPUYO,desnutricion aguda,nutricion superior (ns),2007-05-01,3,3,1,0,4,3,7
71403,CARMEN RIVERO TORREZ,desnutricion aguda,nutricion superior (ns),2007-05-01,8,8,0,5,8,13,21
40201,CHALLAPATA,desnutricion aguda,nutricion superior (ns),2007-05-01,24,23,20,5,44,28,72
50302,CHAQUI,desnutricion aguda,nutricion superior (ns),2007-05-01,9,8,9,7,18,15,33
70702,CHARAGUA,desnutricion aguda,nutricion superior (ns),2007-05-01,40,33,9,13,49,46,95
50202,CHAYANTA,desnutricion aguda,nutricion superior (ns),2007-05-01,10,6,1,2,11,8,19
31204,CHIMORE,desnutricion aguda,nutricion superior (ns),2007-05-01,7,12,1,1,8,13,21
40903,CHIPAYA,desnutricion aguda,nutricion superior (ns),2007-05-01,3,4,0,1,3,5,8
40302,CHOQUE COTA,desnutricion aguda,nutricion superior (ns),2007-05-01,2,1,0,0,2,1,3
90101,COBIJA,desnutricion aguda,nutricion superior (ns),2007-05-01,48,48,7,4,55,52,107
30101,COCHABAMBA,desnutricion aguda,nutricion superior (ns),2007-05-01,299,268,117,110,416,378,794
30905,COLCAPIRHUA,desnutricion aguda,nutricion superior (ns),2007-05-01,12,11,1,1,13,12,25
50901,"COLCHA ""K""",desnutricion aguda,nutricion superior (ns),2007-05-01,7,8,0,1,7,9,16
31002,COLOMI,desnutricion aguda,nutricion superior (ns),2007-05-01,18,11,0,1,18,12,30
70603,COLPA BELGICA,desnutricion aguda,nutricion superior (ns),2007-05-01,16,10,6,1,22,11,33
50401,COLQUECHACA,desnutricion aguda,nutricion superior (ns),2007-05-01,11,15,2,1,13,16,29
21004,COLQUIRI,desnutricion aguda,nutricion superior (ns),2007-05-01,5,2,2,1,7,3,10
71301,COMARAPA,desnutricion aguda,nutricion superior (ns),2007-05-01,88,66,22,20,110,86,196
71101,CONCEPCION,desnutricion aguda,nutricion superior (ns),2007-05-01,5,3,1,0,6,3,9
40301,CORQUE,desnutricion aguda,nutricion superior (ns),2007-05-01,3,4,4,3,7,7,14
50601,COTAGAITA,desnutricion aguda,nutricion superior (ns),2007-05-01,18,10,1,3,19,13,32
70102,COTOCA,desnutricion aguda,nutricion superior (ns),2007-05-01,40,16,5,2,45,18,63
71106,CUATRO CAÑADAS,desnutricion aguda,nutricion superior (ns),2007-05-01,34,26,8,2,42,28,70
70704,CUEVO,desnutricion aguda,nutricion superior (ns),2007-05-01,6,6,3,2,9,8,17
10902,CULPINA,desnutricion aguda,nutricion superior (ns),2007-05-01,24,11,2,8,26,19,45
40401,CURAHUARA DE CARANGAS,desnutricion aguda,nutricion superior (ns),2007-05-01,2,3,0,0,2,3,5
40103,EL CHORO,desnutricion aguda,nutricion superior (ns),2007-05-01,4,1,1,3,5,4,9
71503,EL PUENTE(STC),desnutricion aguda,nutricion superior (ns),2007-05-01,21,8,3,1,24,9,33
60502,EL PUENTE(TJA),desnutricion aguda,nutricion superior (ns),2007-05-01,2,1,0,1,2,2,4
70105,EL TORNO,desnutricion aguda,nutricion superior (ns),2007-05-01,37,31,11,4,48,35,83
10405,EL VILLAR,desnutricion aguda,nutricion superior (ns),2007-05-01,6,0,2,0,8,0,8
60601,ENTRE RIOS,desnutricion aguda,nutricion superior (ns),2007-05-01,12,12,2,1,14,13,27
60601,ENTRE RIOS,desnutricion aguda,nutricion superior (ns),2007-05-01,15,29,11,7,26,36,62
40505,ESMERALDA,desnutricion aguda,nutricion superior (ns),2007-05-01,2,2,0,0,2,2,4
41101,EUCALIPTUS,desnutricion aguda,nutricion superior (ns),2007-05-01,5,8,8,8,13,16,29
80402,EXALTACION,desnutricion aguda,nutricion superior (ns),2007-05-01,8,4,4,6,12,10,22
71004,FERNANDEZ ALONSO,desnutricion aguda,nutricion superior (ns),2007-05-01,8,14,3,3,11,17,28
90203,FILADELFIA,desnutricion aguda,nutricion superior (ns),2007-05-01,3,3,2,0,5,3,8
71002,GENERAL SAAVEDRA,desnutricion aguda,nutricion superior (ns),2007-05-01,15,16,9,7,24,23,47
80202,GUAYARAMERIN,desnutricion aguda,nutricion superior (ns),2007-05-01,70,45,7,9,77,54,131
70705,GUTIERREZ,desnutricion aguda,nutricion superior (ns),2007-05-01,32,37,10,18,42,55,97
10502,HUACARETA,desnutricion aguda,nutricion superior (ns),2007-05-01,18,11,7,3,25,14,39
11002,HUACAYA (VILLA DE HUACAYA),desnutricion aguda,nutricion superior (ns),2007-05-01,6,7,2,3,8,10,18
40501,HUACHACALLA,desnutricion aguda,nutricion superior (ns),2007-05-01,1,0,0,0,1,0,1
40701,HUANUNI,desnutricion aguda,nutricion superior (ns),2007-05-01,2,3,5,3,7,6,13
80803,HUARACAJE,desnutricion aguda,nutricion superior (ns),2007-05-01,16,4,7,0,23,4,27
41601,HUAYLLAMARCA,desnutricion aguda,nutricion superior (ns),2007-05-01,1,0,0,1,1,1,2
21005,ICHOCA,desnutricion aguda,nutricion superior (ns),2007-05-01,17,12,14,15,31,27,58
10304,ICLA,desnutricion aguda,nutricion superior (ns),2007-05-01,5,2,1,0,6,2,8
10703,INCAHUASI,desnutricion aguda,nutricion superior (ns),2007-05-01,29,38,0,3,29,41,70
21001,INQUISIVI,desnutricion aguda,nutricion superior (ns),2007-05-01,22,23,25,25,47,48,95
70104,LA GUARDIA,desnutricion aguda,nutricion superior (ns),2007-05-01,85,73,10,17,95,90,185
70701,LAGUNILLAS,desnutricion aguda,nutricion superior (ns),2007-05-01,29,14,18,10,47,24,71
10903,LAS CARRERAS,desnutricion aguda,nutricion superior (ns),2007-05-01,9,2,1,1,10,3,13
21006,LICOMA PAMPA,desnutricion aguda,nutricion superior (ns),2007-05-01,3,16,3,0,6,16,22
50203,LLALLAGUA,desnutricion aguda,nutricion superior (ns),2007-05-01,44,51,20,12,64,63,127
51401,LLICA,desnutricion aguda,nutricion superior (ns),2007-05-01,2,0,1,1,3,1,4
80601,LORETO,desnutricion aguda,nutricion superior (ns),2007-05-01,1,3,1,3,2,6,8
40702,MACHACAMARCA,desnutricion aguda,nutricion superior (ns),2007-05-01,1,1,0,6,1,7,8
11003,MACHARETI,desnutricion aguda,nutricion superior (ns),2007-05-01,26,26,16,14,42,40,82
80801,MAGDALENA,desnutricion aguda,nutricion superior (ns),2007-05-01,21,9,2,0,23,9,32
70903,MAIRANA,desnutricion aguda,nutricion superior (ns),2007-05-01,13,8,0,0,13,8,21
71003,MINEROS,desnutricion aguda,nutricion superior (ns),2007-05-01,26,11,7,6,33,17,50
31301,MIZQUE,desnutricion aguda,nutricion superior (ns),2007-05-01,32,28,4,2,36,30,66
51002,MOJINETE,desnutricion aguda,nutricion superior (ns),2007-05-01,1,0,0,0,1,0,1
10303,MOJOCOYA,desnutricion aguda,nutricion superior (ns),2007-05-01,8,3,1,1,9,4,13
10501,MONTEAGUDO,desnutricion aguda,nutricion superior (ns),2007-05-01,49,52,18,11,67,63,130
71001,MONTERO,desnutricion aguda,nutricion superior (ns),2007-05-01,276,231,77,67,353,298,651
70803,MORO MORO,desnutricion aguda,nutricion superior (ns),2007-05-01,8,5,9,2,17,7,24
30302,MOROCHATA,desnutricion aguda,nutricion superior (ns),2007-05-01,5,3,0,0,5,3,8
90401,NACEBE (SANTA ROSA DEL ABUNA),desnutricion aguda,nutricion superior (ns),2007-05-01,4,2,0,0,4,2,6
90501,NUEVO MANOA (NUEVA ESPERANZA),desnutricion aguda,nutricion superior (ns),2007-05-01,0,0,2,1,2,1,3
50404,OCURI,desnutricion aguda,nutricion superior (ns),2007-05-01,3,1,1,1,4,2,6
70202,OKINAWA,desnutricion aguda,nutricion superior (ns),2007-05-01,11,4,0,1,11,5,16
30203,OMEREQUE,desnutricion aguda,nutricion superior (ns),2007-05-01,6,3,0,0,6,3,9
40101,ORURO,desnutricion aguda,nutricion superior (ns),2007-05-01,241,224,70,75,311,299,610
60201,PADCAYA,desnutricion aguda,nutricion superior (ns),2007-05-01,26,16,10,16,36,32,68
10401,PADILLA,desnutricion aguda,nutricion superior (ns),2007-05-01,13,18,3,3,16,21,37
70502,PAILON,desnutricion aguda,nutricion superior (ns),2007-05-01,30,22,9,5,39,27,66
40802,PAMPA AULLAGAS,desnutricion aguda,nutricion superior (ns),2007-05-01,3,5,3,0,6,5,11
70902,PAMPA GRANDE,desnutricion aguda,nutricion superior (ns),2007-05-01,8,5,0,1,8,6,14
30202,PASORAPA,desnutricion aguda,nutricion superior (ns),2007-05-01,4,6,4,2,8,8,16
40602,PAZÑA,desnutricion aguda,nutricion superior (ns),2007-05-01,2,0,0,1,2,1,3
50403,POCOATA,desnutricion aguda,nutricion superior (ns),2007-05-01,11,3,3,2,14,5,19
31203,POCONA,desnutricion aguda,nutricion superior (ns),2007-05-01,7,11,1,2,8,13,21
31202,POJO (CBBA),desnutricion aguda,nutricion superior (ns),2007-05-01,19,13,0,3,19,16,35
40601,POOPO,desnutricion aguda,nutricion superior (ns),2007-05-01,4,4,0,0,4,4,8
51203,PORCO,desnutricion aguda,nutricion superior (ns),2007-05-01,11,6,0,0,11,6,17
10103,POROMA,desnutricion aguda,nutricion superior (ns),2007-05-01,14,6,0,1,14,7,21
70103,PORONGO,desnutricion aguda,nutricion superior (ns),2007-05-01,14,4,0,2,14,6,20
70601,PORTACHUELO,desnutricion aguda,nutricion superior (ns),2007-05-01,79,79,33,14,112,93,205
90102,PORVENIR,desnutricion aguda,nutricion superior (ns),2007-05-01,8,4,0,0,8,4,12
70804,POSTRER VALLE,desnutricion aguda,nutricion superior (ns),2007-05-01,2,3,1,0,3,3,6
50101,POTOSI,desnutricion aguda,nutricion superior (ns),2007-05-01,98,77,27,20,125,97,222
10302,PRESTO,desnutricion aguda,nutricion superior (ns),2007-05-01,3,4,1,1,4,5,9
70805,PUCARA,desnutricion aguda,nutricion superior (ns),2007-05-01,0,1,0,0,0,1,1
90301,PUERTO GONZALO MORENO,desnutricion aguda,nutricion superior (ns),2007-05-01,1,2,2,1,3,3,6
71402,PUERTO QUIJARRO,desnutricion aguda,nutricion superior (ns),2007-05-01,31,31,7,1,38,32,70
90201,PUERTO RICO,desnutricion aguda,nutricion superior (ns),2007-05-01,11,11,0,1,11,12,23
80703,PUERTO SILES,desnutricion aguda,nutricion superior (ns),2007-05-01,7,2,0,2,7,4,11
71401,PUERTO SUAREZ,desnutricion aguda,nutricion superior (ns),2007-05-01,18,18,6,7,24,25,49
31205,PUERTO VILLARROEL,desnutricion aguda,nutricion superior (ns),2007-05-01,84,91,10,19,94,110,204
51101,PUNA,desnutricion aguda,nutricion superior (ns),2007-05-01,10,9,7,1,17,10,27
31401,PUNATA,desnutricion aguda,nutricion superior (ns),2007-05-01,17,28,2,4,19,32,51
30901,QUILLACOLLO,desnutricion aguda,nutricion superior (ns),2007-05-01,52,15,8,3,60,18,78
21002,QUIME,desnutricion aguda,nutricion superior (ns),2007-05-01,30,24,17,12,47,36,83
70904,QUIRUSILLAS,desnutricion aguda,nutricion superior (ns),2007-05-01,2,2,1,2,3,4,7
50402,RAVELO,desnutricion aguda,nutricion superior (ns),2007-05-01,6,3,0,1,6,4,10
80301,REYES,desnutricion aguda,nutricion superior (ns),2007-05-01,17,20,3,10,20,30,50
80201,RIBERALTA,desnutricion aguda,nutricion superior (ns),2007-05-01,72,36,10,3,82,39,121
70503,ROBORE,desnutricion aguda,nutricion superior (ns),2007-05-01,24,6,5,7,29,13,42
80304,RURRENABAQUE,desnutricion aguda,nutricion superior (ns),2007-05-01,15,13,2,0,17,13,30
40901,SABAYA,desnutricion aguda,nutricion superior (ns),2007-05-01,1,3,0,0,1,3,4
31001,SACABA,desnutricion aguda,nutricion superior (ns),2007-05-01,60,71,14,16,74,87,161
30404,SACABAMBA,desnutricion aguda,nutricion superior (ns),2007-05-01,4,3,0,0,4,3,7
50701,SACACA,desnutricion aguda,nutricion superior (ns),2007-05-01,4,7,0,0,4,7,11
71302,SAIPINA,desnutricion aguda,nutricion superior (ns),2007-05-01,29,37,20,14,49,51,100
40801,SALINAS DE GARCI MENDOZA,desnutricion aguda,nutricion superior (ns),2007-05-01,9,12,3,5,12,17,29
70901,SAMAIPATA,desnutricion aguda,nutricion superior (ns),2007-05-01,13,10,1,0,14,10,24
51601,SAN AGUSTIN,desnutricion aguda,nutricion superior (ns),2007-05-01,0,3,0,0,0,3,3
80602,SAN ANDRES,desnutricion aguda,nutricion superior (ns),2007-05-01,24,9,2,1,26,10,36
51003,SAN ANTONIO DE ESMORUCO,desnutricion aguda,nutricion superior (ns),2007-05-01,0,1,0,0,0,1,1
71105,SAN ANTONIO DE LOMERIO,desnutricion aguda,nutricion superior (ns),2007-05-01,13,5,1,0,14,5,19
31403,SAN BENITO,desnutricion aguda,nutricion superior (ns),2007-05-01,4,0,0,0,4,0,4
80302,SAN BORJA,desnutricion aguda,nutricion superior (ns),2007-05-01,62,55,10,8,72,63,135
70402,SAN CARLOS,desnutricion aguda,nutricion superior (ns),2007-05-01,32,30,6,10,38,40,78
80501,SAN IGNACIO,desnutricion aguda,nutricion superior (ns),2007-05-01,28,13,2,2,30,15,45
70301,SAN IGNACIO DE VELASCO,desnutricion aguda,nutricion superior (ns),2007-05-01,100,59,18,6,118,65,183
80102,SAN JAVIER(BNI),desnutricion aguda,nutricion superior (ns),2007-05-01,2,3,1,1,3,4,7
80701,SAN JOAQUIN,desnutricion aguda,nutricion superior (ns),2007-05-01,7,6,3,5,10,11,21
70501,SAN JOSE DE CHIQUITOS,desnutricion aguda,nutricion superior (ns),2007-05-01,19,3,8,11,27,14,41
70404,SAN JUAN DE YAPACANI,desnutricion aguda,nutricion superior (ns),2007-05-01,14,7,3,1,17,8,25
71104,SAN JULIAN,desnutricion aguda,nutricion superior (ns),2007-05-01,25,25,18,11,43,36,79
90302,SAN LORENZO(PND),desnutricion aguda,nutricion superior (ns),2007-05-01,1,1,0,0,1,1,2
60501,SAN LORENZO(TJA),desnutricion aguda,nutricion superior (ns),2007-05-01,17,15,8,5,25,20,45
10702,SAN LUCAS,desnutricion aguda,nutricion superior (ns),2007-05-01,22,24,8,2,30,26,56
71201,SAN MATIAS,desnutricion aguda,nutricion superior (ns),2007-05-01,15,9,2,1,17,10,27
70302,SAN MIGUEL DE VELASCO,desnutricion aguda,nutricion superior (ns),2007-05-01,34,32,3,0,37,32,69
51001,SAN PABLO DE LIPEZ,desnutricion aguda,nutricion superior (ns),2007-05-01,1,1,0,0,1,1,2
71005,SAN PEDRO,desnutricion aguda,nutricion superior (ns),2007-05-01,36,35,8,10,44,45,89
50501,SAN PEDRO DE BUENA VISTA,desnutricion aguda,nutricion superior (ns),2007-05-01,20,12,1,0,21,12,33
50902,SAN PEDRO DE QUEMES,desnutricion aguda,nutricion superior (ns),2007-05-01,1,0,1,0,2,0,2
90202,SAN PEDRO(PND),desnutricion aguda,nutricion superior (ns),2007-05-01,1,0,0,0,1,0,1
70303,SAN RAFAEL,desnutricion aguda,nutricion superior (ns),2007-05-01,4,0,0,2,4,2,6
80702,SAN RAMON,desnutricion aguda,nutricion superior (ns),2007-05-01,19,12,11,3,30,15,45
80401,SANTA ANA,desnutricion aguda,nutricion superior (ns),2007-05-01,46,21,9,11,55,32,87
70101,SANTA CRUZ DE LA SIERRA,desnutricion aguda,nutricion superior (ns),2007-05-01,1063,738,313,294,1376,1032,2408
80303,SANTA ROSA,desnutricion aguda,nutricion superior (ns),2007-05-01,32,20,3,6,35,26,61
70602,SANTA ROSA DEL SARA,desnutricion aguda,nutricion superior (ns),2007-05-01,23,17,6,2,29,19,48
41401,SANTIAGO DE HUARI,desnutricion aguda,nutricion superior (ns),2007-05-01,10,9,1,0,11,9,20
40202,SANTUARIO DE QUILLACAS,desnutricion aguda,nutricion superior (ns),2007-05-01,5,15,5,6,10,21,31
90303,SENA,desnutricion aguda,nutricion superior (ns),2007-05-01,2,2,0,0,2,2,4
30703,SICAYA,desnutricion aguda,nutricion superior (ns),2007-05-01,1,0,0,0,1,0,1
30902,SIPE SIPE,desnutricion aguda,nutricion superior (ns),2007-05-01,22,18,7,4,29,22,51
10403,SOPACHUY,desnutricion aguda,nutricion superior (ns),2007-05-01,5,2,0,1,5,3,8
40104,SORACACHI,desnutricion aguda,nutricion superior (ns),2007-05-01,16,12,7,8,23,20,43
10101,SUCRE,desnutricion aguda,nutricion superior (ns),2007-05-01,281,188,58,58,339,246,585
50303,TACOBAMBA,desnutricion aguda,nutricion superior (ns),2007-05-01,4,4,0,0,4,4,8
30602,TACOPAYA,desnutricion aguda,nutricion superior (ns),2007-05-01,2,2,0,0,2,2,4
51402,TAHUA,desnutricion aguda,nutricion superior (ns),2007-05-01,1,2,1,0,2,2,4
31101,TAPACARI,desnutricion aguda,nutricion superior (ns),2007-05-01,16,5,0,2,16,7,23
10601,TARABUCO,desnutricion aguda,nutricion superior (ns),2007-05-01,14,8,2,6,16,14,30
30401,TARATA,desnutricion aguda,nutricion superior (ns),2007-05-01,8,5,1,2,9,7,16
60101,TARIJA,desnutricion aguda,nutricion superior (ns),2007-05-01,401,328,75,76,476,404,880
10202,TARVITA,desnutricion aguda,nutricion superior (ns),2007-05-01,18,10,2,0,20,10,30
50102,TINGUIPAYA,desnutricion aguda,nutricion superior (ns),2007-05-01,5,4,1,2,6,6,12
30903,TIQUIPAYA,desnutricion aguda,nutricion superior (ns),2007-05-01,4,5,0,0,4,5,9
31601,TIRAQUE (CBBA),desnutricion aguda,nutricion superior (ns),2007-05-01,61,55,8,13,69,68,137
30802,TOCO,desnutricion aguda,nutricion superior (ns),2007-05-01,3,3,1,1,4,4,8
30803,TOLATA,desnutricion aguda,nutricion superior (ns),2007-05-01,7,3,0,0,7,3,10
41001,TOLEDO,desnutricion aguda,nutricion superior (ns),2007-05-01,22,3,3,2,25,5,30
51202,TOMAVE,desnutricion aguda,nutricion superior (ns),2007-05-01,11,1,0,5,11,6,17
10402,TOMINA,desnutricion aguda,nutricion superior (ns),2007-05-01,5,6,6,3,11,9,20
50502,TORO TORO,desnutricion aguda,nutricion superior (ns),2007-05-01,6,3,1,0,7,3,10
31201,TOTORA(CBBA),desnutricion aguda,nutricion superior (ns),2007-05-01,11,10,0,0,11,10,21
41301,TOTORA(ORR),desnutricion aguda,nutricion superior (ns),2007-05-01,2,1,2,2,4,3,7
70802,TRIGAL,desnutricion aguda,nutricion superior (ns),2007-05-01,5,4,8,3,13,7,20
80101,TRINIDAD,desnutricion aguda,nutricion superior (ns),2007-05-01,124,101,37,32,161,133,294
50801,TUPIZA,desnutricion aguda,nutricion superior (ns),2007-05-01,61,33,10,7,71,40,111
40402,TURCO,desnutricion aguda,nutricion superior (ns),2007-05-01,14,7,4,10,18,17,35
50201,UNCIA,desnutricion aguda,nutricion superior (ns),2007-05-01,12,14,2,3,14,17,31
60401,URIONDO (A. CONCEPCION),desnutricion aguda,nutricion superior (ns),2007-05-01,10,5,6,2,16,7,23
71502,URUBICHA,desnutricion aguda,nutricion superior (ns),2007-05-01,5,1,2,1,7,2,9
51201,UYUNI,desnutricion aguda,nutricion superior (ns),2007-05-01,17,16,8,3,25,19,44
30502,VACAS,desnutricion aguda,nutricion superior (ns),2007-05-01,2,0,0,0,2,0,2
70801,VALLEGRANDE,desnutricion aguda,nutricion superior (ns),2007-05-01,13,8,4,6,17,14,31
31302,VILA VILA,desnutricion aguda,nutricion superior (ns),2007-05-01,1,2,3,0,4,2,6
60303,VILLA MONTES,desnutricion aguda,nutricion superior (ns),2007-05-01,87,72,11,25,98,97,195
90502,VILLA NUEVA (LOMA ALTA),desnutricion aguda,nutricion superior (ns),2007-05-01,5,1,0,1,5,2,7
31402,VILLA RIVERO,desnutricion aguda,nutricion superior (ns),2007-05-01,3,0,1,1,4,1,5
10801,VILLA SERRANO,desnutricion aguda,nutricion superior (ns),2007-05-01,8,8,3,1,11,9,20
31003,VILLA TUNARI,desnutricion aguda,nutricion superior (ns),2007-05-01,152,100,46,29,198,129,327
11001,VILLA VACA GUZMAN (MUYUPAMPA),desnutricion aguda,nutricion superior (ns),2007-05-01,9,14,5,2,14,16,30
51501,VILLAZON,desnutricion aguda,nutricion superior (ns),2007-05-01,61,52,9,5,70,57,127
30904,VINTO,desnutricion aguda,nutricion superior (ns),2007-05-01,18,8,0,0,18,8,26
50602,VITICHI,desnutricion aguda,nutricion superior (ns),2007-05-01,5,5,1,0,6,5,11
70201,WARNES,desnutricion aguda,nutricion superior (ns),2007-05-01,83,81,8,8,91,89,180
60301,YACUIBA,desnutricion aguda,nutricion superior (ns),2007-05-01,119,104,14,8,133,112,245
10602,YAMPARAEZ,desnutricion aguda,nutricion superior (ns),2007-05-01,11,12,2,2,13,14,27
70403,YAPACANI,desnutricion aguda,nutricion superior (ns),2007-05-01,76,76,11,19,87,95,182
50103,YOCALLA,desnutricion aguda,nutricion superior (ns),2007-05-01,3,3,1,0,4,3,7
10102,YOTALA,desnutricion aguda,nutricion superior (ns),2007-05-01,6,11,8,5,14,16,30
60402,YUNCHARA,desnutricion aguda,nutricion superior (ns),2007-05-01,1,0,0,0,1,0,1
10301,ZUDAÑEZ,desnutricion aguda,nutricion superior (ns),2007-05-01,5,7,0,0,5,7,12
51302,ACACIO,desnutricion aguda,nutricion superior (ns),2007-06-01,3,1,0,1,3,2,5
30201,AIQUILE,desnutricion aguda,nutricion superior (ns),2007-06-01,16,11,1,5,17,16,33
31303,ALALAY,desnutricion aguda,nutricion superior (ns),2007-06-01,1,0,0,0,1,0,1
10404,ALCALA,desnutricion aguda,nutricion superior (ns),2007-06-01,4,6,2,2,6,8,14
41201,ANDAMARCA,desnutricion aguda,nutricion superior (ns),2007-06-01,4,2,4,5,8,7,15
40603,ANTEQUERA,desnutricion aguda,nutricion superior (ns),2007-06-01,1,1,1,0,2,1,3
30402,ANZALDO,desnutricion aguda,nutricion superior (ns),2007-06-01,1,0,5,4,6,4,10
51301,ARAMPAMPA,desnutricion aguda,nutricion superior (ns),2007-06-01,2,1,0,1,2,2,4
30501,ARANI,desnutricion aguda,nutricion superior (ns),2007-06-01,6,10,0,1,6,11,17
30403,ARBIETO,desnutricion aguda,nutricion superior (ns),2007-06-01,4,2,0,0,4,2,6
30601,ARQUE,desnutricion aguda,nutricion superior (ns),2007-06-01,2,0,0,3,2,3,5
71501,ASCENCION DE GUARAYOS,desnutricion aguda,nutricion superior (ns),2007-06-01,42,12,16,11,58,23,81
50802,ATOCHA,desnutricion aguda,nutricion superior (ns),2007-06-01,10,4,5,3,15,7,22
30301,AYOPAYA (V. DE INDEPENDENCIA),desnutricion aguda,nutricion superior (ns),2007-06-01,16,16,5,0,21,16,37
10201,AZURDUY,desnutricion aguda,nutricion superior (ns),2007-06-01,16,22,2,4,18,26,44
80802,BAURES,desnutricion aguda,nutricion superior (ns),2007-06-01,15,3,1,1,16,4,20
50104,BELEN DE URMIRI,desnutricion aguda,nutricion superior (ns),2007-06-01,1,1,0,0,1,1,2
90104,BELLA FLOR,desnutricion aguda,nutricion superior (ns),2007-06-01,11,0,2,1,13,1,14
60202,BERMEJO,desnutricion aguda,nutricion superior (ns),2007-06-01,5,2,0,1,5,3,8
50301,BETANZOS,desnutricion aguda,nutricion superior (ns),2007-06-01,22,12,0,4,22,16,38
31501,BOLIVAR,desnutricion aguda,nutricion superior (ns),2007-06-01,15,1,0,0,15,1,16
90103,BOLPEBRA,desnutricion aguda,nutricion superior (ns),2007-06-01,4,3,0,0,4,3,7
70707,BOYUIBE,desnutricion aguda,nutricion superior (ns),2007-06-01,4,3,2,2,6,5,11
70401,BUENA VISTA,desnutricion aguda,nutricion superior (ns),2007-06-01,41,22,10,8,51,30,81
70703,CABEZAS,desnutricion aguda,nutricion superior (ns),2007-06-01,34,25,17,15,51,40,91
51102,"CAIZA ""D""",desnutricion aguda,nutricion superior (ns),2007-06-01,7,5,2,2,9,7,16
21003,CAJUATA,desnutricion aguda,nutricion superior (ns),2007-06-01,39,33,39,31,78,64,142
10701,CAMARGO,desnutricion aguda,nutricion superior (ns),2007-06-01,14,10,16,29,30,39,69
10901,CAMATAQUI (C. VILLA ABECIA),desnutricion aguda,nutricion superior (ns),2007-06-01,3,10,2,1,5,11,16
70706,CAMIRI,desnutricion aguda,nutricion superior (ns),2007-06-01,98,84,48,20,146,104,250
30701,CAPINOTA,desnutricion aguda,nutricion superior (ns),2007-06-01,4,2,0,0,4,2,6
40102,CARACOLLO,desnutricion aguda,nutricion superior (ns),2007-06-01,8,17,2,0,10,17,27
60302,CARAPARI,desnutricion aguda,nutricion superior (ns),2007-06-01,21,32,14,6,35,38,73
50702,CARIPUYO,desnutricion aguda,nutricion superior (ns),2007-06-01,7,5,0,0,7,5,12
71403,CARMEN RIVERO TORREZ,desnutricion aguda,nutricion superior (ns),2007-06-01,8,6,2,0,10,6,16
40201,CHALLAPATA,desnutricion aguda,nutricion superior (ns),2007-06-01,19,16,5,12,24,28,52
50302,CHAQUI,desnutricion aguda,nutricion superior (ns),2007-06-01,10,5,0,0,10,5,15
70702,CHARAGUA,desnutricion aguda,nutricion superior (ns),2007-06-01,59,34,13,6,72,40,112
50202,CHAYANTA,desnutricion aguda,nutricion superior (ns),2007-06-01,13,15,7,4,20,19,39
31204,CHIMORE,desnutricion aguda,nutricion superior (ns),2007-06-01,15,6,1,0,16,6,22
40903,CHIPAYA,desnutricion aguda,nutricion superior (ns),2007-06-01,2,0,0,0,2,0,2
90101,COBIJA,desnutricion aguda,nutricion superior (ns),2007-06-01,97,80,13,13,110,93,203
30101,COCHABAMBA,desnutricion aguda,nutricion superior (ns),2007-06-01,289,222,83,66,372,288,660
30905,COLCAPIRHUA,desnutricion aguda,nutricion superior (ns),2007-06-01,28,13,9,7,37,20,57
50901,"COLCHA ""K""",desnutricion aguda,nutricion superior (ns),2007-06-01,9,4,0,0,9,4,13
31002,COLOMI,desnutricion aguda,nutricion superior (ns),2007-06-01,16,14,2,2,18,16,34
70603,COLPA BELGICA,desnutricion aguda,nutricion superior (ns),2007-06-01,15,5,4,3,19,8,27
50401,COLQUECHACA,desnutricion aguda,nutricion superior (ns),2007-06-01,7,6,1,1,8,7,15
21004,COLQUIRI,desnutricion aguda,nutricion superior (ns),2007-06-01,5,4,6,1,11,5,16
71301,COMARAPA,desnutricion aguda,nutricion superior (ns),2007-06-01,56,51,14,22,70,73,143
71101,CONCEPCION,desnutricion aguda,nutricion superior (ns),2007-06-01,4,1,1,0,5,1,6
40301,CORQUE,desnutricion aguda,nutricion superior (ns),2007-06-01,1,3,2,1,3,4,7
50601,COTAGAITA,desnutricion aguda,nutricion superior (ns),2007-06-01,18,9,3,0,21,9,30
70102,COTOCA,desnutricion aguda,nutricion superior (ns),2007-06-01,45,38,26,18,71,56,127
71106,CUATRO CAÑADAS,desnutricion aguda,nutricion superior (ns),2007-06-01,41,26,9,6,50,32,82
70704,CUEVO,desnutricion aguda,nutricion superior (ns),2007-06-01,1,0,2,0,3,0,3
10902,CULPINA,desnutricion aguda,nutricion superior (ns),2007-06-01,16,7,3,3,19,10,29
40401,CURAHUARA DE CARANGAS,desnutricion aguda,nutricion superior (ns),2007-06-01,4,1,0,0,4,1,5
40103,EL CHORO,desnutricion aguda,nutricion superior (ns),2007-06-01,3,1,0,3,3,4,7
71503,EL PUENTE(STC),desnutricion aguda,nutricion superior (ns),2007-06-01,17,11,3,1,20,12,32
60502,EL PUENTE(TJA),desnutricion aguda,nutricion superior (ns),2007-06-01,3,5,2,4,5,9,14
70105,EL TORNO,desnutricion aguda,nutricion superior (ns),2007-06-01,66,44,10,5,76,49,125
10405,EL VILLAR,desnutricion aguda,nutricion superior (ns),2007-06-01,3,1,0,0,3,1,4
60601,ENTRE RIOS,desnutricion aguda,nutricion superior (ns),2007-06-01,15,17,7,8,22,25,47
60601,ENTRE RIOS,desnutricion aguda,nutricion superior (ns),2007-06-01,21,31,10,11,31,42,73
41101,EUCALIPTUS,desnutricion aguda,nutricion superior (ns),2007-06-01,3,7,3,4,6,11,17
90503,EUREKA (SANTOS MERCADO),desnutricion aguda,nutricion superior (ns),2007-06-01,0,1,1,0,1,1,2
80402,EXALTACION,desnutricion aguda,nutricion superior (ns),2007-06-01,5,2,3,2,8,4,12
71004,FERNANDEZ ALONSO,desnutricion aguda,nutricion superior (ns),2007-06-01,20,14,6,1,26,15,41
90203,FILADELFIA,desnutricion aguda,nutricion superior (ns),2007-06-01,6,3,1,2,7,5,12
71002,GENERAL SAAVEDRA,desnutricion aguda,nutricion superior (ns),2007-06-01,13,14,10,9,23,23,46
80202,GUAYARAMERIN,desnutricion aguda,nutricion superior (ns),2007-06-01,116,100,28,28,144,128,272
70705,GUTIERREZ,desnutricion aguda,nutricion superior (ns),2007-06-01,34,25,15,6,49,31,80
10502,HUACARETA,desnutricion aguda,nutricion superior (ns),2007-06-01,14,18,4,5,18,23,41
11002,HUACAYA (VILLA DE HUACAYA),desnutricion aguda,nutricion superior (ns),2007-06-01,2,6,1,4,3,10,13
40501,HUACHACALLA,desnutricion aguda,nutricion superior (ns),2007-06-01,0,0,1,0,1,0,1
40701,HUANUNI,desnutricion aguda,nutricion superior (ns),2007-06-01,15,11,6,5,21,16,37
80803,HUARACAJE,desnutricion aguda,nutricion superior (ns),2007-06-01,10,3,3,0,13,3,16
41601,HUAYLLAMARCA,desnutricion aguda,nutricion superior (ns),2007-06-01,1,1,2,0,3,1,4
21005,ICHOCA,desnutricion aguda,nutricion superior (ns),2007-06-01,5,14,8,6,13,20,33
10304,ICLA,desnutricion aguda,nutricion superior (ns),2007-06-01,5,4,1,1,6,5,11
10703,INCAHUASI,desnutricion aguda,nutricion superior (ns),2007-06-01,21,22,3,2,24,24,48
21001,INQUISIVI,desnutricion aguda,nutricion superior (ns),2007-06-01,27,30,13,19,40,49,89
70104,LA GUARDIA,desnutricion aguda,nutricion superior (ns),2007-06-01,91,53,23,17,114,70,184
70701,LAGUNILLAS,desnutricion aguda,nutricion superior (ns),2007-06-01,33,15,7,9,40,24,64
10903,LAS CARRERAS,desnutricion aguda,nutricion superior (ns),2007-06-01,7,6,4,1,11,7,18
21006,LICOMA PAMPA,desnutricion aguda,nutricion superior (ns),2007-06-01,7,13,7,15,14,28,42
50203,LLALLAGUA,desnutricion aguda,nutricion superior (ns),2007-06-01,52,35,14,17,66,52,118
51401,LLICA,desnutricion aguda,nutricion superior (ns),2007-06-01,3,2,1,0,4,2,6
80601,LORETO,desnutricion aguda,nutricion superior (ns),2007-06-01,7,2,0,3,7,5,12
40702,MACHACAMARCA,desnutricion aguda,nutricion superior (ns),2007-06-01,1,1,0,2,1,3,4
11003,MACHARETI,desnutricion aguda,nutricion superior (ns),2007-06-01,25,26,18,12,43,38,81
80801,MAGDALENA,desnutricion aguda,nutricion superior (ns),2007-06-01,21,8,1,0,22,8,30
70903,MAIRANA,desnutricion aguda,nutricion superior (ns),2007-06-01,14,10,3,1,17,11,28
71003,MINEROS,desnutricion aguda,nutricion superior (ns),2007-06-01,28,14,3,7,31,21,52
31301,MIZQUE,desnutricion aguda,nutricion superior (ns),2007-06-01,42,25,6,11,48,36,84
10303,MOJOCOYA,desnutricion aguda,nutricion superior (ns),2007-06-01,14,8,4,2,18,10,28
10501,MONTEAGUDO,desnutricion aguda,nutricion superior (ns),2007-06-01,58,49,18,10,76,59,135
71001,MONTERO,desnutricion aguda,nutricion superior (ns),2007-06-01,249,205,79,70,328,275,603
70803,MORO MORO,desnutricion aguda,nutricion superior (ns),2007-06-01,3,4,0,0,3,4,7
30302,MOROCHATA,desnutricion aguda,nutricion superior (ns),2007-06-01,4,4,1,1,5,5,10
50404,OCURI,desnutricion aguda,nutricion superior (ns),2007-06-01,5,5,1,1,6,6,12
70202,OKINAWA,desnutricion aguda,nutricion superior (ns),2007-06-01,6,0,3,3,9,3,12
30203,OMEREQUE,desnutricion aguda,nutricion superior (ns),2007-06-01,12,3,1,1,13,4,17
40101,ORURO,desnutricion aguda,nutricion superior (ns),2007-06-01,197,226,67,80,264,306,570
60201,PADCAYA,desnutricion aguda,nutricion superior (ns),2007-06-01,9,16,7,8,16,24,40
10401,PADILLA,desnutricion aguda,nutricion superior (ns),2007-06-01,11,10,3,4,14,14,28
70502,PAILON,desnutricion aguda,nutricion superior (ns),2007-06-01,50,39,10,7,60,46,106
40802,PAMPA AULLAGAS,desnutricion aguda,nutricion superior (ns),2007-06-01,1,3,2,0,3,3,6
70902,PAMPA GRANDE,desnutricion aguda,nutricion superior (ns),2007-06-01,7,5,1,0,8,5,13
30202,PASORAPA,desnutricion aguda,nutricion superior (ns),2007-06-01,7,4,0,1,7,5,12
40602,PAZÑA,desnutricion aguda,nutricion superior (ns),2007-06-01,7,2,0,0,7,2,9
50403,POCOATA,desnutricion aguda,nutricion superior (ns),2007-06-01,17,7,3,2,20,9,29
31203,POCONA,desnutricion aguda,nutricion superior (ns),2007-06-01,6,5,0,0,6,5,11
31202,POJO (CBBA),desnutricion aguda,nutricion superior (ns),2007-06-01,10,9,0,4,10,13,23
40601,POOPO,desnutricion aguda,nutricion superior (ns),2007-06-01,2,2,0,0,2,2,4
51203,PORCO,desnutricion aguda,nutricion superior (ns),2007-06-01,5,8,1,1,6,9,15
10103,POROMA,desnutricion aguda,nutricion superior (ns),2007-06-01,21,16,4,0,25,16,41
70103,PORONGO,desnutricion aguda,nutricion superior (ns),2007-06-01,8,5,2,0,10,5,15
70601,PORTACHUELO,desnutricion aguda,nutricion superior (ns),2007-06-01,70,63,27,24,97,87,184
90102,PORVENIR,desnutricion aguda,nutricion superior (ns),2007-06-01,2,4,1,0,3,4,7
70804,POSTRER VALLE,desnutricion aguda,nutricion superior (ns),2007-06-01,4,3,1,1,5,4,9
50101,POTOSI,desnutricion aguda,nutricion superior (ns),2007-06-01,117,80,19,15,136,95,231
10302,PRESTO,desnutricion aguda,nutricion superior (ns),2007-06-01,8,0,0,3,8,3,11
70805,PUCARA,desnutricion aguda,nutricion superior (ns),2007-06-01,0,4,1,0,1,4,5
90301,PUERTO GONZALO MORENO,desnutricion aguda,nutricion superior (ns),2007-06-01,2,3,0,0,2,3,5
71402,PUERTO QUIJARRO,desnutricion aguda,nutricion superior (ns),2007-06-01,41,39,3,0,44,39,83
90201,PUERTO RICO,desnutricion aguda,nutricion superior (ns),2007-06-01,17,18,5,6,22,24,46
71401,PUERTO SUAREZ,desnutricion aguda,nutricion superior (ns),2007-06-01,20,14,3,3,23,17,40
31205,PUERTO VILLARROEL,desnutricion aguda,nutricion superior (ns),2007-06-01,69,46,26,14,95,60,155
51101,PUNA,desnutricion aguda,nutricion superior (ns),2007-06-01,11,10,2,1,13,11,24
31401,PUNATA,desnutricion aguda,nutricion superior (ns),2007-06-01,17,15,1,5,18,20,38
30901,QUILLACOLLO,desnutricion aguda,nutricion superior (ns),2007-06-01,32,23,4,4,36,27,63
21002,QUIME,desnutricion aguda,nutricion superior (ns),2007-06-01,21,13,16,7,37,20,57
70904,QUIRUSILLAS,desnutricion aguda,nutricion superior (ns),2007-06-01,4,2,5,1,9,3,12
50402,RAVELO,desnutricion aguda,nutricion superior (ns),2007-06-01,3,1,0,0,3,1,4
80301,REYES,desnutricion aguda,nutricion superior (ns),2007-06-01,44,38,17,8,61,46,107
80201,RIBERALTA,desnutricion aguda,nutricion superior (ns),2007-06-01,70,32,6,3,76,35,111
70503,ROBORE,desnutricion aguda,nutricion superior (ns),2007-06-01,30,12,4,11,34,23,57
80304,RURRENABAQUE,desnutricion aguda,nutricion superior (ns),2007-06-01,74,38,2,6,76,44,120
40901,SABAYA,desnutricion aguda,nutricion superior (ns),2007-06-01,1,3,2,0,3,3,6
31001,SACABA,desnutricion aguda,nutricion superior (ns),2007-06-01,43,39,8,6,51,45,96
30404,SACABAMBA,desnutricion aguda,nutricion superior (ns),2007-06-01,1,0,0,0,1,0,1
50701,SACACA,desnutricion aguda,nutricion superior (ns),2007-06-01,3,9,0,1,3,10,13
71302,SAIPINA,desnutricion aguda,nutricion superior (ns),2007-06-01,39,26,24,15,63,41,104
40801,SALINAS DE GARCI MENDOZA,desnutricion aguda,nutricion superior (ns),2007-06-01,16,16,14,6,30,22,52
70901,SAMAIPATA,desnutricion aguda,nutricion superior (ns),2007-06-01,13,12,1,2,14,14,28
51601,SAN AGUSTIN,desnutricion aguda,nutricion superior (ns),2007-06-01,2,3,1,1,3,4,7
80602,SAN ANDRES,desnutricion aguda,nutricion superior (ns),2007-06-01,22,13,3,1,25,14,39
71105,SAN ANTONIO DE LOMERIO,desnutricion aguda,nutricion superior (ns),2007-06-01,5,7,0,0,5,7,12
31403,SAN BENITO,desnutricion aguda,nutricion superior (ns),2007-06-01,8,3,1,1,9,4,13
80302,SAN BORJA,desnutricion aguda,nutricion superior (ns),2007-06-01,59,35,11,6,70,41,111
70402,SAN CARLOS,desnutricion aguda,nutricion superior (ns),2007-06-01,32,21,9,9,41,30,71
80501,SAN IGNACIO,desnutricion aguda,nutricion superior (ns),2007-06-01,18,9,6,4,24,13,37
70301,SAN IGNACIO DE VELASCO,desnutricion aguda,nutricion superior (ns),2007-06-01,127,56,14,15,141,71,212
80102,SAN JAVIER(BNI),desnutricion aguda,nutricion superior (ns),2007-06-01,3,4,1,1,4,5,9
71102,SAN JAVIER(STC),desnutricion aguda,nutricion superior (ns),2007-06-01,10,16,1,0,11,16,27
80701,SAN JOAQUIN,desnutricion aguda,nutricion superior (ns),2007-06-01,0,12,18,8,18,20,38
70501,SAN JOSE DE CHIQUITOS,desnutricion aguda,nutricion superior (ns),2007-06-01,17,10,9,11,26,21,47
70404,SAN JUAN DE YAPACANI,desnutricion aguda,nutricion superior (ns),2007-06-01,38,23,6,4,44,27,71
71104,SAN JULIAN,desnutricion aguda,nutricion superior (ns),2007-06-01,41,33,40,32,81,65,146
90302,SAN LORENZO(PND),desnutricion aguda,nutricion superior (ns),2007-06-01,7,3,0,0,7,3,10
60501,SAN LORENZO(TJA),desnutricion aguda,nutricion superior (ns),2007-06-01,14,7,2,1,16,8,24
10702,SAN LUCAS,desnutricion aguda,nutricion superior (ns),2007-06-01,28,23,6,5,34,28,62
71201,SAN MATIAS,desnutricion aguda,nutricion superior (ns),2007-06-01,12,5,6,5,18,10,28
70302,SAN MIGUEL DE VELASCO,desnutricion aguda,nutricion superior (ns),2007-06-01,34,31,5,3,39,34,73
51001,SAN PABLO DE LIPEZ,desnutricion aguda,nutricion superior (ns),2007-06-01,0,0,1,1,1,1,2
71005,SAN PEDRO,desnutricion aguda,nutricion superior (ns),2007-06-01,43,40,6,6,49,46,95
50501,SAN PEDRO DE BUENA VISTA,desnutricion aguda,nutricion superior (ns),2007-06-01,16,11,0,0,16,11,27
50902,SAN PEDRO DE QUEMES,desnutricion aguda,nutricion superior (ns),2007-06-01,1,0,1,0,2,0,2
90202,SAN PEDRO(PND),desnutricion aguda,nutricion superior (ns),2007-06-01,2,1,0,0,2,1,3
70303,SAN RAFAEL,desnutricion aguda,nutricion superior (ns),2007-06-01,3,7,0,3,3,10,13
80702,SAN RAMON,desnutricion aguda,nutricion superior (ns),2007-06-01,20,6,6,5,26,11,37
80702,SAN RAMON,desnutricion aguda,nutricion superior (ns),2007-06-01,3,5,1,1,4,6,10
80401,SANTA ANA,desnutricion aguda,nutricion superior (ns),2007-06-01,37,12,7,9,44,21,65
70101,SANTA CRUZ DE LA SIERRA,desnutricion aguda,nutricion superior (ns),2007-06-01,1138,779,327,334,1465,1113,2578
80303,SANTA ROSA,desnutricion aguda,nutricion superior (ns),2007-06-01,30,29,7,2,37,31,68
70602,SANTA ROSA DEL SARA,desnutricion aguda,nutricion superior (ns),2007-06-01,18,12,1,2,19,14,33
41401,SANTIAGO DE HUARI,desnutricion aguda,nutricion superior (ns),2007-06-01,2,2,2,3,4,5,9
30702,SANTIVAÑES,desnutricion aguda,nutricion superior (ns),2007-06-01,0,2,0,0,0,2,2
40202,SANTUARIO DE QUILLACAS,desnutricion aguda,nutricion superior (ns),2007-06-01,5,9,11,6,16,15,31
90303,SENA,desnutricion aguda,nutricion superior (ns),2007-06-01,9,11,0,2,9,13,22
30703,SICAYA,desnutricion aguda,nutricion superior (ns),2007-06-01,1,1,0,0,1,1,2
30902,SIPE SIPE,desnutricion aguda,nutricion superior (ns),2007-06-01,31,25,3,3,34,28,62
10403,SOPACHUY,desnutricion aguda,nutricion superior (ns),2007-06-01,3,2,0,0,3,2,5
40104,SORACACHI,desnutricion aguda,nutricion superior (ns),2007-06-01,13,13,17,12,30,25,55
10101,SUCRE,desnutricion aguda,nutricion superior (ns),2007-06-01,180,169,53,55,233,224,457
31404,TACACHI,desnutricion aguda,nutricion superior (ns),2007-06-01,0,1,0,0,0,1,1
50303,TACOBAMBA,desnutricion aguda,nutricion superior (ns),2007-06-01,4,5,0,1,4,6,10
30602,TACOPAYA,desnutricion aguda,nutricion superior (ns),2007-06-01,1,0,1,0,2,0,2
51402,TAHUA,desnutricion aguda,nutricion superior (ns),2007-06-01,2,2,3,1,5,3,8
31101,TAPACARI,desnutricion aguda,nutricion superior (ns),2007-06-01,4,10,2,1,6,11,17
10601,TARABUCO,desnutricion aguda,nutricion superior (ns),2007-06-01,4,4,3,1,7,5,12
30401,TARATA,desnutricion aguda,nutricion superior (ns),2007-06-01,12,13,1,2,13,15,28
60101,TARIJA,desnutricion aguda,nutricion superior (ns),2007-06-01,285,224,69,72,354,296,650
10202,TARVITA,desnutricion aguda,nutricion superior (ns),2007-06-01,18,11,4,1,22,12,34
50102,TINGUIPAYA,desnutricion aguda,nutricion superior (ns),2007-06-01,5,5,1,2,6,7,13
30903,TIQUIPAYA,desnutricion aguda,nutricion superior (ns),2007-06-01,3,8,2,1,5,9,14
31601,TIRAQUE (CBBA),desnutricion aguda,nutricion superior (ns),2007-06-01,44,47,10,3,54,50,104
30802,TOCO,desnutricion aguda,nutricion superior (ns),2007-06-01,4,2,0,1,4,3,7
30803,TOLATA,desnutricion aguda,nutricion superior (ns),2007-06-01,0,2,0,0,0,2,2
41001,TOLEDO,desnutricion aguda,nutricion superior (ns),2007-06-01,2,5,3,1,5,6,11
51202,TOMAVE,desnutricion aguda,nutricion superior (ns),2007-06-01,6,3,0,2,6,5,11
10402,TOMINA,desnutricion aguda,nutricion superior (ns),2007-06-01,12,9,0,1,12,10,22
50502,TORO TORO,desnutricion aguda,nutricion superior (ns),2007-06-01,14,13,10,17,24,30,54
31201,TOTORA(CBBA),desnutricion aguda,nutricion superior (ns),2007-06-01,7,6,0,2,7,8,15
41301,TOTORA(ORR),desnutricion aguda,nutricion superior (ns),2007-06-01,1,3,1,1,2,4,6
70802,TRIGAL,desnutricion aguda,nutricion superior (ns),2007-06-01,1,2,1,1,2,3,5
80101,TRINIDAD,desnutricion aguda,nutricion superior (ns),2007-06-01,190,187,76,70,266,257,523
50801,TUPIZA,desnutricion aguda,nutricion superior (ns),2007-06-01,57,34,19,11,76,45,121
40402,TURCO,desnutricion aguda,nutricion superior (ns),2007-06-01,6,3,7,3,13,6,19
50201,UNCIA,desnutricion aguda,nutricion superior (ns),2007-06-01,5,15,6,4,11,19,30
60401,URIONDO (A. CONCEPCION),desnutricion aguda,nutricion superior (ns),2007-06-01,15,8,3,2,18,10,28
71502,URUBICHA,desnutricion aguda,nutricion superior (ns),2007-06-01,3,5,2,0,5,5,10
51201,UYUNI,desnutricion aguda,nutricion superior (ns),2007-06-01,31,16,10,5,41,21,62
30502,VACAS,desnutricion aguda,nutricion superior (ns),2007-06-01,2,2,0,0,2,2,4
70801,VALLEGRANDE,desnutricion aguda,nutricion superior (ns),2007-06-01,15,4,3,4,18,8,26
20801,VIACHA,desnutricion aguda,nutricion superior (ns),2007-06-01,30,21,7,3,37,24,61
31302,VILA VILA,desnutricion aguda,nutricion superior (ns),2007-06-01,1,0,0,0,1,0,1
60303,VILLA MONTES,desnutricion aguda,nutricion superior (ns),2007-06-01,112,51,15,23,127,74,201
90502,VILLA NUEVA (LOMA ALTA),desnutricion aguda,nutricion superior (ns),2007-06-01,7,10,0,0,7,10,17
31402,VILLA RIVERO,desnutricion aguda,nutricion superior (ns),2007-06-01,2,2,2,2,4,4,8
10801,VILLA SERRANO,desnutricion aguda,nutricion superior (ns),2007-06-01,7,7,5,0,12,7,19
31003,VILLA TUNARI,desnutricion aguda,nutricion superior (ns),2007-06-01,122,69,30,32,152,101,253
11001,VILLA VACA GUZMAN (MUYUPAMPA),desnutricion aguda,nutricion superior (ns),2007-06-01,11,14,3,2,14,16,30
51501,VILLAZON,desnutricion aguda,nutricion superior (ns),2007-06-01,32,16,2,4,34,20,54
30904,VINTO,desnutricion aguda,nutricion superior (ns),2007-06-01,4,0,1,0,5,0,5
50602,VITICHI,desnutricion aguda,nutricion superior (ns),2007-06-01,8,2,0,0,8,2,10
70201,WARNES,desnutricion aguda,nutricion superior (ns),2007-06-01,99,87,22,15,121,102,223
60301,YACUIBA,desnutricion aguda,nutricion superior (ns),2007-06-01,85,89,7,7,92,96,188
10602,YAMPARAEZ,desnutricion aguda,nutricion superior (ns),2007-06-01,4,7,3,4,7,11,18
70403,YAPACANI,desnutricion aguda,nutricion superior (ns),2007-06-01,68,62,11,6,79,68,147
50103,YOCALLA,desnutricion aguda,nutricion superior (ns),2007-06-01,2,1,0,0,2,1,3
10102,YOTALA,desnutricion aguda,nutricion superior (ns),2007-06-01,8,13,6,3,14,16,30
60402,YUNCHARA,desnutricion aguda,nutricion superior (ns),2007-06-01,0,1,0,0,0,1,1
10301,ZUDAÑEZ,desnutricion aguda,nutricion superior (ns),2007-06-01,8,6,0,0,8,6,14
51302,ACACIO,desnutricion aguda,nutricion superior (ns),2007-07-01,3,2,0,1,3,3,6
30201,AIQUILE,desnutricion aguda,nutricion superior (ns),2007-07-01,16,10,3,0,19,10,29
31303,ALALAY,desnutricion aguda,nutricion superior (ns),2007-07-01,1,0,1,0,2,0,2
10404,ALCALA,desnutricion aguda,nutricion superior (ns),2007-07-01,2,6,2,1,4,7,11
41201,ANDAMARCA,desnutricion aguda,nutricion superior (ns),2007-07-01,0,4,2,2,2,6,8
40603,ANTEQUERA,desnutricion aguda,nutricion superior (ns),2007-07-01,2,2,0,0,2,2,4
30402,ANZALDO,desnutricion aguda,nutricion superior (ns),2007-07-01,0,1,0,1,0,2,2
51301,ARAMPAMPA,desnutricion aguda,nutricion superior (ns),2007-07-01,0,3,0,1,0,4,4
30501,ARANI,desnutricion aguda,nutricion superior (ns),2007-07-01,1,0,1,1,2,1,3
30403,ARBIETO,desnutricion aguda,nutricion superior (ns),2007-07-01,8,2,0,0,8,2,10
30601,ARQUE,desnutricion aguda,nutricion superior (ns),2007-07-01,0,0,1,1,1,1,2
50802,ATOCHA,desnutricion aguda,nutricion superior (ns),2007-07-01,7,3,6,2,13,5,18
30301,AYOPAYA (V. DE INDEPENDENCIA),desnutricion aguda,nutricion superior (ns),2007-07-01,17,14,1,0,18,14,32
10201,AZURDUY,desnutricion aguda,nutricion superior (ns),2007-07-01,13,8,9,5,22,13,35
80802,BAURES,desnutricion aguda,nutricion superior (ns),2007-07-01,5,5,3,1,8,6,14
50104,BELEN DE URMIRI,desnutricion aguda,nutricion superior (ns),2007-07-01,1,0,0,0,1,0,1
90104,BELLA FLOR,desnutricion aguda,nutricion superior (ns),2007-07-01,7,9,1,2,8,11,19
60202,BERMEJO,desnutricion aguda,nutricion superior (ns),2007-07-01,5,2,2,1,7,3,10
50301,BETANZOS,desnutricion aguda,nutricion superior (ns),2007-07-01,18,22,4,4,22,26,48
31501,BOLIVAR,desnutricion aguda,nutricion superior (ns),2007-07-01,1,2,0,0,1,2,3
90103,BOLPEBRA,desnutricion aguda,nutricion superior (ns),2007-07-01,2,2,0,1,2,3,5
70707,BOYUIBE,desnutricion aguda,nutricion superior (ns),2007-07-01,3,8,2,2,5,10,15
70401,BUENA VISTA,desnutricion aguda,nutricion superior (ns),2007-07-01,38,22,3,3,41,25,66
70703,CABEZAS,desnutricion aguda,nutricion superior (ns),2007-07-01,47,19,14,26,61,45,106
51102,"CAIZA ""D""",desnutricion aguda,nutricion superior (ns),2007-07-01,11,9,3,2,14,11,25
21003,CAJUATA,desnutricion aguda,nutricion superior (ns),2007-07-01,23,15,23,14,46,29,75
10701,CAMARGO,desnutricion aguda,nutricion superior (ns),2007-07-01,16,4,3,1,19,5,24
10901,CAMATAQUI (C. VILLA ABECIA),desnutricion aguda,nutricion superior (ns),2007-07-01,3,9,2,0,5,9,14
70706,CAMIRI,desnutricion aguda,nutricion superior (ns),2007-07-01,138,96,58,41,196,137,333
30701,CAPINOTA,desnutricion aguda,nutricion superior (ns),2007-07-01,1,4,0,1,1,5,6
40102,CARACOLLO,desnutricion aguda,nutricion superior (ns),2007-07-01,10,6,6,1,16,7,23
60302,CARAPARI,desnutricion aguda,nutricion superior (ns),2007-07-01,27,23,4,4,31,27,58
50702,CARIPUYO,desnutricion aguda,nutricion superior (ns),2007-07-01,6,4,1,0,7,4,11
71403,CARMEN RIVERO TORREZ,desnutricion aguda,nutricion superior (ns),2007-07-01,8,4,2,2,10,6,16
40201,CHALLAPATA,desnutricion aguda,nutricion superior (ns),2007-07-01,11,15,4,10,15,25,40
50302,CHAQUI,desnutricion aguda,nutricion superior (ns),2007-07-01,7,5,0,0,7,5,12
70702,CHARAGUA,desnutricion aguda,nutricion superior (ns),2007-07-01,71,50,12,12,83,62,145
50202,CHAYANTA,desnutricion aguda,nutricion superior (ns),2007-07-01,9,5,0,0,9,5,14
31204,CHIMORE,desnutricion aguda,nutricion superior (ns),2007-07-01,5,4,0,2,5,6,11
40903,CHIPAYA,desnutricion aguda,nutricion superior (ns),2007-07-01,0,1,0,0,0,1,1
90101,COBIJA,desnutricion aguda,nutricion superior (ns),2007-07-01,110,81,12,16,122,97,219
30101,COCHABAMBA,desnutricion aguda,nutricion superior (ns),2007-07-01,275,248,60,51,335,299,634
30905,COLCAPIRHUA,desnutricion aguda,nutricion superior (ns),2007-07-01,6,18,2,2,8,20,28
50901,"COLCHA ""K""",desnutricion aguda,nutricion superior (ns),2007-07-01,6,7,0,1,6,8,14
31002,COLOMI,desnutricion aguda,nutricion superior (ns),2007-07-01,11,9,2,3,13,12,25
70603,COLPA BELGICA,desnutricion aguda,nutricion superior (ns),2007-07-01,16,5,5,4,21,9,30
50401,COLQUECHACA,desnutricion aguda,nutricion superior (ns),2007-07-01,16,11,3,2,19,13,32
21004,COLQUIRI,desnutricion aguda,nutricion superior (ns),2007-07-01,15,6,13,5,28,11,39
71301,COMARAPA,desnutricion aguda,nutricion superior (ns),2007-07-01,85,57,14,21,99,78,177
71101,CONCEPCION,desnutricion aguda,nutricion superior (ns),2007-07-01,5,3,1,1,6,4,10
40301,CORQUE,desnutricion aguda,nutricion superior (ns),2007-07-01,2,1,3,0,5,1,6
50601,COTAGAITA,desnutricion aguda,nutricion superior (ns),2007-07-01,7,7,0,0,7,7,14
70102,COTOCA,desnutricion aguda,nutricion superior (ns),2007-07-01,55,37,6,7,61,44,105
71106,CUATRO CAÑADAS,desnutricion aguda,nutricion superior (ns),2007-07-01,33,15,20,10,53,25,78
31405,CUCHUMUELA (V. G. VILLARROEL),desnutricion aguda,nutricion superior (ns),2007-07-01,1,0,0,0,1,0,1
70704,CUEVO,desnutricion aguda,nutricion superior (ns),2007-07-01,6,10,0,1,6,11,17
10902,CULPINA,desnutricion aguda,nutricion superior (ns),2007-07-01,21,11,2,1,23,12,35
40401,CURAHUARA DE CARANGAS,desnutricion aguda,nutricion superior (ns),2007-07-01,4,1,1,4,5,5,10
40103,EL CHORO,desnutricion aguda,nutricion superior (ns),2007-07-01,1,1,1,0,2,1,3
60502,EL PUENTE(TJA),desnutricion aguda,nutricion superior (ns),2007-07-01,4,3,1,4,5,7,12
70105,EL TORNO,desnutricion aguda,nutricion superior (ns),2007-07-01,56,33,15,2,71,35,106
10405,EL VILLAR,desnutricion aguda,nutricion superior (ns),2007-07-01,4,4,2,0,6,4,10
60601,ENTRE RIOS,desnutricion aguda,nutricion superior (ns),2007-07-01,16,22,2,1,18,23,41
60601,ENTRE RIOS,desnutricion aguda,nutricion superior (ns),2007-07-01,15,21,11,14,26,35,61
40505,ESMERALDA,desnutricion aguda,nutricion superior (ns),2007-07-01,1,0,0,0,1,0,1
41101,EUCALIPTUS,desnutricion aguda,nutricion superior (ns),2007-07-01,3,4,1,3,4,7,11
80402,EXALTACION,desnutricion aguda,nutricion superior (ns),2007-07-01,6,3,2,1,8,4,12
71004,FERNANDEZ ALONSO,desnutricion aguda,nutricion superior (ns),2007-07-01,23,17,10,2,33,19,52
90203,FILADELFIA,desnutricion aguda,nutricion superior (ns),2007-07-01,9,1,7,2,16,3,19
71002,GENERAL SAAVEDRA,desnutricion aguda,nutricion superior (ns),2007-07-01,43,29,26,23,69,52,121
80202,GUAYARAMERIN,desnutricion aguda,nutricion superior (ns),2007-07-01,97,47,6,4,103,51,154
70705,GUTIERREZ,desnutricion aguda,nutricion superior (ns),2007-07-01,51,31,14,12,65,43,108
10502,HUACARETA,desnutricion aguda,nutricion superior (ns),2007-07-01,15,6,4,6,19,12,31
11002,HUACAYA (VILLA DE HUACAYA),desnutricion aguda,nutricion superior (ns),2007-07-01,4,9,2,5,6,14,20
40701,HUANUNI,desnutricion aguda,nutricion superior (ns),2007-07-01,21,18,14,6,35,24,59
80803,HUARACAJE,desnutricion aguda,nutricion superior (ns),2007-07-01,7,3,1,0,8,3,11
41601,HUAYLLAMARCA,desnutricion aguda,nutricion superior (ns),2007-07-01,1,1,0,2,1,3,4
21005,ICHOCA,desnutricion aguda,nutricion superior (ns),2007-07-01,8,10,4,4,12,14,26
10304,ICLA,desnutricion aguda,nutricion superior (ns),2007-07-01,11,9,2,3,13,12,25
10703,INCAHUASI,desnutricion aguda,nutricion superior (ns),2007-07-01,21,21,3,2,24,23,47
90402,INGAVI (HUMAITA),desnutricion aguda,nutricion superior (ns),2007-07-01,3,1,0,0,3,1,4
21001,INQUISIVI,desnutricion aguda,nutricion superior (ns),2007-07-01,36,18,23,15,59,33,92
70104,LA GUARDIA,desnutricion aguda,nutricion superior (ns),2007-07-01,109,50,28,37,137,87,224
70701,LAGUNILLAS,desnutricion aguda,nutricion superior (ns),2007-07-01,19,22,6,6,25,28,53
10903,LAS CARRERAS,desnutricion aguda,nutricion superior (ns),2007-07-01,7,2,1,0,8,2,10
21006,LICOMA PAMPA,desnutricion aguda,nutricion superior (ns),2007-07-01,8,8,5,7,13,15,28
50203,LLALLAGUA,desnutricion aguda,nutricion superior (ns),2007-07-01,26,20,12,9,38,29,67
51401,LLICA,desnutricion aguda,nutricion superior (ns),2007-07-01,1,1,0,0,1,1,2
80601,LORETO,desnutricion aguda,nutricion superior (ns),2007-07-01,5,5,3,2,8,7,15
40702,MACHACAMARCA,desnutricion aguda,nutricion superior (ns),2007-07-01,0,3,0,0,0,3,3
11003,MACHARETI,desnutricion aguda,nutricion superior (ns),2007-07-01,31,29,13,11,44,40,84
80801,MAGDALENA,desnutricion aguda,nutricion superior (ns),2007-07-01,8,8,1,0,9,8,17
70903,MAIRANA,desnutricion aguda,nutricion superior (ns),2007-07-01,15,12,3,2,18,14,32
20103,MECAPACA,desnutricion aguda,nutricion superior (ns),2007-07-01,2,6,3,0,5,6,11
71003,MINEROS,desnutricion aguda,nutricion superior (ns),2007-07-01,25,17,6,2,31,19,50
31301,MIZQUE,desnutricion aguda,nutricion superior (ns),2007-07-01,39,18,3,1,42,19,61
51002,MOJINETE,desnutricion aguda,nutricion superior (ns),2007-07-01,3,1,0,0,3,1,4
10303,MOJOCOYA,desnutricion aguda,nutricion superior (ns),2007-07-01,6,9,1,2,7,11,18
10501,MONTEAGUDO,desnutricion aguda,nutricion superior (ns),2007-07-01,49,57,19,10,68,67,135
71001,MONTERO,desnutricion aguda,nutricion superior (ns),2007-07-01,255,192,90,72,345,264,609
70803,MORO MORO,desnutricion aguda,nutricion superior (ns),2007-07-01,3,3,0,0,3,3,6
30302,MOROCHATA,desnutricion aguda,nutricion superior (ns),2007-07-01,3,2,1,0,4,2,6
90401,NACEBE (SANTA ROSA DEL ABUNA),desnutricion aguda,nutricion superior (ns),2007-07-01,0,3,1,0,1,3,4
90501,NUEVO MANOA (NUEVA ESPERANZA),desnutricion aguda,nutricion superior (ns),2007-07-01,2,4,0,0,2,4,6
50404,OCURI,desnutricion aguda,nutricion superior (ns),2007-07-01,7,3,2,0,9,3,12
70202,OKINAWA,desnutricion aguda,nutricion superior (ns),2007-07-01,6,2,0,0,6,2,8
30203,OMEREQUE,desnutricion aguda,nutricion superior (ns),2007-07-01,8,8,0,1,8,9,17
40101,ORURO,desnutricion aguda,nutricion superior (ns),2007-07-01,313,293,109,97,422,390,812
60201,PADCAYA,desnutricion aguda,nutricion superior (ns),2007-07-01,9,11,4,1,13,12,25
10401,PADILLA,desnutricion aguda,nutricion superior (ns),2007-07-01,13,13,5,6,18,19,37
70502,PAILON,desnutricion aguda,nutricion superior (ns),2007-07-01,36,21,8,7,44,28,72
20102,PALCA,desnutricion aguda,nutricion superior (ns),2007-07-01,2,3,1,3,3,6,9
40802,PAMPA AULLAGAS,desnutricion aguda,nutricion superior (ns),2007-07-01,4,5,2,2,6,7,13
70902,PAMPA GRANDE,desnutricion aguda,nutricion superior (ns),2007-07-01,10,2,0,2,10,4,14
30202,PASORAPA,desnutricion aguda,nutricion superior (ns),2007-07-01,4,4,0,2,4,6,10
40602,PAZÑA,desnutricion aguda,nutricion superior (ns),2007-07-01,4,5,5,2,9,7,16
50403,POCOATA,desnutricion aguda,nutricion superior (ns),2007-07-01,8,7,2,0,10,7,17
31203,POCONA,desnutricion aguda,nutricion superior (ns),2007-07-01,4,4,2,2,6,6,12
31202,POJO (CBBA),desnutricion aguda,nutricion superior (ns),2007-07-01,23,22,2,2,25,24,49
40601,POOPO,desnutricion aguda,nutricion superior (ns),2007-07-01,1,1,0,0,1,1,2
51203,PORCO,desnutricion aguda,nutricion superior (ns),2007-07-01,6,6,0,0,6,6,12
10103,POROMA,desnutricion aguda,nutricion superior (ns),2007-07-01,18,22,1,3,19,25,44
70103,PORONGO,desnutricion aguda,nutricion superior (ns),2007-07-01,4,5,0,0,4,5,9
70601,PORTACHUELO,desnutricion aguda,nutricion superior (ns),2007-07-01,63,58,37,39,100,97,197
90102,PORVENIR,desnutricion aguda,nutricion superior (ns),2007-07-01,12,6,0,2,12,8,20
70804,POSTRER VALLE,desnutricion aguda,nutricion superior (ns),2007-07-01,0,1,4,0,4,1,5
50101,POTOSI,desnutricion aguda,nutricion superior (ns),2007-07-01,132,93,26,9,158,102,260
10302,PRESTO,desnutricion aguda,nutricion superior (ns),2007-07-01,1,2,8,2,9,4,13
70805,PUCARA,desnutricion aguda,nutricion superior (ns),2007-07-01,0,1,0,0,0,1,1
90301,PUERTO GONZALO MORENO,desnutricion aguda,nutricion superior (ns),2007-07-01,0,2,0,0,0,2,2
71402,PUERTO QUIJARRO,desnutricion aguda,nutricion superior (ns),2007-07-01,36,35,4,1,40,36,76
90201,PUERTO RICO,desnutricion aguda,nutricion superior (ns),2007-07-01,15,10,2,1,17,11,28
80703,PUERTO SILES,desnutricion aguda,nutricion superior (ns),2007-07-01,6,6,5,1,11,7,18
71401,PUERTO SUAREZ,desnutricion aguda,nutricion superior (ns),2007-07-01,10,10,2,5,12,15,27
31205,PUERTO VILLARROEL,desnutricion aguda,nutricion superior (ns),2007-07-01,62,41,10,12,72,53,125
51101,PUNA,desnutricion aguda,nutricion superior (ns),2007-07-01,13,14,2,2,15,16,31
31401,PUNATA,desnutricion aguda,nutricion superior (ns),2007-07-01,11,11,3,2,14,13,27
30901,QUILLACOLLO,desnutricion aguda,nutricion superior (ns),2007-07-01,40,25,3,13,43,38,81
21002,QUIME,desnutricion aguda,nutricion superior (ns),2007-07-01,23,15,8,9,31,24,55
70904,QUIRUSILLAS,desnutricion aguda,nutricion superior (ns),2007-07-01,3,2,2,1,5,3,8
50402,RAVELO,desnutricion aguda,nutricion superior (ns),2007-07-01,9,7,3,4,12,11,23
80301,REYES,desnutricion aguda,nutricion superior (ns),2007-07-01,12,13,5,7,17,20,37
80201,RIBERALTA,desnutricion aguda,nutricion superior (ns),2007-07-01,86,33,8,3,94,36,130
70503,ROBORE,desnutricion aguda,nutricion superior (ns),2007-07-01,0,3,0,0,0,3,3
80304,RURRENABAQUE,desnutricion aguda,nutricion superior (ns),2007-07-01,4,2,1,0,5,2,7
40901,SABAYA,desnutricion aguda,nutricion superior (ns),2007-07-01,2,2,1,1,3,3,6
31001,SACABA,desnutricion aguda,nutricion superior (ns),2007-07-01,54,42,6,4,60,46,106
50701,SACACA,desnutricion aguda,nutricion superior (ns),2007-07-01,1,4,1,0,2,4,6
71302,SAIPINA,desnutricion aguda,nutricion superior (ns),2007-07-01,49,33,14,27,63,60,123
40801,SALINAS DE GARCI MENDOZA,desnutricion aguda,nutricion superior (ns),2007-07-01,4,5,4,0,8,5,13
70901,SAMAIPATA,desnutricion aguda,nutricion superior (ns),2007-07-01,23,5,2,0,25,5,30
51601,SAN AGUSTIN,desnutricion aguda,nutricion superior (ns),2007-07-01,2,3,0,1,2,4,6
80602,SAN ANDRES,desnutricion aguda,nutricion superior (ns),2007-07-01,21,11,5,0,26,11,37
51003,SAN ANTONIO DE ESMORUCO,desnutricion aguda,nutricion superior (ns),2007-07-01,0,1,0,0,0,1,1
71105,SAN ANTONIO DE LOMERIO,desnutricion aguda,nutricion superior (ns),2007-07-01,5,6,0,3,5,9,14
31403,SAN BENITO,desnutricion aguda,nutricion superior (ns),2007-07-01,2,2,0,0,2,2,4
80302,SAN BORJA,desnutricion aguda,nutricion superior (ns),2007-07-01,69,66,14,13,83,79,162
70402,SAN CARLOS,desnutricion aguda,nutricion superior (ns),2007-07-01,43,17,8,9,51,26,77
80501,SAN IGNACIO,desnutricion aguda,nutricion superior (ns),2007-07-01,18,12,4,1,22,13,35
70301,SAN IGNACIO DE VELASCO,desnutricion aguda,nutricion superior (ns),2007-07-01,107,43,10,6,117,49,166
80102,SAN JAVIER(BNI),desnutricion aguda,nutricion superior (ns),2007-07-01,3,5,1,3,4,8,12
71102,SAN JAVIER(STC),desnutricion aguda,nutricion superior (ns),2007-07-01,22,12,3,1,25,13,38
80701,SAN JOAQUIN,desnutricion aguda,nutricion superior (ns),2007-07-01,20,12,2,5,22,17,39
70501,SAN JOSE DE CHIQUITOS,desnutricion aguda,nutricion superior (ns),2007-07-01,13,16,5,4,18,20,38
70404,SAN JUAN DE YAPACANI,desnutricion aguda,nutricion superior (ns),2007-07-01,26,27,5,3,31,30,61
71104,SAN JULIAN,desnutricion aguda,nutricion superior (ns),2007-07-01,29,25,11,13,40,38,78
90302,SAN LORENZO(PND),desnutricion aguda,nutricion superior (ns),2007-07-01,6,4,0,1,6,5,11
60501,SAN LORENZO(TJA),desnutricion aguda,nutricion superior (ns),2007-07-01,11,6,7,6,18,12,30
10702,SAN LUCAS,desnutricion aguda,nutricion superior (ns),2007-07-01,20,23,5,2,25,25,50
71201,SAN MATIAS,desnutricion aguda,nutricion superior (ns),2007-07-01,11,9,2,2,13,11,24
70302,SAN MIGUEL DE VELASCO,desnutricion aguda,nutricion superior (ns),2007-07-01,18,22,1,2,19,24,43
51001,SAN PABLO DE LIPEZ,desnutricion aguda,nutricion superior (ns),2007-07-01,2,1,0,0,2,1,3
71005,SAN PEDRO,desnutricion aguda,nutricion superior (ns),2007-07-01,52,53,9,3,61,56,117
50501,SAN PEDRO DE BUENA VISTA,desnutricion aguda,nutricion superior (ns),2007-07-01,25,15,7,4,32,19,51
90202,SAN PEDRO(PND),desnutricion aguda,nutricion superior (ns),2007-07-01,3,2,1,0,4,2,6
70303,SAN RAFAEL,desnutricion aguda,nutricion superior (ns),2007-07-01,2,3,0,0,2,3,5
80702,SAN RAMON,desnutricion aguda,nutricion superior (ns),2007-07-01,16,9,1,0,17,9,26
80401,SANTA ANA,desnutricion aguda,nutricion superior (ns),2007-07-01,25,14,6,4,31,18,49
70101,SANTA CRUZ DE LA SIERRA,desnutricion aguda,nutricion superior (ns),2007-07-01,927,636,282,232,1209,868,2077
80303,SANTA ROSA,desnutricion aguda,nutricion superior (ns),2007-07-01,31,25,5,7,36,32,68
70602,SANTA ROSA DEL SARA,desnutricion aguda,nutricion superior (ns),2007-07-01,16,14,7,6,23,20,43
41401,SANTIAGO DE HUARI,desnutricion aguda,nutricion superior (ns),2007-07-01,5,6,4,4,9,10,19
30702,SANTIVAÑES,desnutricion aguda,nutricion superior (ns),2007-07-01,4,0,0,1,4,1,5
40202,SANTUARIO DE QUILLACAS,desnutricion aguda,nutricion superior (ns),2007-07-01,9,13,5,9,14,22,36
90303,SENA,desnutricion aguda,nutricion superior (ns),2007-07-01,16,9,0,0,16,9,25
30902,SIPE SIPE,desnutricion aguda,nutricion superior (ns),2007-07-01,31,21,4,3,35,24,59
10403,SOPACHUY,desnutricion aguda,nutricion superior (ns),2007-07-01,5,1,0,0,5,1,6
40104,SORACACHI,desnutricion aguda,nutricion superior (ns),2007-07-01,10,11,4,17,14,28,42
10101,SUCRE,desnutricion aguda,nutricion superior (ns),2007-07-01,176,183,38,34,214,217,431
50303,TACOBAMBA,desnutricion aguda,nutricion superior (ns),2007-07-01,4,2,0,2,4,4,8
30602,TACOPAYA,desnutricion aguda,nutricion superior (ns),2007-07-01,0,1,1,0,1,1,2
31101,TAPACARI,desnutricion aguda,nutricion superior (ns),2007-07-01,4,3,1,2,5,5,10
10601,TARABUCO,desnutricion aguda,nutricion superior (ns),2007-07-01,12,9,2,4,14,13,27
30401,TARATA,desnutricion aguda,nutricion superior (ns),2007-07-01,9,9,0,0,9,9,18
60101,TARIJA,desnutricion aguda,nutricion superior (ns),2007-07-01,250,225,62,45,312,270,582
10202,TARVITA,desnutricion aguda,nutricion superior (ns),2007-07-01,13,10,0,2,13,12,25
50102,TINGUIPAYA,desnutricion aguda,nutricion superior (ns),2007-07-01,4,3,0,1,4,4,8
30903,TIQUIPAYA,desnutricion aguda,nutricion superior (ns),2007-07-01,16,13,2,1,18,14,32
31601,TIRAQUE (CBBA),desnutricion aguda,nutricion superior (ns),2007-07-01,38,50,5,4,43,54,97
30802,TOCO,desnutricion aguda,nutricion superior (ns),2007-07-01,3,3,4,2,7,5,12
30803,TOLATA,desnutricion aguda,nutricion superior (ns),2007-07-01,1,0,0,0,1,0,1
41001,TOLEDO,desnutricion aguda,nutricion superior (ns),2007-07-01,1,0,2,0,3,0,3
51202,TOMAVE,desnutricion aguda,nutricion superior (ns),2007-07-01,8,4,1,0,9,4,13
10402,TOMINA,desnutricion aguda,nutricion superior (ns),2007-07-01,5,9,15,4,20,13,33
50502,TORO TORO,desnutricion aguda,nutricion superior (ns),2007-07-01,12,7,17,6,29,13,42
31201,TOTORA(CBBA),desnutricion aguda,nutricion superior (ns),2007-07-01,15,4,0,0,15,4,19
41301,TOTORA(ORR),desnutricion aguda,nutricion superior (ns),2007-07-01,3,3,1,0,4,3,7
70802,TRIGAL,desnutricion aguda,nutricion superior (ns),2007-07-01,5,4,2,1,7,5,12
80101,TRINIDAD,desnutricion aguda,nutricion superior (ns),2007-07-01,159,152,54,62,213,214,427
50801,TUPIZA,desnutricion aguda,nutricion superior (ns),2007-07-01,47,26,18,12,65,38,103
40402,TURCO,desnutricion aguda,nutricion superior (ns),2007-07-01,6,5,4,3,10,8,18
50201,UNCIA,desnutricion aguda,nutricion superior (ns),2007-07-01,16,7,6,3,22,10,32
60401,URIONDO (A. CONCEPCION),desnutricion aguda,nutricion superior (ns),2007-07-01,10,8,2,7,12,15,27
51201,UYUNI,desnutricion aguda,nutricion superior (ns),2007-07-01,27,10,1,2,28,12,40
70801,VALLEGRANDE,desnutricion aguda,nutricion superior (ns),2007-07-01,15,5,6,3,21,8,29
20801,VIACHA,desnutricion aguda,nutricion superior (ns),2007-07-01,34,29,5,3,39,32,71
31302,VILA VILA,desnutricion aguda,nutricion superior (ns),2007-07-01,1,6,4,4,5,10,15
60303,VILLA MONTES,desnutricion aguda,nutricion superior (ns),2007-07-01,53,28,3,4,56,32,88
90502,VILLA NUEVA (LOMA ALTA),desnutricion aguda,nutricion superior (ns),2007-07-01,3,1,0,1,3,2,5
31402,VILLA RIVERO,desnutricion aguda,nutricion superior (ns),2007-07-01,6,0,0,2,6,2,8
10801,VILLA SERRANO,desnutricion aguda,nutricion superior (ns),2007-07-01,10,4,6,3,16,7,23
31003,VILLA TUNARI,desnutricion aguda,nutricion superior (ns),2007-07-01,67,51,25,25,92,76,168
11001,VILLA VACA GUZMAN (MUYUPAMPA),desnutricion aguda,nutricion superior (ns),2007-07-01,6,11,2,1,8,12,20
51501,VILLAZON,desnutricion aguda,nutricion superior (ns),2007-07-01,31,36,9,5,40,41,81
30904,VINTO,desnutricion aguda,nutricion superior (ns),2007-07-01,39,16,2,3,41,19,60
50602,VITICHI,desnutricion aguda,nutricion superior (ns),2007-07-01,9,3,2,1,11,4,15
70201,WARNES,desnutricion aguda,nutricion superior (ns),2007-07-01,79,56,17,11,96,67,163
60301,YACUIBA,desnutricion aguda,nutricion superior (ns),2007-07-01,107,96,10,5,117,101,218
10602,YAMPARAEZ,desnutricion aguda,nutricion superior (ns),2007-07-01,9,13,2,1,11,14,25
70403,YAPACANI,desnutricion aguda,nutricion superior (ns),2007-07-01,58,54,20,17,78,71,149
50103,YOCALLA,desnutricion aguda,nutricion superior (ns),2007-07-01,7,4,0,0,7,4,11
10102,YOTALA,desnutricion aguda,nutricion superior (ns),2007-07-01,7,0,0,3,7,3,10
10301,ZUDAÑEZ,desnutricion aguda,nutricion superior (ns),2007-07-01,7,10,1,1,8,11,19
51302,ACACIO,desnutricion aguda,nutricion superior (ns),2007-08-01,1,1,0,0,1,1,2
30201,AIQUILE,desnutricion aguda,nutricion superior (ns),2007-08-01,59,8,6,2,65,10,75
31303,ALALAY,desnutricion aguda,nutricion superior (ns),2007-08-01,2,1,2,0,4,1,5
10404,ALCALA,desnutricion aguda,nutricion superior (ns),2007-08-01,3,7,1,2,4,9,13
41201,ANDAMARCA,desnutricion aguda,nutricion superior (ns),2007-08-01,2,4,5,11,7,15,22
40603,ANTEQUERA,desnutricion aguda,nutricion superior (ns),2007-08-01,2,0,2,1,4,1,5
30402,ANZALDO,desnutricion aguda,nutricion superior (ns),2007-08-01,3,2,0,0,3,2,5
51301,ARAMPAMPA,desnutricion aguda,nutricion superior (ns),2007-08-01,4,6,0,2,4,8,12
30501,ARANI,desnutricion aguda,nutricion superior (ns),2007-08-01,4,3,0,0,4,3,7
30403,ARBIETO,desnutricion aguda,nutricion superior (ns),2007-08-01,5,0,0,0,5,0,5
30601,ARQUE,desnutricion aguda,nutricion superior (ns),2007-08-01,3,1,0,0,3,1,4
71501,ASCENCION DE GUARAYOS,desnutricion aguda,nutricion superior (ns),2007-08-01,52,28,10,8,62,36,98
50802,ATOCHA,desnutricion aguda,nutricion superior (ns),2007-08-01,6,3,3,2,9,5,14
30301,AYOPAYA (V. DE INDEPENDENCIA),desnutricion aguda,nutricion superior (ns),2007-08-01,11,13,1,0,12,13,25
10201,AZURDUY,desnutricion aguda,nutricion superior (ns),2007-08-01,12,6,3,3,15,9,24
80802,BAURES,desnutricion aguda,nutricion superior (ns),2007-08-01,16,1,6,1,22,2,24
41202,BELEN DE ANDAMARCA,desnutricion aguda,nutricion superior (ns),2007-08-01,2,1,1,0,3,1,4
90104,BELLA FLOR,desnutricion aguda,nutricion superior (ns),2007-08-01,7,8,3,2,10,10,20
60202,BERMEJO,desnutricion aguda,nutricion superior (ns),2007-08-01,9,2,0,0,9,2,11
50301,BETANZOS,desnutricion aguda,nutricion superior (ns),2007-08-01,16,25,3,10,19,35,54
31501,BOLIVAR,desnutricion aguda,nutricion superior (ns),2007-08-01,0,0,0,1,0,1,1
90103,BOLPEBRA,desnutricion aguda,nutricion superior (ns),2007-08-01,1,3,0,1,1,4,5
70707,BOYUIBE,desnutricion aguda,nutricion superior (ns),2007-08-01,6,3,3,4,9,7,16
70401,BUENA VISTA,desnutricion aguda,nutricion superior (ns),2007-08-01,33,11,10,3,43,14,57
70703,CABEZAS,desnutricion aguda,nutricion superior (ns),2007-08-01,39,38,26,17,65,55,120
51102,"CAIZA ""D""",desnutricion aguda,nutricion superior (ns),2007-08-01,14,9,0,1,14,10,24
21003,CAJUATA,desnutricion aguda,nutricion superior (ns),2007-08-01,24,26,28,13,52,39,91
10701,CAMARGO,desnutricion aguda,nutricion superior (ns),2007-08-01,24,16,1,2,25,18,43
10901,CAMATAQUI (C. VILLA ABECIA),desnutricion aguda,nutricion superior (ns),2007-08-01,2,7,1,2,3,9,12
70706,CAMIRI,desnutricion aguda,nutricion superior (ns),2007-08-01,117,83,63,44,180,127,307
30701,CAPINOTA,desnutricion aguda,nutricion superior (ns),2007-08-01,7,8,9,9,16,17,33
40102,CARACOLLO,desnutricion aguda,nutricion superior (ns),2007-08-01,10,13,1,2,11,15,26
41503,CARANGAS,desnutricion aguda,nutricion superior (ns),2007-08-01,0,0,0,1,0,1,1
60302,CARAPARI,desnutricion aguda,nutricion superior (ns),2007-08-01,31,33,12,11,43,44,87
50702,CARIPUYO,desnutricion aguda,nutricion superior (ns),2007-08-01,2,3,0,0,2,3,5
71403,CARMEN RIVERO TORREZ,desnutricion aguda,nutricion superior (ns),2007-08-01,7,16,2,1,9,17,26
40201,CHALLAPATA,desnutricion aguda,nutricion superior (ns),2007-08-01,30,37,12,17,42,54,96
50302,CHAQUI,desnutricion aguda,nutricion superior (ns),2007-08-01,5,6,3,0,8,6,14
70702,CHARAGUA,desnutricion aguda,nutricion superior (ns),2007-08-01,58,39,9,13,67,52,119
50202,CHAYANTA,desnutricion aguda,nutricion superior (ns),2007-08-01,5,5,1,1,6,6,12
31204,CHIMORE,desnutricion aguda,nutricion superior (ns),2007-08-01,22,16,3,3,25,19,44
40903,CHIPAYA,desnutricion aguda,nutricion superior (ns),2007-08-01,1,1,0,0,1,1,2
40302,CHOQUE COTA,desnutricion aguda,nutricion superior (ns),2007-08-01,2,1,0,0,2,1,3
30801,CLIZA,desnutricion aguda,nutricion superior (ns),2007-08-01,1,0,0,0,1,0,1
90101,COBIJA,desnutricion aguda,nutricion superior (ns),2007-08-01,99,103,11,12,110,115,225
30101,COCHABAMBA,desnutricion aguda,nutricion superior (ns),2007-08-01,332,272,76,67,408,339,747
30905,COLCAPIRHUA,desnutricion aguda,nutricion superior (ns),2007-08-01,19,18,4,3,23,21,44
50901,"COLCHA ""K""",desnutricion aguda,nutricion superior (ns),2007-08-01,3,7,0,1,3,8,11
31002,COLOMI,desnutricion aguda,nutricion superior (ns),2007-08-01,22,13,3,2,25,15,40
70603,COLPA BELGICA,desnutricion aguda,nutricion superior (ns),2007-08-01,18,11,3,6,21,17,38
50401,COLQUECHACA,desnutricion aguda,nutricion superior (ns),2007-08-01,11,8,4,1,15,9,24
21004,COLQUIRI,desnutricion aguda,nutricion superior (ns),2007-08-01,15,18,4,7,19,25,44
71301,COMARAPA,desnutricion aguda,nutricion superior (ns),2007-08-01,77,82,31,22,108,104,212
71101,CONCEPCION,desnutricion aguda,nutricion superior (ns),2007-08-01,3,2,1,2,4,4,8
40301,CORQUE,desnutricion aguda,nutricion superior (ns),2007-08-01,1,0,2,0,3,0,3
50601,COTAGAITA,desnutricion aguda,nutricion superior (ns),2007-08-01,14,10,2,3,16,13,29
70102,COTOCA,desnutricion aguda,nutricion superior (ns),2007-08-01,61,62,8,11,69,73,142
71106,CUATRO CAÑADAS,desnutricion aguda,nutricion superior (ns),2007-08-01,55,36,28,7,83,43,126
31405,CUCHUMUELA (V. G. VILLARROEL),desnutricion aguda,nutricion superior (ns),2007-08-01,1,0,0,0,1,0,1
70704,CUEVO,desnutricion aguda,nutricion superior (ns),2007-08-01,1,2,0,0,1,2,3
10902,CULPINA,desnutricion aguda,nutricion superior (ns),2007-08-01,31,31,10,13,41,44,85
40401,CURAHUARA DE CARANGAS,desnutricion aguda,nutricion superior (ns),2007-08-01,9,5,3,1,12,6,18
21602,CURVA,desnutricion aguda,nutricion superior (ns),2007-08-01,8,4,5,3,13,7,20
40103,EL CHORO,desnutricion aguda,nutricion superior (ns),2007-08-01,2,3,1,1,3,4,7
71503,EL PUENTE(STC),desnutricion aguda,nutricion superior (ns),2007-08-01,28,11,4,3,32,14,46
60502,EL PUENTE(TJA),desnutricion aguda,nutricion superior (ns),2007-08-01,7,1,1,2,8,3,11
70105,EL TORNO,desnutricion aguda,nutricion superior (ns),2007-08-01,67,37,15,10,82,47,129
10405,EL VILLAR,desnutricion aguda,nutricion superior (ns),2007-08-01,7,2,2,1,9,3,12
60601,ENTRE RIOS,desnutricion aguda,nutricion superior (ns),2007-08-01,24,20,4,3,28,23,51
60601,ENTRE RIOS,desnutricion aguda,nutricion superior (ns),2007-08-01,22,18,6,7,28,25,53
41101,EUCALIPTUS,desnutricion aguda,nutricion superior (ns),2007-08-01,2,4,2,0,4,4,8
90503,EUREKA (SANTOS MERCADO),desnutricion aguda,nutricion superior (ns),2007-08-01,0,1,0,0,0,1,1
80402,EXALTACION,desnutricion aguda,nutricion superior (ns),2007-08-01,8,2,3,3,11,5,16
71004,FERNANDEZ ALONSO,desnutricion aguda,nutricion superior (ns),2007-08-01,16,11,3,2,19,13,32
90203,FILADELFIA,desnutricion aguda,nutricion superior (ns),2007-08-01,8,1,1,0,9,1,10
71002,GENERAL SAAVEDRA,desnutricion aguda,nutricion superior (ns),2007-08-01,39,34,16,12,55,46,101
80202,GUAYARAMERIN,desnutricion aguda,nutricion superior (ns),2007-08-01,113,91,13,8,126,99,225
70705,GUTIERREZ,desnutricion aguda,nutricion superior (ns),2007-08-01,32,38,12,10,44,48,92
10502,HUACARETA,desnutricion aguda,nutricion superior (ns),2007-08-01,24,12,4,9,28,21,49
11002,HUACAYA (VILLA DE HUACAYA),desnutricion aguda,nutricion superior (ns),2007-08-01,2,7,1,1,3,8,11
40701,HUANUNI,desnutricion aguda,nutricion superior (ns),2007-08-01,81,90,25,16,106,106,212
80803,HUARACAJE,desnutricion aguda,nutricion superior (ns),2007-08-01,11,6,4,0,15,6,21
41601,HUAYLLAMARCA,desnutricion aguda,nutricion superior (ns),2007-08-01,1,5,3,0,4,5,9
21005,ICHOCA,desnutricion aguda,nutricion superior (ns),2007-08-01,14,24,9,11,23,35,58
10304,ICLA,desnutricion aguda,nutricion superior (ns),2007-08-01,6,4,0,0,6,4,10
10703,INCAHUASI,desnutricion aguda,nutricion superior (ns),2007-08-01,21,23,3,3,24,26,50
90402,INGAVI (HUMAITA),desnutricion aguda,nutricion superior (ns),2007-08-01,4,2,0,0,4,2,6
21001,INQUISIVI,desnutricion aguda,nutricion superior (ns),2007-08-01,17,11,12,8,29,19,48
70104,LA GUARDIA,desnutricion aguda,nutricion superior (ns),2007-08-01,126,84,28,20,154,104,258
70701,LAGUNILLAS,desnutricion aguda,nutricion superior (ns),2007-08-01,30,18,13,9,43,27,70
10903,LAS CARRERAS,desnutricion aguda,nutricion superior (ns),2007-08-01,8,3,2,2,10,5,15
21006,LICOMA PAMPA,desnutricion aguda,nutricion superior (ns),2007-08-01,9,9,6,15,15,24,39
50203,LLALLAGUA,desnutricion aguda,nutricion superior (ns),2007-08-01,34,47,26,23,60,70,130
51401,LLICA,desnutricion aguda,nutricion superior (ns),2007-08-01,1,3,2,0,3,3,6
80601,LORETO,desnutricion aguda,nutricion superior (ns),2007-08-01,5,6,2,2,7,8,15
11003,MACHARETI,desnutricion aguda,nutricion superior (ns),2007-08-01,31,32,22,16,53,48,101
80801,MAGDALENA,desnutricion aguda,nutricion superior (ns),2007-08-01,10,8,2,1,12,9,21
70903,MAIRANA,desnutricion aguda,nutricion superior (ns),2007-08-01,24,14,2,2,26,16,42
20103,MECAPACA,desnutricion aguda,nutricion superior (ns),2007-08-01,4,2,3,0,7,2,9
71003,MINEROS,desnutricion aguda,nutricion superior (ns),2007-08-01,44,27,10,1,54,28,82
31301,MIZQUE,desnutricion aguda,nutricion superior (ns),2007-08-01,49,44,12,10,61,54,115
51002,MOJINETE,desnutricion aguda,nutricion superior (ns),2007-08-01,1,0,0,0,1,0,1
10303,MOJOCOYA,desnutricion aguda,nutricion superior (ns),2007-08-01,16,12,7,7,23,19,42
10501,MONTEAGUDO,desnutricion aguda,nutricion superior (ns),2007-08-01,57,67,25,11,82,78,160
71001,MONTERO,desnutricion aguda,nutricion superior (ns),2007-08-01,277,214,81,73,358,287,645
70803,MORO MORO,desnutricion aguda,nutricion superior (ns),2007-08-01,8,7,3,2,11,9,20
30302,MOROCHATA,desnutricion aguda,nutricion superior (ns),2007-08-01,8,10,3,1,11,11,22
90401,NACEBE (SANTA ROSA DEL ABUNA),desnutricion aguda,nutricion superior (ns),2007-08-01,1,1,0,0,1,1,2
90501,NUEVO MANOA (NUEVA ESPERANZA),desnutricion aguda,nutricion superior (ns),2007-08-01,2,0,0,0,2,0,2
50404,OCURI,desnutricion aguda,nutricion superior (ns),2007-08-01,1,4,7,2,8,6,14
70202,OKINAWA,desnutricion aguda,nutricion superior (ns),2007-08-01,6,5,0,2,6,7,13
30203,OMEREQUE,desnutricion aguda,nutricion superior (ns),2007-08-01,10,15,0,5,10,20,30
40101,ORURO,desnutricion aguda,nutricion superior (ns),2007-08-01,354,334,95,103,449,437,886
60201,PADCAYA,desnutricion aguda,nutricion superior (ns),2007-08-01,22,12,16,14,38,26,64
10401,PADILLA,desnutricion aguda,nutricion superior (ns),2007-08-01,8,21,7,4,15,25,40
70502,PAILON,desnutricion aguda,nutricion superior (ns),2007-08-01,38,33,14,10,52,43,95
20102,PALCA,desnutricion aguda,nutricion superior (ns),2007-08-01,4,4,3,1,7,5,12
40802,PAMPA AULLAGAS,desnutricion aguda,nutricion superior (ns),2007-08-01,0,5,4,2,4,7,11
70902,PAMPA GRANDE,desnutricion aguda,nutricion superior (ns),2007-08-01,11,8,2,0,13,8,21
30202,PASORAPA,desnutricion aguda,nutricion superior (ns),2007-08-01,1,4,2,2,3,6,9
40602,PAZÑA,desnutricion aguda,nutricion superior (ns),2007-08-01,1,3,0,0,1,3,4
50403,POCOATA,desnutricion aguda,nutricion superior (ns),2007-08-01,7,5,2,0,9,5,14
31203,POCONA,desnutricion aguda,nutricion superior (ns),2007-08-01,3,8,0,0,3,8,11
31202,POJO (CBBA),desnutricion aguda,nutricion superior (ns),2007-08-01,19,25,4,7,23,32,55
40601,POOPO,desnutricion aguda,nutricion superior (ns),2007-08-01,3,6,0,0,3,6,9
51203,PORCO,desnutricion aguda,nutricion superior (ns),2007-08-01,9,8,0,0,9,8,17
10103,POROMA,desnutricion aguda,nutricion superior (ns),2007-08-01,19,24,4,1,23,25,48
70103,PORONGO,desnutricion aguda,nutricion superior (ns),2007-08-01,4,4,2,4,6,8,14
70601,PORTACHUELO,desnutricion aguda,nutricion superior (ns),2007-08-01,76,66,21,24,97,90,187
90102,PORVENIR,desnutricion aguda,nutricion superior (ns),2007-08-01,10,7,0,2,10,9,19
70804,POSTRER VALLE,desnutricion aguda,nutricion superior (ns),2007-08-01,5,6,3,1,8,7,15
50101,POTOSI,desnutricion aguda,nutricion superior (ns),2007-08-01,113,79,3,15,116,94,210
10302,PRESTO,desnutricion aguda,nutricion superior (ns),2007-08-01,8,6,1,1,9,7,16
70805,PUCARA,desnutricion aguda,nutricion superior (ns),2007-08-01,2,2,4,1,6,3,9
90301,PUERTO GONZALO MORENO,desnutricion aguda,nutricion superior (ns),2007-08-01,3,3,0,0,3,3,6
71402,PUERTO QUIJARRO,desnutricion aguda,nutricion superior (ns),2007-08-01,36,36,3,4,39,40,79
90201,PUERTO RICO,desnutricion aguda,nutricion superior (ns),2007-08-01,22,14,1,3,23,17,40
80703,PUERTO SILES,desnutricion aguda,nutricion superior (ns),2007-08-01,1,2,1,1,2,3,5
71401,PUERTO SUAREZ,desnutricion aguda,nutricion superior (ns),2007-08-01,32,16,2,7,34,23,57
31205,PUERTO VILLARROEL,desnutricion aguda,nutricion superior (ns),2007-08-01,72,81,13,8,85,89,174
51101,PUNA,desnutricion aguda,nutricion superior (ns),2007-08-01,17,18,4,2,21,20,41
31401,PUNATA,desnutricion aguda,nutricion superior (ns),2007-08-01,12,13,3,1,15,14,29
30901,QUILLACOLLO,desnutricion aguda,nutricion superior (ns),2007-08-01,47,42,12,14,59,56,115
21002,QUIME,desnutricion aguda,nutricion superior (ns),2007-08-01,24,21,30,19,54,40,94
70904,QUIRUSILLAS,desnutricion aguda,nutricion superior (ns),2007-08-01,3,5,0,1,3,6,9
50402,RAVELO,desnutricion aguda,nutricion superior (ns),2007-08-01,10,12,2,5,12,17,29
80301,REYES,desnutricion aguda,nutricion superior (ns),2007-08-01,19,18,5,12,24,30,54
80201,RIBERALTA,desnutricion aguda,nutricion superior (ns),2007-08-01,106,47,16,10,122,57,179
70503,ROBORE,desnutricion aguda,nutricion superior (ns),2007-08-01,29,16,4,2,33,18,51
80304,RURRENABAQUE,desnutricion aguda,nutricion superior (ns),2007-08-01,7,2,0,2,7,4,11
40901,SABAYA,desnutricion aguda,nutricion superior (ns),2007-08-01,4,2,2,1,6,3,9
31001,SACABA,desnutricion aguda,nutricion superior (ns),2007-08-01,67,49,7,13,74,62,136
30404,SACABAMBA,desnutricion aguda,nutricion superior (ns),2007-08-01,1,0,0,0,1,0,1
50701,SACACA,desnutricion aguda,nutricion superior (ns),2007-08-01,8,9,1,0,9,9,18
71302,SAIPINA,desnutricion aguda,nutricion superior (ns),2007-08-01,47,34,20,28,67,62,129
40801,SALINAS DE GARCI MENDOZA,desnutricion aguda,nutricion superior (ns),2007-08-01,11,11,6,4,17,15,32
70901,SAMAIPATA,desnutricion aguda,nutricion superior (ns),2007-08-01,13,7,2,1,15,8,23
51601,SAN AGUSTIN,desnutricion aguda,nutricion superior (ns),2007-08-01,1,3,1,1,2,4,6
80602,SAN ANDRES,desnutricion aguda,nutricion superior (ns),2007-08-01,10,3,0,0,10,3,13
51003,SAN ANTONIO DE ESMORUCO,desnutricion aguda,nutricion superior (ns),2007-08-01,0,5,0,1,0,6,6
71105,SAN ANTONIO DE LOMERIO,desnutricion aguda,nutricion superior (ns),2007-08-01,11,12,1,3,12,15,27
31403,SAN BENITO,desnutricion aguda,nutricion superior (ns),2007-08-01,1,1,1,0,2,1,3
80302,SAN BORJA,desnutricion aguda,nutricion superior (ns),2007-08-01,72,57,17,26,89,83,172
70402,SAN CARLOS,desnutricion aguda,nutricion superior (ns),2007-08-01,31,19,9,6,40,25,65
80501,SAN IGNACIO,desnutricion aguda,nutricion superior (ns),2007-08-01,38,28,3,8,41,36,77
70301,SAN IGNACIO DE VELASCO,desnutricion aguda,nutricion superior (ns),2007-08-01,132,79,20,13,152,92,244
80102,SAN JAVIER(BNI),desnutricion aguda,nutricion superior (ns),2007-08-01,7,3,0,0,7,3,10
71102,SAN JAVIER(STC),desnutricion aguda,nutricion superior (ns),2007-08-01,11,10,1,0,12,10,22
80701,SAN JOAQUIN,desnutricion aguda,nutricion superior (ns),2007-08-01,16,21,6,6,22,27,49
70501,SAN JOSE DE CHIQUITOS,desnutricion aguda,nutricion superior (ns),2007-08-01,21,19,8,9,29,28,57
70404,SAN JUAN DE YAPACANI,desnutricion aguda,nutricion superior (ns),2007-08-01,32,27,8,25,40,52,92
71104,SAN JULIAN,desnutricion aguda,nutricion superior (ns),2007-08-01,24,24,11,14,35,38,73
90302,SAN LORENZO(PND),desnutricion aguda,nutricion superior (ns),2007-08-01,7,5,0,0,7,5,12
60501,SAN LORENZO(TJA),desnutricion aguda,nutricion superior (ns),2007-08-01,26,9,3,5,29,14,43
10702,SAN LUCAS,desnutricion aguda,nutricion superior (ns),2007-08-01,23,34,8,13,31,47,78
71201,SAN MATIAS,desnutricion aguda,nutricion superior (ns),2007-08-01,32,25,9,2,41,27,68
70302,SAN MIGUEL DE VELASCO,desnutricion aguda,nutricion superior (ns),2007-08-01,33,21,2,0,35,21,56
51001,SAN PABLO DE LIPEZ,desnutricion aguda,nutricion superior (ns),2007-08-01,5,0,0,0,5,0,5
71005,SAN PEDRO,desnutricion aguda,nutricion superior (ns),2007-08-01,58,66,11,5,69,71,140
50501,SAN PEDRO DE BUENA VISTA,desnutricion aguda,nutricion superior (ns),2007-08-01,28,21,7,3,35,24,59
50902,SAN PEDRO DE QUEMES,desnutricion aguda,nutricion superior (ns),2007-08-01,2,2,0,0,2,2,4
90202,SAN PEDRO(PND),desnutricion aguda,nutricion superior (ns),2007-08-01,5,4,1,0,6,4,10
70303,SAN RAFAEL,desnutricion aguda,nutricion superior (ns),2007-08-01,2,10,3,1,5,11,16
80702,SAN RAMON,desnutricion aguda,nutricion superior (ns),2007-08-01,26,10,8,1,34,11,45
80401,SANTA ANA,desnutricion aguda,nutricion superior (ns),2007-08-01,62,37,16,12,78,49,127
70101,SANTA CRUZ DE LA SIERRA,desnutricion aguda,nutricion superior (ns),2007-08-01,1107,824,328,312,1435,1136,2571
80303,SANTA ROSA,desnutricion aguda,nutricion superior (ns),2007-08-01,19,22,15,3,34,25,59
70602,SANTA ROSA DEL SARA,desnutricion aguda,nutricion superior (ns),2007-08-01,26,16,7,10,33,26,59
41401,SANTIAGO DE HUARI,desnutricion aguda,nutricion superior (ns),2007-08-01,4,4,3,4,7,8,15
30702,SANTIVAÑES,desnutricion aguda,nutricion superior (ns),2007-08-01,1,1,1,1,2,2,4
40202,SANTUARIO DE QUILLACAS,desnutricion aguda,nutricion superior (ns),2007-08-01,10,8,7,10,17,18,35
90303,SENA,desnutricion aguda,nutricion superior (ns),2007-08-01,7,6,0,0,7,6,13
30902,SIPE SIPE,desnutricion aguda,nutricion superior (ns),2007-08-01,56,28,11,8,67,36,103
10403,SOPACHUY,desnutricion aguda,nutricion superior (ns),2007-08-01,3,3,1,0,4,3,7
40104,SORACACHI,desnutricion aguda,nutricion superior (ns),2007-08-01,14,26,38,35,52,61,113
10101,SUCRE,desnutricion aguda,nutricion superior (ns),2007-08-01,194,174,51,44,245,218,463
31404,TACACHI,desnutricion aguda,nutricion superior (ns),2007-08-01,1,0,0,0,1,0,1
50303,TACOBAMBA,desnutricion aguda,nutricion superior (ns),2007-08-01,4,2,1,1,5,3,8
30602,TACOPAYA,desnutricion aguda,nutricion superior (ns),2007-08-01,1,5,1,0,2,5,7
51402,TAHUA,desnutricion aguda,nutricion superior (ns),2007-08-01,1,0,0,0,1,0,1
31101,TAPACARI,desnutricion aguda,nutricion superior (ns),2007-08-01,13,9,7,1,20,10,30
10601,TARABUCO,desnutricion aguda,nutricion superior (ns),2007-08-01,12,14,4,7,16,21,37
30401,TARATA,desnutricion aguda,nutricion superior (ns),2007-08-01,9,4,2,2,11,6,17
60101,TARIJA,desnutricion aguda,nutricion superior (ns),2007-08-01,293,221,59,60,352,281,633
10202,TARVITA,desnutricion aguda,nutricion superior (ns),2007-08-01,18,8,12,0,30,8,38
50102,TINGUIPAYA,desnutricion aguda,nutricion superior (ns),2007-08-01,8,7,1,2,9,9,18
30903,TIQUIPAYA,desnutricion aguda,nutricion superior (ns),2007-08-01,15,9,3,1,18,10,28
31601,TIRAQUE (CBBA),desnutricion aguda,nutricion superior (ns),2007-08-01,62,49,12,14,74,63,137
30802,TOCO,desnutricion aguda,nutricion superior (ns),2007-08-01,6,1,0,0,6,1,7
30803,TOLATA,desnutricion aguda,nutricion superior (ns),2007-08-01,7,0,0,0,7,0,7
41001,TOLEDO,desnutricion aguda,nutricion superior (ns),2007-08-01,2,2,0,0,2,2,4
51202,TOMAVE,desnutricion aguda,nutricion superior (ns),2007-08-01,3,2,0,3,3,5,8
10402,TOMINA,desnutricion aguda,nutricion superior (ns),2007-08-01,9,10,0,3,9,13,22
50502,TORO TORO,desnutricion aguda,nutricion superior (ns),2007-08-01,20,22,11,4,31,26,57
31201,TOTORA(CBBA),desnutricion aguda,nutricion superior (ns),2007-08-01,15,9,2,1,17,10,27
70802,TRIGAL,desnutricion aguda,nutricion superior (ns),2007-08-01,2,3,8,3,10,6,16
80101,TRINIDAD,desnutricion aguda,nutricion superior (ns),2007-08-01,204,143,56,47,260,190,450
50801,TUPIZA,desnutricion aguda,nutricion superior (ns),2007-08-01,65,28,14,6,79,34,113
40402,TURCO,desnutricion aguda,nutricion superior (ns),2007-08-01,4,10,6,3,10,13,23
50201,UNCIA,desnutricion aguda,nutricion superior (ns),2007-08-01,15,4,0,3,15,7,22
60401,URIONDO (A. CONCEPCION),desnutricion aguda,nutricion superior (ns),2007-08-01,28,17,2,7,30,24,54
71502,URUBICHA,desnutricion aguda,nutricion superior (ns),2007-08-01,7,8,2,0,9,8,17
51201,UYUNI,desnutricion aguda,nutricion superior (ns),2007-08-01,27,14,2,5,29,19,48
70801,VALLEGRANDE,desnutricion aguda,nutricion superior (ns),2007-08-01,17,6,8,6,25,12,37
20801,VIACHA,desnutricion aguda,nutricion superior (ns),2007-08-01,38,32,10,7,48,39,87
60303,VILLA MONTES,desnutricion aguda,nutricion superior (ns),2007-08-01,68,46,7,8,75,54,129
90502,VILLA NUEVA (LOMA ALTA),desnutricion aguda,nutricion superior (ns),2007-08-01,3,3,1,1,4,4,8
31402,VILLA RIVERO,desnutricion aguda,nutricion superior (ns),2007-08-01,3,8,0,0,3,8,11
10801,VILLA SERRANO,desnutricion aguda,nutricion superior (ns),2007-08-01,12,6,3,2,15,8,23
31003,VILLA TUNARI,desnutricion aguda,nutricion superior (ns),2007-08-01,133,89,53,36,186,125,311
11001,VILLA VACA GUZMAN (MUYUPAMPA),desnutricion aguda,nutricion superior (ns),2007-08-01,12,17,6,2,18,19,37
51501,VILLAZON,desnutricion aguda,nutricion superior (ns),2007-08-01,56,49,9,3,65,52,117
30904,VINTO,desnutricion aguda,nutricion superior (ns),2007-08-01,18,9,2,3,20,12,32
50602,VITICHI,desnutricion aguda,nutricion superior (ns),2007-08-01,20,12,4,6,24,18,42
70201,WARNES,desnutricion aguda,nutricion superior (ns),2007-08-01,139,86,19,12,158,98,256
60301,YACUIBA,desnutricion aguda,nutricion superior (ns),2007-08-01,151,103,23,13,174,116,290
10602,YAMPARAEZ,desnutricion aguda,nutricion superior (ns),2007-08-01,7,7,3,0,10,7,17
70403,YAPACANI,desnutricion aguda,nutricion superior (ns),2007-08-01,104,87,13,14,117,101,218
50103,YOCALLA,desnutricion aguda,nutricion superior (ns),2007-08-01,2,1,1,0,3,1,4
10102,YOTALA,desnutricion aguda,nutricion superior (ns),2007-08-01,20,14,11,11,31,25,56
60402,YUNCHARA,desnutricion aguda,nutricion superior (ns),2007-08-01,0,2,0,0,0,2,2
10301,ZUDAÑEZ,desnutricion aguda,nutricion superior (ns),2007-08-01,10,16,0,0,10,16,26
51302,ACACIO,desnutricion aguda,nutricion superior (ns),2007-09-01,3,3,0,1,3,4,7
30201,AIQUILE,desnutricion aguda,nutricion superior (ns),2007-09-01,18,7,3,2,21,9,30
31303,ALALAY,desnutricion aguda,nutricion superior (ns),2007-09-01,0,0,1,0,1,0,1
10404,ALCALA,desnutricion aguda,nutricion superior (ns),2007-09-01,3,4,2,1,5,5,10
41201,ANDAMARCA,desnutricion aguda,nutricion superior (ns),2007-09-01,1,0,3,3,4,3,7
40603,ANTEQUERA,desnutricion aguda,nutricion superior (ns),2007-09-01,7,2,0,0,7,2,9
30402,ANZALDO,desnutricion aguda,nutricion superior (ns),2007-09-01,1,2,0,0,1,2,3
51301,ARAMPAMPA,desnutricion aguda,nutricion superior (ns),2007-09-01,1,3,0,2,1,5,6
30501,ARANI,desnutricion aguda,nutricion superior (ns),2007-09-01,6,2,2,1,8,3,11
30403,ARBIETO,desnutricion aguda,nutricion superior (ns),2007-09-01,6,8,0,0,6,8,14
30601,ARQUE,desnutricion aguda,nutricion superior (ns),2007-09-01,5,2,0,0,5,2,7
50802,ATOCHA,desnutricion aguda,nutricion superior (ns),2007-09-01,3,4,5,4,8,8,16
30301,AYOPAYA (V. DE INDEPENDENCIA),desnutricion aguda,nutricion superior (ns),2007-09-01,16,13,3,5,19,18,37
10201,AZURDUY,desnutricion aguda,nutricion superior (ns),2007-09-01,4,4,3,1,7,5,12
80802,BAURES,desnutricion aguda,nutricion superior (ns),2007-09-01,11,5,2,2,13,7,20
41202,BELEN DE ANDAMARCA,desnutricion aguda,nutricion superior (ns),2007-09-01,0,1,0,0,0,1,1
50104,BELEN DE URMIRI,desnutricion aguda,nutricion superior (ns),2007-09-01,0,3,0,0,0,3,3
90104,BELLA FLOR,desnutricion aguda,nutricion superior (ns),2007-09-01,8,4,2,1,10,5,15
60202,BERMEJO,desnutricion aguda,nutricion superior (ns),2007-09-01,8,3,1,1,9,4,13
50301,BETANZOS,desnutricion aguda,nutricion superior (ns),2007-09-01,20,23,4,1,24,24,48
90103,BOLPEBRA,desnutricion aguda,nutricion superior (ns),2007-09-01,1,2,1,3,2,5,7
70707,BOYUIBE,desnutricion aguda,nutricion superior (ns),2007-09-01,6,3,0,2,6,5,11
70401,BUENA VISTA,desnutricion aguda,nutricion superior (ns),2007-09-01,10,11,0,2,10,13,23
70703,CABEZAS,desnutricion aguda,nutricion superior (ns),2007-09-01,29,20,14,12,43,32,75
51102,"CAIZA ""D""",desnutricion aguda,nutricion superior (ns),2007-09-01,15,7,1,0,16,7,23
21003,CAJUATA,desnutricion aguda,nutricion superior (ns),2007-09-01,23,16,15,10,38,26,64
10701,CAMARGO,desnutricion aguda,nutricion superior (ns),2007-09-01,23,14,1,3,24,17,41
10901,CAMATAQUI (C. VILLA ABECIA),desnutricion aguda,nutricion superior (ns),2007-09-01,2,5,0,0,2,5,7
70706,CAMIRI,desnutricion aguda,nutricion superior (ns),2007-09-01,84,84,27,16,111,100,211
30701,CAPINOTA,desnutricion aguda,nutricion superior (ns),2007-09-01,10,4,2,1,12,5,17
40102,CARACOLLO,desnutricion aguda,nutricion superior (ns),2007-09-01,8,8,2,1,10,9,19
60302,CARAPARI,desnutricion aguda,nutricion superior (ns),2007-09-01,22,13,6,9,28,22,50
50702,CARIPUYO,desnutricion aguda,nutricion superior (ns),2007-09-01,7,1,0,0,7,1,8
71403,CARMEN RIVERO TORREZ,desnutricion aguda,nutricion superior (ns),2007-09-01,10,16,6,1,16,17,33
40201,CHALLAPATA,desnutricion aguda,nutricion superior (ns),2007-09-01,22,18,10,6,32,24,56
50302,CHAQUI,desnutricion aguda,nutricion superior (ns),2007-09-01,10,3,4,4,14,7,21
70702,CHARAGUA,desnutricion aguda,nutricion superior (ns),2007-09-01,41,35,10,6,51,41,92
50202,CHAYANTA,desnutricion aguda,nutricion superior (ns),2007-09-01,15,10,2,1,17,11,28
31204,CHIMORE,desnutricion aguda,nutricion superior (ns),2007-09-01,8,5,0,2,8,7,15
40903,CHIPAYA,desnutricion aguda,nutricion superior (ns),2007-09-01,0,1,0,0,0,1,1
30801,CLIZA,desnutricion aguda,nutricion superior (ns),2007-09-01,1,0,0,0,1,0,1
90101,COBIJA,desnutricion aguda,nutricion superior (ns),2007-09-01,100,84,11,16,111,100,211
30101,COCHABAMBA,desnutricion aguda,nutricion superior (ns),2007-09-01,269,211,61,79,330,290,620
40902,COIPASA,desnutricion aguda,nutricion superior (ns),2007-09-01,0,2,0,0,0,2,2
30905,COLCAPIRHUA,desnutricion aguda,nutricion superior (ns),2007-09-01,8,6,5,4,13,10,23
50901,"COLCHA ""K""",desnutricion aguda,nutricion superior (ns),2007-09-01,7,7,0,2,7,9,16
31002,COLOMI,desnutricion aguda,nutricion superior (ns),2007-09-01,21,8,1,1,22,9,31
70603,COLPA BELGICA,desnutricion aguda,nutricion superior (ns),2007-09-01,11,3,3,0,14,3,17
50401,COLQUECHACA,desnutricion aguda,nutricion superior (ns),2007-09-01,1,0,0,0,1,0,1
21004,COLQUIRI,desnutricion aguda,nutricion superior (ns),2007-09-01,15,8,2,4,17,12,29
71301,COMARAPA,desnutricion aguda,nutricion superior (ns),2007-09-01,75,59,27,27,102,86,188
71101,CONCEPCION,desnutricion aguda,nutricion superior (ns),2007-09-01,5,1,0,0,5,1,6
40301,CORQUE,desnutricion aguda,nutricion superior (ns),2007-09-01,4,5,4,3,8,8,16
50601,COTAGAITA,desnutricion aguda,nutricion superior (ns),2007-09-01,15,11,12,5,27,16,43
70102,COTOCA,desnutricion aguda,nutricion superior (ns),2007-09-01,68,52,7,4,75,56,131
71106,CUATRO CAÑADAS,desnutricion aguda,nutricion superior (ns),2007-09-01,30,25,6,4,36,29,65
31405,CUCHUMUELA (V. G. VILLARROEL),desnutricion aguda,nutricion superior (ns),2007-09-01,0,2,0,0,0,2,2
70704,CUEVO,desnutricion aguda,nutricion superior (ns),2007-09-01,8,4,3,2,11,6,17
10902,CULPINA,desnutricion aguda,nutricion superior (ns),2007-09-01,13,12,4,3,17,15,32
40401,CURAHUARA DE CARANGAS,desnutricion aguda,nutricion superior (ns),2007-09-01,1,1,0,1,1,2,3
21602,CURVA,desnutricion aguda,nutricion superior (ns),2007-09-01,3,2,4,6,7,8,15
40103,EL CHORO,desnutricion aguda,nutricion superior (ns),2007-09-01,5,2,0,1,5,3,8
71503,EL PUENTE(STC),desnutricion aguda,nutricion superior (ns),2007-09-01,29,10,5,3,34,13,47
60502,EL PUENTE(TJA),desnutricion aguda,nutricion superior (ns),2007-09-01,4,3,1,2,5,5,10
70105,EL TORNO,desnutricion aguda,nutricion superior (ns),2007-09-01,49,29,8,1,57,30,87
10405,EL VILLAR,desnutricion aguda,nutricion superior (ns),2007-09-01,9,2,3,2,12,4,16
60601,ENTRE RIOS,desnutricion aguda,nutricion superior (ns),2007-09-01,25,18,4,1,29,19,48
60601,ENTRE RIOS,desnutricion aguda,nutricion superior (ns),2007-09-01,27,35,12,6,39,41,80
41101,EUCALIPTUS,desnutricion aguda,nutricion superior (ns),2007-09-01,3,5,1,4,4,9,13
90503,EUREKA (SANTOS MERCADO),desnutricion aguda,nutricion superior (ns),2007-09-01,1,0,0,2,1,2,3
80402,EXALTACION,desnutricion aguda,nutricion superior (ns),2007-09-01,2,1,1,3,3,4,7
71004,FERNANDEZ ALONSO,desnutricion aguda,nutricion superior (ns),2007-09-01,21,20,5,3,26,23,49
90203,FILADELFIA,desnutricion aguda,nutricion superior (ns),2007-09-01,2,0,0,0,2,0,2
71002,GENERAL SAAVEDRA,desnutricion aguda,nutricion superior (ns),2007-09-01,28,22,12,4,40,26,66
80202,GUAYARAMERIN,desnutricion aguda,nutricion superior (ns),2007-09-01,103,86,12,15,115,101,216
70705,GUTIERREZ,desnutricion aguda,nutricion superior (ns),2007-09-01,28,15,9,6,37,21,58
10502,HUACARETA,desnutricion aguda,nutricion superior (ns),2007-09-01,23,8,5,2,28,10,38
11002,HUACAYA (VILLA DE HUACAYA),desnutricion aguda,nutricion superior (ns),2007-09-01,6,8,3,5,9,13,22
40701,HUANUNI,desnutricion aguda,nutricion superior (ns),2007-09-01,41,51,19,6,60,57,117
80803,HUARACAJE,desnutricion aguda,nutricion superior (ns),2007-09-01,9,5,2,1,11,6,17
41601,HUAYLLAMARCA,desnutricion aguda,nutricion superior (ns),2007-09-01,2,1,1,1,3,2,5
21005,ICHOCA,desnutricion aguda,nutricion superior (ns),2007-09-01,7,2,3,4,10,6,16
10304,ICLA,desnutricion aguda,nutricion superior (ns),2007-09-01,5,5,1,1,6,6,12
10703,INCAHUASI,desnutricion aguda,nutricion superior (ns),2007-09-01,19,25,2,2,21,27,48
90402,INGAVI (HUMAITA),desnutricion aguda,nutricion superior (ns),2007-09-01,2,1,0,0,2,1,3
21001,INQUISIVI,desnutricion aguda,nutricion superior (ns),2007-09-01,23,27,33,29,56,56,112
70104,LA GUARDIA,desnutricion aguda,nutricion superior (ns),2007-09-01,83,74,18,16,101,90,191
70701,LAGUNILLAS,desnutricion aguda,nutricion superior (ns),2007-09-01,25,20,17,20,42,40,82
10903,LAS CARRERAS,desnutricion aguda,nutricion superior (ns),2007-09-01,7,3,3,1,10,4,14
21006,LICOMA PAMPA,desnutricion aguda,nutricion superior (ns),2007-09-01,3,8,4,9,7,17,24
50203,LLALLAGUA,desnutricion aguda,nutricion superior (ns),2007-09-01,16,21,20,20,36,41,77
51401,LLICA,desnutricion aguda,nutricion superior (ns),2007-09-01,2,0,1,0,3,0,3
80601,LORETO,desnutricion aguda,nutricion superior (ns),2007-09-01,2,3,2,0,4,3,7
40702,MACHACAMARCA,desnutricion aguda,nutricion superior (ns),2007-09-01,2,3,1,0,3,3,6
11003,MACHARETI,desnutricion aguda,nutricion superior (ns),2007-09-01,29,28,20,19,49,47,96
80801,MAGDALENA,desnutricion aguda,nutricion superior (ns),2007-09-01,14,15,6,0,20,15,35
70903,MAIRANA,desnutricion aguda,nutricion superior (ns),2007-09-01,14,12,1,3,15,15,30
20103,MECAPACA,desnutricion aguda,nutricion superior (ns),2007-09-01,10,7,3,1,13,8,21
71003,MINEROS,desnutricion aguda,nutricion superior (ns),2007-09-01,17,13,2,3,19,16,35
31301,MIZQUE,desnutricion aguda,nutricion superior (ns),2007-09-01,75,21,7,1,82,22,104
51002,MOJINETE,desnutricion aguda,nutricion superior (ns),2007-09-01,1,0,0,0,1,0,1
10303,MOJOCOYA,desnutricion aguda,nutricion superior (ns),2007-09-01,2,2,0,0,2,2,4
10501,MONTEAGUDO,desnutricion aguda,nutricion superior (ns),2007-09-01,59,54,16,8,75,62,137
71001,MONTERO,desnutricion aguda,nutricion superior (ns),2007-09-01,226,152,64,56,290,208,498
70803,MORO MORO,desnutricion aguda,nutricion superior (ns),2007-09-01,7,3,0,1,7,4,11
30302,MOROCHATA,desnutricion aguda,nutricion superior (ns),2007-09-01,5,4,0,1,5,5,10
90401,NACEBE (SANTA ROSA DEL ABUNA),desnutricion aguda,nutricion superior (ns),2007-09-01,1,0,0,0,1,0,1
90501,NUEVO MANOA (NUEVA ESPERANZA),desnutricion aguda,nutricion superior (ns),2007-09-01,0,5,1,1,1,6,7
50404,OCURI,desnutricion aguda,nutricion superior (ns),2007-09-01,8,8,0,0,8,8,16
70202,OKINAWA,desnutricion aguda,nutricion superior (ns),2007-09-01,12,2,1,2,13,4,17
30203,OMEREQUE,desnutricion aguda,nutricion superior (ns),2007-09-01,12,9,3,1,15,10,25
40101,ORURO,desnutricion aguda,nutricion superior (ns),2007-09-01,258,227,57,64,315,291,606
60201,PADCAYA,desnutricion aguda,nutricion superior (ns),2007-09-01,12,7,4,5,16,12,28
10401,PADILLA,desnutricion aguda,nutricion superior (ns),2007-09-01,11,19,4,5,15,24,39
70502,PAILON,desnutricion aguda,nutricion superior (ns),2007-09-01,31,14,10,8,41,22,63
20102,PALCA,desnutricion aguda,nutricion superior (ns),2007-09-01,15,14,2,1,17,15,32
40802,PAMPA AULLAGAS,desnutricion aguda,nutricion superior (ns),2007-09-01,4,3,3,4,7,7,14
70902,PAMPA GRANDE,desnutricion aguda,nutricion superior (ns),2007-09-01,6,2,1,0,7,2,9
30202,PASORAPA,desnutricion aguda,nutricion superior (ns),2007-09-01,2,2,1,3,3,5,8
40602,PAZÑA,desnutricion aguda,nutricion superior (ns),2007-09-01,2,1,0,1,2,2,4
50403,POCOATA,desnutricion aguda,nutricion superior (ns),2007-09-01,4,3,1,0,5,3,8
31203,POCONA,desnutricion aguda,nutricion superior (ns),2007-09-01,8,8,1,0,9,8,17
31202,POJO (CBBA),desnutricion aguda,nutricion superior (ns),2007-09-01,32,19,3,2,35,21,56
40601,POOPO,desnutricion aguda,nutricion superior (ns),2007-09-01,1,1,1,0,2,1,3
51203,PORCO,desnutricion aguda,nutricion superior (ns),2007-09-01,17,13,0,0,17,13,30
10103,POROMA,desnutricion aguda,nutricion superior (ns),2007-09-01,23,22,2,2,25,24,49
70103,PORONGO,desnutricion aguda,nutricion superior (ns),2007-09-01,8,8,3,0,11,8,19
70601,PORTACHUELO,desnutricion aguda,nutricion superior (ns),2007-09-01,67,40,27,10,94,50,144
90102,PORVENIR,desnutricion aguda,nutricion superior (ns),2007-09-01,3,2,0,1,3,3,6
70804,POSTRER VALLE,desnutricion aguda,nutricion superior (ns),2007-09-01,4,3,1,0,5,3,8
50101,POTOSI,desnutricion aguda,nutricion superior (ns),2007-09-01,107,80,11,16,118,96,214
10302,PRESTO,desnutricion aguda,nutricion superior (ns),2007-09-01,5,6,1,1,6,7,13
70805,PUCARA,desnutricion aguda,nutricion superior (ns),2007-09-01,3,2,2,0,5,2,7
90301,PUERTO GONZALO MORENO,desnutricion aguda,nutricion superior (ns),2007-09-01,1,2,3,1,4,3,7
71402,PUERTO QUIJARRO,desnutricion aguda,nutricion superior (ns),2007-09-01,33,42,6,6,39,48,87
90201,PUERTO RICO,desnutricion aguda,nutricion superior (ns),2007-09-01,6,16,3,1,9,17,26
80703,PUERTO SILES,desnutricion aguda,nutricion superior (ns),2007-09-01,17,13,4,1,21,14,35
71401,PUERTO SUAREZ,desnutricion aguda,nutricion superior (ns),2007-09-01,23,13,0,5,23,18,41
31205,PUERTO VILLARROEL,desnutricion aguda,nutricion superior (ns),2007-09-01,102,95,16,19,118,114,232
51101,PUNA,desnutricion aguda,nutricion superior (ns),2007-09-01,15,9,1,1,16,10,26
31401,PUNATA,desnutricion aguda,nutricion superior (ns),2007-09-01,12,7,1,3,13,10,23
30901,QUILLACOLLO,desnutricion aguda,nutricion superior (ns),2007-09-01,29,27,5,8,34,35,69
21002,QUIME,desnutricion aguda,nutricion superior (ns),2007-09-01,38,42,23,29,61,71,132
70904,QUIRUSILLAS,desnutricion aguda,nutricion superior (ns),2007-09-01,5,3,3,0,8,3,11
50402,RAVELO,desnutricion aguda,nutricion superior (ns),2007-09-01,7,1,9,7,16,8,24
80301,REYES,desnutricion aguda,nutricion superior (ns),2007-09-01,12,13,2,4,14,17,31
80201,RIBERALTA,desnutricion aguda,nutricion superior (ns),2007-09-01,81,22,6,3,87,25,112
70503,ROBORE,desnutricion aguda,nutricion superior (ns),2007-09-01,28,15,8,4,36,19,55
80304,RURRENABAQUE,desnutricion aguda,nutricion superior (ns),2007-09-01,13,5,1,1,14,6,20
40901,SABAYA,desnutricion aguda,nutricion superior (ns),2007-09-01,2,0,1,0,3,0,3
31001,SACABA,desnutricion aguda,nutricion superior (ns),2007-09-01,62,33,8,5,70,38,108
50701,SACACA,desnutricion aguda,nutricion superior (ns),2007-09-01,7,4,0,1,7,5,12
71302,SAIPINA,desnutricion aguda,nutricion superior (ns),2007-09-01,50,37,28,17,78,54,132
40801,SALINAS DE GARCI MENDOZA,desnutricion aguda,nutricion superior (ns),2007-09-01,9,8,4,1,13,9,22
70901,SAMAIPATA,desnutricion aguda,nutricion superior (ns),2007-09-01,12,9,4,1,16,10,26
51601,SAN AGUSTIN,desnutricion aguda,nutricion superior (ns),2007-09-01,1,3,1,2,2,5,7
80602,SAN ANDRES,desnutricion aguda,nutricion superior (ns),2007-09-01,38,8,0,1,38,9,47
51003,SAN ANTONIO DE ESMORUCO,desnutricion aguda,nutricion superior (ns),2007-09-01,3,1,0,0,3,1,4
71105,SAN ANTONIO DE LOMERIO,desnutricion aguda,nutricion superior (ns),2007-09-01,2,1,0,1,2,2,4
31403,SAN BENITO,desnutricion aguda,nutricion superior (ns),2007-09-01,3,2,1,3,4,5,9
80302,SAN BORJA,desnutricion aguda,nutricion superior (ns),2007-09-01,57,56,17,14,74,70,144
70402,SAN CARLOS,desnutricion aguda,nutricion superior (ns),2007-09-01,5,9,1,0,6,9,15
80501,SAN IGNACIO,desnutricion aguda,nutricion superior (ns),2007-09-01,23,12,3,1,26,13,39
70301,SAN IGNACIO DE VELASCO,desnutricion aguda,nutricion superior (ns),2007-09-01,96,39,15,18,111,57,168
80102,SAN JAVIER(BNI),desnutricion aguda,nutricion superior (ns),2007-09-01,2,1,1,0,3,1,4
71102,SAN JAVIER(STC),desnutricion aguda,nutricion superior (ns),2007-09-01,3,6,0,0,3,6,9
80701,SAN JOAQUIN,desnutricion aguda,nutricion superior (ns),2007-09-01,32,22,4,3,36,25,61
70501,SAN JOSE DE CHIQUITOS,desnutricion aguda,nutricion superior (ns),2007-09-01,16,14,10,8,26,22,48
71104,SAN JULIAN,desnutricion aguda,nutricion superior (ns),2007-09-01,13,11,2,1,15,12,27
90302,SAN LORENZO(PND),desnutricion aguda,nutricion superior (ns),2007-09-01,1,0,0,0,1,0,1
60501,SAN LORENZO(TJA),desnutricion aguda,nutricion superior (ns),2007-09-01,12,12,5,3,17,15,32
10702,SAN LUCAS,desnutricion aguda,nutricion superior (ns),2007-09-01,26,35,17,11,43,46,89
71201,SAN MATIAS,desnutricion aguda,nutricion superior (ns),2007-09-01,21,11,6,4,27,15,42
70302,SAN MIGUEL DE VELASCO,desnutricion aguda,nutricion superior (ns),2007-09-01,20,18,1,2,21,20,41
71005,SAN PEDRO,desnutricion aguda,nutricion superior (ns),2007-09-01,46,41,14,6,60,47,107
50501,SAN PEDRO DE BUENA VISTA,desnutricion aguda,nutricion superior (ns),2007-09-01,28,29,4,2,32,31,63
50902,SAN PEDRO DE QUEMES,desnutricion aguda,nutricion superior (ns),2007-09-01,1,1,2,0,3,1,4
90202,SAN PEDRO(PND),desnutricion aguda,nutricion superior (ns),2007-09-01,1,3,0,0,1,3,4
70303,SAN RAFAEL,desnutricion aguda,nutricion superior (ns),2007-09-01,8,3,0,0,8,3,11
80401,SANTA ANA,desnutricion aguda,nutricion superior (ns),2007-09-01,24,13,4,2,28,15,43
70101,SANTA CRUZ DE LA SIERRA,desnutricion aguda,nutricion superior (ns),2007-09-01,1010,765,274,259,1284,1024,2308
80303,SANTA ROSA,desnutricion aguda,nutricion superior (ns),2007-09-01,44,20,6,6,50,26,76
70602,SANTA ROSA DEL SARA,desnutricion aguda,nutricion superior (ns),2007-09-01,15,12,6,6,21,18,39
41401,SANTIAGO DE HUARI,desnutricion aguda,nutricion superior (ns),2007-09-01,4,3,2,2,6,5,11
30702,SANTIVAÑES,desnutricion aguda,nutricion superior (ns),2007-09-01,1,2,0,1,1,3,4
40202,SANTUARIO DE QUILLACAS,desnutricion aguda,nutricion superior (ns),2007-09-01,0,4,2,1,2,5,7
90303,SENA,desnutricion aguda,nutricion superior (ns),2007-09-01,7,5,3,2,10,7,17
30902,SIPE SIPE,desnutricion aguda,nutricion superior (ns),2007-09-01,36,20,3,1,39,21,60
10403,SOPACHUY,desnutricion aguda,nutricion superior (ns),2007-09-01,5,5,1,1,6,6,12
40104,SORACACHI,desnutricion aguda,nutricion superior (ns),2007-09-01,5,7,7,8,12,15,27
10101,SUCRE,desnutricion aguda,nutricion superior (ns),2007-09-01,197,175,64,52,261,227,488
31404,TACACHI,desnutricion aguda,nutricion superior (ns),2007-09-01,1,1,0,0,1,1,2
50303,TACOBAMBA,desnutricion aguda,nutricion superior (ns),2007-09-01,4,2,1,0,5,2,7
30602,TACOPAYA,desnutricion aguda,nutricion superior (ns),2007-09-01,0,2,0,0,0,2,2
51402,TAHUA,desnutricion aguda,nutricion superior (ns),2007-09-01,3,1,0,0,3,1,4
31101,TAPACARI,desnutricion aguda,nutricion superior (ns),2007-09-01,12,3,1,0,13,3,16
10601,TARABUCO,desnutricion aguda,nutricion superior (ns),2007-09-01,10,10,6,3,16,13,29
30401,TARATA,desnutricion aguda,nutricion superior (ns),2007-09-01,10,5,1,0,11,5,16
60101,TARIJA,desnutricion aguda,nutricion superior (ns),2007-09-01,288,245,94,63,382,308,690
10202,TARVITA,desnutricion aguda,nutricion superior (ns),2007-09-01,13,9,0,1,13,10,23
50102,TINGUIPAYA,desnutricion aguda,nutricion superior (ns),2007-09-01,2,3,0,1,2,4,6
30903,TIQUIPAYA,desnutricion aguda,nutricion superior (ns),2007-09-01,13,11,1,1,14,12,26
31601,TIRAQUE (CBBA),desnutricion aguda,nutricion superior (ns),2007-09-01,101,62,13,18,114,80,194
30802,TOCO,desnutricion aguda,nutricion superior (ns),2007-09-01,4,1,0,2,4,3,7
30803,TOLATA,desnutricion aguda,nutricion superior (ns),2007-09-01,2,1,0,0,2,1,3
51202,TOMAVE,desnutricion aguda,nutricion superior (ns),2007-09-01,5,7,1,0,6,7,13
10402,TOMINA,desnutricion aguda,nutricion superior (ns),2007-09-01,12,14,1,3,13,17,30
50502,TORO TORO,desnutricion aguda,nutricion superior (ns),2007-09-01,11,23,9,11,20,34,54
31201,TOTORA(CBBA),desnutricion aguda,nutricion superior (ns),2007-09-01,10,9,1,0,11,9,20
41301,TOTORA(ORR),desnutricion aguda,nutricion superior (ns),2007-09-01,1,0,1,0,2,0,2
70802,TRIGAL,desnutricion aguda,nutricion superior (ns),2007-09-01,4,4,3,3,7,7,14
80101,TRINIDAD,desnutricion aguda,nutricion superior (ns),2007-09-01,145,125,39,55,184,180,364
50801,TUPIZA,desnutricion aguda,nutricion superior (ns),2007-09-01,40,25,12,9,52,34,86
40402,TURCO,desnutricion aguda,nutricion superior (ns),2007-09-01,8,5,2,3,10,8,18
50201,UNCIA,desnutricion aguda,nutricion superior (ns),2007-09-01,9,5,1,0,10,5,15
60401,URIONDO (A. CONCEPCION),desnutricion aguda,nutricion superior (ns),2007-09-01,23,11,2,5,25,16,41
51201,UYUNI,desnutricion aguda,nutricion superior (ns),2007-09-01,29,12,4,3,33,15,48
30502,VACAS,desnutricion aguda,nutricion superior (ns),2007-09-01,2,2,0,0,2,2,4
70801,VALLEGRANDE,desnutricion aguda,nutricion superior (ns),2007-09-01,12,4,3,2,15,6,21
20801,VIACHA,desnutricion aguda,nutricion superior (ns),2007-09-01,36,32,11,4,47,36,83
60303,VILLA MONTES,desnutricion aguda,nutricion superior (ns),2007-09-01,108,91,11,14,119,105,224
90502,VILLA NUEVA (LOMA ALTA),desnutricion aguda,nutricion superior (ns),2007-09-01,7,4,2,2,9,6,15
31402,VILLA RIVERO,desnutricion aguda,nutricion superior (ns),2007-09-01,2,5,2,2,4,7,11
10801,VILLA SERRANO,desnutricion aguda,nutricion superior (ns),2007-09-01,10,12,7,2,17,14,31
31003,VILLA TUNARI,desnutricion aguda,nutricion superior (ns),2007-09-01,203,65,47,32,250,97,347
11001,VILLA VACA GUZMAN (MUYUPAMPA),desnutricion aguda,nutricion superior (ns),2007-09-01,15,11,0,3,15,14,29
51501,VILLAZON,desnutricion aguda,nutricion superior (ns),2007-09-01,33,40,3,6,36,46,82
30904,VINTO,desnutricion aguda,nutricion superior (ns),2007-09-01,17,2,0,0,17,2,19
50602,VITICHI,desnutricion aguda,nutricion superior (ns),2007-09-01,8,4,0,3,8,7,15
70201,WARNES,desnutricion aguda,nutricion superior (ns),2007-09-01,110,76,19,15,129,91,220
60301,YACUIBA,desnutricion aguda,nutricion superior (ns),2007-09-01,120,91,13,8,133,99,232
10602,YAMPARAEZ,desnutricion aguda,nutricion superior (ns),2007-09-01,8,12,4,4,12,16,28
70403,YAPACANI,desnutricion aguda,nutricion superior (ns),2007-09-01,53,28,4,5,57,33,90
50103,YOCALLA,desnutricion aguda,nutricion superior (ns),2007-09-01,10,3,1,0,11,3,14
10102,YOTALA,desnutricion aguda,nutricion superior (ns),2007-09-01,17,26,17,14,34,40,74
60402,YUNCHARA,desnutricion aguda,nutricion superior (ns),2007-09-01,0,1,1,0,1,1,2
10301,ZUDAÑEZ,desnutricion aguda,nutricion superior (ns),2007-09-01,8,11,11,1,19,12,31
51302,ACACIO,desnutricion aguda,nutricion superior (ns),2007-10-01,15,7,9,5,24,12,36
20104,ACHOCALLA,desnutricion aguda,nutricion superior (ns),2007-10-01,1,2,0,0,1,2,3
30201,AIQUILE,desnutricion aguda,nutricion superior (ns),2007-10-01,16,13,9,2,25,15,40
10404,ALCALA,desnutricion aguda,nutricion superior (ns),2007-10-01,3,8,2,1,5,9,14
41201,ANDAMARCA,desnutricion aguda,nutricion superior (ns),2007-10-01,6,3,9,8,15,11,26
40603,ANTEQUERA,desnutricion aguda,nutricion superior (ns),2007-10-01,5,2,1,0,6,2,8
51301,ARAMPAMPA,desnutricion aguda,nutricion superior (ns),2007-10-01,3,3,0,0,3,3,6
30501,ARANI,desnutricion aguda,nutricion superior (ns),2007-10-01,0,1,0,0,0,1,1
30403,ARBIETO,desnutricion aguda,nutricion superior (ns),2007-10-01,2,3,0,3,2,6,8
30601,ARQUE,desnutricion aguda,nutricion superior (ns),2007-10-01,5,4,1,1,6,5,11
71501,ASCENCION DE GUARAYOS,desnutricion aguda,nutricion superior (ns),2007-10-01,29,23,11,3,40,26,66
50802,ATOCHA,desnutricion aguda,nutricion superior (ns),2007-10-01,9,6,5,5,14,11,25
30301,AYOPAYA (V. DE INDEPENDENCIA),desnutricion aguda,nutricion superior (ns),2007-10-01,26,13,4,1,30,14,44
10201,AZURDUY,desnutricion aguda,nutricion superior (ns),2007-10-01,9,4,3,1,12,5,17
80802,BAURES,desnutricion aguda,nutricion superior (ns),2007-10-01,10,5,2,4,12,9,21
41202,BELEN DE ANDAMARCA,desnutricion aguda,nutricion superior (ns),2007-10-01,1,0,0,0,1,0,1
50104,BELEN DE URMIRI,desnutricion aguda,nutricion superior (ns),2007-10-01,1,1,0,0,1,1,2
90104,BELLA FLOR,desnutricion aguda,nutricion superior (ns),2007-10-01,4,3,0,2,4,5,9
60202,BERMEJO,desnutricion aguda,nutricion superior (ns),2007-10-01,6,9,0,1,6,10,16
50301,BETANZOS,desnutricion aguda,nutricion superior (ns),2007-10-01,21,15,7,4,28,19,47
90103,BOLPEBRA,desnutricion aguda,nutricion superior (ns),2007-10-01,1,2,0,2,1,4,5
70707,BOYUIBE,desnutricion aguda,nutricion superior (ns),2007-10-01,4,6,2,1,6,7,13
70401,BUENA VISTA,desnutricion aguda,nutricion superior (ns),2007-10-01,9,8,2,0,11,8,19
70703,CABEZAS,desnutricion aguda,nutricion superior (ns),2007-10-01,25,13,15,9,40,22,62
51102,"CAIZA ""D""",desnutricion aguda,nutricion superior (ns),2007-10-01,12,3,1,1,13,4,17
21003,CAJUATA,desnutricion aguda,nutricion superior (ns),2007-10-01,32,31,37,26,69,57,126
10701,CAMARGO,desnutricion aguda,nutricion superior (ns),2007-10-01,28,21,5,5,33,26,59
10901,CAMATAQUI (C. VILLA ABECIA),desnutricion aguda,nutricion superior (ns),2007-10-01,2,6,0,2,2,8,10
70706,CAMIRI,desnutricion aguda,nutricion superior (ns),2007-10-01,95,74,41,37,136,111,247
30701,CAPINOTA,desnutricion aguda,nutricion superior (ns),2007-10-01,12,8,3,1,15,9,24
40102,CARACOLLO,desnutricion aguda,nutricion superior (ns),2007-10-01,15,16,1,3,16,19,35
60302,CARAPARI,desnutricion aguda,nutricion superior (ns),2007-10-01,25,22,8,5,33,27,60
50702,CARIPUYO,desnutricion aguda,nutricion superior (ns),2007-10-01,3,4,0,0,3,4,7
71403,CARMEN RIVERO TORREZ,desnutricion aguda,nutricion superior (ns),2007-10-01,13,14,5,1,18,15,33
40201,CHALLAPATA,desnutricion aguda,nutricion superior (ns),2007-10-01,18,33,7,12,25,45,70
50302,CHAQUI,desnutricion aguda,nutricion superior (ns),2007-10-01,5,0,0,0,5,0,5
70702,CHARAGUA,desnutricion aguda,nutricion superior (ns),2007-10-01,28,32,12,4,40,36,76
50202,CHAYANTA,desnutricion aguda,nutricion superior (ns),2007-10-01,8,5,0,0,8,5,13
31204,CHIMORE,desnutricion aguda,nutricion superior (ns),2007-10-01,15,8,3,1,18,9,27
40903,CHIPAYA,desnutricion aguda,nutricion superior (ns),2007-10-01,3,5,4,0,7,5,12
30801,CLIZA,desnutricion aguda,nutricion superior (ns),2007-10-01,0,2,1,0,1,2,3
90101,COBIJA,desnutricion aguda,nutricion superior (ns),2007-10-01,83,81,15,6,98,87,185
30101,COCHABAMBA,desnutricion aguda,nutricion superior (ns),2007-10-01,315,243,70,87,385,330,715
40902,COIPASA,desnutricion aguda,nutricion superior (ns),2007-10-01,0,1,1,0,1,1,2
30905,COLCAPIRHUA,desnutricion aguda,nutricion superior (ns),2007-10-01,16,16,0,3,16,19,35
50901,"COLCHA ""K""",desnutricion aguda,nutricion superior (ns),2007-10-01,7,2,5,2,12,4,16
31002,COLOMI,desnutricion aguda,nutricion superior (ns),2007-10-01,24,11,3,1,27,12,39
70603,COLPA BELGICA,desnutricion aguda,nutricion superior (ns),2007-10-01,9,3,6,4,15,7,22
50401,COLQUECHACA,desnutricion aguda,nutricion superior (ns),2007-10-01,8,7,3,1,11,8,19
21004,COLQUIRI,desnutricion aguda,nutricion superior (ns),2007-10-01,3,2,2,5,5,7,12
71301,COMARAPA,desnutricion aguda,nutricion superior (ns),2007-10-01,76,65,25,29,101,94,195
71101,CONCEPCION,desnutricion aguda,nutricion superior (ns),2007-10-01,14,10,4,4,18,14,32
40301,CORQUE,desnutricion aguda,nutricion superior (ns),2007-10-01,0,0,1,0,1,0,1
50601,COTAGAITA,desnutricion aguda,nutricion superior (ns),2007-10-01,9,16,7,5,16,21,37
70102,COTOCA,desnutricion aguda,nutricion superior (ns),2007-10-01,59,31,6,2,65,33,98
71106,CUATRO CAÑADAS,desnutricion aguda,nutricion superior (ns),2007-10-01,32,20,8,6,40,26,66
31405,CUCHUMUELA (V. G. VILLARROEL),desnutricion aguda,nutricion superior (ns),2007-10-01,1,0,0,0,1,0,1
70704,CUEVO,desnutricion aguda,nutricion superior (ns),2007-10-01,3,5,2,1,5,6,11
10902,CULPINA,desnutricion aguda,nutricion superior (ns),2007-10-01,23,22,5,5,28,27,55
40401,CURAHUARA DE CARANGAS,desnutricion aguda,nutricion superior (ns),2007-10-01,17,5,3,2,20,7,27
40103,EL CHORO,desnutricion aguda,nutricion superior (ns),2007-10-01,4,4,1,0,5,4,9
71503,EL PUENTE(STC),desnutricion aguda,nutricion superior (ns),2007-10-01,3,2,0,0,3,2,5
60502,EL PUENTE(TJA),desnutricion aguda,nutricion superior (ns),2007-10-01,4,3,1,0,5,3,8
70105,EL TORNO,desnutricion aguda,nutricion superior (ns),2007-10-01,40,39,11,17,51,56,107
10405,EL VILLAR,desnutricion aguda,nutricion superior (ns),2007-10-01,2,1,0,0,2,1,3
60601,ENTRE RIOS,desnutricion aguda,nutricion superior (ns),2007-10-01,17,20,8,4,25,24,49
60601,ENTRE RIOS,desnutricion aguda,nutricion superior (ns),2007-10-01,22,30,4,4,26,34,60
41101,EUCALIPTUS,desnutricion aguda,nutricion superior (ns),2007-10-01,1,1,2,3,3,4,7
80402,EXALTACION,desnutricion aguda,nutricion superior (ns),2007-10-01,20,17,3,6,23,23,46
71004,FERNANDEZ ALONSO,desnutricion aguda,nutricion superior (ns),2007-10-01,25,12,2,3,27,15,42
90203,FILADELFIA,desnutricion aguda,nutricion superior (ns),2007-10-01,5,1,1,0,6,1,7
71002,GENERAL SAAVEDRA,desnutricion aguda,nutricion superior (ns),2007-10-01,18,14,5,5,23,19,42
80202,GUAYARAMERIN,desnutricion aguda,nutricion superior (ns),2007-10-01,147,83,11,12,158,95,253
70705,GUTIERREZ,desnutricion aguda,nutricion superior (ns),2007-10-01,24,11,7,4,31,15,46
10502,HUACARETA,desnutricion aguda,nutricion superior (ns),2007-10-01,26,6,10,4,36,10,46
11002,HUACAYA (VILLA DE HUACAYA),desnutricion aguda,nutricion superior (ns),2007-10-01,5,9,0,4,5,13,18
40501,HUACHACALLA,desnutricion aguda,nutricion superior (ns),2007-10-01,1,2,1,0,2,2,4
40701,HUANUNI,desnutricion aguda,nutricion superior (ns),2007-10-01,49,44,11,15,60,59,119
80803,HUARACAJE,desnutricion aguda,nutricion superior (ns),2007-10-01,6,3,2,0,8,3,11
41601,HUAYLLAMARCA,desnutricion aguda,nutricion superior (ns),2007-10-01,3,2,1,0,4,2,6
21005,ICHOCA,desnutricion aguda,nutricion superior (ns),2007-10-01,12,12,11,17,23,29,52
10304,ICLA,desnutricion aguda,nutricion superior (ns),2007-10-01,7,6,2,1,9,7,16
10703,INCAHUASI,desnutricion aguda,nutricion superior (ns),2007-10-01,32,25,1,5,33,30,63
21001,INQUISIVI,desnutricion aguda,nutricion superior (ns),2007-10-01,18,13,11,7,29,20,49
70104,LA GUARDIA,desnutricion aguda,nutricion superior (ns),2007-10-01,96,74,28,24,124,98,222
41501,LA RIVERA,desnutricion aguda,nutricion superior (ns),2007-10-01,1,0,1,0,2,0,2
70701,LAGUNILLAS,desnutricion aguda,nutricion superior (ns),2007-10-01,17,12,5,6,22,18,40
10903,LAS CARRERAS,desnutricion aguda,nutricion superior (ns),2007-10-01,4,0,1,3,5,3,8
21006,LICOMA PAMPA,desnutricion aguda,nutricion superior (ns),2007-10-01,5,19,6,11,11,30,41
50203,LLALLAGUA,desnutricion aguda,nutricion superior (ns),2007-10-01,34,25,18,11,52,36,88
51401,LLICA,desnutricion aguda,nutricion superior (ns),2007-10-01,4,1,0,0,4,1,5
80601,LORETO,desnutricion aguda,nutricion superior (ns),2007-10-01,1,0,0,0,1,0,1
40702,MACHACAMARCA,desnutricion aguda,nutricion superior (ns),2007-10-01,4,4,3,6,7,10,17
11003,MACHARETI,desnutricion aguda,nutricion superior (ns),2007-10-01,22,21,10,8,32,29,61
80801,MAGDALENA,desnutricion aguda,nutricion superior (ns),2007-10-01,8,9,3,1,11,10,21
70903,MAIRANA,desnutricion aguda,nutricion superior (ns),2007-10-01,25,8,7,6,32,14,46
20103,MECAPACA,desnutricion aguda,nutricion superior (ns),2007-10-01,1,2,1,0,2,2,4
71003,MINEROS,desnutricion aguda,nutricion superior (ns),2007-10-01,20,12,2,1,22,13,35
31301,MIZQUE,desnutricion aguda,nutricion superior (ns),2007-10-01,42,29,10,12,52,41,93
10303,MOJOCOYA,desnutricion aguda,nutricion superior (ns),2007-10-01,4,7,1,5,5,12,17
10501,MONTEAGUDO,desnutricion aguda,nutricion superior (ns),2007-10-01,70,56,16,14,86,70,156
71001,MONTERO,desnutricion aguda,nutricion superior (ns),2007-10-01,224,157,74,47,298,204,502
70803,MORO MORO,desnutricion aguda,nutricion superior (ns),2007-10-01,4,5,1,0,5,5,10
30302,MOROCHATA,desnutricion aguda,nutricion superior (ns),2007-10-01,11,15,12,7,23,22,45
90401,NACEBE (SANTA ROSA DEL ABUNA),desnutricion aguda,nutricion superior (ns),2007-10-01,1,1,0,0,1,1,2
90501,NUEVO MANOA (NUEVA ESPERANZA),desnutricion aguda,nutricion superior (ns),2007-10-01,1,1,0,0,1,1,2
50404,OCURI,desnutricion aguda,nutricion superior (ns),2007-10-01,4,3,2,1,6,4,10
70202,OKINAWA,desnutricion aguda,nutricion superior (ns),2007-10-01,13,10,4,2,17,12,29
30203,OMEREQUE,desnutricion aguda,nutricion superior (ns),2007-10-01,9,8,5,3,14,11,25
40101,ORURO,desnutricion aguda,nutricion superior (ns),2007-10-01,271,251,88,109,359,360,719
60201,PADCAYA,desnutricion aguda,nutricion superior (ns),2007-10-01,13,9,9,11,22,20,42
10401,PADILLA,desnutricion aguda,nutricion superior (ns),2007-10-01,14,12,4,0,18,12,30
70502,PAILON,desnutricion aguda,nutricion superior (ns),2007-10-01,29,16,8,10,37,26,63
20102,PALCA,desnutricion aguda,nutricion superior (ns),2007-10-01,12,10,1,2,13,12,25
40802,PAMPA AULLAGAS,desnutricion aguda,nutricion superior (ns),2007-10-01,1,3,3,0,4,3,7
70902,PAMPA GRANDE,desnutricion aguda,nutricion superior (ns),2007-10-01,12,7,1,0,13,7,20
30202,PASORAPA,desnutricion aguda,nutricion superior (ns),2007-10-01,6,3,8,5,14,8,22
40602,PAZÑA,desnutricion aguda,nutricion superior (ns),2007-10-01,4,6,1,2,5,8,13
50403,POCOATA,desnutricion aguda,nutricion superior (ns),2007-10-01,4,7,3,1,7,8,15
31203,POCONA,desnutricion aguda,nutricion superior (ns),2007-10-01,6,3,0,0,6,3,9
31202,POJO (CBBA),desnutricion aguda,nutricion superior (ns),2007-10-01,8,11,4,2,12,13,25
40601,POOPO,desnutricion aguda,nutricion superior (ns),2007-10-01,2,3,1,2,3,5,8
51203,PORCO,desnutricion aguda,nutricion superior (ns),2007-10-01,8,5,0,0,8,5,13
10103,POROMA,desnutricion aguda,nutricion superior (ns),2007-10-01,17,20,1,1,18,21,39
70103,PORONGO,desnutricion aguda,nutricion superior (ns),2007-10-01,10,1,1,1,11,2,13
70601,PORTACHUELO,desnutricion aguda,nutricion superior (ns),2007-10-01,68,78,42,49,110,127,237
90102,PORVENIR,desnutricion aguda,nutricion superior (ns),2007-10-01,4,5,0,1,4,6,10
70804,POSTRER VALLE,desnutricion aguda,nutricion superior (ns),2007-10-01,2,3,1,0,3,3,6
50101,POTOSI,desnutricion aguda,nutricion superior (ns),2007-10-01,108,81,16,24,124,105,229
10302,PRESTO,desnutricion aguda,nutricion superior (ns),2007-10-01,8,3,9,5,17,8,25
70805,PUCARA,desnutricion aguda,nutricion superior (ns),2007-10-01,2,3,2,0,4,3,7
90301,PUERTO GONZALO MORENO,desnutricion aguda,nutricion superior (ns),2007-10-01,1,3,0,1,1,4,5
71402,PUERTO QUIJARRO,desnutricion aguda,nutricion superior (ns),2007-10-01,50,51,1,1,51,52,103
90201,PUERTO RICO,desnutricion aguda,nutricion superior (ns),2007-10-01,10,12,2,0,12,12,24
80703,PUERTO SILES,desnutricion aguda,nutricion superior (ns),2007-10-01,3,4,5,2,8,6,14
71401,PUERTO SUAREZ,desnutricion aguda,nutricion superior (ns),2007-10-01,20,14,3,4,23,18,41
31205,PUERTO VILLARROEL,desnutricion aguda,nutricion superior (ns),2007-10-01,67,39,21,8,88,47,135
51101,PUNA,desnutricion aguda,nutricion superior (ns),2007-10-01,12,11,2,2,14,13,27
31401,PUNATA,desnutricion aguda,nutricion superior (ns),2007-10-01,16,15,2,2,18,17,35
30901,QUILLACOLLO,desnutricion aguda,nutricion superior (ns),2007-10-01,73,59,17,23,90,82,172
21002,QUIME,desnutricion aguda,nutricion superior (ns),2007-10-01,15,19,14,19,29,38,67
70904,QUIRUSILLAS,desnutricion aguda,nutricion superior (ns),2007-10-01,5,2,1,0,6,2,8
50402,RAVELO,desnutricion aguda,nutricion superior (ns),2007-10-01,14,9,9,6,23,15,38
80301,REYES,desnutricion aguda,nutricion superior (ns),2007-10-01,20,18,5,7,25,25,50
80201,RIBERALTA,desnutricion aguda,nutricion superior (ns),2007-10-01,80,26,10,8,90,34,124
70503,ROBORE,desnutricion aguda,nutricion superior (ns),2007-10-01,9,10,5,5,14,15,29
80304,RURRENABAQUE,desnutricion aguda,nutricion superior (ns),2007-10-01,11,12,0,5,11,17,28
40901,SABAYA,desnutricion aguda,nutricion superior (ns),2007-10-01,2,1,0,2,2,3,5
31001,SACABA,desnutricion aguda,nutricion superior (ns),2007-10-01,45,33,7,4,52,37,89
30404,SACABAMBA,desnutricion aguda,nutricion superior (ns),2007-10-01,0,2,0,0,0,2,2
50701,SACACA,desnutricion aguda,nutricion superior (ns),2007-10-01,7,2,0,0,7,2,9
71302,SAIPINA,desnutricion aguda,nutricion superior (ns),2007-10-01,54,38,18,17,72,55,127
40801,SALINAS DE GARCI MENDOZA,desnutricion aguda,nutricion superior (ns),2007-10-01,9,7,5,2,14,9,23
70901,SAMAIPATA,desnutricion aguda,nutricion superior (ns),2007-10-01,15,7,3,3,18,10,28
51601,SAN AGUSTIN,desnutricion aguda,nutricion superior (ns),2007-10-01,3,4,1,1,4,5,9
80602,SAN ANDRES,desnutricion aguda,nutricion superior (ns),2007-10-01,10,4,1,1,11,5,16
51003,SAN ANTONIO DE ESMORUCO,desnutricion aguda,nutricion superior (ns),2007-10-01,1,2,1,1,2,3,5
71105,SAN ANTONIO DE LOMERIO,desnutricion aguda,nutricion superior (ns),2007-10-01,4,6,0,0,4,6,10
31403,SAN BENITO,desnutricion aguda,nutricion superior (ns),2007-10-01,1,2,0,1,1,3,4
80302,SAN BORJA,desnutricion aguda,nutricion superior (ns),2007-10-01,59,53,35,20,94,73,167
70402,SAN CARLOS,desnutricion aguda,nutricion superior (ns),2007-10-01,6,2,1,0,7,2,9
80501,SAN IGNACIO,desnutricion aguda,nutricion superior (ns),2007-10-01,33,11,4,2,37,13,50
70301,SAN IGNACIO DE VELASCO,desnutricion aguda,nutricion superior (ns),2007-10-01,110,59,9,12,119,71,190
80102,SAN JAVIER(BNI),desnutricion aguda,nutricion superior (ns),2007-10-01,1,0,1,2,2,2,4
80701,SAN JOAQUIN,desnutricion aguda,nutricion superior (ns),2007-10-01,3,3,0,1,3,4,7
70501,SAN JOSE DE CHIQUITOS,desnutricion aguda,nutricion superior (ns),2007-10-01,34,43,16,14,50,57,107
70404,SAN JUAN DE YAPACANI,desnutricion aguda,nutricion superior (ns),2007-10-01,10,3,2,3,12,6,18
71104,SAN JULIAN,desnutricion aguda,nutricion superior (ns),2007-10-01,12,10,3,1,15,11,26
90302,SAN LORENZO(PND),desnutricion aguda,nutricion superior (ns),2007-10-01,6,2,1,0,7,2,9
60501,SAN LORENZO(TJA),desnutricion aguda,nutricion superior (ns),2007-10-01,12,8,3,1,15,9,24
10702,SAN LUCAS,desnutricion aguda,nutricion superior (ns),2007-10-01,18,19,7,6,25,25,50
71201,SAN MATIAS,desnutricion aguda,nutricion superior (ns),2007-10-01,15,22,4,0,19,22,41
70302,SAN MIGUEL DE VELASCO,desnutricion aguda,nutricion superior (ns),2007-10-01,22,28,1,1,23,29,52
51001,SAN PABLO DE LIPEZ,desnutricion aguda,nutricion superior (ns),2007-10-01,2,1,0,0,2,1,3
71005,SAN PEDRO,desnutricion aguda,nutricion superior (ns),2007-10-01,44,39,11,8,55,47,102
50501,SAN PEDRO DE BUENA VISTA,desnutricion aguda,nutricion superior (ns),2007-10-01,38,25,1,0,39,25,64
50902,SAN PEDRO DE QUEMES,desnutricion aguda,nutricion superior (ns),2007-10-01,2,1,0,0,2,1,3
90202,SAN PEDRO(PND),desnutricion aguda,nutricion superior (ns),2007-10-01,0,1,0,0,0,1,1
70303,SAN RAFAEL,desnutricion aguda,nutricion superior (ns),2007-10-01,2,6,0,0,2,6,8
80702,SAN RAMON,desnutricion aguda,nutricion superior (ns),2007-10-01,9,12,0,2,9,14,23
80702,SAN RAMON,desnutricion aguda,nutricion superior (ns),2007-10-01,10,14,1,0,11,14,25
80401,SANTA ANA,desnutricion aguda,nutricion superior (ns),2007-10-01,40,31,8,10,48,41,89
70101,SANTA CRUZ DE LA SIERRA,desnutricion aguda,nutricion superior (ns),2007-10-01,1030,705,341,355,1371,1060,2431
80303,SANTA ROSA,desnutricion aguda,nutricion superior (ns),2007-10-01,27,27,3,6,30,33,63
70602,SANTA ROSA DEL SARA,desnutricion aguda,nutricion superior (ns),2007-10-01,23,17,5,6,28,23,51
41401,SANTIAGO DE HUARI,desnutricion aguda,nutricion superior (ns),2007-10-01,2,3,0,2,2,5,7
30702,SANTIVAÑES,desnutricion aguda,nutricion superior (ns),2007-10-01,0,2,0,0,0,2,2
40202,SANTUARIO DE QUILLACAS,desnutricion aguda,nutricion superior (ns),2007-10-01,3,3,1,6,4,9,13
90303,SENA,desnutricion aguda,nutricion superior (ns),2007-10-01,4,9,0,0,4,9,13
30703,SICAYA,desnutricion aguda,nutricion superior (ns),2007-10-01,1,1,0,0,1,1,2
30902,SIPE SIPE,desnutricion aguda,nutricion superior (ns),2007-10-01,30,22,6,3,36,25,61
10403,SOPACHUY,desnutricion aguda,nutricion superior (ns),2007-10-01,6,3,1,0,7,3,10
40104,SORACACHI,desnutricion aguda,nutricion superior (ns),2007-10-01,22,23,31,41,53,64,117
10101,SUCRE,desnutricion aguda,nutricion superior (ns),2007-10-01,169,162,45,28,214,190,404
31404,TACACHI,desnutricion aguda,nutricion superior (ns),2007-10-01,1,1,1,0,2,1,3
50303,TACOBAMBA,desnutricion aguda,nutricion superior (ns),2007-10-01,1,8,2,1,3,9,12
30602,TACOPAYA,desnutricion aguda,nutricion superior (ns),2007-10-01,4,3,2,0,6,3,9
51402,TAHUA,desnutricion aguda,nutricion superior (ns),2007-10-01,1,2,1,2,2,4,6
31101,TAPACARI,desnutricion aguda,nutricion superior (ns),2007-10-01,6,3,1,2,7,5,12
10601,TARABUCO,desnutricion aguda,nutricion superior (ns),2007-10-01,10,17,10,1,20,18,38
30401,TARATA,desnutricion aguda,nutricion superior (ns),2007-10-01,9,4,0,1,9,5,14
60101,TARIJA,desnutricion aguda,nutricion superior (ns),2007-10-01,18306,253,64,59,18370,312,18682
10202,TARVITA,desnutricion aguda,nutricion superior (ns),2007-10-01,17,7,0,1,17,8,25
50102,TINGUIPAYA,desnutricion aguda,nutricion superior (ns),2007-10-01,5,4,0,1,5,5,10
30903,TIQUIPAYA,desnutricion aguda,nutricion superior (ns),2007-10-01,10,16,4,3,14,19,33
31601,TIRAQUE (CBBA),desnutricion aguda,nutricion superior (ns),2007-10-01,70,68,16,9,86,77,163
30802,TOCO,desnutricion aguda,nutricion superior (ns),2007-10-01,3,2,3,2,6,4,10
30803,TOLATA,desnutricion aguda,nutricion superior (ns),2007-10-01,1,1,0,1,1,2,3
41001,TOLEDO,desnutricion aguda,nutricion superior (ns),2007-10-01,3,0,1,1,4,1,5
51202,TOMAVE,desnutricion aguda,nutricion superior (ns),2007-10-01,0,4,1,0,1,4,5
10402,TOMINA,desnutricion aguda,nutricion superior (ns),2007-10-01,14,18,0,5,14,23,37
50502,TORO TORO,desnutricion aguda,nutricion superior (ns),2007-10-01,20,19,24,16,44,35,79
31201,TOTORA(CBBA),desnutricion aguda,nutricion superior (ns),2007-10-01,18,14,1,2,19,16,35
41301,TOTORA(ORR),desnutricion aguda,nutricion superior (ns),2007-10-01,1,0,0,0,1,0,1
70802,TRIGAL,desnutricion aguda,nutricion superior (ns),2007-10-01,3,8,3,0,6,8,14
80101,TRINIDAD,desnutricion aguda,nutricion superior (ns),2007-10-01,216,183,61,65,277,248,525
50801,TUPIZA,desnutricion aguda,nutricion superior (ns),2007-10-01,39,23,10,9,49,32,81
40402,TURCO,desnutricion aguda,nutricion superior (ns),2007-10-01,9,8,3,2,12,10,22
50201,UNCIA,desnutricion aguda,nutricion superior (ns),2007-10-01,4,1,0,0,4,1,5
60401,URIONDO (A. CONCEPCION),desnutricion aguda,nutricion superior (ns),2007-10-01,20,8,5,3,25,11,36
51201,UYUNI,desnutricion aguda,nutricion superior (ns),2007-10-01,19,11,2,6,21,17,38
30502,VACAS,desnutricion aguda,nutricion superior (ns),2007-10-01,2,2,3,0,5,2,7
70801,VALLEGRANDE,desnutricion aguda,nutricion superior (ns),2007-10-01,12,8,6,2,18,10,28
20801,VIACHA,desnutricion aguda,nutricion superior (ns),2007-10-01,36,23,5,5,41,28,69
60303,VILLA MONTES,desnutricion aguda,nutricion superior (ns),2007-10-01,109,89,14,19,123,108,231
90502,VILLA NUEVA (LOMA ALTA),desnutricion aguda,nutricion superior (ns),2007-10-01,4,1,0,1,4,2,6
31402,VILLA RIVERO,desnutricion aguda,nutricion superior (ns),2007-10-01,3,3,1,2,4,5,9
10801,VILLA SERRANO,desnutricion aguda,nutricion superior (ns),2007-10-01,5,11,8,1,13,12,25
31003,VILLA TUNARI,desnutricion aguda,nutricion superior (ns),2007-10-01,83,66,32,35,115,101,216
11001,VILLA VACA GUZMAN (MUYUPAMPA),desnutricion aguda,nutricion superior (ns),2007-10-01,14,11,5,3,19,14,33
51501,VILLAZON,desnutricion aguda,nutricion superior (ns),2007-10-01,38,40,3,7,41,47,88
30904,VINTO,desnutricion aguda,nutricion superior (ns),2007-10-01,25,7,7,4,32,11,43
50602,VITICHI,desnutricion aguda,nutricion superior (ns),2007-10-01,8,9,3,4,11,13,24
70201,WARNES,desnutricion aguda,nutricion superior (ns),2007-10-01,89,62,21,16,110,78,188
60301,YACUIBA,desnutricion aguda,nutricion superior (ns),2007-10-01,126,85,24,12,150,97,247
10602,YAMPARAEZ,desnutricion aguda,nutricion superior (ns),2007-10-01,4,4,2,2,6,6,12
70403,YAPACANI,desnutricion aguda,nutricion superior (ns),2007-10-01,20,26,18,20,38,46,84
50103,YOCALLA,desnutricion aguda,nutricion superior (ns),2007-10-01,7,3,0,2,7,5,12
10102,YOTALA,desnutricion aguda,nutricion superior (ns),2007-10-01,22,20,36,16,58,36,94
60402,YUNCHARA,desnutricion aguda,nutricion superior (ns),2007-10-01,11,14,19,19,30,33,63
10301,ZUDAÑEZ,desnutricion aguda,nutricion superior (ns),2007-10-01,8,10,3,2,11,12,23
51302,ACACIO,desnutricion aguda,nutricion superior (ns),2007-11-01,4,2,1,0,5,2,7
30201,AIQUILE,desnutricion aguda,nutricion superior (ns),2007-11-01,13,15,3,0,16,15,31
10404,ALCALA,desnutricion aguda,nutricion superior (ns),2007-11-01,8,10,0,1,8,11,19
41201,ANDAMARCA,desnutricion aguda,nutricion superior (ns),2007-11-01,8,2,9,9,17,11,28
30402,ANZALDO,desnutricion aguda,nutricion superior (ns),2007-11-01,1,0,0,0,1,0,1
51301,ARAMPAMPA,desnutricion aguda,nutricion superior (ns),2007-11-01,3,2,0,0,3,2,5
30501,ARANI,desnutricion aguda,nutricion superior (ns),2007-11-01,6,4,4,3,10,7,17
30403,ARBIETO,desnutricion aguda,nutricion superior (ns),2007-11-01,11,9,5,0,16,9,25
30601,ARQUE,desnutricion aguda,nutricion superior (ns),2007-11-01,2,0,0,0,2,0,2
50802,ATOCHA,desnutricion aguda,nutricion superior (ns),2007-11-01,6,8,4,0,10,8,18
30301,AYOPAYA (V. DE INDEPENDENCIA),desnutricion aguda,nutricion superior (ns),2007-11-01,13,11,3,0,16,11,27
10201,AZURDUY,desnutricion aguda,nutricion superior (ns),2007-11-01,8,0,3,4,11,4,15
80802,BAURES,desnutricion aguda,nutricion superior (ns),2007-11-01,12,4,0,2,12,6,18
50104,BELEN DE URMIRI,desnutricion aguda,nutricion superior (ns),2007-11-01,1,0,0,0,1,0,1
90104,BELLA FLOR,desnutricion aguda,nutricion superior (ns),2007-11-01,5,2,4,3,9,5,14
60202,BERMEJO,desnutricion aguda,nutricion superior (ns),2007-11-01,5,4,0,2,5,6,11
50301,BETANZOS,desnutricion aguda,nutricion superior (ns),2007-11-01,19,15,3,4,22,19,41
31501,BOLIVAR,desnutricion aguda,nutricion superior (ns),2007-11-01,1,0,0,0,1,0,1
90103,BOLPEBRA,desnutricion aguda,nutricion superior (ns),2007-11-01,0,1,1,2,1,3,4
70707,BOYUIBE,desnutricion aguda,nutricion superior (ns),2007-11-01,3,1,1,1,4,2,6
70401,BUENA VISTA,desnutricion aguda,nutricion superior (ns),2007-11-01,27,11,3,4,30,15,45
70703,CABEZAS,desnutricion aguda,nutricion superior (ns),2007-11-01,30,28,14,12,44,40,84
51102,"CAIZA ""D""",desnutricion aguda,nutricion superior (ns),2007-11-01,8,7,0,0,8,7,15
21003,CAJUATA,desnutricion aguda,nutricion superior (ns),2007-11-01,32,30,41,32,73,62,135
10701,CAMARGO,desnutricion aguda,nutricion superior (ns),2007-11-01,29,20,2,2,31,22,53
10901,CAMATAQUI (C. VILLA ABECIA),desnutricion aguda,nutricion superior (ns),2007-11-01,4,3,0,2,4,5,9
70706,CAMIRI,desnutricion aguda,nutricion superior (ns),2007-11-01,106,75,117,57,223,132,355
30701,CAPINOTA,desnutricion aguda,nutricion superior (ns),2007-11-01,10,20,7,6,17,26,43
40102,CARACOLLO,desnutricion aguda,nutricion superior (ns),2007-11-01,24,17,10,9,34,26,60
60302,CARAPARI,desnutricion aguda,nutricion superior (ns),2007-11-01,27,14,7,5,34,19,53
50702,CARIPUYO,desnutricion aguda,nutricion superior (ns),2007-11-01,7,2,0,0,7,2,9
71403,CARMEN RIVERO TORREZ,desnutricion aguda,nutricion superior (ns),2007-11-01,1,6,2,1,3,7,10
40201,CHALLAPATA,desnutricion aguda,nutricion superior (ns),2007-11-01,13,15,14,11,27,26,53
50302,CHAQUI,desnutricion aguda,nutricion superior (ns),2007-11-01,9,5,0,1,9,6,15
70702,CHARAGUA,desnutricion aguda,nutricion superior (ns),2007-11-01,33,22,10,10,43,32,75
50202,CHAYANTA,desnutricion aguda,nutricion superior (ns),2007-11-01,10,12,0,0,10,12,22
31204,CHIMORE,desnutricion aguda,nutricion superior (ns),2007-11-01,11,10,0,1,11,11,22
30801,CLIZA,desnutricion aguda,nutricion superior (ns),2007-11-01,30,20,9,14,39,34,73
90101,COBIJA,desnutricion aguda,nutricion superior (ns),2007-11-01,79,79,14,8,93,87,180
30101,COCHABAMBA,desnutricion aguda,nutricion superior (ns),2007-11-01,231,189,73,78,304,267,571
40902,COIPASA,desnutricion aguda,nutricion superior (ns),2007-11-01,0,2,0,0,0,2,2
30905,COLCAPIRHUA,desnutricion aguda,nutricion superior (ns),2007-11-01,9,14,0,0,9,14,23
50901,"COLCHA ""K""",desnutricion aguda,nutricion superior (ns),2007-11-01,5,2,0,2,5,4,9
31002,COLOMI,desnutricion aguda,nutricion superior (ns),2007-11-01,16,9,2,0,18,9,27
70603,COLPA BELGICA,desnutricion aguda,nutricion superior (ns),2007-11-01,11,1,1,0,12,1,13
50401,COLQUECHACA,desnutricion aguda,nutricion superior (ns),2007-11-01,5,5,2,4,7,9,16
21004,COLQUIRI,desnutricion aguda,nutricion superior (ns),2007-11-01,8,8,5,1,13,9,22
71301,COMARAPA,desnutricion aguda,nutricion superior (ns),2007-11-01,75,58,24,15,99,73,172
71101,CONCEPCION,desnutricion aguda,nutricion superior (ns),2007-11-01,7,3,2,0,9,3,12
40301,CORQUE,desnutricion aguda,nutricion superior (ns),2007-11-01,1,0,0,0,1,0,1
50601,COTAGAITA,desnutricion aguda,nutricion superior (ns),2007-11-01,8,9,11,3,19,12,31
70102,COTOCA,desnutricion aguda,nutricion superior (ns),2007-11-01,60,45,6,6,66,51,117
71106,CUATRO CAÑADAS,desnutricion aguda,nutricion superior (ns),2007-11-01,18,14,9,2,27,16,43
70704,CUEVO,desnutricion aguda,nutricion superior (ns),2007-11-01,13,6,2,1,15,7,22
10902,CULPINA,desnutricion aguda,nutricion superior (ns),2007-11-01,15,10,1,3,16,13,29
40401,CURAHUARA DE CARANGAS,desnutricion aguda,nutricion superior (ns),2007-11-01,6,6,1,2,7,8,15
40103,EL CHORO,desnutricion aguda,nutricion superior (ns),2007-11-01,4,3,2,1,6,4,10
71503,EL PUENTE(STC),desnutricion aguda,nutricion superior (ns),2007-11-01,6,1,1,0,7,1,8
60502,EL PUENTE(TJA),desnutricion aguda,nutricion superior (ns),2007-11-01,5,2,0,3,5,5,10
70105,EL TORNO,desnutricion aguda,nutricion superior (ns),2007-11-01,65,13,5,4,70,17,87
10405,EL VILLAR,desnutricion aguda,nutricion superior (ns),2007-11-01,6,4,0,0,6,4,10
60601,ENTRE RIOS,desnutricion aguda,nutricion superior (ns),2007-11-01,26,29,4,2,30,31,61
60601,ENTRE RIOS,desnutricion aguda,nutricion superior (ns),2007-11-01,28,22,8,5,36,27,63
40502,ESCARA,desnutricion aguda,nutricion superior (ns),2007-11-01,1,0,0,0,1,0,1
41101,EUCALIPTUS,desnutricion aguda,nutricion superior (ns),2007-11-01,0,0,1,1,1,1,2
90503,EUREKA (SANTOS MERCADO),desnutricion aguda,nutricion superior (ns),2007-11-01,1,3,0,1,1,4,5
80402,EXALTACION,desnutricion aguda,nutricion superior (ns),2007-11-01,4,2,1,2,5,4,9
71004,FERNANDEZ ALONSO,desnutricion aguda,nutricion superior (ns),2007-11-01,13,7,3,0,16,7,23
90203,FILADELFIA,desnutricion aguda,nutricion superior (ns),2007-11-01,4,1,0,0,4,1,5
71002,GENERAL SAAVEDRA,desnutricion aguda,nutricion superior (ns),2007-11-01,39,32,14,11,53,43,96
80202,GUAYARAMERIN,desnutricion aguda,nutricion superior (ns),2007-11-01,91,74,9,10,100,84,184
70705,GUTIERREZ,desnutricion aguda,nutricion superior (ns),2007-11-01,30,19,10,5,40,24,64
10502,HUACARETA,desnutricion aguda,nutricion superior (ns),2007-11-01,20,10,4,5,24,15,39
11002,HUACAYA (VILLA DE HUACAYA),desnutricion aguda,nutricion superior (ns),2007-11-01,3,5,0,1,3,6,9
40701,HUANUNI,desnutricion aguda,nutricion superior (ns),2007-11-01,55,63,28,20,83,83,166
80803,HUARACAJE,desnutricion aguda,nutricion superior (ns),2007-11-01,8,2,4,2,12,4,16
41601,HUAYLLAMARCA,desnutricion aguda,nutricion superior (ns),2007-11-01,2,1,2,1,4,2,6
21005,ICHOCA,desnutricion aguda,nutricion superior (ns),2007-11-01,19,26,30,26,49,52,101
10304,ICLA,desnutricion aguda,nutricion superior (ns),2007-11-01,5,5,0,1,5,6,11
10703,INCAHUASI,desnutricion aguda,nutricion superior (ns),2007-11-01,17,24,1,2,18,26,44
21001,INQUISIVI,desnutricion aguda,nutricion superior (ns),2007-11-01,12,10,9,10,21,20,41
70104,LA GUARDIA,desnutricion aguda,nutricion superior (ns),2007-11-01,75,47,16,14,91,61,152
70701,LAGUNILLAS,desnutricion aguda,nutricion superior (ns),2007-11-01,14,15,4,4,18,19,37
10903,LAS CARRERAS,desnutricion aguda,nutricion superior (ns),2007-11-01,7,0,1,0,8,0,8
21006,LICOMA PAMPA,desnutricion aguda,nutricion superior (ns),2007-11-01,9,12,10,10,19,22,41
50203,LLALLAGUA,desnutricion aguda,nutricion superior (ns),2007-11-01,43,28,18,17,61,45,106
51401,LLICA,desnutricion aguda,nutricion superior (ns),2007-11-01,4,0,0,0,4,0,4
80601,LORETO,desnutricion aguda,nutricion superior (ns),2007-11-01,2,2,1,2,3,4,7
40702,MACHACAMARCA,desnutricion aguda,nutricion superior (ns),2007-11-01,13,8,3,3,16,11,27
11003,MACHARETI,desnutricion aguda,nutricion superior (ns),2007-11-01,19,24,12,4,31,28,59
80801,MAGDALENA,desnutricion aguda,nutricion superior (ns),2007-11-01,7,8,0,1,7,9,16
70903,MAIRANA,desnutricion aguda,nutricion superior (ns),2007-11-01,16,7,0,0,16,7,23
20103,MECAPACA,desnutricion aguda,nutricion superior (ns),2007-11-01,8,5,1,1,9,6,15
71003,MINEROS,desnutricion aguda,nutricion superior (ns),2007-11-01,11,8,2,0,13,8,21
31301,MIZQUE,desnutricion aguda,nutricion superior (ns),2007-11-01,37,19,3,5,40,24,64
10303,MOJOCOYA,desnutricion aguda,nutricion superior (ns),2007-11-01,9,10,1,8,10,18,28
10501,MONTEAGUDO,desnutricion aguda,nutricion superior (ns),2007-11-01,46,57,12,11,58,68,126
71001,MONTERO,desnutricion aguda,nutricion superior (ns),2007-11-01,196,151,55,47,251,198,449
70803,MORO MORO,desnutricion aguda,nutricion superior (ns),2007-11-01,4,3,0,0,4,3,7
30302,MOROCHATA,desnutricion aguda,nutricion superior (ns),2007-11-01,16,6,0,1,16,7,23
90401,NACEBE (SANTA ROSA DEL ABUNA),desnutricion aguda,nutricion superior (ns),2007-11-01,1,1,1,0,2,1,3
90501,NUEVO MANOA (NUEVA ESPERANZA),desnutricion aguda,nutricion superior (ns),2007-11-01,1,0,0,0,1,0,1
50404,OCURI,desnutricion aguda,nutricion superior (ns),2007-11-01,5,9,2,0,7,9,16
70202,OKINAWA,desnutricion aguda,nutricion superior (ns),2007-11-01,9,12,1,1,10,13,23
30203,OMEREQUE,desnutricion aguda,nutricion superior (ns),2007-11-01,8,7,2,0,10,7,17
40101,ORURO,desnutricion aguda,nutricion superior (ns),2007-11-01,177,196,72,57,249,253,502
60201,PADCAYA,desnutricion aguda,nutricion superior (ns),2007-11-01,13,12,8,8,21,20,41
10401,PADILLA,desnutricion aguda,nutricion superior (ns),2007-11-01,5,9,3,2,8,11,19
70502,PAILON,desnutricion aguda,nutricion superior (ns),2007-11-01,24,9,3,5,27,14,41
20102,PALCA,desnutricion aguda,nutricion superior (ns),2007-11-01,5,10,1,1,6,11,17
40802,PAMPA AULLAGAS,desnutricion aguda,nutricion superior (ns),2007-11-01,1,3,0,0,1,3,4
70902,PAMPA GRANDE,desnutricion aguda,nutricion superior (ns),2007-11-01,6,4,1,1,7,5,12
30202,PASORAPA,desnutricion aguda,nutricion superior (ns),2007-11-01,1,3,1,0,2,3,5
40602,PAZÑA,desnutricion aguda,nutricion superior (ns),2007-11-01,1,2,0,0,1,2,3
50403,POCOATA,desnutricion aguda,nutricion superior (ns),2007-11-01,11,8,2,0,13,8,21
31203,POCONA,desnutricion aguda,nutricion superior (ns),2007-11-01,5,2,1,0,6,2,8
31202,POJO (CBBA),desnutricion aguda,nutricion superior (ns),2007-11-01,14,23,1,4,15,27,42
40601,POOPO,desnutricion aguda,nutricion superior (ns),2007-11-01,1,3,2,0,3,3,6
51203,PORCO,desnutricion aguda,nutricion superior (ns),2007-11-01,14,6,1,0,15,6,21
10103,POROMA,desnutricion aguda,nutricion superior (ns),2007-11-01,13,13,1,0,14,13,27
70103,PORONGO,desnutricion aguda,nutricion superior (ns),2007-11-01,8,7,1,0,9,7,16
70601,PORTACHUELO,desnutricion aguda,nutricion superior (ns),2007-11-01,44,36,33,26,77,62,139
90102,PORVENIR,desnutricion aguda,nutricion superior (ns),2007-11-01,6,2,0,1,6,3,9
70804,POSTRER VALLE,desnutricion aguda,nutricion superior (ns),2007-11-01,3,1,1,0,4,1,5
50101,POTOSI,desnutricion aguda,nutricion superior (ns),2007-11-01,96,55,6,5,102,60,162
10302,PRESTO,desnutricion aguda,nutricion superior (ns),2007-11-01,8,6,1,0,9,6,15
70805,PUCARA,desnutricion aguda,nutricion superior (ns),2007-11-01,1,1,0,0,1,1,2
90301,PUERTO GONZALO MORENO,desnutricion aguda,nutricion superior (ns),2007-11-01,3,3,1,0,4,3,7
71402,PUERTO QUIJARRO,desnutricion aguda,nutricion superior (ns),2007-11-01,36,42,1,4,37,46,83
90201,PUERTO RICO,desnutricion aguda,nutricion superior (ns),2007-11-01,6,9,3,2,9,11,20
80703,PUERTO SILES,desnutricion aguda,nutricion superior (ns),2007-11-01,3,4,3,0,6,4,10
71401,PUERTO SUAREZ,desnutricion aguda,nutricion superior (ns),2007-11-01,19,13,0,1,19,14,33
31205,PUERTO VILLARROEL,desnutricion aguda,nutricion superior (ns),2007-11-01,82,95,17,16,99,111,210
51101,PUNA,desnutricion aguda,nutricion superior (ns),2007-11-01,9,11,1,1,10,12,22
31401,PUNATA,desnutricion aguda,nutricion superior (ns),2007-11-01,24,5,2,1,26,6,32
30901,QUILLACOLLO,desnutricion aguda,nutricion superior (ns),2007-11-01,44,35,26,17,70,52,122
21002,QUIME,desnutricion aguda,nutricion superior (ns),2007-11-01,15,13,17,16,32,29,61
70904,QUIRUSILLAS,desnutricion aguda,nutricion superior (ns),2007-11-01,4,2,4,1,8,3,11
50402,RAVELO,desnutricion aguda,nutricion superior (ns),2007-11-01,10,8,13,10,23,18,41
80301,REYES,desnutricion aguda,nutricion superior (ns),2007-11-01,19,20,4,2,23,22,45
80201,RIBERALTA,desnutricion aguda,nutricion superior (ns),2007-11-01,95,38,10,3,105,41,146
70503,ROBORE,desnutricion aguda,nutricion superior (ns),2007-11-01,24,13,4,1,28,14,42
80304,RURRENABAQUE,desnutricion aguda,nutricion superior (ns),2007-11-01,18,14,0,6,18,20,38
40901,SABAYA,desnutricion aguda,nutricion superior (ns),2007-11-01,4,3,1,2,5,5,10
31001,SACABA,desnutricion aguda,nutricion superior (ns),2007-11-01,40,32,5,2,45,34,79
30404,SACABAMBA,desnutricion aguda,nutricion superior (ns),2007-11-01,1,2,1,0,2,2,4
50701,SACACA,desnutricion aguda,nutricion superior (ns),2007-11-01,8,8,10,16,18,24,42
71302,SAIPINA,desnutricion aguda,nutricion superior (ns),2007-11-01,38,31,13,12,51,43,94
40801,SALINAS DE GARCI MENDOZA,desnutricion aguda,nutricion superior (ns),2007-11-01,7,8,4,3,11,11,22
70901,SAMAIPATA,desnutricion aguda,nutricion superior (ns),2007-11-01,14,5,1,1,15,6,21
51601,SAN AGUSTIN,desnutricion aguda,nutricion superior (ns),2007-11-01,1,2,1,1,2,3,5
80602,SAN ANDRES,desnutricion aguda,nutricion superior (ns),2007-11-01,10,8,2,4,12,12,24
51003,SAN ANTONIO DE ESMORUCO,desnutricion aguda,nutricion superior (ns),2007-11-01,3,2,0,1,3,3,6
71105,SAN ANTONIO DE LOMERIO,desnutricion aguda,nutricion superior (ns),2007-11-01,1,0,0,0,1,0,1
31403,SAN BENITO,desnutricion aguda,nutricion superior (ns),2007-11-01,6,4,0,0,6,4,10
80302,SAN BORJA,desnutricion aguda,nutricion superior (ns),2007-11-01,44,44,8,9,52,53,105
70402,SAN CARLOS,desnutricion aguda,nutricion superior (ns),2007-11-01,23,8,0,9,23,17,40
80501,SAN IGNACIO,desnutricion aguda,nutricion superior (ns),2007-11-01,32,21,5,4,37,25,62
70301,SAN IGNACIO DE VELASCO,desnutricion aguda,nutricion superior (ns),2007-11-01,121,59,34,32,155,91,246
80102,SAN JAVIER(BNI),desnutricion aguda,nutricion superior (ns),2007-11-01,2,0,2,1,4,1,5
71102,SAN JAVIER(STC),desnutricion aguda,nutricion superior (ns),2007-11-01,9,8,2,3,11,11,22
80701,SAN JOAQUIN,desnutricion aguda,nutricion superior (ns),2007-11-01,25,20,9,5,34,25,59
70501,SAN JOSE DE CHIQUITOS,desnutricion aguda,nutricion superior (ns),2007-11-01,10,11,2,9,12,20,32
70404,SAN JUAN DE YAPACANI,desnutricion aguda,nutricion superior (ns),2007-11-01,18,19,2,2,20,21,41
71104,SAN JULIAN,desnutricion aguda,nutricion superior (ns),2007-11-01,15,11,9,9,24,20,44
90302,SAN LORENZO(PND),desnutricion aguda,nutricion superior (ns),2007-11-01,4,4,0,0,4,4,8
60501,SAN LORENZO(TJA),desnutricion aguda,nutricion superior (ns),2007-11-01,10,2,1,2,11,4,15
10702,SAN LUCAS,desnutricion aguda,nutricion superior (ns),2007-11-01,44,24,18,6,62,30,92
71201,SAN MATIAS,desnutricion aguda,nutricion superior (ns),2007-11-01,14,10,10,3,24,13,37
70302,SAN MIGUEL DE VELASCO,desnutricion aguda,nutricion superior (ns),2007-11-01,15,17,1,0,16,17,33
51001,SAN PABLO DE LIPEZ,desnutricion aguda,nutricion superior (ns),2007-11-01,1,0,0,0,1,0,1
71005,SAN PEDRO,desnutricion aguda,nutricion superior (ns),2007-11-01,39,43,8,4,47,47,94
50501,SAN PEDRO DE BUENA VISTA,desnutricion aguda,nutricion superior (ns),2007-11-01,22,7,0,1,22,8,30
50902,SAN PEDRO DE QUEMES,desnutricion aguda,nutricion superior (ns),2007-11-01,1,2,0,0,1,2,3
90202,SAN PEDRO(PND),desnutricion aguda,nutricion superior (ns),2007-11-01,0,1,0,1,0,2,2
70303,SAN RAFAEL,desnutricion aguda,nutricion superior (ns),2007-11-01,2,7,2,3,4,10,14
80702,SAN RAMON,desnutricion aguda,nutricion superior (ns),2007-11-01,14,6,3,0,17,6,23
80702,SAN RAMON,desnutricion aguda,nutricion superior (ns),2007-11-01,16,9,2,1,18,10,28
80401,SANTA ANA,desnutricion aguda,nutricion superior (ns),2007-11-01,37,35,18,12,55,47,102
70101,SANTA CRUZ DE LA SIERRA,desnutricion aguda,nutricion superior (ns),2007-11-01,592,377,162,159,754,536,1290
80303,SANTA ROSA,desnutricion aguda,nutricion superior (ns),2007-11-01,34,20,4,2,38,22,60
70602,SANTA ROSA DEL SARA,desnutricion aguda,nutricion superior (ns),2007-11-01,17,11,5,6,22,17,39
41401,SANTIAGO DE HUARI,desnutricion aguda,nutricion superior (ns),2007-11-01,1,2,1,1,2,3,5
40202,SANTUARIO DE QUILLACAS,desnutricion aguda,nutricion superior (ns),2007-11-01,0,0,1,1,1,1,2
30902,SIPE SIPE,desnutricion aguda,nutricion superior (ns),2007-11-01,31,16,4,4,35,20,55
10403,SOPACHUY,desnutricion aguda,nutricion superior (ns),2007-11-01,5,1,0,0,5,1,6
40104,SORACACHI,desnutricion aguda,nutricion superior (ns),2007-11-01,8,6,7,4,15,10,25
10101,SUCRE,desnutricion aguda,nutricion superior (ns),2007-11-01,167,176,46,37,213,213,426
31404,TACACHI,desnutricion aguda,nutricion superior (ns),2007-11-01,1,0,0,0,1,0,1
50303,TACOBAMBA,desnutricion aguda,nutricion superior (ns),2007-11-01,3,2,0,0,3,2,5
30602,TACOPAYA,desnutricion aguda,nutricion superior (ns),2007-11-01,5,5,10,7,15,12,27
51402,TAHUA,desnutricion aguda,nutricion superior (ns),2007-11-01,1,1,0,0,1,1,2
31101,TAPACARI,desnutricion aguda,nutricion superior (ns),2007-11-01,5,2,0,0,5,2,7
10601,TARABUCO,desnutricion aguda,nutricion superior (ns),2007-11-01,5,11,6,2,11,13,24
30401,TARATA,desnutricion aguda,nutricion superior (ns),2007-11-01,10,7,1,1,11,8,19
60101,TARIJA,desnutricion aguda,nutricion superior (ns),2007-11-01,236,207,70,66,306,273,579
10202,TARVITA,desnutricion aguda,nutricion superior (ns),2007-11-01,12,11,5,1,17,12,29
50102,TINGUIPAYA,desnutricion aguda,nutricion superior (ns),2007-11-01,1,0,0,0,1,0,1
30903,TIQUIPAYA,desnutricion aguda,nutricion superior (ns),2007-11-01,5,9,0,3,5,12,17
31601,TIRAQUE (CBBA),desnutricion aguda,nutricion superior (ns),2007-11-01,69,64,16,14,85,78,163
30802,TOCO,desnutricion aguda,nutricion superior (ns),2007-11-01,1,4,3,0,4,4,8
41502,TODOS SANTOS,desnutricion aguda,nutricion superior (ns),2007-11-01,2,0,0,0,2,0,2
30803,TOLATA,desnutricion aguda,nutricion superior (ns),2007-11-01,1,0,0,0,1,0,1
41001,TOLEDO,desnutricion aguda,nutricion superior (ns),2007-11-01,1,1,1,0,2,1,3
51202,TOMAVE,desnutricion aguda,nutricion superior (ns),2007-11-01,1,3,0,1,1,4,5
10402,TOMINA,desnutricion aguda,nutricion superior (ns),2007-11-01,13,13,0,2,13,15,28
50502,TORO TORO,desnutricion aguda,nutricion superior (ns),2007-11-01,10,14,4,5,14,19,33
31201,TOTORA(CBBA),desnutricion aguda,nutricion superior (ns),2007-11-01,10,5,1,0,11,5,16
41301,TOTORA(ORR),desnutricion aguda,nutricion superior (ns),2007-11-01,0,1,0,0,0,1,1
70802,TRIGAL,desnutricion aguda,nutricion superior (ns),2007-11-01,5,4,2,1,7,5,12
80101,TRINIDAD,desnutricion aguda,nutricion superior (ns),2007-11-01,131,98,24,43,155,141,296
50801,TUPIZA,desnutricion aguda,nutricion superior (ns),2007-11-01,60,21,8,8,68,29,97
40402,TURCO,desnutricion aguda,nutricion superior (ns),2007-11-01,8,6,2,4,10,10,20
50201,UNCIA,desnutricion aguda,nutricion superior (ns),2007-11-01,21,16,8,11,29,27,56
60401,URIONDO (A. CONCEPCION),desnutricion aguda,nutricion superior (ns),2007-11-01,9,13,3,4,12,17,29
51201,UYUNI,desnutricion aguda,nutricion superior (ns),2007-11-01,32,18,3,5,35,23,58
30502,VACAS,desnutricion aguda,nutricion superior (ns),2007-11-01,1,1,0,0,1,1,2
70801,VALLEGRANDE,desnutricion aguda,nutricion superior (ns),2007-11-01,6,2,4,11,10,13,23
20801,VIACHA,desnutricion aguda,nutricion superior (ns),2007-11-01,32,26,4,1,36,27,63
60303,VILLA MONTES,desnutricion aguda,nutricion superior (ns),2007-11-01,125,117,38,32,163,149,312
90502,VILLA NUEVA (LOMA ALTA),desnutricion aguda,nutricion superior (ns),2007-11-01,4,1,3,0,7,1,8
31402,VILLA RIVERO,desnutricion aguda,nutricion superior (ns),2007-11-01,2,4,2,0,4,4,8
10801,VILLA SERRANO,desnutricion aguda,nutricion superior (ns),2007-11-01,6,13,2,0,8,13,21
31003,VILLA TUNARI,desnutricion aguda,nutricion superior (ns),2007-11-01,67,45,14,6,81,51,132
11001,VILLA VACA GUZMAN (MUYUPAMPA),desnutricion aguda,nutricion superior (ns),2007-11-01,11,12,5,4,16,16,32
51501,VILLAZON,desnutricion aguda,nutricion superior (ns),2007-11-01,28,47,1,2,29,49,78
30904,VINTO,desnutricion aguda,nutricion superior (ns),2007-11-01,4,1,0,1,4,2,6
50602,VITICHI,desnutricion aguda,nutricion superior (ns),2007-11-01,3,3,1,2,4,5,9
70201,WARNES,desnutricion aguda,nutricion superior (ns),2007-11-01,85,73,17,11,102,84,186
60301,YACUIBA,desnutricion aguda,nutricion superior (ns),2007-11-01,110,86,26,25,136,111,247
10602,YAMPARAEZ,desnutricion aguda,nutricion superior (ns),2007-11-01,8,6,3,1,11,7,18
50103,YOCALLA,desnutricion aguda,nutricion superior (ns),2007-11-01,10,0,0,0,10,0,10
10102,YOTALA,desnutricion aguda,nutricion superior (ns),2007-11-01,29,25,24,16,53,41,94
60402,YUNCHARA,desnutricion aguda,nutricion superior (ns),2007-11-01,11,1,0,0,11,1,12
10301,ZUDAÑEZ,desnutricion aguda,nutricion superior (ns),2007-11-01,2,7,0,0,2,7,9
51302,ACACIO,desnutricion aguda,nutricion superior (ns),2007-12-01,11,3,1,1,12,4,16
30201,AIQUILE,desnutricion aguda,nutricion superior (ns),2007-12-01,11,7,3,3,14,10,24
31303,ALALAY,desnutricion aguda,nutricion superior (ns),2007-12-01,3,1,1,0,4,1,5
10404,ALCALA,desnutricion aguda,nutricion superior (ns),2007-12-01,5,6,0,0,5,6,11
41201,ANDAMARCA,desnutricion aguda,nutricion superior (ns),2007-12-01,3,3,2,1,5,4,9
30402,ANZALDO,desnutricion aguda,nutricion superior (ns),2007-12-01,0,0,1,0,1,0,1
51301,ARAMPAMPA,desnutricion aguda,nutricion superior (ns),2007-12-01,1,0,0,1,1,1,2
30501,ARANI,desnutricion aguda,nutricion superior (ns),2007-12-01,2,0,0,0,2,0,2
30403,ARBIETO,desnutricion aguda,nutricion superior (ns),2007-12-01,10,7,1,1,11,8,19
30601,ARQUE,desnutricion aguda,nutricion superior (ns),2007-12-01,1,0,0,0,1,0,1
71501,ASCENCION DE GUARAYOS,desnutricion aguda,nutricion superior (ns),2007-12-01,39,19,5,4,44,23,67
50802,ATOCHA,desnutricion aguda,nutricion superior (ns),2007-12-01,8,12,3,0,11,12,23
30301,AYOPAYA (V. DE INDEPENDENCIA),desnutricion aguda,nutricion superior (ns),2007-12-01,9,4,0,0,9,4,13
10201,AZURDUY,desnutricion aguda,nutricion superior (ns),2007-12-01,1,2,1,0,2,2,4
80802,BAURES,desnutricion aguda,nutricion superior (ns),2007-12-01,2,2,1,2,3,4,7
50104,BELEN DE URMIRI,desnutricion aguda,nutricion superior (ns),2007-12-01,1,0,0,0,1,0,1
90104,BELLA FLOR,desnutricion aguda,nutricion superior (ns),2007-12-01,7,3,1,0,8,3,11
60202,BERMEJO,desnutricion aguda,nutricion superior (ns),2007-12-01,5,6,0,0,5,6,11
50301,BETANZOS,desnutricion aguda,nutricion superior (ns),2007-12-01,27,17,7,4,34,21,55
90103,BOLPEBRA,desnutricion aguda,nutricion superior (ns),2007-12-01,2,4,0,4,2,8,10
70707,BOYUIBE,desnutricion aguda,nutricion superior (ns),2007-12-01,1,0,0,0,1,0,1
70401,BUENA VISTA,desnutricion aguda,nutricion superior (ns),2007-12-01,15,9,2,6,17,15,32
70703,CABEZAS,desnutricion aguda,nutricion superior (ns),2007-12-01,30,18,11,8,41,26,67
51102,"CAIZA ""D""",desnutricion aguda,nutricion superior (ns),2007-12-01,11,5,2,1,13,6,19
21003,CAJUATA,desnutricion aguda,nutricion superior (ns),2007-12-01,16,17,23,18,39,35,74
10701,CAMARGO,desnutricion aguda,nutricion superior (ns),2007-12-01,23,16,2,2,25,18,43
10901,CAMATAQUI (C. VILLA ABECIA),desnutricion aguda,nutricion superior (ns),2007-12-01,6,4,0,2,6,6,12
70706,CAMIRI,desnutricion aguda,nutricion superior (ns),2007-12-01,74,72,34,27,108,99,207
40102,CARACOLLO,desnutricion aguda,nutricion superior (ns),2007-12-01,11,18,7,3,18,21,39
60302,CARAPARI,desnutricion aguda,nutricion superior (ns),2007-12-01,17,23,5,7,22,30,52
50702,CARIPUYO,desnutricion aguda,nutricion superior (ns),2007-12-01,3,5,1,0,4,5,9
71403,CARMEN RIVERO TORREZ,desnutricion aguda,nutricion superior (ns),2007-12-01,4,9,1,0,5,9,14
40201,CHALLAPATA,desnutricion aguda,nutricion superior (ns),2007-12-01,14,17,13,13,27,30,57
50302,CHAQUI,desnutricion aguda,nutricion superior (ns),2007-12-01,5,8,6,13,11,21,32
70702,CHARAGUA,desnutricion aguda,nutricion superior (ns),2007-12-01,42,42,23,13,65,55,120
50202,CHAYANTA,desnutricion aguda,nutricion superior (ns),2007-12-01,8,8,2,0,10,8,18
31204,CHIMORE,desnutricion aguda,nutricion superior (ns),2007-12-01,10,7,0,2,10,9,19
40903,CHIPAYA,desnutricion aguda,nutricion superior (ns),2007-12-01,0,0,0,1,0,1,1
30801,CLIZA,desnutricion aguda,nutricion superior (ns),2007-12-01,36,17,3,9,39,26,65
90101,COBIJA,desnutricion aguda,nutricion superior (ns),2007-12-01,58,78,11,15,69,93,162
30101,COCHABAMBA,desnutricion aguda,nutricion superior (ns),2007-12-01,272,244,103,53,375,297,672
30905,COLCAPIRHUA,desnutricion aguda,nutricion superior (ns),2007-12-01,4,9,1,3,5,12,17
50901,"COLCHA ""K""",desnutricion aguda,nutricion superior (ns),2007-12-01,3,1,0,2,3,3,6
31002,COLOMI,desnutricion aguda,nutricion superior (ns),2007-12-01,10,6,0,1,10,7,17
70603,COLPA BELGICA,desnutricion aguda,nutricion superior (ns),2007-12-01,6,2,4,2,10,4,14
50401,COLQUECHACA,desnutricion aguda,nutricion superior (ns),2007-12-01,6,7,0,1,6,8,14
21004,COLQUIRI,desnutricion aguda,nutricion superior (ns),2007-12-01,8,7,7,9,15,16,31
71301,COMARAPA,desnutricion aguda,nutricion superior (ns),2007-12-01,77,60,16,26,93,86,179
71101,CONCEPCION,desnutricion aguda,nutricion superior (ns),2007-12-01,2,4,1,3,3,7,10
40301,CORQUE,desnutricion aguda,nutricion superior (ns),2007-12-01,1,1,3,3,4,4,8
50601,COTAGAITA,desnutricion aguda,nutricion superior (ns),2007-12-01,13,14,12,13,25,27,52
70102,COTOCA,desnutricion aguda,nutricion superior (ns),2007-12-01,66,24,5,2,71,26,97
71106,CUATRO CAÑADAS,desnutricion aguda,nutricion superior (ns),2007-12-01,15,12,11,6,26,18,44
31405,CUCHUMUELA (V. G. VILLARROEL),desnutricion aguda,nutricion superior (ns),2007-12-01,1,0,0,0,1,0,1
70704,CUEVO,desnutricion aguda,nutricion superior (ns),2007-12-01,10,7,2,1,12,8,20
10902,CULPINA,desnutricion aguda,nutricion superior (ns),2007-12-01,11,16,2,2,13,18,31
40401,CURAHUARA DE CARANGAS,desnutricion aguda,nutricion superior (ns),2007-12-01,2,1,0,0,2,1,3
40103,EL CHORO,desnutricion aguda,nutricion superior (ns),2007-12-01,2,1,1,1,3,2,5
71503,EL PUENTE(STC),desnutricion aguda,nutricion superior (ns),2007-12-01,22,6,2,0,24,6,30
60502,EL PUENTE(TJA),desnutricion aguda,nutricion superior (ns),2007-12-01,3,3,0,0,3,3,6
70105,EL TORNO,desnutricion aguda,nutricion superior (ns),2007-12-01,50,21,6,7,56,28,84
10405,EL VILLAR,desnutricion aguda,nutricion superior (ns),2007-12-01,3,1,2,1,5,2,7
60601,ENTRE RIOS,desnutricion aguda,nutricion superior (ns),2007-12-01,18,16,1,2,19,18,37
60601,ENTRE RIOS,desnutricion aguda,nutricion superior (ns),2007-12-01,20,18,3,8,23,26,49
41101,EUCALIPTUS,desnutricion aguda,nutricion superior (ns),2007-12-01,1,3,0,0,1,3,4
90503,EUREKA (SANTOS MERCADO),desnutricion aguda,nutricion superior (ns),2007-12-01,0,1,0,0,0,1,1
80402,EXALTACION,desnutricion aguda,nutricion superior (ns),2007-12-01,3,1,1,2,4,3,7
71004,FERNANDEZ ALONSO,desnutricion aguda,nutricion superior (ns),2007-12-01,14,13,1,4,15,17,32
90203,FILADELFIA,desnutricion aguda,nutricion superior (ns),2007-12-01,6,2,0,1,6,3,9
71002,GENERAL SAAVEDRA,desnutricion aguda,nutricion superior (ns),2007-12-01,21,16,13,12,34,28,62
80202,GUAYARAMERIN,desnutricion aguda,nutricion superior (ns),2007-12-01,105,64,11,9,116,73,189
70705,GUTIERREZ,desnutricion aguda,nutricion superior (ns),2007-12-01,28,21,9,7,37,28,65
10502,HUACARETA,desnutricion aguda,nutricion superior (ns),2007-12-01,17,10,1,3,18,13,31
11002,HUACAYA (VILLA DE HUACAYA),desnutricion aguda,nutricion superior (ns),2007-12-01,7,7,2,2,9,9,18
40701,HUANUNI,desnutricion aguda,nutricion superior (ns),2007-12-01,21,25,6,5,27,30,57
80803,HUARACAJE,desnutricion aguda,nutricion superior (ns),2007-12-01,4,6,6,0,10,6,16
41601,HUAYLLAMARCA,desnutricion aguda,nutricion superior (ns),2007-12-01,2,3,0,0,2,3,5
21005,ICHOCA,desnutricion aguda,nutricion superior (ns),2007-12-01,9,12,5,5,14,17,31
10304,ICLA,desnutricion aguda,nutricion superior (ns),2007-12-01,5,9,7,0,12,9,21
10703,INCAHUASI,desnutricion aguda,nutricion superior (ns),2007-12-01,11,13,1,1,12,14,26
21001,INQUISIVI,desnutricion aguda,nutricion superior (ns),2007-12-01,11,11,7,8,18,19,37
70104,LA GUARDIA,desnutricion aguda,nutricion superior (ns),2007-12-01,84,56,17,11,101,67,168
70701,LAGUNILLAS,desnutricion aguda,nutricion superior (ns),2007-12-01,28,19,20,10,48,29,77
10903,LAS CARRERAS,desnutricion aguda,nutricion superior (ns),2007-12-01,5,1,2,1,7,2,9
21006,LICOMA PAMPA,desnutricion aguda,nutricion superior (ns),2007-12-01,8,11,5,2,13,13,26
50203,LLALLAGUA,desnutricion aguda,nutricion superior (ns),2007-12-01,25,23,2,4,27,27,54
51401,LLICA,desnutricion aguda,nutricion superior (ns),2007-12-01,1,2,0,0,1,2,3
80601,LORETO,desnutricion aguda,nutricion superior (ns),2007-12-01,3,1,2,1,5,2,7
40702,MACHACAMARCA,desnutricion aguda,nutricion superior (ns),2007-12-01,2,3,0,0,2,3,5
11003,MACHARETI,desnutricion aguda,nutricion superior (ns),2007-12-01,18,18,7,9,25,27,52
80801,MAGDALENA,desnutricion aguda,nutricion superior (ns),2007-12-01,9,9,0,1,9,10,19
70903,MAIRANA,desnutricion aguda,nutricion superior (ns),2007-12-01,19,8,2,3,21,11,32
20103,MECAPACA,desnutricion aguda,nutricion superior (ns),2007-12-01,7,8,0,1,7,9,16
71003,MINEROS,desnutricion aguda,nutricion superior (ns),2007-12-01,17,9,4,5,21,14,35
31301,MIZQUE,desnutricion aguda,nutricion superior (ns),2007-12-01,11,10,0,1,11,11,22
51002,MOJINETE,desnutricion aguda,nutricion superior (ns),2007-12-01,1,0,0,0,1,0,1
10303,MOJOCOYA,desnutricion aguda,nutricion superior (ns),2007-12-01,6,12,2,0,8,12,20
10501,MONTEAGUDO,desnutricion aguda,nutricion superior (ns),2007-12-01,61,45,17,7,78,52,130
71001,MONTERO,desnutricion aguda,nutricion superior (ns),2007-12-01,169,129,49,40,218,169,387
70803,MORO MORO,desnutricion aguda,nutricion superior (ns),2007-12-01,6,4,2,0,8,4,12
30302,MOROCHATA,desnutricion aguda,nutricion superior (ns),2007-12-01,8,3,1,0,9,3,12
90501,NUEVO MANOA (NUEVA ESPERANZA),desnutricion aguda,nutricion superior (ns),2007-12-01,1,0,0,0,1,0,1
50404,OCURI,desnutricion aguda,nutricion superior (ns),2007-12-01,10,8,0,0,10,8,18
70202,OKINAWA,desnutricion aguda,nutricion superior (ns),2007-12-01,6,1,0,3,6,4,10
30203,OMEREQUE,desnutricion aguda,nutricion superior (ns),2007-12-01,7,7,1,2,8,9,17
40101,ORURO,desnutricion aguda,nutricion superior (ns),2007-12-01,202,182,69,116,271,298,569
60201,PADCAYA,desnutricion aguda,nutricion superior (ns),2007-12-01,18,12,6,7,24,19,43
10401,PADILLA,desnutricion aguda,nutricion superior (ns),2007-12-01,7,13,5,5,12,18,30
70502,PAILON,desnutricion aguda,nutricion superior (ns),2007-12-01,18,7,5,6,23,13,36
20102,PALCA,desnutricion aguda,nutricion superior (ns),2007-12-01,3,1,3,1,6,2,8
40802,PAMPA AULLAGAS,desnutricion aguda,nutricion superior (ns),2007-12-01,1,4,0,0,1,4,5
70902,PAMPA GRANDE,desnutricion aguda,nutricion superior (ns),2007-12-01,5,2,0,0,5,2,7
30202,PASORAPA,desnutricion aguda,nutricion superior (ns),2007-12-01,1,1,0,2,1,3,4
40602,PAZÑA,desnutricion aguda,nutricion superior (ns),2007-12-01,0,3,1,3,1,6,7
50403,POCOATA,desnutricion aguda,nutricion superior (ns),2007-12-01,8,4,3,0,11,4,15
31203,POCONA,desnutricion aguda,nutricion superior (ns),2007-12-01,4,2,0,1,4,3,7
31202,POJO (CBBA),desnutricion aguda,nutricion superior (ns),2007-12-01,22,18,0,0,22,18,40
40601,POOPO,desnutricion aguda,nutricion superior (ns),2007-12-01,2,2,1,1,3,3,6
51203,PORCO,desnutricion aguda,nutricion superior (ns),2007-12-01,20,6,1,0,21,6,27
10103,POROMA,desnutricion aguda,nutricion superior (ns),2007-12-01,7,12,2,0,9,12,21
70103,PORONGO,desnutricion aguda,nutricion superior (ns),2007-12-01,8,8,0,0,8,8,16
70601,PORTACHUELO,desnutricion aguda,nutricion superior (ns),2007-12-01,46,44,25,18,71,62,133
90102,PORVENIR,desnutricion aguda,nutricion superior (ns),2007-12-01,6,2,1,0,7,2,9
70804,POSTRER VALLE,desnutricion aguda,nutricion superior (ns),2007-12-01,0,2,1,0,1,2,3
50101,POTOSI,desnutricion aguda,nutricion superior (ns),2007-12-01,2,2,0,0,2,2,4
10302,PRESTO,desnutricion aguda,nutricion superior (ns),2007-12-01,2,9,0,0,2,9,11
70805,PUCARA,desnutricion aguda,nutricion superior (ns),2007-12-01,1,0,0,0,1,0,1
90301,PUERTO GONZALO MORENO,desnutricion aguda,nutricion superior (ns),2007-12-01,1,4,0,0,1,4,5
71402,PUERTO QUIJARRO,desnutricion aguda,nutricion superior (ns),2007-12-01,32,32,3,6,35,38,73
90201,PUERTO RICO,desnutricion aguda,nutricion superior (ns),2007-12-01,10,7,6,1,16,8,24
80703,PUERTO SILES,desnutricion aguda,nutricion superior (ns),2007-12-01,0,2,0,0,0,2,2
71401,PUERTO SUAREZ,desnutricion aguda,nutricion superior (ns),2007-12-01,12,5,1,1,13,6,19
31205,PUERTO VILLARROEL,desnutricion aguda,nutricion superior (ns),2007-12-01,76,84,20,18,96,102,198
51101,PUNA,desnutricion aguda,nutricion superior (ns),2007-12-01,17,14,1,3,18,17,35
31401,PUNATA,desnutricion aguda,nutricion superior (ns),2007-12-01,17,12,0,2,17,14,31
30901,QUILLACOLLO,desnutricion aguda,nutricion superior (ns),2007-12-01,29,22,3,5,32,27,59
21002,QUIME,desnutricion aguda,nutricion superior (ns),2007-12-01,12,13,23,11,35,24,59
50402,RAVELO,desnutricion aguda,nutricion superior (ns),2007-12-01,8,5,8,10,16,15,31
80301,REYES,desnutricion aguda,nutricion superior (ns),2007-12-01,17,26,4,5,21,31,52
80201,RIBERALTA,desnutricion aguda,nutricion superior (ns),2007-12-01,95,41,26,6,121,47,168
70503,ROBORE,desnutricion aguda,nutricion superior (ns),2007-12-01,10,2,3,11,13,13,26
80304,RURRENABAQUE,desnutricion aguda,nutricion superior (ns),2007-12-01,12,15,2,1,14,16,30
40901,SABAYA,desnutricion aguda,nutricion superior (ns),2007-12-01,2,0,0,1,2,1,3
31001,SACABA,desnutricion aguda,nutricion superior (ns),2007-12-01,49,29,1,2,50,31,81
30404,SACABAMBA,desnutricion aguda,nutricion superior (ns),2007-12-01,1,0,0,0,1,0,1
50701,SACACA,desnutricion aguda,nutricion superior (ns),2007-12-01,2,0,0,3,2,3,5
71302,SAIPINA,desnutricion aguda,nutricion superior (ns),2007-12-01,46,39,31,21,77,60,137
40801,SALINAS DE GARCI MENDOZA,desnutricion aguda,nutricion superior (ns),2007-12-01,13,9,6,2,19,11,30
70901,SAMAIPATA,desnutricion aguda,nutricion superior (ns),2007-12-01,4,3,0,0,4,3,7
51601,SAN AGUSTIN,desnutricion aguda,nutricion superior (ns),2007-12-01,1,2,3,0,4,2,6
80602,SAN ANDRES,desnutricion aguda,nutricion superior (ns),2007-12-01,4,3,0,0,4,3,7
71105,SAN ANTONIO DE LOMERIO,desnutricion aguda,nutricion superior (ns),2007-12-01,7,11,0,1,7,12,19
31403,SAN BENITO,desnutricion aguda,nutricion superior (ns),2007-12-01,4,1,0,0,4,1,5
80302,SAN BORJA,desnutricion aguda,nutricion superior (ns),2007-12-01,39,36,6,11,45,47,92
70402,SAN CARLOS,desnutricion aguda,nutricion superior (ns),2007-12-01,7,5,2,1,9,6,15
80501,SAN IGNACIO,desnutricion aguda,nutricion superior (ns),2007-12-01,23,13,9,3,32,16,48
70301,SAN IGNACIO DE VELASCO,desnutricion aguda,nutricion superior (ns),2007-12-01,81,33,8,8,89,41,130
80102,SAN JAVIER(BNI),desnutricion aguda,nutricion superior (ns),2007-12-01,2,0,3,3,5,3,8
71102,SAN JAVIER(STC),desnutricion aguda,nutricion superior (ns),2007-12-01,9,10,4,1,13,11,24
80701,SAN JOAQUIN,desnutricion aguda,nutricion superior (ns),2007-12-01,7,11,1,0,8,11,19
70501,SAN JOSE DE CHIQUITOS,desnutricion aguda,nutricion superior (ns),2007-12-01,12,7,5,6,17,13,30
70404,SAN JUAN DE YAPACANI,desnutricion aguda,nutricion superior (ns),2007-12-01,13,6,1,2,14,8,22
71104,SAN JULIAN,desnutricion aguda,nutricion superior (ns),2007-12-01,9,8,3,1,12,9,21
90302,SAN LORENZO(PND),desnutricion aguda,nutricion superior (ns),2007-12-01,2,4,0,1,2,5,7
60501,SAN LORENZO(TJA),desnutricion aguda,nutricion superior (ns),2007-12-01,11,5,3,0,14,5,19
10702,SAN LUCAS,desnutricion aguda,nutricion superior (ns),2007-12-01,19,21,4,2,23,23,46
71201,SAN MATIAS,desnutricion aguda,nutricion superior (ns),2007-12-01,11,8,0,1,11,9,20
70302,SAN MIGUEL DE VELASCO,desnutricion aguda,nutricion superior (ns),2007-12-01,10,16,1,1,11,17,28
51001,SAN PABLO DE LIPEZ,desnutricion aguda,nutricion superior (ns),2007-12-01,0,0,1,0,1,0,1
71005,SAN PEDRO,desnutricion aguda,nutricion superior (ns),2007-12-01,38,40,5,4,43,44,87
50501,SAN PEDRO DE BUENA VISTA,desnutricion aguda,nutricion superior (ns),2007-12-01,11,6,0,2,11,8,19
90202,SAN PEDRO(PND),desnutricion aguda,nutricion superior (ns),2007-12-01,1,2,0,0,1,2,3
70303,SAN RAFAEL,desnutricion aguda,nutricion superior (ns),2007-12-01,8,3,0,1,8,4,12
80702,SAN RAMON,desnutricion aguda,nutricion superior (ns),2007-12-01,14,0,0,0,14,0,14
80702,SAN RAMON,desnutricion aguda,nutricion superior (ns),2007-12-01,7,9,5,4,12,13,25
80401,SANTA ANA,desnutricion aguda,nutricion superior (ns),2007-12-01,24,24,2,6,26,30,56
70101,SANTA CRUZ DE LA SIERRA,desnutricion aguda,nutricion superior (ns),2007-12-01,807,581,210,212,1017,793,1810
80303,SANTA ROSA,desnutricion aguda,nutricion superior (ns),2007-12-01,2,0,0,0,2,0,2
70602,SANTA ROSA DEL SARA,desnutricion aguda,nutricion superior (ns),2007-12-01,18,13,4,2,22,15,37
41401,SANTIAGO DE HUARI,desnutricion aguda,nutricion superior (ns),2007-12-01,10,14,10,11,20,25,45
30702,SANTIVAÑES,desnutricion aguda,nutricion superior (ns),2007-12-01,1,2,0,0,1,2,3
40202,SANTUARIO DE QUILLACAS,desnutricion aguda,nutricion superior (ns),2007-12-01,3,1,0,2,3,3,6
90303,SENA,desnutricion aguda,nutricion superior (ns),2007-12-01,5,0,0,0,5,0,5
30902,SIPE SIPE,desnutricion aguda,nutricion superior (ns),2007-12-01,32,28,8,28,40,56,96
10403,SOPACHUY,desnutricion aguda,nutricion superior (ns),2007-12-01,5,1,0,0,5,1,6
40104,SORACACHI,desnutricion aguda,nutricion superior (ns),2007-12-01,22,18,23,19,45,37,82
10101,SUCRE,desnutricion aguda,nutricion superior (ns),2007-12-01,201,164,28,19,229,183,412
31404,TACACHI,desnutricion aguda,nutricion superior (ns),2007-12-01,2,1,0,0,2,1,3
50303,TACOBAMBA,desnutricion aguda,nutricion superior (ns),2007-12-01,0,2,0,0,0,2,2
30602,TACOPAYA,desnutricion aguda,nutricion superior (ns),2007-12-01,2,0,2,0,4,0,4
51402,TAHUA,desnutricion aguda,nutricion superior (ns),2007-12-01,0,5,0,0,0,5,5
31101,TAPACARI,desnutricion aguda,nutricion superior (ns),2007-12-01,2,2,0,0,2,2,4
10601,TARABUCO,desnutricion aguda,nutricion superior (ns),2007-12-01,9,9,7,3,16,12,28
30401,TARATA,desnutricion aguda,nutricion superior (ns),2007-12-01,11,6,0,1,11,7,18
60101,TARIJA,desnutricion aguda,nutricion superior (ns),2007-12-01,293,271,70,52,363,323,686
10202,TARVITA,desnutricion aguda,nutricion superior (ns),2007-12-01,10,2,0,0,10,2,12
50102,TINGUIPAYA,desnutricion aguda,nutricion superior (ns),2007-12-01,2,1,0,1,2,2,4
30903,TIQUIPAYA,desnutricion aguda,nutricion superior (ns),2007-12-01,6,5,1,0,7,5,12
31601,TIRAQUE (CBBA),desnutricion aguda,nutricion superior (ns),2007-12-01,55,44,10,7,65,51,116
30802,TOCO,desnutricion aguda,nutricion superior (ns),2007-12-01,4,2,0,2,4,4,8
30803,TOLATA,desnutricion aguda,nutricion superior (ns),2007-12-01,3,2,2,0,5,2,7
41001,TOLEDO,desnutricion aguda,nutricion superior (ns),2007-12-01,0,2,0,0,0,2,2
51202,TOMAVE,desnutricion aguda,nutricion superior (ns),2007-12-01,1,11,0,1,1,12,13
10402,TOMINA,desnutricion aguda,nutricion superior (ns),2007-12-01,11,15,1,3,12,18,30
50502,TORO TORO,desnutricion aguda,nutricion superior (ns),2007-12-01,22,20,20,22,42,42,84
31201,TOTORA(CBBA),desnutricion aguda,nutricion superior (ns),2007-12-01,9,5,0,0,9,5,14
41301,TOTORA(ORR),desnutricion aguda,nutricion superior (ns),2007-12-01,1,2,3,0,4,2,6
70802,TRIGAL,desnutricion aguda,nutricion superior (ns),2007-12-01,3,4,5,0,8,4,12
80101,TRINIDAD,desnutricion aguda,nutricion superior (ns),2007-12-01,103,77,23,23,126,100,226
50801,TUPIZA,desnutricion aguda,nutricion superior (ns),2007-12-01,30,18,10,4,40,22,62
40402,TURCO,desnutricion aguda,nutricion superior (ns),2007-12-01,8,3,1,4,9,7,16
50201,UNCIA,desnutricion aguda,nutricion superior (ns),2007-12-01,7,2,1,2,8,4,12
60401,URIONDO (A. CONCEPCION),desnutricion aguda,nutricion superior (ns),2007-12-01,12,11,11,3,23,14,37
71502,URUBICHA,desnutricion aguda,nutricion superior (ns),2007-12-01,8,9,5,1,13,10,23
51201,UYUNI,desnutricion aguda,nutricion superior (ns),2007-12-01,19,17,1,2,20,19,39
30502,VACAS,desnutricion aguda,nutricion superior (ns),2007-12-01,2,2,1,0,3,2,5
70801,VALLEGRANDE,desnutricion aguda,nutricion superior (ns),2007-12-01,15,9,8,9,23,18,41
20801,VIACHA,desnutricion aguda,nutricion superior (ns),2007-12-01,28,28,7,7,35,35,70
31302,VILA VILA,desnutricion aguda,nutricion superior (ns),2007-12-01,0,1,0,0,0,1,1
60303,VILLA MONTES,desnutricion aguda,nutricion superior (ns),2007-12-01,40,31,4,6,44,37,81
90502,VILLA NUEVA (LOMA ALTA),desnutricion aguda,nutricion superior (ns),2007-12-01,2,4,0,0,2,4,6
31402,VILLA RIVERO,desnutricion aguda,nutricion superior (ns),2007-12-01,2,3,1,0,3,3,6
10801,VILLA SERRANO,desnutricion aguda,nutricion superior (ns),2007-12-01,9,7,2,2,11,9,20
31003,VILLA TUNARI,desnutricion aguda,nutricion superior (ns),2007-12-01,13,12,3,0,16,12,28
11001,VILLA VACA GUZMAN (MUYUPAMPA),desnutricion aguda,nutricion superior (ns),2007-12-01,6,12,1,2,7,14,21
51501,VILLAZON,desnutricion aguda,nutricion superior (ns),2007-12-01,21,27,2,8,23,35,58
30904,VINTO,desnutricion aguda,nutricion superior (ns),2007-12-01,12,6,0,2,12,8,20
50602,VITICHI,desnutricion aguda,nutricion superior (ns),2007-12-01,7,5,1,1,8,6,14
70201,WARNES,desnutricion aguda,nutricion superior (ns),2007-12-01,110,63,17,27,127,90,217
60301,YACUIBA,desnutricion aguda,nutricion superior (ns),2007-12-01,70,59,6,9,76,68,144
10602,YAMPARAEZ,desnutricion aguda,nutricion superior (ns),2007-12-01,9,8,3,1,12,9,21
70403,YAPACANI,desnutricion aguda,nutricion superior (ns),2007-12-01,0,43,47,9,47,52,99
50103,YOCALLA,desnutricion aguda,nutricion superior (ns),2007-12-01,2,0,0,1,2,1,3
10102,YOTALA,desnutricion aguda,nutricion superior (ns),2007-12-01,20,28,16,22,36,50,86
60402,YUNCHARA,desnutricion aguda,nutricion superior (ns),2007-12-01,1,0,6,3,7,3,10
10301,ZUDAÑEZ,desnutricion aguda,nutricion superior (ns),2007-12-01,5,4,1,0,6,4,10
