codigo_municipio,municipio,grupo,variable,mes,< de 2 años-H,< de 2 años-M,2 a 4 años-H,2 a 4 años-M,TOTAL-H,TOTAL-M,TOTAL
51302,ACACIO,desnutricion global,nutricion normal (n),2005-01-01,41,52,65,55,106,107,213
20201,ACHACACHI,desnutricion global,nutricion normal (n),2005-01-01,279,264,219,213,498,477,975
20104,ACHOCALLA,desnutricion global,nutricion normal (n),2005-01-01,15,24,5,2,20,26,46
30201,AIQUILE,desnutricion global,nutricion normal (n),2005-01-01,36,30,17,25,53,55,108
31303,ALALAY,desnutricion global,nutricion normal (n),2005-01-01,14,22,9,16,23,38,61
10404,ALCALA,desnutricion global,nutricion normal (n),2005-01-01,19,24,60,53,79,77,156
20202,ANCORAIMES,desnutricion global,nutricion normal (n),2005-01-01,86,102,109,102,195,204,399
41201,ANDAMARCA,desnutricion global,nutricion normal (n),2005-01-01,13,21,21,24,34,45,79
40603,ANTEQUERA,desnutricion global,nutricion normal (n),2005-01-01,8,13,5,11,13,24,37
30402,ANZALDO,desnutricion global,nutricion normal (n),2005-01-01,5,5,19,12,24,17,41
20701,APOLO,desnutricion global,nutricion normal (n),2005-01-01,50,44,20,25,70,69,139
51301,ARAMPAMPA,desnutricion global,nutricion normal (n),2005-01-01,23,20,28,24,51,44,95
30501,ARANI,desnutricion global,nutricion normal (n),2005-01-01,58,54,8,5,66,59,125
30403,ARBIETO,desnutricion global,nutricion normal (n),2005-01-01,33,36,17,16,50,52,102
30601,ARQUE,desnutricion global,nutricion normal (n),2005-01-01,43,29,33,16,76,45,121
50802,ATOCHA,desnutricion global,nutricion normal (n),2005-01-01,101,83,53,62,154,145,299
20503,AUCAPATA,desnutricion global,nutricion normal (n),2005-01-01,17,16,12,13,29,29,58
20502,AYATA,desnutricion global,nutricion normal (n),2005-01-01,53,31,16,21,69,52,121
21303,AYO AYO,desnutricion global,nutricion normal (n),2005-01-01,39,31,20,20,59,51,110
30301,AYOPAYA (V. DE INDEPENDENCIA),desnutricion global,nutricion normal (n),2005-01-01,79,75,46,34,125,109,234
10201,AZURDUY,desnutricion global,nutricion normal (n),2005-01-01,220,215,207,153,427,368,795
21203,BATALLAS,desnutricion global,nutricion normal (n),2005-01-01,88,88,70,62,158,150,308
80802,BAURES,desnutricion global,nutricion normal (n),2005-01-01,64,0,49,0,113,0,113
41202,BELEN DE ANDAMARCA,desnutricion global,nutricion normal (n),2005-01-01,9,4,2,4,11,8,19
50104,BELEN DE URMIRI,desnutricion global,nutricion normal (n),2005-01-01,15,2,13,3,28,5,33
90104,BELLA FLOR,desnutricion global,nutricion normal (n),2005-01-01,22,17,29,30,51,47,98
60202,BERMEJO,desnutricion global,nutricion normal (n),2005-01-01,50,22,8,5,58,27,85
50301,BETANZOS,desnutricion global,nutricion normal (n),2005-01-01,157,167,141,165,298,332,630
31501,BOLIVAR,desnutricion global,nutricion normal (n),2005-01-01,44,44,44,32,88,76,164
90103,BOLPEBRA,desnutricion global,nutricion normal (n),2005-01-01,16,2,6,10,22,12,34
70707,BOYUIBE,desnutricion global,nutricion normal (n),2005-01-01,9,9,18,15,27,24,51
70401,BUENA VISTA,desnutricion global,nutricion normal (n),2005-01-01,130,135,137,162,267,297,564
70703,CABEZAS,desnutricion global,nutricion normal (n),2005-01-01,110,120,50,44,160,164,324
20905,CAIROMA,desnutricion global,nutricion normal (n),2005-01-01,45,59,42,53,87,112,199
51102,"CAIZA ""D""",desnutricion global,nutricion normal (n),2005-01-01,73,66,56,42,129,108,237
21003,CAJUATA,desnutricion global,nutricion normal (n),2005-01-01,55,51,42,39,97,90,187
20303,CALACOTO,desnutricion global,nutricion normal (n),2005-01-01,9,16,7,4,16,20,36
21304,CALAMARCA,desnutricion global,nutricion normal (n),2005-01-01,53,50,24,18,77,68,145
10701,CAMARGO,desnutricion global,nutricion normal (n),2005-01-01,124,107,64,54,188,161,349
10901,CAMATAQUI (C. VILLA ABECIA),desnutricion global,nutricion normal (n),2005-01-01,45,22,24,23,69,45,114
70706,CAMIRI,desnutricion global,nutricion normal (n),2005-01-01,219,153,138,125,357,278,635
30701,CAPINOTA,desnutricion global,nutricion normal (n),2005-01-01,77,80,46,37,123,117,240
20302,CAQUIAVIRI,desnutricion global,nutricion normal (n),2005-01-01,44,37,17,11,61,48,109
40102,CARACOLLO,desnutricion global,nutricion normal (n),2005-01-01,62,63,50,59,112,122,234
22001,CARANAVI,desnutricion global,nutricion normal (n),2005-01-01,203,149,92,100,295,249,544
41503,CARANGAS,desnutricion global,nutricion normal (n),2005-01-01,1,1,0,1,1,2,3
60302,CARAPARI,desnutricion global,nutricion normal (n),2005-01-01,95,70,62,70,157,140,297
21902,CATACORA,desnutricion global,nutricion normal (n),2005-01-01,13,9,14,21,27,30,57
21803,CHACARILLA,desnutricion global,nutricion normal (n),2005-01-01,1,5,2,4,3,9,12
40201,CHALLAPATA,desnutricion global,nutricion normal (n),2005-01-01,70,84,52,57,122,141,263
50302,CHAQUI,desnutricion global,nutricion normal (n),2005-01-01,20,6,11,2,31,8,39
70702,CHARAGUA,desnutricion global,nutricion normal (n),2005-01-01,151,131,176,186,327,317,644
20305,CHARAÑA,desnutricion global,nutricion normal (n),2005-01-01,8,14,13,20,21,34,55
50202,CHAYANTA,desnutricion global,nutricion normal (n),2005-01-01,126,16,36,115,162,131,293
31204,CHIMORE,desnutricion global,nutricion normal (n),2005-01-01,69,53,36,38,105,91,196
40903,CHIPAYA,desnutricion global,nutricion normal (n),2005-01-01,11,6,4,1,15,7,22
40302,CHOQUE COTA,desnutricion global,nutricion normal (n),2005-01-01,5,4,14,8,19,12,31
21101,CHULUMANI (V. DE LA LIBERTAD),desnutricion global,nutricion normal (n),2005-01-01,63,65,40,35,103,100,203
20501,CHUMA,desnutricion global,nutricion normal (n),2005-01-01,35,29,12,25,47,54,101
30801,CLIZA,desnutricion global,nutricion normal (n),2005-01-01,51,37,38,43,89,80,169
90101,COBIJA,desnutricion global,nutricion normal (n),2005-01-01,272,153,234,121,506,274,780
30101,COCHABAMBA,desnutricion global,nutricion normal (n),2005-01-01,1315,1130,470,390,1785,1520,3305
40902,COIPASA,desnutricion global,nutricion normal (n),2005-01-01,15,0,15,0,30,0,30
30905,COLCAPIRHUA,desnutricion global,nutricion normal (n),2005-01-01,120,95,42,25,162,120,282
50901,"COLCHA ""K""",desnutricion global,nutricion normal (n),2005-01-01,45,32,18,39,63,71,134
21307,COLLANA,desnutricion global,nutricion normal (n),2005-01-01,7,5,4,2,11,7,18
31002,COLOMI,desnutricion global,nutricion normal (n),2005-01-01,160,148,59,78,219,226,445
70603,COLPA BELGICA,desnutricion global,nutricion normal (n),2005-01-01,52,30,23,25,75,55,130
50401,COLQUECHACA,desnutricion global,nutricion normal (n),2005-01-01,105,98,25,29,130,127,257
21306,COLQUENCHA,desnutricion global,nutricion normal (n),2005-01-01,36,45,25,23,61,68,129
21004,COLQUIRI,desnutricion global,nutricion normal (n),2005-01-01,105,100,65,49,170,149,319
20304,COMANCHE,desnutricion global,nutricion normal (n),2005-01-01,15,10,5,4,20,14,34
71301,COMARAPA,desnutricion global,nutricion normal (n),2005-01-01,91,74,51,53,142,127,269
20605,COMBAYA,desnutricion global,nutricion normal (n),2005-01-01,2,3,3,7,5,10,15
71101,CONCEPCION,desnutricion global,nutricion normal (n),2005-01-01,171,0,15,0,186,0,186
21701,COPACABANA,desnutricion global,nutricion normal (n),2005-01-01,97,33,65,19,162,52,214
21402,CORIPATA,desnutricion global,nutricion normal (n),2005-01-01,30,21,11,11,41,32,73
20301,CORO CORO,desnutricion global,nutricion normal (n),2005-01-01,45,34,30,17,75,51,126
21401,COROICO,desnutricion global,nutricion normal (n),2005-01-01,74,63,52,41,126,104,230
40301,CORQUE,desnutricion global,nutricion normal (n),2005-01-01,31,23,18,13,49,36,85
50601,COTAGAITA,desnutricion global,nutricion normal (n),2005-01-01,186,127,114,66,300,193,493
70102,COTOCA,desnutricion global,nutricion normal (n),2005-01-01,227,185,55,60,282,245,527
71106,CUATRO CAÑADAS,desnutricion global,nutricion normal (n),2005-01-01,30,0,69,0,99,0,99
31405,CUCHUMUELA (V. G. VILLARROEL),desnutricion global,nutricion normal (n),2005-01-01,24,14,18,16,42,30,72
70704,CUEVO,desnutricion global,nutricion normal (n),2005-01-01,36,43,35,57,71,100,171
10902,CULPINA,desnutricion global,nutricion normal (n),2005-01-01,212,187,128,128,340,315,655
40401,CURAHUARA DE CARANGAS,desnutricion global,nutricion normal (n),2005-01-01,16,25,8,2,24,27,51
21602,CURVA,desnutricion global,nutricion normal (n),2005-01-01,7,8,2,6,9,14,23
20804,DESAGUADERO,desnutricion global,nutricion normal (n),2005-01-01,12,10,10,8,22,18,40
20105,EL ALTO,desnutricion global,nutricion normal (n),2005-01-01,2907,2846,1102,1003,4009,3849,7858
40103,EL CHORO,desnutricion global,nutricion normal (n),2005-01-01,9,16,8,10,17,26,43
60502,EL PUENTE(TJA),desnutricion global,nutricion normal (n),2005-01-01,53,44,55,83,108,127,235
70105,EL TORNO,desnutricion global,nutricion normal (n),2005-01-01,170,184,67,70,237,254,491
10405,EL VILLAR,desnutricion global,nutricion normal (n),2005-01-01,61,65,82,48,143,113,256
60601,ENTRE RIOS,desnutricion global,nutricion normal (n),2005-01-01,148,134,98,95,246,229,475
60601,ENTRE RIOS,desnutricion global,nutricion normal (n),2005-01-01,181,125,96,66,277,191,468
40502,ESCARA,desnutricion global,nutricion normal (n),2005-01-01,1,1,0,1,1,2,3
41101,EUCALIPTUS,desnutricion global,nutricion normal (n),2005-01-01,33,19,17,16,50,35,85
90503,EUREKA (SANTOS MERCADO),desnutricion global,nutricion normal (n),2005-01-01,1,6,1,3,2,9,11
80402,EXALTACION,desnutricion global,nutricion normal (n),2005-01-01,16,19,25,9,41,28,69
71004,FERNANDEZ ALONSO,desnutricion global,nutricion normal (n),2005-01-01,100,118,115,107,215,225,440
90203,FILADELFIA,desnutricion global,nutricion normal (n),2005-01-01,28,29,31,29,59,58,117
71002,GENERAL SAAVEDRA,desnutricion global,nutricion normal (n),2005-01-01,277,15,374,10,651,25,676
21601,GRAL. J.J. PEREZ (CHARAZANI),desnutricion global,nutricion normal (n),2005-01-01,21,22,22,17,43,39,82
20602,GUANAY,desnutricion global,nutricion normal (n),2005-01-01,129,113,74,83,203,196,399
20802,GUAQUI,desnutricion global,nutricion normal (n),2005-01-01,25,20,7,7,32,27,59
80202,GUAYARAMERIN,desnutricion global,nutricion normal (n),2005-01-01,1,0,0,0,1,0,1
70705,GUTIERREZ,desnutricion global,nutricion normal (n),2005-01-01,144,169,209,250,353,419,772
10502,HUACARETA,desnutricion global,nutricion normal (n),2005-01-01,122,97,168,162,290,259,549
11002,HUACAYA (VILLA DE HUACAYA),desnutricion global,nutricion normal (n),2005-01-01,24,22,27,32,51,54,105
40501,HUACHACALLA,desnutricion global,nutricion normal (n),2005-01-01,5,2,3,1,8,3,11
40701,HUANUNI,desnutricion global,nutricion normal (n),2005-01-01,152,125,67,53,219,178,397
80803,HUARACAJE,desnutricion global,nutricion normal (n),2005-01-01,25,18,17,13,42,31,73
41601,HUAYLLAMARCA,desnutricion global,nutricion normal (n),2005-01-01,20,22,23,15,43,37,80
21005,ICHOCA,desnutricion global,nutricion normal (n),2005-01-01,22,14,19,14,41,28,69
10304,ICLA,desnutricion global,nutricion normal (n),2005-01-01,83,85,119,116,202,201,403
10703,INCAHUASI,desnutricion global,nutricion normal (n),2005-01-01,159,148,92,73,251,221,472
90402,INGAVI (HUMAITA),desnutricion global,nutricion normal (n),2005-01-01,2,3,9,2,11,5,16
21001,INQUISIVI,desnutricion global,nutricion normal (n),2005-01-01,71,71,61,64,132,135,267
21102,IRUPANA (VILLA DE LANZA),desnutricion global,nutricion normal (n),2005-01-01,105,102,96,105,201,207,408
21501,IXIAMAS,desnutricion global,nutricion normal (n),2005-01-01,77,43,73,57,150,100,250
20806,JESUS DE MACHACA,desnutricion global,nutricion normal (n),2005-01-01,27,30,5,7,32,37,69
21105,LA ASUNTA,desnutricion global,nutricion normal (n),2005-01-01,124,110,48,33,172,143,315
70104,LA GUARDIA,desnutricion global,nutricion normal (n),2005-01-01,320,318,133,165,453,483,936
20101,LA PAZ,desnutricion global,nutricion normal (n),2005-01-01,2424,2219,1110,1152,3534,3371,6905
41501,LA RIVERA,desnutricion global,nutricion normal (n),2005-01-01,0,4,0,1,0,5,5
70701,LAGUNILLAS,desnutricion global,nutricion normal (n),2005-01-01,37,35,43,34,80,69,149
21202,LAJA,desnutricion global,nutricion normal (n),2005-01-01,63,52,31,41,94,93,187
10903,LAS CARRERAS,desnutricion global,nutricion normal (n),2005-01-01,22,16,18,23,40,39,79
21006,LICOMA PAMPA,desnutricion global,nutricion normal (n),2005-01-01,11,5,5,5,16,10,26
50203,LLALLAGUA,desnutricion global,nutricion normal (n),2005-01-01,108,96,72,78,180,174,354
51401,LLICA,desnutricion global,nutricion normal (n),2005-01-01,19,20,12,4,31,24,55
80601,LORETO,desnutricion global,nutricion normal (n),2005-01-01,13,21,22,12,35,33,68
20901,LURIBAY,desnutricion global,nutricion normal (n),2005-01-01,68,60,40,47,108,107,215
40702,MACHACAMARCA,desnutricion global,nutricion normal (n),2005-01-01,10,13,5,4,15,17,32
11003,MACHARETI,desnutricion global,nutricion normal (n),2005-01-01,93,84,112,138,205,222,427
80801,MAGDALENA,desnutricion global,nutricion normal (n),2005-01-01,96,32,48,23,144,55,199
70903,MAIRANA,desnutricion global,nutricion normal (n),2005-01-01,118,2,52,0,170,2,172
20904,MALLA,desnutricion global,nutricion normal (n),2005-01-01,6,5,4,3,10,8,18
20607,MAPIRI,desnutricion global,nutricion normal (n),2005-01-01,70,67,44,21,114,88,202
20103,MECAPACA,desnutricion global,nutricion normal (n),2005-01-01,53,43,14,16,67,59,126
71003,MINEROS,desnutricion global,nutricion normal (n),2005-01-01,155,95,99,61,254,156,410
31301,MIZQUE,desnutricion global,nutricion normal (n),2005-01-01,42,41,30,19,72,60,132
20402,MOCOMOCO,desnutricion global,nutricion normal (n),2005-01-01,67,46,47,44,114,90,204
51002,MOJINETE,desnutricion global,nutricion normal (n),2005-01-01,4,5,6,8,10,13,23
10303,MOJOCOYA,desnutricion global,nutricion normal (n),2005-01-01,59,43,99,89,158,132,290
10501,MONTEAGUDO,desnutricion global,nutricion normal (n),2005-01-01,167,158,135,126,302,284,586
71001,MONTERO,desnutricion global,nutricion normal (n),2005-01-01,1443,216,919,121,2362,337,2699
70803,MORO MORO,desnutricion global,nutricion normal (n),2005-01-01,25,13,35,23,60,36,96
30302,MOROCHATA,desnutricion global,nutricion normal (n),2005-01-01,40,46,26,33,66,79,145
90401,NACEBE (SANTA ROSA DEL ABUNA),desnutricion global,nutricion normal (n),2005-01-01,4,3,6,5,10,8,18
20307,NAZACARA DE PACAJES,desnutricion global,nutricion normal (n),2005-01-01,2,1,5,0,7,1,8
90501,NUEVO MANOA (NUEVA ESPERANZA),desnutricion global,nutricion normal (n),2005-01-01,4,3,2,10,6,13,19
50404,OCURI,desnutricion global,nutricion normal (n),2005-01-01,73,66,49,59,122,125,247
70202,OKINAWA,desnutricion global,nutricion normal (n),2005-01-01,92,91,88,72,180,163,343
30203,OMEREQUE,desnutricion global,nutricion normal (n),2005-01-01,4,1,8,4,12,5,17
40101,ORURO,desnutricion global,nutricion normal (n),2005-01-01,1075,1033,502,490,1577,1523,3100
60201,PADCAYA,desnutricion global,nutricion normal (n),2005-01-01,111,76,90,88,201,164,365
10401,PADILLA,desnutricion global,nutricion normal (n),2005-01-01,116,100,144,141,260,241,501
70502,PAILON,desnutricion global,nutricion normal (n),2005-01-01,0,155,100,0,100,155,255
20102,PALCA,desnutricion global,nutricion normal (n),2005-01-01,46,24,8,11,54,35,89
21104,PALOS BLANCOS,desnutricion global,nutricion normal (n),2005-01-01,156,120,93,91,249,211,460
40802,PAMPA AULLAGAS,desnutricion global,nutricion normal (n),2005-01-01,12,9,4,2,16,11,27
70902,PAMPA GRANDE,desnutricion global,nutricion normal (n),2005-01-01,55,42,50,63,105,105,210
21802,PAPEL PAMPA,desnutricion global,nutricion normal (n),2005-01-01,11,29,10,14,21,43,64
30202,PASORAPA,desnutricion global,nutricion normal (n),2005-01-01,11,4,11,11,22,15,37
21305,PATACAMAYA,desnutricion global,nutricion normal (n),2005-01-01,149,159,46,46,195,205,400
40602,PAZÑA,desnutricion global,nutricion normal (n),2005-01-01,19,20,21,20,40,40,80
20702,PELECHUCO,desnutricion global,nutricion normal (n),2005-01-01,15,12,5,9,20,21,41
50403,POCOATA,desnutricion global,nutricion normal (n),2005-01-01,105,96,101,85,206,181,387
31203,POCONA,desnutricion global,nutricion normal (n),2005-01-01,52,27,21,16,73,43,116
31202,POJO (CBBA),desnutricion global,nutricion normal (n),2005-01-01,68,65,78,56,146,121,267
40601,POOPO,desnutricion global,nutricion normal (n),2005-01-01,26,0,17,0,43,0,43
51203,PORCO,desnutricion global,nutricion normal (n),2005-01-01,31,40,10,11,41,51,92
10103,POROMA,desnutricion global,nutricion normal (n),2005-01-01,98,90,102,81,200,171,371
70103,PORONGO,desnutricion global,nutricion normal (n),2005-01-01,50,40,40,23,90,63,153
70601,PORTACHUELO,desnutricion global,nutricion normal (n),2005-01-01,135,91,86,85,221,176,397
90102,PORVENIR,desnutricion global,nutricion normal (n),2005-01-01,26,24,33,22,59,46,105
70804,POSTRER VALLE,desnutricion global,nutricion normal (n),2005-01-01,3,7,9,12,12,19,31
50101,POTOSI,desnutricion global,nutricion normal (n),2005-01-01,759,413,199,174,958,587,1545
10302,PRESTO,desnutricion global,nutricion normal (n),2005-01-01,77,60,85,94,162,154,316
70805,PUCARA,desnutricion global,nutricion normal (n),2005-01-01,6,0,0,1,6,1,7
21201,PUCARANI,desnutricion global,nutricion normal (n),2005-01-01,77,91,19,11,96,102,198
20401,PUERTO ACOSTA,desnutricion global,nutricion normal (n),2005-01-01,85,80,70,65,155,145,300
20403,PUERTO CARABUCO,desnutricion global,nutricion normal (n),2005-01-01,90,102,79,71,169,173,342
90301,PUERTO GONZALO MORENO,desnutricion global,nutricion normal (n),2005-01-01,33,19,10,12,43,31,74
21204,PUERTO PEREZ,desnutricion global,nutricion normal (n),2005-01-01,55,0,32,0,87,0,87
90201,PUERTO RICO,desnutricion global,nutricion normal (n),2005-01-01,28,36,21,35,49,71,120
80703,PUERTO SILES,desnutricion global,nutricion normal (n),2005-01-01,13,10,4,7,17,17,34
31205,PUERTO VILLARROEL,desnutricion global,nutricion normal (n),2005-01-01,299,263,215,178,514,441,955
51101,PUNA,desnutricion global,nutricion normal (n),2005-01-01,84,93,85,102,169,195,364
31401,PUNATA,desnutricion global,nutricion normal (n),2005-01-01,141,127,64,63,205,190,395
20604,QUIABAYA,desnutricion global,nutricion normal (n),2005-01-01,11,16,18,9,29,25,54
30901,QUILLACOLLO,desnutricion global,nutricion normal (n),2005-01-01,307,269,66,82,373,351,724
21002,QUIME,desnutricion global,nutricion normal (n),2005-01-01,74,77,87,91,161,168,329
70904,QUIRUSILLAS,desnutricion global,nutricion normal (n),2005-01-01,10,12,11,14,21,26,47
50402,RAVELO,desnutricion global,nutricion normal (n),2005-01-01,69,25,44,18,113,43,156
80301,REYES,desnutricion global,nutricion normal (n),2005-01-01,116,113,96,108,212,221,433
80201,RIBERALTA,desnutricion global,nutricion normal (n),2005-01-01,490,362,250,195,740,557,1297
70503,ROBORE,desnutricion global,nutricion normal (n),2005-01-01,0,180,132,0,132,180,312
80304,RURRENABAQUE,desnutricion global,nutricion normal (n),2005-01-01,101,98,47,47,148,145,293
40901,SABAYA,desnutricion global,nutricion normal (n),2005-01-01,15,5,8,7,23,12,35
31001,SACABA,desnutricion global,nutricion normal (n),2005-01-01,271,256,90,80,361,336,697
30404,SACABAMBA,desnutricion global,nutricion normal (n),2005-01-01,1,5,1,0,2,5,7
71302,SAIPINA,desnutricion global,nutricion normal (n),2005-01-01,36,13,18,11,54,24,78
40801,SALINAS DE GARCI MENDOZA,desnutricion global,nutricion normal (n),2005-01-01,69,49,66,46,135,95,230
70901,SAMAIPATA,desnutricion global,nutricion normal (n),2005-01-01,139,9,98,4,237,13,250
51601,SAN AGUSTIN,desnutricion global,nutricion normal (n),2005-01-01,9,12,12,13,21,25,46
80602,SAN ANDRES,desnutricion global,nutricion normal (n),2005-01-01,26,47,30,36,56,83,139
20805,SAN ANDRES DE MACHACA,desnutricion global,nutricion normal (n),2005-01-01,29,24,25,20,54,44,98
51003,SAN ANTONIO DE ESMORUCO,desnutricion global,nutricion normal (n),2005-01-01,8,1,7,3,15,4,19
71105,SAN ANTONIO DE LOMERIO,desnutricion global,nutricion normal (n),2005-01-01,62,60,64,72,126,132,258
31403,SAN BENITO,desnutricion global,nutricion normal (n),2005-01-01,41,36,18,6,59,42,101
80302,SAN BORJA,desnutricion global,nutricion normal (n),2005-01-01,239,241,120,123,359,364,723
21502,SAN BUENA VENTURA,desnutricion global,nutricion normal (n),2005-01-01,55,51,29,39,84,90,174
70402,SAN CARLOS,desnutricion global,nutricion normal (n),2005-01-01,141,122,66,73,207,195,402
80501,SAN IGNACIO,desnutricion global,nutricion normal (n),2005-01-01,146,126,128,96,274,222,496
70301,SAN IGNACIO DE VELASCO,desnutricion global,nutricion normal (n),2005-01-01,329,308,263,219,592,527,1119
80102,SAN JAVIER(BNI),desnutricion global,nutricion normal (n),2005-01-01,20,21,28,18,48,39,87
71102,SAN JAVIER(STC),desnutricion global,nutricion normal (n),2005-01-01,99,0,70,0,169,0,169
80701,SAN JOAQUIN,desnutricion global,nutricion normal (n),2005-01-01,34,48,22,26,56,74,130
70501,SAN JOSE DE CHIQUITOS,desnutricion global,nutricion normal (n),2005-01-01,79,65,40,29,119,94,213
70404,SAN JUAN DE YAPACANI,desnutricion global,nutricion normal (n),2005-01-01,54,48,30,39,84,87,171
71104,SAN JULIAN,desnutricion global,nutricion normal (n),2005-01-01,160,13,140,14,300,27,327
90302,SAN LORENZO(PND),desnutricion global,nutricion normal (n),2005-01-01,16,17,32,22,48,39,87
60501,SAN LORENZO(TJA),desnutricion global,nutricion normal (n),2005-01-01,138,125,142,104,280,229,509
10702,SAN LUCAS,desnutricion global,nutricion normal (n),2005-01-01,283,294,272,244,555,538,1093
70302,SAN MIGUEL DE VELASCO,desnutricion global,nutricion normal (n),2005-01-01,87,79,74,87,161,166,327
51001,SAN PABLO DE LIPEZ,desnutricion global,nutricion normal (n),2005-01-01,4,11,15,5,19,16,35
71005,SAN PEDRO,desnutricion global,nutricion normal (n),2005-01-01,142,114,112,109,254,223,477
50501,SAN PEDRO DE BUENA VISTA,desnutricion global,nutricion normal (n),2005-01-01,66,57,56,43,122,100,222
21801,SAN PEDRO DE CURAHUARA,desnutricion global,nutricion normal (n),2005-01-01,25,18,38,21,63,39,102
50902,SAN PEDRO DE QUEMES,desnutricion global,nutricion normal (n),2005-01-01,4,6,1,1,5,7,12
21702,SAN PEDRO DE TIQUINA,desnutricion global,nutricion normal (n),2005-01-01,16,17,27,31,43,48,91
90202,SAN PEDRO(PND),desnutricion global,nutricion normal (n),2005-01-01,15,20,11,14,26,34,60
70303,SAN RAFAEL,desnutricion global,nutricion normal (n),2005-01-01,30,34,35,18,65,52,117
80702,SAN RAMON,desnutricion global,nutricion normal (n),2005-01-01,48,38,36,31,84,69,153
80702,SAN RAMON,desnutricion global,nutricion normal (n),2005-01-01,79,4,39,4,118,8,126
80401,SANTA ANA,desnutricion global,nutricion normal (n),2005-01-01,99,106,56,42,155,148,303
70101,SANTA CRUZ DE LA SIERRA,desnutricion global,nutricion normal (n),2005-01-01,3790,2833,1713,1155,5503,3988,9491
80303,SANTA ROSA,desnutricion global,nutricion normal (n),2005-01-01,33,38,20,23,53,61,114
70602,SANTA ROSA DEL SARA,desnutricion global,nutricion normal (n),2005-01-01,57,57,49,40,106,97,203
20308,SANTIAGO DE CALLAPA,desnutricion global,nutricion normal (n),2005-01-01,24,23,8,14,32,37,69
41401,SANTIAGO DE HUARI,desnutricion global,nutricion normal (n),2005-01-01,40,29,29,21,69,50,119
21901,SANTIAGO DE MACHACA,desnutricion global,nutricion normal (n),2005-01-01,7,12,6,4,13,16,29
30702,SANTIVAÑES,desnutricion global,nutricion normal (n),2005-01-01,43,39,17,25,60,64,124
40202,SANTUARIO DE QUILLACAS,desnutricion global,nutricion normal (n),2005-01-01,13,9,7,8,20,17,37
20902,SAPAHAQUI,desnutricion global,nutricion normal (n),2005-01-01,33,27,28,28,61,55,116
90303,SENA,desnutricion global,nutricion normal (n),2005-01-01,20,21,11,13,31,34,65
21301,SICA SICA (VILLA AROMA),desnutricion global,nutricion normal (n),2005-01-01,83,69,58,63,141,132,273
30703,SICAYA,desnutricion global,nutricion normal (n),2005-01-01,6,4,1,0,7,4,11
30902,SIPE SIPE,desnutricion global,nutricion normal (n),2005-01-01,170,129,83,68,253,197,450
10403,SOPACHUY,desnutricion global,nutricion normal (n),2005-01-01,103,81,106,85,209,166,375
40104,SORACACHI,desnutricion global,nutricion normal (n),2005-01-01,44,8,32,12,76,20,96
20601,SORATA,desnutricion global,nutricion normal (n),2005-01-01,111,96,181,149,292,245,537
10101,SUCRE,desnutricion global,nutricion normal (n),2005-01-01,841,732,381,358,1222,1090,2312
31404,TACACHI,desnutricion global,nutricion normal (n),2005-01-01,8,4,1,1,9,5,14
20603,TACACOMA,desnutricion global,nutricion normal (n),2005-01-01,36,27,25,28,61,55,116
50303,TACOBAMBA,desnutricion global,nutricion normal (n),2005-01-01,5,10,7,4,12,14,26
30602,TACOPAYA,desnutricion global,nutricion normal (n),2005-01-01,44,53,48,31,92,84,176
51402,TAHUA,desnutricion global,nutricion normal (n),2005-01-01,6,5,2,7,8,12,20
31101,TAPACARI,desnutricion global,nutricion normal (n),2005-01-01,150,89,50,49,200,138,338
10601,TARABUCO,desnutricion global,nutricion normal (n),2005-01-01,201,184,218,266,419,450,869
20807,TARACO,desnutricion global,nutricion normal (n),2005-01-01,24,19,21,21,45,40,85
30401,TARATA,desnutricion global,nutricion normal (n),2005-01-01,63,58,30,17,93,75,168
60101,TARIJA,desnutricion global,nutricion normal (n),2005-01-01,811,807,421,386,1232,1193,2425
10202,TARVITA,desnutricion global,nutricion normal (n),2005-01-01,249,193,227,209,476,402,878
20608,TEOPONTE,desnutricion global,nutricion normal (n),2005-01-01,31,39,49,53,80,92,172
20803,TIAWANACU,desnutricion global,nutricion normal (n),2005-01-01,61,61,20,21,81,82,163
50102,TINGUIPAYA,desnutricion global,nutricion normal (n),2005-01-01,55,43,49,37,104,80,184
20606,TIPUANI,desnutricion global,nutricion normal (n),2005-01-01,59,47,15,21,74,68,142
30903,TIQUIPAYA,desnutricion global,nutricion normal (n),2005-01-01,200,184,64,38,264,222,486
31601,TIRAQUE (CBBA),desnutricion global,nutricion normal (n),2005-01-01,280,232,157,137,437,369,806
21703,TITO YUPANQUI (PARQUIPUJIO),desnutricion global,nutricion normal (n),2005-01-01,7,7,13,9,20,16,36
30802,TOCO,desnutricion global,nutricion normal (n),2005-01-01,21,14,19,30,40,44,84
30803,TOLATA,desnutricion global,nutricion normal (n),2005-01-01,5,11,1,1,6,12,18
41001,TOLEDO,desnutricion global,nutricion normal (n),2005-01-01,35,8,5,11,40,19,59
51202,TOMAVE,desnutricion global,nutricion normal (n),2005-01-01,29,15,14,8,43,23,66
10402,TOMINA,desnutricion global,nutricion normal (n),2005-01-01,76,98,107,111,183,209,392
50502,TORO TORO,desnutricion global,nutricion normal (n),2005-01-01,41,43,30,31,71,74,145
31201,TOTORA(CBBA),desnutricion global,nutricion normal (n),2005-01-01,41,32,15,8,56,40,96
41301,TOTORA(ORR),desnutricion global,nutricion normal (n),2005-01-01,22,26,16,19,38,45,83
70802,TRIGAL,desnutricion global,nutricion normal (n),2005-01-01,15,15,13,9,28,24,52
80101,TRINIDAD,desnutricion global,nutricion normal (n),2005-01-01,634,603,280,221,914,824,1738
50801,TUPIZA,desnutricion global,nutricion normal (n),2005-01-01,260,256,213,196,473,452,925
40402,TURCO,desnutricion global,nutricion normal (n),2005-01-01,16,24,24,25,40,49,89
21302,UMALA,desnutricion global,nutricion normal (n),2005-01-01,3,2,1,0,4,2,6
50201,UNCIA,desnutricion global,nutricion normal (n),2005-01-01,66,52,27,47,93,99,192
60401,URIONDO (A. CONCEPCION),desnutricion global,nutricion normal (n),2005-01-01,103,85,112,85,215,170,385
51201,UYUNI,desnutricion global,nutricion normal (n),2005-01-01,42,35,57,46,99,81,180
30502,VACAS,desnutricion global,nutricion normal (n),2005-01-01,37,52,16,22,53,74,127
70801,VALLEGRANDE,desnutricion global,nutricion normal (n),2005-01-01,132,95,74,26,206,121,327
20801,VIACHA,desnutricion global,nutricion normal (n),2005-01-01,41,32,15,17,56,49,105
31302,VILA VILA,desnutricion global,nutricion normal (n),2005-01-01,5,9,2,1,7,10,17
60303,VILLA MONTES,desnutricion global,nutricion normal (n),2005-01-01,185,167,121,130,306,297,603
90502,VILLA NUEVA (LOMA ALTA),desnutricion global,nutricion normal (n),2005-01-01,6,3,0,1,6,4,10
31402,VILLA RIVERO,desnutricion global,nutricion normal (n),2005-01-01,27,14,20,17,47,31,78
10801,VILLA SERRANO,desnutricion global,nutricion normal (n),2005-01-01,88,96,101,91,189,187,376
31003,VILLA TUNARI,desnutricion global,nutricion normal (n),2005-01-01,311,285,212,185,523,470,993
11001,VILLA VACA GUZMAN (MUYUPAMPA),desnutricion global,nutricion normal (n),2005-01-01,71,69,77,100,148,169,317
51501,VILLAZON,desnutricion global,nutricion normal (n),2005-01-01,252,230,171,159,423,389,812
30904,VINTO,desnutricion global,nutricion normal (n),2005-01-01,159,0,61,0,220,0,220
50602,VITICHI,desnutricion global,nutricion normal (n),2005-01-01,71,65,62,52,133,117,250
20306,WALDO BALLIVIAN,desnutricion global,nutricion normal (n),2005-01-01,5,5,0,3,5,8,13
70201,WARNES,desnutricion global,nutricion normal (n),2005-01-01,207,179,87,106,294,285,579
20903,YACO,desnutricion global,nutricion normal (n),2005-01-01,24,18,17,24,41,42,83
60301,YACUIBA,desnutricion global,nutricion normal (n),2005-01-01,378,296,134,128,512,424,936
10602,YAMPARAEZ,desnutricion global,nutricion normal (n),2005-01-01,102,103,180,162,282,265,547
21103,YANACACHI,desnutricion global,nutricion normal (n),2005-01-01,27,26,13,16,40,42,82
70403,YAPACANI,desnutricion global,nutricion normal (n),2005-01-01,333,293,166,191,499,484,983
50103,YOCALLA,desnutricion global,nutricion normal (n),2005-01-01,12,10,17,17,29,27,56
10102,YOTALA,desnutricion global,nutricion normal (n),2005-01-01,75,77,133,129,208,206,414
60402,YUNCHARA,desnutricion global,nutricion normal (n),2005-01-01,32,43,34,52,66,95,161
10301,ZUDAÑEZ,desnutricion global,nutricion normal (n),2005-01-01,100,52,123,59,223,111,334
51302,ACACIO,desnutricion global,nutricion normal (n),2005-02-01,53,61,80,92,133,153,286
20201,ACHACACHI,desnutricion global,nutricion normal (n),2005-02-01,288,397,364,364,652,761,1413
20104,ACHOCALLA,desnutricion global,nutricion normal (n),2005-02-01,47,43,20,20,67,63,130
30201,AIQUILE,desnutricion global,nutricion normal (n),2005-02-01,63,55,46,54,109,109,218
31303,ALALAY,desnutricion global,nutricion normal (n),2005-02-01,6,6,3,1,9,7,16
10404,ALCALA,desnutricion global,nutricion normal (n),2005-02-01,22,21,53,49,75,70,145
20202,ANCORAIMES,desnutricion global,nutricion normal (n),2005-02-01,68,67,103,84,171,151,322
41201,ANDAMARCA,desnutricion global,nutricion normal (n),2005-02-01,10,12,13,5,23,17,40
40603,ANTEQUERA,desnutricion global,nutricion normal (n),2005-02-01,29,12,32,29,61,41,102
30402,ANZALDO,desnutricion global,nutricion normal (n),2005-02-01,7,6,16,19,23,25,48
20701,APOLO,desnutricion global,nutricion normal (n),2005-02-01,43,45,39,42,82,87,169
51301,ARAMPAMPA,desnutricion global,nutricion normal (n),2005-02-01,27,39,22,33,49,72,121
30501,ARANI,desnutricion global,nutricion normal (n),2005-02-01,29,25,10,4,39,29,68
30403,ARBIETO,desnutricion global,nutricion normal (n),2005-02-01,47,32,15,30,62,62,124
30601,ARQUE,desnutricion global,nutricion normal (n),2005-02-01,47,59,29,41,76,100,176
50802,ATOCHA,desnutricion global,nutricion normal (n),2005-02-01,97,100,74,74,171,174,345
20503,AUCAPATA,desnutricion global,nutricion normal (n),2005-02-01,14,18,18,4,32,22,54
20502,AYATA,desnutricion global,nutricion normal (n),2005-02-01,48,31,23,36,71,67,138
21303,AYO AYO,desnutricion global,nutricion normal (n),2005-02-01,25,14,13,8,38,22,60
30301,AYOPAYA (V. DE INDEPENDENCIA),desnutricion global,nutricion normal (n),2005-02-01,92,80,64,67,156,147,303
10201,AZURDUY,desnutricion global,nutricion normal (n),2005-02-01,158,133,135,123,293,256,549
21203,BATALLAS,desnutricion global,nutricion normal (n),2005-02-01,79,142,43,44,122,186,308
80802,BAURES,desnutricion global,nutricion normal (n),2005-02-01,65,0,39,0,104,0,104
41202,BELEN DE ANDAMARCA,desnutricion global,nutricion normal (n),2005-02-01,5,5,4,2,9,7,16
50104,BELEN DE URMIRI,desnutricion global,nutricion normal (n),2005-02-01,6,4,5,2,11,6,17
90104,BELLA FLOR,desnutricion global,nutricion normal (n),2005-02-01,16,9,16,23,32,32,64
60202,BERMEJO,desnutricion global,nutricion normal (n),2005-02-01,64,39,16,26,80,65,145
50301,BETANZOS,desnutricion global,nutricion normal (n),2005-02-01,113,107,104,106,217,213,430
31501,BOLIVAR,desnutricion global,nutricion normal (n),2005-02-01,30,31,13,22,43,53,96
90103,BOLPEBRA,desnutricion global,nutricion normal (n),2005-02-01,10,5,12,8,22,13,35
70707,BOYUIBE,desnutricion global,nutricion normal (n),2005-02-01,20,14,23,19,43,33,76
70401,BUENA VISTA,desnutricion global,nutricion normal (n),2005-02-01,120,102,129,123,249,225,474
70703,CABEZAS,desnutricion global,nutricion normal (n),2005-02-01,123,105,103,75,226,180,406
20905,CAIROMA,desnutricion global,nutricion normal (n),2005-02-01,73,90,75,86,148,176,324
51102,"CAIZA ""D""",desnutricion global,nutricion normal (n),2005-02-01,55,75,60,63,115,138,253
21003,CAJUATA,desnutricion global,nutricion normal (n),2005-02-01,112,81,43,34,155,115,270
20303,CALACOTO,desnutricion global,nutricion normal (n),2005-02-01,11,12,9,9,20,21,41
21304,CALAMARCA,desnutricion global,nutricion normal (n),2005-02-01,124,126,257,103,381,229,610
10701,CAMARGO,desnutricion global,nutricion normal (n),2005-02-01,125,127,70,74,195,201,396
10901,CAMATAQUI (C. VILLA ABECIA),desnutricion global,nutricion normal (n),2005-02-01,33,21,19,20,52,41,93
70706,CAMIRI,desnutricion global,nutricion normal (n),2005-02-01,219,187,136,121,355,308,663
30701,CAPINOTA,desnutricion global,nutricion normal (n),2005-02-01,118,62,29,28,147,90,237
20302,CAQUIAVIRI,desnutricion global,nutricion normal (n),2005-02-01,38,32,29,27,67,59,126
40102,CARACOLLO,desnutricion global,nutricion normal (n),2005-02-01,49,30,27,34,76,64,140
22001,CARANAVI,desnutricion global,nutricion normal (n),2005-02-01,284,248,143,137,427,385,812
41503,CARANGAS,desnutricion global,nutricion normal (n),2005-02-01,0,1,2,0,2,1,3
60302,CARAPARI,desnutricion global,nutricion normal (n),2005-02-01,54,63,51,50,105,113,218
50702,CARIPUYO,desnutricion global,nutricion normal (n),2005-02-01,22,31,41,33,63,64,127
21902,CATACORA,desnutricion global,nutricion normal (n),2005-02-01,1,0,2,0,3,0,3
21803,CHACARILLA,desnutricion global,nutricion normal (n),2005-02-01,1,2,5,3,6,5,11
40201,CHALLAPATA,desnutricion global,nutricion normal (n),2005-02-01,98,78,75,73,173,151,324
50302,CHAQUI,desnutricion global,nutricion normal (n),2005-02-01,27,30,18,23,45,53,98
70702,CHARAGUA,desnutricion global,nutricion normal (n),2005-02-01,154,130,171,142,325,272,597
20305,CHARAÑA,desnutricion global,nutricion normal (n),2005-02-01,11,5,3,7,14,12,26
50202,CHAYANTA,desnutricion global,nutricion normal (n),2005-02-01,96,43,58,97,154,140,294
31204,CHIMORE,desnutricion global,nutricion normal (n),2005-02-01,58,32,46,37,104,69,173
40903,CHIPAYA,desnutricion global,nutricion normal (n),2005-02-01,8,6,8,2,16,8,24
21101,CHULUMANI (V. DE LA LIBERTAD),desnutricion global,nutricion normal (n),2005-02-01,66,77,47,63,113,140,253
20501,CHUMA,desnutricion global,nutricion normal (n),2005-02-01,37,19,22,13,59,32,91
30801,CLIZA,desnutricion global,nutricion normal (n),2005-02-01,56,43,23,24,79,67,146
90101,COBIJA,desnutricion global,nutricion normal (n),2005-02-01,167,152,124,86,291,238,529
30101,COCHABAMBA,desnutricion global,nutricion normal (n),2005-02-01,1150,930,461,406,1611,1336,2947
40902,COIPASA,desnutricion global,nutricion normal (n),2005-02-01,2,0,0,0,2,0,2
30905,COLCAPIRHUA,desnutricion global,nutricion normal (n),2005-02-01,104,80,36,29,140,109,249
50901,"COLCHA ""K""",desnutricion global,nutricion normal (n),2005-02-01,43,52,29,36,72,88,160
21307,COLLANA,desnutricion global,nutricion normal (n),2005-02-01,14,4,5,4,19,8,27
31002,COLOMI,desnutricion global,nutricion normal (n),2005-02-01,159,128,72,52,231,180,411
70603,COLPA BELGICA,desnutricion global,nutricion normal (n),2005-02-01,32,26,18,23,50,49,99
50401,COLQUECHACA,desnutricion global,nutricion normal (n),2005-02-01,103,112,76,48,179,160,339
21306,COLQUENCHA,desnutricion global,nutricion normal (n),2005-02-01,29,32,15,14,44,46,90
21004,COLQUIRI,desnutricion global,nutricion normal (n),2005-02-01,124,113,81,78,205,191,396
20304,COMANCHE,desnutricion global,nutricion normal (n),2005-02-01,13,12,2,2,15,14,29
71301,COMARAPA,desnutricion global,nutricion normal (n),2005-02-01,76,71,50,59,126,130,256
20605,COMBAYA,desnutricion global,nutricion normal (n),2005-02-01,11,6,19,9,30,15,45
71101,CONCEPCION,desnutricion global,nutricion normal (n),2005-02-01,145,0,70,0,215,0,215
21701,COPACABANA,desnutricion global,nutricion normal (n),2005-02-01,51,38,32,31,83,69,152
21402,CORIPATA,desnutricion global,nutricion normal (n),2005-02-01,47,56,18,24,65,80,145
20301,CORO CORO,desnutricion global,nutricion normal (n),2005-02-01,38,36,32,36,70,72,142
21401,COROICO,desnutricion global,nutricion normal (n),2005-02-01,95,67,42,41,137,108,245
40301,CORQUE,desnutricion global,nutricion normal (n),2005-02-01,40,28,24,34,64,62,126
50601,COTAGAITA,desnutricion global,nutricion normal (n),2005-02-01,64,41,39,30,103,71,174
70102,COTOCA,desnutricion global,nutricion normal (n),2005-02-01,180,197,68,53,248,250,498
71106,CUATRO CAÑADAS,desnutricion global,nutricion normal (n),2005-02-01,39,12,29,18,68,30,98
31405,CUCHUMUELA (V. G. VILLARROEL),desnutricion global,nutricion normal (n),2005-02-01,3,1,2,2,5,3,8
70704,CUEVO,desnutricion global,nutricion normal (n),2005-02-01,18,30,17,17,35,47,82
10902,CULPINA,desnutricion global,nutricion normal (n),2005-02-01,204,213,147,198,351,411,762
40401,CURAHUARA DE CARANGAS,desnutricion global,nutricion normal (n),2005-02-01,25,16,22,11,47,27,74
21602,CURVA,desnutricion global,nutricion normal (n),2005-02-01,7,8,2,1,9,9,18
20804,DESAGUADERO,desnutricion global,nutricion normal (n),2005-02-01,12,19,10,7,22,26,48
20105,EL ALTO,desnutricion global,nutricion normal (n),2005-02-01,2979,2730,1211,1042,4190,3772,7962
40103,EL CHORO,desnutricion global,nutricion normal (n),2005-02-01,6,7,6,3,12,10,22
60502,EL PUENTE(TJA),desnutricion global,nutricion normal (n),2005-02-01,58,20,51,44,109,64,173
70105,EL TORNO,desnutricion global,nutricion normal (n),2005-02-01,167,195,73,87,240,282,522
10405,EL VILLAR,desnutricion global,nutricion normal (n),2005-02-01,61,64,101,52,162,116,278
60601,ENTRE RIOS,desnutricion global,nutricion normal (n),2005-02-01,114,90,69,73,183,163,346
60601,ENTRE RIOS,desnutricion global,nutricion normal (n),2005-02-01,126,107,81,57,207,164,371
41101,EUCALIPTUS,desnutricion global,nutricion normal (n),2005-02-01,22,19,27,12,49,31,80
90503,EUREKA (SANTOS MERCADO),desnutricion global,nutricion normal (n),2005-02-01,1,2,1,2,2,4,6
80402,EXALTACION,desnutricion global,nutricion normal (n),2005-02-01,35,21,44,33,79,54,133
71004,FERNANDEZ ALONSO,desnutricion global,nutricion normal (n),2005-02-01,97,116,77,82,174,198,372
90203,FILADELFIA,desnutricion global,nutricion normal (n),2005-02-01,18,31,31,35,49,66,115
71002,GENERAL SAAVEDRA,desnutricion global,nutricion normal (n),2005-02-01,326,0,380,0,706,0,706
21601,GRAL. J.J. PEREZ (CHARAZANI),desnutricion global,nutricion normal (n),2005-02-01,40,42,37,22,77,64,141
20602,GUANAY,desnutricion global,nutricion normal (n),2005-02-01,103,92,91,77,194,169,363
20802,GUAQUI,desnutricion global,nutricion normal (n),2005-02-01,26,14,19,13,45,27,72
80202,GUAYARAMERIN,desnutricion global,nutricion normal (n),2005-02-01,3,0,0,0,3,0,3
70705,GUTIERREZ,desnutricion global,nutricion normal (n),2005-02-01,145,127,179,200,324,327,651
10502,HUACARETA,desnutricion global,nutricion normal (n),2005-02-01,105,85,139,144,244,229,473
11002,HUACAYA (VILLA DE HUACAYA),desnutricion global,nutricion normal (n),2005-02-01,8,5,6,16,14,21,35
40501,HUACHACALLA,desnutricion global,nutricion normal (n),2005-02-01,2,7,3,2,5,9,14
40701,HUANUNI,desnutricion global,nutricion normal (n),2005-02-01,136,101,56,47,192,148,340
80803,HUARACAJE,desnutricion global,nutricion normal (n),2005-02-01,41,7,36,7,77,14,91
41601,HUAYLLAMARCA,desnutricion global,nutricion normal (n),2005-02-01,27,32,20,19,47,51,98
21005,ICHOCA,desnutricion global,nutricion normal (n),2005-02-01,14,12,14,11,28,23,51
10304,ICLA,desnutricion global,nutricion normal (n),2005-02-01,94,90,131,124,225,214,439
10703,INCAHUASI,desnutricion global,nutricion normal (n),2005-02-01,171,184,111,130,282,314,596
90402,INGAVI (HUMAITA),desnutricion global,nutricion normal (n),2005-02-01,7,9,5,4,12,13,25
21001,INQUISIVI,desnutricion global,nutricion normal (n),2005-02-01,61,62,61,61,122,123,245
21102,IRUPANA (VILLA DE LANZA),desnutricion global,nutricion normal (n),2005-02-01,113,100,108,86,221,186,407
21501,IXIAMAS,desnutricion global,nutricion normal (n),2005-02-01,76,39,58,47,134,86,220
20806,JESUS DE MACHACA,desnutricion global,nutricion normal (n),2005-02-01,48,33,31,30,79,63,142
21105,LA ASUNTA,desnutricion global,nutricion normal (n),2005-02-01,129,125,29,30,158,155,313
70104,LA GUARDIA,desnutricion global,nutricion normal (n),2005-02-01,263,274,122,108,385,382,767
20101,LA PAZ,desnutricion global,nutricion normal (n),2005-02-01,2493,2355,1036,1038,3529,3393,6922
41501,LA RIVERA,desnutricion global,nutricion normal (n),2005-02-01,3,0,10,0,13,0,13
70701,LAGUNILLAS,desnutricion global,nutricion normal (n),2005-02-01,51,43,55,48,106,91,197
21202,LAJA,desnutricion global,nutricion normal (n),2005-02-01,125,112,60,62,185,174,359
10903,LAS CARRERAS,desnutricion global,nutricion normal (n),2005-02-01,28,17,31,28,59,45,104
21006,LICOMA PAMPA,desnutricion global,nutricion normal (n),2005-02-01,17,4,28,19,45,23,68
50203,LLALLAGUA,desnutricion global,nutricion normal (n),2005-02-01,140,81,105,99,245,180,425
51401,LLICA,desnutricion global,nutricion normal (n),2005-02-01,14,19,18,12,32,31,63
80601,LORETO,desnutricion global,nutricion normal (n),2005-02-01,14,23,21,19,35,42,77
20901,LURIBAY,desnutricion global,nutricion normal (n),2005-02-01,53,51,65,51,118,102,220
40702,MACHACAMARCA,desnutricion global,nutricion normal (n),2005-02-01,10,11,5,1,15,12,27
11003,MACHARETI,desnutricion global,nutricion normal (n),2005-02-01,76,94,129,141,205,235,440
80801,MAGDALENA,desnutricion global,nutricion normal (n),2005-02-01,81,31,27,33,108,64,172
70903,MAIRANA,desnutricion global,nutricion normal (n),2005-02-01,91,3,50,2,141,5,146
20904,MALLA,desnutricion global,nutricion normal (n),2005-02-01,16,11,22,13,38,24,62
20607,MAPIRI,desnutricion global,nutricion normal (n),2005-02-01,96,89,55,35,151,124,275
20103,MECAPACA,desnutricion global,nutricion normal (n),2005-02-01,14,20,9,9,23,29,52
71003,MINEROS,desnutricion global,nutricion normal (n),2005-02-01,212,7,149,6,361,13,374
31301,MIZQUE,desnutricion global,nutricion normal (n),2005-02-01,57,57,90,67,147,124,271
20402,MOCOMOCO,desnutricion global,nutricion normal (n),2005-02-01,80,70,64,53,144,123,267
51002,MOJINETE,desnutricion global,nutricion normal (n),2005-02-01,7,7,9,8,16,15,31
10303,MOJOCOYA,desnutricion global,nutricion normal (n),2005-02-01,60,45,80,80,140,125,265
10501,MONTEAGUDO,desnutricion global,nutricion normal (n),2005-02-01,160,159,178,167,338,326,664
71001,MONTERO,desnutricion global,nutricion normal (n),2005-02-01,886,267,537,208,1423,475,1898
70803,MORO MORO,desnutricion global,nutricion normal (n),2005-02-01,22,15,21,18,43,33,76
30302,MOROCHATA,desnutricion global,nutricion normal (n),2005-02-01,40,39,31,23,71,62,133
90401,NACEBE (SANTA ROSA DEL ABUNA),desnutricion global,nutricion normal (n),2005-02-01,3,4,6,7,9,11,20
20307,NAZACARA DE PACAJES,desnutricion global,nutricion normal (n),2005-02-01,7,2,2,3,9,5,14
90501,NUEVO MANOA (NUEVA ESPERANZA),desnutricion global,nutricion normal (n),2005-02-01,1,1,0,3,1,4,5
50404,OCURI,desnutricion global,nutricion normal (n),2005-02-01,39,34,35,37,74,71,145
70202,OKINAWA,desnutricion global,nutricion normal (n),2005-02-01,84,61,57,45,141,106,247
30203,OMEREQUE,desnutricion global,nutricion normal (n),2005-02-01,51,35,0,1,51,36,87
40101,ORURO,desnutricion global,nutricion normal (n),2005-02-01,867,815,410,401,1277,1216,2493
60201,PADCAYA,desnutricion global,nutricion normal (n),2005-02-01,90,76,85,72,175,148,323
10401,PADILLA,desnutricion global,nutricion normal (n),2005-02-01,115,102,138,136,253,238,491
70502,PAILON,desnutricion global,nutricion normal (n),2005-02-01,0,142,94,0,94,142,236
20102,PALCA,desnutricion global,nutricion normal (n),2005-02-01,11,21,3,5,14,26,40
21104,PALOS BLANCOS,desnutricion global,nutricion normal (n),2005-02-01,163,125,128,102,291,227,518
40802,PAMPA AULLAGAS,desnutricion global,nutricion normal (n),2005-02-01,7,7,5,9,12,16,28
70902,PAMPA GRANDE,desnutricion global,nutricion normal (n),2005-02-01,48,32,45,35,93,67,160
21802,PAPEL PAMPA,desnutricion global,nutricion normal (n),2005-02-01,18,15,11,6,29,21,50
30202,PASORAPA,desnutricion global,nutricion normal (n),2005-02-01,25,31,32,29,57,60,117
21305,PATACAMAYA,desnutricion global,nutricion normal (n),2005-02-01,107,105,49,38,156,143,299
40602,PAZÑA,desnutricion global,nutricion normal (n),2005-02-01,13,17,24,22,37,39,76
20702,PELECHUCO,desnutricion global,nutricion normal (n),2005-02-01,23,18,11,10,34,28,62
50403,POCOATA,desnutricion global,nutricion normal (n),2005-02-01,109,119,105,80,214,199,413
31203,POCONA,desnutricion global,nutricion normal (n),2005-02-01,48,51,35,42,83,93,176
31202,POJO (CBBA),desnutricion global,nutricion normal (n),2005-02-01,39,44,24,19,63,63,126
40601,POOPO,desnutricion global,nutricion normal (n),2005-02-01,18,10,16,6,34,16,50
51203,PORCO,desnutricion global,nutricion normal (n),2005-02-01,58,44,7,8,65,52,117
10103,POROMA,desnutricion global,nutricion normal (n),2005-02-01,119,114,116,96,235,210,445
70103,PORONGO,desnutricion global,nutricion normal (n),2005-02-01,43,35,34,18,77,53,130
70601,PORTACHUELO,desnutricion global,nutricion normal (n),2005-02-01,94,96,82,58,176,154,330
90102,PORVENIR,desnutricion global,nutricion normal (n),2005-02-01,30,28,27,15,57,43,100
70804,POSTRER VALLE,desnutricion global,nutricion normal (n),2005-02-01,1,8,5,5,6,13,19
50101,POTOSI,desnutricion global,nutricion normal (n),2005-02-01,493,375,168,124,661,499,1160
10302,PRESTO,desnutricion global,nutricion normal (n),2005-02-01,82,59,73,81,155,140,295
70805,PUCARA,desnutricion global,nutricion normal (n),2005-02-01,16,6,23,7,39,13,52
21201,PUCARANI,desnutricion global,nutricion normal (n),2005-02-01,87,94,24,36,111,130,241
20401,PUERTO ACOSTA,desnutricion global,nutricion normal (n),2005-02-01,107,97,103,99,210,196,406
20403,PUERTO CARABUCO,desnutricion global,nutricion normal (n),2005-02-01,64,66,87,60,151,126,277
90301,PUERTO GONZALO MORENO,desnutricion global,nutricion normal (n),2005-02-01,40,29,62,22,102,51,153
21204,PUERTO PEREZ,desnutricion global,nutricion normal (n),2005-02-01,42,8,39,4,81,12,93
90201,PUERTO RICO,desnutricion global,nutricion normal (n),2005-02-01,56,40,31,34,87,74,161
80703,PUERTO SILES,desnutricion global,nutricion normal (n),2005-02-01,20,24,34,31,54,55,109
31205,PUERTO VILLARROEL,desnutricion global,nutricion normal (n),2005-02-01,227,203,168,131,395,334,729
51101,PUNA,desnutricion global,nutricion normal (n),2005-02-01,92,140,65,53,157,193,350
31401,PUNATA,desnutricion global,nutricion normal (n),2005-02-01,122,121,25,40,147,161,308
30901,QUILLACOLLO,desnutricion global,nutricion normal (n),2005-02-01,282,323,92,109,374,432,806
21002,QUIME,desnutricion global,nutricion normal (n),2005-02-01,44,65,67,47,111,112,223
70904,QUIRUSILLAS,desnutricion global,nutricion normal (n),2005-02-01,18,11,14,15,32,26,58
50402,RAVELO,desnutricion global,nutricion normal (n),2005-02-01,146,92,119,73,265,165,430
80301,REYES,desnutricion global,nutricion normal (n),2005-02-01,78,84,58,66,136,150,286
80201,RIBERALTA,desnutricion global,nutricion normal (n),2005-02-01,564,448,238,187,802,635,1437
70503,ROBORE,desnutricion global,nutricion normal (n),2005-02-01,5,157,90,5,95,162,257
80304,RURRENABAQUE,desnutricion global,nutricion normal (n),2005-02-01,108,79,34,33,142,112,254
40901,SABAYA,desnutricion global,nutricion normal (n),2005-02-01,12,3,10,9,22,12,34
31001,SACABA,desnutricion global,nutricion normal (n),2005-02-01,162,168,27,36,189,204,393
30404,SACABAMBA,desnutricion global,nutricion normal (n),2005-02-01,12,8,13,6,25,14,39
50701,SACACA,desnutricion global,nutricion normal (n),2005-02-01,92,77,81,54,173,131,304
71302,SAIPINA,desnutricion global,nutricion normal (n),2005-02-01,40,14,23,27,63,41,104
40801,SALINAS DE GARCI MENDOZA,desnutricion global,nutricion normal (n),2005-02-01,28,32,28,34,56,66,122
70901,SAMAIPATA,desnutricion global,nutricion normal (n),2005-02-01,136,0,113,0,249,0,249
51601,SAN AGUSTIN,desnutricion global,nutricion normal (n),2005-02-01,5,1,1,3,6,4,10
80602,SAN ANDRES,desnutricion global,nutricion normal (n),2005-02-01,92,80,111,105,203,185,388
20805,SAN ANDRES DE MACHACA,desnutricion global,nutricion normal (n),2005-02-01,15,13,4,7,19,20,39
51003,SAN ANTONIO DE ESMORUCO,desnutricion global,nutricion normal (n),2005-02-01,2,2,3,3,5,5,10
71105,SAN ANTONIO DE LOMERIO,desnutricion global,nutricion normal (n),2005-02-01,57,75,81,86,138,161,299
31403,SAN BENITO,desnutricion global,nutricion normal (n),2005-02-01,22,17,8,11,30,28,58
80302,SAN BORJA,desnutricion global,nutricion normal (n),2005-02-01,216,216,79,81,295,297,592
21502,SAN BUENA VENTURA,desnutricion global,nutricion normal (n),2005-02-01,70,55,41,49,111,104,215
70402,SAN CARLOS,desnutricion global,nutricion normal (n),2005-02-01,132,123,64,53,196,176,372
80501,SAN IGNACIO,desnutricion global,nutricion normal (n),2005-02-01,113,96,93,123,206,219,425
70301,SAN IGNACIO DE VELASCO,desnutricion global,nutricion normal (n),2005-02-01,320,285,213,197,533,482,1015
80102,SAN JAVIER(BNI),desnutricion global,nutricion normal (n),2005-02-01,12,11,19,22,31,33,64
71102,SAN JAVIER(STC),desnutricion global,nutricion normal (n),2005-02-01,133,0,85,0,218,0,218
80701,SAN JOAQUIN,desnutricion global,nutricion normal (n),2005-02-01,37,30,24,24,61,54,115
70501,SAN JOSE DE CHIQUITOS,desnutricion global,nutricion normal (n),2005-02-01,54,63,36,25,90,88,178
70404,SAN JUAN DE YAPACANI,desnutricion global,nutricion normal (n),2005-02-01,70,52,49,41,119,93,212
71104,SAN JULIAN,desnutricion global,nutricion normal (n),2005-02-01,160,129,159,73,319,202,521
90302,SAN LORENZO(PND),desnutricion global,nutricion normal (n),2005-02-01,26,28,50,37,76,65,141
60501,SAN LORENZO(TJA),desnutricion global,nutricion normal (n),2005-02-01,93,131,86,76,179,207,386
10702,SAN LUCAS,desnutricion global,nutricion normal (n),2005-02-01,298,297,267,222,565,519,1084
70302,SAN MIGUEL DE VELASCO,desnutricion global,nutricion normal (n),2005-02-01,64,64,81,68,145,132,277
51001,SAN PABLO DE LIPEZ,desnutricion global,nutricion normal (n),2005-02-01,11,10,9,7,20,17,37
71005,SAN PEDRO,desnutricion global,nutricion normal (n),2005-02-01,130,105,102,81,232,186,418
50501,SAN PEDRO DE BUENA VISTA,desnutricion global,nutricion normal (n),2005-02-01,53,60,76,47,129,107,236
21801,SAN PEDRO DE CURAHUARA,desnutricion global,nutricion normal (n),2005-02-01,22,23,30,30,52,53,105
50902,SAN PEDRO DE QUEMES,desnutricion global,nutricion normal (n),2005-02-01,5,5,2,2,7,7,14
21702,SAN PEDRO DE TIQUINA,desnutricion global,nutricion normal (n),2005-02-01,12,12,24,22,36,34,70
90202,SAN PEDRO(PND),desnutricion global,nutricion normal (n),2005-02-01,2,1,9,2,11,3,14
70303,SAN RAFAEL,desnutricion global,nutricion normal (n),2005-02-01,40,42,39,61,79,103,182
80702,SAN RAMON,desnutricion global,nutricion normal (n),2005-02-01,27,23,20,12,47,35,82
80702,SAN RAMON,desnutricion global,nutricion normal (n),2005-02-01,45,48,18,19,63,67,130
80401,SANTA ANA,desnutricion global,nutricion normal (n),2005-02-01,119,115,61,55,180,170,350
70101,SANTA CRUZ DE LA SIERRA,desnutricion global,nutricion normal (n),2005-02-01,3897,3157,1693,1250,5590,4407,9997
80303,SANTA ROSA,desnutricion global,nutricion normal (n),2005-02-01,23,18,17,12,40,30,70
70602,SANTA ROSA DEL SARA,desnutricion global,nutricion normal (n),2005-02-01,68,84,51,50,119,134,253
20308,SANTIAGO DE CALLAPA,desnutricion global,nutricion normal (n),2005-02-01,22,14,6,6,28,20,48
41401,SANTIAGO DE HUARI,desnutricion global,nutricion normal (n),2005-02-01,54,46,35,42,89,88,177
21901,SANTIAGO DE MACHACA,desnutricion global,nutricion normal (n),2005-02-01,18,16,15,9,33,25,58
30702,SANTIVAÑES,desnutricion global,nutricion normal (n),2005-02-01,38,20,18,24,56,44,100
40202,SANTUARIO DE QUILLACAS,desnutricion global,nutricion normal (n),2005-02-01,10,10,8,6,18,16,34
20902,SAPAHAQUI,desnutricion global,nutricion normal (n),2005-02-01,65,57,49,58,114,115,229
90303,SENA,desnutricion global,nutricion normal (n),2005-02-01,60,27,50,31,110,58,168
21301,SICA SICA (VILLA AROMA),desnutricion global,nutricion normal (n),2005-02-01,119,122,88,79,207,201,408
30703,SICAYA,desnutricion global,nutricion normal (n),2005-02-01,4,2,3,0,7,2,9
30902,SIPE SIPE,desnutricion global,nutricion normal (n),2005-02-01,166,139,112,121,278,260,538
10403,SOPACHUY,desnutricion global,nutricion normal (n),2005-02-01,51,48,40,37,91,85,176
40104,SORACACHI,desnutricion global,nutricion normal (n),2005-02-01,21,19,32,25,53,44,97
20601,SORATA,desnutricion global,nutricion normal (n),2005-02-01,79,61,65,65,144,126,270
10101,SUCRE,desnutricion global,nutricion normal (n),2005-02-01,759,726,323,322,1082,1048,2130
31404,TACACHI,desnutricion global,nutricion normal (n),2005-02-01,7,4,1,0,8,4,12
20603,TACACOMA,desnutricion global,nutricion normal (n),2005-02-01,43,42,43,31,86,73,159
50303,TACOBAMBA,desnutricion global,nutricion normal (n),2005-02-01,39,29,58,45,97,74,171
30602,TACOPAYA,desnutricion global,nutricion normal (n),2005-02-01,58,39,62,50,120,89,209
51402,TAHUA,desnutricion global,nutricion normal (n),2005-02-01,3,3,0,4,3,7,10
31101,TAPACARI,desnutricion global,nutricion normal (n),2005-02-01,86,102,67,84,153,186,339
10601,TARABUCO,desnutricion global,nutricion normal (n),2005-02-01,176,174,213,220,389,394,783
20807,TARACO,desnutricion global,nutricion normal (n),2005-02-01,28,29,22,26,50,55,105
30401,TARATA,desnutricion global,nutricion normal (n),2005-02-01,49,40,10,18,59,58,117
60101,TARIJA,desnutricion global,nutricion normal (n),2005-02-01,654,660,337,328,991,988,1979
10202,TARVITA,desnutricion global,nutricion normal (n),2005-02-01,87,80,92,95,179,175,354
20608,TEOPONTE,desnutricion global,nutricion normal (n),2005-02-01,45,43,45,57,90,100,190
20803,TIAWANACU,desnutricion global,nutricion normal (n),2005-02-01,26,27,13,16,39,43,82
50102,TINGUIPAYA,desnutricion global,nutricion normal (n),2005-02-01,55,51,53,46,108,97,205
20606,TIPUANI,desnutricion global,nutricion normal (n),2005-02-01,44,51,18,20,62,71,133
30903,TIQUIPAYA,desnutricion global,nutricion normal (n),2005-02-01,217,191,70,74,287,265,552
31601,TIRAQUE (CBBA),desnutricion global,nutricion normal (n),2005-02-01,233,207,119,105,352,312,664
21703,TITO YUPANQUI (PARQUIPUJIO),desnutricion global,nutricion normal (n),2005-02-01,4,6,7,5,11,11,22
30802,TOCO,desnutricion global,nutricion normal (n),2005-02-01,8,8,13,5,21,13,34
41502,TODOS SANTOS,desnutricion global,nutricion normal (n),2005-02-01,1,3,6,1,7,4,11
30803,TOLATA,desnutricion global,nutricion normal (n),2005-02-01,8,6,4,8,12,14,26
41001,TOLEDO,desnutricion global,nutricion normal (n),2005-02-01,34,20,12,6,46,26,72
51202,TOMAVE,desnutricion global,nutricion normal (n),2005-02-01,50,20,37,26,87,46,133
10402,TOMINA,desnutricion global,nutricion normal (n),2005-02-01,82,84,116,111,198,195,393
50502,TORO TORO,desnutricion global,nutricion normal (n),2005-02-01,62,68,76,70,138,138,276
31201,TOTORA(CBBA),desnutricion global,nutricion normal (n),2005-02-01,69,42,38,36,107,78,185
41301,TOTORA(ORR),desnutricion global,nutricion normal (n),2005-02-01,15,17,14,20,29,37,66
70802,TRIGAL,desnutricion global,nutricion normal (n),2005-02-01,15,12,11,13,26,25,51
80101,TRINIDAD,desnutricion global,nutricion normal (n),2005-02-01,450,490,241,203,691,693,1384
50801,TUPIZA,desnutricion global,nutricion normal (n),2005-02-01,293,250,182,192,475,442,917
40402,TURCO,desnutricion global,nutricion normal (n),2005-02-01,10,15,14,12,24,27,51
21302,UMALA,desnutricion global,nutricion normal (n),2005-02-01,51,38,46,49,97,87,184
50201,UNCIA,desnutricion global,nutricion normal (n),2005-02-01,44,58,14,17,58,75,133
60401,URIONDO (A. CONCEPCION),desnutricion global,nutricion normal (n),2005-02-01,113,71,122,71,235,142,377
51201,UYUNI,desnutricion global,nutricion normal (n),2005-02-01,112,107,72,63,184,170,354
30502,VACAS,desnutricion global,nutricion normal (n),2005-02-01,52,44,31,19,83,63,146
70801,VALLEGRANDE,desnutricion global,nutricion normal (n),2005-02-01,129,89,125,43,254,132,386
20801,VIACHA,desnutricion global,nutricion normal (n),2005-02-01,40,31,5,15,45,46,91
31302,VILA VILA,desnutricion global,nutricion normal (n),2005-02-01,1,8,6,8,7,16,23
60303,VILLA MONTES,desnutricion global,nutricion normal (n),2005-02-01,117,113,99,100,216,213,429
90502,VILLA NUEVA (LOMA ALTA),desnutricion global,nutricion normal (n),2005-02-01,2,5,1,0,3,5,8
31402,VILLA RIVERO,desnutricion global,nutricion normal (n),2005-02-01,23,17,24,20,47,37,84
10801,VILLA SERRANO,desnutricion global,nutricion normal (n),2005-02-01,137,140,179,156,316,296,612
31003,VILLA TUNARI,desnutricion global,nutricion normal (n),2005-02-01,328,295,205,180,533,475,1008
11001,VILLA VACA GUZMAN (MUYUPAMPA),desnutricion global,nutricion normal (n),2005-02-01,78,82,106,117,184,199,383
51501,VILLAZON,desnutricion global,nutricion normal (n),2005-02-01,212,205,129,131,341,336,677
30904,VINTO,desnutricion global,nutricion normal (n),2005-02-01,236,0,54,0,290,0,290
50602,VITICHI,desnutricion global,nutricion normal (n),2005-02-01,70,20,48,29,118,49,167
20306,WALDO BALLIVIAN,desnutricion global,nutricion normal (n),2005-02-01,1,2,0,0,1,2,3
70201,WARNES,desnutricion global,nutricion normal (n),2005-02-01,253,223,142,148,395,371,766
20903,YACO,desnutricion global,nutricion normal (n),2005-02-01,22,31,27,27,49,58,107
60301,YACUIBA,desnutricion global,nutricion normal (n),2005-02-01,298,273,144,126,442,399,841
10602,YAMPARAEZ,desnutricion global,nutricion normal (n),2005-02-01,97,111,164,163,261,274,535
21103,YANACACHI,desnutricion global,nutricion normal (n),2005-02-01,28,28,8,16,36,44,80
70403,YAPACANI,desnutricion global,nutricion normal (n),2005-02-01,296,260,153,145,449,405,854
50103,YOCALLA,desnutricion global,nutricion normal (n),2005-02-01,33,36,37,48,70,84,154
10102,YOTALA,desnutricion global,nutricion normal (n),2005-02-01,70,85,115,136,185,221,406
60402,YUNCHARA,desnutricion global,nutricion normal (n),2005-02-01,38,30,30,33,68,63,131
10301,ZUDAÑEZ,desnutricion global,nutricion normal (n),2005-02-01,102,63,85,67,187,130,317
51302,ACACIO,desnutricion global,nutricion normal (n),2005-03-01,34,56,57,67,91,123,214
20201,ACHACACHI,desnutricion global,nutricion normal (n),2005-03-01,324,287,255,234,579,521,1100
20104,ACHOCALLA,desnutricion global,nutricion normal (n),2005-03-01,24,32,6,5,30,37,67
30201,AIQUILE,desnutricion global,nutricion normal (n),2005-03-01,74,66,47,57,121,123,244
31303,ALALAY,desnutricion global,nutricion normal (n),2005-03-01,20,16,11,8,31,24,55
10404,ALCALA,desnutricion global,nutricion normal (n),2005-03-01,37,32,58,49,95,81,176
20202,ANCORAIMES,desnutricion global,nutricion normal (n),2005-03-01,76,83,79,61,155,144,299
41201,ANDAMARCA,desnutricion global,nutricion normal (n),2005-03-01,15,9,12,16,27,25,52
40603,ANTEQUERA,desnutricion global,nutricion normal (n),2005-03-01,18,16,16,21,34,37,71
30402,ANZALDO,desnutricion global,nutricion normal (n),2005-03-01,22,17,12,12,34,29,63
20701,APOLO,desnutricion global,nutricion normal (n),2005-03-01,59,53,23,19,82,72,154
51301,ARAMPAMPA,desnutricion global,nutricion normal (n),2005-03-01,38,23,46,36,84,59,143
30501,ARANI,desnutricion global,nutricion normal (n),2005-03-01,43,55,25,32,68,87,155
30403,ARBIETO,desnutricion global,nutricion normal (n),2005-03-01,47,27,17,28,64,55,119
30601,ARQUE,desnutricion global,nutricion normal (n),2005-03-01,43,41,36,22,79,63,142
50802,ATOCHA,desnutricion global,nutricion normal (n),2005-03-01,141,118,88,107,229,225,454
20503,AUCAPATA,desnutricion global,nutricion normal (n),2005-03-01,24,32,24,24,48,56,104
20502,AYATA,desnutricion global,nutricion normal (n),2005-03-01,66,71,54,44,120,115,235
21303,AYO AYO,desnutricion global,nutricion normal (n),2005-03-01,36,27,10,19,46,46,92
30301,AYOPAYA (V. DE INDEPENDENCIA),desnutricion global,nutricion normal (n),2005-03-01,130,129,78,93,208,222,430
10201,AZURDUY,desnutricion global,nutricion normal (n),2005-03-01,239,212,266,227,505,439,944
21203,BATALLAS,desnutricion global,nutricion normal (n),2005-03-01,87,51,53,45,140,96,236
80802,BAURES,desnutricion global,nutricion normal (n),2005-03-01,60,0,35,0,95,0,95
41202,BELEN DE ANDAMARCA,desnutricion global,nutricion normal (n),2005-03-01,9,3,6,13,15,16,31
50104,BELEN DE URMIRI,desnutricion global,nutricion normal (n),2005-03-01,8,13,11,7,19,20,39
90104,BELLA FLOR,desnutricion global,nutricion normal (n),2005-03-01,19,14,22,24,41,38,79
60202,BERMEJO,desnutricion global,nutricion normal (n),2005-03-01,85,37,38,28,123,65,188
50301,BETANZOS,desnutricion global,nutricion normal (n),2005-03-01,145,177,139,143,284,320,604
31501,BOLIVAR,desnutricion global,nutricion normal (n),2005-03-01,33,35,22,24,55,59,114
90103,BOLPEBRA,desnutricion global,nutricion normal (n),2005-03-01,11,7,19,18,30,25,55
70707,BOYUIBE,desnutricion global,nutricion normal (n),2005-03-01,27,40,69,60,96,100,196
70401,BUENA VISTA,desnutricion global,nutricion normal (n),2005-03-01,149,156,155,141,304,297,601
70703,CABEZAS,desnutricion global,nutricion normal (n),2005-03-01,138,230,98,72,236,302,538
20905,CAIROMA,desnutricion global,nutricion normal (n),2005-03-01,92,85,89,92,181,177,358
51102,"CAIZA ""D""",desnutricion global,nutricion normal (n),2005-03-01,77,77,97,69,174,146,320
21003,CAJUATA,desnutricion global,nutricion normal (n),2005-03-01,46,50,38,34,84,84,168
20303,CALACOTO,desnutricion global,nutricion normal (n),2005-03-01,27,42,16,18,43,60,103
21304,CALAMARCA,desnutricion global,nutricion normal (n),2005-03-01,91,89,79,74,170,163,333
10701,CAMARGO,desnutricion global,nutricion normal (n),2005-03-01,158,139,104,95,262,234,496
10901,CAMATAQUI (C. VILLA ABECIA),desnutricion global,nutricion normal (n),2005-03-01,51,25,26,27,77,52,129
70706,CAMIRI,desnutricion global,nutricion normal (n),2005-03-01,358,290,239,210,597,500,1097
30701,CAPINOTA,desnutricion global,nutricion normal (n),2005-03-01,95,71,44,22,139,93,232
20302,CAQUIAVIRI,desnutricion global,nutricion normal (n),2005-03-01,66,91,73,79,139,170,309
40102,CARACOLLO,desnutricion global,nutricion normal (n),2005-03-01,76,72,70,89,146,161,307
22001,CARANAVI,desnutricion global,nutricion normal (n),2005-03-01,493,392,269,290,762,682,1444
41503,CARANGAS,desnutricion global,nutricion normal (n),2005-03-01,1,0,0,1,1,1,2
60302,CARAPARI,desnutricion global,nutricion normal (n),2005-03-01,42,36,30,30,72,66,138
50702,CARIPUYO,desnutricion global,nutricion normal (n),2005-03-01,86,86,76,66,162,152,314
21902,CATACORA,desnutricion global,nutricion normal (n),2005-03-01,8,9,1,0,9,9,18
21803,CHACARILLA,desnutricion global,nutricion normal (n),2005-03-01,9,10,17,22,26,32,58
40201,CHALLAPATA,desnutricion global,nutricion normal (n),2005-03-01,118,136,100,69,218,205,423
50302,CHAQUI,desnutricion global,nutricion normal (n),2005-03-01,70,55,48,79,118,134,252
70702,CHARAGUA,desnutricion global,nutricion normal (n),2005-03-01,221,250,198,198,419,448,867
20305,CHARAÑA,desnutricion global,nutricion normal (n),2005-03-01,19,20,11,17,30,37,67
50202,CHAYANTA,desnutricion global,nutricion normal (n),2005-03-01,85,34,29,73,114,107,221
31204,CHIMORE,desnutricion global,nutricion normal (n),2005-03-01,93,58,39,32,132,90,222
40903,CHIPAYA,desnutricion global,nutricion normal (n),2005-03-01,3,10,4,2,7,12,19
40302,CHOQUE COTA,desnutricion global,nutricion normal (n),2005-03-01,8,7,3,8,11,15,26
21101,CHULUMANI (V. DE LA LIBERTAD),desnutricion global,nutricion normal (n),2005-03-01,136,128,76,53,212,181,393
20501,CHUMA,desnutricion global,nutricion normal (n),2005-03-01,68,72,47,47,115,119,234
30801,CLIZA,desnutricion global,nutricion normal (n),2005-03-01,100,62,47,37,147,99,246
90101,COBIJA,desnutricion global,nutricion normal (n),2005-03-01,223,139,125,102,348,241,589
30101,COCHABAMBA,desnutricion global,nutricion normal (n),2005-03-01,1655,1520,645,656,2300,2176,4476
40902,COIPASA,desnutricion global,nutricion normal (n),2005-03-01,5,3,3,4,8,7,15
30905,COLCAPIRHUA,desnutricion global,nutricion normal (n),2005-03-01,169,141,70,61,239,202,441
50901,"COLCHA ""K""",desnutricion global,nutricion normal (n),2005-03-01,76,68,54,59,130,127,257
21307,COLLANA,desnutricion global,nutricion normal (n),2005-03-01,25,0,6,0,31,0,31
31002,COLOMI,desnutricion global,nutricion normal (n),2005-03-01,166,136,72,57,238,193,431
70603,COLPA BELGICA,desnutricion global,nutricion normal (n),2005-03-01,53,35,23,28,76,63,139
50401,COLQUECHACA,desnutricion global,nutricion normal (n),2005-03-01,167,156,84,81,251,237,488
21306,COLQUENCHA,desnutricion global,nutricion normal (n),2005-03-01,35,31,24,22,59,53,112
21004,COLQUIRI,desnutricion global,nutricion normal (n),2005-03-01,110,97,46,35,156,132,288
20304,COMANCHE,desnutricion global,nutricion normal (n),2005-03-01,43,34,28,26,71,60,131
71301,COMARAPA,desnutricion global,nutricion normal (n),2005-03-01,93,98,99,85,192,183,375
20605,COMBAYA,desnutricion global,nutricion normal (n),2005-03-01,12,5,11,17,23,22,45
71101,CONCEPCION,desnutricion global,nutricion normal (n),2005-03-01,93,0,72,0,165,0,165
21701,COPACABANA,desnutricion global,nutricion normal (n),2005-03-01,48,49,23,21,71,70,141
21402,CORIPATA,desnutricion global,nutricion normal (n),2005-03-01,60,62,16,11,76,73,149
20301,CORO CORO,desnutricion global,nutricion normal (n),2005-03-01,55,50,41,44,96,94,190
21401,COROICO,desnutricion global,nutricion normal (n),2005-03-01,122,113,65,53,187,166,353
40301,CORQUE,desnutricion global,nutricion normal (n),2005-03-01,36,34,32,31,68,65,133
50601,COTAGAITA,desnutricion global,nutricion normal (n),2005-03-01,185,133,142,108,327,241,568
70102,COTOCA,desnutricion global,nutricion normal (n),2005-03-01,298,254,127,92,425,346,771
71106,CUATRO CAÑADAS,desnutricion global,nutricion normal (n),2005-03-01,84,49,115,66,199,115,314
31405,CUCHUMUELA (V. G. VILLARROEL),desnutricion global,nutricion normal (n),2005-03-01,16,9,13,2,29,11,40
70704,CUEVO,desnutricion global,nutricion normal (n),2005-03-01,30,32,36,29,66,61,127
10902,CULPINA,desnutricion global,nutricion normal (n),2005-03-01,215,220,186,158,401,378,779
40401,CURAHUARA DE CARANGAS,desnutricion global,nutricion normal (n),2005-03-01,14,18,12,5,26,23,49
21602,CURVA,desnutricion global,nutricion normal (n),2005-03-01,21,12,24,19,45,31,76
20804,DESAGUADERO,desnutricion global,nutricion normal (n),2005-03-01,28,22,18,12,46,34,80
20105,EL ALTO,desnutricion global,nutricion normal (n),2005-03-01,3939,3496,1703,1648,5642,5144,10786
40103,EL CHORO,desnutricion global,nutricion normal (n),2005-03-01,1,2,0,2,1,4,5
60502,EL PUENTE(TJA),desnutricion global,nutricion normal (n),2005-03-01,62,54,56,68,118,122,240
70105,EL TORNO,desnutricion global,nutricion normal (n),2005-03-01,228,254,119,96,347,350,697
10405,EL VILLAR,desnutricion global,nutricion normal (n),2005-03-01,62,68,96,48,158,116,274
60601,ENTRE RIOS,desnutricion global,nutricion normal (n),2005-03-01,159,143,121,137,280,280,560
60601,ENTRE RIOS,desnutricion global,nutricion normal (n),2005-03-01,144,119,99,89,243,208,451
41101,EUCALIPTUS,desnutricion global,nutricion normal (n),2005-03-01,20,17,22,17,42,34,76
90503,EUREKA (SANTOS MERCADO),desnutricion global,nutricion normal (n),2005-03-01,1,2,3,2,4,4,8
80402,EXALTACION,desnutricion global,nutricion normal (n),2005-03-01,23,22,21,21,44,43,87
71004,FERNANDEZ ALONSO,desnutricion global,nutricion normal (n),2005-03-01,111,128,102,112,213,240,453
90203,FILADELFIA,desnutricion global,nutricion normal (n),2005-03-01,18,21,22,19,40,40,80
71002,GENERAL SAAVEDRA,desnutricion global,nutricion normal (n),2005-03-01,393,0,434,0,827,0,827
21601,GRAL. J.J. PEREZ (CHARAZANI),desnutricion global,nutricion normal (n),2005-03-01,69,60,70,47,139,107,246
20602,GUANAY,desnutricion global,nutricion normal (n),2005-03-01,125,86,67,63,192,149,341
20802,GUAQUI,desnutricion global,nutricion normal (n),2005-03-01,18,22,11,7,29,29,58
70705,GUTIERREZ,desnutricion global,nutricion normal (n),2005-03-01,157,138,167,207,324,345,669
10502,HUACARETA,desnutricion global,nutricion normal (n),2005-03-01,105,99,151,115,256,214,470
11002,HUACAYA (VILLA DE HUACAYA),desnutricion global,nutricion normal (n),2005-03-01,23,22,33,28,56,50,106
40501,HUACHACALLA,desnutricion global,nutricion normal (n),2005-03-01,3,3,3,3,6,6,12
40701,HUANUNI,desnutricion global,nutricion normal (n),2005-03-01,191,200,71,49,262,249,511
80803,HUARACAJE,desnutricion global,nutricion normal (n),2005-03-01,50,3,41,5,91,8,99
41601,HUAYLLAMARCA,desnutricion global,nutricion normal (n),2005-03-01,47,36,29,26,76,62,138
21005,ICHOCA,desnutricion global,nutricion normal (n),2005-03-01,32,17,20,6,52,23,75
10304,ICLA,desnutricion global,nutricion normal (n),2005-03-01,110,107,143,135,253,242,495
10703,INCAHUASI,desnutricion global,nutricion normal (n),2005-03-01,228,241,174,167,402,408,810
90402,INGAVI (HUMAITA),desnutricion global,nutricion normal (n),2005-03-01,5,1,6,1,11,2,13
21001,INQUISIVI,desnutricion global,nutricion normal (n),2005-03-01,61,73,54,63,115,136,251
21102,IRUPANA (VILLA DE LANZA),desnutricion global,nutricion normal (n),2005-03-01,160,147,108,100,268,247,515
21501,IXIAMAS,desnutricion global,nutricion normal (n),2005-03-01,76,47,62,54,138,101,239
20806,JESUS DE MACHACA,desnutricion global,nutricion normal (n),2005-03-01,45,56,29,38,74,94,168
21105,LA ASUNTA,desnutricion global,nutricion normal (n),2005-03-01,127,138,39,38,166,176,342
70104,LA GUARDIA,desnutricion global,nutricion normal (n),2005-03-01,305,337,150,133,455,470,925
20101,LA PAZ,desnutricion global,nutricion normal (n),2005-03-01,3596,3288,1673,1655,5269,4943,10212
41501,LA RIVERA,desnutricion global,nutricion normal (n),2005-03-01,3,0,3,0,6,0,6
70701,LAGUNILLAS,desnutricion global,nutricion normal (n),2005-03-01,81,57,85,107,166,164,330
21202,LAJA,desnutricion global,nutricion normal (n),2005-03-01,72,78,49,42,121,120,241
10903,LAS CARRERAS,desnutricion global,nutricion normal (n),2005-03-01,38,37,39,47,77,84,161
21006,LICOMA PAMPA,desnutricion global,nutricion normal (n),2005-03-01,24,10,34,33,58,43,101
50203,LLALLAGUA,desnutricion global,nutricion normal (n),2005-03-01,289,255,154,134,443,389,832
51401,LLICA,desnutricion global,nutricion normal (n),2005-03-01,25,21,20,21,45,42,87
80601,LORETO,desnutricion global,nutricion normal (n),2005-03-01,29,23,28,31,57,54,111
20901,LURIBAY,desnutricion global,nutricion normal (n),2005-03-01,99,93,104,111,203,204,407
40702,MACHACAMARCA,desnutricion global,nutricion normal (n),2005-03-01,19,19,21,12,40,31,71
11003,MACHARETI,desnutricion global,nutricion normal (n),2005-03-01,71,59,91,127,162,186,348
80801,MAGDALENA,desnutricion global,nutricion normal (n),2005-03-01,121,52,59,35,180,87,267
70903,MAIRANA,desnutricion global,nutricion normal (n),2005-03-01,95,0,50,0,145,0,145
20904,MALLA,desnutricion global,nutricion normal (n),2005-03-01,9,26,20,13,29,39,68
20607,MAPIRI,desnutricion global,nutricion normal (n),2005-03-01,91,81,46,40,137,121,258
20103,MECAPACA,desnutricion global,nutricion normal (n),2005-03-01,74,54,11,10,85,64,149
71003,MINEROS,desnutricion global,nutricion normal (n),2005-03-01,452,0,351,0,803,0,803
31301,MIZQUE,desnutricion global,nutricion normal (n),2005-03-01,111,120,53,65,164,185,349
20402,MOCOMOCO,desnutricion global,nutricion normal (n),2005-03-01,126,140,136,124,262,264,526
51002,MOJINETE,desnutricion global,nutricion normal (n),2005-03-01,9,9,9,9,18,18,36
10303,MOJOCOYA,desnutricion global,nutricion normal (n),2005-03-01,69,54,125,103,194,157,351
10501,MONTEAGUDO,desnutricion global,nutricion normal (n),2005-03-01,232,178,225,199,457,377,834
71001,MONTERO,desnutricion global,nutricion normal (n),2005-03-01,1143,330,948,295,2091,625,2716
70803,MORO MORO,desnutricion global,nutricion normal (n),2005-03-01,22,14,34,20,56,34,90
30302,MOROCHATA,desnutricion global,nutricion normal (n),2005-03-01,142,135,60,61,202,196,398
90401,NACEBE (SANTA ROSA DEL ABUNA),desnutricion global,nutricion normal (n),2005-03-01,14,23,42,27,56,50,106
20307,NAZACARA DE PACAJES,desnutricion global,nutricion normal (n),2005-03-01,10,4,18,12,28,16,44
90501,NUEVO MANOA (NUEVA ESPERANZA),desnutricion global,nutricion normal (n),2005-03-01,13,6,16,19,29,25,54
50404,OCURI,desnutricion global,nutricion normal (n),2005-03-01,118,108,99,58,217,166,383
70202,OKINAWA,desnutricion global,nutricion normal (n),2005-03-01,124,85,103,89,227,174,401
30203,OMEREQUE,desnutricion global,nutricion normal (n),2005-03-01,46,43,48,42,94,85,179
40101,ORURO,desnutricion global,nutricion normal (n),2005-03-01,1222,1080,628,610,1850,1690,3540
60201,PADCAYA,desnutricion global,nutricion normal (n),2005-03-01,101,120,115,135,216,255,471
10401,PADILLA,desnutricion global,nutricion normal (n),2005-03-01,144,143,203,177,347,320,667
70502,PAILON,desnutricion global,nutricion normal (n),2005-03-01,8,250,127,10,135,260,395
20102,PALCA,desnutricion global,nutricion normal (n),2005-03-01,50,34,21,5,71,39,110
21104,PALOS BLANCOS,desnutricion global,nutricion normal (n),2005-03-01,265,221,253,221,518,442,960
40802,PAMPA AULLAGAS,desnutricion global,nutricion normal (n),2005-03-01,6,7,2,3,8,10,18
70902,PAMPA GRANDE,desnutricion global,nutricion normal (n),2005-03-01,62,50,47,44,109,94,203
21802,PAPEL PAMPA,desnutricion global,nutricion normal (n),2005-03-01,25,17,11,8,36,25,61
30202,PASORAPA,desnutricion global,nutricion normal (n),2005-03-01,32,25,32,32,64,57,121
21305,PATACAMAYA,desnutricion global,nutricion normal (n),2005-03-01,134,124,59,88,193,212,405
40602,PAZÑA,desnutricion global,nutricion normal (n),2005-03-01,18,25,25,20,43,45,88
20702,PELECHUCO,desnutricion global,nutricion normal (n),2005-03-01,34,25,25,26,59,51,110
50403,POCOATA,desnutricion global,nutricion normal (n),2005-03-01,154,156,160,135,314,291,605
31203,POCONA,desnutricion global,nutricion normal (n),2005-03-01,60,57,50,53,110,110,220
31202,POJO (CBBA),desnutricion global,nutricion normal (n),2005-03-01,93,103,101,93,194,196,390
40601,POOPO,desnutricion global,nutricion normal (n),2005-03-01,17,19,23,8,40,27,67
51203,PORCO,desnutricion global,nutricion normal (n),2005-03-01,49,53,23,25,72,78,150
10103,POROMA,desnutricion global,nutricion normal (n),2005-03-01,152,150,171,140,323,290,613
70103,PORONGO,desnutricion global,nutricion normal (n),2005-03-01,49,37,30,20,79,57,136
70601,PORTACHUELO,desnutricion global,nutricion normal (n),2005-03-01,124,119,102,75,226,194,420
90102,PORVENIR,desnutricion global,nutricion normal (n),2005-03-01,42,28,34,26,76,54,130
70804,POSTRER VALLE,desnutricion global,nutricion normal (n),2005-03-01,3,11,5,7,8,18,26
50101,POTOSI,desnutricion global,nutricion normal (n),2005-03-01,877,518,245,155,1122,673,1795
10302,PRESTO,desnutricion global,nutricion normal (n),2005-03-01,70,74,88,110,158,184,342
70805,PUCARA,desnutricion global,nutricion normal (n),2005-03-01,8,2,11,5,19,7,26
21201,PUCARANI,desnutricion global,nutricion normal (n),2005-03-01,97,127,47,54,144,181,325
20401,PUERTO ACOSTA,desnutricion global,nutricion normal (n),2005-03-01,132,150,145,123,277,273,550
20403,PUERTO CARABUCO,desnutricion global,nutricion normal (n),2005-03-01,109,90,78,87,187,177,364
90301,PUERTO GONZALO MORENO,desnutricion global,nutricion normal (n),2005-03-01,25,24,15,16,40,40,80
21204,PUERTO PEREZ,desnutricion global,nutricion normal (n),2005-03-01,50,23,31,15,81,38,119
90201,PUERTO RICO,desnutricion global,nutricion normal (n),2005-03-01,57,27,41,54,98,81,179
80703,PUERTO SILES,desnutricion global,nutricion normal (n),2005-03-01,13,7,10,4,23,11,34
31205,PUERTO VILLARROEL,desnutricion global,nutricion normal (n),2005-03-01,304,265,234,187,538,452,990
51101,PUNA,desnutricion global,nutricion normal (n),2005-03-01,141,194,130,135,271,329,600
31401,PUNATA,desnutricion global,nutricion normal (n),2005-03-01,232,199,54,45,286,244,530
20604,QUIABAYA,desnutricion global,nutricion normal (n),2005-03-01,21,20,20,15,41,35,76
30901,QUILLACOLLO,desnutricion global,nutricion normal (n),2005-03-01,337,342,127,93,464,435,899
21002,QUIME,desnutricion global,nutricion normal (n),2005-03-01,45,64,57,40,102,104,206
70904,QUIRUSILLAS,desnutricion global,nutricion normal (n),2005-03-01,24,2,19,5,43,7,50
50402,RAVELO,desnutricion global,nutricion normal (n),2005-03-01,226,119,224,129,450,248,698
80301,REYES,desnutricion global,nutricion normal (n),2005-03-01,117,98,128,108,245,206,451
80201,RIBERALTA,desnutricion global,nutricion normal (n),2005-03-01,898,740,338,296,1236,1036,2272
70503,ROBORE,desnutricion global,nutricion normal (n),2005-03-01,74,101,75,44,149,145,294
80304,RURRENABAQUE,desnutricion global,nutricion normal (n),2005-03-01,110,120,68,55,178,175,353
40901,SABAYA,desnutricion global,nutricion normal (n),2005-03-01,22,15,33,28,55,43,98
31001,SACABA,desnutricion global,nutricion normal (n),2005-03-01,294,293,116,117,410,410,820
30404,SACABAMBA,desnutricion global,nutricion normal (n),2005-03-01,18,8,28,16,46,24,70
50701,SACACA,desnutricion global,nutricion normal (n),2005-03-01,107,96,109,84,216,180,396
71302,SAIPINA,desnutricion global,nutricion normal (n),2005-03-01,37,24,39,24,76,48,124
40801,SALINAS DE GARCI MENDOZA,desnutricion global,nutricion normal (n),2005-03-01,72,69,75,63,147,132,279
70901,SAMAIPATA,desnutricion global,nutricion normal (n),2005-03-01,153,0,119,0,272,0,272
51601,SAN AGUSTIN,desnutricion global,nutricion normal (n),2005-03-01,20,26,20,21,40,47,87
80602,SAN ANDRES,desnutricion global,nutricion normal (n),2005-03-01,104,78,77,150,181,228,409
20805,SAN ANDRES DE MACHACA,desnutricion global,nutricion normal (n),2005-03-01,29,28,23,35,52,63,115
51003,SAN ANTONIO DE ESMORUCO,desnutricion global,nutricion normal (n),2005-03-01,16,19,14,11,30,30,60
71105,SAN ANTONIO DE LOMERIO,desnutricion global,nutricion normal (n),2005-03-01,68,57,69,60,137,117,254
31403,SAN BENITO,desnutricion global,nutricion normal (n),2005-03-01,53,54,26,20,79,74,153
80302,SAN BORJA,desnutricion global,nutricion normal (n),2005-03-01,239,242,120,121,359,363,722
21502,SAN BUENA VENTURA,desnutricion global,nutricion normal (n),2005-03-01,84,69,44,49,128,118,246
70402,SAN CARLOS,desnutricion global,nutricion normal (n),2005-03-01,178,140,67,61,245,201,446
80501,SAN IGNACIO,desnutricion global,nutricion normal (n),2005-03-01,146,122,100,118,246,240,486
70301,SAN IGNACIO DE VELASCO,desnutricion global,nutricion normal (n),2005-03-01,434,408,387,323,821,731,1552
80102,SAN JAVIER(BNI),desnutricion global,nutricion normal (n),2005-03-01,35,30,19,25,54,55,109
71102,SAN JAVIER(STC),desnutricion global,nutricion normal (n),2005-03-01,82,0,100,0,182,0,182
80701,SAN JOAQUIN,desnutricion global,nutricion normal (n),2005-03-01,29,42,29,30,58,72,130
70501,SAN JOSE DE CHIQUITOS,desnutricion global,nutricion normal (n),2005-03-01,113,68,55,29,168,97,265
70404,SAN JUAN DE YAPACANI,desnutricion global,nutricion normal (n),2005-03-01,101,70,52,54,153,124,277
71104,SAN JULIAN,desnutricion global,nutricion normal (n),2005-03-01,189,112,209,145,398,257,655
90302,SAN LORENZO(PND),desnutricion global,nutricion normal (n),2005-03-01,32,18,26,18,58,36,94
60501,SAN LORENZO(TJA),desnutricion global,nutricion normal (n),2005-03-01,141,109,114,95,255,204,459
10702,SAN LUCAS,desnutricion global,nutricion normal (n),2005-03-01,344,313,317,296,661,609,1270
70302,SAN MIGUEL DE VELASCO,desnutricion global,nutricion normal (n),2005-03-01,97,105,108,94,205,199,404
51001,SAN PABLO DE LIPEZ,desnutricion global,nutricion normal (n),2005-03-01,16,15,25,13,41,28,69
71005,SAN PEDRO,desnutricion global,nutricion normal (n),2005-03-01,151,124,128,104,279,228,507
50501,SAN PEDRO DE BUENA VISTA,desnutricion global,nutricion normal (n),2005-03-01,100,105,126,103,226,208,434
21801,SAN PEDRO DE CURAHUARA,desnutricion global,nutricion normal (n),2005-03-01,28,28,36,42,64,70,134
50902,SAN PEDRO DE QUEMES,desnutricion global,nutricion normal (n),2005-03-01,8,11,5,3,13,14,27
21702,SAN PEDRO DE TIQUINA,desnutricion global,nutricion normal (n),2005-03-01,35,35,54,54,89,89,178
70303,SAN RAFAEL,desnutricion global,nutricion normal (n),2005-03-01,27,31,30,40,57,71,128
80702,SAN RAMON,desnutricion global,nutricion normal (n),2005-03-01,52,37,29,28,81,65,146
80702,SAN RAMON,desnutricion global,nutricion normal (n),2005-03-01,55,25,33,14,88,39,127
80401,SANTA ANA,desnutricion global,nutricion normal (n),2005-03-01,105,113,60,40,165,153,318
70101,SANTA CRUZ DE LA SIERRA,desnutricion global,nutricion normal (n),2005-03-01,4870,3673,2403,1695,7273,5368,12641
80303,SANTA ROSA,desnutricion global,nutricion normal (n),2005-03-01,41,37,18,18,59,55,114
70602,SANTA ROSA DEL SARA,desnutricion global,nutricion normal (n),2005-03-01,84,85,57,52,141,137,278
20308,SANTIAGO DE CALLAPA,desnutricion global,nutricion normal (n),2005-03-01,39,41,60,57,99,98,197
41401,SANTIAGO DE HUARI,desnutricion global,nutricion normal (n),2005-03-01,46,31,46,55,92,86,178
21901,SANTIAGO DE MACHACA,desnutricion global,nutricion normal (n),2005-03-01,38,33,45,36,83,69,152
30702,SANTIVAÑES,desnutricion global,nutricion normal (n),2005-03-01,50,59,45,40,95,99,194
40202,SANTUARIO DE QUILLACAS,desnutricion global,nutricion normal (n),2005-03-01,6,3,5,2,11,5,16
20902,SAPAHAQUI,desnutricion global,nutricion normal (n),2005-03-01,38,29,21,33,59,62,121
90303,SENA,desnutricion global,nutricion normal (n),2005-03-01,66,51,64,77,130,128,258
21301,SICA SICA (VILLA AROMA),desnutricion global,nutricion normal (n),2005-03-01,104,107,104,94,208,201,409
30703,SICAYA,desnutricion global,nutricion normal (n),2005-03-01,17,13,8,5,25,18,43
30902,SIPE SIPE,desnutricion global,nutricion normal (n),2005-03-01,184,140,106,95,290,235,525
10403,SOPACHUY,desnutricion global,nutricion normal (n),2005-03-01,89,79,91,90,180,169,349
40104,SORACACHI,desnutricion global,nutricion normal (n),2005-03-01,25,27,34,32,59,59,118
20601,SORATA,desnutricion global,nutricion normal (n),2005-03-01,76,72,78,74,154,146,300
10101,SUCRE,desnutricion global,nutricion normal (n),2005-03-01,1321,1358,922,908,2243,2266,4509
31404,TACACHI,desnutricion global,nutricion normal (n),2005-03-01,10,7,1,2,11,9,20
20603,TACACOMA,desnutricion global,nutricion normal (n),2005-03-01,53,35,39,46,92,81,173
50303,TACOBAMBA,desnutricion global,nutricion normal (n),2005-03-01,118,115,127,119,245,234,479
30602,TACOPAYA,desnutricion global,nutricion normal (n),2005-03-01,55,69,61,54,116,123,239
51402,TAHUA,desnutricion global,nutricion normal (n),2005-03-01,8,6,6,8,14,14,28
31101,TAPACARI,desnutricion global,nutricion normal (n),2005-03-01,175,174,170,148,345,322,667
10601,TARABUCO,desnutricion global,nutricion normal (n),2005-03-01,201,230,261,266,462,496,958
20807,TARACO,desnutricion global,nutricion normal (n),2005-03-01,27,29,31,38,58,67,125
30401,TARATA,desnutricion global,nutricion normal (n),2005-03-01,58,48,16,12,74,60,134
60101,TARIJA,desnutricion global,nutricion normal (n),2005-03-01,982,990,615,545,1597,1535,3132
10202,TARVITA,desnutricion global,nutricion normal (n),2005-03-01,199,155,195,169,394,324,718
20608,TEOPONTE,desnutricion global,nutricion normal (n),2005-03-01,45,50,86,57,131,107,238
20803,TIAWANACU,desnutricion global,nutricion normal (n),2005-03-01,63,65,46,40,109,105,214
50102,TINGUIPAYA,desnutricion global,nutricion normal (n),2005-03-01,110,75,102,132,212,207,419
20606,TIPUANI,desnutricion global,nutricion normal (n),2005-03-01,61,49,32,26,93,75,168
30903,TIQUIPAYA,desnutricion global,nutricion normal (n),2005-03-01,258,110,25,13,283,123,406
31601,TIRAQUE (CBBA),desnutricion global,nutricion normal (n),2005-03-01,300,297,179,173,479,470,949
21703,TITO YUPANQUI (PARQUIPUJIO),desnutricion global,nutricion normal (n),2005-03-01,5,9,11,8,16,17,33
30802,TOCO,desnutricion global,nutricion normal (n),2005-03-01,10,5,16,14,26,19,45
41502,TODOS SANTOS,desnutricion global,nutricion normal (n),2005-03-01,1,1,2,2,3,3,6
30803,TOLATA,desnutricion global,nutricion normal (n),2005-03-01,10,18,6,9,16,27,43
41001,TOLEDO,desnutricion global,nutricion normal (n),2005-03-01,40,22,31,37,71,59,130
51202,TOMAVE,desnutricion global,nutricion normal (n),2005-03-01,70,44,79,47,149,91,240
10402,TOMINA,desnutricion global,nutricion normal (n),2005-03-01,79,89,114,120,193,209,402
50502,TORO TORO,desnutricion global,nutricion normal (n),2005-03-01,13,24,19,21,32,45,77
31201,TOTORA(CBBA),desnutricion global,nutricion normal (n),2005-03-01,88,75,37,46,125,121,246
41301,TOTORA(ORR),desnutricion global,nutricion normal (n),2005-03-01,21,26,27,24,48,50,98
70802,TRIGAL,desnutricion global,nutricion normal (n),2005-03-01,16,15,15,17,31,32,63
80101,TRINIDAD,desnutricion global,nutricion normal (n),2005-03-01,581,522,282,232,863,754,1617
50801,TUPIZA,desnutricion global,nutricion normal (n),2005-03-01,312,334,255,227,567,561,1128
40402,TURCO,desnutricion global,nutricion normal (n),2005-03-01,20,36,29,27,49,63,112
21302,UMALA,desnutricion global,nutricion normal (n),2005-03-01,32,41,21,24,53,65,118
50201,UNCIA,desnutricion global,nutricion normal (n),2005-03-01,74,60,37,36,111,96,207
60401,URIONDO (A. CONCEPCION),desnutricion global,nutricion normal (n),2005-03-01,135,78,145,102,280,180,460
51201,UYUNI,desnutricion global,nutricion normal (n),2005-03-01,324,305,237,204,561,509,1070
30502,VACAS,desnutricion global,nutricion normal (n),2005-03-01,46,56,22,16,68,72,140
70801,VALLEGRANDE,desnutricion global,nutricion normal (n),2005-03-01,131,104,121,65,252,169,421
20801,VIACHA,desnutricion global,nutricion normal (n),2005-03-01,67,61,26,31,93,92,185
31302,VILA VILA,desnutricion global,nutricion normal (n),2005-03-01,28,25,15,18,43,43,86
60303,VILLA MONTES,desnutricion global,nutricion normal (n),2005-03-01,165,156,134,143,299,299,598
90502,VILLA NUEVA (LOMA ALTA),desnutricion global,nutricion normal (n),2005-03-01,6,3,0,2,6,5,11
31402,VILLA RIVERO,desnutricion global,nutricion normal (n),2005-03-01,21,18,14,19,35,37,72
10801,VILLA SERRANO,desnutricion global,nutricion normal (n),2005-03-01,122,135,171,161,293,296,589
31003,VILLA TUNARI,desnutricion global,nutricion normal (n),2005-03-01,436,374,332,260,768,634,1402
11001,VILLA VACA GUZMAN (MUYUPAMPA),desnutricion global,nutricion normal (n),2005-03-01,74,93,124,157,198,250,448
51501,VILLAZON,desnutricion global,nutricion normal (n),2005-03-01,314,275,225,239,539,514,1053
30904,VINTO,desnutricion global,nutricion normal (n),2005-03-01,301,0,75,0,376,0,376
50602,VITICHI,desnutricion global,nutricion normal (n),2005-03-01,72,45,75,55,147,100,247
20306,WALDO BALLIVIAN,desnutricion global,nutricion normal (n),2005-03-01,8,8,8,9,16,17,33
70201,WARNES,desnutricion global,nutricion normal (n),2005-03-01,307,258,177,176,484,434,918
20903,YACO,desnutricion global,nutricion normal (n),2005-03-01,33,28,23,18,56,46,102
60301,YACUIBA,desnutricion global,nutricion normal (n),2005-03-01,357,341,248,208,605,549,1154
10602,YAMPARAEZ,desnutricion global,nutricion normal (n),2005-03-01,107,122,181,156,288,278,566
21103,YANACACHI,desnutricion global,nutricion normal (n),2005-03-01,56,42,41,42,97,84,181
70403,YAPACANI,desnutricion global,nutricion normal (n),2005-03-01,357,326,265,203,622,529,1151
50103,YOCALLA,desnutricion global,nutricion normal (n),2005-03-01,27,29,41,36,68,65,133
10102,YOTALA,desnutricion global,nutricion normal (n),2005-03-01,68,98,127,141,195,239,434
60402,YUNCHARA,desnutricion global,nutricion normal (n),2005-03-01,40,32,53,70,93,102,195
10301,ZUDAÑEZ,desnutricion global,nutricion normal (n),2005-03-01,80,73,63,68,143,141,284
51302,ACACIO,desnutricion global,nutricion normal (n),2005-04-01,78,81,108,88,186,169,355
20201,ACHACACHI,desnutricion global,nutricion normal (n),2005-04-01,387,360,290,289,677,649,1326
20104,ACHOCALLA,desnutricion global,nutricion normal (n),2005-04-01,72,42,20,18,92,60,152
30201,AIQUILE,desnutricion global,nutricion normal (n),2005-04-01,91,54,34,46,125,100,225
31303,ALALAY,desnutricion global,nutricion normal (n),2005-04-01,36,34,5,4,41,38,79
10404,ALCALA,desnutricion global,nutricion normal (n),2005-04-01,23,23,65,65,88,88,176
20202,ANCORAIMES,desnutricion global,nutricion normal (n),2005-04-01,84,77,69,55,153,132,285
41201,ANDAMARCA,desnutricion global,nutricion normal (n),2005-04-01,15,7,9,15,24,22,46
40603,ANTEQUERA,desnutricion global,nutricion normal (n),2005-04-01,18,7,14,11,32,18,50
30402,ANZALDO,desnutricion global,nutricion normal (n),2005-04-01,5,5,16,10,21,15,36
20701,APOLO,desnutricion global,nutricion normal (n),2005-04-01,84,85,47,51,131,136,267
51301,ARAMPAMPA,desnutricion global,nutricion normal (n),2005-04-01,40,29,38,36,78,65,143
30501,ARANI,desnutricion global,nutricion normal (n),2005-04-01,61,69,31,26,92,95,187
30403,ARBIETO,desnutricion global,nutricion normal (n),2005-04-01,45,30,33,26,78,56,134
30601,ARQUE,desnutricion global,nutricion normal (n),2005-04-01,65,79,52,50,117,129,246
50802,ATOCHA,desnutricion global,nutricion normal (n),2005-04-01,135,116,108,84,243,200,443
20503,AUCAPATA,desnutricion global,nutricion normal (n),2005-04-01,27,20,15,7,42,27,69
20502,AYATA,desnutricion global,nutricion normal (n),2005-04-01,34,32,22,18,56,50,106
21303,AYO AYO,desnutricion global,nutricion normal (n),2005-04-01,53,55,43,32,96,87,183
30301,AYOPAYA (V. DE INDEPENDENCIA),desnutricion global,nutricion normal (n),2005-04-01,204,190,151,142,355,332,687
10201,AZURDUY,desnutricion global,nutricion normal (n),2005-04-01,173,141,197,153,370,294,664
21203,BATALLAS,desnutricion global,nutricion normal (n),2005-04-01,117,114,74,64,191,178,369
80802,BAURES,desnutricion global,nutricion normal (n),2005-04-01,35,44,49,19,84,63,147
41202,BELEN DE ANDAMARCA,desnutricion global,nutricion normal (n),2005-04-01,4,12,4,8,8,20,28
50104,BELEN DE URMIRI,desnutricion global,nutricion normal (n),2005-04-01,3,6,10,8,13,14,27
90104,BELLA FLOR,desnutricion global,nutricion normal (n),2005-04-01,22,25,35,25,57,50,107
60202,BERMEJO,desnutricion global,nutricion normal (n),2005-04-01,48,23,12,14,60,37,97
50301,BETANZOS,desnutricion global,nutricion normal (n),2005-04-01,170,208,194,179,364,387,751
31501,BOLIVAR,desnutricion global,nutricion normal (n),2005-04-01,55,77,39,41,94,118,212
90103,BOLPEBRA,desnutricion global,nutricion normal (n),2005-04-01,15,14,23,23,38,37,75
70707,BOYUIBE,desnutricion global,nutricion normal (n),2005-04-01,27,25,22,28,49,53,102
70401,BUENA VISTA,desnutricion global,nutricion normal (n),2005-04-01,169,141,126,140,295,281,576
70703,CABEZAS,desnutricion global,nutricion normal (n),2005-04-01,55,49,50,37,105,86,191
20905,CAIROMA,desnutricion global,nutricion normal (n),2005-04-01,88,108,93,100,181,208,389
51102,"CAIZA ""D""",desnutricion global,nutricion normal (n),2005-04-01,76,73,69,71,145,144,289
21003,CAJUATA,desnutricion global,nutricion normal (n),2005-04-01,58,42,40,31,98,73,171
20303,CALACOTO,desnutricion global,nutricion normal (n),2005-04-01,27,24,21,14,48,38,86
21304,CALAMARCA,desnutricion global,nutricion normal (n),2005-04-01,64,80,83,67,147,147,294
10701,CAMARGO,desnutricion global,nutricion normal (n),2005-04-01,123,154,125,105,248,259,507
10901,CAMATAQUI (C. VILLA ABECIA),desnutricion global,nutricion normal (n),2005-04-01,39,18,25,24,64,42,106
70706,CAMIRI,desnutricion global,nutricion normal (n),2005-04-01,321,229,230,225,551,454,1005
30701,CAPINOTA,desnutricion global,nutricion normal (n),2005-04-01,55,63,30,17,85,80,165
20302,CAQUIAVIRI,desnutricion global,nutricion normal (n),2005-04-01,58,56,28,22,86,78,164
40102,CARACOLLO,desnutricion global,nutricion normal (n),2005-04-01,94,111,80,80,174,191,365
22001,CARANAVI,desnutricion global,nutricion normal (n),2005-04-01,331,319,207,198,538,517,1055
41503,CARANGAS,desnutricion global,nutricion normal (n),2005-04-01,0,1,0,3,0,4,4
60302,CARAPARI,desnutricion global,nutricion normal (n),2005-04-01,52,54,73,69,125,123,248
50702,CARIPUYO,desnutricion global,nutricion normal (n),2005-04-01,50,69,78,63,128,132,260
21803,CHACARILLA,desnutricion global,nutricion normal (n),2005-04-01,13,8,2,12,15,20,35
40201,CHALLAPATA,desnutricion global,nutricion normal (n),2005-04-01,125,127,130,111,255,238,493
50302,CHAQUI,desnutricion global,nutricion normal (n),2005-04-01,21,36,22,41,43,77,120
70702,CHARAGUA,desnutricion global,nutricion normal (n),2005-04-01,211,194,191,173,402,367,769
20305,CHARAÑA,desnutricion global,nutricion normal (n),2005-04-01,7,9,8,17,15,26,41
50202,CHAYANTA,desnutricion global,nutricion normal (n),2005-04-01,116,35,29,87,145,122,267
31204,CHIMORE,desnutricion global,nutricion normal (n),2005-04-01,76,48,46,35,122,83,205
40903,CHIPAYA,desnutricion global,nutricion normal (n),2005-04-01,12,20,10,5,22,25,47
40302,CHOQUE COTA,desnutricion global,nutricion normal (n),2005-04-01,3,2,1,2,4,4,8
21101,CHULUMANI (V. DE LA LIBERTAD),desnutricion global,nutricion normal (n),2005-04-01,58,48,39,40,97,88,185
20501,CHUMA,desnutricion global,nutricion normal (n),2005-04-01,33,39,24,26,57,65,122
30801,CLIZA,desnutricion global,nutricion normal (n),2005-04-01,94,76,46,52,140,128,268
90101,COBIJA,desnutricion global,nutricion normal (n),2005-04-01,272,177,176,129,448,306,754
30101,COCHABAMBA,desnutricion global,nutricion normal (n),2005-04-01,1422,1209,686,614,2108,1823,3931
40902,COIPASA,desnutricion global,nutricion normal (n),2005-04-01,4,2,3,5,7,7,14
30905,COLCAPIRHUA,desnutricion global,nutricion normal (n),2005-04-01,126,121,52,65,178,186,364
50901,"COLCHA ""K""",desnutricion global,nutricion normal (n),2005-04-01,103,103,85,101,188,204,392
21307,COLLANA,desnutricion global,nutricion normal (n),2005-04-01,8,10,8,7,16,17,33
31002,COLOMI,desnutricion global,nutricion normal (n),2005-04-01,157,136,93,73,250,209,459
70603,COLPA BELGICA,desnutricion global,nutricion normal (n),2005-04-01,37,22,25,22,62,44,106
50401,COLQUECHACA,desnutricion global,nutricion normal (n),2005-04-01,137,146,102,103,239,249,488
21306,COLQUENCHA,desnutricion global,nutricion normal (n),2005-04-01,34,34,14,21,48,55,103
21004,COLQUIRI,desnutricion global,nutricion normal (n),2005-04-01,122,100,73,60,195,160,355
20304,COMANCHE,desnutricion global,nutricion normal (n),2005-04-01,26,18,10,17,36,35,71
71301,COMARAPA,desnutricion global,nutricion normal (n),2005-04-01,91,98,67,70,158,168,326
20605,COMBAYA,desnutricion global,nutricion normal (n),2005-04-01,15,14,16,16,31,30,61
71101,CONCEPCION,desnutricion global,nutricion normal (n),2005-04-01,119,1,44,0,163,1,164
21701,COPACABANA,desnutricion global,nutricion normal (n),2005-04-01,62,68,54,60,116,128,244
21402,CORIPATA,desnutricion global,nutricion normal (n),2005-04-01,32,28,25,8,57,36,93
20301,CORO CORO,desnutricion global,nutricion normal (n),2005-04-01,58,50,48,37,106,87,193
21401,COROICO,desnutricion global,nutricion normal (n),2005-04-01,81,63,34,31,115,94,209
40301,CORQUE,desnutricion global,nutricion normal (n),2005-04-01,44,39,33,25,77,64,141
50601,COTAGAITA,desnutricion global,nutricion normal (n),2005-04-01,187,146,115,110,302,256,558
70102,COTOCA,desnutricion global,nutricion normal (n),2005-04-01,251,244,198,207,449,451,900
71106,CUATRO CAÑADAS,desnutricion global,nutricion normal (n),2005-04-01,41,30,51,27,92,57,149
31405,CUCHUMUELA (V. G. VILLARROEL),desnutricion global,nutricion normal (n),2005-04-01,12,6,9,6,21,12,33
70704,CUEVO,desnutricion global,nutricion normal (n),2005-04-01,22,33,29,31,51,64,115
10902,CULPINA,desnutricion global,nutricion normal (n),2005-04-01,175,165,140,139,315,304,619
40401,CURAHUARA DE CARANGAS,desnutricion global,nutricion normal (n),2005-04-01,26,17,32,30,58,47,105
21602,CURVA,desnutricion global,nutricion normal (n),2005-04-01,9,6,10,5,19,11,30
20804,DESAGUADERO,desnutricion global,nutricion normal (n),2005-04-01,37,40,17,27,54,67,121
20105,EL ALTO,desnutricion global,nutricion normal (n),2005-04-01,3584,3529,2052,1963,5636,5492,11128
40103,EL CHORO,desnutricion global,nutricion normal (n),2005-04-01,6,13,9,8,15,21,36
60502,EL PUENTE(TJA),desnutricion global,nutricion normal (n),2005-04-01,71,46,89,70,160,116,276
70105,EL TORNO,desnutricion global,nutricion normal (n),2005-04-01,163,182,75,75,238,257,495
10405,EL VILLAR,desnutricion global,nutricion normal (n),2005-04-01,61,80,102,65,163,145,308
60601,ENTRE RIOS,desnutricion global,nutricion normal (n),2005-04-01,122,117,102,102,224,219,443
60601,ENTRE RIOS,desnutricion global,nutricion normal (n),2005-04-01,110,114,90,85,200,199,399
41101,EUCALIPTUS,desnutricion global,nutricion normal (n),2005-04-01,40,47,58,38,98,85,183
90503,EUREKA (SANTOS MERCADO),desnutricion global,nutricion normal (n),2005-04-01,3,3,4,2,7,5,12
80402,EXALTACION,desnutricion global,nutricion normal (n),2005-04-01,24,21,33,34,57,55,112
71004,FERNANDEZ ALONSO,desnutricion global,nutricion normal (n),2005-04-01,104,106,108,103,212,209,421
90203,FILADELFIA,desnutricion global,nutricion normal (n),2005-04-01,29,30,33,16,62,46,108
71002,GENERAL SAAVEDRA,desnutricion global,nutricion normal (n),2005-04-01,271,0,342,0,613,0,613
21601,GRAL. J.J. PEREZ (CHARAZANI),desnutricion global,nutricion normal (n),2005-04-01,34,26,31,21,65,47,112
20602,GUANAY,desnutricion global,nutricion normal (n),2005-04-01,87,81,69,44,156,125,281
20802,GUAQUI,desnutricion global,nutricion normal (n),2005-04-01,54,29,36,30,90,59,149
80202,GUAYARAMERIN,desnutricion global,nutricion normal (n),2005-04-01,21,15,17,15,38,30,68
70705,GUTIERREZ,desnutricion global,nutricion normal (n),2005-04-01,122,120,184,191,306,311,617
10502,HUACARETA,desnutricion global,nutricion normal (n),2005-04-01,106,92,159,151,265,243,508
11002,HUACAYA (VILLA DE HUACAYA),desnutricion global,nutricion normal (n),2005-04-01,28,20,29,47,57,67,124
40501,HUACHACALLA,desnutricion global,nutricion normal (n),2005-04-01,5,4,7,4,12,8,20
40701,HUANUNI,desnutricion global,nutricion normal (n),2005-04-01,162,120,72,54,234,174,408
80803,HUARACAJE,desnutricion global,nutricion normal (n),2005-04-01,61,36,40,4,101,40,141
41601,HUAYLLAMARCA,desnutricion global,nutricion normal (n),2005-04-01,35,30,22,17,57,47,104
21005,ICHOCA,desnutricion global,nutricion normal (n),2005-04-01,30,30,49,31,79,61,140
10304,ICLA,desnutricion global,nutricion normal (n),2005-04-01,131,123,163,166,294,289,583
10703,INCAHUASI,desnutricion global,nutricion normal (n),2005-04-01,217,198,138,156,355,354,709
90402,INGAVI (HUMAITA),desnutricion global,nutricion normal (n),2005-04-01,3,1,9,5,12,6,18
21001,INQUISIVI,desnutricion global,nutricion normal (n),2005-04-01,84,80,81,85,165,165,330
21102,IRUPANA (VILLA DE LANZA),desnutricion global,nutricion normal (n),2005-04-01,109,111,105,90,214,201,415
21501,IXIAMAS,desnutricion global,nutricion normal (n),2005-04-01,74,49,57,41,131,90,221
20806,JESUS DE MACHACA,desnutricion global,nutricion normal (n),2005-04-01,68,45,41,44,109,89,198
21105,LA ASUNTA,desnutricion global,nutricion normal (n),2005-04-01,95,87,28,23,123,110,233
70104,LA GUARDIA,desnutricion global,nutricion normal (n),2005-04-01,231,273,158,156,389,429,818
20101,LA PAZ,desnutricion global,nutricion normal (n),2005-04-01,3237,3088,2044,1939,5281,5027,10308
41501,LA RIVERA,desnutricion global,nutricion normal (n),2005-04-01,0,3,3,3,3,6,9
70701,LAGUNILLAS,desnutricion global,nutricion normal (n),2005-04-01,84,72,111,98,195,170,365
21202,LAJA,desnutricion global,nutricion normal (n),2005-04-01,94,111,55,56,149,167,316
10903,LAS CARRERAS,desnutricion global,nutricion normal (n),2005-04-01,46,33,41,38,87,71,158
21006,LICOMA PAMPA,desnutricion global,nutricion normal (n),2005-04-01,15,19,42,52,57,71,128
50203,LLALLAGUA,desnutricion global,nutricion normal (n),2005-04-01,225,174,242,202,467,376,843
51401,LLICA,desnutricion global,nutricion normal (n),2005-04-01,44,51,71,53,115,104,219
80601,LORETO,desnutricion global,nutricion normal (n),2005-04-01,20,27,24,25,44,52,96
20901,LURIBAY,desnutricion global,nutricion normal (n),2005-04-01,84,78,66,52,150,130,280
40702,MACHACAMARCA,desnutricion global,nutricion normal (n),2005-04-01,14,19,16,15,30,34,64
11003,MACHARETI,desnutricion global,nutricion normal (n),2005-04-01,82,98,150,147,232,245,477
80801,MAGDALENA,desnutricion global,nutricion normal (n),2005-04-01,55,45,34,39,89,84,173
70903,MAIRANA,desnutricion global,nutricion normal (n),2005-04-01,116,0,78,0,194,0,194
20904,MALLA,desnutricion global,nutricion normal (n),2005-04-01,21,13,31,23,52,36,88
20607,MAPIRI,desnutricion global,nutricion normal (n),2005-04-01,97,106,85,84,182,190,372
20103,MECAPACA,desnutricion global,nutricion normal (n),2005-04-01,154,18,178,13,332,31,363
71003,MINEROS,desnutricion global,nutricion normal (n),2005-04-01,194,90,122,83,316,173,489
31301,MIZQUE,desnutricion global,nutricion normal (n),2005-04-01,109,118,140,151,249,269,518
20402,MOCOMOCO,desnutricion global,nutricion normal (n),2005-04-01,64,76,65,55,129,131,260
51002,MOJINETE,desnutricion global,nutricion normal (n),2005-04-01,12,12,14,12,26,24,50
10303,MOJOCOYA,desnutricion global,nutricion normal (n),2005-04-01,71,67,118,89,189,156,345
10501,MONTEAGUDO,desnutricion global,nutricion normal (n),2005-04-01,173,176,247,168,420,344,764
71001,MONTERO,desnutricion global,nutricion normal (n),2005-04-01,1034,358,710,246,1744,604,2348
70803,MORO MORO,desnutricion global,nutricion normal (n),2005-04-01,28,19,28,33,56,52,108
30302,MOROCHATA,desnutricion global,nutricion normal (n),2005-04-01,175,174,153,136,328,310,638
90401,NACEBE (SANTA ROSA DEL ABUNA),desnutricion global,nutricion normal (n),2005-04-01,3,1,14,5,17,6,23
20307,NAZACARA DE PACAJES,desnutricion global,nutricion normal (n),2005-04-01,1,4,2,4,3,8,11
90501,NUEVO MANOA (NUEVA ESPERANZA),desnutricion global,nutricion normal (n),2005-04-01,3,1,6,10,9,11,20
50404,OCURI,desnutricion global,nutricion normal (n),2005-04-01,140,128,118,105,258,233,491
70202,OKINAWA,desnutricion global,nutricion normal (n),2005-04-01,71,78,64,65,135,143,278
30203,OMEREQUE,desnutricion global,nutricion normal (n),2005-04-01,45,55,41,49,86,104,190
40101,ORURO,desnutricion global,nutricion normal (n),2005-04-01,1071,1079,660,635,1731,1714,3445
60201,PADCAYA,desnutricion global,nutricion normal (n),2005-04-01,125,88,120,134,245,222,467
10401,PADILLA,desnutricion global,nutricion normal (n),2005-04-01,130,112,169,158,299,270,569
70502,PAILON,desnutricion global,nutricion normal (n),2005-04-01,3,161,160,4,163,165,328
20102,PALCA,desnutricion global,nutricion normal (n),2005-04-01,115,110,34,28,149,138,287
21104,PALOS BLANCOS,desnutricion global,nutricion normal (n),2005-04-01,183,129,123,107,306,236,542
40802,PAMPA AULLAGAS,desnutricion global,nutricion normal (n),2005-04-01,12,13,8,12,20,25,45
70902,PAMPA GRANDE,desnutricion global,nutricion normal (n),2005-04-01,50,39,29,21,79,60,139
21802,PAPEL PAMPA,desnutricion global,nutricion normal (n),2005-04-01,47,40,49,42,96,82,178
30202,PASORAPA,desnutricion global,nutricion normal (n),2005-04-01,27,14,30,28,57,42,99
21305,PATACAMAYA,desnutricion global,nutricion normal (n),2005-04-01,68,106,208,206,276,312,588
40602,PAZÑA,desnutricion global,nutricion normal (n),2005-04-01,47,38,50,41,97,79,176
20702,PELECHUCO,desnutricion global,nutricion normal (n),2005-04-01,20,32,15,26,35,58,93
50403,POCOATA,desnutricion global,nutricion normal (n),2005-04-01,163,165,149,154,312,319,631
31203,POCONA,desnutricion global,nutricion normal (n),2005-04-01,95,64,83,105,178,169,347
31202,POJO (CBBA),desnutricion global,nutricion normal (n),2005-04-01,80,53,74,73,154,126,280
40601,POOPO,desnutricion global,nutricion normal (n),2005-04-01,11,11,8,1,19,12,31
51203,PORCO,desnutricion global,nutricion normal (n),2005-04-01,45,60,22,25,67,85,152
10103,POROMA,desnutricion global,nutricion normal (n),2005-04-01,111,83,103,107,214,190,404
70103,PORONGO,desnutricion global,nutricion normal (n),2005-04-01,40,43,24,21,64,64,128
70601,PORTACHUELO,desnutricion global,nutricion normal (n),2005-04-01,105,94,111,100,216,194,410
90102,PORVENIR,desnutricion global,nutricion normal (n),2005-04-01,37,33,42,23,79,56,135
70804,POSTRER VALLE,desnutricion global,nutricion normal (n),2005-04-01,6,6,2,5,8,11,19
50101,POTOSI,desnutricion global,nutricion normal (n),2005-04-01,757,415,252,170,1009,585,1594
10302,PRESTO,desnutricion global,nutricion normal (n),2005-04-01,75,70,91,93,166,163,329
70805,PUCARA,desnutricion global,nutricion normal (n),2005-04-01,22,5,47,18,69,23,92
21201,PUCARANI,desnutricion global,nutricion normal (n),2005-04-01,138,144,84,90,222,234,456
20401,PUERTO ACOSTA,desnutricion global,nutricion normal (n),2005-04-01,102,100,124,129,226,229,455
20403,PUERTO CARABUCO,desnutricion global,nutricion normal (n),2005-04-01,91,93,85,87,176,180,356
90301,PUERTO GONZALO MORENO,desnutricion global,nutricion normal (n),2005-04-01,53,44,45,48,98,92,190
21204,PUERTO PEREZ,desnutricion global,nutricion normal (n),2005-04-01,76,111,37,31,113,142,255
90201,PUERTO RICO,desnutricion global,nutricion normal (n),2005-04-01,50,48,42,41,92,89,181
80703,PUERTO SILES,desnutricion global,nutricion normal (n),2005-04-01,2,10,9,4,11,14,25
31205,PUERTO VILLARROEL,desnutricion global,nutricion normal (n),2005-04-01,304,261,196,178,500,439,939
51101,PUNA,desnutricion global,nutricion normal (n),2005-04-01,140,173,111,118,251,291,542
31401,PUNATA,desnutricion global,nutricion normal (n),2005-04-01,198,204,109,96,307,300,607
20604,QUIABAYA,desnutricion global,nutricion normal (n),2005-04-01,14,12,13,15,27,27,54
30901,QUILLACOLLO,desnutricion global,nutricion normal (n),2005-04-01,569,614,215,232,784,846,1630
21002,QUIME,desnutricion global,nutricion normal (n),2005-04-01,78,66,97,81,175,147,322
70904,QUIRUSILLAS,desnutricion global,nutricion normal (n),2005-04-01,11,9,9,12,20,21,41
50402,RAVELO,desnutricion global,nutricion normal (n),2005-04-01,192,195,237,177,429,372,801
80301,REYES,desnutricion global,nutricion normal (n),2005-04-01,115,121,136,137,251,258,509
80201,RIBERALTA,desnutricion global,nutricion normal (n),2005-04-01,773,636,305,259,1078,895,1973
70503,ROBORE,desnutricion global,nutricion normal (n),2005-04-01,86,87,64,57,150,144,294
80304,RURRENABAQUE,desnutricion global,nutricion normal (n),2005-04-01,118,123,44,31,162,154,316
40901,SABAYA,desnutricion global,nutricion normal (n),2005-04-01,29,16,17,22,46,38,84
31001,SACABA,desnutricion global,nutricion normal (n),2005-04-01,455,334,116,116,571,450,1021
30404,SACABAMBA,desnutricion global,nutricion normal (n),2005-04-01,11,24,11,12,22,36,58
50701,SACACA,desnutricion global,nutricion normal (n),2005-04-01,148,106,135,106,283,212,495
71302,SAIPINA,desnutricion global,nutricion normal (n),2005-04-01,47,16,46,12,93,28,121
40801,SALINAS DE GARCI MENDOZA,desnutricion global,nutricion normal (n),2005-04-01,37,40,48,29,85,69,154
70901,SAMAIPATA,desnutricion global,nutricion normal (n),2005-04-01,130,0,114,0,244,0,244
51601,SAN AGUSTIN,desnutricion global,nutricion normal (n),2005-04-01,15,15,18,13,33,28,61
80602,SAN ANDRES,desnutricion global,nutricion normal (n),2005-04-01,65,62,76,87,141,149,290
20805,SAN ANDRES DE MACHACA,desnutricion global,nutricion normal (n),2005-04-01,29,17,15,18,44,35,79
51003,SAN ANTONIO DE ESMORUCO,desnutricion global,nutricion normal (n),2005-04-01,14,16,8,11,22,27,49
71105,SAN ANTONIO DE LOMERIO,desnutricion global,nutricion normal (n),2005-04-01,73,72,78,86,151,158,309
31403,SAN BENITO,desnutricion global,nutricion normal (n),2005-04-01,95,83,91,97,186,180,366
80302,SAN BORJA,desnutricion global,nutricion normal (n),2005-04-01,245,246,171,177,416,423,839
21502,SAN BUENA VENTURA,desnutricion global,nutricion normal (n),2005-04-01,73,56,76,53,149,109,258
70402,SAN CARLOS,desnutricion global,nutricion normal (n),2005-04-01,151,165,79,70,230,235,465
80501,SAN IGNACIO,desnutricion global,nutricion normal (n),2005-04-01,146,124,142,146,288,270,558
70301,SAN IGNACIO DE VELASCO,desnutricion global,nutricion normal (n),2005-04-01,370,354,255,229,625,583,1208
80102,SAN JAVIER(BNI),desnutricion global,nutricion normal (n),2005-04-01,16,23,14,8,30,31,61
71102,SAN JAVIER(STC),desnutricion global,nutricion normal (n),2005-04-01,66,0,13,0,79,0,79
80701,SAN JOAQUIN,desnutricion global,nutricion normal (n),2005-04-01,25,29,20,18,45,47,92
70501,SAN JOSE DE CHIQUITOS,desnutricion global,nutricion normal (n),2005-04-01,84,59,65,49,149,108,257
70404,SAN JUAN DE YAPACANI,desnutricion global,nutricion normal (n),2005-04-01,80,84,72,60,152,144,296
71104,SAN JULIAN,desnutricion global,nutricion normal (n),2005-04-01,198,172,163,180,361,352,713
90302,SAN LORENZO(PND),desnutricion global,nutricion normal (n),2005-04-01,62,52,45,45,107,97,204
60501,SAN LORENZO(TJA),desnutricion global,nutricion normal (n),2005-04-01,113,105,118,111,231,216,447
10702,SAN LUCAS,desnutricion global,nutricion normal (n),2005-04-01,291,281,285,281,576,562,1138
70302,SAN MIGUEL DE VELASCO,desnutricion global,nutricion normal (n),2005-04-01,80,77,75,61,155,138,293
51001,SAN PABLO DE LIPEZ,desnutricion global,nutricion normal (n),2005-04-01,22,41,16,14,38,55,93
71005,SAN PEDRO,desnutricion global,nutricion normal (n),2005-04-01,120,104,77,61,197,165,362
50501,SAN PEDRO DE BUENA VISTA,desnutricion global,nutricion normal (n),2005-04-01,95,90,119,104,214,194,408
21801,SAN PEDRO DE CURAHUARA,desnutricion global,nutricion normal (n),2005-04-01,51,39,51,45,102,84,186
50902,SAN PEDRO DE QUEMES,desnutricion global,nutricion normal (n),2005-04-01,1,9,6,4,7,13,20
21702,SAN PEDRO DE TIQUINA,desnutricion global,nutricion normal (n),2005-04-01,52,44,52,30,104,74,178
90202,SAN PEDRO(PND),desnutricion global,nutricion normal (n),2005-04-01,9,11,10,17,19,28,47
70303,SAN RAFAEL,desnutricion global,nutricion normal (n),2005-04-01,33,37,50,33,83,70,153
80702,SAN RAMON,desnutricion global,nutricion normal (n),2005-04-01,38,31,30,19,68,50,118
80702,SAN RAMON,desnutricion global,nutricion normal (n),2005-04-01,29,16,11,14,40,30,70
80401,SANTA ANA,desnutricion global,nutricion normal (n),2005-04-01,118,142,83,55,201,197,398
70101,SANTA CRUZ DE LA SIERRA,desnutricion global,nutricion normal (n),2005-04-01,4056,2939,2106,1899,6162,4838,11000
80303,SANTA ROSA,desnutricion global,nutricion normal (n),2005-04-01,41,37,39,48,80,85,165
70602,SANTA ROSA DEL SARA,desnutricion global,nutricion normal (n),2005-04-01,62,77,61,63,123,140,263
20308,SANTIAGO DE CALLAPA,desnutricion global,nutricion normal (n),2005-04-01,31,29,31,20,62,49,111
41401,SANTIAGO DE HUARI,desnutricion global,nutricion normal (n),2005-04-01,56,47,32,30,88,77,165
21901,SANTIAGO DE MACHACA,desnutricion global,nutricion normal (n),2005-04-01,19,10,8,3,27,13,40
30702,SANTIVAÑES,desnutricion global,nutricion normal (n),2005-04-01,33,29,15,16,48,45,93
40202,SANTUARIO DE QUILLACAS,desnutricion global,nutricion normal (n),2005-04-01,18,13,10,8,28,21,49
20902,SAPAHAQUI,desnutricion global,nutricion normal (n),2005-04-01,55,48,42,42,97,90,187
90303,SENA,desnutricion global,nutricion normal (n),2005-04-01,24,15,18,26,42,41,83
21301,SICA SICA (VILLA AROMA),desnutricion global,nutricion normal (n),2005-04-01,107,101,67,45,174,146,320
30703,SICAYA,desnutricion global,nutricion normal (n),2005-04-01,13,10,11,3,24,13,37
30902,SIPE SIPE,desnutricion global,nutricion normal (n),2005-04-01,218,151,133,115,351,266,617
10403,SOPACHUY,desnutricion global,nutricion normal (n),2005-04-01,82,71,110,112,192,183,375
40104,SORACACHI,desnutricion global,nutricion normal (n),2005-04-01,52,44,48,42,100,86,186
20601,SORATA,desnutricion global,nutricion normal (n),2005-04-01,136,158,133,130,269,288,557
10101,SUCRE,desnutricion global,nutricion normal (n),2005-04-01,1293,1296,919,882,2212,2178,4390
31404,TACACHI,desnutricion global,nutricion normal (n),2005-04-01,9,12,3,1,12,13,25
20603,TACACOMA,desnutricion global,nutricion normal (n),2005-04-01,48,33,28,21,76,54,130
50303,TACOBAMBA,desnutricion global,nutricion normal (n),2005-04-01,84,77,78,64,162,141,303
30602,TACOPAYA,desnutricion global,nutricion normal (n),2005-04-01,88,70,140,107,228,177,405
51402,TAHUA,desnutricion global,nutricion normal (n),2005-04-01,12,14,20,26,32,40,72
31101,TAPACARI,desnutricion global,nutricion normal (n),2005-04-01,166,158,93,79,259,237,496
10601,TARABUCO,desnutricion global,nutricion normal (n),2005-04-01,208,201,279,297,487,498,985
20807,TARACO,desnutricion global,nutricion normal (n),2005-04-01,38,31,32,33,70,64,134
30401,TARATA,desnutricion global,nutricion normal (n),2005-04-01,45,58,27,26,72,84,156
60101,TARIJA,desnutricion global,nutricion normal (n),2005-04-01,828,819,492,503,1320,1322,2642
10202,TARVITA,desnutricion global,nutricion normal (n),2005-04-01,22,25,19,30,41,55,96
20608,TEOPONTE,desnutricion global,nutricion normal (n),2005-04-01,52,54,72,58,124,112,236
20803,TIAWANACU,desnutricion global,nutricion normal (n),2005-04-01,67,77,29,31,96,108,204
50102,TINGUIPAYA,desnutricion global,nutricion normal (n),2005-04-01,68,77,81,102,149,179,328
20606,TIPUANI,desnutricion global,nutricion normal (n),2005-04-01,54,37,20,34,74,71,145
30903,TIQUIPAYA,desnutricion global,nutricion normal (n),2005-04-01,232,159,92,71,324,230,554
31601,TIRAQUE (CBBA),desnutricion global,nutricion normal (n),2005-04-01,268,256,150,164,418,420,838
21703,TITO YUPANQUI (PARQUIPUJIO),desnutricion global,nutricion normal (n),2005-04-01,6,12,6,14,12,26,38
30802,TOCO,desnutricion global,nutricion normal (n),2005-04-01,18,19,33,18,51,37,88
30803,TOLATA,desnutricion global,nutricion normal (n),2005-04-01,5,9,3,2,8,11,19
41001,TOLEDO,desnutricion global,nutricion normal (n),2005-04-01,46,31,17,25,63,56,119
51202,TOMAVE,desnutricion global,nutricion normal (n),2005-04-01,75,21,53,20,128,41,169
10402,TOMINA,desnutricion global,nutricion normal (n),2005-04-01,101,104,123,140,224,244,468
50502,TORO TORO,desnutricion global,nutricion normal (n),2005-04-01,68,58,65,53,133,111,244
31201,TOTORA(CBBA),desnutricion global,nutricion normal (n),2005-04-01,78,70,59,56,137,126,263
41301,TOTORA(ORR),desnutricion global,nutricion normal (n),2005-04-01,37,64,30,37,67,101,168
70802,TRIGAL,desnutricion global,nutricion normal (n),2005-04-01,22,20,20,21,42,41,83
80101,TRINIDAD,desnutricion global,nutricion normal (n),2005-04-01,493,437,264,214,757,651,1408
50801,TUPIZA,desnutricion global,nutricion normal (n),2005-04-01,291,265,317,295,608,560,1168
40402,TURCO,desnutricion global,nutricion normal (n),2005-04-01,16,21,23,24,39,45,84
21302,UMALA,desnutricion global,nutricion normal (n),2005-04-01,25,23,37,41,62,64,126
50201,UNCIA,desnutricion global,nutricion normal (n),2005-04-01,72,83,63,39,135,122,257
60401,URIONDO (A. CONCEPCION),desnutricion global,nutricion normal (n),2005-04-01,147,53,161,76,308,129,437
51201,UYUNI,desnutricion global,nutricion normal (n),2005-04-01,185,144,143,136,328,280,608
30502,VACAS,desnutricion global,nutricion normal (n),2005-04-01,60,57,38,38,98,95,193
70801,VALLEGRANDE,desnutricion global,nutricion normal (n),2005-04-01,97,88,86,68,183,156,339
20801,VIACHA,desnutricion global,nutricion normal (n),2005-04-01,207,200,99,110,306,310,616
31302,VILA VILA,desnutricion global,nutricion normal (n),2005-04-01,19,18,14,16,33,34,67
60303,VILLA MONTES,desnutricion global,nutricion normal (n),2005-04-01,132,130,106,100,238,230,468
90502,VILLA NUEVA (LOMA ALTA),desnutricion global,nutricion normal (n),2005-04-01,6,6,2,4,8,10,18
31402,VILLA RIVERO,desnutricion global,nutricion normal (n),2005-04-01,30,25,24,16,54,41,95
10801,VILLA SERRANO,desnutricion global,nutricion normal (n),2005-04-01,147,135,182,158,329,293,622
31003,VILLA TUNARI,desnutricion global,nutricion normal (n),2005-04-01,436,369,289,239,725,608,1333
11001,VILLA VACA GUZMAN (MUYUPAMPA),desnutricion global,nutricion normal (n),2005-04-01,75,110,127,158,202,268,470
51501,VILLAZON,desnutricion global,nutricion normal (n),2005-04-01,264,224,198,201,462,425,887
30904,VINTO,desnutricion global,nutricion normal (n),2005-04-01,94,88,26,6,120,94,214
50602,VITICHI,desnutricion global,nutricion normal (n),2005-04-01,96,70,82,58,178,128,306
20306,WALDO BALLIVIAN,desnutricion global,nutricion normal (n),2005-04-01,9,9,1,12,10,21,31
70201,WARNES,desnutricion global,nutricion normal (n),2005-04-01,299,244,143,149,442,393,835
20903,YACO,desnutricion global,nutricion normal (n),2005-04-01,16,16,8,8,24,24,48
60301,YACUIBA,desnutricion global,nutricion normal (n),2005-04-01,241,239,156,161,397,400,797
10602,YAMPARAEZ,desnutricion global,nutricion normal (n),2005-04-01,106,113,164,152,270,265,535
21103,YANACACHI,desnutricion global,nutricion normal (n),2005-04-01,18,16,15,21,33,37,70
70403,YAPACANI,desnutricion global,nutricion normal (n),2005-04-01,354,244,240,193,594,437,1031
50103,YOCALLA,desnutricion global,nutricion normal (n),2005-04-01,17,15,48,12,65,27,92
10102,YOTALA,desnutricion global,nutricion normal (n),2005-04-01,80,93,133,154,213,247,460
60402,YUNCHARA,desnutricion global,nutricion normal (n),2005-04-01,51,54,88,103,139,157,296
10301,ZUDAÑEZ,desnutricion global,nutricion normal (n),2005-04-01,91,63,65,78,156,141,297
51302,ACACIO,desnutricion global,nutricion normal (n),2005-05-01,61,80,77,61,138,141,279
20201,ACHACACHI,desnutricion global,nutricion normal (n),2005-05-01,207,218,290,273,497,491,988
20104,ACHOCALLA,desnutricion global,nutricion normal (n),2005-05-01,53,61,26,24,79,85,164
30201,AIQUILE,desnutricion global,nutricion normal (n),2005-05-01,73,55,32,42,105,97,202
31303,ALALAY,desnutricion global,nutricion normal (n),2005-05-01,28,13,12,3,40,16,56
10404,ALCALA,desnutricion global,nutricion normal (n),2005-05-01,31,29,53,60,84,89,173
20202,ANCORAIMES,desnutricion global,nutricion normal (n),2005-05-01,86,92,117,122,203,214,417
41201,ANDAMARCA,desnutricion global,nutricion normal (n),2005-05-01,9,5,6,18,15,23,38
40603,ANTEQUERA,desnutricion global,nutricion normal (n),2005-05-01,18,10,17,21,35,31,66
30402,ANZALDO,desnutricion global,nutricion normal (n),2005-05-01,4,10,8,9,12,19,31
20701,APOLO,desnutricion global,nutricion normal (n),2005-05-01,61,59,48,38,109,97,206
51301,ARAMPAMPA,desnutricion global,nutricion normal (n),2005-05-01,10,14,10,15,20,29,49
30501,ARANI,desnutricion global,nutricion normal (n),2005-05-01,36,39,25,24,61,63,124
30403,ARBIETO,desnutricion global,nutricion normal (n),2005-05-01,30,19,14,12,44,31,75
30601,ARQUE,desnutricion global,nutricion normal (n),2005-05-01,37,43,47,30,84,73,157
50802,ATOCHA,desnutricion global,nutricion normal (n),2005-05-01,113,81,93,103,206,184,390
20503,AUCAPATA,desnutricion global,nutricion normal (n),2005-05-01,56,35,35,36,91,71,162
20502,AYATA,desnutricion global,nutricion normal (n),2005-05-01,48,37,36,23,84,60,144
21303,AYO AYO,desnutricion global,nutricion normal (n),2005-05-01,16,25,7,11,23,36,59
30301,AYOPAYA (V. DE INDEPENDENCIA),desnutricion global,nutricion normal (n),2005-05-01,147,116,101,107,248,223,471
10201,AZURDUY,desnutricion global,nutricion normal (n),2005-05-01,227,203,254,190,481,393,874
21203,BATALLAS,desnutricion global,nutricion normal (n),2005-05-01,80,62,67,49,147,111,258
80802,BAURES,desnutricion global,nutricion normal (n),2005-05-01,22,47,39,6,61,53,114
41202,BELEN DE ANDAMARCA,desnutricion global,nutricion normal (n),2005-05-01,2,5,8,3,10,8,18
50104,BELEN DE URMIRI,desnutricion global,nutricion normal (n),2005-05-01,0,0,5,4,5,4,9
90104,BELLA FLOR,desnutricion global,nutricion normal (n),2005-05-01,20,24,36,39,56,63,119
60202,BERMEJO,desnutricion global,nutricion normal (n),2005-05-01,49,40,45,49,94,89,183
50301,BETANZOS,desnutricion global,nutricion normal (n),2005-05-01,169,197,168,128,337,325,662
31501,BOLIVAR,desnutricion global,nutricion normal (n),2005-05-01,34,28,18,17,52,45,97
90103,BOLPEBRA,desnutricion global,nutricion normal (n),2005-05-01,8,9,25,23,33,32,65
70707,BOYUIBE,desnutricion global,nutricion normal (n),2005-05-01,31,17,29,25,60,42,102
70401,BUENA VISTA,desnutricion global,nutricion normal (n),2005-05-01,120,114,95,107,215,221,436
70703,CABEZAS,desnutricion global,nutricion normal (n),2005-05-01,78,71,93,75,171,146,317
20905,CAIROMA,desnutricion global,nutricion normal (n),2005-05-01,65,78,74,77,139,155,294
51102,"CAIZA ""D""",desnutricion global,nutricion normal (n),2005-05-01,74,55,69,69,143,124,267
21003,CAJUATA,desnutricion global,nutricion normal (n),2005-05-01,66,47,39,41,105,88,193
20303,CALACOTO,desnutricion global,nutricion normal (n),2005-05-01,13,17,3,5,16,22,38
21304,CALAMARCA,desnutricion global,nutricion normal (n),2005-05-01,99,119,79,99,178,218,396
10701,CAMARGO,desnutricion global,nutricion normal (n),2005-05-01,119,119,127,86,246,205,451
10901,CAMATAQUI (C. VILLA ABECIA),desnutricion global,nutricion normal (n),2005-05-01,30,19,32,23,62,42,104
70706,CAMIRI,desnutricion global,nutricion normal (n),2005-05-01,236,207,181,167,417,374,791
30701,CAPINOTA,desnutricion global,nutricion normal (n),2005-05-01,60,58,20,22,80,80,160
20302,CAQUIAVIRI,desnutricion global,nutricion normal (n),2005-05-01,71,73,68,62,139,135,274
40102,CARACOLLO,desnutricion global,nutricion normal (n),2005-05-01,43,39,22,29,65,68,133
22001,CARANAVI,desnutricion global,nutricion normal (n),2005-05-01,384,343,279,264,663,607,1270
41503,CARANGAS,desnutricion global,nutricion normal (n),2005-05-01,1,0,0,0,1,0,1
60302,CARAPARI,desnutricion global,nutricion normal (n),2005-05-01,77,70,80,80,157,150,307
50702,CARIPUYO,desnutricion global,nutricion normal (n),2005-05-01,25,26,26,23,51,49,100
21902,CATACORA,desnutricion global,nutricion normal (n),2005-05-01,14,10,16,20,30,30,60
21803,CHACARILLA,desnutricion global,nutricion normal (n),2005-05-01,5,11,10,9,15,20,35
40201,CHALLAPATA,desnutricion global,nutricion normal (n),2005-05-01,146,129,74,71,220,200,420
50302,CHAQUI,desnutricion global,nutricion normal (n),2005-05-01,16,19,18,17,34,36,70
70702,CHARAGUA,desnutricion global,nutricion normal (n),2005-05-01,128,116,128,142,256,258,514
20305,CHARAÑA,desnutricion global,nutricion normal (n),2005-05-01,13,12,17,18,30,30,60
50202,CHAYANTA,desnutricion global,nutricion normal (n),2005-05-01,57,62,37,41,94,103,197
31204,CHIMORE,desnutricion global,nutricion normal (n),2005-05-01,66,42,57,38,123,80,203
40903,CHIPAYA,desnutricion global,nutricion normal (n),2005-05-01,7,16,5,9,12,25,37
40302,CHOQUE COTA,desnutricion global,nutricion normal (n),2005-05-01,6,9,6,14,12,23,35
21101,CHULUMANI (V. DE LA LIBERTAD),desnutricion global,nutricion normal (n),2005-05-01,79,93,34,46,113,139,252
20501,CHUMA,desnutricion global,nutricion normal (n),2005-05-01,53,43,29,28,82,71,153
30801,CLIZA,desnutricion global,nutricion normal (n),2005-05-01,63,47,21,22,84,69,153
90101,COBIJA,desnutricion global,nutricion normal (n),2005-05-01,180,180,129,103,309,283,592
30101,COCHABAMBA,desnutricion global,nutricion normal (n),2005-05-01,1127,1028,581,535,1708,1563,3271
40902,COIPASA,desnutricion global,nutricion normal (n),2005-05-01,5,4,10,7,15,11,26
30905,COLCAPIRHUA,desnutricion global,nutricion normal (n),2005-05-01,87,74,46,33,133,107,240
50901,"COLCHA ""K""",desnutricion global,nutricion normal (n),2005-05-01,87,97,68,90,155,187,342
21307,COLLANA,desnutricion global,nutricion normal (n),2005-05-01,8,11,6,8,14,19,33
31002,COLOMI,desnutricion global,nutricion normal (n),2005-05-01,138,123,59,59,197,182,379
70603,COLPA BELGICA,desnutricion global,nutricion normal (n),2005-05-01,37,25,22,19,59,44,103
50401,COLQUECHACA,desnutricion global,nutricion normal (n),2005-05-01,131,136,102,88,233,224,457
21306,COLQUENCHA,desnutricion global,nutricion normal (n),2005-05-01,37,29,7,12,44,41,85
21004,COLQUIRI,desnutricion global,nutricion normal (n),2005-05-01,123,111,62,67,185,178,363
20304,COMANCHE,desnutricion global,nutricion normal (n),2005-05-01,11,4,8,5,19,9,28
71301,COMARAPA,desnutricion global,nutricion normal (n),2005-05-01,89,84,69,48,158,132,290
20605,COMBAYA,desnutricion global,nutricion normal (n),2005-05-01,8,9,7,10,15,19,34
71101,CONCEPCION,desnutricion global,nutricion normal (n),2005-05-01,130,9,19,11,149,20,169
21701,COPACABANA,desnutricion global,nutricion normal (n),2005-05-01,43,46,25,16,68,62,130
21402,CORIPATA,desnutricion global,nutricion normal (n),2005-05-01,87,41,40,22,127,63,190
20301,CORO CORO,desnutricion global,nutricion normal (n),2005-05-01,55,48,22,19,77,67,144
21401,COROICO,desnutricion global,nutricion normal (n),2005-05-01,128,109,18,17,146,126,272
40301,CORQUE,desnutricion global,nutricion normal (n),2005-05-01,20,32,23,18,43,50,93
50601,COTAGAITA,desnutricion global,nutricion normal (n),2005-05-01,157,112,99,87,256,199,455
70102,COTOCA,desnutricion global,nutricion normal (n),2005-05-01,184,176,60,58,244,234,478
71106,CUATRO CAÑADAS,desnutricion global,nutricion normal (n),2005-05-01,23,22,36,26,59,48,107
31405,CUCHUMUELA (V. G. VILLARROEL),desnutricion global,nutricion normal (n),2005-05-01,17,6,15,3,32,9,41
70704,CUEVO,desnutricion global,nutricion normal (n),2005-05-01,21,24,22,24,43,48,91
10902,CULPINA,desnutricion global,nutricion normal (n),2005-05-01,195,228,147,178,342,406,748
40401,CURAHUARA DE CARANGAS,desnutricion global,nutricion normal (n),2005-05-01,10,13,18,14,28,27,55
21602,CURVA,desnutricion global,nutricion normal (n),2005-05-01,10,5,0,2,10,7,17
20804,DESAGUADERO,desnutricion global,nutricion normal (n),2005-05-01,17,4,6,5,23,9,32
20105,EL ALTO,desnutricion global,nutricion normal (n),2005-05-01,3215,2901,1678,1675,4893,4576,9469
40103,EL CHORO,desnutricion global,nutricion normal (n),2005-05-01,7,5,10,9,17,14,31
71503,EL PUENTE(STC),desnutricion global,nutricion normal (n),2005-05-01,55,71,53,66,108,137,245
60502,EL PUENTE(TJA),desnutricion global,nutricion normal (n),2005-05-01,66,44,90,73,156,117,273
70105,EL TORNO,desnutricion global,nutricion normal (n),2005-05-01,193,182,85,73,278,255,533
10405,EL VILLAR,desnutricion global,nutricion normal (n),2005-05-01,65,51,97,46,162,97,259
60601,ENTRE RIOS,desnutricion global,nutricion normal (n),2005-05-01,174,147,158,156,332,303,635
60601,ENTRE RIOS,desnutricion global,nutricion normal (n),2005-05-01,138,127,58,57,196,184,380
41101,EUCALIPTUS,desnutricion global,nutricion normal (n),2005-05-01,24,18,22,19,46,37,83
90503,EUREKA (SANTOS MERCADO),desnutricion global,nutricion normal (n),2005-05-01,6,11,8,13,14,24,38
80402,EXALTACION,desnutricion global,nutricion normal (n),2005-05-01,10,9,8,2,18,11,29
71004,FERNANDEZ ALONSO,desnutricion global,nutricion normal (n),2005-05-01,123,108,123,106,246,214,460
90203,FILADELFIA,desnutricion global,nutricion normal (n),2005-05-01,18,24,37,27,55,51,106
71002,GENERAL SAAVEDRA,desnutricion global,nutricion normal (n),2005-05-01,172,57,235,98,407,155,562
21601,GRAL. J.J. PEREZ (CHARAZANI),desnutricion global,nutricion normal (n),2005-05-01,33,37,39,26,72,63,135
20602,GUANAY,desnutricion global,nutricion normal (n),2005-05-01,95,88,80,74,175,162,337
20802,GUAQUI,desnutricion global,nutricion normal (n),2005-05-01,19,24,15,13,34,37,71
80202,GUAYARAMERIN,desnutricion global,nutricion normal (n),2005-05-01,150,187,103,90,253,277,530
70705,GUTIERREZ,desnutricion global,nutricion normal (n),2005-05-01,74,103,131,141,205,244,449
10502,HUACARETA,desnutricion global,nutricion normal (n),2005-05-01,89,69,114,107,203,176,379
11002,HUACAYA (VILLA DE HUACAYA),desnutricion global,nutricion normal (n),2005-05-01,19,11,18,33,37,44,81
40501,HUACHACALLA,desnutricion global,nutricion normal (n),2005-05-01,8,5,7,3,15,8,23
40701,HUANUNI,desnutricion global,nutricion normal (n),2005-05-01,130,101,74,46,204,147,351
80803,HUARACAJE,desnutricion global,nutricion normal (n),2005-05-01,35,21,41,0,76,21,97
41601,HUAYLLAMARCA,desnutricion global,nutricion normal (n),2005-05-01,41,35,24,27,65,62,127
21005,ICHOCA,desnutricion global,nutricion normal (n),2005-05-01,19,18,15,14,34,32,66
10304,ICLA,desnutricion global,nutricion normal (n),2005-05-01,82,84,119,134,201,218,419
10703,INCAHUASI,desnutricion global,nutricion normal (n),2005-05-01,211,236,178,171,389,407,796
90402,INGAVI (HUMAITA),desnutricion global,nutricion normal (n),2005-05-01,2,2,2,2,4,4,8
21001,INQUISIVI,desnutricion global,nutricion normal (n),2005-05-01,73,63,54,58,127,121,248
21102,IRUPANA (VILLA DE LANZA),desnutricion global,nutricion normal (n),2005-05-01,131,82,93,88,224,170,394
21501,IXIAMAS,desnutricion global,nutricion normal (n),2005-05-01,79,53,58,40,137,93,230
20806,JESUS DE MACHACA,desnutricion global,nutricion normal (n),2005-05-01,59,51,18,25,77,76,153
21105,LA ASUNTA,desnutricion global,nutricion normal (n),2005-05-01,134,140,33,28,167,168,335
70104,LA GUARDIA,desnutricion global,nutricion normal (n),2005-05-01,210,175,107,113,317,288,605
20101,LA PAZ,desnutricion global,nutricion normal (n),2005-05-01,2748,2533,1547,1713,4295,4246,8541
41501,LA RIVERA,desnutricion global,nutricion normal (n),2005-05-01,0,3,3,3,3,6,9
70701,LAGUNILLAS,desnutricion global,nutricion normal (n),2005-05-01,62,50,73,75,135,125,260
21202,LAJA,desnutricion global,nutricion normal (n),2005-05-01,86,89,49,53,135,142,277
10903,LAS CARRERAS,desnutricion global,nutricion normal (n),2005-05-01,31,24,28,39,59,63,122
50203,LLALLAGUA,desnutricion global,nutricion normal (n),2005-05-01,221,192,276,274,497,466,963
51401,LLICA,desnutricion global,nutricion normal (n),2005-05-01,17,19,8,11,25,30,55
80601,LORETO,desnutricion global,nutricion normal (n),2005-05-01,19,14,16,19,35,33,68
20901,LURIBAY,desnutricion global,nutricion normal (n),2005-05-01,109,104,110,86,219,190,409
40702,MACHACAMARCA,desnutricion global,nutricion normal (n),2005-05-01,9,14,10,10,19,24,43
11003,MACHARETI,desnutricion global,nutricion normal (n),2005-05-01,96,114,158,183,254,297,551
80801,MAGDALENA,desnutricion global,nutricion normal (n),2005-05-01,55,59,61,37,116,96,212
70903,MAIRANA,desnutricion global,nutricion normal (n),2005-05-01,83,30,34,16,117,46,163
20904,MALLA,desnutricion global,nutricion normal (n),2005-05-01,19,16,22,33,41,49,90
20607,MAPIRI,desnutricion global,nutricion normal (n),2005-05-01,103,123,88,84,191,207,398
20103,MECAPACA,desnutricion global,nutricion normal (n),2005-05-01,83,80,57,59,140,139,279
71003,MINEROS,desnutricion global,nutricion normal (n),2005-05-01,126,100,85,90,211,190,401
31301,MIZQUE,desnutricion global,nutricion normal (n),2005-05-01,33,29,21,20,54,49,103
20402,MOCOMOCO,desnutricion global,nutricion normal (n),2005-05-01,81,97,78,68,159,165,324
51002,MOJINETE,desnutricion global,nutricion normal (n),2005-05-01,5,6,0,0,5,6,11
10303,MOJOCOYA,desnutricion global,nutricion normal (n),2005-05-01,56,78,88,79,144,157,301
10501,MONTEAGUDO,desnutricion global,nutricion normal (n),2005-05-01,180,170,222,216,402,386,788
71001,MONTERO,desnutricion global,nutricion normal (n),2005-05-01,698,540,382,364,1080,904,1984
70803,MORO MORO,desnutricion global,nutricion normal (n),2005-05-01,19,14,15,15,34,29,63
30302,MOROCHATA,desnutricion global,nutricion normal (n),2005-05-01,144,146,90,92,234,238,472
90401,NACEBE (SANTA ROSA DEL ABUNA),desnutricion global,nutricion normal (n),2005-05-01,8,8,22,21,30,29,59
20307,NAZACARA DE PACAJES,desnutricion global,nutricion normal (n),2005-05-01,2,4,1,2,3,6,9
90501,NUEVO MANOA (NUEVA ESPERANZA),desnutricion global,nutricion normal (n),2005-05-01,10,3,11,10,21,13,34
50404,OCURI,desnutricion global,nutricion normal (n),2005-05-01,70,64,64,58,134,122,256
70202,OKINAWA,desnutricion global,nutricion normal (n),2005-05-01,111,79,108,82,219,161,380
30203,OMEREQUE,desnutricion global,nutricion normal (n),2005-05-01,31,25,17,18,48,43,91
40101,ORURO,desnutricion global,nutricion normal (n),2005-05-01,1062,1085,692,646,1754,1731,3485
60201,PADCAYA,desnutricion global,nutricion normal (n),2005-05-01,112,139,150,148,262,287,549
10401,PADILLA,desnutricion global,nutricion normal (n),2005-05-01,130,135,195,188,325,323,648
70502,PAILON,desnutricion global,nutricion normal (n),2005-05-01,18,104,98,21,116,125,241
20102,PALCA,desnutricion global,nutricion normal (n),2005-05-01,81,78,29,26,110,104,214
21104,PALOS BLANCOS,desnutricion global,nutricion normal (n),2005-05-01,183,193,128,122,311,315,626
40802,PAMPA AULLAGAS,desnutricion global,nutricion normal (n),2005-05-01,9,10,4,6,13,16,29
70902,PAMPA GRANDE,desnutricion global,nutricion normal (n),2005-05-01,49,44,47,37,96,81,177
21802,PAPEL PAMPA,desnutricion global,nutricion normal (n),2005-05-01,32,28,12,14,44,42,86
30202,PASORAPA,desnutricion global,nutricion normal (n),2005-05-01,19,21,28,22,47,43,90
21305,PATACAMAYA,desnutricion global,nutricion normal (n),2005-05-01,191,203,119,93,310,296,606
40602,PAZÑA,desnutricion global,nutricion normal (n),2005-05-01,28,26,26,33,54,59,113
20702,PELECHUCO,desnutricion global,nutricion normal (n),2005-05-01,19,21,9,10,28,31,59
50403,POCOATA,desnutricion global,nutricion normal (n),2005-05-01,129,127,121,109,250,236,486
31203,POCONA,desnutricion global,nutricion normal (n),2005-05-01,31,36,27,24,58,60,118
31202,POJO (CBBA),desnutricion global,nutricion normal (n),2005-05-01,115,110,104,106,219,216,435
40601,POOPO,desnutricion global,nutricion normal (n),2005-05-01,17,28,16,12,33,40,73
51203,PORCO,desnutricion global,nutricion normal (n),2005-05-01,19,19,10,14,29,33,62
10103,POROMA,desnutricion global,nutricion normal (n),2005-05-01,130,126,113,119,243,245,488
70103,PORONGO,desnutricion global,nutricion normal (n),2005-05-01,41,35,29,14,70,49,119
70601,PORTACHUELO,desnutricion global,nutricion normal (n),2005-05-01,104,88,69,56,173,144,317
90102,PORVENIR,desnutricion global,nutricion normal (n),2005-05-01,47,35,32,24,79,59,138
70804,POSTRER VALLE,desnutricion global,nutricion normal (n),2005-05-01,17,19,19,15,36,34,70
50101,POTOSI,desnutricion global,nutricion normal (n),2005-05-01,684,483,270,213,954,696,1650
10302,PRESTO,desnutricion global,nutricion normal (n),2005-05-01,80,60,86,75,166,135,301
70805,PUCARA,desnutricion global,nutricion normal (n),2005-05-01,7,5,1,2,8,7,15
21201,PUCARANI,desnutricion global,nutricion normal (n),2005-05-01,97,125,47,37,144,162,306
20401,PUERTO ACOSTA,desnutricion global,nutricion normal (n),2005-05-01,85,74,74,75,159,149,308
20403,PUERTO CARABUCO,desnutricion global,nutricion normal (n),2005-05-01,81,82,53,56,134,138,272
90301,PUERTO GONZALO MORENO,desnutricion global,nutricion normal (n),2005-05-01,22,18,11,20,33,38,71
21204,PUERTO PEREZ,desnutricion global,nutricion normal (n),2005-05-01,36,37,20,29,56,66,122
90201,PUERTO RICO,desnutricion global,nutricion normal (n),2005-05-01,48,31,37,22,85,53,138
80703,PUERTO SILES,desnutricion global,nutricion normal (n),2005-05-01,22,16,29,33,51,49,100
31205,PUERTO VILLARROEL,desnutricion global,nutricion normal (n),2005-05-01,259,226,158,131,417,357,774
51101,PUNA,desnutricion global,nutricion normal (n),2005-05-01,202,130,163,102,365,232,597
31401,PUNATA,desnutricion global,nutricion normal (n),2005-05-01,97,116,79,62,176,178,354
20604,QUIABAYA,desnutricion global,nutricion normal (n),2005-05-01,18,7,5,3,23,10,33
30901,QUILLACOLLO,desnutricion global,nutricion normal (n),2005-05-01,395,538,236,312,631,850,1481
21002,QUIME,desnutricion global,nutricion normal (n),2005-05-01,86,86,71,77,157,163,320
70904,QUIRUSILLAS,desnutricion global,nutricion normal (n),2005-05-01,11,6,6,3,17,9,26
50402,RAVELO,desnutricion global,nutricion normal (n),2005-05-01,187,199,201,190,388,389,777
80301,REYES,desnutricion global,nutricion normal (n),2005-05-01,66,91,74,62,140,153,293
80201,RIBERALTA,desnutricion global,nutricion normal (n),2005-05-01,588,516,216,184,804,700,1504
70503,ROBORE,desnutricion global,nutricion normal (n),2005-05-01,78,82,59,54,137,136,273
80304,RURRENABAQUE,desnutricion global,nutricion normal (n),2005-05-01,129,95,42,45,171,140,311
40901,SABAYA,desnutricion global,nutricion normal (n),2005-05-01,19,9,9,12,28,21,49
31001,SACABA,desnutricion global,nutricion normal (n),2005-05-01,321,269,141,174,462,443,905
30404,SACABAMBA,desnutricion global,nutricion normal (n),2005-05-01,11,14,22,27,33,41,74
71302,SAIPINA,desnutricion global,nutricion normal (n),2005-05-01,30,12,32,21,62,33,95
40801,SALINAS DE GARCI MENDOZA,desnutricion global,nutricion normal (n),2005-05-01,65,53,73,58,138,111,249
70901,SAMAIPATA,desnutricion global,nutricion normal (n),2005-05-01,81,3,26,2,107,5,112
51601,SAN AGUSTIN,desnutricion global,nutricion normal (n),2005-05-01,7,2,3,3,10,5,15
80602,SAN ANDRES,desnutricion global,nutricion normal (n),2005-05-01,42,61,60,73,102,134,236
20805,SAN ANDRES DE MACHACA,desnutricion global,nutricion normal (n),2005-05-01,27,24,22,30,49,54,103
51003,SAN ANTONIO DE ESMORUCO,desnutricion global,nutricion normal (n),2005-05-01,11,9,14,9,25,18,43
71105,SAN ANTONIO DE LOMERIO,desnutricion global,nutricion normal (n),2005-05-01,67,69,78,84,145,153,298
31403,SAN BENITO,desnutricion global,nutricion normal (n),2005-05-01,65,69,68,79,133,148,281
80302,SAN BORJA,desnutricion global,nutricion normal (n),2005-05-01,227,231,117,120,344,351,695
21502,SAN BUENA VENTURA,desnutricion global,nutricion normal (n),2005-05-01,49,47,30,33,79,80,159
70402,SAN CARLOS,desnutricion global,nutricion normal (n),2005-05-01,104,116,60,58,164,174,338
80501,SAN IGNACIO,desnutricion global,nutricion normal (n),2005-05-01,112,113,82,101,194,214,408
70301,SAN IGNACIO DE VELASCO,desnutricion global,nutricion normal (n),2005-05-01,336,301,257,204,593,505,1098
80102,SAN JAVIER(BNI),desnutricion global,nutricion normal (n),2005-05-01,17,9,10,7,27,16,43
71102,SAN JAVIER(STC),desnutricion global,nutricion normal (n),2005-05-01,56,8,12,0,68,8,76
80701,SAN JOAQUIN,desnutricion global,nutricion normal (n),2005-05-01,24,27,21,14,45,41,86
70501,SAN JOSE DE CHIQUITOS,desnutricion global,nutricion normal (n),2005-05-01,81,68,50,47,131,115,246
70404,SAN JUAN DE YAPACANI,desnutricion global,nutricion normal (n),2005-05-01,68,74,64,46,132,120,252
71104,SAN JULIAN,desnutricion global,nutricion normal (n),2005-05-01,148,82,174,81,322,163,485
90302,SAN LORENZO(PND),desnutricion global,nutricion normal (n),2005-05-01,16,10,19,8,35,18,53
60501,SAN LORENZO(TJA),desnutricion global,nutricion normal (n),2005-05-01,75,80,65,58,140,138,278
10702,SAN LUCAS,desnutricion global,nutricion normal (n),2005-05-01,300,264,257,230,557,494,1051
70302,SAN MIGUEL DE VELASCO,desnutricion global,nutricion normal (n),2005-05-01,117,108,106,99,223,207,430
51001,SAN PABLO DE LIPEZ,desnutricion global,nutricion normal (n),2005-05-01,4,14,17,8,21,22,43
71005,SAN PEDRO,desnutricion global,nutricion normal (n),2005-05-01,118,115,102,89,220,204,424
50501,SAN PEDRO DE BUENA VISTA,desnutricion global,nutricion normal (n),2005-05-01,71,78,86,74,157,152,309
21801,SAN PEDRO DE CURAHUARA,desnutricion global,nutricion normal (n),2005-05-01,35,30,32,39,67,69,136
50902,SAN PEDRO DE QUEMES,desnutricion global,nutricion normal (n),2005-05-01,5,5,6,5,11,10,21
21702,SAN PEDRO DE TIQUINA,desnutricion global,nutricion normal (n),2005-05-01,18,18,27,17,45,35,80
90202,SAN PEDRO(PND),desnutricion global,nutricion normal (n),2005-05-01,5,3,7,3,12,6,18
70303,SAN RAFAEL,desnutricion global,nutricion normal (n),2005-05-01,37,37,47,51,84,88,172
80702,SAN RAMON,desnutricion global,nutricion normal (n),2005-05-01,26,18,15,18,41,36,77
80401,SANTA ANA,desnutricion global,nutricion normal (n),2005-05-01,145,97,44,40,189,137,326
70101,SANTA CRUZ DE LA SIERRA,desnutricion global,nutricion normal (n),2005-05-01,3682,2847,1819,1552,5501,4399,9900
80303,SANTA ROSA,desnutricion global,nutricion normal (n),2005-05-01,49,53,41,59,90,112,202
70602,SANTA ROSA DEL SARA,desnutricion global,nutricion normal (n),2005-05-01,54,65,59,52,113,117,230
20308,SANTIAGO DE CALLAPA,desnutricion global,nutricion normal (n),2005-05-01,19,25,20,15,39,40,79
41401,SANTIAGO DE HUARI,desnutricion global,nutricion normal (n),2005-05-01,30,30,40,37,70,67,137
21901,SANTIAGO DE MACHACA,desnutricion global,nutricion normal (n),2005-05-01,26,20,17,13,43,33,76
30702,SANTIVAÑES,desnutricion global,nutricion normal (n),2005-05-01,58,41,40,40,98,81,179
40202,SANTUARIO DE QUILLACAS,desnutricion global,nutricion normal (n),2005-05-01,10,13,14,11,24,24,48
20902,SAPAHAQUI,desnutricion global,nutricion normal (n),2005-05-01,28,22,17,23,45,45,90
90303,SENA,desnutricion global,nutricion normal (n),2005-05-01,7,7,5,4,12,11,23
21301,SICA SICA (VILLA AROMA),desnutricion global,nutricion normal (n),2005-05-01,118,126,116,74,234,200,434
30703,SICAYA,desnutricion global,nutricion normal (n),2005-05-01,22,13,12,11,34,24,58
30902,SIPE SIPE,desnutricion global,nutricion normal (n),2005-05-01,236,206,179,193,415,399,814
10403,SOPACHUY,desnutricion global,nutricion normal (n),2005-05-01,86,73,83,80,169,153,322
40104,SORACACHI,desnutricion global,nutricion normal (n),2005-05-01,32,35,40,26,72,61,133
20601,SORATA,desnutricion global,nutricion normal (n),2005-05-01,103,93,94,72,197,165,362
10101,SUCRE,desnutricion global,nutricion normal (n),2005-05-01,1031,1043,779,690,1810,1733,3543
31404,TACACHI,desnutricion global,nutricion normal (n),2005-05-01,4,7,1,1,5,8,13
20603,TACACOMA,desnutricion global,nutricion normal (n),2005-05-01,52,33,50,30,102,63,165
50303,TACOBAMBA,desnutricion global,nutricion normal (n),2005-05-01,2,2,4,2,6,4,10
30602,TACOPAYA,desnutricion global,nutricion normal (n),2005-05-01,27,26,36,32,63,58,121
51402,TAHUA,desnutricion global,nutricion normal (n),2005-05-01,6,7,7,4,13,11,24
31101,TAPACARI,desnutricion global,nutricion normal (n),2005-05-01,121,118,89,127,210,245,455
10601,TARABUCO,desnutricion global,nutricion normal (n),2005-05-01,202,203,285,281,487,484,971
20807,TARACO,desnutricion global,nutricion normal (n),2005-05-01,34,25,23,41,57,66,123
30401,TARATA,desnutricion global,nutricion normal (n),2005-05-01,61,50,26,23,87,73,160
60101,TARIJA,desnutricion global,nutricion normal (n),2005-05-01,658,633,426,415,1084,1048,2132
10202,TARVITA,desnutricion global,nutricion normal (n),2005-05-01,283,214,249,253,532,467,999
20608,TEOPONTE,desnutricion global,nutricion normal (n),2005-05-01,64,59,77,62,141,121,262
20803,TIAWANACU,desnutricion global,nutricion normal (n),2005-05-01,70,65,55,40,125,105,230
50102,TINGUIPAYA,desnutricion global,nutricion normal (n),2005-05-01,97,81,129,82,226,163,389
20606,TIPUANI,desnutricion global,nutricion normal (n),2005-05-01,83,57,33,28,116,85,201
30903,TIQUIPAYA,desnutricion global,nutricion normal (n),2005-05-01,36,44,16,28,52,72,124
31601,TIRAQUE (CBBA),desnutricion global,nutricion normal (n),2005-05-01,190,196,145,128,335,324,659
21703,TITO YUPANQUI (PARQUIPUJIO),desnutricion global,nutricion normal (n),2005-05-01,5,7,12,15,17,22,39
30802,TOCO,desnutricion global,nutricion normal (n),2005-05-01,8,7,17,8,25,15,40
30803,TOLATA,desnutricion global,nutricion normal (n),2005-05-01,10,14,3,8,13,22,35
41001,TOLEDO,desnutricion global,nutricion normal (n),2005-05-01,32,26,20,30,52,56,108
51202,TOMAVE,desnutricion global,nutricion normal (n),2005-05-01,81,18,74,28,155,46,201
10402,TOMINA,desnutricion global,nutricion normal (n),2005-05-01,80,110,125,141,205,251,456
50502,TORO TORO,desnutricion global,nutricion normal (n),2005-05-01,82,68,61,61,143,129,272
31201,TOTORA(CBBA),desnutricion global,nutricion normal (n),2005-05-01,75,79,36,30,111,109,220
41301,TOTORA(ORR),desnutricion global,nutricion normal (n),2005-05-01,23,37,17,23,40,60,100
70802,TRIGAL,desnutricion global,nutricion normal (n),2005-05-01,14,11,6,12,20,23,43
80101,TRINIDAD,desnutricion global,nutricion normal (n),2005-05-01,414,467,269,266,683,733,1416
50801,TUPIZA,desnutricion global,nutricion normal (n),2005-05-01,291,243,210,211,501,454,955
40402,TURCO,desnutricion global,nutricion normal (n),2005-05-01,12,25,15,22,27,47,74
21302,UMALA,desnutricion global,nutricion normal (n),2005-05-01,3,3,1,8,4,11,15
50201,UNCIA,desnutricion global,nutricion normal (n),2005-05-01,126,122,69,82,195,204,399
60401,URIONDO (A. CONCEPCION),desnutricion global,nutricion normal (n),2005-05-01,95,115,126,119,221,234,455
51201,UYUNI,desnutricion global,nutricion normal (n),2005-05-01,62,36,56,47,118,83,201
30502,VACAS,desnutricion global,nutricion normal (n),2005-05-01,62,53,33,19,95,72,167
70801,VALLEGRANDE,desnutricion global,nutricion normal (n),2005-05-01,111,110,82,92,193,202,395
20801,VIACHA,desnutricion global,nutricion normal (n),2005-05-01,185,173,81,110,266,283,549
31302,VILA VILA,desnutricion global,nutricion normal (n),2005-05-01,12,19,12,16,24,35,59
60303,VILLA MONTES,desnutricion global,nutricion normal (n),2005-05-01,123,128,98,86,221,214,435
90502,VILLA NUEVA (LOMA ALTA),desnutricion global,nutricion normal (n),2005-05-01,45,27,49,47,94,74,168
31402,VILLA RIVERO,desnutricion global,nutricion normal (n),2005-05-01,26,24,17,10,43,34,77
10801,VILLA SERRANO,desnutricion global,nutricion normal (n),2005-05-01,122,142,173,162,295,304,599
31003,VILLA TUNARI,desnutricion global,nutricion normal (n),2005-05-01,372,331,257,219,629,550,1179
11001,VILLA VACA GUZMAN (MUYUPAMPA),desnutricion global,nutricion normal (n),2005-05-01,88,110,140,161,228,271,499
51501,VILLAZON,desnutricion global,nutricion normal (n),2005-05-01,194,183,148,150,342,333,675
30904,VINTO,desnutricion global,nutricion normal (n),2005-05-01,64,65,13,10,77,75,152
50602,VITICHI,desnutricion global,nutricion normal (n),2005-05-01,52,56,58,71,110,127,237
20306,WALDO BALLIVIAN,desnutricion global,nutricion normal (n),2005-05-01,6,7,4,3,10,10,20
70201,WARNES,desnutricion global,nutricion normal (n),2005-05-01,224,255,148,136,372,391,763
20903,YACO,desnutricion global,nutricion normal (n),2005-05-01,33,24,33,38,66,62,128
60301,YACUIBA,desnutricion global,nutricion normal (n),2005-05-01,248,253,123,121,371,374,745
10602,YAMPARAEZ,desnutricion global,nutricion normal (n),2005-05-01,98,107,155,168,253,275,528
21103,YANACACHI,desnutricion global,nutricion normal (n),2005-05-01,31,32,31,20,62,52,114
70403,YAPACANI,desnutricion global,nutricion normal (n),2005-05-01,283,228,175,139,458,367,825
50103,YOCALLA,desnutricion global,nutricion normal (n),2005-05-01,13,14,22,19,35,33,68
10102,YOTALA,desnutricion global,nutricion normal (n),2005-05-01,72,71,120,136,192,207,399
60402,YUNCHARA,desnutricion global,nutricion normal (n),2005-05-01,38,41,45,60,83,101,184
10301,ZUDAÑEZ,desnutricion global,nutricion normal (n),2005-05-01,87,65,74,83,161,148,309
51302,ACACIO,desnutricion global,nutricion normal (n),2005-06-01,58,61,98,73,156,134,290
20201,ACHACACHI,desnutricion global,nutricion normal (n),2005-06-01,304,310,339,307,643,617,1260
20104,ACHOCALLA,desnutricion global,nutricion normal (n),2005-06-01,52,58,21,20,73,78,151
30201,AIQUILE,desnutricion global,nutricion normal (n),2005-06-01,47,29,37,51,84,80,164
31303,ALALAY,desnutricion global,nutricion normal (n),2005-06-01,17,8,0,0,17,8,25
10404,ALCALA,desnutricion global,nutricion normal (n),2005-06-01,30,30,60,67,90,97,187
20202,ANCORAIMES,desnutricion global,nutricion normal (n),2005-06-01,85,91,91,78,176,169,345
41201,ANDAMARCA,desnutricion global,nutricion normal (n),2005-06-01,16,14,12,17,28,31,59
40603,ANTEQUERA,desnutricion global,nutricion normal (n),2005-06-01,21,12,16,16,37,28,65
30402,ANZALDO,desnutricion global,nutricion normal (n),2005-06-01,11,10,12,11,23,21,44
20701,APOLO,desnutricion global,nutricion normal (n),2005-06-01,45,54,34,24,79,78,157
51301,ARAMPAMPA,desnutricion global,nutricion normal (n),2005-06-01,54,54,70,68,124,122,246
30501,ARANI,desnutricion global,nutricion normal (n),2005-06-01,30,29,23,16,53,45,98
30403,ARBIETO,desnutricion global,nutricion normal (n),2005-06-01,44,28,10,21,54,49,103
30601,ARQUE,desnutricion global,nutricion normal (n),2005-06-01,47,57,43,23,90,80,170
50802,ATOCHA,desnutricion global,nutricion normal (n),2005-06-01,117,105,92,100,209,205,414
20503,AUCAPATA,desnutricion global,nutricion normal (n),2005-06-01,43,29,11,5,54,34,88
20502,AYATA,desnutricion global,nutricion normal (n),2005-06-01,71,71,36,31,107,102,209
21303,AYO AYO,desnutricion global,nutricion normal (n),2005-06-01,33,26,17,24,50,50,100
30301,AYOPAYA (V. DE INDEPENDENCIA),desnutricion global,nutricion normal (n),2005-06-01,141,131,78,100,219,231,450
10201,AZURDUY,desnutricion global,nutricion normal (n),2005-06-01,133,130,161,137,294,267,561
21203,BATALLAS,desnutricion global,nutricion normal (n),2005-06-01,86,71,60,54,146,125,271
80802,BAURES,desnutricion global,nutricion normal (n),2005-06-01,39,44,44,33,83,77,160
41202,BELEN DE ANDAMARCA,desnutricion global,nutricion normal (n),2005-06-01,5,7,5,5,10,12,22
50104,BELEN DE URMIRI,desnutricion global,nutricion normal (n),2005-06-01,10,10,10,8,20,18,38
90104,BELLA FLOR,desnutricion global,nutricion normal (n),2005-06-01,19,27,32,41,51,68,119
60202,BERMEJO,desnutricion global,nutricion normal (n),2005-06-01,48,33,23,23,71,56,127
50301,BETANZOS,desnutricion global,nutricion normal (n),2005-06-01,199,180,185,187,384,367,751
31501,BOLIVAR,desnutricion global,nutricion normal (n),2005-06-01,46,53,35,41,81,94,175
90103,BOLPEBRA,desnutricion global,nutricion normal (n),2005-06-01,12,8,16,14,28,22,50
70707,BOYUIBE,desnutricion global,nutricion normal (n),2005-06-01,39,26,50,41,89,67,156
70401,BUENA VISTA,desnutricion global,nutricion normal (n),2005-06-01,163,153,146,148,309,301,610
70703,CABEZAS,desnutricion global,nutricion normal (n),2005-06-01,144,130,118,118,262,248,510
20905,CAIROMA,desnutricion global,nutricion normal (n),2005-06-01,80,84,73,84,153,168,321
51102,"CAIZA ""D""",desnutricion global,nutricion normal (n),2005-06-01,75,72,79,73,154,145,299
21003,CAJUATA,desnutricion global,nutricion normal (n),2005-06-01,62,52,32,28,94,80,174
20303,CALACOTO,desnutricion global,nutricion normal (n),2005-06-01,17,24,8,5,25,29,54
21304,CALAMARCA,desnutricion global,nutricion normal (n),2005-06-01,101,99,76,82,177,181,358
10701,CAMARGO,desnutricion global,nutricion normal (n),2005-06-01,140,156,129,82,269,238,507
10901,CAMATAQUI (C. VILLA ABECIA),desnutricion global,nutricion normal (n),2005-06-01,30,16,42,37,72,53,125
70706,CAMIRI,desnutricion global,nutricion normal (n),2005-06-01,368,259,237,240,605,499,1104
30701,CAPINOTA,desnutricion global,nutricion normal (n),2005-06-01,102,68,106,96,208,164,372
20302,CAQUIAVIRI,desnutricion global,nutricion normal (n),2005-06-01,54,51,55,44,109,95,204
40102,CARACOLLO,desnutricion global,nutricion normal (n),2005-06-01,46,63,31,55,77,118,195
22001,CARANAVI,desnutricion global,nutricion normal (n),2005-06-01,368,380,243,236,611,616,1227
60302,CARAPARI,desnutricion global,nutricion normal (n),2005-06-01,113,98,118,107,231,205,436
50702,CARIPUYO,desnutricion global,nutricion normal (n),2005-06-01,66,92,125,87,191,179,370
71403,CARMEN RIVERO TORREZ,desnutricion global,nutricion normal (n),2005-06-01,5,3,5,0,10,3,13
21902,CATACORA,desnutricion global,nutricion normal (n),2005-06-01,1,2,5,3,6,5,11
21803,CHACARILLA,desnutricion global,nutricion normal (n),2005-06-01,2,6,8,2,10,8,18
40201,CHALLAPATA,desnutricion global,nutricion normal (n),2005-06-01,154,146,134,110,288,256,544
50302,CHAQUI,desnutricion global,nutricion normal (n),2005-06-01,41,52,41,53,82,105,187
70702,CHARAGUA,desnutricion global,nutricion normal (n),2005-06-01,203,170,159,176,362,346,708
20305,CHARAÑA,desnutricion global,nutricion normal (n),2005-06-01,9,5,4,9,13,14,27
50202,CHAYANTA,desnutricion global,nutricion normal (n),2005-06-01,81,69,69,68,150,137,287
31204,CHIMORE,desnutricion global,nutricion normal (n),2005-06-01,61,37,29,32,90,69,159
40903,CHIPAYA,desnutricion global,nutricion normal (n),2005-06-01,6,12,7,6,13,18,31
21101,CHULUMANI (V. DE LA LIBERTAD),desnutricion global,nutricion normal (n),2005-06-01,63,60,31,25,94,85,179
20501,CHUMA,desnutricion global,nutricion normal (n),2005-06-01,42,64,29,26,71,90,161
30801,CLIZA,desnutricion global,nutricion normal (n),2005-06-01,146,10,49,12,195,22,217
90101,COBIJA,desnutricion global,nutricion normal (n),2005-06-01,203,160,125,127,328,287,615
30101,COCHABAMBA,desnutricion global,nutricion normal (n),2005-06-01,1430,1239,587,551,2017,1790,3807
40902,COIPASA,desnutricion global,nutricion normal (n),2005-06-01,2,3,5,10,7,13,20
30905,COLCAPIRHUA,desnutricion global,nutricion normal (n),2005-06-01,231,214,156,144,387,358,745
50901,"COLCHA ""K""",desnutricion global,nutricion normal (n),2005-06-01,104,110,96,101,200,211,411
21307,COLLANA,desnutricion global,nutricion normal (n),2005-06-01,15,10,7,10,22,20,42
31002,COLOMI,desnutricion global,nutricion normal (n),2005-06-01,148,116,56,56,204,172,376
70603,COLPA BELGICA,desnutricion global,nutricion normal (n),2005-06-01,51,31,19,12,70,43,113
50401,COLQUECHACA,desnutricion global,nutricion normal (n),2005-06-01,142,148,93,91,235,239,474
21306,COLQUENCHA,desnutricion global,nutricion normal (n),2005-06-01,43,49,63,62,106,111,217
21004,COLQUIRI,desnutricion global,nutricion normal (n),2005-06-01,110,99,46,67,156,166,322
20304,COMANCHE,desnutricion global,nutricion normal (n),2005-06-01,11,12,10,12,21,24,45
71301,COMARAPA,desnutricion global,nutricion normal (n),2005-06-01,108,117,74,65,182,182,364
20605,COMBAYA,desnutricion global,nutricion normal (n),2005-06-01,11,5,12,9,23,14,37
71101,CONCEPCION,desnutricion global,nutricion normal (n),2005-06-01,202,0,66,0,268,0,268
21701,COPACABANA,desnutricion global,nutricion normal (n),2005-06-01,45,69,44,48,89,117,206
21402,CORIPATA,desnutricion global,nutricion normal (n),2005-06-01,74,59,39,48,113,107,220
20301,CORO CORO,desnutricion global,nutricion normal (n),2005-06-01,60,58,41,34,101,92,193
21401,COROICO,desnutricion global,nutricion normal (n),2005-06-01,114,94,60,40,174,134,308
40301,CORQUE,desnutricion global,nutricion normal (n),2005-06-01,35,42,28,17,63,59,122
50601,COTAGAITA,desnutricion global,nutricion normal (n),2005-06-01,143,145,90,76,233,221,454
70102,COTOCA,desnutricion global,nutricion normal (n),2005-06-01,265,236,70,56,335,292,627
71106,CUATRO CAÑADAS,desnutricion global,nutricion normal (n),2005-06-01,79,46,110,36,189,82,271
31405,CUCHUMUELA (V. G. VILLARROEL),desnutricion global,nutricion normal (n),2005-06-01,16,8,15,6,31,14,45
70704,CUEVO,desnutricion global,nutricion normal (n),2005-06-01,30,44,21,38,51,82,133
10902,CULPINA,desnutricion global,nutricion normal (n),2005-06-01,207,190,153,142,360,332,692
40401,CURAHUARA DE CARANGAS,desnutricion global,nutricion normal (n),2005-06-01,16,20,18,20,34,40,74
21602,CURVA,desnutricion global,nutricion normal (n),2005-06-01,1,3,2,2,3,5,8
20804,DESAGUADERO,desnutricion global,nutricion normal (n),2005-06-01,20,11,9,10,29,21,50
20105,EL ALTO,desnutricion global,nutricion normal (n),2005-06-01,3685,3414,1485,1439,5170,4853,10023
40103,EL CHORO,desnutricion global,nutricion normal (n),2005-06-01,5,4,6,6,11,10,21
60502,EL PUENTE(TJA),desnutricion global,nutricion normal (n),2005-06-01,42,38,76,63,118,101,219
70105,EL TORNO,desnutricion global,nutricion normal (n),2005-06-01,194,235,73,75,267,310,577
10405,EL VILLAR,desnutricion global,nutricion normal (n),2005-06-01,67,69,95,75,162,144,306
60601,ENTRE RIOS,desnutricion global,nutricion normal (n),2005-06-01,138,110,75,58,213,168,381
60601,ENTRE RIOS,desnutricion global,nutricion normal (n),2005-06-01,171,147,143,95,314,242,556
41101,EUCALIPTUS,desnutricion global,nutricion normal (n),2005-06-01,31,24,43,32,74,56,130
90503,EUREKA (SANTOS MERCADO),desnutricion global,nutricion normal (n),2005-06-01,3,4,3,5,6,9,15
80402,EXALTACION,desnutricion global,nutricion normal (n),2005-06-01,14,5,7,14,21,19,40
71004,FERNANDEZ ALONSO,desnutricion global,nutricion normal (n),2005-06-01,159,182,198,203,357,385,742
90203,FILADELFIA,desnutricion global,nutricion normal (n),2005-06-01,28,56,55,46,83,102,185
71002,GENERAL SAAVEDRA,desnutricion global,nutricion normal (n),2005-06-01,196,169,256,213,452,382,834
21601,GRAL. J.J. PEREZ (CHARAZANI),desnutricion global,nutricion normal (n),2005-06-01,30,34,32,17,62,51,113
20602,GUANAY,desnutricion global,nutricion normal (n),2005-06-01,114,86,78,71,192,157,349
20802,GUAQUI,desnutricion global,nutricion normal (n),2005-06-01,33,30,24,25,57,55,112
80202,GUAYARAMERIN,desnutricion global,nutricion normal (n),2005-06-01,248,234,120,146,368,380,748
70705,GUTIERREZ,desnutricion global,nutricion normal (n),2005-06-01,116,90,188,149,304,239,543
10502,HUACARETA,desnutricion global,nutricion normal (n),2005-06-01,107,109,131,124,238,233,471
11002,HUACAYA (VILLA DE HUACAYA),desnutricion global,nutricion normal (n),2005-06-01,34,29,50,62,84,91,175
40501,HUACHACALLA,desnutricion global,nutricion normal (n),2005-06-01,1,2,1,1,2,3,5
40701,HUANUNI,desnutricion global,nutricion normal (n),2005-06-01,151,120,43,38,194,158,352
80803,HUARACAJE,desnutricion global,nutricion normal (n),2005-06-01,22,55,35,0,57,55,112
41601,HUAYLLAMARCA,desnutricion global,nutricion normal (n),2005-06-01,29,35,18,19,47,54,101
21005,ICHOCA,desnutricion global,nutricion normal (n),2005-06-01,17,29,19,14,36,43,79
10304,ICLA,desnutricion global,nutricion normal (n),2005-06-01,93,104,153,143,246,247,493
10703,INCAHUASI,desnutricion global,nutricion normal (n),2005-06-01,250,213,166,165,416,378,794
90402,INGAVI (HUMAITA),desnutricion global,nutricion normal (n),2005-06-01,10,6,22,9,32,15,47
21001,INQUISIVI,desnutricion global,nutricion normal (n),2005-06-01,100,84,58,57,158,141,299
21102,IRUPANA (VILLA DE LANZA),desnutricion global,nutricion normal (n),2005-06-01,152,112,113,120,265,232,497
21501,IXIAMAS,desnutricion global,nutricion normal (n),2005-06-01,78,45,59,34,137,79,216
20806,JESUS DE MACHACA,desnutricion global,nutricion normal (n),2005-06-01,59,49,32,32,91,81,172
21105,LA ASUNTA,desnutricion global,nutricion normal (n),2005-06-01,173,156,36,33,209,189,398
70104,LA GUARDIA,desnutricion global,nutricion normal (n),2005-06-01,268,291,138,140,406,431,837
20101,LA PAZ,desnutricion global,nutricion normal (n),2005-06-01,3061,2763,1417,1522,4478,4285,8763
41501,LA RIVERA,desnutricion global,nutricion normal (n),2005-06-01,0,3,2,2,2,5,7
70701,LAGUNILLAS,desnutricion global,nutricion normal (n),2005-06-01,61,55,92,83,153,138,291
21202,LAJA,desnutricion global,nutricion normal (n),2005-06-01,87,73,33,33,120,106,226
10903,LAS CARRERAS,desnutricion global,nutricion normal (n),2005-06-01,50,30,57,61,107,91,198
21006,LICOMA PAMPA,desnutricion global,nutricion normal (n),2005-06-01,9,13,12,17,21,30,51
50203,LLALLAGUA,desnutricion global,nutricion normal (n),2005-06-01,201,188,205,224,406,412,818
51401,LLICA,desnutricion global,nutricion normal (n),2005-06-01,22,22,13,14,35,36,71
80601,LORETO,desnutricion global,nutricion normal (n),2005-06-01,22,23,45,32,67,55,122
20901,LURIBAY,desnutricion global,nutricion normal (n),2005-06-01,119,108,81,89,200,197,397
40702,MACHACAMARCA,desnutricion global,nutricion normal (n),2005-06-01,14,23,19,12,33,35,68
11003,MACHARETI,desnutricion global,nutricion normal (n),2005-06-01,88,109,143,159,231,268,499
80801,MAGDALENA,desnutricion global,nutricion normal (n),2005-06-01,60,79,57,47,117,126,243
70903,MAIRANA,desnutricion global,nutricion normal (n),2005-06-01,98,65,45,39,143,104,247
20904,MALLA,desnutricion global,nutricion normal (n),2005-06-01,26,22,57,33,83,55,138
20607,MAPIRI,desnutricion global,nutricion normal (n),2005-06-01,79,76,28,32,107,108,215
20103,MECAPACA,desnutricion global,nutricion normal (n),2005-06-01,59,49,30,34,89,83,172
71003,MINEROS,desnutricion global,nutricion normal (n),2005-06-01,200,142,126,118,326,260,586
31301,MIZQUE,desnutricion global,nutricion normal (n),2005-06-01,72,68,66,59,138,127,265
20402,MOCOMOCO,desnutricion global,nutricion normal (n),2005-06-01,91,61,63,62,154,123,277
51002,MOJINETE,desnutricion global,nutricion normal (n),2005-06-01,6,5,9,5,15,10,25
10303,MOJOCOYA,desnutricion global,nutricion normal (n),2005-06-01,93,87,160,111,253,198,451
10501,MONTEAGUDO,desnutricion global,nutricion normal (n),2005-06-01,238,222,271,262,509,484,993
71001,MONTERO,desnutricion global,nutricion normal (n),2005-06-01,1018,919,664,666,1682,1585,3267
70803,MORO MORO,desnutricion global,nutricion normal (n),2005-06-01,22,23,37,34,59,57,116
30302,MOROCHATA,desnutricion global,nutricion normal (n),2005-06-01,118,105,81,96,199,201,400
90401,NACEBE (SANTA ROSA DEL ABUNA),desnutricion global,nutricion normal (n),2005-06-01,15,25,50,34,65,59,124
20307,NAZACARA DE PACAJES,desnutricion global,nutricion normal (n),2005-06-01,6,4,7,3,13,7,20
90501,NUEVO MANOA (NUEVA ESPERANZA),desnutricion global,nutricion normal (n),2005-06-01,0,1,0,0,0,1,1
50404,OCURI,desnutricion global,nutricion normal (n),2005-06-01,60,67,54,74,114,141,255
70202,OKINAWA,desnutricion global,nutricion normal (n),2005-06-01,121,117,106,71,227,188,415
30203,OMEREQUE,desnutricion global,nutricion normal (n),2005-06-01,36,51,28,31,64,82,146
40101,ORURO,desnutricion global,nutricion normal (n),2005-06-01,1197,1270,695,674,1892,1944,3836
60201,PADCAYA,desnutricion global,nutricion normal (n),2005-06-01,134,130,185,176,319,306,625
10401,PADILLA,desnutricion global,nutricion normal (n),2005-06-01,131,124,194,205,325,329,654
20102,PALCA,desnutricion global,nutricion normal (n),2005-06-01,55,43,10,15,65,58,123
21104,PALOS BLANCOS,desnutricion global,nutricion normal (n),2005-06-01,222,207,142,134,364,341,705
40802,PAMPA AULLAGAS,desnutricion global,nutricion normal (n),2005-06-01,18,14,12,21,30,35,65
70902,PAMPA GRANDE,desnutricion global,nutricion normal (n),2005-06-01,66,48,37,33,103,81,184
21802,PAPEL PAMPA,desnutricion global,nutricion normal (n),2005-06-01,24,24,13,21,37,45,82
30202,PASORAPA,desnutricion global,nutricion normal (n),2005-06-01,22,23,20,22,42,45,87
21305,PATACAMAYA,desnutricion global,nutricion normal (n),2005-06-01,108,115,67,71,175,186,361
40602,PAZÑA,desnutricion global,nutricion normal (n),2005-06-01,21,18,19,30,40,48,88
20702,PELECHUCO,desnutricion global,nutricion normal (n),2005-06-01,23,22,13,16,36,38,74
50403,POCOATA,desnutricion global,nutricion normal (n),2005-06-01,124,115,159,138,283,253,536
31203,POCONA,desnutricion global,nutricion normal (n),2005-06-01,62,43,47,54,109,97,206
31202,POJO (CBBA),desnutricion global,nutricion normal (n),2005-06-01,86,101,60,68,146,169,315
40601,POOPO,desnutricion global,nutricion normal (n),2005-06-01,27,27,12,1,39,28,67
51203,PORCO,desnutricion global,nutricion normal (n),2005-06-01,53,46,16,18,69,64,133
10103,POROMA,desnutricion global,nutricion normal (n),2005-06-01,155,131,154,141,309,272,581
70103,PORONGO,desnutricion global,nutricion normal (n),2005-06-01,37,30,20,20,57,50,107
70601,PORTACHUELO,desnutricion global,nutricion normal (n),2005-06-01,160,142,124,100,284,242,526
90102,PORVENIR,desnutricion global,nutricion normal (n),2005-06-01,29,32,24,18,53,50,103
70804,POSTRER VALLE,desnutricion global,nutricion normal (n),2005-06-01,5,6,11,8,16,14,30
50101,POTOSI,desnutricion global,nutricion normal (n),2005-06-01,1203,795,377,342,1580,1137,2717
10302,PRESTO,desnutricion global,nutricion normal (n),2005-06-01,85,77,116,106,201,183,384
70805,PUCARA,desnutricion global,nutricion normal (n),2005-06-01,22,15,33,22,55,37,92
21201,PUCARANI,desnutricion global,nutricion normal (n),2005-06-01,155,166,78,70,233,236,469
20401,PUERTO ACOSTA,desnutricion global,nutricion normal (n),2005-06-01,119,104,126,105,245,209,454
20403,PUERTO CARABUCO,desnutricion global,nutricion normal (n),2005-06-01,83,66,66,82,149,148,297
90301,PUERTO GONZALO MORENO,desnutricion global,nutricion normal (n),2005-06-01,37,26,23,27,60,53,113
21204,PUERTO PEREZ,desnutricion global,nutricion normal (n),2005-06-01,54,39,43,33,97,72,169
71402,PUERTO QUIJARRO,desnutricion global,nutricion normal (n),2005-06-01,24,12,10,8,34,20,54
90201,PUERTO RICO,desnutricion global,nutricion normal (n),2005-06-01,77,89,79,85,156,174,330
80703,PUERTO SILES,desnutricion global,nutricion normal (n),2005-06-01,4,8,8,4,12,12,24
71401,PUERTO SUAREZ,desnutricion global,nutricion normal (n),2005-06-01,20,11,3,4,23,15,38
31205,PUERTO VILLARROEL,desnutricion global,nutricion normal (n),2005-06-01,289,234,217,168,506,402,908
51101,PUNA,desnutricion global,nutricion normal (n),2005-06-01,163,176,131,87,294,263,557
31401,PUNATA,desnutricion global,nutricion normal (n),2005-06-01,173,188,68,62,241,250,491
20604,QUIABAYA,desnutricion global,nutricion normal (n),2005-06-01,28,21,14,19,42,40,82
30901,QUILLACOLLO,desnutricion global,nutricion normal (n),2005-06-01,184,156,112,102,296,258,554
21002,QUIME,desnutricion global,nutricion normal (n),2005-06-01,74,75,64,60,138,135,273
70904,QUIRUSILLAS,desnutricion global,nutricion normal (n),2005-06-01,9,3,4,7,13,10,23
50402,RAVELO,desnutricion global,nutricion normal (n),2005-06-01,163,169,169,163,332,332,664
80301,REYES,desnutricion global,nutricion normal (n),2005-06-01,152,125,155,111,307,236,543
80201,RIBERALTA,desnutricion global,nutricion normal (n),2005-06-01,838,727,295,286,1133,1013,2146
80304,RURRENABAQUE,desnutricion global,nutricion normal (n),2005-06-01,120,110,46,41,166,151,317
40901,SABAYA,desnutricion global,nutricion normal (n),2005-06-01,24,19,17,20,41,39,80
31001,SACABA,desnutricion global,nutricion normal (n),2005-06-01,324,292,79,99,403,391,794
30404,SACABAMBA,desnutricion global,nutricion normal (n),2005-06-01,9,10,12,12,21,22,43
50701,SACACA,desnutricion global,nutricion normal (n),2005-06-01,147,161,160,147,307,308,615
71302,SAIPINA,desnutricion global,nutricion normal (n),2005-06-01,43,23,40,32,83,55,138
40801,SALINAS DE GARCI MENDOZA,desnutricion global,nutricion normal (n),2005-06-01,55,59,32,41,87,100,187
70901,SAMAIPATA,desnutricion global,nutricion normal (n),2005-06-01,124,77,81,60,205,137,342
51601,SAN AGUSTIN,desnutricion global,nutricion normal (n),2005-06-01,18,14,19,12,37,26,63
80602,SAN ANDRES,desnutricion global,nutricion normal (n),2005-06-01,92,84,83,84,175,168,343
20805,SAN ANDRES DE MACHACA,desnutricion global,nutricion normal (n),2005-06-01,15,11,5,10,20,21,41
51003,SAN ANTONIO DE ESMORUCO,desnutricion global,nutricion normal (n),2005-06-01,13,17,13,12,26,29,55
71105,SAN ANTONIO DE LOMERIO,desnutricion global,nutricion normal (n),2005-06-01,0,7,7,7,7,14,21
31403,SAN BENITO,desnutricion global,nutricion normal (n),2005-06-01,43,58,23,29,66,87,153
80302,SAN BORJA,desnutricion global,nutricion normal (n),2005-06-01,337,324,145,146,482,470,952
21502,SAN BUENA VENTURA,desnutricion global,nutricion normal (n),2005-06-01,117,84,71,65,188,149,337
70402,SAN CARLOS,desnutricion global,nutricion normal (n),2005-06-01,190,199,97,98,287,297,584
80501,SAN IGNACIO,desnutricion global,nutricion normal (n),2005-06-01,155,138,125,79,280,217,497
70301,SAN IGNACIO DE VELASCO,desnutricion global,nutricion normal (n),2005-06-01,462,389,276,221,738,610,1348
80102,SAN JAVIER(BNI),desnutricion global,nutricion normal (n),2005-06-01,22,27,24,15,46,42,88
71102,SAN JAVIER(STC),desnutricion global,nutricion normal (n),2005-06-01,28,30,6,8,34,38,72
80701,SAN JOAQUIN,desnutricion global,nutricion normal (n),2005-06-01,29,38,19,24,48,62,110
70404,SAN JUAN DE YAPACANI,desnutricion global,nutricion normal (n),2005-06-01,117,124,76,65,193,189,382
71104,SAN JULIAN,desnutricion global,nutricion normal (n),2005-06-01,154,102,173,143,327,245,572
90302,SAN LORENZO(PND),desnutricion global,nutricion normal (n),2005-06-01,50,39,69,52,119,91,210
60501,SAN LORENZO(TJA),desnutricion global,nutricion normal (n),2005-06-01,161,137,122,120,283,257,540
10702,SAN LUCAS,desnutricion global,nutricion normal (n),2005-06-01,329,285,336,283,665,568,1233
71201,SAN MATIAS,desnutricion global,nutricion normal (n),2005-06-01,56,64,24,26,80,90,170
70302,SAN MIGUEL DE VELASCO,desnutricion global,nutricion normal (n),2005-06-01,118,88,89,96,207,184,391
51001,SAN PABLO DE LIPEZ,desnutricion global,nutricion normal (n),2005-06-01,16,20,14,12,30,32,62
71005,SAN PEDRO,desnutricion global,nutricion normal (n),2005-06-01,150,115,109,88,259,203,462
50501,SAN PEDRO DE BUENA VISTA,desnutricion global,nutricion normal (n),2005-06-01,121,101,179,90,300,191,491
21801,SAN PEDRO DE CURAHUARA,desnutricion global,nutricion normal (n),2005-06-01,41,28,60,71,101,99,200
50902,SAN PEDRO DE QUEMES,desnutricion global,nutricion normal (n),2005-06-01,2,9,8,1,10,10,20
21702,SAN PEDRO DE TIQUINA,desnutricion global,nutricion normal (n),2005-06-01,29,26,37,26,66,52,118
90202,SAN PEDRO(PND),desnutricion global,nutricion normal (n),2005-06-01,19,20,32,35,51,55,106
70303,SAN RAFAEL,desnutricion global,nutricion normal (n),2005-06-01,34,44,43,42,77,86,163
80401,SANTA ANA,desnutricion global,nutricion normal (n),2005-06-01,114,118,60,68,174,186,360
70101,SANTA CRUZ DE LA SIERRA,desnutricion global,nutricion normal (n),2005-06-01,5097,5500,2446,1943,7543,7443,14986
80303,SANTA ROSA,desnutricion global,nutricion normal (n),2005-06-01,53,46,30,35,83,81,164
70602,SANTA ROSA DEL SARA,desnutricion global,nutricion normal (n),2005-06-01,64,72,42,66,106,138,244
20308,SANTIAGO DE CALLAPA,desnutricion global,nutricion normal (n),2005-06-01,23,15,16,14,39,29,68
41401,SANTIAGO DE HUARI,desnutricion global,nutricion normal (n),2005-06-01,66,56,50,47,116,103,219
21901,SANTIAGO DE MACHACA,desnutricion global,nutricion normal (n),2005-06-01,26,20,9,10,35,30,65
30702,SANTIVAÑES,desnutricion global,nutricion normal (n),2005-06-01,37,34,34,27,71,61,132
40202,SANTUARIO DE QUILLACAS,desnutricion global,nutricion normal (n),2005-06-01,18,6,11,9,29,15,44
20902,SAPAHAQUI,desnutricion global,nutricion normal (n),2005-06-01,29,23,12,13,41,36,77
90303,SENA,desnutricion global,nutricion normal (n),2005-06-01,18,12,8,14,26,26,52
21301,SICA SICA (VILLA AROMA),desnutricion global,nutricion normal (n),2005-06-01,97,100,105,83,202,183,385
30703,SICAYA,desnutricion global,nutricion normal (n),2005-06-01,19,10,18,8,37,18,55
30902,SIPE SIPE,desnutricion global,nutricion normal (n),2005-06-01,277,204,187,170,464,374,838
10403,SOPACHUY,desnutricion global,nutricion normal (n),2005-06-01,83,60,94,77,177,137,314
40104,SORACACHI,desnutricion global,nutricion normal (n),2005-06-01,41,33,42,44,83,77,160
20601,SORATA,desnutricion global,nutricion normal (n),2005-06-01,84,72,94,75,178,147,325
10101,SUCRE,desnutricion global,nutricion normal (n),2005-06-01,1296,1392,1205,1075,2501,2467,4968
31404,TACACHI,desnutricion global,nutricion normal (n),2005-06-01,3,11,2,1,5,12,17
20603,TACACOMA,desnutricion global,nutricion normal (n),2005-06-01,23,34,27,12,50,46,96
50303,TACOBAMBA,desnutricion global,nutricion normal (n),2005-06-01,116,102,92,99,208,201,409
30602,TACOPAYA,desnutricion global,nutricion normal (n),2005-06-01,68,50,86,55,154,105,259
51402,TAHUA,desnutricion global,nutricion normal (n),2005-06-01,6,10,5,9,11,19,30
31101,TAPACARI,desnutricion global,nutricion normal (n),2005-06-01,102,120,130,124,232,244,476
10601,TARABUCO,desnutricion global,nutricion normal (n),2005-06-01,190,192,248,277,438,469,907
20807,TARACO,desnutricion global,nutricion normal (n),2005-06-01,38,25,30,37,68,62,130
30401,TARATA,desnutricion global,nutricion normal (n),2005-06-01,44,46,29,18,73,64,137
60101,TARIJA,desnutricion global,nutricion normal (n),2005-06-01,1216,1153,742,753,1958,1906,3864
10202,TARVITA,desnutricion global,nutricion normal (n),2005-06-01,37,40,29,35,66,75,141
20608,TEOPONTE,desnutricion global,nutricion normal (n),2005-06-01,52,53,73,59,125,112,237
20803,TIAWANACU,desnutricion global,nutricion normal (n),2005-06-01,51,57,20,22,71,79,150
50102,TINGUIPAYA,desnutricion global,nutricion normal (n),2005-06-01,99,80,132,120,231,200,431
20606,TIPUANI,desnutricion global,nutricion normal (n),2005-06-01,77,61,24,28,101,89,190
30903,TIQUIPAYA,desnutricion global,nutricion normal (n),2005-06-01,132,89,98,94,230,183,413
31601,TIRAQUE (CBBA),desnutricion global,nutricion normal (n),2005-06-01,232,226,102,108,334,334,668
21703,TITO YUPANQUI (PARQUIPUJIO),desnutricion global,nutricion normal (n),2005-06-01,11,7,8,3,19,10,29
30802,TOCO,desnutricion global,nutricion normal (n),2005-06-01,11,10,19,11,30,21,51
41502,TODOS SANTOS,desnutricion global,nutricion normal (n),2005-06-01,0,2,3,2,3,4,7
30803,TOLATA,desnutricion global,nutricion normal (n),2005-06-01,13,13,3,6,16,19,35
41001,TOLEDO,desnutricion global,nutricion normal (n),2005-06-01,35,13,22,14,57,27,84
51202,TOMAVE,desnutricion global,nutricion normal (n),2005-06-01,96,18,82,25,178,43,221
10402,TOMINA,desnutricion global,nutricion normal (n),2005-06-01,108,107,144,149,252,256,508
50502,TORO TORO,desnutricion global,nutricion normal (n),2005-06-01,140,120,149,137,289,257,546
31201,TOTORA(CBBA),desnutricion global,nutricion normal (n),2005-06-01,71,69,34,36,105,105,210
41301,TOTORA(ORR),desnutricion global,nutricion normal (n),2005-06-01,28,42,18,25,46,67,113
70802,TRIGAL,desnutricion global,nutricion normal (n),2005-06-01,19,14,14,18,33,32,65
80101,TRINIDAD,desnutricion global,nutricion normal (n),2005-06-01,679,644,354,324,1033,968,2001
50801,TUPIZA,desnutricion global,nutricion normal (n),2005-06-01,396,374,345,357,741,731,1472
40402,TURCO,desnutricion global,nutricion normal (n),2005-06-01,14,24,14,11,28,35,63
21302,UMALA,desnutricion global,nutricion normal (n),2005-06-01,18,17,15,9,33,26,59
50201,UNCIA,desnutricion global,nutricion normal (n),2005-06-01,63,64,93,67,156,131,287
60401,URIONDO (A. CONCEPCION),desnutricion global,nutricion normal (n),2005-06-01,119,134,184,155,303,289,592
51201,UYUNI,desnutricion global,nutricion normal (n),2005-06-01,295,306,235,232,530,538,1068
30502,VACAS,desnutricion global,nutricion normal (n),2005-06-01,45,37,18,14,63,51,114
70801,VALLEGRANDE,desnutricion global,nutricion normal (n),2005-06-01,109,125,103,99,212,224,436
20801,VIACHA,desnutricion global,nutricion normal (n),2005-06-01,211,189,113,103,324,292,616
31302,VILA VILA,desnutricion global,nutricion normal (n),2005-06-01,19,12,10,24,29,36,65
60303,VILLA MONTES,desnutricion global,nutricion normal (n),2005-06-01,157,168,135,142,292,310,602
90502,VILLA NUEVA (LOMA ALTA),desnutricion global,nutricion normal (n),2005-06-01,9,9,3,6,12,15,27
31402,VILLA RIVERO,desnutricion global,nutricion normal (n),2005-06-01,29,26,21,12,50,38,88
10801,VILLA SERRANO,desnutricion global,nutricion normal (n),2005-06-01,144,112,166,162,310,274,584
31003,VILLA TUNARI,desnutricion global,nutricion normal (n),2005-06-01,392,364,235,220,627,584,1211
11001,VILLA VACA GUZMAN (MUYUPAMPA),desnutricion global,nutricion normal (n),2005-06-01,101,92,117,139,218,231,449
51501,VILLAZON,desnutricion global,nutricion normal (n),2005-06-01,275,241,302,239,577,480,1057
30904,VINTO,desnutricion global,nutricion normal (n),2005-06-01,95,90,29,22,124,112,236
50602,VITICHI,desnutricion global,nutricion normal (n),2005-06-01,67,100,96,66,163,166,329
20306,WALDO BALLIVIAN,desnutricion global,nutricion normal (n),2005-06-01,13,11,6,21,19,32,51
70201,WARNES,desnutricion global,nutricion normal (n),2005-06-01,371,352,203,186,574,538,1112
20903,YACO,desnutricion global,nutricion normal (n),2005-06-01,29,26,21,20,50,46,96
60301,YACUIBA,desnutricion global,nutricion normal (n),2005-06-01,356,364,230,186,586,550,1136
10602,YAMPARAEZ,desnutricion global,nutricion normal (n),2005-06-01,90,111,175,157,265,268,533
21103,YANACACHI,desnutricion global,nutricion normal (n),2005-06-01,19,27,16,16,35,43,78
70403,YAPACANI,desnutricion global,nutricion normal (n),2005-06-01,406,319,203,188,609,507,1116
50103,YOCALLA,desnutricion global,nutricion normal (n),2005-06-01,38,27,55,48,93,75,168
10102,YOTALA,desnutricion global,nutricion normal (n),2005-06-01,89,71,137,147,226,218,444
60402,YUNCHARA,desnutricion global,nutricion normal (n),2005-06-01,64,61,68,71,132,132,264
10301,ZUDAÑEZ,desnutricion global,nutricion normal (n),2005-06-01,82,57,71,74,153,131,284
51302,ACACIO,desnutricion global,nutricion normal (n),2005-07-01,56,64,92,76,148,140,288
20201,ACHACACHI,desnutricion global,nutricion normal (n),2005-07-01,314,314,307,275,621,589,1210
20104,ACHOCALLA,desnutricion global,nutricion normal (n),2005-07-01,51,41,22,18,73,59,132
30201,AIQUILE,desnutricion global,nutricion normal (n),2005-07-01,61,59,46,32,107,91,198
31303,ALALAY,desnutricion global,nutricion normal (n),2005-07-01,36,28,40,26,76,54,130
10404,ALCALA,desnutricion global,nutricion normal (n),2005-07-01,31,38,68,57,99,95,194
20202,ANCORAIMES,desnutricion global,nutricion normal (n),2005-07-01,72,75,71,83,143,158,301
41201,ANDAMARCA,desnutricion global,nutricion normal (n),2005-07-01,9,5,3,4,12,9,21
40603,ANTEQUERA,desnutricion global,nutricion normal (n),2005-07-01,25,21,15,18,40,39,79
30402,ANZALDO,desnutricion global,nutricion normal (n),2005-07-01,4,8,11,12,15,20,35
20701,APOLO,desnutricion global,nutricion normal (n),2005-07-01,74,49,76,84,150,133,283
51301,ARAMPAMPA,desnutricion global,nutricion normal (n),2005-07-01,42,31,31,33,73,64,137
30501,ARANI,desnutricion global,nutricion normal (n),2005-07-01,45,43,24,34,69,77,146
30403,ARBIETO,desnutricion global,nutricion normal (n),2005-07-01,46,20,23,16,69,36,105
30601,ARQUE,desnutricion global,nutricion normal (n),2005-07-01,62,60,72,61,134,121,255
50802,ATOCHA,desnutricion global,nutricion normal (n),2005-07-01,104,89,71,92,175,181,356
20503,AUCAPATA,desnutricion global,nutricion normal (n),2005-07-01,45,34,10,7,55,41,96
20502,AYATA,desnutricion global,nutricion normal (n),2005-07-01,86,92,77,71,163,163,326
21303,AYO AYO,desnutricion global,nutricion normal (n),2005-07-01,37,29,24,17,61,46,107
30301,AYOPAYA (V. DE INDEPENDENCIA),desnutricion global,nutricion normal (n),2005-07-01,141,140,59,83,200,223,423
10201,AZURDUY,desnutricion global,nutricion normal (n),2005-07-01,227,184,254,197,481,381,862
21203,BATALLAS,desnutricion global,nutricion normal (n),2005-07-01,91,79,31,59,122,138,260
80802,BAURES,desnutricion global,nutricion normal (n),2005-07-01,22,40,37,14,59,54,113
41202,BELEN DE ANDAMARCA,desnutricion global,nutricion normal (n),2005-07-01,4,6,10,8,14,14,28
50104,BELEN DE URMIRI,desnutricion global,nutricion normal (n),2005-07-01,8,6,10,8,18,14,32
90104,BELLA FLOR,desnutricion global,nutricion normal (n),2005-07-01,30,39,36,51,66,90,156
60202,BERMEJO,desnutricion global,nutricion normal (n),2005-07-01,56,49,69,58,125,107,232
50301,BETANZOS,desnutricion global,nutricion normal (n),2005-07-01,188,174,176,199,364,373,737
31501,BOLIVAR,desnutricion global,nutricion normal (n),2005-07-01,57,57,44,65,101,122,223
90103,BOLPEBRA,desnutricion global,nutricion normal (n),2005-07-01,8,7,16,18,24,25,49
70707,BOYUIBE,desnutricion global,nutricion normal (n),2005-07-01,40,37,66,52,106,89,195
70401,BUENA VISTA,desnutricion global,nutricion normal (n),2005-07-01,114,137,117,107,231,244,475
70703,CABEZAS,desnutricion global,nutricion normal (n),2005-07-01,122,100,85,58,207,158,365
20905,CAIROMA,desnutricion global,nutricion normal (n),2005-07-01,84,74,67,75,151,149,300
51102,"CAIZA ""D""",desnutricion global,nutricion normal (n),2005-07-01,63,58,62,57,125,115,240
21003,CAJUATA,desnutricion global,nutricion normal (n),2005-07-01,60,32,30,49,90,81,171
20303,CALACOTO,desnutricion global,nutricion normal (n),2005-07-01,27,23,17,20,44,43,87
21304,CALAMARCA,desnutricion global,nutricion normal (n),2005-07-01,103,113,74,73,177,186,363
10701,CAMARGO,desnutricion global,nutricion normal (n),2005-07-01,129,123,107,95,236,218,454
10901,CAMATAQUI (C. VILLA ABECIA),desnutricion global,nutricion normal (n),2005-07-01,41,28,46,34,87,62,149
70706,CAMIRI,desnutricion global,nutricion normal (n),2005-07-01,271,203,165,178,436,381,817
30701,CAPINOTA,desnutricion global,nutricion normal (n),2005-07-01,51,58,28,30,79,88,167
20302,CAQUIAVIRI,desnutricion global,nutricion normal (n),2005-07-01,82,74,49,44,131,118,249
40102,CARACOLLO,desnutricion global,nutricion normal (n),2005-07-01,68,58,43,48,111,106,217
22001,CARANAVI,desnutricion global,nutricion normal (n),2005-07-01,358,258,194,189,552,447,999
41503,CARANGAS,desnutricion global,nutricion normal (n),2005-07-01,0,0,1,0,1,0,1
60302,CARAPARI,desnutricion global,nutricion normal (n),2005-07-01,76,76,110,75,186,151,337
50702,CARIPUYO,desnutricion global,nutricion normal (n),2005-07-01,50,54,84,72,134,126,260
21902,CATACORA,desnutricion global,nutricion normal (n),2005-07-01,10,7,13,16,23,23,46
21803,CHACARILLA,desnutricion global,nutricion normal (n),2005-07-01,6,6,4,4,10,10,20
40201,CHALLAPATA,desnutricion global,nutricion normal (n),2005-07-01,127,123,76,60,203,183,386
50302,CHAQUI,desnutricion global,nutricion normal (n),2005-07-01,50,52,40,46,90,98,188
70702,CHARAGUA,desnutricion global,nutricion normal (n),2005-07-01,200,173,197,218,397,391,788
20305,CHARAÑA,desnutricion global,nutricion normal (n),2005-07-01,25,25,19,25,44,50,94
50202,CHAYANTA,desnutricion global,nutricion normal (n),2005-07-01,61,40,37,32,98,72,170
31204,CHIMORE,desnutricion global,nutricion normal (n),2005-07-01,46,46,33,26,79,72,151
40903,CHIPAYA,desnutricion global,nutricion normal (n),2005-07-01,7,5,2,0,9,5,14
40302,CHOQUE COTA,desnutricion global,nutricion normal (n),2005-07-01,2,6,14,9,16,15,31
21101,CHULUMANI (V. DE LA LIBERTAD),desnutricion global,nutricion normal (n),2005-07-01,147,146,78,93,225,239,464
20501,CHUMA,desnutricion global,nutricion normal (n),2005-07-01,51,54,69,64,120,118,238
30801,CLIZA,desnutricion global,nutricion normal (n),2005-07-01,68,53,25,23,93,76,169
90101,COBIJA,desnutricion global,nutricion normal (n),2005-07-01,192,165,159,144,351,309,660
30101,COCHABAMBA,desnutricion global,nutricion normal (n),2005-07-01,1257,1129,483,431,1740,1560,3300
40902,COIPASA,desnutricion global,nutricion normal (n),2005-07-01,3,5,7,8,10,13,23
30905,COLCAPIRHUA,desnutricion global,nutricion normal (n),2005-07-01,190,202,150,99,340,301,641
50901,"COLCHA ""K""",desnutricion global,nutricion normal (n),2005-07-01,74,88,63,70,137,158,295
21307,COLLANA,desnutricion global,nutricion normal (n),2005-07-01,13,9,6,4,19,13,32
31002,COLOMI,desnutricion global,nutricion normal (n),2005-07-01,98,113,68,58,166,171,337
70603,COLPA BELGICA,desnutricion global,nutricion normal (n),2005-07-01,49,37,28,20,77,57,134
50401,COLQUECHACA,desnutricion global,nutricion normal (n),2005-07-01,108,102,63,57,171,159,330
21306,COLQUENCHA,desnutricion global,nutricion normal (n),2005-07-01,32,37,13,23,45,60,105
21004,COLQUIRI,desnutricion global,nutricion normal (n),2005-07-01,108,76,51,53,159,129,288
20304,COMANCHE,desnutricion global,nutricion normal (n),2005-07-01,34,28,37,32,71,60,131
71301,COMARAPA,desnutricion global,nutricion normal (n),2005-07-01,93,95,75,68,168,163,331
20605,COMBAYA,desnutricion global,nutricion normal (n),2005-07-01,6,7,6,3,12,10,22
71101,CONCEPCION,desnutricion global,nutricion normal (n),2005-07-01,110,110,40,32,150,142,292
21701,COPACABANA,desnutricion global,nutricion normal (n),2005-07-01,55,46,42,31,97,77,174
21402,CORIPATA,desnutricion global,nutricion normal (n),2005-07-01,122,111,50,44,172,155,327
20301,CORO CORO,desnutricion global,nutricion normal (n),2005-07-01,80,75,47,46,127,121,248
21401,COROICO,desnutricion global,nutricion normal (n),2005-07-01,100,100,77,65,177,165,342
40301,CORQUE,desnutricion global,nutricion normal (n),2005-07-01,42,26,40,37,82,63,145
50601,COTAGAITA,desnutricion global,nutricion normal (n),2005-07-01,212,181,123,128,335,309,644
70102,COTOCA,desnutricion global,nutricion normal (n),2005-07-01,181,158,60,78,241,236,477
71106,CUATRO CAÑADAS,desnutricion global,nutricion normal (n),2005-07-01,38,32,69,38,107,70,177
31405,CUCHUMUELA (V. G. VILLARROEL),desnutricion global,nutricion normal (n),2005-07-01,29,14,22,11,51,25,76
70704,CUEVO,desnutricion global,nutricion normal (n),2005-07-01,31,41,46,52,77,93,170
10902,CULPINA,desnutricion global,nutricion normal (n),2005-07-01,184,151,134,120,318,271,589
40401,CURAHUARA DE CARANGAS,desnutricion global,nutricion normal (n),2005-07-01,22,17,9,8,31,25,56
21602,CURVA,desnutricion global,nutricion normal (n),2005-07-01,3,2,4,1,7,3,10
20804,DESAGUADERO,desnutricion global,nutricion normal (n),2005-07-01,34,19,24,13,58,32,90
20105,EL ALTO,desnutricion global,nutricion normal (n),2005-07-01,3126,3099,1397,1410,4523,4509,9032
40103,EL CHORO,desnutricion global,nutricion normal (n),2005-07-01,6,3,4,2,10,5,15
60502,EL PUENTE(TJA),desnutricion global,nutricion normal (n),2005-07-01,49,35,76,52,125,87,212
70105,EL TORNO,desnutricion global,nutricion normal (n),2005-07-01,186,239,102,94,288,333,621
10405,EL VILLAR,desnutricion global,nutricion normal (n),2005-07-01,68,66,104,54,172,120,292
60601,ENTRE RIOS,desnutricion global,nutricion normal (n),2005-07-01,125,115,38,49,163,164,327
60601,ENTRE RIOS,desnutricion global,nutricion normal (n),2005-07-01,169,129,150,127,319,256,575
41101,EUCALIPTUS,desnutricion global,nutricion normal (n),2005-07-01,30,35,27,20,57,55,112
90503,EUREKA (SANTOS MERCADO),desnutricion global,nutricion normal (n),2005-07-01,10,16,12,16,22,32,54
80402,EXALTACION,desnutricion global,nutricion normal (n),2005-07-01,6,4,6,10,12,14,26
71004,FERNANDEZ ALONSO,desnutricion global,nutricion normal (n),2005-07-01,135,158,133,180,268,338,606
90203,FILADELFIA,desnutricion global,nutricion normal (n),2005-07-01,13,16,29,36,42,52,94
71002,GENERAL SAAVEDRA,desnutricion global,nutricion normal (n),2005-07-01,179,146,242,231,421,377,798
21601,GRAL. J.J. PEREZ (CHARAZANI),desnutricion global,nutricion normal (n),2005-07-01,76,82,58,44,134,126,260
20602,GUANAY,desnutricion global,nutricion normal (n),2005-07-01,105,89,59,73,164,162,326
20802,GUAQUI,desnutricion global,nutricion normal (n),2005-07-01,38,30,17,21,55,51,106
80202,GUAYARAMERIN,desnutricion global,nutricion normal (n),2005-07-01,200,212,145,127,345,339,684
70705,GUTIERREZ,desnutricion global,nutricion normal (n),2005-07-01,118,126,187,194,305,320,625
10502,HUACARETA,desnutricion global,nutricion normal (n),2005-07-01,118,119,168,155,286,274,560
11002,HUACAYA (VILLA DE HUACAYA),desnutricion global,nutricion normal (n),2005-07-01,24,29,42,54,66,83,149
40501,HUACHACALLA,desnutricion global,nutricion normal (n),2005-07-01,7,4,8,1,15,5,20
40701,HUANUNI,desnutricion global,nutricion normal (n),2005-07-01,146,126,58,52,204,178,382
80803,HUARACAJE,desnutricion global,nutricion normal (n),2005-07-01,19,23,31,13,50,36,86
41601,HUAYLLAMARCA,desnutricion global,nutricion normal (n),2005-07-01,41,36,22,19,63,55,118
21005,ICHOCA,desnutricion global,nutricion normal (n),2005-07-01,22,15,21,13,43,28,71
10304,ICLA,desnutricion global,nutricion normal (n),2005-07-01,106,106,136,154,242,260,502
10703,INCAHUASI,desnutricion global,nutricion normal (n),2005-07-01,207,204,144,155,351,359,710
90402,INGAVI (HUMAITA),desnutricion global,nutricion normal (n),2005-07-01,2,2,4,2,6,4,10
21001,INQUISIVI,desnutricion global,nutricion normal (n),2005-07-01,75,68,73,59,148,127,275
21102,IRUPANA (VILLA DE LANZA),desnutricion global,nutricion normal (n),2005-07-01,148,136,168,120,316,256,572
21501,IXIAMAS,desnutricion global,nutricion normal (n),2005-07-01,57,43,41,36,98,79,177
20806,JESUS DE MACHACA,desnutricion global,nutricion normal (n),2005-07-01,61,75,29,33,90,108,198
21105,LA ASUNTA,desnutricion global,nutricion normal (n),2005-07-01,205,180,40,33,245,213,458
70104,LA GUARDIA,desnutricion global,nutricion normal (n),2005-07-01,220,234,128,112,348,346,694
20101,LA PAZ,desnutricion global,nutricion normal (n),2005-07-01,2477,2347,1311,1336,3788,3683,7471
41501,LA RIVERA,desnutricion global,nutricion normal (n),2005-07-01,0,6,1,2,1,8,9
70701,LAGUNILLAS,desnutricion global,nutricion normal (n),2005-07-01,71,67,95,83,166,150,316
21202,LAJA,desnutricion global,nutricion normal (n),2005-07-01,81,100,36,30,117,130,247
10903,LAS CARRERAS,desnutricion global,nutricion normal (n),2005-07-01,43,38,42,38,85,76,161
21006,LICOMA PAMPA,desnutricion global,nutricion normal (n),2005-07-01,11,12,11,11,22,23,45
50203,LLALLAGUA,desnutricion global,nutricion normal (n),2005-07-01,224,248,380,307,604,555,1159
51401,LLICA,desnutricion global,nutricion normal (n),2005-07-01,18,24,13,17,31,41,72
80601,LORETO,desnutricion global,nutricion normal (n),2005-07-01,28,22,28,23,56,45,101
20901,LURIBAY,desnutricion global,nutricion normal (n),2005-07-01,107,92,87,74,194,166,360
40702,MACHACAMARCA,desnutricion global,nutricion normal (n),2005-07-01,15,12,14,7,29,19,48
11003,MACHARETI,desnutricion global,nutricion normal (n),2005-07-01,60,84,104,132,164,216,380
80801,MAGDALENA,desnutricion global,nutricion normal (n),2005-07-01,59,58,32,27,91,85,176
70903,MAIRANA,desnutricion global,nutricion normal (n),2005-07-01,68,68,34,33,102,101,203
20904,MALLA,desnutricion global,nutricion normal (n),2005-07-01,5,5,22,11,27,16,43
20607,MAPIRI,desnutricion global,nutricion normal (n),2005-07-01,89,88,35,38,124,126,250
20103,MECAPACA,desnutricion global,nutricion normal (n),2005-07-01,35,31,22,17,57,48,105
71003,MINEROS,desnutricion global,nutricion normal (n),2005-07-01,156,131,108,119,264,250,514
31301,MIZQUE,desnutricion global,nutricion normal (n),2005-07-01,71,76,33,37,104,113,217
20402,MOCOMOCO,desnutricion global,nutricion normal (n),2005-07-01,132,122,99,95,231,217,448
51002,MOJINETE,desnutricion global,nutricion normal (n),2005-07-01,5,4,11,3,16,7,23
10303,MOJOCOYA,desnutricion global,nutricion normal (n),2005-07-01,73,58,123,94,196,152,348
10501,MONTEAGUDO,desnutricion global,nutricion normal (n),2005-07-01,501,192,229,210,730,402,1132
71001,MONTERO,desnutricion global,nutricion normal (n),2005-07-01,892,775,558,550,1450,1325,2775
70803,MORO MORO,desnutricion global,nutricion normal (n),2005-07-01,28,17,33,25,61,42,103
30302,MOROCHATA,desnutricion global,nutricion normal (n),2005-07-01,114,89,51,65,165,154,319
90401,NACEBE (SANTA ROSA DEL ABUNA),desnutricion global,nutricion normal (n),2005-07-01,5,5,5,5,10,10,20
20307,NAZACARA DE PACAJES,desnutricion global,nutricion normal (n),2005-07-01,4,2,9,2,13,4,17
90501,NUEVO MANOA (NUEVA ESPERANZA),desnutricion global,nutricion normal (n),2005-07-01,17,6,10,15,27,21,48
50404,OCURI,desnutricion global,nutricion normal (n),2005-07-01,102,104,95,85,197,189,386
70202,OKINAWA,desnutricion global,nutricion normal (n),2005-07-01,118,117,84,87,202,204,406
30203,OMEREQUE,desnutricion global,nutricion normal (n),2005-07-01,46,36,33,36,79,72,151
40101,ORURO,desnutricion global,nutricion normal (n),2005-07-01,1019,1040,509,579,1528,1619,3147
60201,PADCAYA,desnutricion global,nutricion normal (n),2005-07-01,114,113,148,141,262,254,516
10401,PADILLA,desnutricion global,nutricion normal (n),2005-07-01,132,126,203,167,335,293,628
20102,PALCA,desnutricion global,nutricion normal (n),2005-07-01,85,74,35,33,120,107,227
21104,PALOS BLANCOS,desnutricion global,nutricion normal (n),2005-07-01,159,166,120,114,279,280,559
40802,PAMPA AULLAGAS,desnutricion global,nutricion normal (n),2005-07-01,16,9,12,10,28,19,47
70902,PAMPA GRANDE,desnutricion global,nutricion normal (n),2005-07-01,45,40,26,38,71,78,149
21802,PAPEL PAMPA,desnutricion global,nutricion normal (n),2005-07-01,29,28,18,19,47,47,94
30202,PASORAPA,desnutricion global,nutricion normal (n),2005-07-01,19,12,14,16,33,28,61
21305,PATACAMAYA,desnutricion global,nutricion normal (n),2005-07-01,176,224,93,95,269,319,588
40602,PAZÑA,desnutricion global,nutricion normal (n),2005-07-01,32,27,26,32,58,59,117
20702,PELECHUCO,desnutricion global,nutricion normal (n),2005-07-01,35,30,28,23,63,53,116
50403,POCOATA,desnutricion global,nutricion normal (n),2005-07-01,126,124,100,74,226,198,424
31203,POCONA,desnutricion global,nutricion normal (n),2005-07-01,53,55,51,57,104,112,216
31202,POJO (CBBA),desnutricion global,nutricion normal (n),2005-07-01,93,130,136,128,229,258,487
40601,POOPO,desnutricion global,nutricion normal (n),2005-07-01,27,27,13,7,40,34,74
51203,PORCO,desnutricion global,nutricion normal (n),2005-07-01,33,30,4,5,37,35,72
10103,POROMA,desnutricion global,nutricion normal (n),2005-07-01,129,125,122,100,251,225,476
70103,PORONGO,desnutricion global,nutricion normal (n),2005-07-01,45,34,26,15,71,49,120
70601,PORTACHUELO,desnutricion global,nutricion normal (n),2005-07-01,182,157,106,95,288,252,540
90102,PORVENIR,desnutricion global,nutricion normal (n),2005-07-01,48,44,24,26,72,70,142
70804,POSTRER VALLE,desnutricion global,nutricion normal (n),2005-07-01,11,10,0,11,11,21,32
50101,POTOSI,desnutricion global,nutricion normal (n),2005-07-01,950,675,365,304,1315,979,2294
10302,PRESTO,desnutricion global,nutricion normal (n),2005-07-01,78,73,110,88,188,161,349
70805,PUCARA,desnutricion global,nutricion normal (n),2005-07-01,13,5,5,8,18,13,31
21201,PUCARANI,desnutricion global,nutricion normal (n),2005-07-01,178,149,218,168,396,317,713
20401,PUERTO ACOSTA,desnutricion global,nutricion normal (n),2005-07-01,125,118,115,97,240,215,455
20403,PUERTO CARABUCO,desnutricion global,nutricion normal (n),2005-07-01,119,127,135,131,254,258,512
90301,PUERTO GONZALO MORENO,desnutricion global,nutricion normal (n),2005-07-01,28,29,11,21,39,50,89
21204,PUERTO PEREZ,desnutricion global,nutricion normal (n),2005-07-01,51,34,73,69,124,103,227
90201,PUERTO RICO,desnutricion global,nutricion normal (n),2005-07-01,29,48,37,39,66,87,153
80703,PUERTO SILES,desnutricion global,nutricion normal (n),2005-07-01,5,6,3,12,8,18,26
31205,PUERTO VILLARROEL,desnutricion global,nutricion normal (n),2005-07-01,278,200,157,119,435,319,754
51101,PUNA,desnutricion global,nutricion normal (n),2005-07-01,172,160,120,117,292,277,569
31401,PUNATA,desnutricion global,nutricion normal (n),2005-07-01,179,198,82,81,261,279,540
20604,QUIABAYA,desnutricion global,nutricion normal (n),2005-07-01,16,14,13,23,29,37,66
30901,QUILLACOLLO,desnutricion global,nutricion normal (n),2005-07-01,217,264,69,67,286,331,617
21002,QUIME,desnutricion global,nutricion normal (n),2005-07-01,75,63,59,83,134,146,280
70904,QUIRUSILLAS,desnutricion global,nutricion normal (n),2005-07-01,8,8,4,6,12,14,26
50402,RAVELO,desnutricion global,nutricion normal (n),2005-07-01,164,166,187,168,351,334,685
80301,REYES,desnutricion global,nutricion normal (n),2005-07-01,85,84,88,90,173,174,347
80201,RIBERALTA,desnutricion global,nutricion normal (n),2005-07-01,658,556,261,271,919,827,1746
80304,RURRENABAQUE,desnutricion global,nutricion normal (n),2005-07-01,84,104,42,21,126,125,251
40901,SABAYA,desnutricion global,nutricion normal (n),2005-07-01,33,16,16,17,49,33,82
31001,SACABA,desnutricion global,nutricion normal (n),2005-07-01,330,335,141,136,471,471,942
30404,SACABAMBA,desnutricion global,nutricion normal (n),2005-07-01,3,13,11,11,14,24,38
50701,SACACA,desnutricion global,nutricion normal (n),2005-07-01,79,94,101,92,180,186,366
71302,SAIPINA,desnutricion global,nutricion normal (n),2005-07-01,32,30,33,32,65,62,127
40801,SALINAS DE GARCI MENDOZA,desnutricion global,nutricion normal (n),2005-07-01,53,54,51,52,104,106,210
70901,SAMAIPATA,desnutricion global,nutricion normal (n),2005-07-01,81,50,46,30,127,80,207
51601,SAN AGUSTIN,desnutricion global,nutricion normal (n),2005-07-01,9,8,5,13,14,21,35
80602,SAN ANDRES,desnutricion global,nutricion normal (n),2005-07-01,75,68,51,64,126,132,258
20805,SAN ANDRES DE MACHACA,desnutricion global,nutricion normal (n),2005-07-01,32,24,25,30,57,54,111
51003,SAN ANTONIO DE ESMORUCO,desnutricion global,nutricion normal (n),2005-07-01,14,23,16,25,30,48,78
71105,SAN ANTONIO DE LOMERIO,desnutricion global,nutricion normal (n),2005-07-01,77,82,93,94,170,176,346
31403,SAN BENITO,desnutricion global,nutricion normal (n),2005-07-01,46,62,19,11,65,73,138
80302,SAN BORJA,desnutricion global,nutricion normal (n),2005-07-01,335,322,179,164,514,486,1000
21502,SAN BUENA VENTURA,desnutricion global,nutricion normal (n),2005-07-01,74,66,59,62,133,128,261
70402,SAN CARLOS,desnutricion global,nutricion normal (n),2005-07-01,147,145,66,61,213,206,419
80501,SAN IGNACIO,desnutricion global,nutricion normal (n),2005-07-01,127,127,121,94,248,221,469
70301,SAN IGNACIO DE VELASCO,desnutricion global,nutricion normal (n),2005-07-01,315,320,260,251,575,571,1146
80102,SAN JAVIER(BNI),desnutricion global,nutricion normal (n),2005-07-01,20,25,19,17,39,42,81
71102,SAN JAVIER(STC),desnutricion global,nutricion normal (n),2005-07-01,30,27,11,14,41,41,82
80701,SAN JOAQUIN,desnutricion global,nutricion normal (n),2005-07-01,17,18,10,21,27,39,66
70404,SAN JUAN DE YAPACANI,desnutricion global,nutricion normal (n),2005-07-01,90,106,61,60,151,166,317
71104,SAN JULIAN,desnutricion global,nutricion normal (n),2005-07-01,158,149,191,166,349,315,664
90302,SAN LORENZO(PND),desnutricion global,nutricion normal (n),2005-07-01,29,22,25,16,54,38,92
60501,SAN LORENZO(TJA),desnutricion global,nutricion normal (n),2005-07-01,112,132,139,115,251,247,498
10702,SAN LUCAS,desnutricion global,nutricion normal (n),2005-07-01,332,288,292,265,624,553,1177
70302,SAN MIGUEL DE VELASCO,desnutricion global,nutricion normal (n),2005-07-01,100,88,36,58,136,146,282
51001,SAN PABLO DE LIPEZ,desnutricion global,nutricion normal (n),2005-07-01,2,5,13,7,15,12,27
71005,SAN PEDRO,desnutricion global,nutricion normal (n),2005-07-01,149,119,110,97,259,216,475
50501,SAN PEDRO DE BUENA VISTA,desnutricion global,nutricion normal (n),2005-07-01,115,105,144,123,259,228,487
21801,SAN PEDRO DE CURAHUARA,desnutricion global,nutricion normal (n),2005-07-01,31,19,26,51,57,70,127
50902,SAN PEDRO DE QUEMES,desnutricion global,nutricion normal (n),2005-07-01,6,9,5,8,11,17,28
21702,SAN PEDRO DE TIQUINA,desnutricion global,nutricion normal (n),2005-07-01,18,17,23,23,41,40,81
90202,SAN PEDRO(PND),desnutricion global,nutricion normal (n),2005-07-01,4,7,10,9,14,16,30
70303,SAN RAFAEL,desnutricion global,nutricion normal (n),2005-07-01,66,60,78,96,144,156,300
80702,SAN RAMON,desnutricion global,nutricion normal (n),2005-07-01,29,21,30,19,59,40,99
80401,SANTA ANA,desnutricion global,nutricion normal (n),2005-07-01,82,80,45,35,127,115,242
70101,SANTA CRUZ DE LA SIERRA,desnutricion global,nutricion normal (n),2005-07-01,3795,3656,1887,1585,5682,5241,10923
80303,SANTA ROSA,desnutricion global,nutricion normal (n),2005-07-01,121,119,52,70,173,189,362
70602,SANTA ROSA DEL SARA,desnutricion global,nutricion normal (n),2005-07-01,66,78,43,63,109,141,250
20308,SANTIAGO DE CALLAPA,desnutricion global,nutricion normal (n),2005-07-01,29,32,46,44,75,76,151
41401,SANTIAGO DE HUARI,desnutricion global,nutricion normal (n),2005-07-01,40,32,25,27,65,59,124
21901,SANTIAGO DE MACHACA,desnutricion global,nutricion normal (n),2005-07-01,26,23,27,16,53,39,92
30702,SANTIVAÑES,desnutricion global,nutricion normal (n),2005-07-01,47,36,25,29,72,65,137
40202,SANTUARIO DE QUILLACAS,desnutricion global,nutricion normal (n),2005-07-01,12,7,5,9,17,16,33
20902,SAPAHAQUI,desnutricion global,nutricion normal (n),2005-07-01,57,50,62,58,119,108,227
90303,SENA,desnutricion global,nutricion normal (n),2005-07-01,40,34,63,46,103,80,183
21301,SICA SICA (VILLA AROMA),desnutricion global,nutricion normal (n),2005-07-01,121,121,143,150,264,271,535
30703,SICAYA,desnutricion global,nutricion normal (n),2005-07-01,21,16,9,12,30,28,58
30902,SIPE SIPE,desnutricion global,nutricion normal (n),2005-07-01,303,268,183,179,486,447,933
10403,SOPACHUY,desnutricion global,nutricion normal (n),2005-07-01,93,90,110,99,203,189,392
40104,SORACACHI,desnutricion global,nutricion normal (n),2005-07-01,31,42,38,28,69,70,139
20601,SORATA,desnutricion global,nutricion normal (n),2005-07-01,118,75,76,80,194,155,349
10101,SUCRE,desnutricion global,nutricion normal (n),2005-07-01,1116,1116,806,819,1922,1935,3857
31404,TACACHI,desnutricion global,nutricion normal (n),2005-07-01,3,9,3,2,6,11,17
20603,TACACOMA,desnutricion global,nutricion normal (n),2005-07-01,29,21,44,22,73,43,116
50303,TACOBAMBA,desnutricion global,nutricion normal (n),2005-07-01,27,23,18,17,45,40,85
30602,TACOPAYA,desnutricion global,nutricion normal (n),2005-07-01,45,46,64,43,109,89,198
51402,TAHUA,desnutricion global,nutricion normal (n),2005-07-01,10,7,7,9,17,16,33
31101,TAPACARI,desnutricion global,nutricion normal (n),2005-07-01,164,162,133,113,297,275,572
10601,TARABUCO,desnutricion global,nutricion normal (n),2005-07-01,223,222,297,306,520,528,1048
20807,TARACO,desnutricion global,nutricion normal (n),2005-07-01,18,13,13,23,31,36,67
30401,TARATA,desnutricion global,nutricion normal (n),2005-07-01,47,44,22,21,69,65,134
60101,TARIJA,desnutricion global,nutricion normal (n),2005-07-01,862,823,556,500,1418,1323,2741
10202,TARVITA,desnutricion global,nutricion normal (n),2005-07-01,264,192,281,250,545,442,987
20608,TEOPONTE,desnutricion global,nutricion normal (n),2005-07-01,71,62,65,63,136,125,261
20803,TIAWANACU,desnutricion global,nutricion normal (n),2005-07-01,41,31,30,53,71,84,155
50102,TINGUIPAYA,desnutricion global,nutricion normal (n),2005-07-01,67,82,104,53,171,135,306
20606,TIPUANI,desnutricion global,nutricion normal (n),2005-07-01,75,49,18,21,93,70,163
30903,TIQUIPAYA,desnutricion global,nutricion normal (n),2005-07-01,201,185,75,60,276,245,521
31601,TIRAQUE (CBBA),desnutricion global,nutricion normal (n),2005-07-01,259,190,120,113,379,303,682
21703,TITO YUPANQUI (PARQUIPUJIO),desnutricion global,nutricion normal (n),2005-07-01,5,9,14,10,19,19,38
30802,TOCO,desnutricion global,nutricion normal (n),2005-07-01,6,6,14,13,20,19,39
30803,TOLATA,desnutricion global,nutricion normal (n),2005-07-01,19,20,13,20,32,40,72
41001,TOLEDO,desnutricion global,nutricion normal (n),2005-07-01,52,27,42,32,94,59,153
51202,TOMAVE,desnutricion global,nutricion normal (n),2005-07-01,96,25,92,16,188,41,229
10402,TOMINA,desnutricion global,nutricion normal (n),2005-07-01,109,90,129,144,238,234,472
50502,TORO TORO,desnutricion global,nutricion normal (n),2005-07-01,125,91,88,80,213,171,384
31201,TOTORA(CBBA),desnutricion global,nutricion normal (n),2005-07-01,58,60,30,36,88,96,184
41301,TOTORA(ORR),desnutricion global,nutricion normal (n),2005-07-01,23,37,21,16,44,53,97
70802,TRIGAL,desnutricion global,nutricion normal (n),2005-07-01,9,15,13,14,22,29,51
80101,TRINIDAD,desnutricion global,nutricion normal (n),2005-07-01,474,449,251,260,725,709,1434
50801,TUPIZA,desnutricion global,nutricion normal (n),2005-07-01,298,285,227,257,525,542,1067
40402,TURCO,desnutricion global,nutricion normal (n),2005-07-01,24,38,22,26,46,64,110
21302,UMALA,desnutricion global,nutricion normal (n),2005-07-01,20,20,13,10,33,30,63
50201,UNCIA,desnutricion global,nutricion normal (n),2005-07-01,56,55,27,20,83,75,158
60401,URIONDO (A. CONCEPCION),desnutricion global,nutricion normal (n),2005-07-01,114,132,152,160,266,292,558
51201,UYUNI,desnutricion global,nutricion normal (n),2005-07-01,69,55,59,65,128,120,248
30502,VACAS,desnutricion global,nutricion normal (n),2005-07-01,41,48,28,16,69,64,133
70801,VALLEGRANDE,desnutricion global,nutricion normal (n),2005-07-01,117,96,96,102,213,198,411
20801,VIACHA,desnutricion global,nutricion normal (n),2005-07-01,194,183,105,88,299,271,570
31302,VILA VILA,desnutricion global,nutricion normal (n),2005-07-01,24,24,22,26,46,50,96
60303,VILLA MONTES,desnutricion global,nutricion normal (n),2005-07-01,122,84,103,100,225,184,409
90502,VILLA NUEVA (LOMA ALTA),desnutricion global,nutricion normal (n),2005-07-01,33,27,21,27,54,54,108
31402,VILLA RIVERO,desnutricion global,nutricion normal (n),2005-07-01,19,13,9,2,28,15,43
10801,VILLA SERRANO,desnutricion global,nutricion normal (n),2005-07-01,123,142,177,195,300,337,637
31003,VILLA TUNARI,desnutricion global,nutricion normal (n),2005-07-01,475,306,226,227,701,533,1234
11001,VILLA VACA GUZMAN (MUYUPAMPA),desnutricion global,nutricion normal (n),2005-07-01,93,85,136,156,229,241,470
51501,VILLAZON,desnutricion global,nutricion normal (n),2005-07-01,230,219,178,170,408,389,797
30904,VINTO,desnutricion global,nutricion normal (n),2005-07-01,65,62,10,9,75,71,146
50602,VITICHI,desnutricion global,nutricion normal (n),2005-07-01,74,78,64,68,138,146,284
20306,WALDO BALLIVIAN,desnutricion global,nutricion normal (n),2005-07-01,11,11,7,8,18,19,37
70201,WARNES,desnutricion global,nutricion normal (n),2005-07-01,246,240,149,148,395,388,783
20903,YACO,desnutricion global,nutricion normal (n),2005-07-01,26,26,36,22,62,48,110
60301,YACUIBA,desnutricion global,nutricion normal (n),2005-07-01,329,348,223,203,552,551,1103
10602,YAMPARAEZ,desnutricion global,nutricion normal (n),2005-07-01,91,99,178,168,269,267,536
21103,YANACACHI,desnutricion global,nutricion normal (n),2005-07-01,29,31,34,31,63,62,125
70403,YAPACANI,desnutricion global,nutricion normal (n),2005-07-01,360,308,186,181,546,489,1035
50103,YOCALLA,desnutricion global,nutricion normal (n),2005-07-01,21,21,21,13,42,34,76
10102,YOTALA,desnutricion global,nutricion normal (n),2005-07-01,89,73,131,153,220,226,446
60402,YUNCHARA,desnutricion global,nutricion normal (n),2005-07-01,30,27,51,75,81,102,183
10301,ZUDAÑEZ,desnutricion global,nutricion normal (n),2005-07-01,81,53,58,83,139,136,275
51302,ACACIO,desnutricion global,nutricion normal (n),2005-08-01,71,87,118,116,189,203,392
20201,ACHACACHI,desnutricion global,nutricion normal (n),2005-08-01,351,351,396,321,747,672,1419
20104,ACHOCALLA,desnutricion global,nutricion normal (n),2005-08-01,51,40,21,11,72,51,123
30201,AIQUILE,desnutricion global,nutricion normal (n),2005-08-01,88,75,65,60,153,135,288
31303,ALALAY,desnutricion global,nutricion normal (n),2005-08-01,30,15,3,4,33,19,52
10404,ALCALA,desnutricion global,nutricion normal (n),2005-08-01,32,42,62,63,94,105,199
20202,ANCORAIMES,desnutricion global,nutricion normal (n),2005-08-01,74,76,89,76,163,152,315
41201,ANDAMARCA,desnutricion global,nutricion normal (n),2005-08-01,13,6,12,13,25,19,44
40603,ANTEQUERA,desnutricion global,nutricion normal (n),2005-08-01,20,16,27,29,47,45,92
30402,ANZALDO,desnutricion global,nutricion normal (n),2005-08-01,7,6,40,40,47,46,93
20701,APOLO,desnutricion global,nutricion normal (n),2005-08-01,93,121,89,114,182,235,417
51301,ARAMPAMPA,desnutricion global,nutricion normal (n),2005-08-01,55,54,52,55,107,109,216
30501,ARANI,desnutricion global,nutricion normal (n),2005-08-01,27,35,16,14,43,49,92
30403,ARBIETO,desnutricion global,nutricion normal (n),2005-08-01,48,29,29,33,77,62,139
30601,ARQUE,desnutricion global,nutricion normal (n),2005-08-01,32,28,31,17,63,45,108
50802,ATOCHA,desnutricion global,nutricion normal (n),2005-08-01,96,122,110,102,206,224,430
20503,AUCAPATA,desnutricion global,nutricion normal (n),2005-08-01,33,37,32,35,65,72,137
20502,AYATA,desnutricion global,nutricion normal (n),2005-08-01,81,50,44,59,125,109,234
21303,AYO AYO,desnutricion global,nutricion normal (n),2005-08-01,32,35,13,22,45,57,102
30301,AYOPAYA (V. DE INDEPENDENCIA),desnutricion global,nutricion normal (n),2005-08-01,134,115,111,93,245,208,453
10201,AZURDUY,desnutricion global,nutricion normal (n),2005-08-01,179,131,146,130,325,261,586
21203,BATALLAS,desnutricion global,nutricion normal (n),2005-08-01,111,99,48,67,159,166,325
80802,BAURES,desnutricion global,nutricion normal (n),2005-08-01,45,30,22,30,67,60,127
41202,BELEN DE ANDAMARCA,desnutricion global,nutricion normal (n),2005-08-01,5,6,3,2,8,8,16
50104,BELEN DE URMIRI,desnutricion global,nutricion normal (n),2005-08-01,10,18,27,13,37,31,68
90104,BELLA FLOR,desnutricion global,nutricion normal (n),2005-08-01,28,29,37,53,65,82,147
60202,BERMEJO,desnutricion global,nutricion normal (n),2005-08-01,37,39,18,24,55,63,118
50301,BETANZOS,desnutricion global,nutricion normal (n),2005-08-01,221,227,251,245,472,472,944
31501,BOLIVAR,desnutricion global,nutricion normal (n),2005-08-01,42,42,55,49,97,91,188
90103,BOLPEBRA,desnutricion global,nutricion normal (n),2005-08-01,15,15,32,21,47,36,83
70707,BOYUIBE,desnutricion global,nutricion normal (n),2005-08-01,18,17,28,35,46,52,98
70401,BUENA VISTA,desnutricion global,nutricion normal (n),2005-08-01,147,134,109,138,256,272,528
70703,CABEZAS,desnutricion global,nutricion normal (n),2005-08-01,127,110,95,85,222,195,417
20905,CAIROMA,desnutricion global,nutricion normal (n),2005-08-01,92,102,98,102,190,204,394
51102,"CAIZA ""D""",desnutricion global,nutricion normal (n),2005-08-01,75,78,80,88,155,166,321
21003,CAJUATA,desnutricion global,nutricion normal (n),2005-08-01,66,56,43,32,109,88,197
20303,CALACOTO,desnutricion global,nutricion normal (n),2005-08-01,23,22,18,18,41,40,81
21304,CALAMARCA,desnutricion global,nutricion normal (n),2005-08-01,107,113,87,84,194,197,391
10701,CAMARGO,desnutricion global,nutricion normal (n),2005-08-01,146,159,136,104,282,263,545
10901,CAMATAQUI (C. VILLA ABECIA),desnutricion global,nutricion normal (n),2005-08-01,36,14,38,34,74,48,122
70706,CAMIRI,desnutricion global,nutricion normal (n),2005-08-01,330,307,212,215,542,522,1064
30701,CAPINOTA,desnutricion global,nutricion normal (n),2005-08-01,51,63,38,38,89,101,190
20302,CAQUIAVIRI,desnutricion global,nutricion normal (n),2005-08-01,61,52,43,28,104,80,184
40102,CARACOLLO,desnutricion global,nutricion normal (n),2005-08-01,78,64,43,36,121,100,221
22001,CARANAVI,desnutricion global,nutricion normal (n),2005-08-01,443,395,350,323,793,718,1511
60302,CARAPARI,desnutricion global,nutricion normal (n),2005-08-01,81,99,98,108,179,207,386
50702,CARIPUYO,desnutricion global,nutricion normal (n),2005-08-01,80,88,122,95,202,183,385
21902,CATACORA,desnutricion global,nutricion normal (n),2005-08-01,3,5,3,4,6,9,15
21803,CHACARILLA,desnutricion global,nutricion normal (n),2005-08-01,0,1,0,0,0,1,1
40201,CHALLAPATA,desnutricion global,nutricion normal (n),2005-08-01,168,157,108,86,276,243,519
50302,CHAQUI,desnutricion global,nutricion normal (n),2005-08-01,64,58,47,62,111,120,231
70702,CHARAGUA,desnutricion global,nutricion normal (n),2005-08-01,205,178,140,184,345,362,707
20305,CHARAÑA,desnutricion global,nutricion normal (n),2005-08-01,9,9,4,4,13,13,26
50202,CHAYANTA,desnutricion global,nutricion normal (n),2005-08-01,113,91,67,82,180,173,353
31204,CHIMORE,desnutricion global,nutricion normal (n),2005-08-01,52,52,38,30,90,82,172
40903,CHIPAYA,desnutricion global,nutricion normal (n),2005-08-01,11,17,13,6,24,23,47
40302,CHOQUE COTA,desnutricion global,nutricion normal (n),2005-08-01,3,2,1,4,4,6,10
21101,CHULUMANI (V. DE LA LIBERTAD),desnutricion global,nutricion normal (n),2005-08-01,53,62,22,28,75,90,165
20501,CHUMA,desnutricion global,nutricion normal (n),2005-08-01,53,48,27,26,80,74,154
30801,CLIZA,desnutricion global,nutricion normal (n),2005-08-01,99,76,29,15,128,91,219
90101,COBIJA,desnutricion global,nutricion normal (n),2005-08-01,248,234,201,186,449,420,869
30101,COCHABAMBA,desnutricion global,nutricion normal (n),2005-08-01,1724,1502,638,596,2362,2098,4460
40902,COIPASA,desnutricion global,nutricion normal (n),2005-08-01,6,3,7,7,13,10,23
30905,COLCAPIRHUA,desnutricion global,nutricion normal (n),2005-08-01,163,188,99,107,262,295,557
50901,"COLCHA ""K""",desnutricion global,nutricion normal (n),2005-08-01,81,110,50,63,131,173,304
21307,COLLANA,desnutricion global,nutricion normal (n),2005-08-01,7,3,10,6,17,9,26
31002,COLOMI,desnutricion global,nutricion normal (n),2005-08-01,115,109,55,95,170,204,374
70603,COLPA BELGICA,desnutricion global,nutricion normal (n),2005-08-01,60,45,26,26,86,71,157
50401,COLQUECHACA,desnutricion global,nutricion normal (n),2005-08-01,146,125,120,70,266,195,461
21306,COLQUENCHA,desnutricion global,nutricion normal (n),2005-08-01,28,42,17,17,45,59,104
21004,COLQUIRI,desnutricion global,nutricion normal (n),2005-08-01,117,95,75,74,192,169,361
20304,COMANCHE,desnutricion global,nutricion normal (n),2005-08-01,22,10,6,4,28,14,42
71301,COMARAPA,desnutricion global,nutricion normal (n),2005-08-01,103,103,75,78,178,181,359
20605,COMBAYA,desnutricion global,nutricion normal (n),2005-08-01,13,14,25,16,38,30,68
71101,CONCEPCION,desnutricion global,nutricion normal (n),2005-08-01,82,70,39,43,121,113,234
21701,COPACABANA,desnutricion global,nutricion normal (n),2005-08-01,50,62,32,28,82,90,172
21402,CORIPATA,desnutricion global,nutricion normal (n),2005-08-01,49,48,33,22,82,70,152
20301,CORO CORO,desnutricion global,nutricion normal (n),2005-08-01,67,58,35,46,102,104,206
21401,COROICO,desnutricion global,nutricion normal (n),2005-08-01,94,89,82,72,176,161,337
40301,CORQUE,desnutricion global,nutricion normal (n),2005-08-01,33,43,48,37,81,80,161
50601,COTAGAITA,desnutricion global,nutricion normal (n),2005-08-01,158,128,125,116,283,244,527
70102,COTOCA,desnutricion global,nutricion normal (n),2005-08-01,233,187,68,68,301,255,556
71106,CUATRO CAÑADAS,desnutricion global,nutricion normal (n),2005-08-01,59,55,79,54,138,109,247
31405,CUCHUMUELA (V. G. VILLARROEL),desnutricion global,nutricion normal (n),2005-08-01,11,3,10,8,21,11,32
70704,CUEVO,desnutricion global,nutricion normal (n),2005-08-01,19,29,38,26,57,55,112
10902,CULPINA,desnutricion global,nutricion normal (n),2005-08-01,220,209,169,190,389,399,788
40401,CURAHUARA DE CARANGAS,desnutricion global,nutricion normal (n),2005-08-01,21,23,32,9,53,32,85
21602,CURVA,desnutricion global,nutricion normal (n),2005-08-01,1,1,2,0,3,1,4
20804,DESAGUADERO,desnutricion global,nutricion normal (n),2005-08-01,30,28,26,18,56,46,102
20105,EL ALTO,desnutricion global,nutricion normal (n),2005-08-01,4121,3856,2077,2083,6198,5939,12137
40103,EL CHORO,desnutricion global,nutricion normal (n),2005-08-01,12,17,10,16,22,33,55
60502,EL PUENTE(TJA),desnutricion global,nutricion normal (n),2005-08-01,54,44,74,64,128,108,236
70105,EL TORNO,desnutricion global,nutricion normal (n),2005-08-01,210,232,101,71,311,303,614
10405,EL VILLAR,desnutricion global,nutricion normal (n),2005-08-01,76,69,107,76,183,145,328
60601,ENTRE RIOS,desnutricion global,nutricion normal (n),2005-08-01,123,139,87,91,210,230,440
60601,ENTRE RIOS,desnutricion global,nutricion normal (n),2005-08-01,169,154,160,143,329,297,626
41101,EUCALIPTUS,desnutricion global,nutricion normal (n),2005-08-01,35,28,47,41,82,69,151
90503,EUREKA (SANTOS MERCADO),desnutricion global,nutricion normal (n),2005-08-01,5,7,2,7,7,14,21
80402,EXALTACION,desnutricion global,nutricion normal (n),2005-08-01,8,9,5,18,13,27,40
71004,FERNANDEZ ALONSO,desnutricion global,nutricion normal (n),2005-08-01,164,147,127,128,291,275,566
90203,FILADELFIA,desnutricion global,nutricion normal (n),2005-08-01,25,25,18,19,43,44,87
71002,GENERAL SAAVEDRA,desnutricion global,nutricion normal (n),2005-08-01,171,172,216,214,387,386,773
21601,GRAL. J.J. PEREZ (CHARAZANI),desnutricion global,nutricion normal (n),2005-08-01,57,60,37,23,94,83,177
20602,GUANAY,desnutricion global,nutricion normal (n),2005-08-01,106,91,75,53,181,144,325
20802,GUAQUI,desnutricion global,nutricion normal (n),2005-08-01,37,41,26,23,63,64,127
80202,GUAYARAMERIN,desnutricion global,nutricion normal (n),2005-08-01,274,285,175,184,449,469,918
70705,GUTIERREZ,desnutricion global,nutricion normal (n),2005-08-01,98,86,140,159,238,245,483
10502,HUACARETA,desnutricion global,nutricion normal (n),2005-08-01,98,96,175,157,273,253,526
11002,HUACAYA (VILLA DE HUACAYA),desnutricion global,nutricion normal (n),2005-08-01,25,24,25,37,50,61,111
40501,HUACHACALLA,desnutricion global,nutricion normal (n),2005-08-01,7,5,9,3,16,8,24
40701,HUANUNI,desnutricion global,nutricion normal (n),2005-08-01,174,126,56,53,230,179,409
80803,HUARACAJE,desnutricion global,nutricion normal (n),2005-08-01,33,33,44,32,77,65,142
41601,HUAYLLAMARCA,desnutricion global,nutricion normal (n),2005-08-01,30,25,27,41,57,66,123
21005,ICHOCA,desnutricion global,nutricion normal (n),2005-08-01,29,31,36,30,65,61,126
10304,ICLA,desnutricion global,nutricion normal (n),2005-08-01,82,86,120,122,202,208,410
10703,INCAHUASI,desnutricion global,nutricion normal (n),2005-08-01,230,219,142,147,372,366,738
90402,INGAVI (HUMAITA),desnutricion global,nutricion normal (n),2005-08-01,13,13,37,17,50,30,80
21001,INQUISIVI,desnutricion global,nutricion normal (n),2005-08-01,105,114,51,72,156,186,342
21102,IRUPANA (VILLA DE LANZA),desnutricion global,nutricion normal (n),2005-08-01,133,102,125,91,258,193,451
21501,IXIAMAS,desnutricion global,nutricion normal (n),2005-08-01,85,57,61,46,146,103,249
20806,JESUS DE MACHACA,desnutricion global,nutricion normal (n),2005-08-01,46,48,31,33,77,81,158
21105,LA ASUNTA,desnutricion global,nutricion normal (n),2005-08-01,107,101,16,21,123,122,245
70104,LA GUARDIA,desnutricion global,nutricion normal (n),2005-08-01,163,189,120,111,283,300,583
20101,LA PAZ,desnutricion global,nutricion normal (n),2005-08-01,3630,3136,1969,1916,5599,5052,10651
41501,LA RIVERA,desnutricion global,nutricion normal (n),2005-08-01,0,3,3,4,3,7,10
70701,LAGUNILLAS,desnutricion global,nutricion normal (n),2005-08-01,64,32,71,60,135,92,227
21202,LAJA,desnutricion global,nutricion normal (n),2005-08-01,109,83,70,47,179,130,309
10903,LAS CARRERAS,desnutricion global,nutricion normal (n),2005-08-01,27,28,35,48,62,76,138
21006,LICOMA PAMPA,desnutricion global,nutricion normal (n),2005-08-01,23,26,19,32,42,58,100
50203,LLALLAGUA,desnutricion global,nutricion normal (n),2005-08-01,298,264,355,459,653,723,1376
51401,LLICA,desnutricion global,nutricion normal (n),2005-08-01,17,28,21,20,38,48,86
80601,LORETO,desnutricion global,nutricion normal (n),2005-08-01,26,33,16,21,42,54,96
20901,LURIBAY,desnutricion global,nutricion normal (n),2005-08-01,105,92,93,83,198,175,373
40702,MACHACAMARCA,desnutricion global,nutricion normal (n),2005-08-01,10,12,9,10,19,22,41
11003,MACHARETI,desnutricion global,nutricion normal (n),2005-08-01,93,105,183,197,276,302,578
80801,MAGDALENA,desnutricion global,nutricion normal (n),2005-08-01,86,80,48,44,134,124,258
70903,MAIRANA,desnutricion global,nutricion normal (n),2005-08-01,70,74,45,35,115,109,224
20904,MALLA,desnutricion global,nutricion normal (n),2005-08-01,23,17,54,29,77,46,123
20607,MAPIRI,desnutricion global,nutricion normal (n),2005-08-01,99,92,58,41,157,133,290
20103,MECAPACA,desnutricion global,nutricion normal (n),2005-08-01,50,49,43,45,93,94,187
71003,MINEROS,desnutricion global,nutricion normal (n),2005-08-01,179,122,101,121,280,243,523
31301,MIZQUE,desnutricion global,nutricion normal (n),2005-08-01,139,145,155,144,294,289,583
20402,MOCOMOCO,desnutricion global,nutricion normal (n),2005-08-01,80,55,40,42,120,97,217
51002,MOJINETE,desnutricion global,nutricion normal (n),2005-08-01,11,5,12,12,23,17,40
10303,MOJOCOYA,desnutricion global,nutricion normal (n),2005-08-01,108,68,141,120,249,188,437
10501,MONTEAGUDO,desnutricion global,nutricion normal (n),2005-08-01,240,219,253,255,493,474,967
71001,MONTERO,desnutricion global,nutricion normal (n),2005-08-01,1090,972,659,643,1749,1615,3364
70803,MORO MORO,desnutricion global,nutricion normal (n),2005-08-01,26,20,43,34,69,54,123
30302,MOROCHATA,desnutricion global,nutricion normal (n),2005-08-01,121,101,123,116,244,217,461
90401,NACEBE (SANTA ROSA DEL ABUNA),desnutricion global,nutricion normal (n),2005-08-01,9,6,8,3,17,9,26
20307,NAZACARA DE PACAJES,desnutricion global,nutricion normal (n),2005-08-01,1,2,10,2,11,4,15
90501,NUEVO MANOA (NUEVA ESPERANZA),desnutricion global,nutricion normal (n),2005-08-01,3,1,2,5,5,6,11
50404,OCURI,desnutricion global,nutricion normal (n),2005-08-01,82,86,84,69,166,155,321
70202,OKINAWA,desnutricion global,nutricion normal (n),2005-08-01,103,107,92,76,195,183,378
30203,OMEREQUE,desnutricion global,nutricion normal (n),2005-08-01,81,56,68,77,149,133,282
40101,ORURO,desnutricion global,nutricion normal (n),2005-08-01,1345,1267,712,727,2057,1994,4051
60201,PADCAYA,desnutricion global,nutricion normal (n),2005-08-01,129,143,163,163,292,306,598
10401,PADILLA,desnutricion global,nutricion normal (n),2005-08-01,152,117,185,198,337,315,652
20102,PALCA,desnutricion global,nutricion normal (n),2005-08-01,86,66,57,43,143,109,252
21104,PALOS BLANCOS,desnutricion global,nutricion normal (n),2005-08-01,199,181,146,121,345,302,647
40802,PAMPA AULLAGAS,desnutricion global,nutricion normal (n),2005-08-01,17,19,15,18,32,37,69
70902,PAMPA GRANDE,desnutricion global,nutricion normal (n),2005-08-01,68,58,56,39,124,97,221
21802,PAPEL PAMPA,desnutricion global,nutricion normal (n),2005-08-01,23,31,22,21,45,52,97
30202,PASORAPA,desnutricion global,nutricion normal (n),2005-08-01,39,44,63,43,102,87,189
21305,PATACAMAYA,desnutricion global,nutricion normal (n),2005-08-01,224,193,127,113,351,306,657
40602,PAZÑA,desnutricion global,nutricion normal (n),2005-08-01,25,21,27,24,52,45,97
20702,PELECHUCO,desnutricion global,nutricion normal (n),2005-08-01,30,29,31,34,61,63,124
50403,POCOATA,desnutricion global,nutricion normal (n),2005-08-01,116,114,83,82,199,196,395
31203,POCONA,desnutricion global,nutricion normal (n),2005-08-01,91,87,53,60,144,147,291
31202,POJO (CBBA),desnutricion global,nutricion normal (n),2005-08-01,70,113,80,69,150,182,332
40601,POOPO,desnutricion global,nutricion normal (n),2005-08-01,22,24,15,14,37,38,75
51203,PORCO,desnutricion global,nutricion normal (n),2005-08-01,53,55,27,41,80,96,176
10103,POROMA,desnutricion global,nutricion normal (n),2005-08-01,161,158,140,119,301,277,578
70103,PORONGO,desnutricion global,nutricion normal (n),2005-08-01,52,33,26,21,78,54,132
70601,PORTACHUELO,desnutricion global,nutricion normal (n),2005-08-01,175,163,117,112,292,275,567
90102,PORVENIR,desnutricion global,nutricion normal (n),2005-08-01,37,38,32,19,69,57,126
70804,POSTRER VALLE,desnutricion global,nutricion normal (n),2005-08-01,15,19,15,18,30,37,67
50101,POTOSI,desnutricion global,nutricion normal (n),2005-08-01,1060,778,371,335,1431,1113,2544
10302,PRESTO,desnutricion global,nutricion normal (n),2005-08-01,82,69,119,94,201,163,364
70805,PUCARA,desnutricion global,nutricion normal (n),2005-08-01,23,16,34,32,57,48,105
21201,PUCARANI,desnutricion global,nutricion normal (n),2005-08-01,181,187,218,199,399,386,785
20401,PUERTO ACOSTA,desnutricion global,nutricion normal (n),2005-08-01,113,102,155,167,268,269,537
20403,PUERTO CARABUCO,desnutricion global,nutricion normal (n),2005-08-01,68,75,58,70,126,145,271
90301,PUERTO GONZALO MORENO,desnutricion global,nutricion normal (n),2005-08-01,41,39,36,45,77,84,161
21204,PUERTO PEREZ,desnutricion global,nutricion normal (n),2005-08-01,36,28,31,31,67,59,126
90201,PUERTO RICO,desnutricion global,nutricion normal (n),2005-08-01,58,57,102,89,160,146,306
80703,PUERTO SILES,desnutricion global,nutricion normal (n),2005-08-01,26,10,4,13,30,23,53
31205,PUERTO VILLARROEL,desnutricion global,nutricion normal (n),2005-08-01,225,188,167,125,392,313,705
51101,PUNA,desnutricion global,nutricion normal (n),2005-08-01,178,190,155,128,333,318,651
31401,PUNATA,desnutricion global,nutricion normal (n),2005-08-01,239,173,52,55,291,228,519
20604,QUIABAYA,desnutricion global,nutricion normal (n),2005-08-01,29,17,30,22,59,39,98
30901,QUILLACOLLO,desnutricion global,nutricion normal (n),2005-08-01,380,339,119,120,499,459,958
21002,QUIME,desnutricion global,nutricion normal (n),2005-08-01,74,78,66,63,140,141,281
70904,QUIRUSILLAS,desnutricion global,nutricion normal (n),2005-08-01,6,11,6,12,12,23,35
50402,RAVELO,desnutricion global,nutricion normal (n),2005-08-01,250,237,179,172,429,409,838
80301,REYES,desnutricion global,nutricion normal (n),2005-08-01,125,133,164,164,289,297,586
80201,RIBERALTA,desnutricion global,nutricion normal (n),2005-08-01,823,691,304,230,1127,921,2048
80304,RURRENABAQUE,desnutricion global,nutricion normal (n),2005-08-01,107,110,45,32,152,142,294
40901,SABAYA,desnutricion global,nutricion normal (n),2005-08-01,17,14,11,24,28,38,66
31001,SACABA,desnutricion global,nutricion normal (n),2005-08-01,350,326,88,102,438,428,866
30404,SACABAMBA,desnutricion global,nutricion normal (n),2005-08-01,30,29,30,23,60,52,112
50701,SACACA,desnutricion global,nutricion normal (n),2005-08-01,193,185,215,188,408,373,781
71302,SAIPINA,desnutricion global,nutricion normal (n),2005-08-01,30,34,19,24,49,58,107
40801,SALINAS DE GARCI MENDOZA,desnutricion global,nutricion normal (n),2005-08-01,74,56,67,60,141,116,257
70901,SAMAIPATA,desnutricion global,nutricion normal (n),2005-08-01,94,58,56,58,150,116,266
51601,SAN AGUSTIN,desnutricion global,nutricion normal (n),2005-08-01,14,16,11,10,25,26,51
80602,SAN ANDRES,desnutricion global,nutricion normal (n),2005-08-01,121,88,133,144,254,232,486
20805,SAN ANDRES DE MACHACA,desnutricion global,nutricion normal (n),2005-08-01,21,24,22,23,43,47,90
51003,SAN ANTONIO DE ESMORUCO,desnutricion global,nutricion normal (n),2005-08-01,9,15,13,6,22,21,43
71105,SAN ANTONIO DE LOMERIO,desnutricion global,nutricion normal (n),2005-08-01,79,83,100,81,179,164,343
31403,SAN BENITO,desnutricion global,nutricion normal (n),2005-08-01,58,68,37,43,95,111,206
80302,SAN BORJA,desnutricion global,nutricion normal (n),2005-08-01,355,349,162,143,517,492,1009
21502,SAN BUENA VENTURA,desnutricion global,nutricion normal (n),2005-08-01,80,72,59,54,139,126,265
70402,SAN CARLOS,desnutricion global,nutricion normal (n),2005-08-01,218,207,105,90,323,297,620
80501,SAN IGNACIO,desnutricion global,nutricion normal (n),2005-08-01,171,154,154,132,325,286,611
70301,SAN IGNACIO DE VELASCO,desnutricion global,nutricion normal (n),2005-08-01,437,436,259,266,696,702,1398
80102,SAN JAVIER(BNI),desnutricion global,nutricion normal (n),2005-08-01,21,26,30,29,51,55,106
71102,SAN JAVIER(STC),desnutricion global,nutricion normal (n),2005-08-01,26,30,30,39,56,69,125
80701,SAN JOAQUIN,desnutricion global,nutricion normal (n),2005-08-01,28,28,18,15,46,43,89
70404,SAN JUAN DE YAPACANI,desnutricion global,nutricion normal (n),2005-08-01,119,121,110,73,229,194,423
71104,SAN JULIAN,desnutricion global,nutricion normal (n),2005-08-01,179,111,209,182,388,293,681
90302,SAN LORENZO(PND),desnutricion global,nutricion normal (n),2005-08-01,84,61,74,54,158,115,273
60501,SAN LORENZO(TJA),desnutricion global,nutricion normal (n),2005-08-01,108,123,120,104,228,227,455
10702,SAN LUCAS,desnutricion global,nutricion normal (n),2005-08-01,358,312,371,321,729,633,1362
70302,SAN MIGUEL DE VELASCO,desnutricion global,nutricion normal (n),2005-08-01,138,129,134,113,272,242,514
51001,SAN PABLO DE LIPEZ,desnutricion global,nutricion normal (n),2005-08-01,22,24,15,9,37,33,70
71005,SAN PEDRO,desnutricion global,nutricion normal (n),2005-08-01,127,106,101,90,228,196,424
50501,SAN PEDRO DE BUENA VISTA,desnutricion global,nutricion normal (n),2005-08-01,149,147,142,159,291,306,597
21801,SAN PEDRO DE CURAHUARA,desnutricion global,nutricion normal (n),2005-08-01,39,39,48,51,87,90,177
50902,SAN PEDRO DE QUEMES,desnutricion global,nutricion normal (n),2005-08-01,2,7,4,2,6,9,15
21702,SAN PEDRO DE TIQUINA,desnutricion global,nutricion normal (n),2005-08-01,25,27,32,24,57,51,108
90202,SAN PEDRO(PND),desnutricion global,nutricion normal (n),2005-08-01,27,29,41,51,68,80,148
70303,SAN RAFAEL,desnutricion global,nutricion normal (n),2005-08-01,51,53,56,49,107,102,209
80702,SAN RAMON,desnutricion global,nutricion normal (n),2005-08-01,45,27,84,21,129,48,177
80702,SAN RAMON,desnutricion global,nutricion normal (n),2005-08-01,48,57,16,22,64,79,143
80401,SANTA ANA,desnutricion global,nutricion normal (n),2005-08-01,109,95,39,50,148,145,293
70101,SANTA CRUZ DE LA SIERRA,desnutricion global,nutricion normal (n),2005-08-01,4459,4257,1937,1821,6396,6078,12474
80303,SANTA ROSA,desnutricion global,nutricion normal (n),2005-08-01,37,39,27,27,64,66,130
70602,SANTA ROSA DEL SARA,desnutricion global,nutricion normal (n),2005-08-01,72,83,57,56,129,139,268
20308,SANTIAGO DE CALLAPA,desnutricion global,nutricion normal (n),2005-08-01,33,34,15,19,48,53,101
41401,SANTIAGO DE HUARI,desnutricion global,nutricion normal (n),2005-08-01,43,43,57,62,100,105,205
21901,SANTIAGO DE MACHACA,desnutricion global,nutricion normal (n),2005-08-01,20,14,11,8,31,22,53
30702,SANTIVAÑES,desnutricion global,nutricion normal (n),2005-08-01,59,62,57,38,116,100,216
40202,SANTUARIO DE QUILLACAS,desnutricion global,nutricion normal (n),2005-08-01,6,8,12,9,18,17,35
20902,SAPAHAQUI,desnutricion global,nutricion normal (n),2005-08-01,57,57,41,52,98,109,207
90303,SENA,desnutricion global,nutricion normal (n),2005-08-01,27,27,26,37,53,64,117
21301,SICA SICA (VILLA AROMA),desnutricion global,nutricion normal (n),2005-08-01,139,141,89,95,228,236,464
30703,SICAYA,desnutricion global,nutricion normal (n),2005-08-01,40,21,27,19,67,40,107
30902,SIPE SIPE,desnutricion global,nutricion normal (n),2005-08-01,311,325,210,227,521,552,1073
10403,SOPACHUY,desnutricion global,nutricion normal (n),2005-08-01,75,58,91,58,166,116,282
40104,SORACACHI,desnutricion global,nutricion normal (n),2005-08-01,45,41,35,26,80,67,147
20601,SORATA,desnutricion global,nutricion normal (n),2005-08-01,112,102,134,107,246,209,455
10101,SUCRE,desnutricion global,nutricion normal (n),2005-08-01,1406,1410,1104,1078,2510,2488,4998
31404,TACACHI,desnutricion global,nutricion normal (n),2005-08-01,4,8,3,1,7,9,16
20603,TACACOMA,desnutricion global,nutricion normal (n),2005-08-01,42,55,57,56,99,111,210
50303,TACOBAMBA,desnutricion global,nutricion normal (n),2005-08-01,101,104,104,95,205,199,404
30602,TACOPAYA,desnutricion global,nutricion normal (n),2005-08-01,86,80,146,128,232,208,440
51402,TAHUA,desnutricion global,nutricion normal (n),2005-08-01,13,9,8,24,21,33,54
31101,TAPACARI,desnutricion global,nutricion normal (n),2005-08-01,127,137,49,64,176,201,377
10601,TARABUCO,desnutricion global,nutricion normal (n),2005-08-01,221,213,293,306,514,519,1033
20807,TARACO,desnutricion global,nutricion normal (n),2005-08-01,29,18,26,36,55,54,109
30401,TARATA,desnutricion global,nutricion normal (n),2005-08-01,52,51,12,14,64,65,129
60101,TARIJA,desnutricion global,nutricion normal (n),2005-08-01,1071,985,593,621,1664,1606,3270
10202,TARVITA,desnutricion global,nutricion normal (n),2005-08-01,58,66,52,43,110,109,219
20608,TEOPONTE,desnutricion global,nutricion normal (n),2005-08-01,44,60,70,56,114,116,230
20803,TIAWANACU,desnutricion global,nutricion normal (n),2005-08-01,68,64,47,35,115,99,214
50102,TINGUIPAYA,desnutricion global,nutricion normal (n),2005-08-01,101,101,112,75,213,176,389
20606,TIPUANI,desnutricion global,nutricion normal (n),2005-08-01,86,63,15,24,101,87,188
30903,TIQUIPAYA,desnutricion global,nutricion normal (n),2005-08-01,262,204,134,150,396,354,750
31601,TIRAQUE (CBBA),desnutricion global,nutricion normal (n),2005-08-01,272,203,136,111,408,314,722
21703,TITO YUPANQUI (PARQUIPUJIO),desnutricion global,nutricion normal (n),2005-08-01,8,12,13,10,21,22,43
30802,TOCO,desnutricion global,nutricion normal (n),2005-08-01,17,8,15,13,32,21,53
41502,TODOS SANTOS,desnutricion global,nutricion normal (n),2005-08-01,1,1,0,1,1,2,3
30803,TOLATA,desnutricion global,nutricion normal (n),2005-08-01,30,33,12,18,42,51,93
41001,TOLEDO,desnutricion global,nutricion normal (n),2005-08-01,30,17,25,26,55,43,98
51202,TOMAVE,desnutricion global,nutricion normal (n),2005-08-01,133,36,107,32,240,68,308
10402,TOMINA,desnutricion global,nutricion normal (n),2005-08-01,111,98,120,126,231,224,455
50502,TORO TORO,desnutricion global,nutricion normal (n),2005-08-01,121,109,81,98,202,207,409
31201,TOTORA(CBBA),desnutricion global,nutricion normal (n),2005-08-01,90,67,57,45,147,112,259
41301,TOTORA(ORR),desnutricion global,nutricion normal (n),2005-08-01,23,40,18,12,41,52,93
70802,TRIGAL,desnutricion global,nutricion normal (n),2005-08-01,15,14,10,12,25,26,51
80101,TRINIDAD,desnutricion global,nutricion normal (n),2005-08-01,626,561,376,343,1002,904,1906
50801,TUPIZA,desnutricion global,nutricion normal (n),2005-08-01,328,292,302,285,630,577,1207
40402,TURCO,desnutricion global,nutricion normal (n),2005-08-01,18,24,19,17,37,41,78
21302,UMALA,desnutricion global,nutricion normal (n),2005-08-01,27,22,43,50,70,72,142
50201,UNCIA,desnutricion global,nutricion normal (n),2005-08-01,51,48,17,12,68,60,128
60401,URIONDO (A. CONCEPCION),desnutricion global,nutricion normal (n),2005-08-01,130,134,169,182,299,316,615
51201,UYUNI,desnutricion global,nutricion normal (n),2005-08-01,379,330,281,276,660,606,1266
30502,VACAS,desnutricion global,nutricion normal (n),2005-08-01,80,51,39,38,119,89,208
70801,VALLEGRANDE,desnutricion global,nutricion normal (n),2005-08-01,119,112,78,91,197,203,400
20801,VIACHA,desnutricion global,nutricion normal (n),2005-08-01,244,240,174,157,418,397,815
31302,VILA VILA,desnutricion global,nutricion normal (n),2005-08-01,13,10,6,15,19,25,44
60303,VILLA MONTES,desnutricion global,nutricion normal (n),2005-08-01,174,157,125,117,299,274,573
90502,VILLA NUEVA (LOMA ALTA),desnutricion global,nutricion normal (n),2005-08-01,9,9,10,8,19,17,36
31402,VILLA RIVERO,desnutricion global,nutricion normal (n),2005-08-01,37,27,27,13,64,40,104
10801,VILLA SERRANO,desnutricion global,nutricion normal (n),2005-08-01,147,154,188,171,335,325,660
31003,VILLA TUNARI,desnutricion global,nutricion normal (n),2005-08-01,359,391,358,329,717,720,1437
11001,VILLA VACA GUZMAN (MUYUPAMPA),desnutricion global,nutricion normal (n),2005-08-01,104,98,169,201,273,299,572
51501,VILLAZON,desnutricion global,nutricion normal (n),2005-08-01,312,264,221,217,533,481,1014
30904,VINTO,desnutricion global,nutricion normal (n),2005-08-01,223,56,33,10,256,66,322
50602,VITICHI,desnutricion global,nutricion normal (n),2005-08-01,43,80,55,49,98,129,227
20306,WALDO BALLIVIAN,desnutricion global,nutricion normal (n),2005-08-01,12,15,9,14,21,29,50
70201,WARNES,desnutricion global,nutricion normal (n),2005-08-01,326,308,254,220,580,528,1108
20903,YACO,desnutricion global,nutricion normal (n),2005-08-01,18,23,25,31,43,54,97
60301,YACUIBA,desnutricion global,nutricion normal (n),2005-08-01,280,329,169,164,449,493,942
10602,YAMPARAEZ,desnutricion global,nutricion normal (n),2005-08-01,86,91,159,140,245,231,476
21103,YANACACHI,desnutricion global,nutricion normal (n),2005-08-01,24,28,14,17,38,45,83
70403,YAPACANI,desnutricion global,nutricion normal (n),2005-08-01,367,297,181,176,548,473,1021
50103,YOCALLA,desnutricion global,nutricion normal (n),2005-08-01,28,16,29,41,57,57,114
10102,YOTALA,desnutricion global,nutricion normal (n),2005-08-01,79,77,132,139,211,216,427
60402,YUNCHARA,desnutricion global,nutricion normal (n),2005-08-01,44,42,58,72,102,114,216
10301,ZUDAÑEZ,desnutricion global,nutricion normal (n),2005-08-01,60,39,72,66,132,105,237
51302,ACACIO,desnutricion global,nutricion normal (n),2005-09-01,57,60,77,66,134,126,260
20201,ACHACACHI,desnutricion global,nutricion normal (n),2005-09-01,335,332,408,405,743,737,1480
20104,ACHOCALLA,desnutricion global,nutricion normal (n),2005-09-01,41,38,22,19,63,57,120
30201,AIQUILE,desnutricion global,nutricion normal (n),2005-09-01,63,65,59,53,122,118,240
31303,ALALAY,desnutricion global,nutricion normal (n),2005-09-01,29,43,26,20,55,63,118
10404,ALCALA,desnutricion global,nutricion normal (n),2005-09-01,30,34,55,52,85,86,171
20202,ANCORAIMES,desnutricion global,nutricion normal (n),2005-09-01,83,68,109,85,192,153,345
41201,ANDAMARCA,desnutricion global,nutricion normal (n),2005-09-01,16,9,18,21,34,30,64
40603,ANTEQUERA,desnutricion global,nutricion normal (n),2005-09-01,29,20,13,16,42,36,78
30402,ANZALDO,desnutricion global,nutricion normal (n),2005-09-01,12,12,26,20,38,32,70
20701,APOLO,desnutricion global,nutricion normal (n),2005-09-01,105,88,39,38,144,126,270
51301,ARAMPAMPA,desnutricion global,nutricion normal (n),2005-09-01,40,58,53,57,93,115,208
30501,ARANI,desnutricion global,nutricion normal (n),2005-09-01,62,52,26,14,88,66,154
30403,ARBIETO,desnutricion global,nutricion normal (n),2005-09-01,35,27,20,20,55,47,102
30601,ARQUE,desnutricion global,nutricion normal (n),2005-09-01,33,43,11,6,44,49,93
50802,ATOCHA,desnutricion global,nutricion normal (n),2005-09-01,114,95,79,71,193,166,359
20503,AUCAPATA,desnutricion global,nutricion normal (n),2005-09-01,34,24,13,12,47,36,83
20502,AYATA,desnutricion global,nutricion normal (n),2005-09-01,79,78,91,74,170,152,322
21303,AYO AYO,desnutricion global,nutricion normal (n),2005-09-01,23,40,21,11,44,51,95
30301,AYOPAYA (V. DE INDEPENDENCIA),desnutricion global,nutricion normal (n),2005-09-01,111,114,78,104,189,218,407
10201,AZURDUY,desnutricion global,nutricion normal (n),2005-09-01,229,174,226,173,455,347,802
21203,BATALLAS,desnutricion global,nutricion normal (n),2005-09-01,81,66,31,38,112,104,216
80802,BAURES,desnutricion global,nutricion normal (n),2005-09-01,31,32,25,28,56,60,116
41202,BELEN DE ANDAMARCA,desnutricion global,nutricion normal (n),2005-09-01,4,9,0,0,4,9,13
50104,BELEN DE URMIRI,desnutricion global,nutricion normal (n),2005-09-01,15,14,11,10,26,24,50
90104,BELLA FLOR,desnutricion global,nutricion normal (n),2005-09-01,38,27,37,55,75,82,157
60202,BERMEJO,desnutricion global,nutricion normal (n),2005-09-01,40,37,51,48,91,85,176
50301,BETANZOS,desnutricion global,nutricion normal (n),2005-09-01,241,222,235,228,476,450,926
31501,BOLIVAR,desnutricion global,nutricion normal (n),2005-09-01,34,51,54,40,88,91,179
90103,BOLPEBRA,desnutricion global,nutricion normal (n),2005-09-01,16,16,20,15,36,31,67
70707,BOYUIBE,desnutricion global,nutricion normal (n),2005-09-01,50,37,69,78,119,115,234
70401,BUENA VISTA,desnutricion global,nutricion normal (n),2005-09-01,106,115,109,90,215,205,420
70703,CABEZAS,desnutricion global,nutricion normal (n),2005-09-01,96,117,95,99,191,216,407
20905,CAIROMA,desnutricion global,nutricion normal (n),2005-09-01,79,73,59,65,138,138,276
51102,"CAIZA ""D""",desnutricion global,nutricion normal (n),2005-09-01,88,68,70,65,158,133,291
21003,CAJUATA,desnutricion global,nutricion normal (n),2005-09-01,68,61,47,42,115,103,218
20303,CALACOTO,desnutricion global,nutricion normal (n),2005-09-01,23,31,24,19,47,50,97
21304,CALAMARCA,desnutricion global,nutricion normal (n),2005-09-01,97,110,67,79,164,189,353
10701,CAMARGO,desnutricion global,nutricion normal (n),2005-09-01,157,131,104,89,261,220,481
10901,CAMATAQUI (C. VILLA ABECIA),desnutricion global,nutricion normal (n),2005-09-01,36,25,32,37,68,62,130
70706,CAMIRI,desnutricion global,nutricion normal (n),2005-09-01,235,207,181,148,416,355,771
30701,CAPINOTA,desnutricion global,nutricion normal (n),2005-09-01,64,64,457,458,521,522,1043
20302,CAQUIAVIRI,desnutricion global,nutricion normal (n),2005-09-01,75,79,57,44,132,123,255
40102,CARACOLLO,desnutricion global,nutricion normal (n),2005-09-01,49,56,27,30,76,86,162
22001,CARANAVI,desnutricion global,nutricion normal (n),2005-09-01,357,337,233,209,590,546,1136
41503,CARANGAS,desnutricion global,nutricion normal (n),2005-09-01,0,3,0,0,0,3,3
60302,CARAPARI,desnutricion global,nutricion normal (n),2005-09-01,60,63,73,64,133,127,260
50702,CARIPUYO,desnutricion global,nutricion normal (n),2005-09-01,92,83,91,69,183,152,335
21902,CATACORA,desnutricion global,nutricion normal (n),2005-09-01,3,2,2,0,5,2,7
21803,CHACARILLA,desnutricion global,nutricion normal (n),2005-09-01,17,13,21,19,38,32,70
40201,CHALLAPATA,desnutricion global,nutricion normal (n),2005-09-01,133,123,70,42,203,165,368
50302,CHAQUI,desnutricion global,nutricion normal (n),2005-09-01,45,51,47,53,92,104,196
70702,CHARAGUA,desnutricion global,nutricion normal (n),2005-09-01,169,161,164,182,333,343,676
20305,CHARAÑA,desnutricion global,nutricion normal (n),2005-09-01,24,24,14,25,38,49,87
50202,CHAYANTA,desnutricion global,nutricion normal (n),2005-09-01,76,75,64,62,140,137,277
31204,CHIMORE,desnutricion global,nutricion normal (n),2005-09-01,72,55,43,47,115,102,217
40903,CHIPAYA,desnutricion global,nutricion normal (n),2005-09-01,10,9,7,6,17,15,32
40302,CHOQUE COTA,desnutricion global,nutricion normal (n),2005-09-01,8,7,13,9,21,16,37
21101,CHULUMANI (V. DE LA LIBERTAD),desnutricion global,nutricion normal (n),2005-09-01,70,66,36,39,106,105,211
20501,CHUMA,desnutricion global,nutricion normal (n),2005-09-01,50,58,34,57,84,115,199
30801,CLIZA,desnutricion global,nutricion normal (n),2005-09-01,91,59,31,36,122,95,217
90101,COBIJA,desnutricion global,nutricion normal (n),2005-09-01,280,247,222,220,502,467,969
30101,COCHABAMBA,desnutricion global,nutricion normal (n),2005-09-01,1397,1347,617,580,2014,1927,3941
40902,COIPASA,desnutricion global,nutricion normal (n),2005-09-01,8,1,6,2,14,3,17
30905,COLCAPIRHUA,desnutricion global,nutricion normal (n),2005-09-01,197,190,138,115,335,305,640
50901,"COLCHA ""K""",desnutricion global,nutricion normal (n),2005-09-01,89,99,60,67,149,166,315
21307,COLLANA,desnutricion global,nutricion normal (n),2005-09-01,14,10,6,3,20,13,33
31002,COLOMI,desnutricion global,nutricion normal (n),2005-09-01,103,86,83,65,186,151,337
70603,COLPA BELGICA,desnutricion global,nutricion normal (n),2005-09-01,28,29,24,17,52,46,98
50401,COLQUECHACA,desnutricion global,nutricion normal (n),2005-09-01,186,162,116,113,302,275,577
21306,COLQUENCHA,desnutricion global,nutricion normal (n),2005-09-01,22,33,13,18,35,51,86
21004,COLQUIRI,desnutricion global,nutricion normal (n),2005-09-01,100,86,43,54,143,140,283
20304,COMANCHE,desnutricion global,nutricion normal (n),2005-09-01,40,30,35,25,75,55,130
71301,COMARAPA,desnutricion global,nutricion normal (n),2005-09-01,74,94,93,76,167,170,337
20605,COMBAYA,desnutricion global,nutricion normal (n),2005-09-01,12,15,23,26,35,41,76
71101,CONCEPCION,desnutricion global,nutricion normal (n),2005-09-01,74,60,37,27,111,87,198
21701,COPACABANA,desnutricion global,nutricion normal (n),2005-09-01,66,69,47,35,113,104,217
21402,CORIPATA,desnutricion global,nutricion normal (n),2005-09-01,83,65,71,43,154,108,262
20301,CORO CORO,desnutricion global,nutricion normal (n),2005-09-01,63,68,42,51,105,119,224
21401,COROICO,desnutricion global,nutricion normal (n),2005-09-01,131,98,89,64,220,162,382
40301,CORQUE,desnutricion global,nutricion normal (n),2005-09-01,28,15,24,22,52,37,89
50601,COTAGAITA,desnutricion global,nutricion normal (n),2005-09-01,146,140,97,91,243,231,474
70102,COTOCA,desnutricion global,nutricion normal (n),2005-09-01,205,163,47,41,252,204,456
71106,CUATRO CAÑADAS,desnutricion global,nutricion normal (n),2005-09-01,74,60,82,69,156,129,285
31405,CUCHUMUELA (V. G. VILLARROEL),desnutricion global,nutricion normal (n),2005-09-01,20,10,9,3,29,13,42
70704,CUEVO,desnutricion global,nutricion normal (n),2005-09-01,18,30,37,49,55,79,134
10902,CULPINA,desnutricion global,nutricion normal (n),2005-09-01,211,180,155,145,366,325,691
40401,CURAHUARA DE CARANGAS,desnutricion global,nutricion normal (n),2005-09-01,19,16,23,10,42,26,68
21602,CURVA,desnutricion global,nutricion normal (n),2005-09-01,4,2,5,1,9,3,12
20804,DESAGUADERO,desnutricion global,nutricion normal (n),2005-09-01,22,13,8,14,30,27,57
20105,EL ALTO,desnutricion global,nutricion normal (n),2005-09-01,3367,3229,1640,1752,5007,4981,9988
40103,EL CHORO,desnutricion global,nutricion normal (n),2005-09-01,16,17,15,13,31,30,61
60502,EL PUENTE(TJA),desnutricion global,nutricion normal (n),2005-09-01,55,42,82,75,137,117,254
70105,EL TORNO,desnutricion global,nutricion normal (n),2005-09-01,173,182,98,90,271,272,543
10405,EL VILLAR,desnutricion global,nutricion normal (n),2005-09-01,74,64,106,62,180,126,306
60601,ENTRE RIOS,desnutricion global,nutricion normal (n),2005-09-01,148,153,136,127,284,280,564
60601,ENTRE RIOS,desnutricion global,nutricion normal (n),2005-09-01,125,134,82,63,207,197,404
40502,ESCARA,desnutricion global,nutricion normal (n),2005-09-01,3,3,1,3,4,6,10
41101,EUCALIPTUS,desnutricion global,nutricion normal (n),2005-09-01,23,18,38,30,61,48,109
90503,EUREKA (SANTOS MERCADO),desnutricion global,nutricion normal (n),2005-09-01,7,5,4,5,11,10,21
80402,EXALTACION,desnutricion global,nutricion normal (n),2005-09-01,17,11,28,27,45,38,83
71004,FERNANDEZ ALONSO,desnutricion global,nutricion normal (n),2005-09-01,140,138,148,162,288,300,588
90203,FILADELFIA,desnutricion global,nutricion normal (n),2005-09-01,37,43,41,47,78,90,168
71002,GENERAL SAAVEDRA,desnutricion global,nutricion normal (n),2005-09-01,206,180,224,191,430,371,801
21601,GRAL. J.J. PEREZ (CHARAZANI),desnutricion global,nutricion normal (n),2005-09-01,60,78,65,70,125,148,273
20602,GUANAY,desnutricion global,nutricion normal (n),2005-09-01,69,79,52,68,121,147,268
20802,GUAQUI,desnutricion global,nutricion normal (n),2005-09-01,26,28,9,12,35,40,75
80202,GUAYARAMERIN,desnutricion global,nutricion normal (n),2005-09-01,224,233,129,132,353,365,718
70705,GUTIERREZ,desnutricion global,nutricion normal (n),2005-09-01,101,110,137,153,238,263,501
10502,HUACARETA,desnutricion global,nutricion normal (n),2005-09-01,98,108,162,151,260,259,519
11002,HUACAYA (VILLA DE HUACAYA),desnutricion global,nutricion normal (n),2005-09-01,33,34,39,47,72,81,153
40501,HUACHACALLA,desnutricion global,nutricion normal (n),2005-09-01,6,5,4,1,10,6,16
40701,HUANUNI,desnutricion global,nutricion normal (n),2005-09-01,136,120,53,49,189,169,358
80803,HUARACAJE,desnutricion global,nutricion normal (n),2005-09-01,23,31,24,25,47,56,103
41601,HUAYLLAMARCA,desnutricion global,nutricion normal (n),2005-09-01,55,63,30,35,85,98,183
21005,ICHOCA,desnutricion global,nutricion normal (n),2005-09-01,32,30,29,16,61,46,107
10304,ICLA,desnutricion global,nutricion normal (n),2005-09-01,67,79,108,94,175,173,348
10703,INCAHUASI,desnutricion global,nutricion normal (n),2005-09-01,181,166,126,124,307,290,597
90402,INGAVI (HUMAITA),desnutricion global,nutricion normal (n),2005-09-01,3,5,10,4,13,9,22
21001,INQUISIVI,desnutricion global,nutricion normal (n),2005-09-01,76,80,59,81,135,161,296
21102,IRUPANA (VILLA DE LANZA),desnutricion global,nutricion normal (n),2005-09-01,132,87,112,112,244,199,443
21501,IXIAMAS,desnutricion global,nutricion normal (n),2005-09-01,97,50,54,51,151,101,252
20806,JESUS DE MACHACA,desnutricion global,nutricion normal (n),2005-09-01,60,56,32,45,92,101,193
21105,LA ASUNTA,desnutricion global,nutricion normal (n),2005-09-01,122,133,14,33,136,166,302
70104,LA GUARDIA,desnutricion global,nutricion normal (n),2005-09-01,214,225,95,118,309,343,652
20101,LA PAZ,desnutricion global,nutricion normal (n),2005-09-01,2912,2597,1584,1533,4496,4130,8626
41501,LA RIVERA,desnutricion global,nutricion normal (n),2005-09-01,0,4,1,1,1,5,6
70701,LAGUNILLAS,desnutricion global,nutricion normal (n),2005-09-01,70,56,81,82,151,138,289
21202,LAJA,desnutricion global,nutricion normal (n),2005-09-01,118,113,67,75,185,188,373
10903,LAS CARRERAS,desnutricion global,nutricion normal (n),2005-09-01,32,42,43,49,75,91,166
21006,LICOMA PAMPA,desnutricion global,nutricion normal (n),2005-09-01,12,15,20,9,32,24,56
50203,LLALLAGUA,desnutricion global,nutricion normal (n),2005-09-01,232,224,319,311,551,535,1086
51401,LLICA,desnutricion global,nutricion normal (n),2005-09-01,25,37,29,25,54,62,116
80601,LORETO,desnutricion global,nutricion normal (n),2005-09-01,21,19,26,26,47,45,92
20901,LURIBAY,desnutricion global,nutricion normal (n),2005-09-01,125,103,89,98,214,201,415
40702,MACHACAMARCA,desnutricion global,nutricion normal (n),2005-09-01,11,18,6,10,17,28,45
11003,MACHARETI,desnutricion global,nutricion normal (n),2005-09-01,95,93,143,168,238,261,499
80801,MAGDALENA,desnutricion global,nutricion normal (n),2005-09-01,60,60,33,43,93,103,196
70903,MAIRANA,desnutricion global,nutricion normal (n),2005-09-01,60,68,33,28,93,96,189
20904,MALLA,desnutricion global,nutricion normal (n),2005-09-01,24,14,43,28,67,42,109
20607,MAPIRI,desnutricion global,nutricion normal (n),2005-09-01,97,89,62,47,159,136,295
20103,MECAPACA,desnutricion global,nutricion normal (n),2005-09-01,61,74,44,45,105,119,224
71003,MINEROS,desnutricion global,nutricion normal (n),2005-09-01,159,110,99,108,258,218,476
31301,MIZQUE,desnutricion global,nutricion normal (n),2005-09-01,97,101,64,43,161,144,305
20402,MOCOMOCO,desnutricion global,nutricion normal (n),2005-09-01,131,110,105,112,236,222,458
51002,MOJINETE,desnutricion global,nutricion normal (n),2005-09-01,10,5,6,2,16,7,23
10303,MOJOCOYA,desnutricion global,nutricion normal (n),2005-09-01,77,51,125,95,202,146,348
10501,MONTEAGUDO,desnutricion global,nutricion normal (n),2005-09-01,273,198,267,252,540,450,990
71001,MONTERO,desnutricion global,nutricion normal (n),2005-09-01,1071,982,629,671,1700,1653,3353
70803,MORO MORO,desnutricion global,nutricion normal (n),2005-09-01,13,12,11,20,24,32,56
30302,MOROCHATA,desnutricion global,nutricion normal (n),2005-09-01,148,133,93,101,241,234,475
90401,NACEBE (SANTA ROSA DEL ABUNA),desnutricion global,nutricion normal (n),2005-09-01,8,6,11,12,19,18,37
20307,NAZACARA DE PACAJES,desnutricion global,nutricion normal (n),2005-09-01,7,40,6,0,13,40,53
90501,NUEVO MANOA (NUEVA ESPERANZA),desnutricion global,nutricion normal (n),2005-09-01,29,13,14,17,43,30,73
50404,OCURI,desnutricion global,nutricion normal (n),2005-09-01,118,103,100,118,218,221,439
70202,OKINAWA,desnutricion global,nutricion normal (n),2005-09-01,97,101,95,68,192,169,361
30203,OMEREQUE,desnutricion global,nutricion normal (n),2005-09-01,68,51,37,40,105,91,196
40101,ORURO,desnutricion global,nutricion normal (n),2005-09-01,1100,1084,659,660,1759,1744,3503
60201,PADCAYA,desnutricion global,nutricion normal (n),2005-09-01,153,125,167,146,320,271,591
10401,PADILLA,desnutricion global,nutricion normal (n),2005-09-01,143,116,190,150,333,266,599
20102,PALCA,desnutricion global,nutricion normal (n),2005-09-01,90,66,29,35,119,101,220
21104,PALOS BLANCOS,desnutricion global,nutricion normal (n),2005-09-01,195,164,115,130,310,294,604
40802,PAMPA AULLAGAS,desnutricion global,nutricion normal (n),2005-09-01,19,19,20,12,39,31,70
70902,PAMPA GRANDE,desnutricion global,nutricion normal (n),2005-09-01,58,47,54,49,112,96,208
21802,PAPEL PAMPA,desnutricion global,nutricion normal (n),2005-09-01,32,40,16,16,48,56,104
30202,PASORAPA,desnutricion global,nutricion normal (n),2005-09-01,24,27,40,46,64,73,137
21305,PATACAMAYA,desnutricion global,nutricion normal (n),2005-09-01,203,193,173,104,376,297,673
40602,PAZÑA,desnutricion global,nutricion normal (n),2005-09-01,20,29,27,39,47,68,115
20702,PELECHUCO,desnutricion global,nutricion normal (n),2005-09-01,18,16,13,9,31,25,56
50403,POCOATA,desnutricion global,nutricion normal (n),2005-09-01,124,136,123,126,247,262,509
31203,POCONA,desnutricion global,nutricion normal (n),2005-09-01,58,35,34,37,92,72,164
31202,POJO (CBBA),desnutricion global,nutricion normal (n),2005-09-01,109,139,152,141,261,280,541
40601,POOPO,desnutricion global,nutricion normal (n),2005-09-01,27,29,24,22,51,51,102
51203,PORCO,desnutricion global,nutricion normal (n),2005-09-01,18,16,8,3,26,19,45
10103,POROMA,desnutricion global,nutricion normal (n),2005-09-01,171,153,177,171,348,324,672
70103,PORONGO,desnutricion global,nutricion normal (n),2005-09-01,39,37,26,20,65,57,122
70601,PORTACHUELO,desnutricion global,nutricion normal (n),2005-09-01,114,86,104,90,218,176,394
90102,PORVENIR,desnutricion global,nutricion normal (n),2005-09-01,49,31,28,30,77,61,138
70804,POSTRER VALLE,desnutricion global,nutricion normal (n),2005-09-01,13,14,8,10,21,24,45
50101,POTOSI,desnutricion global,nutricion normal (n),2005-09-01,842,636,434,413,1276,1049,2325
10302,PRESTO,desnutricion global,nutricion normal (n),2005-09-01,73,76,117,79,190,155,345
70805,PUCARA,desnutricion global,nutricion normal (n),2005-09-01,14,5,13,4,27,9,36
21201,PUCARANI,desnutricion global,nutricion normal (n),2005-09-01,214,194,209,209,423,403,826
20401,PUERTO ACOSTA,desnutricion global,nutricion normal (n),2005-09-01,97,107,93,89,190,196,386
20403,PUERTO CARABUCO,desnutricion global,nutricion normal (n),2005-09-01,69,58,77,78,146,136,282
90301,PUERTO GONZALO MORENO,desnutricion global,nutricion normal (n),2005-09-01,23,32,27,25,50,57,107
21204,PUERTO PEREZ,desnutricion global,nutricion normal (n),2005-09-01,42,32,64,40,106,72,178
90201,PUERTO RICO,desnutricion global,nutricion normal (n),2005-09-01,72,71,77,76,149,147,296
80703,PUERTO SILES,desnutricion global,nutricion normal (n),2005-09-01,6,3,10,12,16,15,31
31205,PUERTO VILLARROEL,desnutricion global,nutricion normal (n),2005-09-01,193,153,183,148,376,301,677
51101,PUNA,desnutricion global,nutricion normal (n),2005-09-01,192,181,169,171,361,352,713
31401,PUNATA,desnutricion global,nutricion normal (n),2005-09-01,211,214,82,61,293,275,568
20604,QUIABAYA,desnutricion global,nutricion normal (n),2005-09-01,17,18,22,19,39,37,76
30901,QUILLACOLLO,desnutricion global,nutricion normal (n),2005-09-01,329,260,83,101,412,361,773
21002,QUIME,desnutricion global,nutricion normal (n),2005-09-01,88,85,63,64,151,149,300
70904,QUIRUSILLAS,desnutricion global,nutricion normal (n),2005-09-01,3,3,8,0,11,3,14
50402,RAVELO,desnutricion global,nutricion normal (n),2005-09-01,191,196,206,192,397,388,785
80301,REYES,desnutricion global,nutricion normal (n),2005-09-01,90,97,91,97,181,194,375
80201,RIBERALTA,desnutricion global,nutricion normal (n),2005-09-01,797,614,321,270,1118,884,2002
80304,RURRENABAQUE,desnutricion global,nutricion normal (n),2005-09-01,122,94,54,40,176,134,310
40901,SABAYA,desnutricion global,nutricion normal (n),2005-09-01,24,16,22,16,46,32,78
31001,SACABA,desnutricion global,nutricion normal (n),2005-09-01,479,406,192,206,671,612,1283
30404,SACABAMBA,desnutricion global,nutricion normal (n),2005-09-01,29,30,25,25,54,55,109
50701,SACACA,desnutricion global,nutricion normal (n),2005-09-01,137,118,152,143,289,261,550
71302,SAIPINA,desnutricion global,nutricion normal (n),2005-09-01,24,24,32,24,56,48,104
40801,SALINAS DE GARCI MENDOZA,desnutricion global,nutricion normal (n),2005-09-01,48,45,69,62,117,107,224
70901,SAMAIPATA,desnutricion global,nutricion normal (n),2005-09-01,61,52,47,41,108,93,201
51601,SAN AGUSTIN,desnutricion global,nutricion normal (n),2005-09-01,16,18,13,12,29,30,59
80602,SAN ANDRES,desnutricion global,nutricion normal (n),2005-09-01,79,84,84,73,163,157,320
20805,SAN ANDRES DE MACHACA,desnutricion global,nutricion normal (n),2005-09-01,32,21,15,36,47,57,104
51003,SAN ANTONIO DE ESMORUCO,desnutricion global,nutricion normal (n),2005-09-01,9,9,12,8,21,17,38
71105,SAN ANTONIO DE LOMERIO,desnutricion global,nutricion normal (n),2005-09-01,135,62,72,72,207,134,341
31403,SAN BENITO,desnutricion global,nutricion normal (n),2005-09-01,53,59,27,26,80,85,165
80302,SAN BORJA,desnutricion global,nutricion normal (n),2005-09-01,347,318,174,120,521,438,959
21502,SAN BUENA VENTURA,desnutricion global,nutricion normal (n),2005-09-01,79,56,35,41,114,97,211
70402,SAN CARLOS,desnutricion global,nutricion normal (n),2005-09-01,173,164,84,78,257,242,499
80501,SAN IGNACIO,desnutricion global,nutricion normal (n),2005-09-01,183,147,110,105,293,252,545
70301,SAN IGNACIO DE VELASCO,desnutricion global,nutricion normal (n),2005-09-01,442,419,373,350,815,769,1584
80102,SAN JAVIER(BNI),desnutricion global,nutricion normal (n),2005-09-01,25,33,40,39,65,72,137
71102,SAN JAVIER(STC),desnutricion global,nutricion normal (n),2005-09-01,47,54,9,4,56,58,114
80701,SAN JOAQUIN,desnutricion global,nutricion normal (n),2005-09-01,24,34,35,30,59,64,123
70501,SAN JOSE DE CHIQUITOS,desnutricion global,nutricion normal (n),2005-09-01,6,7,7,7,13,14,27
70404,SAN JUAN DE YAPACANI,desnutricion global,nutricion normal (n),2005-09-01,110,99,71,76,181,175,356
71104,SAN JULIAN,desnutricion global,nutricion normal (n),2005-09-01,96,82,126,132,222,214,436
90302,SAN LORENZO(PND),desnutricion global,nutricion normal (n),2005-09-01,35,23,24,28,59,51,110
60501,SAN LORENZO(TJA),desnutricion global,nutricion normal (n),2005-09-01,91,82,104,96,195,178,373
10702,SAN LUCAS,desnutricion global,nutricion normal (n),2005-09-01,339,301,321,329,660,630,1290
70302,SAN MIGUEL DE VELASCO,desnutricion global,nutricion normal (n),2005-09-01,90,66,50,62,140,128,268
51001,SAN PABLO DE LIPEZ,desnutricion global,nutricion normal (n),2005-09-01,12,19,15,14,27,33,60
71005,SAN PEDRO,desnutricion global,nutricion normal (n),2005-09-01,107,92,62,46,169,138,307
50501,SAN PEDRO DE BUENA VISTA,desnutricion global,nutricion normal (n),2005-09-01,145,148,142,125,287,273,560
21801,SAN PEDRO DE CURAHUARA,desnutricion global,nutricion normal (n),2005-09-01,40,21,13,14,53,35,88
50902,SAN PEDRO DE QUEMES,desnutricion global,nutricion normal (n),2005-09-01,2,4,6,9,8,13,21
21702,SAN PEDRO DE TIQUINA,desnutricion global,nutricion normal (n),2005-09-01,30,30,18,24,48,54,102
90202,SAN PEDRO(PND),desnutricion global,nutricion normal (n),2005-09-01,8,5,13,16,21,21,42
70303,SAN RAFAEL,desnutricion global,nutricion normal (n),2005-09-01,46,45,55,58,101,103,204
80702,SAN RAMON,desnutricion global,nutricion normal (n),2005-09-01,33,31,20,12,53,43,96
80702,SAN RAMON,desnutricion global,nutricion normal (n),2005-09-01,0,2,0,0,0,2,2
80401,SANTA ANA,desnutricion global,nutricion normal (n),2005-09-01,109,90,50,47,159,137,296
70101,SANTA CRUZ DE LA SIERRA,desnutricion global,nutricion normal (n),2005-09-01,4542,4069,1988,1849,6530,5918,12448
80303,SANTA ROSA,desnutricion global,nutricion normal (n),2005-09-01,3,4,1,0,4,4,8
70602,SANTA ROSA DEL SARA,desnutricion global,nutricion normal (n),2005-09-01,60,69,72,60,132,129,261
20308,SANTIAGO DE CALLAPA,desnutricion global,nutricion normal (n),2005-09-01,41,41,21,88,62,129,191
41401,SANTIAGO DE HUARI,desnutricion global,nutricion normal (n),2005-09-01,36,38,39,27,75,65,140
21901,SANTIAGO DE MACHACA,desnutricion global,nutricion normal (n),2005-09-01,34,29,45,43,79,72,151
30702,SANTIVAÑES,desnutricion global,nutricion normal (n),2005-09-01,34,45,40,25,74,70,144
40202,SANTUARIO DE QUILLACAS,desnutricion global,nutricion normal (n),2005-09-01,16,16,33,31,49,47,96
20902,SAPAHAQUI,desnutricion global,nutricion normal (n),2005-09-01,61,40,40,48,101,88,189
90303,SENA,desnutricion global,nutricion normal (n),2005-09-01,48,39,57,52,105,91,196
21301,SICA SICA (VILLA AROMA),desnutricion global,nutricion normal (n),2005-09-01,127,116,119,126,246,242,488
30703,SICAYA,desnutricion global,nutricion normal (n),2005-09-01,27,15,7,7,34,22,56
30902,SIPE SIPE,desnutricion global,nutricion normal (n),2005-09-01,284,266,193,201,477,467,944
10403,SOPACHUY,desnutricion global,nutricion normal (n),2005-09-01,93,89,110,86,203,175,378
40104,SORACACHI,desnutricion global,nutricion normal (n),2005-09-01,45,35,50,47,95,82,177
20601,SORATA,desnutricion global,nutricion normal (n),2005-09-01,88,74,111,122,199,196,395
10101,SUCRE,desnutricion global,nutricion normal (n),2005-09-01,1250,1220,1033,995,2283,2215,4498
31404,TACACHI,desnutricion global,nutricion normal (n),2005-09-01,6,4,0,0,6,4,10
20603,TACACOMA,desnutricion global,nutricion normal (n),2005-09-01,22,23,47,28,69,51,120
50303,TACOBAMBA,desnutricion global,nutricion normal (n),2005-09-01,64,50,51,63,115,113,228
30602,TACOPAYA,desnutricion global,nutricion normal (n),2005-09-01,71,62,95,70,166,132,298
51402,TAHUA,desnutricion global,nutricion normal (n),2005-09-01,12,5,5,12,17,17,34
31101,TAPACARI,desnutricion global,nutricion normal (n),2005-09-01,159,165,171,138,330,303,633
10601,TARABUCO,desnutricion global,nutricion normal (n),2005-09-01,205,202,287,264,492,466,958
20807,TARACO,desnutricion global,nutricion normal (n),2005-09-01,41,27,40,51,81,78,159
30401,TARATA,desnutricion global,nutricion normal (n),2005-09-01,50,60,17,18,67,78,145
60101,TARIJA,desnutricion global,nutricion normal (n),2005-09-01,920,897,597,577,1517,1474,2991
10202,TARVITA,desnutricion global,nutricion normal (n),2005-09-01,219,173,269,221,488,394,882
20608,TEOPONTE,desnutricion global,nutricion normal (n),2005-09-01,76,77,89,70,165,147,312
20803,TIAWANACU,desnutricion global,nutricion normal (n),2005-09-01,78,63,70,57,148,120,268
50102,TINGUIPAYA,desnutricion global,nutricion normal (n),2005-09-01,133,112,135,119,268,231,499
20606,TIPUANI,desnutricion global,nutricion normal (n),2005-09-01,63,49,31,26,94,75,169
30903,TIQUIPAYA,desnutricion global,nutricion normal (n),2005-09-01,195,161,70,60,265,221,486
31601,TIRAQUE (CBBA),desnutricion global,nutricion normal (n),2005-09-01,247,190,177,137,424,327,751
21703,TITO YUPANQUI (PARQUIPUJIO),desnutricion global,nutricion normal (n),2005-09-01,5,7,14,13,19,20,39
30802,TOCO,desnutricion global,nutricion normal (n),2005-09-01,11,13,10,10,21,23,44
41502,TODOS SANTOS,desnutricion global,nutricion normal (n),2005-09-01,0,3,2,3,2,6,8
30803,TOLATA,desnutricion global,nutricion normal (n),2005-09-01,14,16,15,12,29,28,57
41001,TOLEDO,desnutricion global,nutricion normal (n),2005-09-01,24,18,30,20,54,38,92
51202,TOMAVE,desnutricion global,nutricion normal (n),2005-09-01,89,52,90,43,179,95,274
10402,TOMINA,desnutricion global,nutricion normal (n),2005-09-01,105,94,123,125,228,219,447
50502,TORO TORO,desnutricion global,nutricion normal (n),2005-09-01,105,111,136,144,241,255,496
31201,TOTORA(CBBA),desnutricion global,nutricion normal (n),2005-09-01,55,67,28,26,83,93,176
41301,TOTORA(ORR),desnutricion global,nutricion normal (n),2005-09-01,13,31,18,15,31,46,77
70802,TRIGAL,desnutricion global,nutricion normal (n),2005-09-01,17,14,13,13,30,27,57
80101,TRINIDAD,desnutricion global,nutricion normal (n),2005-09-01,619,472,289,279,908,751,1659
50801,TUPIZA,desnutricion global,nutricion normal (n),2005-09-01,223,254,242,214,465,468,933
40402,TURCO,desnutricion global,nutricion normal (n),2005-09-01,6,14,12,12,18,26,44
21302,UMALA,desnutricion global,nutricion normal (n),2005-09-01,28,14,13,15,41,29,70
50201,UNCIA,desnutricion global,nutricion normal (n),2005-09-01,82,102,54,40,136,142,278
60401,URIONDO (A. CONCEPCION),desnutricion global,nutricion normal (n),2005-09-01,97,96,100,124,197,220,417
51201,UYUNI,desnutricion global,nutricion normal (n),2005-09-01,225,211,175,143,400,354,754
30502,VACAS,desnutricion global,nutricion normal (n),2005-09-01,67,66,39,41,106,107,213
70801,VALLEGRANDE,desnutricion global,nutricion normal (n),2005-09-01,80,97,65,91,145,188,333
20801,VIACHA,desnutricion global,nutricion normal (n),2005-09-01,184,172,114,96,298,268,566
31302,VILA VILA,desnutricion global,nutricion normal (n),2005-09-01,23,29,10,5,33,34,67
60303,VILLA MONTES,desnutricion global,nutricion normal (n),2005-09-01,139,139,132,130,271,269,540
90502,VILLA NUEVA (LOMA ALTA),desnutricion global,nutricion normal (n),2005-09-01,30,28,29,28,59,56,115
31402,VILLA RIVERO,desnutricion global,nutricion normal (n),2005-09-01,15,29,48,29,63,58,121
10801,VILLA SERRANO,desnutricion global,nutricion normal (n),2005-09-01,124,137,148,172,272,309,581
31003,VILLA TUNARI,desnutricion global,nutricion normal (n),2005-09-01,346,294,236,210,582,504,1086
11001,VILLA VACA GUZMAN (MUYUPAMPA),desnutricion global,nutricion normal (n),2005-09-01,111,122,178,197,289,319,608
51501,VILLAZON,desnutricion global,nutricion normal (n),2005-09-01,258,230,174,215,432,445,877
30904,VINTO,desnutricion global,nutricion normal (n),2005-09-01,96,78,32,19,128,97,225
50602,VITICHI,desnutricion global,nutricion normal (n),2005-09-01,58,87,79,98,137,185,322
20306,WALDO BALLIVIAN,desnutricion global,nutricion normal (n),2005-09-01,7,13,0,3,7,16,23
70201,WARNES,desnutricion global,nutricion normal (n),2005-09-01,445,386,226,230,671,616,1287
20903,YACO,desnutricion global,nutricion normal (n),2005-09-01,27,28,12,8,39,36,75
60301,YACUIBA,desnutricion global,nutricion normal (n),2005-09-01,288,254,195,199,483,453,936
10602,YAMPARAEZ,desnutricion global,nutricion normal (n),2005-09-01,109,98,165,157,274,255,529
21103,YANACACHI,desnutricion global,nutricion normal (n),2005-09-01,19,23,30,18,49,41,90
70403,YAPACANI,desnutricion global,nutricion normal (n),2005-09-01,337,312,160,182,497,494,991
50103,YOCALLA,desnutricion global,nutricion normal (n),2005-09-01,27,21,36,35,63,56,119
10102,YOTALA,desnutricion global,nutricion normal (n),2005-09-01,92,85,114,115,206,200,406
60402,YUNCHARA,desnutricion global,nutricion normal (n),2005-09-01,44,39,55,78,99,117,216
10301,ZUDAÑEZ,desnutricion global,nutricion normal (n),2005-09-01,78,50,66,92,144,142,286
51302,ACACIO,desnutricion global,nutricion normal (n),2005-10-01,65,66,92,76,157,142,299
20201,ACHACACHI,desnutricion global,nutricion normal (n),2005-10-01,379,387,291,277,670,664,1334
20104,ACHOCALLA,desnutricion global,nutricion normal (n),2005-10-01,52,63,19,12,71,75,146
30201,AIQUILE,desnutricion global,nutricion normal (n),2005-10-01,68,61,48,26,116,87,203
31303,ALALAY,desnutricion global,nutricion normal (n),2005-10-01,12,8,7,7,19,15,34
10404,ALCALA,desnutricion global,nutricion normal (n),2005-10-01,26,34,61,59,87,93,180
20202,ANCORAIMES,desnutricion global,nutricion normal (n),2005-10-01,81,79,73,94,154,173,327
41201,ANDAMARCA,desnutricion global,nutricion normal (n),2005-10-01,25,27,47,51,72,78,150
40603,ANTEQUERA,desnutricion global,nutricion normal (n),2005-10-01,16,15,15,16,31,31,62
30402,ANZALDO,desnutricion global,nutricion normal (n),2005-10-01,19,29,25,32,44,61,105
20701,APOLO,desnutricion global,nutricion normal (n),2005-10-01,108,100,75,79,183,179,362
51301,ARAMPAMPA,desnutricion global,nutricion normal (n),2005-10-01,37,26,32,36,69,62,131
30501,ARANI,desnutricion global,nutricion normal (n),2005-10-01,48,38,22,22,70,60,130
30403,ARBIETO,desnutricion global,nutricion normal (n),2005-10-01,29,15,19,18,48,33,81
30601,ARQUE,desnutricion global,nutricion normal (n),2005-10-01,53,63,39,36,92,99,191
71501,ASCENCION DE GUARAYOS,desnutricion global,nutricion normal (n),2005-10-01,169,196,210,201,379,397,776
50802,ATOCHA,desnutricion global,nutricion normal (n),2005-10-01,90,81,99,90,189,171,360
20503,AUCAPATA,desnutricion global,nutricion normal (n),2005-10-01,36,19,18,13,54,32,86
20502,AYATA,desnutricion global,nutricion normal (n),2005-10-01,42,34,28,27,70,61,131
21303,AYO AYO,desnutricion global,nutricion normal (n),2005-10-01,45,47,33,18,78,65,143
30301,AYOPAYA (V. DE INDEPENDENCIA),desnutricion global,nutricion normal (n),2005-10-01,140,118,101,105,241,223,464
10201,AZURDUY,desnutricion global,nutricion normal (n),2005-10-01,141,128,115,89,256,217,473
21203,BATALLAS,desnutricion global,nutricion normal (n),2005-10-01,95,88,46,31,141,119,260
80802,BAURES,desnutricion global,nutricion normal (n),2005-10-01,43,37,24,41,67,78,145
41202,BELEN DE ANDAMARCA,desnutricion global,nutricion normal (n),2005-10-01,3,2,6,10,9,12,21
50104,BELEN DE URMIRI,desnutricion global,nutricion normal (n),2005-10-01,17,17,12,7,29,24,53
90104,BELLA FLOR,desnutricion global,nutricion normal (n),2005-10-01,20,23,15,33,35,56,91
60202,BERMEJO,desnutricion global,nutricion normal (n),2005-10-01,70,57,63,76,133,133,266
50301,BETANZOS,desnutricion global,nutricion normal (n),2005-10-01,188,207,169,180,357,387,744
31501,BOLIVAR,desnutricion global,nutricion normal (n),2005-10-01,27,35,27,30,54,65,119
90103,BOLPEBRA,desnutricion global,nutricion normal (n),2005-10-01,15,24,21,14,36,38,74
70707,BOYUIBE,desnutricion global,nutricion normal (n),2005-10-01,11,18,10,17,21,35,56
70401,BUENA VISTA,desnutricion global,nutricion normal (n),2005-10-01,129,120,126,141,255,261,516
70703,CABEZAS,desnutricion global,nutricion normal (n),2005-10-01,138,100,145,131,283,231,514
20905,CAIROMA,desnutricion global,nutricion normal (n),2005-10-01,94,99,65,76,159,175,334
51102,"CAIZA ""D""",desnutricion global,nutricion normal (n),2005-10-01,60,68,58,58,118,126,244
21003,CAJUATA,desnutricion global,nutricion normal (n),2005-10-01,60,48,45,51,105,99,204
20303,CALACOTO,desnutricion global,nutricion normal (n),2005-10-01,29,21,19,29,48,50,98
21304,CALAMARCA,desnutricion global,nutricion normal (n),2005-10-01,93,113,82,66,175,179,354
10701,CAMARGO,desnutricion global,nutricion normal (n),2005-10-01,126,153,87,96,213,249,462
10901,CAMATAQUI (C. VILLA ABECIA),desnutricion global,nutricion normal (n),2005-10-01,37,27,36,41,73,68,141
70706,CAMIRI,desnutricion global,nutricion normal (n),2005-10-01,233,246,246,227,479,473,952
30701,CAPINOTA,desnutricion global,nutricion normal (n),2005-10-01,34,16,23,27,57,43,100
20302,CAQUIAVIRI,desnutricion global,nutricion normal (n),2005-10-01,36,49,25,30,61,79,140
40102,CARACOLLO,desnutricion global,nutricion normal (n),2005-10-01,115,115,87,82,202,197,399
22001,CARANAVI,desnutricion global,nutricion normal (n),2005-10-01,412,362,272,263,684,625,1309
41503,CARANGAS,desnutricion global,nutricion normal (n),2005-10-01,4,2,2,10,6,12,18
60302,CARAPARI,desnutricion global,nutricion normal (n),2005-10-01,96,87,104,92,200,179,379
50702,CARIPUYO,desnutricion global,nutricion normal (n),2005-10-01,52,65,89,59,141,124,265
71403,CARMEN RIVERO TORREZ,desnutricion global,nutricion normal (n),2005-10-01,27,12,8,10,35,22,57
21902,CATACORA,desnutricion global,nutricion normal (n),2005-10-01,0,0,2,0,2,0,2
21803,CHACARILLA,desnutricion global,nutricion normal (n),2005-10-01,8,3,9,7,17,10,27
40201,CHALLAPATA,desnutricion global,nutricion normal (n),2005-10-01,166,144,85,98,251,242,493
50302,CHAQUI,desnutricion global,nutricion normal (n),2005-10-01,46,47,46,42,92,89,181
70702,CHARAGUA,desnutricion global,nutricion normal (n),2005-10-01,157,141,134,146,291,287,578
20305,CHARAÑA,desnutricion global,nutricion normal (n),2005-10-01,4,13,0,5,4,18,22
50202,CHAYANTA,desnutricion global,nutricion normal (n),2005-10-01,86,64,80,86,166,150,316
31204,CHIMORE,desnutricion global,nutricion normal (n),2005-10-01,62,52,32,37,94,89,183
40903,CHIPAYA,desnutricion global,nutricion normal (n),2005-10-01,12,16,17,12,29,28,57
40302,CHOQUE COTA,desnutricion global,nutricion normal (n),2005-10-01,5,2,4,2,9,4,13
21101,CHULUMANI (V. DE LA LIBERTAD),desnutricion global,nutricion normal (n),2005-10-01,92,83,37,41,129,124,253
20501,CHUMA,desnutricion global,nutricion normal (n),2005-10-01,37,41,29,24,66,65,131
30801,CLIZA,desnutricion global,nutricion normal (n),2005-10-01,84,71,32,25,116,96,212
90101,COBIJA,desnutricion global,nutricion normal (n),2005-10-01,215,183,114,136,329,319,648
30101,COCHABAMBA,desnutricion global,nutricion normal (n),2005-10-01,1577,1451,840,691,2417,2142,4559
40902,COIPASA,desnutricion global,nutricion normal (n),2005-10-01,1,2,5,5,6,7,13
30905,COLCAPIRHUA,desnutricion global,nutricion normal (n),2005-10-01,248,264,163,108,411,372,783
50901,"COLCHA ""K""",desnutricion global,nutricion normal (n),2005-10-01,68,78,57,76,125,154,279
21307,COLLANA,desnutricion global,nutricion normal (n),2005-10-01,17,11,6,4,23,15,38
31002,COLOMI,desnutricion global,nutricion normal (n),2005-10-01,91,74,48,40,139,114,253
70603,COLPA BELGICA,desnutricion global,nutricion normal (n),2005-10-01,38,40,31,22,69,62,131
50401,COLQUECHACA,desnutricion global,nutricion normal (n),2005-10-01,152,175,136,119,288,294,582
21306,COLQUENCHA,desnutricion global,nutricion normal (n),2005-10-01,36,32,23,18,59,50,109
21004,COLQUIRI,desnutricion global,nutricion normal (n),2005-10-01,125,116,76,80,201,196,397
20304,COMANCHE,desnutricion global,nutricion normal (n),2005-10-01,9,19,10,18,19,37,56
71301,COMARAPA,desnutricion global,nutricion normal (n),2005-10-01,87,81,85,86,172,167,339
20605,COMBAYA,desnutricion global,nutricion normal (n),2005-10-01,22,17,18,21,40,38,78
71101,CONCEPCION,desnutricion global,nutricion normal (n),2005-10-01,119,101,81,52,200,153,353
21701,COPACABANA,desnutricion global,nutricion normal (n),2005-10-01,85,88,41,38,126,126,252
21402,CORIPATA,desnutricion global,nutricion normal (n),2005-10-01,60,63,58,46,118,109,227
20301,CORO CORO,desnutricion global,nutricion normal (n),2005-10-01,53,45,42,53,95,98,193
21401,COROICO,desnutricion global,nutricion normal (n),2005-10-01,101,88,56,81,157,169,326
40301,CORQUE,desnutricion global,nutricion normal (n),2005-10-01,37,33,36,24,73,57,130
50601,COTAGAITA,desnutricion global,nutricion normal (n),2005-10-01,156,119,90,100,246,219,465
70102,COTOCA,desnutricion global,nutricion normal (n),2005-10-01,230,209,90,82,320,291,611
71106,CUATRO CAÑADAS,desnutricion global,nutricion normal (n),2005-10-01,63,63,52,47,115,110,225
31405,CUCHUMUELA (V. G. VILLARROEL),desnutricion global,nutricion normal (n),2005-10-01,15,6,7,6,22,12,34
70704,CUEVO,desnutricion global,nutricion normal (n),2005-10-01,21,25,33,28,54,53,107
10902,CULPINA,desnutricion global,nutricion normal (n),2005-10-01,168,151,132,129,300,280,580
40401,CURAHUARA DE CARANGAS,desnutricion global,nutricion normal (n),2005-10-01,26,26,34,22,60,48,108
21602,CURVA,desnutricion global,nutricion normal (n),2005-10-01,2,1,1,0,3,1,4
20804,DESAGUADERO,desnutricion global,nutricion normal (n),2005-10-01,38,18,25,21,63,39,102
20105,EL ALTO,desnutricion global,nutricion normal (n),2005-10-01,3378,3122,1577,1525,4955,4647,9602
40103,EL CHORO,desnutricion global,nutricion normal (n),2005-10-01,13,10,11,13,24,23,47
71503,EL PUENTE(STC),desnutricion global,nutricion normal (n),2005-10-01,118,138,102,85,220,223,443
60502,EL PUENTE(TJA),desnutricion global,nutricion normal (n),2005-10-01,62,61,114,85,176,146,322
70105,EL TORNO,desnutricion global,nutricion normal (n),2005-10-01,148,184,78,70,226,254,480
10405,EL VILLAR,desnutricion global,nutricion normal (n),2005-10-01,71,63,82,61,153,124,277
60601,ENTRE RIOS,desnutricion global,nutricion normal (n),2005-10-01,174,138,136,115,310,253,563
60601,ENTRE RIOS,desnutricion global,nutricion normal (n),2005-10-01,92,102,69,55,161,157,318
40502,ESCARA,desnutricion global,nutricion normal (n),2005-10-01,1,1,2,0,3,1,4
41101,EUCALIPTUS,desnutricion global,nutricion normal (n),2005-10-01,35,26,51,50,86,76,162
90503,EUREKA (SANTOS MERCADO),desnutricion global,nutricion normal (n),2005-10-01,8,11,7,11,15,22,37
80402,EXALTACION,desnutricion global,nutricion normal (n),2005-10-01,23,15,18,24,41,39,80
71004,FERNANDEZ ALONSO,desnutricion global,nutricion normal (n),2005-10-01,119,128,156,163,275,291,566
90203,FILADELFIA,desnutricion global,nutricion normal (n),2005-10-01,20,17,12,20,32,37,69
71002,GENERAL SAAVEDRA,desnutricion global,nutricion normal (n),2005-10-01,150,121,152,158,302,279,581
21601,GRAL. J.J. PEREZ (CHARAZANI),desnutricion global,nutricion normal (n),2005-10-01,58,54,34,27,92,81,173
20602,GUANAY,desnutricion global,nutricion normal (n),2005-10-01,91,71,79,61,170,132,302
20802,GUAQUI,desnutricion global,nutricion normal (n),2005-10-01,34,30,21,23,55,53,108
80202,GUAYARAMERIN,desnutricion global,nutricion normal (n),2005-10-01,266,248,175,153,441,401,842
70705,GUTIERREZ,desnutricion global,nutricion normal (n),2005-10-01,141,128,178,185,319,313,632
10502,HUACARETA,desnutricion global,nutricion normal (n),2005-10-01,112,109,162,161,274,270,544
11002,HUACAYA (VILLA DE HUACAYA),desnutricion global,nutricion normal (n),2005-10-01,38,18,45,45,83,63,146
40501,HUACHACALLA,desnutricion global,nutricion normal (n),2005-10-01,10,4,6,5,16,9,25
40701,HUANUNI,desnutricion global,nutricion normal (n),2005-10-01,131,116,67,56,198,172,370
80803,HUARACAJE,desnutricion global,nutricion normal (n),2005-10-01,20,19,23,22,43,41,84
41601,HUAYLLAMARCA,desnutricion global,nutricion normal (n),2005-10-01,39,37,24,27,63,64,127
21005,ICHOCA,desnutricion global,nutricion normal (n),2005-10-01,23,23,23,21,46,44,90
10304,ICLA,desnutricion global,nutricion normal (n),2005-10-01,84,100,127,110,211,210,421
10703,INCAHUASI,desnutricion global,nutricion normal (n),2005-10-01,177,140,99,126,276,266,542
90402,INGAVI (HUMAITA),desnutricion global,nutricion normal (n),2005-10-01,17,14,31,10,48,24,72
21001,INQUISIVI,desnutricion global,nutricion normal (n),2005-10-01,103,100,68,62,171,162,333
21102,IRUPANA (VILLA DE LANZA),desnutricion global,nutricion normal (n),2005-10-01,103,97,110,107,213,204,417
21501,IXIAMAS,desnutricion global,nutricion normal (n),2005-10-01,85,63,82,62,167,125,292
20806,JESUS DE MACHACA,desnutricion global,nutricion normal (n),2005-10-01,76,65,50,43,126,108,234
21105,LA ASUNTA,desnutricion global,nutricion normal (n),2005-10-01,164,147,16,26,180,173,353
70104,LA GUARDIA,desnutricion global,nutricion normal (n),2005-10-01,199,222,103,112,302,334,636
20101,LA PAZ,desnutricion global,nutricion normal (n),2005-10-01,2785,2569,1549,1504,4334,4073,8407
41501,LA RIVERA,desnutricion global,nutricion normal (n),2005-10-01,0,6,5,2,5,8,13
70701,LAGUNILLAS,desnutricion global,nutricion normal (n),2005-10-01,67,53,80,103,147,156,303
21202,LAJA,desnutricion global,nutricion normal (n),2005-10-01,131,93,59,53,190,146,336
10903,LAS CARRERAS,desnutricion global,nutricion normal (n),2005-10-01,28,31,20,31,48,62,110
21006,LICOMA PAMPA,desnutricion global,nutricion normal (n),2005-10-01,9,14,7,15,16,29,45
50203,LLALLAGUA,desnutricion global,nutricion normal (n),2005-10-01,158,153,217,220,375,373,748
51401,LLICA,desnutricion global,nutricion normal (n),2005-10-01,35,44,47,47,82,91,173
80601,LORETO,desnutricion global,nutricion normal (n),2005-10-01,24,33,37,35,61,68,129
20901,LURIBAY,desnutricion global,nutricion normal (n),2005-10-01,120,95,82,82,202,177,379
40702,MACHACAMARCA,desnutricion global,nutricion normal (n),2005-10-01,13,15,16,9,29,24,53
11003,MACHARETI,desnutricion global,nutricion normal (n),2005-10-01,96,92,177,196,273,288,561
80801,MAGDALENA,desnutricion global,nutricion normal (n),2005-10-01,63,77,39,42,102,119,221
70903,MAIRANA,desnutricion global,nutricion normal (n),2005-10-01,73,80,53,46,126,126,252
20904,MALLA,desnutricion global,nutricion normal (n),2005-10-01,21,15,43,28,64,43,107
20607,MAPIRI,desnutricion global,nutricion normal (n),2005-10-01,122,128,82,59,204,187,391
20103,MECAPACA,desnutricion global,nutricion normal (n),2005-10-01,78,68,50,46,128,114,242
71003,MINEROS,desnutricion global,nutricion normal (n),2005-10-01,138,130,96,100,234,230,464
31301,MIZQUE,desnutricion global,nutricion normal (n),2005-10-01,119,101,173,153,292,254,546
20402,MOCOMOCO,desnutricion global,nutricion normal (n),2005-10-01,99,76,64,70,163,146,309
51002,MOJINETE,desnutricion global,nutricion normal (n),2005-10-01,9,8,8,8,17,16,33
10303,MOJOCOYA,desnutricion global,nutricion normal (n),2005-10-01,81,55,119,76,200,131,331
10501,MONTEAGUDO,desnutricion global,nutricion normal (n),2005-10-01,246,205,289,226,535,431,966
71001,MONTERO,desnutricion global,nutricion normal (n),2005-10-01,1084,917,679,602,1763,1519,3282
70803,MORO MORO,desnutricion global,nutricion normal (n),2005-10-01,22,26,41,38,63,64,127
30302,MOROCHATA,desnutricion global,nutricion normal (n),2005-10-01,122,102,112,115,234,217,451
90401,NACEBE (SANTA ROSA DEL ABUNA),desnutricion global,nutricion normal (n),2005-10-01,12,19,37,18,49,37,86
20307,NAZACARA DE PACAJES,desnutricion global,nutricion normal (n),2005-10-01,3,0,6,0,9,0,9
90501,NUEVO MANOA (NUEVA ESPERANZA),desnutricion global,nutricion normal (n),2005-10-01,23,9,7,12,30,21,51
50404,OCURI,desnutricion global,nutricion normal (n),2005-10-01,114,93,95,80,209,173,382
70202,OKINAWA,desnutricion global,nutricion normal (n),2005-10-01,101,80,88,72,189,152,341
30203,OMEREQUE,desnutricion global,nutricion normal (n),2005-10-01,82,56,71,61,153,117,270
40101,ORURO,desnutricion global,nutricion normal (n),2005-10-01,1230,1171,703,710,1933,1881,3814
60201,PADCAYA,desnutricion global,nutricion normal (n),2005-10-01,114,116,148,141,262,257,519
10401,PADILLA,desnutricion global,nutricion normal (n),2005-10-01,146,134,211,209,357,343,700
20102,PALCA,desnutricion global,nutricion normal (n),2005-10-01,74,76,23,28,97,104,201
21104,PALOS BLANCOS,desnutricion global,nutricion normal (n),2005-10-01,193,167,144,125,337,292,629
40802,PAMPA AULLAGAS,desnutricion global,nutricion normal (n),2005-10-01,16,15,7,21,23,36,59
70902,PAMPA GRANDE,desnutricion global,nutricion normal (n),2005-10-01,67,59,46,45,113,104,217
21802,PAPEL PAMPA,desnutricion global,nutricion normal (n),2005-10-01,40,44,46,50,86,94,180
30202,PASORAPA,desnutricion global,nutricion normal (n),2005-10-01,37,37,46,31,83,68,151
21305,PATACAMAYA,desnutricion global,nutricion normal (n),2005-10-01,135,212,96,157,231,369,600
40602,PAZÑA,desnutricion global,nutricion normal (n),2005-10-01,18,29,29,41,47,70,117
20702,PELECHUCO,desnutricion global,nutricion normal (n),2005-10-01,29,18,23,15,52,33,85
50403,POCOATA,desnutricion global,nutricion normal (n),2005-10-01,134,120,139,136,273,256,529
31203,POCONA,desnutricion global,nutricion normal (n),2005-10-01,70,66,45,46,115,112,227
31202,POJO (CBBA),desnutricion global,nutricion normal (n),2005-10-01,58,73,43,48,101,121,222
40601,POOPO,desnutricion global,nutricion normal (n),2005-10-01,31,28,37,32,68,60,128
51203,PORCO,desnutricion global,nutricion normal (n),2005-10-01,34,23,37,42,71,65,136
10103,POROMA,desnutricion global,nutricion normal (n),2005-10-01,142,118,132,91,274,209,483
70103,PORONGO,desnutricion global,nutricion normal (n),2005-10-01,44,25,20,15,64,40,104
70601,PORTACHUELO,desnutricion global,nutricion normal (n),2005-10-01,131,135,103,89,234,224,458
90102,PORVENIR,desnutricion global,nutricion normal (n),2005-10-01,32,39,33,28,65,67,132
70804,POSTRER VALLE,desnutricion global,nutricion normal (n),2005-10-01,10,11,6,21,16,32,48
50101,POTOSI,desnutricion global,nutricion normal (n),2005-10-01,894,731,473,398,1367,1129,2496
10302,PRESTO,desnutricion global,nutricion normal (n),2005-10-01,77,74,98,74,175,148,323
70805,PUCARA,desnutricion global,nutricion normal (n),2005-10-01,21,15,31,22,52,37,89
21201,PUCARANI,desnutricion global,nutricion normal (n),2005-10-01,214,191,208,207,422,398,820
20401,PUERTO ACOSTA,desnutricion global,nutricion normal (n),2005-10-01,129,118,145,126,274,244,518
20403,PUERTO CARABUCO,desnutricion global,nutricion normal (n),2005-10-01,125,88,84,76,209,164,373
90301,PUERTO GONZALO MORENO,desnutricion global,nutricion normal (n),2005-10-01,57,47,57,71,114,118,232
21204,PUERTO PEREZ,desnutricion global,nutricion normal (n),2005-10-01,36,44,55,39,91,83,174
71402,PUERTO QUIJARRO,desnutricion global,nutricion normal (n),2005-10-01,36,25,19,13,55,38,93
90201,PUERTO RICO,desnutricion global,nutricion normal (n),2005-10-01,76,73,81,74,157,147,304
80703,PUERTO SILES,desnutricion global,nutricion normal (n),2005-10-01,19,13,9,21,28,34,62
71401,PUERTO SUAREZ,desnutricion global,nutricion normal (n),2005-10-01,72,49,10,14,82,63,145
31205,PUERTO VILLARROEL,desnutricion global,nutricion normal (n),2005-10-01,296,248,192,160,488,408,896
51101,PUNA,desnutricion global,nutricion normal (n),2005-10-01,192,170,169,131,361,301,662
31401,PUNATA,desnutricion global,nutricion normal (n),2005-10-01,245,268,80,76,325,344,669
20604,QUIABAYA,desnutricion global,nutricion normal (n),2005-10-01,9,9,12,15,21,24,45
30901,QUILLACOLLO,desnutricion global,nutricion normal (n),2005-10-01,634,598,273,277,907,875,1782
21002,QUIME,desnutricion global,nutricion normal (n),2005-10-01,95,76,55,69,150,145,295
70904,QUIRUSILLAS,desnutricion global,nutricion normal (n),2005-10-01,6,2,6,9,12,11,23
50402,RAVELO,desnutricion global,nutricion normal (n),2005-10-01,216,202,170,177,386,379,765
80301,REYES,desnutricion global,nutricion normal (n),2005-10-01,72,102,70,86,142,188,330
80201,RIBERALTA,desnutricion global,nutricion normal (n),2005-10-01,890,774,339,327,1229,1101,2330
70503,ROBORE,desnutricion global,nutricion normal (n),2005-10-01,8,6,15,13,23,19,42
80304,RURRENABAQUE,desnutricion global,nutricion normal (n),2005-10-01,52,67,50,45,102,112,214
40901,SABAYA,desnutricion global,nutricion normal (n),2005-10-01,30,24,19,19,49,43,92
31001,SACABA,desnutricion global,nutricion normal (n),2005-10-01,473,406,156,178,629,584,1213
30404,SACABAMBA,desnutricion global,nutricion normal (n),2005-10-01,15,19,13,18,28,37,65
50701,SACACA,desnutricion global,nutricion normal (n),2005-10-01,110,115,139,100,249,215,464
71302,SAIPINA,desnutricion global,nutricion normal (n),2005-10-01,35,32,45,31,80,63,143
40801,SALINAS DE GARCI MENDOZA,desnutricion global,nutricion normal (n),2005-10-01,59,59,87,92,146,151,297
70901,SAMAIPATA,desnutricion global,nutricion normal (n),2005-10-01,87,72,69,51,156,123,279
51601,SAN AGUSTIN,desnutricion global,nutricion normal (n),2005-10-01,9,16,17,10,26,26,52
80602,SAN ANDRES,desnutricion global,nutricion normal (n),2005-10-01,80,74,81,70,161,144,305
20805,SAN ANDRES DE MACHACA,desnutricion global,nutricion normal (n),2005-10-01,36,21,19,27,55,48,103
51003,SAN ANTONIO DE ESMORUCO,desnutricion global,nutricion normal (n),2005-10-01,2,1,12,17,14,18,32
71105,SAN ANTONIO DE LOMERIO,desnutricion global,nutricion normal (n),2005-10-01,9,11,10,9,19,20,39
31403,SAN BENITO,desnutricion global,nutricion normal (n),2005-10-01,73,47,37,39,110,86,196
80302,SAN BORJA,desnutricion global,nutricion normal (n),2005-10-01,309,303,240,192,549,495,1044
21502,SAN BUENA VENTURA,desnutricion global,nutricion normal (n),2005-10-01,64,54,41,46,105,100,205
70402,SAN CARLOS,desnutricion global,nutricion normal (n),2005-10-01,185,160,106,115,291,275,566
80501,SAN IGNACIO,desnutricion global,nutricion normal (n),2005-10-01,185,117,147,92,332,209,541
70301,SAN IGNACIO DE VELASCO,desnutricion global,nutricion normal (n),2005-10-01,414,348,274,244,688,592,1280
80102,SAN JAVIER(BNI),desnutricion global,nutricion normal (n),2005-10-01,13,26,31,23,44,49,93
71102,SAN JAVIER(STC),desnutricion global,nutricion normal (n),2005-10-01,43,40,22,17,65,57,122
80701,SAN JOAQUIN,desnutricion global,nutricion normal (n),2005-10-01,12,10,11,13,23,23,46
70501,SAN JOSE DE CHIQUITOS,desnutricion global,nutricion normal (n),2005-10-01,6,11,7,6,13,17,30
70404,SAN JUAN DE YAPACANI,desnutricion global,nutricion normal (n),2005-10-01,127,110,108,91,235,201,436
71104,SAN JULIAN,desnutricion global,nutricion normal (n),2005-10-01,148,124,137,157,285,281,566
90302,SAN LORENZO(PND),desnutricion global,nutricion normal (n),2005-10-01,94,78,72,75,166,153,319
60501,SAN LORENZO(TJA),desnutricion global,nutricion normal (n),2005-10-01,124,120,108,110,232,230,462
10702,SAN LUCAS,desnutricion global,nutricion normal (n),2005-10-01,336,287,339,301,675,588,1263
70302,SAN MIGUEL DE VELASCO,desnutricion global,nutricion normal (n),2005-10-01,137,115,105,96,242,211,453
51001,SAN PABLO DE LIPEZ,desnutricion global,nutricion normal (n),2005-10-01,7,15,10,12,17,27,44
71005,SAN PEDRO,desnutricion global,nutricion normal (n),2005-10-01,106,100,102,115,208,215,423
50501,SAN PEDRO DE BUENA VISTA,desnutricion global,nutricion normal (n),2005-10-01,138,133,142,106,280,239,519
21801,SAN PEDRO DE CURAHUARA,desnutricion global,nutricion normal (n),2005-10-01,55,42,60,98,115,140,255
50902,SAN PEDRO DE QUEMES,desnutricion global,nutricion normal (n),2005-10-01,1,5,1,2,2,7,9
21702,SAN PEDRO DE TIQUINA,desnutricion global,nutricion normal (n),2005-10-01,41,36,23,24,64,60,124
90202,SAN PEDRO(PND),desnutricion global,nutricion normal (n),2005-10-01,30,42,47,49,77,91,168
70303,SAN RAFAEL,desnutricion global,nutricion normal (n),2005-10-01,40,41,57,39,97,80,177
80702,SAN RAMON,desnutricion global,nutricion normal (n),2005-10-01,20,17,17,9,37,26,63
80401,SANTA ANA,desnutricion global,nutricion normal (n),2005-10-01,138,128,117,104,255,232,487
70101,SANTA CRUZ DE LA SIERRA,desnutricion global,nutricion normal (n),2005-10-01,4613,4094,2246,2052,6859,6146,13005
80303,SANTA ROSA,desnutricion global,nutricion normal (n),2005-10-01,37,48,48,72,85,120,205
70602,SANTA ROSA DEL SARA,desnutricion global,nutricion normal (n),2005-10-01,70,86,66,75,136,161,297
20308,SANTIAGO DE CALLAPA,desnutricion global,nutricion normal (n),2005-10-01,20,31,27,34,47,65,112
41401,SANTIAGO DE HUARI,desnutricion global,nutricion normal (n),2005-10-01,34,47,50,39,84,86,170
21901,SANTIAGO DE MACHACA,desnutricion global,nutricion normal (n),2005-10-01,23,21,13,12,36,33,69
30702,SANTIVAÑES,desnutricion global,nutricion normal (n),2005-10-01,36,52,44,29,80,81,161
40202,SANTUARIO DE QUILLACAS,desnutricion global,nutricion normal (n),2005-10-01,16,7,21,15,37,22,59
20902,SAPAHAQUI,desnutricion global,nutricion normal (n),2005-10-01,76,55,66,62,142,117,259
90303,SENA,desnutricion global,nutricion normal (n),2005-10-01,26,29,23,20,49,49,98
21301,SICA SICA (VILLA AROMA),desnutricion global,nutricion normal (n),2005-10-01,79,75,73,69,152,144,296
30703,SICAYA,desnutricion global,nutricion normal (n),2005-10-01,10,3,6,1,16,4,20
30902,SIPE SIPE,desnutricion global,nutricion normal (n),2005-10-01,294,302,235,235,529,537,1066
10403,SOPACHUY,desnutricion global,nutricion normal (n),2005-10-01,69,75,78,54,147,129,276
40104,SORACACHI,desnutricion global,nutricion normal (n),2005-10-01,49,64,78,59,127,123,250
20601,SORATA,desnutricion global,nutricion normal (n),2005-10-01,127,154,148,159,275,313,588
10101,SUCRE,desnutricion global,nutricion normal (n),2005-10-01,1260,1280,1031,968,2291,2248,4539
31404,TACACHI,desnutricion global,nutricion normal (n),2005-10-01,3,6,5,1,8,7,15
20603,TACACOMA,desnutricion global,nutricion normal (n),2005-10-01,47,45,36,38,83,83,166
30602,TACOPAYA,desnutricion global,nutricion normal (n),2005-10-01,108,96,112,107,220,203,423
51402,TAHUA,desnutricion global,nutricion normal (n),2005-10-01,6,7,17,23,23,30,53
31101,TAPACARI,desnutricion global,nutricion normal (n),2005-10-01,119,115,74,91,193,206,399
10601,TARABUCO,desnutricion global,nutricion normal (n),2005-10-01,202,197,306,267,508,464,972
20807,TARACO,desnutricion global,nutricion normal (n),2005-10-01,32,29,31,52,63,81,144
30401,TARATA,desnutricion global,nutricion normal (n),2005-10-01,40,42,13,10,53,52,105
60101,TARIJA,desnutricion global,nutricion normal (n),2005-10-01,987,845,508,529,1495,1374,2869
10202,TARVITA,desnutricion global,nutricion normal (n),2005-10-01,92,58,29,53,121,111,232
20608,TEOPONTE,desnutricion global,nutricion normal (n),2005-10-01,43,41,50,37,93,78,171
20803,TIAWANACU,desnutricion global,nutricion normal (n),2005-10-01,69,73,45,39,114,112,226
50102,TINGUIPAYA,desnutricion global,nutricion normal (n),2005-10-01,88,101,190,90,278,191,469
20606,TIPUANI,desnutricion global,nutricion normal (n),2005-10-01,72,59,26,30,98,89,187
30903,TIQUIPAYA,desnutricion global,nutricion normal (n),2005-10-01,272,234,207,152,479,386,865
31601,TIRAQUE (CBBA),desnutricion global,nutricion normal (n),2005-10-01,254,190,193,156,447,346,793
21703,TITO YUPANQUI (PARQUIPUJIO),desnutricion global,nutricion normal (n),2005-10-01,9,14,14,4,23,18,41
30802,TOCO,desnutricion global,nutricion normal (n),2005-10-01,21,7,9,5,30,12,42
41502,TODOS SANTOS,desnutricion global,nutricion normal (n),2005-10-01,2,3,2,0,4,3,7
30803,TOLATA,desnutricion global,nutricion normal (n),2005-10-01,8,14,8,8,16,22,38
41001,TOLEDO,desnutricion global,nutricion normal (n),2005-10-01,54,42,38,37,92,79,171
51202,TOMAVE,desnutricion global,nutricion normal (n),2005-10-01,88,54,46,31,134,85,219
10402,TOMINA,desnutricion global,nutricion normal (n),2005-10-01,136,101,136,129,272,230,502
50502,TORO TORO,desnutricion global,nutricion normal (n),2005-10-01,95,85,80,80,175,165,340
31201,TOTORA(CBBA),desnutricion global,nutricion normal (n),2005-10-01,71,66,35,36,106,102,208
41301,TOTORA(ORR),desnutricion global,nutricion normal (n),2005-10-01,23,27,18,18,41,45,86
70802,TRIGAL,desnutricion global,nutricion normal (n),2005-10-01,13,13,8,9,21,22,43
80101,TRINIDAD,desnutricion global,nutricion normal (n),2005-10-01,522,443,301,194,823,637,1460
50801,TUPIZA,desnutricion global,nutricion normal (n),2005-10-01,235,228,225,201,460,429,889
40402,TURCO,desnutricion global,nutricion normal (n),2005-10-01,11,9,12,9,23,18,41
21302,UMALA,desnutricion global,nutricion normal (n),2005-10-01,31,31,35,35,66,66,132
50201,UNCIA,desnutricion global,nutricion normal (n),2005-10-01,111,107,66,69,177,176,353
60401,URIONDO (A. CONCEPCION),desnutricion global,nutricion normal (n),2005-10-01,130,107,123,135,253,242,495
71502,URUBICHA,desnutricion global,nutricion normal (n),2005-10-01,93,107,172,150,265,257,522
51201,UYUNI,desnutricion global,nutricion normal (n),2005-10-01,35,25,23,15,58,40,98
30502,VACAS,desnutricion global,nutricion normal (n),2005-10-01,77,82,59,55,136,137,273
70801,VALLEGRANDE,desnutricion global,nutricion normal (n),2005-10-01,124,126,86,90,210,216,426
20801,VIACHA,desnutricion global,nutricion normal (n),2005-10-01,214,166,92,96,306,262,568
31302,VILA VILA,desnutricion global,nutricion normal (n),2005-10-01,21,21,26,31,47,52,99
60303,VILLA MONTES,desnutricion global,nutricion normal (n),2005-10-01,194,190,138,184,332,374,706
90502,VILLA NUEVA (LOMA ALTA),desnutricion global,nutricion normal (n),2005-10-01,12,11,9,8,21,19,40
31402,VILLA RIVERO,desnutricion global,nutricion normal (n),2005-10-01,34,38,21,18,55,56,111
10801,VILLA SERRANO,desnutricion global,nutricion normal (n),2005-10-01,139,139,155,158,294,297,591
31003,VILLA TUNARI,desnutricion global,nutricion normal (n),2005-10-01,383,379,351,313,734,692,1426
11001,VILLA VACA GUZMAN (MUYUPAMPA),desnutricion global,nutricion normal (n),2005-10-01,101,106,153,189,254,295,549
51501,VILLAZON,desnutricion global,nutricion normal (n),2005-10-01,215,188,122,172,337,360,697
30904,VINTO,desnutricion global,nutricion normal (n),2005-10-01,183,87,30,26,213,113,326
50602,VITICHI,desnutricion global,nutricion normal (n),2005-10-01,84,124,106,61,190,185,375
20306,WALDO BALLIVIAN,desnutricion global,nutricion normal (n),2005-10-01,7,11,1,3,8,14,22
70201,WARNES,desnutricion global,nutricion normal (n),2005-10-01,474,383,302,307,776,690,1466
20903,YACO,desnutricion global,nutricion normal (n),2005-10-01,26,22,37,29,63,51,114
60301,YACUIBA,desnutricion global,nutricion normal (n),2005-10-01,251,264,192,165,443,429,872
10602,YAMPARAEZ,desnutricion global,nutricion normal (n),2005-10-01,103,98,164,158,267,256,523
21103,YANACACHI,desnutricion global,nutricion normal (n),2005-10-01,31,36,19,12,50,48,98
70403,YAPACANI,desnutricion global,nutricion normal (n),2005-10-01,337,311,200,185,537,496,1033
50103,YOCALLA,desnutricion global,nutricion normal (n),2005-10-01,24,19,28,30,52,49,101
10102,YOTALA,desnutricion global,nutricion normal (n),2005-10-01,92,80,121,134,213,214,427
60402,YUNCHARA,desnutricion global,nutricion normal (n),2005-10-01,33,29,53,51,86,80,166
10301,ZUDAÑEZ,desnutricion global,nutricion normal (n),2005-10-01,70,56,69,65,139,121,260
51302,ACACIO,desnutricion global,nutricion normal (n),2005-11-01,71,77,70,85,141,162,303
20201,ACHACACHI,desnutricion global,nutricion normal (n),2005-11-01,268,285,272,311,540,596,1136
20104,ACHOCALLA,desnutricion global,nutricion normal (n),2005-11-01,49,45,12,14,61,59,120
30201,AIQUILE,desnutricion global,nutricion normal (n),2005-11-01,86,64,47,50,133,114,247
31303,ALALAY,desnutricion global,nutricion normal (n),2005-11-01,20,23,36,27,56,50,106
10404,ALCALA,desnutricion global,nutricion normal (n),2005-11-01,34,32,52,52,86,84,170
20202,ANCORAIMES,desnutricion global,nutricion normal (n),2005-11-01,66,88,92,86,158,174,332
41201,ANDAMARCA,desnutricion global,nutricion normal (n),2005-11-01,13,23,44,61,57,84,141
40603,ANTEQUERA,desnutricion global,nutricion normal (n),2005-11-01,12,7,13,16,25,23,48
30402,ANZALDO,desnutricion global,nutricion normal (n),2005-11-01,7,3,16,17,23,20,43
20701,APOLO,desnutricion global,nutricion normal (n),2005-11-01,117,113,141,139,258,252,510
51301,ARAMPAMPA,desnutricion global,nutricion normal (n),2005-11-01,50,58,48,61,98,119,217
30501,ARANI,desnutricion global,nutricion normal (n),2005-11-01,24,32,22,24,46,56,102
30403,ARBIETO,desnutricion global,nutricion normal (n),2005-11-01,49,19,22,23,71,42,113
30601,ARQUE,desnutricion global,nutricion normal (n),2005-11-01,72,77,29,23,101,100,201
71501,ASCENCION DE GUARAYOS,desnutricion global,nutricion normal (n),2005-11-01,0,0,2,0,2,0,2
50802,ATOCHA,desnutricion global,nutricion normal (n),2005-11-01,91,91,59,64,150,155,305
20503,AUCAPATA,desnutricion global,nutricion normal (n),2005-11-01,30,14,11,8,41,22,63
20502,AYATA,desnutricion global,nutricion normal (n),2005-11-01,85,60,60,72,145,132,277
21303,AYO AYO,desnutricion global,nutricion normal (n),2005-11-01,43,48,19,12,62,60,122
30301,AYOPAYA (V. DE INDEPENDENCIA),desnutricion global,nutricion normal (n),2005-11-01,140,140,85,88,225,228,453
10201,AZURDUY,desnutricion global,nutricion normal (n),2005-11-01,219,187,255,183,474,370,844
21203,BATALLAS,desnutricion global,nutricion normal (n),2005-11-01,78,69,32,31,110,100,210
80802,BAURES,desnutricion global,nutricion normal (n),2005-11-01,41,44,18,24,59,68,127
41202,BELEN DE ANDAMARCA,desnutricion global,nutricion normal (n),2005-11-01,2,5,1,1,3,6,9
50104,BELEN DE URMIRI,desnutricion global,nutricion normal (n),2005-11-01,14,20,12,11,26,31,57
90104,BELLA FLOR,desnutricion global,nutricion normal (n),2005-11-01,19,21,29,31,48,52,100
60202,BERMEJO,desnutricion global,nutricion normal (n),2005-11-01,52,63,52,56,104,119,223
50301,BETANZOS,desnutricion global,nutricion normal (n),2005-11-01,222,220,207,183,429,403,832
31501,BOLIVAR,desnutricion global,nutricion normal (n),2005-11-01,43,47,50,48,93,95,188
90103,BOLPEBRA,desnutricion global,nutricion normal (n),2005-11-01,15,11,19,21,34,32,66
70707,BOYUIBE,desnutricion global,nutricion normal (n),2005-11-01,35,20,33,23,68,43,111
70401,BUENA VISTA,desnutricion global,nutricion normal (n),2005-11-01,150,148,129,108,279,256,535
70703,CABEZAS,desnutricion global,nutricion normal (n),2005-11-01,146,116,116,111,262,227,489
20905,CAIROMA,desnutricion global,nutricion normal (n),2005-11-01,95,77,57,55,152,132,284
51102,"CAIZA ""D""",desnutricion global,nutricion normal (n),2005-11-01,102,89,122,110,224,199,423
21003,CAJUATA,desnutricion global,nutricion normal (n),2005-11-01,57,36,29,33,86,69,155
20303,CALACOTO,desnutricion global,nutricion normal (n),2005-11-01,36,35,33,41,69,76,145
21304,CALAMARCA,desnutricion global,nutricion normal (n),2005-11-01,97,108,61,58,158,166,324
10701,CAMARGO,desnutricion global,nutricion normal (n),2005-11-01,140,148,106,97,246,245,491
10901,CAMATAQUI (C. VILLA ABECIA),desnutricion global,nutricion normal (n),2005-11-01,35,21,27,30,62,51,113
70706,CAMIRI,desnutricion global,nutricion normal (n),2005-11-01,332,294,248,215,580,509,1089
30701,CAPINOTA,desnutricion global,nutricion normal (n),2005-11-01,93,74,38,56,131,130,261
20302,CAQUIAVIRI,desnutricion global,nutricion normal (n),2005-11-01,85,86,52,50,137,136,273
40102,CARACOLLO,desnutricion global,nutricion normal (n),2005-11-01,106,99,34,38,140,137,277
22001,CARANAVI,desnutricion global,nutricion normal (n),2005-11-01,412,330,244,221,656,551,1207
41503,CARANGAS,desnutricion global,nutricion normal (n),2005-11-01,1,3,1,0,2,3,5
60302,CARAPARI,desnutricion global,nutricion normal (n),2005-11-01,83,104,107,97,190,201,391
50702,CARIPUYO,desnutricion global,nutricion normal (n),2005-11-01,100,99,107,86,207,185,392
21902,CATACORA,desnutricion global,nutricion normal (n),2005-11-01,3,1,3,0,6,1,7
21803,CHACARILLA,desnutricion global,nutricion normal (n),2005-11-01,13,7,16,25,29,32,61
40201,CHALLAPATA,desnutricion global,nutricion normal (n),2005-11-01,151,153,113,112,264,265,529
50302,CHAQUI,desnutricion global,nutricion normal (n),2005-11-01,69,55,72,64,141,119,260
70702,CHARAGUA,desnutricion global,nutricion normal (n),2005-11-01,163,180,123,124,286,304,590
20305,CHARAÑA,desnutricion global,nutricion normal (n),2005-11-01,30,17,21,19,51,36,87
50202,CHAYANTA,desnutricion global,nutricion normal (n),2005-11-01,79,73,53,69,132,142,274
31204,CHIMORE,desnutricion global,nutricion normal (n),2005-11-01,59,50,37,67,96,117,213
40903,CHIPAYA,desnutricion global,nutricion normal (n),2005-11-01,13,17,14,13,27,30,57
40302,CHOQUE COTA,desnutricion global,nutricion normal (n),2005-11-01,12,8,16,9,28,17,45
21101,CHULUMANI (V. DE LA LIBERTAD),desnutricion global,nutricion normal (n),2005-11-01,72,58,34,28,106,86,192
20501,CHUMA,desnutricion global,nutricion normal (n),2005-11-01,50,64,28,30,78,94,172
30801,CLIZA,desnutricion global,nutricion normal (n),2005-11-01,90,71,34,30,124,101,225
90101,COBIJA,desnutricion global,nutricion normal (n),2005-11-01,276,218,150,150,426,368,794
30101,COCHABAMBA,desnutricion global,nutricion normal (n),2005-11-01,1831,1728,911,765,2742,2493,5235
40902,COIPASA,desnutricion global,nutricion normal (n),2005-11-01,3,5,6,5,9,10,19
30905,COLCAPIRHUA,desnutricion global,nutricion normal (n),2005-11-01,216,220,108,74,324,294,618
50901,"COLCHA ""K""",desnutricion global,nutricion normal (n),2005-11-01,92,109,72,94,164,203,367
21307,COLLANA,desnutricion global,nutricion normal (n),2005-11-01,6,1,5,0,11,1,12
31002,COLOMI,desnutricion global,nutricion normal (n),2005-11-01,172,127,70,71,242,198,440
70603,COLPA BELGICA,desnutricion global,nutricion normal (n),2005-11-01,40,42,40,24,80,66,146
50401,COLQUECHACA,desnutricion global,nutricion normal (n),2005-11-01,141,139,90,98,231,237,468
21306,COLQUENCHA,desnutricion global,nutricion normal (n),2005-11-01,27,30,5,10,32,40,72
21004,COLQUIRI,desnutricion global,nutricion normal (n),2005-11-01,115,105,77,73,192,178,370
20304,COMANCHE,desnutricion global,nutricion normal (n),2005-11-01,14,6,4,9,18,15,33
71301,COMARAPA,desnutricion global,nutricion normal (n),2005-11-01,83,117,83,92,166,209,375
20605,COMBAYA,desnutricion global,nutricion normal (n),2005-11-01,13,8,21,7,34,15,49
71101,CONCEPCION,desnutricion global,nutricion normal (n),2005-11-01,110,91,93,74,203,165,368
21701,COPACABANA,desnutricion global,nutricion normal (n),2005-11-01,61,75,35,31,96,106,202
21402,CORIPATA,desnutricion global,nutricion normal (n),2005-11-01,84,98,83,78,167,176,343
20301,CORO CORO,desnutricion global,nutricion normal (n),2005-11-01,77,50,27,35,104,85,189
21401,COROICO,desnutricion global,nutricion normal (n),2005-11-01,155,97,59,68,214,165,379
40301,CORQUE,desnutricion global,nutricion normal (n),2005-11-01,46,41,67,56,113,97,210
50601,COTAGAITA,desnutricion global,nutricion normal (n),2005-11-01,150,142,98,87,248,229,477
70102,COTOCA,desnutricion global,nutricion normal (n),2005-11-01,313,243,86,89,399,332,731
71106,CUATRO CAÑADAS,desnutricion global,nutricion normal (n),2005-11-01,75,49,55,56,130,105,235
31405,CUCHUMUELA (V. G. VILLARROEL),desnutricion global,nutricion normal (n),2005-11-01,16,11,9,6,25,17,42
70704,CUEVO,desnutricion global,nutricion normal (n),2005-11-01,23,37,29,30,52,67,119
10902,CULPINA,desnutricion global,nutricion normal (n),2005-11-01,241,220,177,174,418,394,812
40401,CURAHUARA DE CARANGAS,desnutricion global,nutricion normal (n),2005-11-01,22,24,18,12,40,36,76
21602,CURVA,desnutricion global,nutricion normal (n),2005-11-01,11,5,13,7,24,12,36
20804,DESAGUADERO,desnutricion global,nutricion normal (n),2005-11-01,15,17,25,24,40,41,81
20105,EL ALTO,desnutricion global,nutricion normal (n),2005-11-01,3868,3699,1814,1816,5682,5515,11197
40103,EL CHORO,desnutricion global,nutricion normal (n),2005-11-01,20,10,21,22,41,32,73
71503,EL PUENTE(STC),desnutricion global,nutricion normal (n),2005-11-01,99,141,98,91,197,232,429
60502,EL PUENTE(TJA),desnutricion global,nutricion normal (n),2005-11-01,55,75,133,103,188,178,366
70105,EL TORNO,desnutricion global,nutricion normal (n),2005-11-01,233,253,160,136,393,389,782
10405,EL VILLAR,desnutricion global,nutricion normal (n),2005-11-01,70,53,103,70,173,123,296
60601,ENTRE RIOS,desnutricion global,nutricion normal (n),2005-11-01,198,166,158,148,356,314,670
60601,ENTRE RIOS,desnutricion global,nutricion normal (n),2005-11-01,140,149,95,68,235,217,452
40502,ESCARA,desnutricion global,nutricion normal (n),2005-11-01,1,0,1,0,2,0,2
41101,EUCALIPTUS,desnutricion global,nutricion normal (n),2005-11-01,47,30,52,42,99,72,171
90503,EUREKA (SANTOS MERCADO),desnutricion global,nutricion normal (n),2005-11-01,16,28,22,26,38,54,92
80402,EXALTACION,desnutricion global,nutricion normal (n),2005-11-01,30,20,32,30,62,50,112
71004,FERNANDEZ ALONSO,desnutricion global,nutricion normal (n),2005-11-01,172,122,143,188,315,310,625
90203,FILADELFIA,desnutricion global,nutricion normal (n),2005-11-01,37,67,55,60,92,127,219
71002,GENERAL SAAVEDRA,desnutricion global,nutricion normal (n),2005-11-01,192,130,197,190,389,320,709
21601,GRAL. J.J. PEREZ (CHARAZANI),desnutricion global,nutricion normal (n),2005-11-01,85,92,79,82,164,174,338
20602,GUANAY,desnutricion global,nutricion normal (n),2005-11-01,104,104,84,55,188,159,347
20802,GUAQUI,desnutricion global,nutricion normal (n),2005-11-01,30,20,15,20,45,40,85
80202,GUAYARAMERIN,desnutricion global,nutricion normal (n),2005-11-01,255,255,142,160,397,415,812
70705,GUTIERREZ,desnutricion global,nutricion normal (n),2005-11-01,98,103,149,151,247,254,501
10502,HUACARETA,desnutricion global,nutricion normal (n),2005-11-01,108,99,93,115,201,214,415
11002,HUACAYA (VILLA DE HUACAYA),desnutricion global,nutricion normal (n),2005-11-01,42,36,42,50,84,86,170
40501,HUACHACALLA,desnutricion global,nutricion normal (n),2005-11-01,11,7,7,6,18,13,31
40701,HUANUNI,desnutricion global,nutricion normal (n),2005-11-01,173,142,53,53,226,195,421
80803,HUARACAJE,desnutricion global,nutricion normal (n),2005-11-01,43,30,50,31,93,61,154
41601,HUAYLLAMARCA,desnutricion global,nutricion normal (n),2005-11-01,41,34,31,28,72,62,134
21005,ICHOCA,desnutricion global,nutricion normal (n),2005-11-01,45,40,29,16,74,56,130
10304,ICLA,desnutricion global,nutricion normal (n),2005-11-01,102,104,129,141,231,245,476
10703,INCAHUASI,desnutricion global,nutricion normal (n),2005-11-01,220,206,135,156,355,362,717
90402,INGAVI (HUMAITA),desnutricion global,nutricion normal (n),2005-11-01,1,1,2,1,3,2,5
21001,INQUISIVI,desnutricion global,nutricion normal (n),2005-11-01,75,72,41,41,116,113,229
21102,IRUPANA (VILLA DE LANZA),desnutricion global,nutricion normal (n),2005-11-01,136,115,98,95,234,210,444
21501,IXIAMAS,desnutricion global,nutricion normal (n),2005-11-01,62,54,64,45,126,99,225
20806,JESUS DE MACHACA,desnutricion global,nutricion normal (n),2005-11-01,81,69,21,19,102,88,190
21105,LA ASUNTA,desnutricion global,nutricion normal (n),2005-11-01,167,141,43,46,210,187,397
70104,LA GUARDIA,desnutricion global,nutricion normal (n),2005-11-01,262,243,113,95,375,338,713
20101,LA PAZ,desnutricion global,nutricion normal (n),2005-11-01,3376,2947,1732,1686,5108,4633,9741
41501,LA RIVERA,desnutricion global,nutricion normal (n),2005-11-01,0,4,4,3,4,7,11
70701,LAGUNILLAS,desnutricion global,nutricion normal (n),2005-11-01,80,68,98,85,178,153,331
21202,LAJA,desnutricion global,nutricion normal (n),2005-11-01,101,119,47,68,148,187,335
10903,LAS CARRERAS,desnutricion global,nutricion normal (n),2005-11-01,37,48,38,43,75,91,166
21006,LICOMA PAMPA,desnutricion global,nutricion normal (n),2005-11-01,14,16,10,14,24,30,54
50203,LLALLAGUA,desnutricion global,nutricion normal (n),2005-11-01,257,263,345,388,602,651,1253
51401,LLICA,desnutricion global,nutricion normal (n),2005-11-01,38,31,32,35,70,66,136
80601,LORETO,desnutricion global,nutricion normal (n),2005-11-01,19,19,25,20,44,39,83
20901,LURIBAY,desnutricion global,nutricion normal (n),2005-11-01,119,112,109,83,228,195,423
40702,MACHACAMARCA,desnutricion global,nutricion normal (n),2005-11-01,24,25,20,8,44,33,77
11003,MACHARETI,desnutricion global,nutricion normal (n),2005-11-01,81,90,122,160,203,250,453
80801,MAGDALENA,desnutricion global,nutricion normal (n),2005-11-01,79,68,45,49,124,117,241
70903,MAIRANA,desnutricion global,nutricion normal (n),2005-11-01,88,96,53,52,141,148,289
20904,MALLA,desnutricion global,nutricion normal (n),2005-11-01,25,22,44,35,69,57,126
20607,MAPIRI,desnutricion global,nutricion normal (n),2005-11-01,111,109,68,54,179,163,342
20103,MECAPACA,desnutricion global,nutricion normal (n),2005-11-01,80,77,77,63,157,140,297
71003,MINEROS,desnutricion global,nutricion normal (n),2005-11-01,156,161,142,120,298,281,579
31301,MIZQUE,desnutricion global,nutricion normal (n),2005-11-01,96,76,76,74,172,150,322
20402,MOCOMOCO,desnutricion global,nutricion normal (n),2005-11-01,112,98,70,68,182,166,348
51002,MOJINETE,desnutricion global,nutricion normal (n),2005-11-01,10,8,17,13,27,21,48
10303,MOJOCOYA,desnutricion global,nutricion normal (n),2005-11-01,79,74,112,91,191,165,356
10501,MONTEAGUDO,desnutricion global,nutricion normal (n),2005-11-01,244,236,281,208,525,444,969
71001,MONTERO,desnutricion global,nutricion normal (n),2005-11-01,1327,1084,843,810,2170,1894,4064
70803,MORO MORO,desnutricion global,nutricion normal (n),2005-11-01,22,14,31,9,53,23,76
30302,MOROCHATA,desnutricion global,nutricion normal (n),2005-11-01,121,116,86,92,207,208,415
90401,NACEBE (SANTA ROSA DEL ABUNA),desnutricion global,nutricion normal (n),2005-11-01,11,8,11,6,22,14,36
20307,NAZACARA DE PACAJES,desnutricion global,nutricion normal (n),2005-11-01,2,2,5,1,7,3,10
90501,NUEVO MANOA (NUEVA ESPERANZA),desnutricion global,nutricion normal (n),2005-11-01,19,10,24,20,43,30,73
50404,OCURI,desnutricion global,nutricion normal (n),2005-11-01,108,103,96,81,204,184,388
70202,OKINAWA,desnutricion global,nutricion normal (n),2005-11-01,108,111,97,98,205,209,414
30203,OMEREQUE,desnutricion global,nutricion normal (n),2005-11-01,57,45,20,26,77,71,148
40101,ORURO,desnutricion global,nutricion normal (n),2005-11-01,1374,1264,757,742,2131,2006,4137
60201,PADCAYA,desnutricion global,nutricion normal (n),2005-11-01,146,125,154,146,300,271,571
10401,PADILLA,desnutricion global,nutricion normal (n),2005-11-01,145,142,189,183,334,325,659
70502,PAILON,desnutricion global,nutricion normal (n),2005-11-01,7,14,6,13,13,27,40
20102,PALCA,desnutricion global,nutricion normal (n),2005-11-01,73,94,24,34,97,128,225
21104,PALOS BLANCOS,desnutricion global,nutricion normal (n),2005-11-01,198,200,148,126,346,326,672
40802,PAMPA AULLAGAS,desnutricion global,nutricion normal (n),2005-11-01,23,13,9,14,32,27,59
70902,PAMPA GRANDE,desnutricion global,nutricion normal (n),2005-11-01,65,43,47,44,112,87,199
21802,PAPEL PAMPA,desnutricion global,nutricion normal (n),2005-11-01,11,18,12,17,23,35,58
30202,PASORAPA,desnutricion global,nutricion normal (n),2005-11-01,34,39,41,37,75,76,151
21305,PATACAMAYA,desnutricion global,nutricion normal (n),2005-11-01,159,159,79,91,238,250,488
40602,PAZÑA,desnutricion global,nutricion normal (n),2005-11-01,21,32,34,27,55,59,114
20702,PELECHUCO,desnutricion global,nutricion normal (n),2005-11-01,27,22,21,21,48,43,91
50403,POCOATA,desnutricion global,nutricion normal (n),2005-11-01,146,147,120,93,266,240,506
31203,POCONA,desnutricion global,nutricion normal (n),2005-11-01,33,43,19,25,52,68,120
31202,POJO (CBBA),desnutricion global,nutricion normal (n),2005-11-01,78,123,88,86,166,209,375
40601,POOPO,desnutricion global,nutricion normal (n),2005-11-01,16,30,32,27,48,57,105
51203,PORCO,desnutricion global,nutricion normal (n),2005-11-01,80,93,58,57,138,150,288
10103,POROMA,desnutricion global,nutricion normal (n),2005-11-01,159,176,202,160,361,336,697
70103,PORONGO,desnutricion global,nutricion normal (n),2005-11-01,42,21,8,15,50,36,86
70601,PORTACHUELO,desnutricion global,nutricion normal (n),2005-11-01,147,134,134,126,281,260,541
90102,PORVENIR,desnutricion global,nutricion normal (n),2005-11-01,38,31,27,22,65,53,118
70804,POSTRER VALLE,desnutricion global,nutricion normal (n),2005-11-01,11,18,6,10,17,28,45
50101,POTOSI,desnutricion global,nutricion normal (n),2005-11-01,1132,765,396,347,1528,1112,2640
10302,PRESTO,desnutricion global,nutricion normal (n),2005-11-01,103,96,120,132,223,228,451
70805,PUCARA,desnutricion global,nutricion normal (n),2005-11-01,15,6,11,7,26,13,39
21201,PUCARANI,desnutricion global,nutricion normal (n),2005-11-01,198,175,196,174,394,349,743
20401,PUERTO ACOSTA,desnutricion global,nutricion normal (n),2005-11-01,90,123,115,112,205,235,440
20403,PUERTO CARABUCO,desnutricion global,nutricion normal (n),2005-11-01,82,85,62,75,144,160,304
90301,PUERTO GONZALO MORENO,desnutricion global,nutricion normal (n),2005-11-01,45,42,31,33,76,75,151
21204,PUERTO PEREZ,desnutricion global,nutricion normal (n),2005-11-01,43,42,51,44,94,86,180
90201,PUERTO RICO,desnutricion global,nutricion normal (n),2005-11-01,84,89,93,97,177,186,363
80703,PUERTO SILES,desnutricion global,nutricion normal (n),2005-11-01,27,20,24,31,51,51,102
71401,PUERTO SUAREZ,desnutricion global,nutricion normal (n),2005-11-01,58,60,17,9,75,69,144
31205,PUERTO VILLARROEL,desnutricion global,nutricion normal (n),2005-11-01,311,255,234,180,545,435,980
51101,PUNA,desnutricion global,nutricion normal (n),2005-11-01,212,189,146,150,358,339,697
31401,PUNATA,desnutricion global,nutricion normal (n),2005-11-01,266,347,96,97,362,444,806
20604,QUIABAYA,desnutricion global,nutricion normal (n),2005-11-01,26,20,15,20,41,40,81
30901,QUILLACOLLO,desnutricion global,nutricion normal (n),2005-11-01,583,522,241,185,824,707,1531
21002,QUIME,desnutricion global,nutricion normal (n),2005-11-01,72,77,62,58,134,135,269
70904,QUIRUSILLAS,desnutricion global,nutricion normal (n),2005-11-01,9,1,11,17,20,18,38
50402,RAVELO,desnutricion global,nutricion normal (n),2005-11-01,187,188,209,174,396,362,758
80301,REYES,desnutricion global,nutricion normal (n),2005-11-01,84,80,67,56,151,136,287
80201,RIBERALTA,desnutricion global,nutricion normal (n),2005-11-01,856,740,300,297,1156,1037,2193
70503,ROBORE,desnutricion global,nutricion normal (n),2005-11-01,6,6,11,9,17,15,32
80304,RURRENABAQUE,desnutricion global,nutricion normal (n),2005-11-01,86,102,68,52,154,154,308
40901,SABAYA,desnutricion global,nutricion normal (n),2005-11-01,23,12,17,30,40,42,82
31001,SACABA,desnutricion global,nutricion normal (n),2005-11-01,872,772,350,350,1222,1122,2344
30404,SACABAMBA,desnutricion global,nutricion normal (n),2005-11-01,33,33,16,19,49,52,101
50701,SACACA,desnutricion global,nutricion normal (n),2005-11-01,133,135,175,140,308,275,583
71302,SAIPINA,desnutricion global,nutricion normal (n),2005-11-01,29,29,28,30,57,59,116
40801,SALINAS DE GARCI MENDOZA,desnutricion global,nutricion normal (n),2005-11-01,70,74,84,73,154,147,301
70901,SAMAIPATA,desnutricion global,nutricion normal (n),2005-11-01,95,58,48,47,143,105,248
51601,SAN AGUSTIN,desnutricion global,nutricion normal (n),2005-11-01,24,15,13,21,37,36,73
80602,SAN ANDRES,desnutricion global,nutricion normal (n),2005-11-01,78,84,80,87,158,171,329
20805,SAN ANDRES DE MACHACA,desnutricion global,nutricion normal (n),2005-11-01,41,31,43,35,84,66,150
51003,SAN ANTONIO DE ESMORUCO,desnutricion global,nutricion normal (n),2005-11-01,8,11,13,14,21,25,46
71105,SAN ANTONIO DE LOMERIO,desnutricion global,nutricion normal (n),2005-11-01,61,46,74,68,135,114,249
31403,SAN BENITO,desnutricion global,nutricion normal (n),2005-11-01,69,79,32,18,101,97,198
80302,SAN BORJA,desnutricion global,nutricion normal (n),2005-11-01,378,321,199,169,577,490,1067
21502,SAN BUENA VENTURA,desnutricion global,nutricion normal (n),2005-11-01,48,66,45,44,93,110,203
70402,SAN CARLOS,desnutricion global,nutricion normal (n),2005-11-01,200,185,105,92,305,277,582
80501,SAN IGNACIO,desnutricion global,nutricion normal (n),2005-11-01,204,172,148,114,352,286,638
70301,SAN IGNACIO DE VELASCO,desnutricion global,nutricion normal (n),2005-11-01,457,405,349,330,806,735,1541
80102,SAN JAVIER(BNI),desnutricion global,nutricion normal (n),2005-11-01,36,45,48,42,84,87,171
71102,SAN JAVIER(STC),desnutricion global,nutricion normal (n),2005-11-01,49,30,24,19,73,49,122
80701,SAN JOAQUIN,desnutricion global,nutricion normal (n),2005-11-01,22,24,26,13,48,37,85
70501,SAN JOSE DE CHIQUITOS,desnutricion global,nutricion normal (n),2005-11-01,2,1,2,3,4,4,8
70404,SAN JUAN DE YAPACANI,desnutricion global,nutricion normal (n),2005-11-01,146,108,105,93,251,201,452
71104,SAN JULIAN,desnutricion global,nutricion normal (n),2005-11-01,177,203,230,228,407,431,838
90302,SAN LORENZO(PND),desnutricion global,nutricion normal (n),2005-11-01,32,27,25,13,57,40,97
60501,SAN LORENZO(TJA),desnutricion global,nutricion normal (n),2005-11-01,130,118,105,98,235,216,451
10702,SAN LUCAS,desnutricion global,nutricion normal (n),2005-11-01,367,305,385,334,752,639,1391
70302,SAN MIGUEL DE VELASCO,desnutricion global,nutricion normal (n),2005-11-01,127,94,82,103,209,197,406
51001,SAN PABLO DE LIPEZ,desnutricion global,nutricion normal (n),2005-11-01,16,30,20,8,36,38,74
71005,SAN PEDRO,desnutricion global,nutricion normal (n),2005-11-01,127,104,66,74,193,178,371
50501,SAN PEDRO DE BUENA VISTA,desnutricion global,nutricion normal (n),2005-11-01,124,139,207,154,331,293,624
21801,SAN PEDRO DE CURAHUARA,desnutricion global,nutricion normal (n),2005-11-01,68,63,71,74,139,137,276
50902,SAN PEDRO DE QUEMES,desnutricion global,nutricion normal (n),2005-11-01,5,10,7,10,12,20,32
21702,SAN PEDRO DE TIQUINA,desnutricion global,nutricion normal (n),2005-11-01,35,31,30,30,65,61,126
90202,SAN PEDRO(PND),desnutricion global,nutricion normal (n),2005-11-01,4,2,11,15,15,17,32
70303,SAN RAFAEL,desnutricion global,nutricion normal (n),2005-11-01,57,41,57,66,114,107,221
80702,SAN RAMON,desnutricion global,nutricion normal (n),2005-11-01,24,22,14,10,38,32,70
80702,SAN RAMON,desnutricion global,nutricion normal (n),2005-11-01,27,37,17,13,44,50,94
80401,SANTA ANA,desnutricion global,nutricion normal (n),2005-11-01,90,99,46,41,136,140,276
70101,SANTA CRUZ DE LA SIERRA,desnutricion global,nutricion normal (n),2005-11-01,5513,4874,2675,2626,8188,7500,15688
80303,SANTA ROSA,desnutricion global,nutricion normal (n),2005-11-01,72,67,87,108,159,175,334
70602,SANTA ROSA DEL SARA,desnutricion global,nutricion normal (n),2005-11-01,77,95,102,80,179,175,354
20308,SANTIAGO DE CALLAPA,desnutricion global,nutricion normal (n),2005-11-01,18,22,16,13,34,35,69
41401,SANTIAGO DE HUARI,desnutricion global,nutricion normal (n),2005-11-01,55,37,56,59,111,96,207
21901,SANTIAGO DE MACHACA,desnutricion global,nutricion normal (n),2005-11-01,27,17,12,5,39,22,61
30702,SANTIVAÑES,desnutricion global,nutricion normal (n),2005-11-01,56,57,59,31,115,88,203
40202,SANTUARIO DE QUILLACAS,desnutricion global,nutricion normal (n),2005-11-01,12,12,17,16,29,28,57
20902,SAPAHAQUI,desnutricion global,nutricion normal (n),2005-11-01,68,64,53,52,121,116,237
90303,SENA,desnutricion global,nutricion normal (n),2005-11-01,33,31,33,35,66,66,132
21301,SICA SICA (VILLA AROMA),desnutricion global,nutricion normal (n),2005-11-01,134,141,100,100,234,241,475
30703,SICAYA,desnutricion global,nutricion normal (n),2005-11-01,15,9,17,10,32,19,51
30902,SIPE SIPE,desnutricion global,nutricion normal (n),2005-11-01,425,382,324,293,749,675,1424
10403,SOPACHUY,desnutricion global,nutricion normal (n),2005-11-01,97,93,104,57,201,150,351
40104,SORACACHI,desnutricion global,nutricion normal (n),2005-11-01,64,53,40,44,104,97,201
20601,SORATA,desnutricion global,nutricion normal (n),2005-11-01,89,104,96,78,185,182,367
10101,SUCRE,desnutricion global,nutricion normal (n),2005-11-01,1340,1275,1092,1063,2432,2338,4770
31404,TACACHI,desnutricion global,nutricion normal (n),2005-11-01,5,9,2,8,7,17,24
20603,TACACOMA,desnutricion global,nutricion normal (n),2005-11-01,46,33,41,34,87,67,154
50303,TACOBAMBA,desnutricion global,nutricion normal (n),2005-11-01,150,150,144,111,294,261,555
30602,TACOPAYA,desnutricion global,nutricion normal (n),2005-11-01,133,96,93,106,226,202,428
51402,TAHUA,desnutricion global,nutricion normal (n),2005-11-01,9,8,9,8,18,16,34
31101,TAPACARI,desnutricion global,nutricion normal (n),2005-11-01,151,125,132,111,283,236,519
10601,TARABUCO,desnutricion global,nutricion normal (n),2005-11-01,201,213,290,274,491,487,978
20807,TARACO,desnutricion global,nutricion normal (n),2005-11-01,50,29,26,34,76,63,139
30401,TARATA,desnutricion global,nutricion normal (n),2005-11-01,39,28,9,12,48,40,88
60101,TARIJA,desnutricion global,nutricion normal (n),2005-11-01,1070,989,603,566,1673,1555,3228
10202,TARVITA,desnutricion global,nutricion normal (n),2005-11-01,204,180,201,154,405,334,739
20608,TEOPONTE,desnutricion global,nutricion normal (n),2005-11-01,56,51,51,44,107,95,202
20803,TIAWANACU,desnutricion global,nutricion normal (n),2005-11-01,92,103,81,71,173,174,347
50102,TINGUIPAYA,desnutricion global,nutricion normal (n),2005-11-01,94,105,115,68,209,173,382
20606,TIPUANI,desnutricion global,nutricion normal (n),2005-11-01,86,56,39,24,125,80,205
30903,TIQUIPAYA,desnutricion global,nutricion normal (n),2005-11-01,255,238,72,68,327,306,633
31601,TIRAQUE (CBBA),desnutricion global,nutricion normal (n),2005-11-01,276,220,167,200,443,420,863
21703,TITO YUPANQUI (PARQUIPUJIO),desnutricion global,nutricion normal (n),2005-11-01,6,13,10,9,16,22,38
30802,TOCO,desnutricion global,nutricion normal (n),2005-11-01,9,5,14,15,23,20,43
41502,TODOS SANTOS,desnutricion global,nutricion normal (n),2005-11-01,0,1,1,2,1,3,4
30803,TOLATA,desnutricion global,nutricion normal (n),2005-11-01,17,15,13,7,30,22,52
41001,TOLEDO,desnutricion global,nutricion normal (n),2005-11-01,45,29,43,54,88,83,171
51202,TOMAVE,desnutricion global,nutricion normal (n),2005-11-01,95,64,111,49,206,113,319
10402,TOMINA,desnutricion global,nutricion normal (n),2005-11-01,112,111,123,123,235,234,469
50502,TORO TORO,desnutricion global,nutricion normal (n),2005-11-01,66,66,49,84,115,150,265
31201,TOTORA(CBBA),desnutricion global,nutricion normal (n),2005-11-01,78,62,41,36,119,98,217
41301,TOTORA(ORR),desnutricion global,nutricion normal (n),2005-11-01,28,39,31,41,59,80,139
70802,TRIGAL,desnutricion global,nutricion normal (n),2005-11-01,22,16,21,25,43,41,84
80101,TRINIDAD,desnutricion global,nutricion normal (n),2005-11-01,676,604,420,342,1096,946,2042
50801,TUPIZA,desnutricion global,nutricion normal (n),2005-11-01,247,249,266,239,513,488,1001
40402,TURCO,desnutricion global,nutricion normal (n),2005-11-01,25,17,13,17,38,34,72
21302,UMALA,desnutricion global,nutricion normal (n),2005-11-01,18,25,13,18,31,43,74
50201,UNCIA,desnutricion global,nutricion normal (n),2005-11-01,117,105,78,70,195,175,370
60401,URIONDO (A. CONCEPCION),desnutricion global,nutricion normal (n),2005-11-01,130,110,143,156,273,266,539
71502,URUBICHA,desnutricion global,nutricion normal (n),2005-11-01,1,0,2,0,3,0,3
51201,UYUNI,desnutricion global,nutricion normal (n),2005-11-01,337,304,239,267,576,571,1147
30502,VACAS,desnutricion global,nutricion normal (n),2005-11-01,92,90,47,68,139,158,297
70801,VALLEGRANDE,desnutricion global,nutricion normal (n),2005-11-01,131,116,93,89,224,205,429
20801,VIACHA,desnutricion global,nutricion normal (n),2005-11-01,206,188,105,81,311,269,580
31302,VILA VILA,desnutricion global,nutricion normal (n),2005-11-01,13,18,21,26,34,44,78
60303,VILLA MONTES,desnutricion global,nutricion normal (n),2005-11-01,203,194,139,161,342,355,697
90502,VILLA NUEVA (LOMA ALTA),desnutricion global,nutricion normal (n),2005-11-01,21,22,18,18,39,40,79
31402,VILLA RIVERO,desnutricion global,nutricion normal (n),2005-11-01,22,36,20,11,42,47,89
10801,VILLA SERRANO,desnutricion global,nutricion normal (n),2005-11-01,156,132,175,174,331,306,637
31003,VILLA TUNARI,desnutricion global,nutricion normal (n),2005-11-01,440,449,400,349,840,798,1638
11001,VILLA VACA GUZMAN (MUYUPAMPA),desnutricion global,nutricion normal (n),2005-11-01,134,145,220,230,354,375,729
51501,VILLAZON,desnutricion global,nutricion normal (n),2005-11-01,272,253,181,209,453,462,915
30904,VINTO,desnutricion global,nutricion normal (n),2005-11-01,133,46,87,26,220,72,292
50602,VITICHI,desnutricion global,nutricion normal (n),2005-11-01,62,60,61,68,123,128,251
20306,WALDO BALLIVIAN,desnutricion global,nutricion normal (n),2005-11-01,15,14,9,8,24,22,46
70201,WARNES,desnutricion global,nutricion normal (n),2005-11-01,546,515,369,358,915,873,1788
20903,YACO,desnutricion global,nutricion normal (n),2005-11-01,39,35,35,27,74,62,136
60301,YACUIBA,desnutricion global,nutricion normal (n),2005-11-01,247,271,177,135,424,406,830
10602,YAMPARAEZ,desnutricion global,nutricion normal (n),2005-11-01,109,121,190,169,299,290,589
21103,YANACACHI,desnutricion global,nutricion normal (n),2005-11-01,38,33,32,31,70,64,134
70403,YAPACANI,desnutricion global,nutricion normal (n),2005-11-01,374,385,204,189,578,574,1152
50103,YOCALLA,desnutricion global,nutricion normal (n),2005-11-01,22,12,20,14,42,26,68
10102,YOTALA,desnutricion global,nutricion normal (n),2005-11-01,94,84,102,129,196,213,409
60402,YUNCHARA,desnutricion global,nutricion normal (n),2005-11-01,34,41,54,59,88,100,188
10301,ZUDAÑEZ,desnutricion global,nutricion normal (n),2005-11-01,95,60,106,95,201,155,356
51302,ACACIO,desnutricion global,nutricion normal (n),2005-12-01,57,66,65,72,122,138,260
20201,ACHACACHI,desnutricion global,nutricion normal (n),2005-12-01,252,227,238,232,490,459,949
20104,ACHOCALLA,desnutricion global,nutricion normal (n),2005-12-01,39,38,12,6,51,44,95
30201,AIQUILE,desnutricion global,nutricion normal (n),2005-12-01,41,29,37,17,78,46,124
31303,ALALAY,desnutricion global,nutricion normal (n),2005-12-01,4,6,0,1,4,7,11
10404,ALCALA,desnutricion global,nutricion normal (n),2005-12-01,45,34,41,24,86,58,144
20202,ANCORAIMES,desnutricion global,nutricion normal (n),2005-12-01,48,32,16,21,64,53,117
41201,ANDAMARCA,desnutricion global,nutricion normal (n),2005-12-01,12,13,11,12,23,25,48
40603,ANTEQUERA,desnutricion global,nutricion normal (n),2005-12-01,13,10,9,4,22,14,36
30402,ANZALDO,desnutricion global,nutricion normal (n),2005-12-01,19,12,16,9,35,21,56
20701,APOLO,desnutricion global,nutricion normal (n),2005-12-01,97,101,78,99,175,200,375
51301,ARAMPAMPA,desnutricion global,nutricion normal (n),2005-12-01,58,47,61,73,119,120,239
30501,ARANI,desnutricion global,nutricion normal (n),2005-12-01,42,57,22,22,64,79,143
30403,ARBIETO,desnutricion global,nutricion normal (n),2005-12-01,32,17,10,12,42,29,71
30601,ARQUE,desnutricion global,nutricion normal (n),2005-12-01,69,62,58,34,127,96,223
50802,ATOCHA,desnutricion global,nutricion normal (n),2005-12-01,110,89,72,69,182,158,340
20503,AUCAPATA,desnutricion global,nutricion normal (n),2005-12-01,35,32,22,10,57,42,99
20502,AYATA,desnutricion global,nutricion normal (n),2005-12-01,54,73,51,42,105,115,220
21303,AYO AYO,desnutricion global,nutricion normal (n),2005-12-01,37,27,21,22,58,49,107
30301,AYOPAYA (V. DE INDEPENDENCIA),desnutricion global,nutricion normal (n),2005-12-01,163,157,105,84,268,241,509
10201,AZURDUY,desnutricion global,nutricion normal (n),2005-12-01,191,180,202,170,393,350,743
21203,BATALLAS,desnutricion global,nutricion normal (n),2005-12-01,80,67,26,34,106,101,207
80802,BAURES,desnutricion global,nutricion normal (n),2005-12-01,23,23,21,20,44,43,87
41202,BELEN DE ANDAMARCA,desnutricion global,nutricion normal (n),2005-12-01,7,4,4,3,11,7,18
50104,BELEN DE URMIRI,desnutricion global,nutricion normal (n),2005-12-01,15,13,12,6,27,19,46
90104,BELLA FLOR,desnutricion global,nutricion normal (n),2005-12-01,22,27,48,43,70,70,140
60202,BERMEJO,desnutricion global,nutricion normal (n),2005-12-01,27,38,31,25,58,63,121
50301,BETANZOS,desnutricion global,nutricion normal (n),2005-12-01,181,171,167,149,348,320,668
31501,BOLIVAR,desnutricion global,nutricion normal (n),2005-12-01,38,37,37,28,75,65,140
90103,BOLPEBRA,desnutricion global,nutricion normal (n),2005-12-01,0,4,9,7,9,11,20
70707,BOYUIBE,desnutricion global,nutricion normal (n),2005-12-01,20,13,22,15,42,28,70
70401,BUENA VISTA,desnutricion global,nutricion normal (n),2005-12-01,110,108,115,88,225,196,421
70703,CABEZAS,desnutricion global,nutricion normal (n),2005-12-01,44,43,31,18,75,61,136
20905,CAIROMA,desnutricion global,nutricion normal (n),2005-12-01,80,73,56,80,136,153,289
51102,"CAIZA ""D""",desnutricion global,nutricion normal (n),2005-12-01,45,36,36,49,81,85,166
21003,CAJUATA,desnutricion global,nutricion normal (n),2005-12-01,52,45,21,20,73,65,138
20303,CALACOTO,desnutricion global,nutricion normal (n),2005-12-01,40,30,28,34,68,64,132
21304,CALAMARCA,desnutricion global,nutricion normal (n),2005-12-01,90,100,66,59,156,159,315
10701,CAMARGO,desnutricion global,nutricion normal (n),2005-12-01,137,144,111,106,248,250,498
10901,CAMATAQUI (C. VILLA ABECIA),desnutricion global,nutricion normal (n),2005-12-01,29,21,30,29,59,50,109
70706,CAMIRI,desnutricion global,nutricion normal (n),2005-12-01,208,174,271,227,479,401,880
30701,CAPINOTA,desnutricion global,nutricion normal (n),2005-12-01,81,77,69,59,150,136,286
20302,CAQUIAVIRI,desnutricion global,nutricion normal (n),2005-12-01,47,59,27,14,74,73,147
40102,CARACOLLO,desnutricion global,nutricion normal (n),2005-12-01,44,70,49,62,93,132,225
22001,CARANAVI,desnutricion global,nutricion normal (n),2005-12-01,324,261,187,167,511,428,939
41503,CARANGAS,desnutricion global,nutricion normal (n),2005-12-01,1,1,5,4,6,5,11
60302,CARAPARI,desnutricion global,nutricion normal (n),2005-12-01,84,78,69,69,153,147,300
50702,CARIPUYO,desnutricion global,nutricion normal (n),2005-12-01,42,42,40,42,82,84,166
21902,CATACORA,desnutricion global,nutricion normal (n),2005-12-01,1,3,0,0,1,3,4
21803,CHACARILLA,desnutricion global,nutricion normal (n),2005-12-01,8,6,7,14,15,20,35
40201,CHALLAPATA,desnutricion global,nutricion normal (n),2005-12-01,117,106,81,54,198,160,358
50302,CHAQUI,desnutricion global,nutricion normal (n),2005-12-01,33,26,34,50,67,76,143
70702,CHARAGUA,desnutricion global,nutricion normal (n),2005-12-01,132,113,132,104,264,217,481
20305,CHARAÑA,desnutricion global,nutricion normal (n),2005-12-01,24,31,9,12,33,43,76
50202,CHAYANTA,desnutricion global,nutricion normal (n),2005-12-01,89,91,54,81,143,172,315
31204,CHIMORE,desnutricion global,nutricion normal (n),2005-12-01,60,47,35,27,95,74,169
40903,CHIPAYA,desnutricion global,nutricion normal (n),2005-12-01,13,2,6,1,19,3,22
40302,CHOQUE COTA,desnutricion global,nutricion normal (n),2005-12-01,4,4,0,3,4,7,11
21101,CHULUMANI (V. DE LA LIBERTAD),desnutricion global,nutricion normal (n),2005-12-01,37,45,14,18,51,63,114
20501,CHUMA,desnutricion global,nutricion normal (n),2005-12-01,36,40,26,40,62,80,142
30801,CLIZA,desnutricion global,nutricion normal (n),2005-12-01,62,77,42,23,104,100,204
90101,COBIJA,desnutricion global,nutricion normal (n),2005-12-01,251,187,112,117,363,304,667
30101,COCHABAMBA,desnutricion global,nutricion normal (n),2005-12-01,1547,1363,550,490,2097,1853,3950
40902,COIPASA,desnutricion global,nutricion normal (n),2005-12-01,3,0,2,2,5,2,7
30905,COLCAPIRHUA,desnutricion global,nutricion normal (n),2005-12-01,166,164,71,44,237,208,445
50901,"COLCHA ""K""",desnutricion global,nutricion normal (n),2005-12-01,91,75,87,92,178,167,345
21307,COLLANA,desnutricion global,nutricion normal (n),2005-12-01,11,10,10,5,21,15,36
31002,COLOMI,desnutricion global,nutricion normal (n),2005-12-01,84,80,71,62,155,142,297
70603,COLPA BELGICA,desnutricion global,nutricion normal (n),2005-12-01,44,42,25,35,69,77,146
50401,COLQUECHACA,desnutricion global,nutricion normal (n),2005-12-01,97,92,116,121,213,213,426
21306,COLQUENCHA,desnutricion global,nutricion normal (n),2005-12-01,33,45,21,17,54,62,116
21004,COLQUIRI,desnutricion global,nutricion normal (n),2005-12-01,132,115,83,91,215,206,421
20304,COMANCHE,desnutricion global,nutricion normal (n),2005-12-01,12,12,10,10,22,22,44
71301,COMARAPA,desnutricion global,nutricion normal (n),2005-12-01,64,69,40,43,104,112,216
20605,COMBAYA,desnutricion global,nutricion normal (n),2005-12-01,15,14,9,7,24,21,45
71101,CONCEPCION,desnutricion global,nutricion normal (n),2005-12-01,44,34,283,71,327,105,432
21701,COPACABANA,desnutricion global,nutricion normal (n),2005-12-01,30,39,13,6,43,45,88
21402,CORIPATA,desnutricion global,nutricion normal (n),2005-12-01,74,66,48,49,122,115,237
20301,CORO CORO,desnutricion global,nutricion normal (n),2005-12-01,46,51,26,23,72,74,146
21401,COROICO,desnutricion global,nutricion normal (n),2005-12-01,88,73,46,39,134,112,246
40301,CORQUE,desnutricion global,nutricion normal (n),2005-12-01,25,21,23,11,48,32,80
50601,COTAGAITA,desnutricion global,nutricion normal (n),2005-12-01,145,150,116,113,261,263,524
70102,COTOCA,desnutricion global,nutricion normal (n),2005-12-01,215,163,72,51,287,214,501
71106,CUATRO CAÑADAS,desnutricion global,nutricion normal (n),2005-12-01,41,37,39,45,80,82,162
31405,CUCHUMUELA (V. G. VILLARROEL),desnutricion global,nutricion normal (n),2005-12-01,4,2,1,1,5,3,8
70704,CUEVO,desnutricion global,nutricion normal (n),2005-12-01,17,24,25,25,42,49,91
10902,CULPINA,desnutricion global,nutricion normal (n),2005-12-01,207,182,167,161,374,343,717
40401,CURAHUARA DE CARANGAS,desnutricion global,nutricion normal (n),2005-12-01,14,20,25,20,39,40,79
21602,CURVA,desnutricion global,nutricion normal (n),2005-12-01,19,20,42,25,61,45,106
20804,DESAGUADERO,desnutricion global,nutricion normal (n),2005-12-01,15,13,21,8,36,21,57
20105,EL ALTO,desnutricion global,nutricion normal (n),2005-12-01,2745,2569,1129,1128,3874,3697,7571
40103,EL CHORO,desnutricion global,nutricion normal (n),2005-12-01,10,14,6,6,16,20,36
60502,EL PUENTE(TJA),desnutricion global,nutricion normal (n),2005-12-01,31,45,77,70,108,115,223
70105,EL TORNO,desnutricion global,nutricion normal (n),2005-12-01,146,171,61,56,207,227,434
10405,EL VILLAR,desnutricion global,nutricion normal (n),2005-12-01,67,60,86,53,153,113,266
60601,ENTRE RIOS,desnutricion global,nutricion normal (n),2005-12-01,139,104,106,91,245,195,440
60601,ENTRE RIOS,desnutricion global,nutricion normal (n),2005-12-01,128,112,124,73,252,185,437
40502,ESCARA,desnutricion global,nutricion normal (n),2005-12-01,1,0,1,0,2,0,2
41101,EUCALIPTUS,desnutricion global,nutricion normal (n),2005-12-01,24,22,23,18,47,40,87
90503,EUREKA (SANTOS MERCADO),desnutricion global,nutricion normal (n),2005-12-01,11,13,11,11,22,24,46
80402,EXALTACION,desnutricion global,nutricion normal (n),2005-12-01,9,9,8,11,17,20,37
71004,FERNANDEZ ALONSO,desnutricion global,nutricion normal (n),2005-12-01,104,96,99,95,203,191,394
90203,FILADELFIA,desnutricion global,nutricion normal (n),2005-12-01,31,56,44,40,75,96,171
71002,GENERAL SAAVEDRA,desnutricion global,nutricion normal (n),2005-12-01,148,113,157,164,305,277,582
21601,GRAL. J.J. PEREZ (CHARAZANI),desnutricion global,nutricion normal (n),2005-12-01,37,37,29,28,66,65,131
20602,GUANAY,desnutricion global,nutricion normal (n),2005-12-01,80,71,66,26,146,97,243
20802,GUAQUI,desnutricion global,nutricion normal (n),2005-12-01,20,13,18,5,38,18,56
80202,GUAYARAMERIN,desnutricion global,nutricion normal (n),2005-12-01,208,202,103,100,311,302,613
70705,GUTIERREZ,desnutricion global,nutricion normal (n),2005-12-01,98,134,145,134,243,268,511
10502,HUACARETA,desnutricion global,nutricion normal (n),2005-12-01,89,76,91,82,180,158,338
11002,HUACAYA (VILLA DE HUACAYA),desnutricion global,nutricion normal (n),2005-12-01,31,38,40,47,71,85,156
40501,HUACHACALLA,desnutricion global,nutricion normal (n),2005-12-01,5,7,4,2,9,9,18
40701,HUANUNI,desnutricion global,nutricion normal (n),2005-12-01,136,128,63,41,199,169,368
80803,HUARACAJE,desnutricion global,nutricion normal (n),2005-12-01,22,21,22,17,44,38,82
41601,HUAYLLAMARCA,desnutricion global,nutricion normal (n),2005-12-01,26,27,20,20,46,47,93
21005,ICHOCA,desnutricion global,nutricion normal (n),2005-12-01,10,6,5,4,15,10,25
10304,ICLA,desnutricion global,nutricion normal (n),2005-12-01,90,118,159,120,249,238,487
10703,INCAHUASI,desnutricion global,nutricion normal (n),2005-12-01,166,174,128,129,294,303,597
90402,INGAVI (HUMAITA),desnutricion global,nutricion normal (n),2005-12-01,11,1,10,5,21,6,27
21001,INQUISIVI,desnutricion global,nutricion normal (n),2005-12-01,100,103,73,76,173,179,352
21102,IRUPANA (VILLA DE LANZA),desnutricion global,nutricion normal (n),2005-12-01,97,85,77,63,174,148,322
21501,IXIAMAS,desnutricion global,nutricion normal (n),2005-12-01,81,54,63,46,144,100,244
20806,JESUS DE MACHACA,desnutricion global,nutricion normal (n),2005-12-01,41,47,33,31,74,78,152
21105,LA ASUNTA,desnutricion global,nutricion normal (n),2005-12-01,96,84,52,27,148,111,259
70104,LA GUARDIA,desnutricion global,nutricion normal (n),2005-12-01,195,202,125,107,320,309,629
20101,LA PAZ,desnutricion global,nutricion normal (n),2005-12-01,2315,2213,1018,1086,3333,3299,6632
41501,LA RIVERA,desnutricion global,nutricion normal (n),2005-12-01,0,4,1,2,1,6,7
70701,LAGUNILLAS,desnutricion global,nutricion normal (n),2005-12-01,48,55,64,67,112,122,234
21202,LAJA,desnutricion global,nutricion normal (n),2005-12-01,114,92,34,48,148,140,288
10903,LAS CARRERAS,desnutricion global,nutricion normal (n),2005-12-01,43,55,53,53,96,108,204
21006,LICOMA PAMPA,desnutricion global,nutricion normal (n),2005-12-01,9,8,14,12,23,20,43
50203,LLALLAGUA,desnutricion global,nutricion normal (n),2005-12-01,173,166,124,142,297,308,605
51401,LLICA,desnutricion global,nutricion normal (n),2005-12-01,27,17,22,23,49,40,89
80601,LORETO,desnutricion global,nutricion normal (n),2005-12-01,24,28,30,28,54,56,110
20901,LURIBAY,desnutricion global,nutricion normal (n),2005-12-01,100,79,106,105,206,184,390
40702,MACHACAMARCA,desnutricion global,nutricion normal (n),2005-12-01,7,8,4,6,11,14,25
11003,MACHARETI,desnutricion global,nutricion normal (n),2005-12-01,80,87,117,122,197,209,406
80801,MAGDALENA,desnutricion global,nutricion normal (n),2005-12-01,15,17,8,22,23,39,62
70903,MAIRANA,desnutricion global,nutricion normal (n),2005-12-01,53,73,29,18,82,91,173
20904,MALLA,desnutricion global,nutricion normal (n),2005-12-01,12,9,30,17,42,26,68
20607,MAPIRI,desnutricion global,nutricion normal (n),2005-12-01,130,114,50,31,180,145,325
20103,MECAPACA,desnutricion global,nutricion normal (n),2005-12-01,49,38,29,34,78,72,150
71003,MINEROS,desnutricion global,nutricion normal (n),2005-12-01,122,122,102,113,224,235,459
31301,MIZQUE,desnutricion global,nutricion normal (n),2005-12-01,84,67,53,53,137,120,257
20402,MOCOMOCO,desnutricion global,nutricion normal (n),2005-12-01,45,42,59,31,104,73,177
51002,MOJINETE,desnutricion global,nutricion normal (n),2005-12-01,5,6,2,3,7,9,16
10303,MOJOCOYA,desnutricion global,nutricion normal (n),2005-12-01,78,58,119,94,197,152,349
10501,MONTEAGUDO,desnutricion global,nutricion normal (n),2005-12-01,203,184,237,157,440,341,781
71001,MONTERO,desnutricion global,nutricion normal (n),2005-12-01,909,803,598,524,1507,1327,2834
70803,MORO MORO,desnutricion global,nutricion normal (n),2005-12-01,21,11,19,8,40,19,59
30302,MOROCHATA,desnutricion global,nutricion normal (n),2005-12-01,109,100,104,103,213,203,416
90401,NACEBE (SANTA ROSA DEL ABUNA),desnutricion global,nutricion normal (n),2005-12-01,22,17,21,12,43,29,72
20307,NAZACARA DE PACAJES,desnutricion global,nutricion normal (n),2005-12-01,4,3,8,3,12,6,18
90501,NUEVO MANOA (NUEVA ESPERANZA),desnutricion global,nutricion normal (n),2005-12-01,33,15,22,16,55,31,86
50404,OCURI,desnutricion global,nutricion normal (n),2005-12-01,82,86,117,96,199,182,381
70202,OKINAWA,desnutricion global,nutricion normal (n),2005-12-01,99,109,91,76,190,185,375
30203,OMEREQUE,desnutricion global,nutricion normal (n),2005-12-01,21,28,29,25,50,53,103
40101,ORURO,desnutricion global,nutricion normal (n),2005-12-01,869,824,463,429,1332,1253,2585
60201,PADCAYA,desnutricion global,nutricion normal (n),2005-12-01,87,102,91,85,178,187,365
10401,PADILLA,desnutricion global,nutricion normal (n),2005-12-01,133,136,175,188,308,324,632
20102,PALCA,desnutricion global,nutricion normal (n),2005-12-01,88,63,24,18,112,81,193
21104,PALOS BLANCOS,desnutricion global,nutricion normal (n),2005-12-01,188,146,90,109,278,255,533
40802,PAMPA AULLAGAS,desnutricion global,nutricion normal (n),2005-12-01,13,17,6,17,19,34,53
70902,PAMPA GRANDE,desnutricion global,nutricion normal (n),2005-12-01,48,50,31,37,79,87,166
21802,PAPEL PAMPA,desnutricion global,nutricion normal (n),2005-12-01,12,10,12,8,24,18,42
30202,PASORAPA,desnutricion global,nutricion normal (n),2005-12-01,21,16,46,31,67,47,114
21305,PATACAMAYA,desnutricion global,nutricion normal (n),2005-12-01,72,112,26,30,98,142,240
40602,PAZÑA,desnutricion global,nutricion normal (n),2005-12-01,29,36,25,26,54,62,116
20702,PELECHUCO,desnutricion global,nutricion normal (n),2005-12-01,16,21,12,18,28,39,67
50403,POCOATA,desnutricion global,nutricion normal (n),2005-12-01,82,88,121,108,203,196,399
31203,POCONA,desnutricion global,nutricion normal (n),2005-12-01,90,71,33,40,123,111,234
31202,POJO (CBBA),desnutricion global,nutricion normal (n),2005-12-01,50,64,26,35,76,99,175
40601,POOPO,desnutricion global,nutricion normal (n),2005-12-01,18,22,13,13,31,35,66
51203,PORCO,desnutricion global,nutricion normal (n),2005-12-01,73,54,22,30,95,84,179
10103,POROMA,desnutricion global,nutricion normal (n),2005-12-01,117,95,106,87,223,182,405
70103,PORONGO,desnutricion global,nutricion normal (n),2005-12-01,27,9,17,13,44,22,66
70601,PORTACHUELO,desnutricion global,nutricion normal (n),2005-12-01,126,100,122,123,248,223,471
90102,PORVENIR,desnutricion global,nutricion normal (n),2005-12-01,32,43,25,27,57,70,127
70804,POSTRER VALLE,desnutricion global,nutricion normal (n),2005-12-01,8,11,6,9,14,20,34
50101,POTOSI,desnutricion global,nutricion normal (n),2005-12-01,786,562,259,209,1045,771,1816
10302,PRESTO,desnutricion global,nutricion normal (n),2005-12-01,51,71,100,102,151,173,324
70805,PUCARA,desnutricion global,nutricion normal (n),2005-12-01,15,14,21,16,36,30,66
21201,PUCARANI,desnutricion global,nutricion normal (n),2005-12-01,144,135,69,76,213,211,424
20401,PUERTO ACOSTA,desnutricion global,nutricion normal (n),2005-12-01,79,63,66,84,145,147,292
20403,PUERTO CARABUCO,desnutricion global,nutricion normal (n),2005-12-01,96,51,65,62,161,113,274
90301,PUERTO GONZALO MORENO,desnutricion global,nutricion normal (n),2005-12-01,43,16,37,47,80,63,143
21204,PUERTO PEREZ,desnutricion global,nutricion normal (n),2005-12-01,40,34,67,59,107,93,200
90201,PUERTO RICO,desnutricion global,nutricion normal (n),2005-12-01,31,27,14,19,45,46,91
31205,PUERTO VILLARROEL,desnutricion global,nutricion normal (n),2005-12-01,217,138,139,106,356,244,600
51101,PUNA,desnutricion global,nutricion normal (n),2005-12-01,114,104,104,110,218,214,432
31401,PUNATA,desnutricion global,nutricion normal (n),2005-12-01,230,261,98,107,328,368,696
20604,QUIABAYA,desnutricion global,nutricion normal (n),2005-12-01,4,6,7,8,11,14,25
30901,QUILLACOLLO,desnutricion global,nutricion normal (n),2005-12-01,571,601,201,209,772,810,1582
21002,QUIME,desnutricion global,nutricion normal (n),2005-12-01,44,53,40,45,84,98,182
70904,QUIRUSILLAS,desnutricion global,nutricion normal (n),2005-12-01,4,4,1,3,5,7,12
50402,RAVELO,desnutricion global,nutricion normal (n),2005-12-01,164,157,166,167,330,324,654
80301,REYES,desnutricion global,nutricion normal (n),2005-12-01,53,63,55,52,108,115,223
80201,RIBERALTA,desnutricion global,nutricion normal (n),2005-12-01,742,625,316,266,1058,891,1949
80304,RURRENABAQUE,desnutricion global,nutricion normal (n),2005-12-01,85,84,53,36,138,120,258
40901,SABAYA,desnutricion global,nutricion normal (n),2005-12-01,23,12,24,30,47,42,89
31001,SACABA,desnutricion global,nutricion normal (n),2005-12-01,519,457,173,178,692,635,1327
30404,SACABAMBA,desnutricion global,nutricion normal (n),2005-12-01,14,19,9,4,23,23,46
50701,SACACA,desnutricion global,nutricion normal (n),2005-12-01,102,83,116,106,218,189,407
71302,SAIPINA,desnutricion global,nutricion normal (n),2005-12-01,16,18,31,24,47,42,89
40801,SALINAS DE GARCI MENDOZA,desnutricion global,nutricion normal (n),2005-12-01,35,50,50,28,85,78,163
70901,SAMAIPATA,desnutricion global,nutricion normal (n),2005-12-01,73,38,33,32,106,70,176
51601,SAN AGUSTIN,desnutricion global,nutricion normal (n),2005-12-01,20,14,24,26,44,40,84
80602,SAN ANDRES,desnutricion global,nutricion normal (n),2005-12-01,52,58,45,47,97,105,202
20805,SAN ANDRES DE MACHACA,desnutricion global,nutricion normal (n),2005-12-01,14,12,8,7,22,19,41
51003,SAN ANTONIO DE ESMORUCO,desnutricion global,nutricion normal (n),2005-12-01,1,4,4,4,5,8,13
71105,SAN ANTONIO DE LOMERIO,desnutricion global,nutricion normal (n),2005-12-01,43,37,44,50,87,87,174
31403,SAN BENITO,desnutricion global,nutricion normal (n),2005-12-01,85,85,42,70,127,155,282
80302,SAN BORJA,desnutricion global,nutricion normal (n),2005-12-01,315,340,144,105,459,445,904
21502,SAN BUENA VENTURA,desnutricion global,nutricion normal (n),2005-12-01,52,50,53,43,105,93,198
70402,SAN CARLOS,desnutricion global,nutricion normal (n),2005-12-01,134,146,70,64,204,210,414
80501,SAN IGNACIO,desnutricion global,nutricion normal (n),2005-12-01,123,106,62,65,185,171,356
70301,SAN IGNACIO DE VELASCO,desnutricion global,nutricion normal (n),2005-12-01,363,353,278,241,641,594,1235
80102,SAN JAVIER(BNI),desnutricion global,nutricion normal (n),2005-12-01,14,33,14,21,28,54,82
71102,SAN JAVIER(STC),desnutricion global,nutricion normal (n),2005-12-01,5,6,1,0,6,6,12
80701,SAN JOAQUIN,desnutricion global,nutricion normal (n),2005-12-01,11,6,22,42,33,48,81
70404,SAN JUAN DE YAPACANI,desnutricion global,nutricion normal (n),2005-12-01,94,69,43,50,137,119,256
71104,SAN JULIAN,desnutricion global,nutricion normal (n),2005-12-01,109,81,104,97,213,178,391
90302,SAN LORENZO(PND),desnutricion global,nutricion normal (n),2005-12-01,44,41,47,44,91,85,176
60501,SAN LORENZO(TJA),desnutricion global,nutricion normal (n),2005-12-01,70,96,75,68,145,164,309
10702,SAN LUCAS,desnutricion global,nutricion normal (n),2005-12-01,282,266,266,248,548,514,1062
70302,SAN MIGUEL DE VELASCO,desnutricion global,nutricion normal (n),2005-12-01,61,60,85,72,146,132,278
51001,SAN PABLO DE LIPEZ,desnutricion global,nutricion normal (n),2005-12-01,18,19,21,21,39,40,79
71005,SAN PEDRO,desnutricion global,nutricion normal (n),2005-12-01,118,104,93,90,211,194,405
50501,SAN PEDRO DE BUENA VISTA,desnutricion global,nutricion normal (n),2005-12-01,81,87,100,67,181,154,335
21801,SAN PEDRO DE CURAHUARA,desnutricion global,nutricion normal (n),2005-12-01,41,38,17,12,58,50,108
50902,SAN PEDRO DE QUEMES,desnutricion global,nutricion normal (n),2005-12-01,2,5,9,9,11,14,25
21702,SAN PEDRO DE TIQUINA,desnutricion global,nutricion normal (n),2005-12-01,22,16,18,20,40,36,76
90202,SAN PEDRO(PND),desnutricion global,nutricion normal (n),2005-12-01,24,25,39,39,63,64,127
70303,SAN RAFAEL,desnutricion global,nutricion normal (n),2005-12-01,27,19,18,18,45,37,82
80702,SAN RAMON,desnutricion global,nutricion normal (n),2005-12-01,22,20,23,9,45,29,74
80702,SAN RAMON,desnutricion global,nutricion normal (n),2005-12-01,39,28,21,9,60,37,97
80401,SANTA ANA,desnutricion global,nutricion normal (n),2005-12-01,85,86,56,45,141,131,272
70101,SANTA CRUZ DE LA SIERRA,desnutricion global,nutricion normal (n),2005-12-01,4182,3715,2026,2010,6208,5725,11933
80303,SANTA ROSA,desnutricion global,nutricion normal (n),2005-12-01,43,47,26,39,69,86,155
70602,SANTA ROSA DEL SARA,desnutricion global,nutricion normal (n),2005-12-01,67,85,67,57,134,142,276
20308,SANTIAGO DE CALLAPA,desnutricion global,nutricion normal (n),2005-12-01,8,10,13,18,21,28,49
41401,SANTIAGO DE HUARI,desnutricion global,nutricion normal (n),2005-12-01,38,32,31,27,69,59,128
21901,SANTIAGO DE MACHACA,desnutricion global,nutricion normal (n),2005-12-01,21,28,36,16,57,44,101
30702,SANTIVAÑES,desnutricion global,nutricion normal (n),2005-12-01,52,40,48,25,100,65,165
40202,SANTUARIO DE QUILLACAS,desnutricion global,nutricion normal (n),2005-12-01,6,6,10,12,16,18,34
20902,SAPAHAQUI,desnutricion global,nutricion normal (n),2005-12-01,52,46,55,46,107,92,199
90303,SENA,desnutricion global,nutricion normal (n),2005-12-01,36,18,15,19,51,37,88
21301,SICA SICA (VILLA AROMA),desnutricion global,nutricion normal (n),2005-12-01,52,50,36,38,88,88,176
30703,SICAYA,desnutricion global,nutricion normal (n),2005-12-01,15,8,6,1,21,9,30
30902,SIPE SIPE,desnutricion global,nutricion normal (n),2005-12-01,175,158,71,60,246,218,464
10403,SOPACHUY,desnutricion global,nutricion normal (n),2005-12-01,38,27,37,39,75,66,141
40104,SORACACHI,desnutricion global,nutricion normal (n),2005-12-01,39,32,38,46,77,78,155
20601,SORATA,desnutricion global,nutricion normal (n),2005-12-01,80,87,73,76,153,163,316
10101,SUCRE,desnutricion global,nutricion normal (n),2005-12-01,777,723,495,536,1272,1259,2531
31404,TACACHI,desnutricion global,nutricion normal (n),2005-12-01,7,6,5,1,12,7,19
20603,TACACOMA,desnutricion global,nutricion normal (n),2005-12-01,13,15,7,11,20,26,46
50303,TACOBAMBA,desnutricion global,nutricion normal (n),2005-12-01,45,49,33,30,78,79,157
30602,TACOPAYA,desnutricion global,nutricion normal (n),2005-12-01,122,79,95,103,217,182,399
51402,TAHUA,desnutricion global,nutricion normal (n),2005-12-01,10,11,11,18,21,29,50
31101,TAPACARI,desnutricion global,nutricion normal (n),2005-12-01,95,108,48,45,143,153,296
10601,TARABUCO,desnutricion global,nutricion normal (n),2005-12-01,228,207,294,312,522,519,1041
20807,TARACO,desnutricion global,nutricion normal (n),2005-12-01,34,25,23,38,57,63,120
30401,TARATA,desnutricion global,nutricion normal (n),2005-12-01,35,22,8,6,43,28,71
60101,TARIJA,desnutricion global,nutricion normal (n),2005-12-01,872,755,415,417,1287,1172,2459
10202,TARVITA,desnutricion global,nutricion normal (n),2005-12-01,46,59,72,79,118,138,256
20608,TEOPONTE,desnutricion global,nutricion normal (n),2005-12-01,34,48,27,33,61,81,142
20803,TIAWANACU,desnutricion global,nutricion normal (n),2005-12-01,31,45,23,18,54,63,117
50102,TINGUIPAYA,desnutricion global,nutricion normal (n),2005-12-01,70,78,100,73,170,151,321
20606,TIPUANI,desnutricion global,nutricion normal (n),2005-12-01,57,66,18,20,75,86,161
30903,TIQUIPAYA,desnutricion global,nutricion normal (n),2005-12-01,216,177,78,107,294,284,578
31601,TIRAQUE (CBBA),desnutricion global,nutricion normal (n),2005-12-01,259,199,131,137,390,336,726
21703,TITO YUPANQUI (PARQUIPUJIO),desnutricion global,nutricion normal (n),2005-12-01,7,8,7,9,14,17,31
30802,TOCO,desnutricion global,nutricion normal (n),2005-12-01,5,4,5,4,10,8,18
41502,TODOS SANTOS,desnutricion global,nutricion normal (n),2005-12-01,3,1,2,2,5,3,8
30803,TOLATA,desnutricion global,nutricion normal (n),2005-12-01,18,18,2,5,20,23,43
41001,TOLEDO,desnutricion global,nutricion normal (n),2005-12-01,34,23,22,31,56,54,110
51202,TOMAVE,desnutricion global,nutricion normal (n),2005-12-01,93,54,81,45,174,99,273
10402,TOMINA,desnutricion global,nutricion normal (n),2005-12-01,114,105,102,130,216,235,451
50502,TORO TORO,desnutricion global,nutricion normal (n),2005-12-01,104,116,108,101,212,217,429
31201,TOTORA(CBBA),desnutricion global,nutricion normal (n),2005-12-01,52,40,31,18,83,58,141
41301,TOTORA(ORR),desnutricion global,nutricion normal (n),2005-12-01,23,29,11,10,34,39,73
70802,TRIGAL,desnutricion global,nutricion normal (n),2005-12-01,16,15,12,12,28,27,55
80101,TRINIDAD,desnutricion global,nutricion normal (n),2005-12-01,497,376,288,228,785,604,1389
50801,TUPIZA,desnutricion global,nutricion normal (n),2005-12-01,249,242,247,248,496,490,986
40402,TURCO,desnutricion global,nutricion normal (n),2005-12-01,8,2,9,6,17,8,25
21302,UMALA,desnutricion global,nutricion normal (n),2005-12-01,20,15,31,27,51,42,93
50201,UNCIA,desnutricion global,nutricion normal (n),2005-12-01,107,92,77,64,184,156,340
60401,URIONDO (A. CONCEPCION),desnutricion global,nutricion normal (n),2005-12-01,115,83,89,71,204,154,358
51201,UYUNI,desnutricion global,nutricion normal (n),2005-12-01,187,139,131,121,318,260,578
30502,VACAS,desnutricion global,nutricion normal (n),2005-12-01,40,56,34,29,74,85,159
70801,VALLEGRANDE,desnutricion global,nutricion normal (n),2005-12-01,105,89,71,68,176,157,333
20801,VIACHA,desnutricion global,nutricion normal (n),2005-12-01,184,163,62,87,246,250,496
31302,VILA VILA,desnutricion global,nutricion normal (n),2005-12-01,8,12,6,4,14,16,30
60303,VILLA MONTES,desnutricion global,nutricion normal (n),2005-12-01,121,139,105,119,226,258,484
90502,VILLA NUEVA (LOMA ALTA),desnutricion global,nutricion normal (n),2005-12-01,7,3,3,2,10,5,15
31402,VILLA RIVERO,desnutricion global,nutricion normal (n),2005-12-01,23,28,13,14,36,42,78
10801,VILLA SERRANO,desnutricion global,nutricion normal (n),2005-12-01,135,134,171,187,306,321,627
31003,VILLA TUNARI,desnutricion global,nutricion normal (n),2005-12-01,394,362,297,264,691,626,1317
11001,VILLA VACA GUZMAN (MUYUPAMPA),desnutricion global,nutricion normal (n),2005-12-01,91,112,145,141,236,253,489
51501,VILLAZON,desnutricion global,nutricion normal (n),2005-12-01,210,176,145,168,355,344,699
30904,VINTO,desnutricion global,nutricion normal (n),2005-12-01,138,130,34,20,172,150,322
50602,VITICHI,desnutricion global,nutricion normal (n),2005-12-01,23,54,33,48,56,102,158
20306,WALDO BALLIVIAN,desnutricion global,nutricion normal (n),2005-12-01,5,5,1,4,6,9,15
70201,WARNES,desnutricion global,nutricion normal (n),2005-12-01,361,312,222,211,583,523,1106
20903,YACO,desnutricion global,nutricion normal (n),2005-12-01,18,23,10,10,28,33,61
60301,YACUIBA,desnutricion global,nutricion normal (n),2005-12-01,292,283,182,160,474,443,917
10602,YAMPARAEZ,desnutricion global,nutricion normal (n),2005-12-01,96,93,169,157,265,250,515
21103,YANACACHI,desnutricion global,nutricion normal (n),2005-12-01,23,24,18,19,41,43,84
70403,YAPACANI,desnutricion global,nutricion normal (n),2005-12-01,316,300,171,159,487,459,946
50103,YOCALLA,desnutricion global,nutricion normal (n),2005-12-01,21,17,20,13,41,30,71
10102,YOTALA,desnutricion global,nutricion normal (n),2005-12-01,59,62,88,96,147,158,305
60402,YUNCHARA,desnutricion global,nutricion normal (n),2005-12-01,30,39,58,61,88,100,188
10301,ZUDAÑEZ,desnutricion global,nutricion normal (n),2005-12-01,86,53,85,83,171,136,307
51302,ACACIO,desnutricion global,nutricion normal (n),2006-01-01,42,55,45,40,87,95,182
20201,ACHACACHI,desnutricion global,nutricion normal (n),2006-01-01,312,335,368,360,680,695,1375
20104,ACHOCALLA,desnutricion global,nutricion normal (n),2006-01-01,34,34,18,19,52,53,105
30201,AIQUILE,desnutricion global,nutricion normal (n),2006-01-01,52,43,38,27,90,70,160
31303,ALALAY,desnutricion global,nutricion normal (n),2006-01-01,2,2,1,1,3,3,6
10404,ALCALA,desnutricion global,nutricion normal (n),2006-01-01,38,28,35,36,73,64,137
20202,ANCORAIMES,desnutricion global,nutricion normal (n),2006-01-01,79,87,130,124,209,211,420
41201,ANDAMARCA,desnutricion global,nutricion normal (n),2006-01-01,3,3,2,2,5,5,10
30402,ANZALDO,desnutricion global,nutricion normal (n),2006-01-01,5,17,8,8,13,25,38
20701,APOLO,desnutricion global,nutricion normal (n),2006-01-01,45,45,43,32,88,77,165
51301,ARAMPAMPA,desnutricion global,nutricion normal (n),2006-01-01,32,33,32,41,64,74,138
30501,ARANI,desnutricion global,nutricion normal (n),2006-01-01,5,7,3,1,8,8,16
30403,ARBIETO,desnutricion global,nutricion normal (n),2006-01-01,20,13,6,9,26,22,48
30601,ARQUE,desnutricion global,nutricion normal (n),2006-01-01,42,36,28,25,70,61,131
50802,ATOCHA,desnutricion global,nutricion normal (n),2006-01-01,65,74,67,64,132,138,270
20503,AUCAPATA,desnutricion global,nutricion normal (n),2006-01-01,15,27,15,15,30,42,72
20502,AYATA,desnutricion global,nutricion normal (n),2006-01-01,76,48,53,57,129,105,234
21303,AYO AYO,desnutricion global,nutricion normal (n),2006-01-01,23,31,10,5,33,36,69
30301,AYOPAYA (V. DE INDEPENDENCIA),desnutricion global,nutricion normal (n),2006-01-01,134,141,98,98,232,239,471
10201,AZURDUY,desnutricion global,nutricion normal (n),2006-01-01,198,170,191,149,389,319,708
21203,BATALLAS,desnutricion global,nutricion normal (n),2006-01-01,88,71,26,31,114,102,216
80802,BAURES,desnutricion global,nutricion normal (n),2006-01-01,22,28,15,21,37,49,86
41202,BELEN DE ANDAMARCA,desnutricion global,nutricion normal (n),2006-01-01,3,4,1,4,4,8,12
50104,BELEN DE URMIRI,desnutricion global,nutricion normal (n),2006-01-01,9,2,9,5,18,7,25
90104,BELLA FLOR,desnutricion global,nutricion normal (n),2006-01-01,27,30,31,33,58,63,121
60202,BERMEJO,desnutricion global,nutricion normal (n),2006-01-01,16,28,24,19,40,47,87
50301,BETANZOS,desnutricion global,nutricion normal (n),2006-01-01,192,172,198,186,390,358,748
31501,BOLIVAR,desnutricion global,nutricion normal (n),2006-01-01,37,44,43,45,80,89,169
90103,BOLPEBRA,desnutricion global,nutricion normal (n),2006-01-01,15,16,20,12,35,28,63
70707,BOYUIBE,desnutricion global,nutricion normal (n),2006-01-01,29,20,27,44,56,64,120
70401,BUENA VISTA,desnutricion global,nutricion normal (n),2006-01-01,141,153,133,131,274,284,558
70703,CABEZAS,desnutricion global,nutricion normal (n),2006-01-01,93,76,63,51,156,127,283
20905,CAIROMA,desnutricion global,nutricion normal (n),2006-01-01,77,84,54,80,131,164,295
51102,"CAIZA ""D""",desnutricion global,nutricion normal (n),2006-01-01,45,54,37,44,82,98,180
21003,CAJUATA,desnutricion global,nutricion normal (n),2006-01-01,74,71,45,40,119,111,230
20303,CALACOTO,desnutricion global,nutricion normal (n),2006-01-01,29,25,22,21,51,46,97
21304,CALAMARCA,desnutricion global,nutricion normal (n),2006-01-01,89,129,80,56,169,185,354
10701,CAMARGO,desnutricion global,nutricion normal (n),2006-01-01,140,158,112,82,252,240,492
10901,CAMATAQUI (C. VILLA ABECIA),desnutricion global,nutricion normal (n),2006-01-01,30,23,29,14,59,37,96
70706,CAMIRI,desnutricion global,nutricion normal (n),2006-01-01,203,187,152,142,355,329,684
30701,CAPINOTA,desnutricion global,nutricion normal (n),2006-01-01,98,90,71,54,169,144,313
20302,CAQUIAVIRI,desnutricion global,nutricion normal (n),2006-01-01,21,40,22,16,43,56,99
40102,CARACOLLO,desnutricion global,nutricion normal (n),2006-01-01,40,56,17,24,57,80,137
22001,CARANAVI,desnutricion global,nutricion normal (n),2006-01-01,307,279,152,146,459,425,884
41503,CARANGAS,desnutricion global,nutricion normal (n),2006-01-01,4,2,0,1,4,3,7
60302,CARAPARI,desnutricion global,nutricion normal (n),2006-01-01,71,75,52,55,123,130,253
50702,CARIPUYO,desnutricion global,nutricion normal (n),2006-01-01,62,61,83,68,145,129,274
71403,CARMEN RIVERO TORREZ,desnutricion global,nutricion normal (n),2006-01-01,24,12,18,12,42,24,66
21902,CATACORA,desnutricion global,nutricion normal (n),2006-01-01,1,0,2,0,3,0,3
21803,CHACARILLA,desnutricion global,nutricion normal (n),2006-01-01,7,3,2,6,9,9,18
40201,CHALLAPATA,desnutricion global,nutricion normal (n),2006-01-01,88,91,56,63,144,154,298
50302,CHAQUI,desnutricion global,nutricion normal (n),2006-01-01,40,26,29,25,69,51,120
70702,CHARAGUA,desnutricion global,nutricion normal (n),2006-01-01,171,181,144,184,315,365,680
20305,CHARAÑA,desnutricion global,nutricion normal (n),2006-01-01,16,6,6,12,22,18,40
50202,CHAYANTA,desnutricion global,nutricion normal (n),2006-01-01,66,53,46,40,112,93,205
31204,CHIMORE,desnutricion global,nutricion normal (n),2006-01-01,36,29,20,11,56,40,96
40903,CHIPAYA,desnutricion global,nutricion normal (n),2006-01-01,11,8,5,4,16,12,28
40302,CHOQUE COTA,desnutricion global,nutricion normal (n),2006-01-01,5,6,4,5,9,11,20
21101,CHULUMANI (V. DE LA LIBERTAD),desnutricion global,nutricion normal (n),2006-01-01,49,46,18,18,67,64,131
20501,CHUMA,desnutricion global,nutricion normal (n),2006-01-01,42,34,30,28,72,62,134
30801,CLIZA,desnutricion global,nutricion normal (n),2006-01-01,78,77,42,32,120,109,229
90101,COBIJA,desnutricion global,nutricion normal (n),2006-01-01,219,197,146,132,365,329,694
30101,COCHABAMBA,desnutricion global,nutricion normal (n),2006-01-01,1523,1312,656,614,2179,1926,4105
30905,COLCAPIRHUA,desnutricion global,nutricion normal (n),2006-01-01,131,158,87,76,218,234,452
50901,"COLCHA ""K""",desnutricion global,nutricion normal (n),2006-01-01,44,43,35,38,79,81,160
21307,COLLANA,desnutricion global,nutricion normal (n),2006-01-01,8,7,9,3,17,10,27
31002,COLOMI,desnutricion global,nutricion normal (n),2006-01-01,117,91,53,56,170,147,317
70603,COLPA BELGICA,desnutricion global,nutricion normal (n),2006-01-01,32,25,25,21,57,46,103
50401,COLQUECHACA,desnutricion global,nutricion normal (n),2006-01-01,131,85,104,98,235,183,418
21306,COLQUENCHA,desnutricion global,nutricion normal (n),2006-01-01,35,44,39,28,74,72,146
21004,COLQUIRI,desnutricion global,nutricion normal (n),2006-01-01,127,105,87,83,214,188,402
20304,COMANCHE,desnutricion global,nutricion normal (n),2006-01-01,8,11,1,3,9,14,23
71301,COMARAPA,desnutricion global,nutricion normal (n),2006-01-01,82,88,55,53,137,141,278
20605,COMBAYA,desnutricion global,nutricion normal (n),2006-01-01,2,3,5,3,7,6,13
71101,CONCEPCION,desnutricion global,nutricion normal (n),2006-01-01,74,67,41,25,115,92,207
21701,COPACABANA,desnutricion global,nutricion normal (n),2006-01-01,64,67,45,40,109,107,216
21402,CORIPATA,desnutricion global,nutricion normal (n),2006-01-01,81,57,47,36,128,93,221
20301,CORO CORO,desnutricion global,nutricion normal (n),2006-01-01,34,33,23,28,57,61,118
21401,COROICO,desnutricion global,nutricion normal (n),2006-01-01,83,49,52,57,135,106,241
40301,CORQUE,desnutricion global,nutricion normal (n),2006-01-01,17,14,31,21,48,35,83
50601,COTAGAITA,desnutricion global,nutricion normal (n),2006-01-01,108,119,85,74,193,193,386
70102,COTOCA,desnutricion global,nutricion normal (n),2006-01-01,228,198,91,64,319,262,581
71106,CUATRO CAÑADAS,desnutricion global,nutricion normal (n),2006-01-01,46,30,34,32,80,62,142
31405,CUCHUMUELA (V. G. VILLARROEL),desnutricion global,nutricion normal (n),2006-01-01,13,4,15,5,28,9,37
70704,CUEVO,desnutricion global,nutricion normal (n),2006-01-01,12,29,27,26,39,55,94
10902,CULPINA,desnutricion global,nutricion normal (n),2006-01-01,169,142,110,140,279,282,561
40401,CURAHUARA DE CARANGAS,desnutricion global,nutricion normal (n),2006-01-01,15,14,5,9,20,23,43
21602,CURVA,desnutricion global,nutricion normal (n),2006-01-01,6,0,4,2,10,2,12
20804,DESAGUADERO,desnutricion global,nutricion normal (n),2006-01-01,26,27,24,29,50,56,106
20105,EL ALTO,desnutricion global,nutricion normal (n),2006-01-01,3142,2835,1094,1142,4236,3977,8213
40103,EL CHORO,desnutricion global,nutricion normal (n),2006-01-01,14,7,9,15,23,22,45
71503,EL PUENTE(STC),desnutricion global,nutricion normal (n),2006-01-01,72,84,43,52,115,136,251
60502,EL PUENTE(TJA),desnutricion global,nutricion normal (n),2006-01-01,53,39,57,37,110,76,186
70105,EL TORNO,desnutricion global,nutricion normal (n),2006-01-01,171,176,91,70,262,246,508
10405,EL VILLAR,desnutricion global,nutricion normal (n),2006-01-01,69,50,73,57,142,107,249
60601,ENTRE RIOS,desnutricion global,nutricion normal (n),2006-01-01,106,116,95,66,201,182,383
60601,ENTRE RIOS,desnutricion global,nutricion normal (n),2006-01-01,130,105,110,89,240,194,434
40502,ESCARA,desnutricion global,nutricion normal (n),2006-01-01,0,1,1,2,1,3,4
41101,EUCALIPTUS,desnutricion global,nutricion normal (n),2006-01-01,28,26,26,33,54,59,113
90503,EUREKA (SANTOS MERCADO),desnutricion global,nutricion normal (n),2006-01-01,15,24,28,31,43,55,98
80402,EXALTACION,desnutricion global,nutricion normal (n),2006-01-01,9,8,8,7,17,15,32
71004,FERNANDEZ ALONSO,desnutricion global,nutricion normal (n),2006-01-01,121,111,95,98,216,209,425
90203,FILADELFIA,desnutricion global,nutricion normal (n),2006-01-01,18,23,23,30,41,53,94
71002,GENERAL SAAVEDRA,desnutricion global,nutricion normal (n),2006-01-01,145,94,148,107,293,201,494
21601,GRAL. J.J. PEREZ (CHARAZANI),desnutricion global,nutricion normal (n),2006-01-01,32,38,36,24,68,62,130
20602,GUANAY,desnutricion global,nutricion normal (n),2006-01-01,56,39,40,22,96,61,157
20802,GUAQUI,desnutricion global,nutricion normal (n),2006-01-01,38,25,17,15,55,40,95
80202,GUAYARAMERIN,desnutricion global,nutricion normal (n),2006-01-01,237,272,140,136,377,408,785
70705,GUTIERREZ,desnutricion global,nutricion normal (n),2006-01-01,84,96,121,119,205,215,420
10502,HUACARETA,desnutricion global,nutricion normal (n),2006-01-01,100,71,88,90,188,161,349
11002,HUACAYA (VILLA DE HUACAYA),desnutricion global,nutricion normal (n),2006-01-01,32,21,25,26,57,47,104
40501,HUACHACALLA,desnutricion global,nutricion normal (n),2006-01-01,10,3,4,4,14,7,21
40701,HUANUNI,desnutricion global,nutricion normal (n),2006-01-01,148,146,66,48,214,194,408
80803,HUARACAJE,desnutricion global,nutricion normal (n),2006-01-01,25,27,29,28,54,55,109
41601,HUAYLLAMARCA,desnutricion global,nutricion normal (n),2006-01-01,38,26,10,13,48,39,87
21005,ICHOCA,desnutricion global,nutricion normal (n),2006-01-01,21,18,20,12,41,30,71
10304,ICLA,desnutricion global,nutricion normal (n),2006-01-01,98,109,118,129,216,238,454
10703,INCAHUASI,desnutricion global,nutricion normal (n),2006-01-01,191,169,116,127,307,296,603
90402,INGAVI (HUMAITA),desnutricion global,nutricion normal (n),2006-01-01,2,3,8,3,10,6,16
21001,INQUISIVI,desnutricion global,nutricion normal (n),2006-01-01,101,125,88,94,189,219,408
21102,IRUPANA (VILLA DE LANZA),desnutricion global,nutricion normal (n),2006-01-01,119,96,126,87,245,183,428
21501,IXIAMAS,desnutricion global,nutricion normal (n),2006-01-01,66,38,57,28,123,66,189
20806,JESUS DE MACHACA,desnutricion global,nutricion normal (n),2006-01-01,38,43,22,31,60,74,134
21105,LA ASUNTA,desnutricion global,nutricion normal (n),2006-01-01,56,70,44,23,100,93,193
70104,LA GUARDIA,desnutricion global,nutricion normal (n),2006-01-01,303,314,168,162,471,476,947
20101,LA PAZ,desnutricion global,nutricion normal (n),2006-01-01,2822,2457,1177,1160,3999,3617,7616
41501,LA RIVERA,desnutricion global,nutricion normal (n),2006-01-01,0,1,1,1,1,2,3
70701,LAGUNILLAS,desnutricion global,nutricion normal (n),2006-01-01,50,43,50,54,100,97,197
21202,LAJA,desnutricion global,nutricion normal (n),2006-01-01,77,93,37,40,114,133,247
10903,LAS CARRERAS,desnutricion global,nutricion normal (n),2006-01-01,40,46,35,36,75,82,157
21006,LICOMA PAMPA,desnutricion global,nutricion normal (n),2006-01-01,31,23,70,78,101,101,202
50203,LLALLAGUA,desnutricion global,nutricion normal (n),2006-01-01,151,131,111,113,262,244,506
51401,LLICA,desnutricion global,nutricion normal (n),2006-01-01,12,18,14,8,26,26,52
80601,LORETO,desnutricion global,nutricion normal (n),2006-01-01,27,14,27,33,54,47,101
20901,LURIBAY,desnutricion global,nutricion normal (n),2006-01-01,70,55,57,40,127,95,222
40702,MACHACAMARCA,desnutricion global,nutricion normal (n),2006-01-01,8,17,4,8,12,25,37
11003,MACHARETI,desnutricion global,nutricion normal (n),2006-01-01,77,82,102,127,179,209,388
80801,MAGDALENA,desnutricion global,nutricion normal (n),2006-01-01,63,51,33,35,96,86,182
70903,MAIRANA,desnutricion global,nutricion normal (n),2006-01-01,42,69,24,21,66,90,156
20904,MALLA,desnutricion global,nutricion normal (n),2006-01-01,13,19,32,27,45,46,91
20607,MAPIRI,desnutricion global,nutricion normal (n),2006-01-01,124,92,62,49,186,141,327
20103,MECAPACA,desnutricion global,nutricion normal (n),2006-01-01,51,51,21,24,72,75,147
71003,MINEROS,desnutricion global,nutricion normal (n),2006-01-01,137,105,97,88,234,193,427
31301,MIZQUE,desnutricion global,nutricion normal (n),2006-01-01,103,85,67,65,170,150,320
20402,MOCOMOCO,desnutricion global,nutricion normal (n),2006-01-01,38,50,48,37,86,87,173
51002,MOJINETE,desnutricion global,nutricion normal (n),2006-01-01,8,4,5,3,13,7,20
10303,MOJOCOYA,desnutricion global,nutricion normal (n),2006-01-01,75,56,96,81,171,137,308
10501,MONTEAGUDO,desnutricion global,nutricion normal (n),2006-01-01,164,176,182,154,346,330,676
71001,MONTERO,desnutricion global,nutricion normal (n),2006-01-01,927,764,568,507,1495,1271,2766
70803,MORO MORO,desnutricion global,nutricion normal (n),2006-01-01,18,9,12,10,30,19,49
30302,MOROCHATA,desnutricion global,nutricion normal (n),2006-01-01,89,82,59,60,148,142,290
90401,NACEBE (SANTA ROSA DEL ABUNA),desnutricion global,nutricion normal (n),2006-01-01,9,7,13,10,22,17,39
20307,NAZACARA DE PACAJES,desnutricion global,nutricion normal (n),2006-01-01,3,1,5,0,8,1,9
90501,NUEVO MANOA (NUEVA ESPERANZA),desnutricion global,nutricion normal (n),2006-01-01,17,12,19,18,36,30,66
50404,OCURI,desnutricion global,nutricion normal (n),2006-01-01,94,89,97,67,191,156,347
70202,OKINAWA,desnutricion global,nutricion normal (n),2006-01-01,112,107,94,65,206,172,378
30203,OMEREQUE,desnutricion global,nutricion normal (n),2006-01-01,54,53,36,32,90,85,175
40101,ORURO,desnutricion global,nutricion normal (n),2006-01-01,967,916,432,467,1399,1383,2782
60201,PADCAYA,desnutricion global,nutricion normal (n),2006-01-01,98,97,99,92,197,189,386
10401,PADILLA,desnutricion global,nutricion normal (n),2006-01-01,111,106,143,138,254,244,498
70502,PAILON,desnutricion global,nutricion normal (n),2006-01-01,11,219,131,21,142,240,382
20102,PALCA,desnutricion global,nutricion normal (n),2006-01-01,52,47,20,10,72,57,129
21104,PALOS BLANCOS,desnutricion global,nutricion normal (n),2006-01-01,151,136,88,65,239,201,440
40802,PAMPA AULLAGAS,desnutricion global,nutricion normal (n),2006-01-01,16,13,13,9,29,22,51
70902,PAMPA GRANDE,desnutricion global,nutricion normal (n),2006-01-01,52,45,37,45,89,90,179
21802,PAPEL PAMPA,desnutricion global,nutricion normal (n),2006-01-01,11,18,4,13,15,31,46
30202,PASORAPA,desnutricion global,nutricion normal (n),2006-01-01,31,19,37,27,68,46,114
21305,PATACAMAYA,desnutricion global,nutricion normal (n),2006-01-01,131,136,40,29,171,165,336
40602,PAZÑA,desnutricion global,nutricion normal (n),2006-01-01,21,26,14,12,35,38,73
20702,PELECHUCO,desnutricion global,nutricion normal (n),2006-01-01,24,21,8,9,32,30,62
50403,POCOATA,desnutricion global,nutricion normal (n),2006-01-01,90,95,88,82,178,177,355
31203,POCONA,desnutricion global,nutricion normal (n),2006-01-01,43,28,31,27,74,55,129
31202,POJO (CBBA),desnutricion global,nutricion normal (n),2006-01-01,35,42,30,29,65,71,136
40601,POOPO,desnutricion global,nutricion normal (n),2006-01-01,18,23,14,7,32,30,62
51203,PORCO,desnutricion global,nutricion normal (n),2006-01-01,41,35,3,13,44,48,92
10103,POROMA,desnutricion global,nutricion normal (n),2006-01-01,67,72,65,57,132,129,261
70103,PORONGO,desnutricion global,nutricion normal (n),2006-01-01,48,41,38,11,86,52,138
70601,PORTACHUELO,desnutricion global,nutricion normal (n),2006-01-01,138,122,113,91,251,213,464
90102,PORVENIR,desnutricion global,nutricion normal (n),2006-01-01,28,28,21,22,49,50,99
70804,POSTRER VALLE,desnutricion global,nutricion normal (n),2006-01-01,9,8,3,6,12,14,26
50101,POTOSI,desnutricion global,nutricion normal (n),2006-01-01,1021,669,348,283,1369,952,2321
10302,PRESTO,desnutricion global,nutricion normal (n),2006-01-01,53,52,70,56,123,108,231
70805,PUCARA,desnutricion global,nutricion normal (n),2006-01-01,10,5,11,2,21,7,28
21201,PUCARANI,desnutricion global,nutricion normal (n),2006-01-01,115,92,51,59,166,151,317
20401,PUERTO ACOSTA,desnutricion global,nutricion normal (n),2006-01-01,85,82,89,75,174,157,331
20403,PUERTO CARABUCO,desnutricion global,nutricion normal (n),2006-01-01,101,93,66,87,167,180,347
90301,PUERTO GONZALO MORENO,desnutricion global,nutricion normal (n),2006-01-01,23,18,14,13,37,31,68
21204,PUERTO PEREZ,desnutricion global,nutricion normal (n),2006-01-01,64,60,57,66,121,126,247
71402,PUERTO QUIJARRO,desnutricion global,nutricion normal (n),2006-01-01,85,71,29,24,114,95,209
90201,PUERTO RICO,desnutricion global,nutricion normal (n),2006-01-01,37,27,9,18,46,45,91
80703,PUERTO SILES,desnutricion global,nutricion normal (n),2006-01-01,5,8,8,8,13,16,29
71401,PUERTO SUAREZ,desnutricion global,nutricion normal (n),2006-01-01,61,65,24,26,85,91,176
31205,PUERTO VILLARROEL,desnutricion global,nutricion normal (n),2006-01-01,246,195,122,139,368,334,702
51101,PUNA,desnutricion global,nutricion normal (n),2006-01-01,123,110,88,77,211,187,398
31401,PUNATA,desnutricion global,nutricion normal (n),2006-01-01,170,188,56,71,226,259,485
20604,QUIABAYA,desnutricion global,nutricion normal (n),2006-01-01,5,3,4,4,9,7,16
30901,QUILLACOLLO,desnutricion global,nutricion normal (n),2006-01-01,601,586,187,182,788,768,1556
21002,QUIME,desnutricion global,nutricion normal (n),2006-01-01,78,96,68,70,146,166,312
70904,QUIRUSILLAS,desnutricion global,nutricion normal (n),2006-01-01,5,7,3,3,8,10,18
50402,RAVELO,desnutricion global,nutricion normal (n),2006-01-01,79,68,68,54,147,122,269
80301,REYES,desnutricion global,nutricion normal (n),2006-01-01,97,106,72,59,169,165,334
80201,RIBERALTA,desnutricion global,nutricion normal (n),2006-01-01,657,587,248,211,905,798,1703
70503,ROBORE,desnutricion global,nutricion normal (n),2006-01-01,95,88,72,49,167,137,304
80304,RURRENABAQUE,desnutricion global,nutricion normal (n),2006-01-01,45,53,28,25,73,78,151
40901,SABAYA,desnutricion global,nutricion normal (n),2006-01-01,12,9,4,3,16,12,28
31001,SACABA,desnutricion global,nutricion normal (n),2006-01-01,524,461,198,175,722,636,1358
30404,SACABAMBA,desnutricion global,nutricion normal (n),2006-01-01,24,13,12,4,36,17,53
50701,SACACA,desnutricion global,nutricion normal (n),2006-01-01,100,77,96,84,196,161,357
71302,SAIPINA,desnutricion global,nutricion normal (n),2006-01-01,26,19,25,25,51,44,95
40801,SALINAS DE GARCI MENDOZA,desnutricion global,nutricion normal (n),2006-01-01,39,37,36,50,75,87,162
70901,SAMAIPATA,desnutricion global,nutricion normal (n),2006-01-01,65,57,37,34,102,91,193
51601,SAN AGUSTIN,desnutricion global,nutricion normal (n),2006-01-01,6,7,12,7,18,14,32
80602,SAN ANDRES,desnutricion global,nutricion normal (n),2006-01-01,56,57,92,90,148,147,295
20805,SAN ANDRES DE MACHACA,desnutricion global,nutricion normal (n),2006-01-01,22,15,11,17,33,32,65
51003,SAN ANTONIO DE ESMORUCO,desnutricion global,nutricion normal (n),2006-01-01,9,10,3,3,12,13,25
71105,SAN ANTONIO DE LOMERIO,desnutricion global,nutricion normal (n),2006-01-01,42,33,49,46,91,79,170
31403,SAN BENITO,desnutricion global,nutricion normal (n),2006-01-01,61,57,59,63,120,120,240
80302,SAN BORJA,desnutricion global,nutricion normal (n),2006-01-01,341,307,140,133,481,440,921
21502,SAN BUENA VENTURA,desnutricion global,nutricion normal (n),2006-01-01,50,64,26,33,76,97,173
70402,SAN CARLOS,desnutricion global,nutricion normal (n),2006-01-01,179,108,63,86,242,194,436
80501,SAN IGNACIO,desnutricion global,nutricion normal (n),2006-01-01,123,94,77,66,200,160,360
70301,SAN IGNACIO DE VELASCO,desnutricion global,nutricion normal (n),2006-01-01,438,366,301,264,739,630,1369
80102,SAN JAVIER(BNI),desnutricion global,nutricion normal (n),2006-01-01,6,13,20,13,26,26,52
80701,SAN JOAQUIN,desnutricion global,nutricion normal (n),2006-01-01,0,1,26,39,26,40,66
70501,SAN JOSE DE CHIQUITOS,desnutricion global,nutricion normal (n),2006-01-01,56,70,62,47,118,117,235
70404,SAN JUAN DE YAPACANI,desnutricion global,nutricion normal (n),2006-01-01,94,67,65,49,159,116,275
71104,SAN JULIAN,desnutricion global,nutricion normal (n),2006-01-01,93,74,48,49,141,123,264
90302,SAN LORENZO(PND),desnutricion global,nutricion normal (n),2006-01-01,40,25,34,23,74,48,122
60501,SAN LORENZO(TJA),desnutricion global,nutricion normal (n),2006-01-01,109,109,78,79,187,188,375
10702,SAN LUCAS,desnutricion global,nutricion normal (n),2006-01-01,275,242,272,215,547,457,1004
71201,SAN MATIAS,desnutricion global,nutricion normal (n),2006-01-01,62,60,55,46,117,106,223
70302,SAN MIGUEL DE VELASCO,desnutricion global,nutricion normal (n),2006-01-01,81,55,34,30,115,85,200
51001,SAN PABLO DE LIPEZ,desnutricion global,nutricion normal (n),2006-01-01,10,8,8,5,18,13,31
71005,SAN PEDRO,desnutricion global,nutricion normal (n),2006-01-01,126,104,94,88,220,192,412
50501,SAN PEDRO DE BUENA VISTA,desnutricion global,nutricion normal (n),2006-01-01,52,53,32,32,84,85,169
21801,SAN PEDRO DE CURAHUARA,desnutricion global,nutricion normal (n),2006-01-01,17,20,26,33,43,53,96
50902,SAN PEDRO DE QUEMES,desnutricion global,nutricion normal (n),2006-01-01,0,2,1,1,1,3,4
21702,SAN PEDRO DE TIQUINA,desnutricion global,nutricion normal (n),2006-01-01,21,28,11,14,32,42,74
90202,SAN PEDRO(PND),desnutricion global,nutricion normal (n),2006-01-01,11,5,7,11,18,16,34
70303,SAN RAFAEL,desnutricion global,nutricion normal (n),2006-01-01,63,49,49,62,112,111,223
80702,SAN RAMON,desnutricion global,nutricion normal (n),2006-01-01,23,22,22,11,45,33,78
80401,SANTA ANA,desnutricion global,nutricion normal (n),2006-01-01,105,105,56,43,161,148,309
70101,SANTA CRUZ DE LA SIERRA,desnutricion global,nutricion normal (n),2006-01-01,4189,3737,2011,1988,6200,5725,11925
80303,SANTA ROSA,desnutricion global,nutricion normal (n),2006-01-01,25,38,11,18,36,56,92
70602,SANTA ROSA DEL SARA,desnutricion global,nutricion normal (n),2006-01-01,86,83,80,79,166,162,328
20308,SANTIAGO DE CALLAPA,desnutricion global,nutricion normal (n),2006-01-01,17,18,8,4,25,22,47
41401,SANTIAGO DE HUARI,desnutricion global,nutricion normal (n),2006-01-01,39,47,36,43,75,90,165
21901,SANTIAGO DE MACHACA,desnutricion global,nutricion normal (n),2006-01-01,11,5,5,9,16,14,30
30702,SANTIVAÑES,desnutricion global,nutricion normal (n),2006-01-01,44,22,41,27,85,49,134
40202,SANTUARIO DE QUILLACAS,desnutricion global,nutricion normal (n),2006-01-01,11,5,2,2,13,7,20
20902,SAPAHAQUI,desnutricion global,nutricion normal (n),2006-01-01,61,52,36,35,97,87,184
90303,SENA,desnutricion global,nutricion normal (n),2006-01-01,51,48,34,60,85,108,193
21301,SICA SICA (VILLA AROMA),desnutricion global,nutricion normal (n),2006-01-01,101,105,84,89,185,194,379
30703,SICAYA,desnutricion global,nutricion normal (n),2006-01-01,4,2,1,1,5,3,8
30902,SIPE SIPE,desnutricion global,nutricion normal (n),2006-01-01,213,169,86,80,299,249,548
10403,SOPACHUY,desnutricion global,nutricion normal (n),2006-01-01,110,100,125,103,235,203,438
40104,SORACACHI,desnutricion global,nutricion normal (n),2006-01-01,16,34,17,25,33,59,92
20601,SORATA,desnutricion global,nutricion normal (n),2006-01-01,91,69,89,100,180,169,349
10101,SUCRE,desnutricion global,nutricion normal (n),2006-01-01,822,796,461,471,1283,1267,2550
31404,TACACHI,desnutricion global,nutricion normal (n),2006-01-01,5,4,0,0,5,4,9
20603,TACACOMA,desnutricion global,nutricion normal (n),2006-01-01,33,19,23,22,56,41,97
50303,TACOBAMBA,desnutricion global,nutricion normal (n),2006-01-01,43,40,26,24,69,64,133
30602,TACOPAYA,desnutricion global,nutricion normal (n),2006-01-01,39,49,43,30,82,79,161
51402,TAHUA,desnutricion global,nutricion normal (n),2006-01-01,5,5,6,8,11,13,24
31101,TAPACARI,desnutricion global,nutricion normal (n),2006-01-01,100,93,71,64,171,157,328
10601,TARABUCO,desnutricion global,nutricion normal (n),2006-01-01,210,219,273,274,483,493,976
20807,TARACO,desnutricion global,nutricion normal (n),2006-01-01,22,29,44,32,66,61,127
30401,TARATA,desnutricion global,nutricion normal (n),2006-01-01,44,21,6,6,50,27,77
60101,TARIJA,desnutricion global,nutricion normal (n),2006-01-01,837,755,398,372,1235,1127,2362
10202,TARVITA,desnutricion global,nutricion normal (n),2006-01-01,184,172,180,178,364,350,714
20608,TEOPONTE,desnutricion global,nutricion normal (n),2006-01-01,37,41,31,23,68,64,132
20803,TIAWANACU,desnutricion global,nutricion normal (n),2006-01-01,73,46,42,33,115,79,194
50102,TINGUIPAYA,desnutricion global,nutricion normal (n),2006-01-01,55,71,61,67,116,138,254
20606,TIPUANI,desnutricion global,nutricion normal (n),2006-01-01,81,62,27,36,108,98,206
30903,TIQUIPAYA,desnutricion global,nutricion normal (n),2006-01-01,220,164,72,67,292,231,523
31601,TIRAQUE (CBBA),desnutricion global,nutricion normal (n),2006-01-01,235,178,105,123,340,301,641
21703,TITO YUPANQUI (PARQUIPUJIO),desnutricion global,nutricion normal (n),2006-01-01,6,13,8,9,14,22,36
30802,TOCO,desnutricion global,nutricion normal (n),2006-01-01,8,4,3,2,11,6,17
41502,TODOS SANTOS,desnutricion global,nutricion normal (n),2006-01-01,2,1,1,2,3,3,6
30803,TOLATA,desnutricion global,nutricion normal (n),2006-01-01,32,23,15,6,47,29,76
41001,TOLEDO,desnutricion global,nutricion normal (n),2006-01-01,26,14,18,7,44,21,65
51202,TOMAVE,desnutricion global,nutricion normal (n),2006-01-01,31,18,18,8,49,26,75
10402,TOMINA,desnutricion global,nutricion normal (n),2006-01-01,106,99,90,107,196,206,402
50502,TORO TORO,desnutricion global,nutricion normal (n),2006-01-01,101,91,73,70,174,161,335
31201,TOTORA(CBBA),desnutricion global,nutricion normal (n),2006-01-01,52,64,19,8,71,72,143
41301,TOTORA(ORR),desnutricion global,nutricion normal (n),2006-01-01,13,14,8,9,21,23,44
70802,TRIGAL,desnutricion global,nutricion normal (n),2006-01-01,12,12,14,8,26,20,46
80101,TRINIDAD,desnutricion global,nutricion normal (n),2006-01-01,564,419,294,241,858,660,1518
50801,TUPIZA,desnutricion global,nutricion normal (n),2006-01-01,177,168,185,175,362,343,705
40402,TURCO,desnutricion global,nutricion normal (n),2006-01-01,8,14,16,17,24,31,55
21302,UMALA,desnutricion global,nutricion normal (n),2006-01-01,50,16,5,7,55,23,78
50201,UNCIA,desnutricion global,nutricion normal (n),2006-01-01,39,39,36,38,75,77,152
60401,URIONDO (A. CONCEPCION),desnutricion global,nutricion normal (n),2006-01-01,148,79,84,65,232,144,376
51201,UYUNI,desnutricion global,nutricion normal (n),2006-01-01,15,18,15,16,30,34,64
30502,VACAS,desnutricion global,nutricion normal (n),2006-01-01,62,58,18,19,80,77,157
70801,VALLEGRANDE,desnutricion global,nutricion normal (n),2006-01-01,97,81,71,68,168,149,317
20801,VIACHA,desnutricion global,nutricion normal (n),2006-01-01,194,165,84,91,278,256,534
31302,VILA VILA,desnutricion global,nutricion normal (n),2006-01-01,3,5,4,3,7,8,15
60303,VILLA MONTES,desnutricion global,nutricion normal (n),2006-01-01,152,158,108,119,260,277,537
90502,VILLA NUEVA (LOMA ALTA),desnutricion global,nutricion normal (n),2006-01-01,20,22,26,26,46,48,94
31402,VILLA RIVERO,desnutricion global,nutricion normal (n),2006-01-01,3,17,4,7,7,24,31
10801,VILLA SERRANO,desnutricion global,nutricion normal (n),2006-01-01,104,95,141,119,245,214,459
31003,VILLA TUNARI,desnutricion global,nutricion normal (n),2006-01-01,252,222,147,142,399,364,763
11001,VILLA VACA GUZMAN (MUYUPAMPA),desnutricion global,nutricion normal (n),2006-01-01,96,87,116,116,212,203,415
51501,VILLAZON,desnutricion global,nutricion normal (n),2006-01-01,233,222,142,161,375,383,758
50602,VITICHI,desnutricion global,nutricion normal (n),2006-01-01,75,67,65,60,140,127,267
20306,WALDO BALLIVIAN,desnutricion global,nutricion normal (n),2006-01-01,3,4,2,1,5,5,10
70201,WARNES,desnutricion global,nutricion normal (n),2006-01-01,392,350,212,233,604,583,1187
20903,YACO,desnutricion global,nutricion normal (n),2006-01-01,22,30,15,7,37,37,74
60301,YACUIBA,desnutricion global,nutricion normal (n),2006-01-01,255,247,128,127,383,374,757
10602,YAMPARAEZ,desnutricion global,nutricion normal (n),2006-01-01,64,66,99,108,163,174,337
21103,YANACACHI,desnutricion global,nutricion normal (n),2006-01-01,31,37,19,24,50,61,111
70403,YAPACANI,desnutricion global,nutricion normal (n),2006-01-01,361,344,154,182,515,526,1041
50103,YOCALLA,desnutricion global,nutricion normal (n),2006-01-01,18,12,17,17,35,29,64
10102,YOTALA,desnutricion global,nutricion normal (n),2006-01-01,44,46,54,64,98,110,208
60402,YUNCHARA,desnutricion global,nutricion normal (n),2006-01-01,37,28,44,40,81,68,149
10301,ZUDAÑEZ,desnutricion global,nutricion normal (n),2006-01-01,79,44,75,78,154,122,276
51302,ACACIO,desnutricion global,nutricion normal (n),2006-02-01,92,79,106,92,198,171,369
20201,ACHACACHI,desnutricion global,nutricion normal (n),2006-02-01,332,320,345,355,677,675,1352
20104,ACHOCALLA,desnutricion global,nutricion normal (n),2006-02-01,51,57,21,21,72,78,150
30201,AIQUILE,desnutricion global,nutricion normal (n),2006-02-01,86,64,43,36,129,100,229
31303,ALALAY,desnutricion global,nutricion normal (n),2006-02-01,11,2,5,6,16,8,24
10404,ALCALA,desnutricion global,nutricion normal (n),2006-02-01,33,37,40,42,73,79,152
20202,ANCORAIMES,desnutricion global,nutricion normal (n),2006-02-01,77,64,74,81,151,145,296
41201,ANDAMARCA,desnutricion global,nutricion normal (n),2006-02-01,9,15,18,26,27,41,68
30402,ANZALDO,desnutricion global,nutricion normal (n),2006-02-01,18,21,33,21,51,42,93
20701,APOLO,desnutricion global,nutricion normal (n),2006-02-01,184,146,154,132,338,278,616
51301,ARAMPAMPA,desnutricion global,nutricion normal (n),2006-02-01,30,32,22,29,52,61,113
30501,ARANI,desnutricion global,nutricion normal (n),2006-02-01,41,43,27,18,68,61,129
30403,ARBIETO,desnutricion global,nutricion normal (n),2006-02-01,24,16,10,18,34,34,68
30601,ARQUE,desnutricion global,nutricion normal (n),2006-02-01,45,52,46,33,91,85,176
71501,ASCENCION DE GUARAYOS,desnutricion global,nutricion normal (n),2006-02-01,164,216,213,217,377,433,810
50802,ATOCHA,desnutricion global,nutricion normal (n),2006-02-01,104,117,71,87,175,204,379
20503,AUCAPATA,desnutricion global,nutricion normal (n),2006-02-01,45,35,47,24,92,59,151
20502,AYATA,desnutricion global,nutricion normal (n),2006-02-01,65,48,52,51,117,99,216
21303,AYO AYO,desnutricion global,nutricion normal (n),2006-02-01,35,29,30,24,65,53,118
30301,AYOPAYA (V. DE INDEPENDENCIA),desnutricion global,nutricion normal (n),2006-02-01,180,126,117,101,297,227,524
10201,AZURDUY,desnutricion global,nutricion normal (n),2006-02-01,205,164,213,155,418,319,737
21203,BATALLAS,desnutricion global,nutricion normal (n),2006-02-01,95,95,41,43,136,138,274
80802,BAURES,desnutricion global,nutricion normal (n),2006-02-01,18,24,19,13,37,37,74
41202,BELEN DE ANDAMARCA,desnutricion global,nutricion normal (n),2006-02-01,4,2,2,3,6,5,11
50104,BELEN DE URMIRI,desnutricion global,nutricion normal (n),2006-02-01,4,9,4,3,8,12,20
90104,BELLA FLOR,desnutricion global,nutricion normal (n),2006-02-01,24,29,40,40,64,69,133
60202,BERMEJO,desnutricion global,nutricion normal (n),2006-02-01,36,39,46,49,82,88,170
50301,BETANZOS,desnutricion global,nutricion normal (n),2006-02-01,149,142,168,176,317,318,635
31501,BOLIVAR,desnutricion global,nutricion normal (n),2006-02-01,14,13,10,15,24,28,52
90103,BOLPEBRA,desnutricion global,nutricion normal (n),2006-02-01,19,14,25,20,44,34,78
70707,BOYUIBE,desnutricion global,nutricion normal (n),2006-02-01,31,14,19,20,50,34,84
70401,BUENA VISTA,desnutricion global,nutricion normal (n),2006-02-01,158,127,132,131,290,258,548
70703,CABEZAS,desnutricion global,nutricion normal (n),2006-02-01,168,136,127,96,295,232,527
20905,CAIROMA,desnutricion global,nutricion normal (n),2006-02-01,77,85,75,94,152,179,331
51102,"CAIZA ""D""",desnutricion global,nutricion normal (n),2006-02-01,67,44,66,75,133,119,252
21003,CAJUATA,desnutricion global,nutricion normal (n),2006-02-01,84,55,35,32,119,87,206
20303,CALACOTO,desnutricion global,nutricion normal (n),2006-02-01,27,13,14,11,41,24,65
21304,CALAMARCA,desnutricion global,nutricion normal (n),2006-02-01,88,100,58,52,146,152,298
10701,CAMARGO,desnutricion global,nutricion normal (n),2006-02-01,146,168,120,105,266,273,539
10901,CAMATAQUI (C. VILLA ABECIA),desnutricion global,nutricion normal (n),2006-02-01,26,13,26,22,52,35,87
70706,CAMIRI,desnutricion global,nutricion normal (n),2006-02-01,258,254,177,171,435,425,860
30701,CAPINOTA,desnutricion global,nutricion normal (n),2006-02-01,51,44,30,23,81,67,148
20302,CAQUIAVIRI,desnutricion global,nutricion normal (n),2006-02-01,42,47,24,26,66,73,139
40102,CARACOLLO,desnutricion global,nutricion normal (n),2006-02-01,70,82,40,55,110,137,247
22001,CARANAVI,desnutricion global,nutricion normal (n),2006-02-01,389,348,237,236,626,584,1210
41503,CARANGAS,desnutricion global,nutricion normal (n),2006-02-01,2,1,2,0,4,1,5
60302,CARAPARI,desnutricion global,nutricion normal (n),2006-02-01,89,81,74,73,163,154,317
50702,CARIPUYO,desnutricion global,nutricion normal (n),2006-02-01,35,19,36,22,71,41,112
71403,CARMEN RIVERO TORREZ,desnutricion global,nutricion normal (n),2006-02-01,35,27,23,23,58,50,108
21902,CATACORA,desnutricion global,nutricion normal (n),2006-02-01,1,4,5,0,6,4,10
21803,CHACARILLA,desnutricion global,nutricion normal (n),2006-02-01,15,8,12,18,27,26,53
40201,CHALLAPATA,desnutricion global,nutricion normal (n),2006-02-01,134,119,94,75,228,194,422
50302,CHAQUI,desnutricion global,nutricion normal (n),2006-02-01,43,32,36,46,79,78,157
70702,CHARAGUA,desnutricion global,nutricion normal (n),2006-02-01,164,174,140,134,304,308,612
20305,CHARAÑA,desnutricion global,nutricion normal (n),2006-02-01,12,6,6,4,18,10,28
50202,CHAYANTA,desnutricion global,nutricion normal (n),2006-02-01,87,91,60,55,147,146,293
31204,CHIMORE,desnutricion global,nutricion normal (n),2006-02-01,5,11,11,4,16,15,31
40903,CHIPAYA,desnutricion global,nutricion normal (n),2006-02-01,13,2,11,1,24,3,27
40302,CHOQUE COTA,desnutricion global,nutricion normal (n),2006-02-01,0,3,0,3,0,6,6
21101,CHULUMANI (V. DE LA LIBERTAD),desnutricion global,nutricion normal (n),2006-02-01,78,72,31,49,109,121,230
20501,CHUMA,desnutricion global,nutricion normal (n),2006-02-01,57,42,22,30,79,72,151
30801,CLIZA,desnutricion global,nutricion normal (n),2006-02-01,85,50,28,21,113,71,184
90101,COBIJA,desnutricion global,nutricion normal (n),2006-02-01,160,156,96,118,256,274,530
30101,COCHABAMBA,desnutricion global,nutricion normal (n),2006-02-01,1703,1456,782,675,2485,2131,4616
40902,COIPASA,desnutricion global,nutricion normal (n),2006-02-01,1,2,1,2,2,4,6
30905,COLCAPIRHUA,desnutricion global,nutricion normal (n),2006-02-01,108,143,72,58,180,201,381
50901,"COLCHA ""K""",desnutricion global,nutricion normal (n),2006-02-01,42,66,32,37,74,103,177
21307,COLLANA,desnutricion global,nutricion normal (n),2006-02-01,11,6,15,13,26,19,45
31002,COLOMI,desnutricion global,nutricion normal (n),2006-02-01,122,110,78,67,200,177,377
70603,COLPA BELGICA,desnutricion global,nutricion normal (n),2006-02-01,32,25,24,15,56,40,96
50401,COLQUECHACA,desnutricion global,nutricion normal (n),2006-02-01,166,152,154,141,320,293,613
21306,COLQUENCHA,desnutricion global,nutricion normal (n),2006-02-01,42,48,31,26,73,74,147
21004,COLQUIRI,desnutricion global,nutricion normal (n),2006-02-01,125,103,76,89,201,192,393
20304,COMANCHE,desnutricion global,nutricion normal (n),2006-02-01,20,14,8,3,28,17,45
71301,COMARAPA,desnutricion global,nutricion normal (n),2006-02-01,70,70,69,64,139,134,273
20605,COMBAYA,desnutricion global,nutricion normal (n),2006-02-01,11,2,9,6,20,8,28
71101,CONCEPCION,desnutricion global,nutricion normal (n),2006-02-01,109,104,73,62,182,166,348
21701,COPACABANA,desnutricion global,nutricion normal (n),2006-02-01,86,92,84,83,170,175,345
21402,CORIPATA,desnutricion global,nutricion normal (n),2006-02-01,105,77,85,74,190,151,341
20301,CORO CORO,desnutricion global,nutricion normal (n),2006-02-01,55,53,25,27,80,80,160
21401,COROICO,desnutricion global,nutricion normal (n),2006-02-01,78,59,58,59,136,118,254
40301,CORQUE,desnutricion global,nutricion normal (n),2006-02-01,21,17,22,8,43,25,68
50601,COTAGAITA,desnutricion global,nutricion normal (n),2006-02-01,143,116,92,106,235,222,457
70102,COTOCA,desnutricion global,nutricion normal (n),2006-02-01,178,144,73,71,251,215,466
71106,CUATRO CAÑADAS,desnutricion global,nutricion normal (n),2006-02-01,70,49,75,69,145,118,263
31405,CUCHUMUELA (V. G. VILLARROEL),desnutricion global,nutricion normal (n),2006-02-01,23,8,15,13,38,21,59
70704,CUEVO,desnutricion global,nutricion normal (n),2006-02-01,23,38,45,36,68,74,142
10902,CULPINA,desnutricion global,nutricion normal (n),2006-02-01,212,184,137,147,349,331,680
40401,CURAHUARA DE CARANGAS,desnutricion global,nutricion normal (n),2006-02-01,23,23,23,17,46,40,86
21602,CURVA,desnutricion global,nutricion normal (n),2006-02-01,17,14,33,21,50,35,85
20804,DESAGUADERO,desnutricion global,nutricion normal (n),2006-02-01,21,20,17,11,38,31,69
20105,EL ALTO,desnutricion global,nutricion normal (n),2006-02-01,3370,3218,1528,1609,4898,4827,9725
40103,EL CHORO,desnutricion global,nutricion normal (n),2006-02-01,14,5,9,11,23,16,39
71503,EL PUENTE(STC),desnutricion global,nutricion normal (n),2006-02-01,112,105,108,75,220,180,400
60502,EL PUENTE(TJA),desnutricion global,nutricion normal (n),2006-02-01,56,50,64,62,120,112,232
70105,EL TORNO,desnutricion global,nutricion normal (n),2006-02-01,163,164,79,73,242,237,479
10405,EL VILLAR,desnutricion global,nutricion normal (n),2006-02-01,69,70,81,57,150,127,277
60601,ENTRE RIOS,desnutricion global,nutricion normal (n),2006-02-01,166,114,146,104,312,218,530
60601,ENTRE RIOS,desnutricion global,nutricion normal (n),2006-02-01,119,93,91,91,210,184,394
40502,ESCARA,desnutricion global,nutricion normal (n),2006-02-01,1,1,2,2,3,3,6
41101,EUCALIPTUS,desnutricion global,nutricion normal (n),2006-02-01,27,20,31,26,58,46,104
90503,EUREKA (SANTOS MERCADO),desnutricion global,nutricion normal (n),2006-02-01,3,4,3,6,6,10,16
80402,EXALTACION,desnutricion global,nutricion normal (n),2006-02-01,15,17,28,34,43,51,94
71004,FERNANDEZ ALONSO,desnutricion global,nutricion normal (n),2006-02-01,87,113,142,140,229,253,482
90203,FILADELFIA,desnutricion global,nutricion normal (n),2006-02-01,21,28,34,33,55,61,116
71002,GENERAL SAAVEDRA,desnutricion global,nutricion normal (n),2006-02-01,147,78,97,176,244,254,498
21601,GRAL. J.J. PEREZ (CHARAZANI),desnutricion global,nutricion normal (n),2006-02-01,72,68,57,50,129,118,247
20602,GUANAY,desnutricion global,nutricion normal (n),2006-02-01,85,73,72,51,157,124,281
20802,GUAQUI,desnutricion global,nutricion normal (n),2006-02-01,33,29,26,17,59,46,105
80202,GUAYARAMERIN,desnutricion global,nutricion normal (n),2006-02-01,258,206,131,140,389,346,735
70705,GUTIERREZ,desnutricion global,nutricion normal (n),2006-02-01,118,115,128,138,246,253,499
10502,HUACARETA,desnutricion global,nutricion normal (n),2006-02-01,110,92,99,91,209,183,392
11002,HUACAYA (VILLA DE HUACAYA),desnutricion global,nutricion normal (n),2006-02-01,21,27,27,33,48,60,108
40501,HUACHACALLA,desnutricion global,nutricion normal (n),2006-02-01,4,4,2,5,6,9,15
40701,HUANUNI,desnutricion global,nutricion normal (n),2006-02-01,145,125,64,50,209,175,384
80803,HUARACAJE,desnutricion global,nutricion normal (n),2006-02-01,23,18,32,25,55,43,98
41601,HUAYLLAMARCA,desnutricion global,nutricion normal (n),2006-02-01,51,8,8,20,59,28,87
21005,ICHOCA,desnutricion global,nutricion normal (n),2006-02-01,27,13,19,12,46,25,71
10304,ICLA,desnutricion global,nutricion normal (n),2006-02-01,101,117,132,121,233,238,471
10703,INCAHUASI,desnutricion global,nutricion normal (n),2006-02-01,195,197,182,178,377,375,752
90402,INGAVI (HUMAITA),desnutricion global,nutricion normal (n),2006-02-01,15,14,18,12,33,26,59
21001,INQUISIVI,desnutricion global,nutricion normal (n),2006-02-01,97,113,79,78,176,191,367
21102,IRUPANA (VILLA DE LANZA),desnutricion global,nutricion normal (n),2006-02-01,127,115,116,108,243,223,466
21501,IXIAMAS,desnutricion global,nutricion normal (n),2006-02-01,74,43,95,48,169,91,260
20806,JESUS DE MACHACA,desnutricion global,nutricion normal (n),2006-02-01,65,58,43,29,108,87,195
21105,LA ASUNTA,desnutricion global,nutricion normal (n),2006-02-01,125,124,56,54,181,178,359
70104,LA GUARDIA,desnutricion global,nutricion normal (n),2006-02-01,343,319,172,154,515,473,988
20101,LA PAZ,desnutricion global,nutricion normal (n),2006-02-01,2968,2716,1268,1277,4236,3993,8229
41501,LA RIVERA,desnutricion global,nutricion normal (n),2006-02-01,0,1,2,1,2,2,4
70701,LAGUNILLAS,desnutricion global,nutricion normal (n),2006-02-01,38,36,65,54,103,90,193
21202,LAJA,desnutricion global,nutricion normal (n),2006-02-01,99,59,53,50,152,109,261
10903,LAS CARRERAS,desnutricion global,nutricion normal (n),2006-02-01,47,49,42,42,89,91,180
21006,LICOMA PAMPA,desnutricion global,nutricion normal (n),2006-02-01,15,4,10,11,25,15,40
50203,LLALLAGUA,desnutricion global,nutricion normal (n),2006-02-01,190,202,147,129,337,331,668
51401,LLICA,desnutricion global,nutricion normal (n),2006-02-01,13,13,17,13,30,26,56
80601,LORETO,desnutricion global,nutricion normal (n),2006-02-01,21,23,18,27,39,50,89
20901,LURIBAY,desnutricion global,nutricion normal (n),2006-02-01,75,69,67,58,142,127,269
40702,MACHACAMARCA,desnutricion global,nutricion normal (n),2006-02-01,13,16,12,5,25,21,46
11003,MACHARETI,desnutricion global,nutricion normal (n),2006-02-01,73,77,107,114,180,191,371
80801,MAGDALENA,desnutricion global,nutricion normal (n),2006-02-01,57,51,32,31,89,82,171
70903,MAIRANA,desnutricion global,nutricion normal (n),2006-02-01,64,72,52,45,116,117,233
20904,MALLA,desnutricion global,nutricion normal (n),2006-02-01,19,20,27,29,46,49,95
20607,MAPIRI,desnutricion global,nutricion normal (n),2006-02-01,120,106,67,39,187,145,332
20103,MECAPACA,desnutricion global,nutricion normal (n),2006-02-01,69,62,41,38,110,100,210
71003,MINEROS,desnutricion global,nutricion normal (n),2006-02-01,123,96,86,86,209,182,391
31301,MIZQUE,desnutricion global,nutricion normal (n),2006-02-01,172,132,83,93,255,225,480
20402,MOCOMOCO,desnutricion global,nutricion normal (n),2006-02-01,86,89,66,65,152,154,306
51002,MOJINETE,desnutricion global,nutricion normal (n),2006-02-01,8,12,16,4,24,16,40
10303,MOJOCOYA,desnutricion global,nutricion normal (n),2006-02-01,81,58,84,64,165,122,287
10501,MONTEAGUDO,desnutricion global,nutricion normal (n),2006-02-01,171,175,230,166,401,341,742
71001,MONTERO,desnutricion global,nutricion normal (n),2006-02-01,943,785,606,539,1549,1324,2873
70803,MORO MORO,desnutricion global,nutricion normal (n),2006-02-01,22,24,34,27,56,51,107
30302,MOROCHATA,desnutricion global,nutricion normal (n),2006-02-01,85,89,83,85,168,174,342
90401,NACEBE (SANTA ROSA DEL ABUNA),desnutricion global,nutricion normal (n),2006-02-01,18,16,27,9,45,25,70
90501,NUEVO MANOA (NUEVA ESPERANZA),desnutricion global,nutricion normal (n),2006-02-01,0,2,1,3,1,5,6
50404,OCURI,desnutricion global,nutricion normal (n),2006-02-01,116,125,99,108,215,233,448
70202,OKINAWA,desnutricion global,nutricion normal (n),2006-02-01,103,114,123,95,226,209,435
30203,OMEREQUE,desnutricion global,nutricion normal (n),2006-02-01,57,59,45,40,102,99,201
40101,ORURO,desnutricion global,nutricion normal (n),2006-02-01,978,901,521,503,1499,1404,2903
60201,PADCAYA,desnutricion global,nutricion normal (n),2006-02-01,92,99,114,101,206,200,406
10401,PADILLA,desnutricion global,nutricion normal (n),2006-02-01,112,102,145,128,257,230,487
70502,PAILON,desnutricion global,nutricion normal (n),2006-02-01,10,252,113,21,123,273,396
20102,PALCA,desnutricion global,nutricion normal (n),2006-02-01,49,56,28,25,77,81,158
21104,PALOS BLANCOS,desnutricion global,nutricion normal (n),2006-02-01,229,216,179,135,408,351,759
40802,PAMPA AULLAGAS,desnutricion global,nutricion normal (n),2006-02-01,10,14,9,12,19,26,45
70902,PAMPA GRANDE,desnutricion global,nutricion normal (n),2006-02-01,44,36,40,31,84,67,151
21802,PAPEL PAMPA,desnutricion global,nutricion normal (n),2006-02-01,24,16,6,6,30,22,52
30202,PASORAPA,desnutricion global,nutricion normal (n),2006-02-01,33,28,56,39,89,67,156
21305,PATACAMAYA,desnutricion global,nutricion normal (n),2006-02-01,187,163,137,84,324,247,571
40602,PAZÑA,desnutricion global,nutricion normal (n),2006-02-01,30,26,22,14,52,40,92
20702,PELECHUCO,desnutricion global,nutricion normal (n),2006-02-01,24,24,30,27,54,51,105
50403,POCOATA,desnutricion global,nutricion normal (n),2006-02-01,100,114,102,97,202,211,413
31203,POCONA,desnutricion global,nutricion normal (n),2006-02-01,61,58,50,39,111,97,208
31202,POJO (CBBA),desnutricion global,nutricion normal (n),2006-02-01,53,79,36,28,89,107,196
40601,POOPO,desnutricion global,nutricion normal (n),2006-02-01,34,23,15,16,49,39,88
51203,PORCO,desnutricion global,nutricion normal (n),2006-02-01,53,42,17,10,70,52,122
10103,POROMA,desnutricion global,nutricion normal (n),2006-02-01,108,109,105,80,213,189,402
70103,PORONGO,desnutricion global,nutricion normal (n),2006-02-01,43,29,19,19,62,48,110
70601,PORTACHUELO,desnutricion global,nutricion normal (n),2006-02-01,179,151,142,129,321,280,601
90102,PORVENIR,desnutricion global,nutricion normal (n),2006-02-01,5,5,4,3,9,8,17
70804,POSTRER VALLE,desnutricion global,nutricion normal (n),2006-02-01,20,15,8,11,28,26,54
50101,POTOSI,desnutricion global,nutricion normal (n),2006-02-01,890,682,313,279,1203,961,2164
10302,PRESTO,desnutricion global,nutricion normal (n),2006-02-01,80,78,118,76,198,154,352
70805,PUCARA,desnutricion global,nutricion normal (n),2006-02-01,18,13,21,13,39,26,65
21201,PUCARANI,desnutricion global,nutricion normal (n),2006-02-01,165,192,107,107,272,299,571
20401,PUERTO ACOSTA,desnutricion global,nutricion normal (n),2006-02-01,117,107,99,97,216,204,420
20403,PUERTO CARABUCO,desnutricion global,nutricion normal (n),2006-02-01,84,72,52,65,136,137,273
90301,PUERTO GONZALO MORENO,desnutricion global,nutricion normal (n),2006-02-01,26,27,17,21,43,48,91
21204,PUERTO PEREZ,desnutricion global,nutricion normal (n),2006-02-01,43,46,48,60,91,106,197
71402,PUERTO QUIJARRO,desnutricion global,nutricion normal (n),2006-02-01,84,64,30,21,114,85,199
90201,PUERTO RICO,desnutricion global,nutricion normal (n),2006-02-01,41,63,36,62,77,125,202
80703,PUERTO SILES,desnutricion global,nutricion normal (n),2006-02-01,18,20,27,41,45,61,106
71401,PUERTO SUAREZ,desnutricion global,nutricion normal (n),2006-02-01,82,63,18,24,100,87,187
31205,PUERTO VILLARROEL,desnutricion global,nutricion normal (n),2006-02-01,287,249,211,183,498,432,930
51101,PUNA,desnutricion global,nutricion normal (n),2006-02-01,141,119,128,105,269,224,493
31401,PUNATA,desnutricion global,nutricion normal (n),2006-02-01,222,221,85,95,307,316,623
20604,QUIABAYA,desnutricion global,nutricion normal (n),2006-02-01,26,28,30,39,56,67,123
30901,QUILLACOLLO,desnutricion global,nutricion normal (n),2006-02-01,529,506,163,186,692,692,1384
21002,QUIME,desnutricion global,nutricion normal (n),2006-02-01,63,66,63,59,126,125,251
70904,QUIRUSILLAS,desnutricion global,nutricion normal (n),2006-02-01,5,10,9,8,14,18,32
50402,RAVELO,desnutricion global,nutricion normal (n),2006-02-01,120,126,128,96,248,222,470
80301,REYES,desnutricion global,nutricion normal (n),2006-02-01,60,73,55,36,115,109,224
80201,RIBERALTA,desnutricion global,nutricion normal (n),2006-02-01,668,540,695,230,1363,770,2133
70503,ROBORE,desnutricion global,nutricion normal (n),2006-02-01,72,78,71,69,143,147,290
80304,RURRENABAQUE,desnutricion global,nutricion normal (n),2006-02-01,103,98,38,33,141,131,272
40901,SABAYA,desnutricion global,nutricion normal (n),2006-02-01,19,12,17,19,36,31,67
31001,SACABA,desnutricion global,nutricion normal (n),2006-02-01,460,380,169,135,629,515,1144
30404,SACABAMBA,desnutricion global,nutricion normal (n),2006-02-01,16,20,9,10,25,30,55
50701,SACACA,desnutricion global,nutricion normal (n),2006-02-01,113,154,126,111,239,265,504
71302,SAIPINA,desnutricion global,nutricion normal (n),2006-02-01,17,22,20,20,37,42,79
40801,SALINAS DE GARCI MENDOZA,desnutricion global,nutricion normal (n),2006-02-01,57,47,59,51,116,98,214
70901,SAMAIPATA,desnutricion global,nutricion normal (n),2006-02-01,75,52,77,36,152,88,240
51601,SAN AGUSTIN,desnutricion global,nutricion normal (n),2006-02-01,10,4,5,6,15,10,25
80602,SAN ANDRES,desnutricion global,nutricion normal (n),2006-02-01,61,72,61,55,122,127,249
20805,SAN ANDRES DE MACHACA,desnutricion global,nutricion normal (n),2006-02-01,16,9,13,2,29,11,40
51003,SAN ANTONIO DE ESMORUCO,desnutricion global,nutricion normal (n),2006-02-01,2,3,6,7,8,10,18
71105,SAN ANTONIO DE LOMERIO,desnutricion global,nutricion normal (n),2006-02-01,46,62,44,42,90,104,194
31403,SAN BENITO,desnutricion global,nutricion normal (n),2006-02-01,53,52,35,22,88,74,162
80302,SAN BORJA,desnutricion global,nutricion normal (n),2006-02-01,316,324,148,126,464,450,914
21502,SAN BUENA VENTURA,desnutricion global,nutricion normal (n),2006-02-01,56,65,44,41,100,106,206
70402,SAN CARLOS,desnutricion global,nutricion normal (n),2006-02-01,172,169,72,70,244,239,483
80501,SAN IGNACIO,desnutricion global,nutricion normal (n),2006-02-01,159,141,126,113,285,254,539
70301,SAN IGNACIO DE VELASCO,desnutricion global,nutricion normal (n),2006-02-01,423,354,271,252,694,606,1300
80102,SAN JAVIER(BNI),desnutricion global,nutricion normal (n),2006-02-01,8,13,9,7,17,20,37
71102,SAN JAVIER(STC),desnutricion global,nutricion normal (n),2006-02-01,2,9,0,0,2,9,11
80701,SAN JOAQUIN,desnutricion global,nutricion normal (n),2006-02-01,29,31,27,33,56,64,120
70501,SAN JOSE DE CHIQUITOS,desnutricion global,nutricion normal (n),2006-02-01,68,59,57,50,125,109,234
70404,SAN JUAN DE YAPACANI,desnutricion global,nutricion normal (n),2006-02-01,111,82,47,50,158,132,290
71104,SAN JULIAN,desnutricion global,nutricion normal (n),2006-02-01,81,72,81,80,162,152,314
90302,SAN LORENZO(PND),desnutricion global,nutricion normal (n),2006-02-01,47,29,27,27,74,56,130
60501,SAN LORENZO(TJA),desnutricion global,nutricion normal (n),2006-02-01,84,76,55,68,139,144,283
10702,SAN LUCAS,desnutricion global,nutricion normal (n),2006-02-01,291,274,278,230,569,504,1073
71201,SAN MATIAS,desnutricion global,nutricion normal (n),2006-02-01,69,72,77,49,146,121,267
70302,SAN MIGUEL DE VELASCO,desnutricion global,nutricion normal (n),2006-02-01,113,90,98,67,211,157,368
51001,SAN PABLO DE LIPEZ,desnutricion global,nutricion normal (n),2006-02-01,20,13,8,7,28,20,48
71005,SAN PEDRO,desnutricion global,nutricion normal (n),2006-02-01,116,87,68,62,184,149,333
50501,SAN PEDRO DE BUENA VISTA,desnutricion global,nutricion normal (n),2006-02-01,70,43,63,51,133,94,227
21801,SAN PEDRO DE CURAHUARA,desnutricion global,nutricion normal (n),2006-02-01,25,13,18,10,43,23,66
21702,SAN PEDRO DE TIQUINA,desnutricion global,nutricion normal (n),2006-02-01,30,33,23,24,53,57,110
90202,SAN PEDRO(PND),desnutricion global,nutricion normal (n),2006-02-01,1,10,10,14,11,24,35
70303,SAN RAFAEL,desnutricion global,nutricion normal (n),2006-02-01,44,37,27,33,71,70,141
80702,SAN RAMON,desnutricion global,nutricion normal (n),2006-02-01,32,21,27,19,59,40,99
80401,SANTA ANA,desnutricion global,nutricion normal (n),2006-02-01,101,94,53,40,154,134,288
70101,SANTA CRUZ DE LA SIERRA,desnutricion global,nutricion normal (n),2006-02-01,4297,3912,2252,1989,6549,5901,12450
80303,SANTA ROSA,desnutricion global,nutricion normal (n),2006-02-01,3,6,2,6,5,12,17
70602,SANTA ROSA DEL SARA,desnutricion global,nutricion normal (n),2006-02-01,93,128,109,95,202,223,425
20308,SANTIAGO DE CALLAPA,desnutricion global,nutricion normal (n),2006-02-01,19,17,15,15,34,32,66
41401,SANTIAGO DE HUARI,desnutricion global,nutricion normal (n),2006-02-01,52,49,52,63,104,112,216
21901,SANTIAGO DE MACHACA,desnutricion global,nutricion normal (n),2006-02-01,23,18,11,8,34,26,60
30702,SANTIVAÑES,desnutricion global,nutricion normal (n),2006-02-01,32,34,41,24,73,58,131
40202,SANTUARIO DE QUILLACAS,desnutricion global,nutricion normal (n),2006-02-01,11,12,12,9,23,21,44
20902,SAPAHAQUI,desnutricion global,nutricion normal (n),2006-02-01,56,42,53,31,109,73,182
90303,SENA,desnutricion global,nutricion normal (n),2006-02-01,23,23,12,23,35,46,81
21301,SICA SICA (VILLA AROMA),desnutricion global,nutricion normal (n),2006-02-01,133,95,69,83,202,178,380
30703,SICAYA,desnutricion global,nutricion normal (n),2006-02-01,9,6,6,4,15,10,25
30902,SIPE SIPE,desnutricion global,nutricion normal (n),2006-02-01,240,258,178,142,418,400,818
10403,SOPACHUY,desnutricion global,nutricion normal (n),2006-02-01,74,75,70,78,144,153,297
40104,SORACACHI,desnutricion global,nutricion normal (n),2006-02-01,19,15,26,22,45,37,82
20601,SORATA,desnutricion global,nutricion normal (n),2006-02-01,88,86,109,86,197,172,369
10101,SUCRE,desnutricion global,nutricion normal (n),2006-02-01,1164,1093,743,669,1907,1762,3669
31404,TACACHI,desnutricion global,nutricion normal (n),2006-02-01,4,6,2,1,6,7,13
20603,TACACOMA,desnutricion global,nutricion normal (n),2006-02-01,40,34,30,23,70,57,127
50303,TACOBAMBA,desnutricion global,nutricion normal (n),2006-02-01,39,32,27,29,66,61,127
30602,TACOPAYA,desnutricion global,nutricion normal (n),2006-02-01,51,60,63,63,114,123,237
51402,TAHUA,desnutricion global,nutricion normal (n),2006-02-01,7,3,0,2,7,5,12
31101,TAPACARI,desnutricion global,nutricion normal (n),2006-02-01,106,95,53,48,159,143,302
10601,TARABUCO,desnutricion global,nutricion normal (n),2006-02-01,233,220,270,264,503,484,987
20807,TARACO,desnutricion global,nutricion normal (n),2006-02-01,28,33,38,37,66,70,136
30401,TARATA,desnutricion global,nutricion normal (n),2006-02-01,19,18,14,16,33,34,67
60101,TARIJA,desnutricion global,nutricion normal (n),2006-02-01,833,754,376,388,1209,1142,2351
10202,TARVITA,desnutricion global,nutricion normal (n),2006-02-01,113,91,105,102,218,193,411
20608,TEOPONTE,desnutricion global,nutricion normal (n),2006-02-01,45,49,52,46,97,95,192
20803,TIAWANACU,desnutricion global,nutricion normal (n),2006-02-01,55,52,24,32,79,84,163
50102,TINGUIPAYA,desnutricion global,nutricion normal (n),2006-02-01,109,85,89,57,198,142,340
20606,TIPUANI,desnutricion global,nutricion normal (n),2006-02-01,91,60,37,22,128,82,210
30903,TIQUIPAYA,desnutricion global,nutricion normal (n),2006-02-01,149,134,94,69,243,203,446
31601,TIRAQUE (CBBA),desnutricion global,nutricion normal (n),2006-02-01,235,169,94,122,329,291,620
21703,TITO YUPANQUI (PARQUIPUJIO),desnutricion global,nutricion normal (n),2006-02-01,7,7,16,9,23,16,39
30802,TOCO,desnutricion global,nutricion normal (n),2006-02-01,14,3,16,5,30,8,38
41502,TODOS SANTOS,desnutricion global,nutricion normal (n),2006-02-01,0,1,1,2,1,3,4
30803,TOLATA,desnutricion global,nutricion normal (n),2006-02-01,17,16,7,8,24,24,48
41001,TOLEDO,desnutricion global,nutricion normal (n),2006-02-01,19,15,25,22,44,37,81
51202,TOMAVE,desnutricion global,nutricion normal (n),2006-02-01,74,58,62,44,136,102,238
10402,TOMINA,desnutricion global,nutricion normal (n),2006-02-01,134,103,106,117,240,220,460
50502,TORO TORO,desnutricion global,nutricion normal (n),2006-02-01,138,104,77,82,215,186,401
31201,TOTORA(CBBA),desnutricion global,nutricion normal (n),2006-02-01,55,47,26,32,81,79,160
41301,TOTORA(ORR),desnutricion global,nutricion normal (n),2006-02-01,11,7,3,3,14,10,24
70802,TRIGAL,desnutricion global,nutricion normal (n),2006-02-01,13,11,15,17,28,28,56
80101,TRINIDAD,desnutricion global,nutricion normal (n),2006-02-01,584,444,301,231,885,675,1560
50801,TUPIZA,desnutricion global,nutricion normal (n),2006-02-01,253,260,229,201,482,461,943
40402,TURCO,desnutricion global,nutricion normal (n),2006-02-01,8,12,17,21,25,33,58
21302,UMALA,desnutricion global,nutricion normal (n),2006-02-01,24,27,36,30,60,57,117
50201,UNCIA,desnutricion global,nutricion normal (n),2006-02-01,83,83,52,46,135,129,264
60401,URIONDO (A. CONCEPCION),desnutricion global,nutricion normal (n),2006-02-01,118,85,68,53,186,138,324
71502,URUBICHA,desnutricion global,nutricion normal (n),2006-02-01,82,81,145,152,227,233,460
51201,UYUNI,desnutricion global,nutricion normal (n),2006-02-01,133,112,66,86,199,198,397
30502,VACAS,desnutricion global,nutricion normal (n),2006-02-01,58,42,21,24,79,66,145
70801,VALLEGRANDE,desnutricion global,nutricion normal (n),2006-02-01,82,79,68,65,150,144,294
20801,VIACHA,desnutricion global,nutricion normal (n),2006-02-01,183,188,85,90,268,278,546
31302,VILA VILA,desnutricion global,nutricion normal (n),2006-02-01,11,17,18,13,29,30,59
60303,VILLA MONTES,desnutricion global,nutricion normal (n),2006-02-01,147,137,122,122,269,259,528
90502,VILLA NUEVA (LOMA ALTA),desnutricion global,nutricion normal (n),2006-02-01,26,14,0,0,26,14,40
31402,VILLA RIVERO,desnutricion global,nutricion normal (n),2006-02-01,27,23,16,12,43,35,78
10801,VILLA SERRANO,desnutricion global,nutricion normal (n),2006-02-01,125,108,146,142,271,250,521
31003,VILLA TUNARI,desnutricion global,nutricion normal (n),2006-02-01,427,392,269,246,696,638,1334
11001,VILLA VACA GUZMAN (MUYUPAMPA),desnutricion global,nutricion normal (n),2006-02-01,86,92,111,128,197,220,417
51501,VILLAZON,desnutricion global,nutricion normal (n),2006-02-01,240,202,164,173,404,375,779
30904,VINTO,desnutricion global,nutricion normal (n),2006-02-01,0,1,1,2,1,3,4
50602,VITICHI,desnutricion global,nutricion normal (n),2006-02-01,86,111,130,69,216,180,396
20306,WALDO BALLIVIAN,desnutricion global,nutricion normal (n),2006-02-01,16,11,4,9,20,20,40
70201,WARNES,desnutricion global,nutricion normal (n),2006-02-01,437,364,218,236,655,600,1255
20903,YACO,desnutricion global,nutricion normal (n),2006-02-01,49,39,33,20,82,59,141
60301,YACUIBA,desnutricion global,nutricion normal (n),2006-02-01,280,306,170,144,450,450,900
10602,YAMPARAEZ,desnutricion global,nutricion normal (n),2006-02-01,102,113,160,135,262,248,510
21103,YANACACHI,desnutricion global,nutricion normal (n),2006-02-01,31,35,26,12,57,47,104
70403,YAPACANI,desnutricion global,nutricion normal (n),2006-02-01,498,364,241,187,739,551,1290
50103,YOCALLA,desnutricion global,nutricion normal (n),2006-02-01,18,19,33,35,51,54,105
10102,YOTALA,desnutricion global,nutricion normal (n),2006-02-01,60,46,93,85,153,131,284
60402,YUNCHARA,desnutricion global,nutricion normal (n),2006-02-01,46,42,63,55,109,97,206
10301,ZUDAÑEZ,desnutricion global,nutricion normal (n),2006-02-01,86,67,80,68,166,135,301
51302,ACACIO,desnutricion global,nutricion normal (n),2006-03-01,50,65,62,60,112,125,237
20201,ACHACACHI,desnutricion global,nutricion normal (n),2006-03-01,320,301,319,263,639,564,1203
20104,ACHOCALLA,desnutricion global,nutricion normal (n),2006-03-01,56,53,17,12,73,65,138
30201,AIQUILE,desnutricion global,nutricion normal (n),2006-03-01,91,58,50,47,141,105,246
31303,ALALAY,desnutricion global,nutricion normal (n),2006-03-01,27,10,1,4,28,14,42
10404,ALCALA,desnutricion global,nutricion normal (n),2006-03-01,30,20,31,39,61,59,120
20202,ANCORAIMES,desnutricion global,nutricion normal (n),2006-03-01,88,82,94,59,182,141,323
41201,ANDAMARCA,desnutricion global,nutricion normal (n),2006-03-01,8,15,18,14,26,29,55
30402,ANZALDO,desnutricion global,nutricion normal (n),2006-03-01,18,8,13,15,31,23,54
20701,APOLO,desnutricion global,nutricion normal (n),2006-03-01,107,103,85,63,192,166,358
51301,ARAMPAMPA,desnutricion global,nutricion normal (n),2006-03-01,50,33,39,45,89,78,167
30501,ARANI,desnutricion global,nutricion normal (n),2006-03-01,53,59,92,74,145,133,278
30403,ARBIETO,desnutricion global,nutricion normal (n),2006-03-01,15,7,20,15,35,22,57
30601,ARQUE,desnutricion global,nutricion normal (n),2006-03-01,42,30,20,22,62,52,114
71501,ASCENCION DE GUARAYOS,desnutricion global,nutricion normal (n),2006-03-01,12,7,5,2,17,9,26
50802,ATOCHA,desnutricion global,nutricion normal (n),2006-03-01,118,116,91,96,209,212,421
20503,AUCAPATA,desnutricion global,nutricion normal (n),2006-03-01,31,31,17,24,48,55,103
20502,AYATA,desnutricion global,nutricion normal (n),2006-03-01,72,66,40,41,112,107,219
21303,AYO AYO,desnutricion global,nutricion normal (n),2006-03-01,28,29,19,12,47,41,88
30301,AYOPAYA (V. DE INDEPENDENCIA),desnutricion global,nutricion normal (n),2006-03-01,116,123,84,76,200,199,399
10201,AZURDUY,desnutricion global,nutricion normal (n),2006-03-01,247,226,276,224,523,450,973
21203,BATALLAS,desnutricion global,nutricion normal (n),2006-03-01,102,89,39,42,141,131,272
80802,BAURES,desnutricion global,nutricion normal (n),2006-03-01,25,34,19,19,44,53,97
41202,BELEN DE ANDAMARCA,desnutricion global,nutricion normal (n),2006-03-01,10,8,4,8,14,16,30
50104,BELEN DE URMIRI,desnutricion global,nutricion normal (n),2006-03-01,24,14,7,8,31,22,53
90104,BELLA FLOR,desnutricion global,nutricion normal (n),2006-03-01,27,32,48,37,75,69,144
60202,BERMEJO,desnutricion global,nutricion normal (n),2006-03-01,56,62,43,112,99,174,273
50301,BETANZOS,desnutricion global,nutricion normal (n),2006-03-01,199,204,209,231,408,435,843
31501,BOLIVAR,desnutricion global,nutricion normal (n),2006-03-01,50,49,53,37,103,86,189
90103,BOLPEBRA,desnutricion global,nutricion normal (n),2006-03-01,9,8,13,11,22,19,41
70707,BOYUIBE,desnutricion global,nutricion normal (n),2006-03-01,30,21,15,23,45,44,89
70401,BUENA VISTA,desnutricion global,nutricion normal (n),2006-03-01,179,147,148,159,327,306,633
70703,CABEZAS,desnutricion global,nutricion normal (n),2006-03-01,117,97,110,101,227,198,425
20905,CAIROMA,desnutricion global,nutricion normal (n),2006-03-01,84,79,54,60,138,139,277
51102,"CAIZA ""D""",desnutricion global,nutricion normal (n),2006-03-01,84,61,83,76,167,137,304
21003,CAJUATA,desnutricion global,nutricion normal (n),2006-03-01,88,62,47,56,135,118,253
20303,CALACOTO,desnutricion global,nutricion normal (n),2006-03-01,38,34,35,34,73,68,141
21304,CALAMARCA,desnutricion global,nutricion normal (n),2006-03-01,75,101,65,56,140,157,297
10701,CAMARGO,desnutricion global,nutricion normal (n),2006-03-01,146,142,109,96,255,238,493
10901,CAMATAQUI (C. VILLA ABECIA),desnutricion global,nutricion normal (n),2006-03-01,34,23,39,28,73,51,124
70706,CAMIRI,desnutricion global,nutricion normal (n),2006-03-01,313,259,247,208,560,467,1027
30701,CAPINOTA,desnutricion global,nutricion normal (n),2006-03-01,67,61,36,31,103,92,195
20302,CAQUIAVIRI,desnutricion global,nutricion normal (n),2006-03-01,41,58,49,28,90,86,176
40102,CARACOLLO,desnutricion global,nutricion normal (n),2006-03-01,111,106,24,40,135,146,281
22001,CARANAVI,desnutricion global,nutricion normal (n),2006-03-01,493,435,265,282,758,717,1475
41503,CARANGAS,desnutricion global,nutricion normal (n),2006-03-01,0,0,0,3,0,3,3
60302,CARAPARI,desnutricion global,nutricion normal (n),2006-03-01,91,95,69,92,160,187,347
50702,CARIPUYO,desnutricion global,nutricion normal (n),2006-03-01,116,102,126,96,242,198,440
71403,CARMEN RIVERO TORREZ,desnutricion global,nutricion normal (n),2006-03-01,27,15,7,17,34,32,66
21902,CATACORA,desnutricion global,nutricion normal (n),2006-03-01,16,10,16,11,32,21,53
21803,CHACARILLA,desnutricion global,nutricion normal (n),2006-03-01,27,7,1,10,28,17,45
40201,CHALLAPATA,desnutricion global,nutricion normal (n),2006-03-01,165,148,92,79,257,227,484
50302,CHAQUI,desnutricion global,nutricion normal (n),2006-03-01,59,51,47,47,106,98,204
70702,CHARAGUA,desnutricion global,nutricion normal (n),2006-03-01,175,166,133,139,308,305,613
20305,CHARAÑA,desnutricion global,nutricion normal (n),2006-03-01,18,17,20,17,38,34,72
50202,CHAYANTA,desnutricion global,nutricion normal (n),2006-03-01,90,57,47,42,137,99,236
31204,CHIMORE,desnutricion global,nutricion normal (n),2006-03-01,49,33,20,10,69,43,112
40903,CHIPAYA,desnutricion global,nutricion normal (n),2006-03-01,7,9,6,11,13,20,33
40302,CHOQUE COTA,desnutricion global,nutricion normal (n),2006-03-01,8,7,8,6,16,13,29
21101,CHULUMANI (V. DE LA LIBERTAD),desnutricion global,nutricion normal (n),2006-03-01,85,72,39,51,124,123,247
20501,CHUMA,desnutricion global,nutricion normal (n),2006-03-01,57,52,46,45,103,97,200
30801,CLIZA,desnutricion global,nutricion normal (n),2006-03-01,106,119,47,67,153,186,339
90101,COBIJA,desnutricion global,nutricion normal (n),2006-03-01,276,231,121,140,397,371,768
30101,COCHABAMBA,desnutricion global,nutricion normal (n),2006-03-01,2168,1970,1086,953,3254,2923,6177
40902,COIPASA,desnutricion global,nutricion normal (n),2006-03-01,2,0,2,2,4,2,6
30905,COLCAPIRHUA,desnutricion global,nutricion normal (n),2006-03-01,272,216,125,124,397,340,737
50901,"COLCHA ""K""",desnutricion global,nutricion normal (n),2006-03-01,108,104,71,82,179,186,365
21307,COLLANA,desnutricion global,nutricion normal (n),2006-03-01,9,9,14,3,23,12,35
31002,COLOMI,desnutricion global,nutricion normal (n),2006-03-01,177,130,88,94,265,224,489
70603,COLPA BELGICA,desnutricion global,nutricion normal (n),2006-03-01,43,51,26,20,69,71,140
50401,COLQUECHACA,desnutricion global,nutricion normal (n),2006-03-01,152,158,85,75,237,233,470
21306,COLQUENCHA,desnutricion global,nutricion normal (n),2006-03-01,34,54,31,26,65,80,145
21004,COLQUIRI,desnutricion global,nutricion normal (n),2006-03-01,134,109,72,70,206,179,385
20304,COMANCHE,desnutricion global,nutricion normal (n),2006-03-01,21,16,15,15,36,31,67
71301,COMARAPA,desnutricion global,nutricion normal (n),2006-03-01,118,117,82,116,200,233,433
20605,COMBAYA,desnutricion global,nutricion normal (n),2006-03-01,8,8,9,7,17,15,32
71101,CONCEPCION,desnutricion global,nutricion normal (n),2006-03-01,263,239,150,116,413,355,768
21701,COPACABANA,desnutricion global,nutricion normal (n),2006-03-01,65,70,75,63,140,133,273
21402,CORIPATA,desnutricion global,nutricion normal (n),2006-03-01,109,101,93,78,202,179,381
20301,CORO CORO,desnutricion global,nutricion normal (n),2006-03-01,43,48,23,27,66,75,141
21401,COROICO,desnutricion global,nutricion normal (n),2006-03-01,102,88,71,50,173,138,311
40301,CORQUE,desnutricion global,nutricion normal (n),2006-03-01,20,14,20,20,40,34,74
50601,COTAGAITA,desnutricion global,nutricion normal (n),2006-03-01,162,149,132,127,294,276,570
70102,COTOCA,desnutricion global,nutricion normal (n),2006-03-01,273,235,103,75,376,310,686
71106,CUATRO CAÑADAS,desnutricion global,nutricion normal (n),2006-03-01,62,52,61,43,123,95,218
31405,CUCHUMUELA (V. G. VILLARROEL),desnutricion global,nutricion normal (n),2006-03-01,4,6,6,4,10,10,20
70704,CUEVO,desnutricion global,nutricion normal (n),2006-03-01,18,51,29,41,47,92,139
10902,CULPINA,desnutricion global,nutricion normal (n),2006-03-01,209,205,174,179,383,384,767
40401,CURAHUARA DE CARANGAS,desnutricion global,nutricion normal (n),2006-03-01,31,30,19,12,50,42,92
21602,CURVA,desnutricion global,nutricion normal (n),2006-03-01,8,8,2,0,10,8,18
20804,DESAGUADERO,desnutricion global,nutricion normal (n),2006-03-01,31,23,35,21,66,44,110
20105,EL ALTO,desnutricion global,nutricion normal (n),2006-03-01,4065,3824,1864,2027,5929,5851,11780
40103,EL CHORO,desnutricion global,nutricion normal (n),2006-03-01,22,12,16,14,38,26,64
71503,EL PUENTE(STC),desnutricion global,nutricion normal (n),2006-03-01,250,217,179,214,429,431,860
60502,EL PUENTE(TJA),desnutricion global,nutricion normal (n),2006-03-01,61,51,90,77,151,128,279
70105,EL TORNO,desnutricion global,nutricion normal (n),2006-03-01,238,214,102,105,340,319,659
10405,EL VILLAR,desnutricion global,nutricion normal (n),2006-03-01,85,70,83,53,168,123,291
60601,ENTRE RIOS,desnutricion global,nutricion normal (n),2006-03-01,196,159,155,140,351,299,650
60601,ENTRE RIOS,desnutricion global,nutricion normal (n),2006-03-01,126,126,91,88,217,214,431
40502,ESCARA,desnutricion global,nutricion normal (n),2006-03-01,2,4,1,0,3,4,7
41101,EUCALIPTUS,desnutricion global,nutricion normal (n),2006-03-01,38,41,47,39,85,80,165
90503,EUREKA (SANTOS MERCADO),desnutricion global,nutricion normal (n),2006-03-01,18,26,22,25,40,51,91
80402,EXALTACION,desnutricion global,nutricion normal (n),2006-03-01,16,8,14,12,30,20,50
71004,FERNANDEZ ALONSO,desnutricion global,nutricion normal (n),2006-03-01,116,126,127,137,243,263,506
90203,FILADELFIA,desnutricion global,nutricion normal (n),2006-03-01,38,44,39,38,77,82,159
71002,GENERAL SAAVEDRA,desnutricion global,nutricion normal (n),2006-03-01,172,121,150,196,322,317,639
21601,GRAL. J.J. PEREZ (CHARAZANI),desnutricion global,nutricion normal (n),2006-03-01,80,66,54,47,134,113,247
20602,GUANAY,desnutricion global,nutricion normal (n),2006-03-01,93,102,81,72,174,174,348
20802,GUAQUI,desnutricion global,nutricion normal (n),2006-03-01,33,39,19,12,52,51,103
80202,GUAYARAMERIN,desnutricion global,nutricion normal (n),2006-03-01,240,231,155,148,395,379,774
70705,GUTIERREZ,desnutricion global,nutricion normal (n),2006-03-01,99,93,123,120,222,213,435
10502,HUACARETA,desnutricion global,nutricion normal (n),2006-03-01,112,108,118,112,230,220,450
11002,HUACAYA (VILLA DE HUACAYA),desnutricion global,nutricion normal (n),2006-03-01,42,38,41,38,83,76,159
40501,HUACHACALLA,desnutricion global,nutricion normal (n),2006-03-01,5,5,14,7,19,12,31
40701,HUANUNI,desnutricion global,nutricion normal (n),2006-03-01,187,181,62,75,249,256,505
80803,HUARACAJE,desnutricion global,nutricion normal (n),2006-03-01,27,25,18,27,45,52,97
41601,HUAYLLAMARCA,desnutricion global,nutricion normal (n),2006-03-01,31,10,15,24,46,34,80
21005,ICHOCA,desnutricion global,nutricion normal (n),2006-03-01,46,24,35,31,81,55,136
10304,ICLA,desnutricion global,nutricion normal (n),2006-03-01,85,107,117,105,202,212,414
10703,INCAHUASI,desnutricion global,nutricion normal (n),2006-03-01,199,200,174,167,373,367,740
90402,INGAVI (HUMAITA),desnutricion global,nutricion normal (n),2006-03-01,16,11,13,18,29,29,58
21001,INQUISIVI,desnutricion global,nutricion normal (n),2006-03-01,106,105,55,59,161,164,325
21102,IRUPANA (VILLA DE LANZA),desnutricion global,nutricion normal (n),2006-03-01,103,115,103,110,206,225,431
21501,IXIAMAS,desnutricion global,nutricion normal (n),2006-03-01,69,56,67,35,136,91,227
20806,JESUS DE MACHACA,desnutricion global,nutricion normal (n),2006-03-01,61,49,29,27,90,76,166
21105,LA ASUNTA,desnutricion global,nutricion normal (n),2006-03-01,141,110,67,59,208,169,377
70104,LA GUARDIA,desnutricion global,nutricion normal (n),2006-03-01,407,412,183,172,590,584,1174
20101,LA PAZ,desnutricion global,nutricion normal (n),2006-03-01,3418,3183,1965,1910,5383,5093,10476
41501,LA RIVERA,desnutricion global,nutricion normal (n),2006-03-01,1,4,1,1,2,5,7
70701,LAGUNILLAS,desnutricion global,nutricion normal (n),2006-03-01,88,69,89,93,177,162,339
21202,LAJA,desnutricion global,nutricion normal (n),2006-03-01,127,113,56,40,183,153,336
10903,LAS CARRERAS,desnutricion global,nutricion normal (n),2006-03-01,51,48,43,42,94,90,184
21006,LICOMA PAMPA,desnutricion global,nutricion normal (n),2006-03-01,16,16,24,36,40,52,92
50203,LLALLAGUA,desnutricion global,nutricion normal (n),2006-03-01,223,183,141,192,364,375,739
51401,LLICA,desnutricion global,nutricion normal (n),2006-03-01,39,29,33,29,72,58,130
80601,LORETO,desnutricion global,nutricion normal (n),2006-03-01,32,45,41,44,73,89,162
20901,LURIBAY,desnutricion global,nutricion normal (n),2006-03-01,87,84,92,98,179,182,361
40702,MACHACAMARCA,desnutricion global,nutricion normal (n),2006-03-01,33,32,45,24,78,56,134
11003,MACHARETI,desnutricion global,nutricion normal (n),2006-03-01,74,102,117,127,191,229,420
80801,MAGDALENA,desnutricion global,nutricion normal (n),2006-03-01,61,45,31,30,92,75,167
70903,MAIRANA,desnutricion global,nutricion normal (n),2006-03-01,75,65,26,15,101,80,181
20904,MALLA,desnutricion global,nutricion normal (n),2006-03-01,27,18,29,33,56,51,107
20607,MAPIRI,desnutricion global,nutricion normal (n),2006-03-01,126,113,67,64,193,177,370
20103,MECAPACA,desnutricion global,nutricion normal (n),2006-03-01,81,68,44,23,125,91,216
71003,MINEROS,desnutricion global,nutricion normal (n),2006-03-01,154,130,142,120,296,250,546
31301,MIZQUE,desnutricion global,nutricion normal (n),2006-03-01,133,107,108,93,241,200,441
20402,MOCOMOCO,desnutricion global,nutricion normal (n),2006-03-01,83,98,43,50,126,148,274
51002,MOJINETE,desnutricion global,nutricion normal (n),2006-03-01,0,0,2,0,2,0,2
10303,MOJOCOYA,desnutricion global,nutricion normal (n),2006-03-01,70,54,98,72,168,126,294
10501,MONTEAGUDO,desnutricion global,nutricion normal (n),2006-03-01,225,229,215,196,440,425,865
71001,MONTERO,desnutricion global,nutricion normal (n),2006-03-01,1228,1119,800,767,2028,1886,3914
70803,MORO MORO,desnutricion global,nutricion normal (n),2006-03-01,26,26,34,18,60,44,104
30302,MOROCHATA,desnutricion global,nutricion normal (n),2006-03-01,114,96,127,119,241,215,456
90401,NACEBE (SANTA ROSA DEL ABUNA),desnutricion global,nutricion normal (n),2006-03-01,9,13,18,11,27,24,51
20307,NAZACARA DE PACAJES,desnutricion global,nutricion normal (n),2006-03-01,3,1,9,1,12,2,14
90501,NUEVO MANOA (NUEVA ESPERANZA),desnutricion global,nutricion normal (n),2006-03-01,6,13,7,17,13,30,43
50404,OCURI,desnutricion global,nutricion normal (n),2006-03-01,143,137,99,90,242,227,469
70202,OKINAWA,desnutricion global,nutricion normal (n),2006-03-01,137,150,128,112,265,262,527
30203,OMEREQUE,desnutricion global,nutricion normal (n),2006-03-01,20,29,8,11,28,40,68
40101,ORURO,desnutricion global,nutricion normal (n),2006-03-01,1419,1312,780,697,2199,2009,4208
60201,PADCAYA,desnutricion global,nutricion normal (n),2006-03-01,144,149,121,109,265,258,523
10401,PADILLA,desnutricion global,nutricion normal (n),2006-03-01,135,129,177,158,312,287,599
70502,PAILON,desnutricion global,nutricion normal (n),2006-03-01,11,232,171,18,182,250,432
20102,PALCA,desnutricion global,nutricion normal (n),2006-03-01,72,62,18,18,90,80,170
21104,PALOS BLANCOS,desnutricion global,nutricion normal (n),2006-03-01,224,207,157,149,381,356,737
40802,PAMPA AULLAGAS,desnutricion global,nutricion normal (n),2006-03-01,22,14,19,17,41,31,72
70902,PAMPA GRANDE,desnutricion global,nutricion normal (n),2006-03-01,69,77,54,41,123,118,241
21802,PAPEL PAMPA,desnutricion global,nutricion normal (n),2006-03-01,22,9,11,9,33,18,51
30202,PASORAPA,desnutricion global,nutricion normal (n),2006-03-01,27,20,42,32,69,52,121
21305,PATACAMAYA,desnutricion global,nutricion normal (n),2006-03-01,170,129,74,56,244,185,429
40602,PAZÑA,desnutricion global,nutricion normal (n),2006-03-01,28,42,29,20,57,62,119
20702,PELECHUCO,desnutricion global,nutricion normal (n),2006-03-01,34,19,22,14,56,33,89
50403,POCOATA,desnutricion global,nutricion normal (n),2006-03-01,127,114,110,97,237,211,448
31203,POCONA,desnutricion global,nutricion normal (n),2006-03-01,72,49,54,34,126,83,209
31202,POJO (CBBA),desnutricion global,nutricion normal (n),2006-03-01,112,104,117,105,229,209,438
40601,POOPO,desnutricion global,nutricion normal (n),2006-03-01,30,114,24,30,54,144,198
51203,PORCO,desnutricion global,nutricion normal (n),2006-03-01,40,48,12,13,52,61,113
10103,POROMA,desnutricion global,nutricion normal (n),2006-03-01,147,105,136,126,283,231,514
70103,PORONGO,desnutricion global,nutricion normal (n),2006-03-01,74,27,33,19,107,46,153
70601,PORTACHUELO,desnutricion global,nutricion normal (n),2006-03-01,168,169,182,174,350,343,693
90102,PORVENIR,desnutricion global,nutricion normal (n),2006-03-01,37,33,15,15,52,48,100
70804,POSTRER VALLE,desnutricion global,nutricion normal (n),2006-03-01,26,14,20,24,46,38,84
50101,POTOSI,desnutricion global,nutricion normal (n),2006-03-01,1002,755,492,420,1494,1175,2669
10302,PRESTO,desnutricion global,nutricion normal (n),2006-03-01,79,83,122,91,201,174,375
70805,PUCARA,desnutricion global,nutricion normal (n),2006-03-01,8,3,5,3,13,6,19
21201,PUCARANI,desnutricion global,nutricion normal (n),2006-03-01,181,151,133,127,314,278,592
20401,PUERTO ACOSTA,desnutricion global,nutricion normal (n),2006-03-01,115,97,139,109,254,206,460
20403,PUERTO CARABUCO,desnutricion global,nutricion normal (n),2006-03-01,102,106,92,101,194,207,401
90301,PUERTO GONZALO MORENO,desnutricion global,nutricion normal (n),2006-03-01,57,37,46,49,103,86,189
21204,PUERTO PEREZ,desnutricion global,nutricion normal (n),2006-03-01,69,44,42,43,111,87,198
71402,PUERTO QUIJARRO,desnutricion global,nutricion normal (n),2006-03-01,98,106,22,34,120,140,260
90201,PUERTO RICO,desnutricion global,nutricion normal (n),2006-03-01,81,75,63,65,144,140,284
80703,PUERTO SILES,desnutricion global,nutricion normal (n),2006-03-01,4,9,3,4,7,13,20
71401,PUERTO SUAREZ,desnutricion global,nutricion normal (n),2006-03-01,88,86,25,37,113,123,236
31205,PUERTO VILLARROEL,desnutricion global,nutricion normal (n),2006-03-01,378,361,296,253,674,614,1288
51101,PUNA,desnutricion global,nutricion normal (n),2006-03-01,205,146,157,118,362,264,626
31401,PUNATA,desnutricion global,nutricion normal (n),2006-03-01,282,297,66,69,348,366,714
20604,QUIABAYA,desnutricion global,nutricion normal (n),2006-03-01,11,9,16,9,27,18,45
30901,QUILLACOLLO,desnutricion global,nutricion normal (n),2006-03-01,758,746,292,302,1050,1048,2098
21002,QUIME,desnutricion global,nutricion normal (n),2006-03-01,72,79,53,70,125,149,274
70904,QUIRUSILLAS,desnutricion global,nutricion normal (n),2006-03-01,31,14,8,6,39,20,59
50402,RAVELO,desnutricion global,nutricion normal (n),2006-03-01,134,154,163,135,297,289,586
80301,REYES,desnutricion global,nutricion normal (n),2006-03-01,67,99,68,56,135,155,290
80201,RIBERALTA,desnutricion global,nutricion normal (n),2006-03-01,771,657,330,318,1101,975,2076
70503,ROBORE,desnutricion global,nutricion normal (n),2006-03-01,112,111,90,71,202,182,384
80304,RURRENABAQUE,desnutricion global,nutricion normal (n),2006-03-01,150,123,59,51,209,174,383
40901,SABAYA,desnutricion global,nutricion normal (n),2006-03-01,23,13,13,16,36,29,65
31001,SACABA,desnutricion global,nutricion normal (n),2006-03-01,711,624,310,257,1021,881,1902
30404,SACABAMBA,desnutricion global,nutricion normal (n),2006-03-01,27,19,15,9,42,28,70
50701,SACACA,desnutricion global,nutricion normal (n),2006-03-01,149,121,137,111,286,232,518
71302,SAIPINA,desnutricion global,nutricion normal (n),2006-03-01,36,35,34,30,70,65,135
40801,SALINAS DE GARCI MENDOZA,desnutricion global,nutricion normal (n),2006-03-01,75,68,95,87,170,155,325
70901,SAMAIPATA,desnutricion global,nutricion normal (n),2006-03-01,73,59,56,43,129,102,231
51601,SAN AGUSTIN,desnutricion global,nutricion normal (n),2006-03-01,24,22,27,29,51,51,102
80602,SAN ANDRES,desnutricion global,nutricion normal (n),2006-03-01,80,89,83,84,163,173,336
20805,SAN ANDRES DE MACHACA,desnutricion global,nutricion normal (n),2006-03-01,30,15,27,28,57,43,100
51003,SAN ANTONIO DE ESMORUCO,desnutricion global,nutricion normal (n),2006-03-01,17,19,18,19,35,38,73
71105,SAN ANTONIO DE LOMERIO,desnutricion global,nutricion normal (n),2006-03-01,107,81,117,104,224,185,409
31403,SAN BENITO,desnutricion global,nutricion normal (n),2006-03-01,74,78,49,35,123,113,236
80302,SAN BORJA,desnutricion global,nutricion normal (n),2006-03-01,385,340,167,181,552,521,1073
21502,SAN BUENA VENTURA,desnutricion global,nutricion normal (n),2006-03-01,70,65,50,47,120,112,232
70402,SAN CARLOS,desnutricion global,nutricion normal (n),2006-03-01,164,182,130,89,294,271,565
80501,SAN IGNACIO,desnutricion global,nutricion normal (n),2006-03-01,187,146,117,116,304,262,566
70301,SAN IGNACIO DE VELASCO,desnutricion global,nutricion normal (n),2006-03-01,502,456,376,334,878,790,1668
80102,SAN JAVIER(BNI),desnutricion global,nutricion normal (n),2006-03-01,17,14,23,21,40,35,75
80701,SAN JOAQUIN,desnutricion global,nutricion normal (n),2006-03-01,32,33,28,29,60,62,122
70501,SAN JOSE DE CHIQUITOS,desnutricion global,nutricion normal (n),2006-03-01,100,111,108,99,208,210,418
70404,SAN JUAN DE YAPACANI,desnutricion global,nutricion normal (n),2006-03-01,127,113,87,87,214,200,414
71104,SAN JULIAN,desnutricion global,nutricion normal (n),2006-03-01,327,320,147,172,474,492,966
90302,SAN LORENZO(PND),desnutricion global,nutricion normal (n),2006-03-01,33,16,16,10,49,26,75
60501,SAN LORENZO(TJA),desnutricion global,nutricion normal (n),2006-03-01,150,120,94,92,244,212,456
10702,SAN LUCAS,desnutricion global,nutricion normal (n),2006-03-01,331,316,327,303,658,619,1277
71201,SAN MATIAS,desnutricion global,nutricion normal (n),2006-03-01,108,94,67,65,175,159,334
70302,SAN MIGUEL DE VELASCO,desnutricion global,nutricion normal (n),2006-03-01,108,94,47,36,155,130,285
51001,SAN PABLO DE LIPEZ,desnutricion global,nutricion normal (n),2006-03-01,24,26,15,12,39,38,77
71005,SAN PEDRO,desnutricion global,nutricion normal (n),2006-03-01,112,86,78,77,190,163,353
50501,SAN PEDRO DE BUENA VISTA,desnutricion global,nutricion normal (n),2006-03-01,107,101,83,77,190,178,368
21801,SAN PEDRO DE CURAHUARA,desnutricion global,nutricion normal (n),2006-03-01,41,37,36,35,77,72,149
50902,SAN PEDRO DE QUEMES,desnutricion global,nutricion normal (n),2006-03-01,3,13,8,7,11,20,31
21702,SAN PEDRO DE TIQUINA,desnutricion global,nutricion normal (n),2006-03-01,28,25,18,25,46,50,96
70303,SAN RAFAEL,desnutricion global,nutricion normal (n),2006-03-01,41,49,42,34,83,83,166
80702,SAN RAMON,desnutricion global,nutricion normal (n),2006-03-01,34,66,25,18,59,84,143
80401,SANTA ANA,desnutricion global,nutricion normal (n),2006-03-01,122,139,71,64,193,203,396
70101,SANTA CRUZ DE LA SIERRA,desnutricion global,nutricion normal (n),2006-03-01,6104,5689,2829,3123,8933,8812,17745
80303,SANTA ROSA,desnutricion global,nutricion normal (n),2006-03-01,45,64,60,46,105,110,215
70602,SANTA ROSA DEL SARA,desnutricion global,nutricion normal (n),2006-03-01,93,123,88,82,181,205,386
20308,SANTIAGO DE CALLAPA,desnutricion global,nutricion normal (n),2006-03-01,25,21,14,20,39,41,80
41401,SANTIAGO DE HUARI,desnutricion global,nutricion normal (n),2006-03-01,31,35,27,24,58,59,117
21901,SANTIAGO DE MACHACA,desnutricion global,nutricion normal (n),2006-03-01,28,30,18,9,46,39,85
30702,SANTIVAÑES,desnutricion global,nutricion normal (n),2006-03-01,61,50,32,18,93,68,161
40202,SANTUARIO DE QUILLACAS,desnutricion global,nutricion normal (n),2006-03-01,12,14,14,9,26,23,49
20902,SAPAHAQUI,desnutricion global,nutricion normal (n),2006-03-01,64,56,56,45,120,101,221
90303,SENA,desnutricion global,nutricion normal (n),2006-03-01,59,31,67,57,126,88,214
21301,SICA SICA (VILLA AROMA),desnutricion global,nutricion normal (n),2006-03-01,141,147,110,105,251,252,503
30703,SICAYA,desnutricion global,nutricion normal (n),2006-03-01,24,15,7,10,31,25,56
30902,SIPE SIPE,desnutricion global,nutricion normal (n),2006-03-01,336,300,192,195,528,495,1023
10403,SOPACHUY,desnutricion global,nutricion normal (n),2006-03-01,126,104,102,92,228,196,424
40104,SORACACHI,desnutricion global,nutricion normal (n),2006-03-01,43,52,56,68,99,120,219
20601,SORATA,desnutricion global,nutricion normal (n),2006-03-01,120,80,105,101,225,181,406
10101,SUCRE,desnutricion global,nutricion normal (n),2006-03-01,1422,1429,1049,919,2471,2348,4819
31404,TACACHI,desnutricion global,nutricion normal (n),2006-03-01,6,8,1,2,7,10,17
20603,TACACOMA,desnutricion global,nutricion normal (n),2006-03-01,36,22,42,58,78,80,158
50303,TACOBAMBA,desnutricion global,nutricion normal (n),2006-03-01,94,69,71,45,165,114,279
30602,TACOPAYA,desnutricion global,nutricion normal (n),2006-03-01,77,51,68,65,145,116,261
51402,TAHUA,desnutricion global,nutricion normal (n),2006-03-01,9,11,6,10,15,21,36
31101,TAPACARI,desnutricion global,nutricion normal (n),2006-03-01,167,174,169,156,336,330,666
10601,TARABUCO,desnutricion global,nutricion normal (n),2006-03-01,182,157,239,235,421,392,813
20807,TARACO,desnutricion global,nutricion normal (n),2006-03-01,29,35,31,33,60,68,128
30401,TARATA,desnutricion global,nutricion normal (n),2006-03-01,6,11,12,5,18,16,34
60101,TARIJA,desnutricion global,nutricion normal (n),2006-03-01,1147,1067,599,601,1746,1668,3414
10202,TARVITA,desnutricion global,nutricion normal (n),2006-03-01,221,181,245,213,466,394,860
20608,TEOPONTE,desnutricion global,nutricion normal (n),2006-03-01,71,71,89,81,160,152,312
20803,TIAWANACU,desnutricion global,nutricion normal (n),2006-03-01,78,75,48,60,126,135,261
50102,TINGUIPAYA,desnutricion global,nutricion normal (n),2006-03-01,145,85,83,49,228,134,362
20606,TIPUANI,desnutricion global,nutricion normal (n),2006-03-01,90,60,27,28,117,88,205
30903,TIQUIPAYA,desnutricion global,nutricion normal (n),2006-03-01,265,201,164,160,429,361,790
31601,TIRAQUE (CBBA),desnutricion global,nutricion normal (n),2006-03-01,317,230,172,185,489,415,904
21703,TITO YUPANQUI (PARQUIPUJIO),desnutricion global,nutricion normal (n),2006-03-01,6,12,11,10,17,22,39
30802,TOCO,desnutricion global,nutricion normal (n),2006-03-01,16,7,22,19,38,26,64
41502,TODOS SANTOS,desnutricion global,nutricion normal (n),2006-03-01,2,1,1,0,3,1,4
30803,TOLATA,desnutricion global,nutricion normal (n),2006-03-01,48,48,18,16,66,64,130
41001,TOLEDO,desnutricion global,nutricion normal (n),2006-03-01,40,32,42,53,82,85,167
51202,TOMAVE,desnutricion global,nutricion normal (n),2006-03-01,81,33,56,17,137,50,187
10402,TOMINA,desnutricion global,nutricion normal (n),2006-03-01,136,102,107,105,243,207,450
50502,TORO TORO,desnutricion global,nutricion normal (n),2006-03-01,134,107,111,109,245,216,461
31201,TOTORA(CBBA),desnutricion global,nutricion normal (n),2006-03-01,119,87,35,48,154,135,289
41301,TOTORA(ORR),desnutricion global,nutricion normal (n),2006-03-01,23,18,22,23,45,41,86
70802,TRIGAL,desnutricion global,nutricion normal (n),2006-03-01,12,5,27,17,39,22,61
80101,TRINIDAD,desnutricion global,nutricion normal (n),2006-03-01,741,568,422,335,1163,903,2066
50801,TUPIZA,desnutricion global,nutricion normal (n),2006-03-01,335,349,379,365,714,714,1428
40402,TURCO,desnutricion global,nutricion normal (n),2006-03-01,29,22,27,37,56,59,115
21302,UMALA,desnutricion global,nutricion normal (n),2006-03-01,23,22,39,31,62,53,115
50201,UNCIA,desnutricion global,nutricion normal (n),2006-03-01,109,76,87,56,196,132,328
60401,URIONDO (A. CONCEPCION),desnutricion global,nutricion normal (n),2006-03-01,125,98,104,119,229,217,446
51201,UYUNI,desnutricion global,nutricion normal (n),2006-03-01,394,350,184,168,578,518,1096
30502,VACAS,desnutricion global,nutricion normal (n),2006-03-01,60,51,35,40,95,91,186
70801,VALLEGRANDE,desnutricion global,nutricion normal (n),2006-03-01,106,119,79,76,185,195,380
20801,VIACHA,desnutricion global,nutricion normal (n),2006-03-01,192,184,112,117,304,301,605
31302,VILA VILA,desnutricion global,nutricion normal (n),2006-03-01,31,35,45,51,76,86,162
60303,VILLA MONTES,desnutricion global,nutricion normal (n),2006-03-01,195,158,167,174,362,332,694
90502,VILLA NUEVA (LOMA ALTA),desnutricion global,nutricion normal (n),2006-03-01,8,20,20,15,28,35,63
31402,VILLA RIVERO,desnutricion global,nutricion normal (n),2006-03-01,27,30,14,6,41,36,77
10801,VILLA SERRANO,desnutricion global,nutricion normal (n),2006-03-01,144,137,163,154,307,291,598
31003,VILLA TUNARI,desnutricion global,nutricion normal (n),2006-03-01,450,391,267,265,717,656,1373
11001,VILLA VACA GUZMAN (MUYUPAMPA),desnutricion global,nutricion normal (n),2006-03-01,130,103,165,180,295,283,578
51501,VILLAZON,desnutricion global,nutricion normal (n),2006-03-01,279,249,200,224,479,473,952
30904,VINTO,desnutricion global,nutricion normal (n),2006-03-01,113,84,21,21,134,105,239
50602,VITICHI,desnutricion global,nutricion normal (n),2006-03-01,86,93,77,73,163,166,329
20306,WALDO BALLIVIAN,desnutricion global,nutricion normal (n),2006-03-01,12,6,5,4,17,10,27
70201,WARNES,desnutricion global,nutricion normal (n),2006-03-01,465,433,268,253,733,686,1419
20903,YACO,desnutricion global,nutricion normal (n),2006-03-01,39,30,24,10,63,40,103
60301,YACUIBA,desnutricion global,nutricion normal (n),2006-03-01,340,302,262,209,602,511,1113
10602,YAMPARAEZ,desnutricion global,nutricion normal (n),2006-03-01,96,107,141,136,237,243,480
21103,YANACACHI,desnutricion global,nutricion normal (n),2006-03-01,22,24,18,21,40,45,85
70403,YAPACANI,desnutricion global,nutricion normal (n),2006-03-01,389,353,216,229,605,582,1187
50103,YOCALLA,desnutricion global,nutricion normal (n),2006-03-01,13,15,13,16,26,31,57
10102,YOTALA,desnutricion global,nutricion normal (n),2006-03-01,100,84,139,141,239,225,464
60402,YUNCHARA,desnutricion global,nutricion normal (n),2006-03-01,42,43,62,47,104,90,194
10301,ZUDAÑEZ,desnutricion global,nutricion normal (n),2006-03-01,80,65,68,59,148,124,272
51302,ACACIO,desnutricion global,nutricion normal (n),2006-04-01,57,65,58,64,115,129,244
20201,ACHACACHI,desnutricion global,nutricion normal (n),2006-04-01,284,255,182,190,466,445,911
20104,ACHOCALLA,desnutricion global,nutricion normal (n),2006-04-01,50,30,22,9,72,39,111
30201,AIQUILE,desnutricion global,nutricion normal (n),2006-04-01,63,54,57,29,120,83,203
31303,ALALAY,desnutricion global,nutricion normal (n),2006-04-01,17,9,6,2,23,11,34
10404,ALCALA,desnutricion global,nutricion normal (n),2006-04-01,27,38,27,38,54,76,130
20202,ANCORAIMES,desnutricion global,nutricion normal (n),2006-04-01,81,91,136,123,217,214,431
41201,ANDAMARCA,desnutricion global,nutricion normal (n),2006-04-01,20,30,44,46,64,76,140
40603,ANTEQUERA,desnutricion global,nutricion normal (n),2006-04-01,18,20,20,20,38,40,78
30402,ANZALDO,desnutricion global,nutricion normal (n),2006-04-01,14,25,25,24,39,49,88
20701,APOLO,desnutricion global,nutricion normal (n),2006-04-01,114,71,79,80,193,151,344
51301,ARAMPAMPA,desnutricion global,nutricion normal (n),2006-04-01,35,39,26,35,61,74,135
30501,ARANI,desnutricion global,nutricion normal (n),2006-04-01,43,37,18,23,61,60,121
30403,ARBIETO,desnutricion global,nutricion normal (n),2006-04-01,30,15,14,17,44,32,76
30601,ARQUE,desnutricion global,nutricion normal (n),2006-04-01,38,40,31,35,69,75,144
71501,ASCENCION DE GUARAYOS,desnutricion global,nutricion normal (n),2006-04-01,167,201,193,179,360,380,740
50802,ATOCHA,desnutricion global,nutricion normal (n),2006-04-01,97,84,73,75,170,159,329
20503,AUCAPATA,desnutricion global,nutricion normal (n),2006-04-01,46,44,37,51,83,95,178
20502,AYATA,desnutricion global,nutricion normal (n),2006-04-01,58,54,40,28,98,82,180
21303,AYO AYO,desnutricion global,nutricion normal (n),2006-04-01,35,26,10,25,45,51,96
30301,AYOPAYA (V. DE INDEPENDENCIA),desnutricion global,nutricion normal (n),2006-04-01,204,161,133,107,337,268,605
10201,AZURDUY,desnutricion global,nutricion normal (n),2006-04-01,224,192,206,177,430,369,799
21203,BATALLAS,desnutricion global,nutricion normal (n),2006-04-01,98,75,43,41,141,116,257
80802,BAURES,desnutricion global,nutricion normal (n),2006-04-01,23,38,26,33,49,71,120
41202,BELEN DE ANDAMARCA,desnutricion global,nutricion normal (n),2006-04-01,5,5,2,1,7,6,13
50104,BELEN DE URMIRI,desnutricion global,nutricion normal (n),2006-04-01,11,3,5,6,16,9,25
90104,BELLA FLOR,desnutricion global,nutricion normal (n),2006-04-01,24,34,41,34,65,68,133
60202,BERMEJO,desnutricion global,nutricion normal (n),2006-04-01,51,48,55,59,106,107,213
50301,BETANZOS,desnutricion global,nutricion normal (n),2006-04-01,136,139,155,147,291,286,577
31501,BOLIVAR,desnutricion global,nutricion normal (n),2006-04-01,25,30,23,20,48,50,98
90103,BOLPEBRA,desnutricion global,nutricion normal (n),2006-04-01,17,16,18,12,35,28,63
70707,BOYUIBE,desnutricion global,nutricion normal (n),2006-04-01,33,21,30,26,63,47,110
70401,BUENA VISTA,desnutricion global,nutricion normal (n),2006-04-01,180,149,135,149,315,298,613
70703,CABEZAS,desnutricion global,nutricion normal (n),2006-04-01,101,101,117,139,218,240,458
20905,CAIROMA,desnutricion global,nutricion normal (n),2006-04-01,89,86,64,81,153,167,320
51102,"CAIZA ""D""",desnutricion global,nutricion normal (n),2006-04-01,69,37,62,65,131,102,233
21003,CAJUATA,desnutricion global,nutricion normal (n),2006-04-01,60,67,42,33,102,100,202
20303,CALACOTO,desnutricion global,nutricion normal (n),2006-04-01,28,30,23,13,51,43,94
21304,CALAMARCA,desnutricion global,nutricion normal (n),2006-04-01,96,117,65,55,161,172,333
10701,CAMARGO,desnutricion global,nutricion normal (n),2006-04-01,129,137,125,90,254,227,481
10901,CAMATAQUI (C. VILLA ABECIA),desnutricion global,nutricion normal (n),2006-04-01,32,22,36,30,68,52,120
70706,CAMIRI,desnutricion global,nutricion normal (n),2006-04-01,257,230,246,268,503,498,1001
30701,CAPINOTA,desnutricion global,nutricion normal (n),2006-04-01,37,31,24,27,61,58,119
20302,CAQUIAVIRI,desnutricion global,nutricion normal (n),2006-04-01,38,48,25,23,63,71,134
40102,CARACOLLO,desnutricion global,nutricion normal (n),2006-04-01,88,58,41,56,129,114,243
22001,CARANAVI,desnutricion global,nutricion normal (n),2006-04-01,381,291,210,196,591,487,1078
41503,CARANGAS,desnutricion global,nutricion normal (n),2006-04-01,2,4,2,4,4,8,12
60302,CARAPARI,desnutricion global,nutricion normal (n),2006-04-01,79,87,64,57,143,144,287
50702,CARIPUYO,desnutricion global,nutricion normal (n),2006-04-01,62,62,61,54,123,116,239
71403,CARMEN RIVERO TORREZ,desnutricion global,nutricion normal (n),2006-04-01,25,20,20,15,45,35,80
21902,CATACORA,desnutricion global,nutricion normal (n),2006-04-01,2,0,1,0,3,0,3
21803,CHACARILLA,desnutricion global,nutricion normal (n),2006-04-01,14,5,6,13,20,18,38
40201,CHALLAPATA,desnutricion global,nutricion normal (n),2006-04-01,143,133,107,99,250,232,482
50302,CHAQUI,desnutricion global,nutricion normal (n),2006-04-01,34,26,29,29,63,55,118
70702,CHARAGUA,desnutricion global,nutricion normal (n),2006-04-01,195,165,114,133,309,298,607
20305,CHARAÑA,desnutricion global,nutricion normal (n),2006-04-01,14,11,13,9,27,20,47
50202,CHAYANTA,desnutricion global,nutricion normal (n),2006-04-01,98,69,46,57,144,126,270
31204,CHIMORE,desnutricion global,nutricion normal (n),2006-04-01,30,19,31,37,61,56,117
40903,CHIPAYA,desnutricion global,nutricion normal (n),2006-04-01,8,13,12,5,20,18,38
40302,CHOQUE COTA,desnutricion global,nutricion normal (n),2006-04-01,4,0,0,1,4,1,5
21101,CHULUMANI (V. DE LA LIBERTAD),desnutricion global,nutricion normal (n),2006-04-01,115,102,68,63,183,165,348
20501,CHUMA,desnutricion global,nutricion normal (n),2006-04-01,48,51,23,36,71,87,158
30801,CLIZA,desnutricion global,nutricion normal (n),2006-04-01,104,94,17,28,121,122,243
90101,COBIJA,desnutricion global,nutricion normal (n),2006-04-01,164,135,112,102,276,237,513
30101,COCHABAMBA,desnutricion global,nutricion normal (n),2006-04-01,1586,1348,705,641,2291,1989,4280
40902,COIPASA,desnutricion global,nutricion normal (n),2006-04-01,3,1,3,0,6,1,7
30905,COLCAPIRHUA,desnutricion global,nutricion normal (n),2006-04-01,188,182,127,129,315,311,626
50901,"COLCHA ""K""",desnutricion global,nutricion normal (n),2006-04-01,79,88,64,57,143,145,288
21307,COLLANA,desnutricion global,nutricion normal (n),2006-04-01,8,6,6,4,14,10,24
31002,COLOMI,desnutricion global,nutricion normal (n),2006-04-01,117,103,63,64,180,167,347
70603,COLPA BELGICA,desnutricion global,nutricion normal (n),2006-04-01,28,33,27,17,55,50,105
50401,COLQUECHACA,desnutricion global,nutricion normal (n),2006-04-01,139,115,89,80,228,195,423
21306,COLQUENCHA,desnutricion global,nutricion normal (n),2006-04-01,33,39,24,18,57,57,114
21004,COLQUIRI,desnutricion global,nutricion normal (n),2006-04-01,95,82,37,43,132,125,257
20304,COMANCHE,desnutricion global,nutricion normal (n),2006-04-01,14,10,7,9,21,19,40
71301,COMARAPA,desnutricion global,nutricion normal (n),2006-04-01,90,78,43,51,133,129,262
20605,COMBAYA,desnutricion global,nutricion normal (n),2006-04-01,9,5,9,9,18,14,32
71101,CONCEPCION,desnutricion global,nutricion normal (n),2006-04-01,127,113,59,37,186,150,336
21701,COPACABANA,desnutricion global,nutricion normal (n),2006-04-01,69,78,60,53,129,131,260
21402,CORIPATA,desnutricion global,nutricion normal (n),2006-04-01,119,132,87,71,206,203,409
20301,CORO CORO,desnutricion global,nutricion normal (n),2006-04-01,52,61,35,39,87,100,187
21401,COROICO,desnutricion global,nutricion normal (n),2006-04-01,113,127,142,126,255,253,508
40301,CORQUE,desnutricion global,nutricion normal (n),2006-04-01,37,33,50,56,87,89,176
50601,COTAGAITA,desnutricion global,nutricion normal (n),2006-04-01,167,144,113,106,280,250,530
70102,COTOCA,desnutricion global,nutricion normal (n),2006-04-01,224,164,82,63,306,227,533
71106,CUATRO CAÑADAS,desnutricion global,nutricion normal (n),2006-04-01,51,53,66,45,117,98,215
31405,CUCHUMUELA (V. G. VILLARROEL),desnutricion global,nutricion normal (n),2006-04-01,20,10,11,6,31,16,47
70704,CUEVO,desnutricion global,nutricion normal (n),2006-04-01,24,44,37,32,61,76,137
10902,CULPINA,desnutricion global,nutricion normal (n),2006-04-01,188,161,169,151,357,312,669
40401,CURAHUARA DE CARANGAS,desnutricion global,nutricion normal (n),2006-04-01,26,35,24,19,50,54,104
21602,CURVA,desnutricion global,nutricion normal (n),2006-04-01,16,11,20,15,36,26,62
20804,DESAGUADERO,desnutricion global,nutricion normal (n),2006-04-01,30,25,24,15,54,40,94
20105,EL ALTO,desnutricion global,nutricion normal (n),2006-04-01,3248,3048,1672,1600,4920,4648,9568
40103,EL CHORO,desnutricion global,nutricion normal (n),2006-04-01,16,6,8,10,24,16,40
71503,EL PUENTE(STC),desnutricion global,nutricion normal (n),2006-04-01,172,146,150,151,322,297,619
60502,EL PUENTE(TJA),desnutricion global,nutricion normal (n),2006-04-01,60,39,61,51,121,90,211
70105,EL TORNO,desnutricion global,nutricion normal (n),2006-04-01,136,121,53,51,189,172,361
10405,EL VILLAR,desnutricion global,nutricion normal (n),2006-04-01,82,72,85,55,167,127,294
60601,ENTRE RIOS,desnutricion global,nutricion normal (n),2006-04-01,150,128,106,93,256,221,477
60601,ENTRE RIOS,desnutricion global,nutricion normal (n),2006-04-01,107,107,94,84,201,191,392
40502,ESCARA,desnutricion global,nutricion normal (n),2006-04-01,0,1,1,0,1,1,2
41101,EUCALIPTUS,desnutricion global,nutricion normal (n),2006-04-01,23,25,45,35,68,60,128
90503,EUREKA (SANTOS MERCADO),desnutricion global,nutricion normal (n),2006-04-01,3,9,5,7,8,16,24
80402,EXALTACION,desnutricion global,nutricion normal (n),2006-04-01,14,11,19,18,33,29,62
71004,FERNANDEZ ALONSO,desnutricion global,nutricion normal (n),2006-04-01,115,105,99,116,214,221,435
90203,FILADELFIA,desnutricion global,nutricion normal (n),2006-04-01,24,17,17,25,41,42,83
71002,GENERAL SAAVEDRA,desnutricion global,nutricion normal (n),2006-04-01,133,123,158,130,291,253,544
21601,GRAL. J.J. PEREZ (CHARAZANI),desnutricion global,nutricion normal (n),2006-04-01,50,46,30,42,80,88,168
20602,GUANAY,desnutricion global,nutricion normal (n),2006-04-01,101,90,76,60,177,150,327
20802,GUAQUI,desnutricion global,nutricion normal (n),2006-04-01,34,32,32,22,66,54,120
80202,GUAYARAMERIN,desnutricion global,nutricion normal (n),2006-04-01,249,227,137,129,386,356,742
70705,GUTIERREZ,desnutricion global,nutricion normal (n),2006-04-01,101,90,139,136,240,226,466
10502,HUACARETA,desnutricion global,nutricion normal (n),2006-04-01,99,97,117,130,216,227,443
11002,HUACAYA (VILLA DE HUACAYA),desnutricion global,nutricion normal (n),2006-04-01,34,31,39,43,73,74,147
40501,HUACHACALLA,desnutricion global,nutricion normal (n),2006-04-01,3,6,4,2,7,8,15
40701,HUANUNI,desnutricion global,nutricion normal (n),2006-04-01,144,136,68,54,212,190,402
80803,HUARACAJE,desnutricion global,nutricion normal (n),2006-04-01,20,15,25,21,45,36,81
41601,HUAYLLAMARCA,desnutricion global,nutricion normal (n),2006-04-01,16,29,7,6,23,35,58
21005,ICHOCA,desnutricion global,nutricion normal (n),2006-04-01,49,27,26,37,75,64,139
10304,ICLA,desnutricion global,nutricion normal (n),2006-04-01,102,115,162,132,264,247,511
10703,INCAHUASI,desnutricion global,nutricion normal (n),2006-04-01,190,183,159,152,349,335,684
90402,INGAVI (HUMAITA),desnutricion global,nutricion normal (n),2006-04-01,9,9,15,1,24,10,34
21001,INQUISIVI,desnutricion global,nutricion normal (n),2006-04-01,108,99,91,85,199,184,383
21102,IRUPANA (VILLA DE LANZA),desnutricion global,nutricion normal (n),2006-04-01,143,134,175,116,318,250,568
21501,IXIAMAS,desnutricion global,nutricion normal (n),2006-04-01,66,56,46,34,112,90,202
20806,JESUS DE MACHACA,desnutricion global,nutricion normal (n),2006-04-01,48,57,42,38,90,95,185
21105,LA ASUNTA,desnutricion global,nutricion normal (n),2006-04-01,204,188,66,51,270,239,509
70104,LA GUARDIA,desnutricion global,nutricion normal (n),2006-04-01,296,306,159,158,455,464,919
20101,LA PAZ,desnutricion global,nutricion normal (n),2006-04-01,2979,2610,1829,1610,4808,4220,9028
41501,LA RIVERA,desnutricion global,nutricion normal (n),2006-04-01,2,6,2,3,4,9,13
70701,LAGUNILLAS,desnutricion global,nutricion normal (n),2006-04-01,80,66,105,106,185,172,357
21202,LAJA,desnutricion global,nutricion normal (n),2006-04-01,105,68,42,34,147,102,249
10903,LAS CARRERAS,desnutricion global,nutricion normal (n),2006-04-01,39,35,39,33,78,68,146
21006,LICOMA PAMPA,desnutricion global,nutricion normal (n),2006-04-01,1,6,5,7,6,13,19
50203,LLALLAGUA,desnutricion global,nutricion normal (n),2006-04-01,186,157,98,89,284,246,530
51401,LLICA,desnutricion global,nutricion normal (n),2006-04-01,29,29,26,21,55,50,105
80601,LORETO,desnutricion global,nutricion normal (n),2006-04-01,27,25,30,28,57,53,110
20901,LURIBAY,desnutricion global,nutricion normal (n),2006-04-01,110,78,98,82,208,160,368
40702,MACHACAMARCA,desnutricion global,nutricion normal (n),2006-04-01,14,21,37,28,51,49,100
11003,MACHARETI,desnutricion global,nutricion normal (n),2006-04-01,84,66,111,131,195,197,392
80801,MAGDALENA,desnutricion global,nutricion normal (n),2006-04-01,67,49,46,38,113,87,200
70903,MAIRANA,desnutricion global,nutricion normal (n),2006-04-01,51,33,22,11,73,44,117
20904,MALLA,desnutricion global,nutricion normal (n),2006-04-01,19,15,28,38,47,53,100
20607,MAPIRI,desnutricion global,nutricion normal (n),2006-04-01,150,128,83,66,233,194,427
20103,MECAPACA,desnutricion global,nutricion normal (n),2006-04-01,74,69,46,42,120,111,231
71003,MINEROS,desnutricion global,nutricion normal (n),2006-04-01,140,119,125,117,265,236,501
31301,MIZQUE,desnutricion global,nutricion normal (n),2006-04-01,141,113,110,75,251,188,439
20402,MOCOMOCO,desnutricion global,nutricion normal (n),2006-04-01,70,80,74,58,144,138,282
51002,MOJINETE,desnutricion global,nutricion normal (n),2006-04-01,8,2,12,4,20,6,26
10303,MOJOCOYA,desnutricion global,nutricion normal (n),2006-04-01,64,54,83,74,147,128,275
10501,MONTEAGUDO,desnutricion global,nutricion normal (n),2006-04-01,202,204,199,190,401,394,795
71001,MONTERO,desnutricion global,nutricion normal (n),2006-04-01,945,802,656,608,1601,1410,3011
70803,MORO MORO,desnutricion global,nutricion normal (n),2006-04-01,19,26,20,20,39,46,85
30302,MOROCHATA,desnutricion global,nutricion normal (n),2006-04-01,89,69,77,80,166,149,315
90401,NACEBE (SANTA ROSA DEL ABUNA),desnutricion global,nutricion normal (n),2006-04-01,17,26,36,26,53,52,105
20307,NAZACARA DE PACAJES,desnutricion global,nutricion normal (n),2006-04-01,4,1,4,1,8,2,10
90501,NUEVO MANOA (NUEVA ESPERANZA),desnutricion global,nutricion normal (n),2006-04-01,3,5,1,2,4,7,11
50404,OCURI,desnutricion global,nutricion normal (n),2006-04-01,103,98,79,70,182,168,350
70202,OKINAWA,desnutricion global,nutricion normal (n),2006-04-01,109,95,82,83,191,178,369
30203,OMEREQUE,desnutricion global,nutricion normal (n),2006-04-01,38,44,24,23,62,67,129
40101,ORURO,desnutricion global,nutricion normal (n),2006-04-01,1034,997,566,599,1600,1596,3196
60201,PADCAYA,desnutricion global,nutricion normal (n),2006-04-01,123,109,108,121,231,230,461
10401,PADILLA,desnutricion global,nutricion normal (n),2006-04-01,111,128,177,146,288,274,562
70502,PAILON,desnutricion global,nutricion normal (n),2006-04-01,8,194,132,26,140,220,360
20102,PALCA,desnutricion global,nutricion normal (n),2006-04-01,61,58,22,20,83,78,161
21104,PALOS BLANCOS,desnutricion global,nutricion normal (n),2006-04-01,212,167,155,133,367,300,667
40802,PAMPA AULLAGAS,desnutricion global,nutricion normal (n),2006-04-01,8,9,14,8,22,17,39
70902,PAMPA GRANDE,desnutricion global,nutricion normal (n),2006-04-01,40,48,33,28,73,76,149
21802,PAPEL PAMPA,desnutricion global,nutricion normal (n),2006-04-01,21,16,3,9,24,25,49
30202,PASORAPA,desnutricion global,nutricion normal (n),2006-04-01,35,33,42,26,77,59,136
21305,PATACAMAYA,desnutricion global,nutricion normal (n),2006-04-01,231,189,98,90,329,279,608
40602,PAZÑA,desnutricion global,nutricion normal (n),2006-04-01,36,43,31,31,67,74,141
20702,PELECHUCO,desnutricion global,nutricion normal (n),2006-04-01,20,18,19,18,39,36,75
50403,POCOATA,desnutricion global,nutricion normal (n),2006-04-01,114,134,112,103,226,237,463
31203,POCONA,desnutricion global,nutricion normal (n),2006-04-01,67,48,61,56,128,104,232
31202,POJO (CBBA),desnutricion global,nutricion normal (n),2006-04-01,75,63,63,51,138,114,252
40601,POOPO,desnutricion global,nutricion normal (n),2006-04-01,47,58,42,44,89,102,191
51203,PORCO,desnutricion global,nutricion normal (n),2006-04-01,26,36,16,16,42,52,94
10103,POROMA,desnutricion global,nutricion normal (n),2006-04-01,111,94,110,96,221,190,411
70103,PORONGO,desnutricion global,nutricion normal (n),2006-04-01,48,20,17,24,65,44,109
70601,PORTACHUELO,desnutricion global,nutricion normal (n),2006-04-01,100,107,135,118,235,225,460
90102,PORVENIR,desnutricion global,nutricion normal (n),2006-04-01,34,38,17,16,51,54,105
70804,POSTRER VALLE,desnutricion global,nutricion normal (n),2006-04-01,15,13,7,16,22,29,51
50101,POTOSI,desnutricion global,nutricion normal (n),2006-04-01,800,688,362,297,1162,985,2147
10302,PRESTO,desnutricion global,nutricion normal (n),2006-04-01,73,61,105,89,178,150,328
70805,PUCARA,desnutricion global,nutricion normal (n),2006-04-01,19,13,17,23,36,36,72
21201,PUCARANI,desnutricion global,nutricion normal (n),2006-04-01,132,133,96,95,228,228,456
20401,PUERTO ACOSTA,desnutricion global,nutricion normal (n),2006-04-01,84,87,67,79,151,166,317
20403,PUERTO CARABUCO,desnutricion global,nutricion normal (n),2006-04-01,67,54,35,32,102,86,188
90301,PUERTO GONZALO MORENO,desnutricion global,nutricion normal (n),2006-04-01,44,36,33,34,77,70,147
21204,PUERTO PEREZ,desnutricion global,nutricion normal (n),2006-04-01,49,52,50,56,99,108,207
71402,PUERTO QUIJARRO,desnutricion global,nutricion normal (n),2006-04-01,70,76,21,26,91,102,193
90201,PUERTO RICO,desnutricion global,nutricion normal (n),2006-04-01,47,36,29,37,76,73,149
80703,PUERTO SILES,desnutricion global,nutricion normal (n),2006-04-01,14,27,28,42,42,69,111
71401,PUERTO SUAREZ,desnutricion global,nutricion normal (n),2006-04-01,69,62,18,24,87,86,173
31205,PUERTO VILLARROEL,desnutricion global,nutricion normal (n),2006-04-01,164,132,110,86,274,218,492
51101,PUNA,desnutricion global,nutricion normal (n),2006-04-01,208,109,127,99,335,208,543
31401,PUNATA,desnutricion global,nutricion normal (n),2006-04-01,177,229,63,73,240,302,542
20604,QUIABAYA,desnutricion global,nutricion normal (n),2006-04-01,14,21,16,13,30,34,64
30901,QUILLACOLLO,desnutricion global,nutricion normal (n),2006-04-01,635,591,209,201,844,792,1636
21002,QUIME,desnutricion global,nutricion normal (n),2006-04-01,76,86,54,52,130,138,268
70904,QUIRUSILLAS,desnutricion global,nutricion normal (n),2006-04-01,5,8,6,8,11,16,27
50402,RAVELO,desnutricion global,nutricion normal (n),2006-04-01,169,197,168,135,337,332,669
80301,REYES,desnutricion global,nutricion normal (n),2006-04-01,88,110,71,80,159,190,349
80201,RIBERALTA,desnutricion global,nutricion normal (n),2006-04-01,794,656,250,240,1044,896,1940
70503,ROBORE,desnutricion global,nutricion normal (n),2006-04-01,83,122,84,82,167,204,371
80304,RURRENABAQUE,desnutricion global,nutricion normal (n),2006-04-01,95,75,57,54,152,129,281
40901,SABAYA,desnutricion global,nutricion normal (n),2006-04-01,16,16,17,15,33,31,64
31001,SACABA,desnutricion global,nutricion normal (n),2006-04-01,563,441,181,114,744,555,1299
30404,SACABAMBA,desnutricion global,nutricion normal (n),2006-04-01,18,14,17,10,35,24,59
50701,SACACA,desnutricion global,nutricion normal (n),2006-04-01,182,131,203,171,385,302,687
71302,SAIPINA,desnutricion global,nutricion normal (n),2006-04-01,21,36,35,25,56,61,117
40801,SALINAS DE GARCI MENDOZA,desnutricion global,nutricion normal (n),2006-04-01,50,33,39,57,89,90,179
70901,SAMAIPATA,desnutricion global,nutricion normal (n),2006-04-01,63,57,70,59,133,116,249
51601,SAN AGUSTIN,desnutricion global,nutricion normal (n),2006-04-01,9,12,5,5,14,17,31
80602,SAN ANDRES,desnutricion global,nutricion normal (n),2006-04-01,63,69,77,57,140,126,266
20805,SAN ANDRES DE MACHACA,desnutricion global,nutricion normal (n),2006-04-01,26,14,14,11,40,25,65
51003,SAN ANTONIO DE ESMORUCO,desnutricion global,nutricion normal (n),2006-04-01,5,1,5,1,10,2,12
71105,SAN ANTONIO DE LOMERIO,desnutricion global,nutricion normal (n),2006-04-01,78,73,75,63,153,136,289
31403,SAN BENITO,desnutricion global,nutricion normal (n),2006-04-01,66,59,53,36,119,95,214
80302,SAN BORJA,desnutricion global,nutricion normal (n),2006-04-01,300,289,111,103,411,392,803
21502,SAN BUENA VENTURA,desnutricion global,nutricion normal (n),2006-04-01,47,64,35,41,82,105,187
70402,SAN CARLOS,desnutricion global,nutricion normal (n),2006-04-01,169,135,68,79,237,214,451
80501,SAN IGNACIO,desnutricion global,nutricion normal (n),2006-04-01,146,120,89,81,235,201,436
70301,SAN IGNACIO DE VELASCO,desnutricion global,nutricion normal (n),2006-04-01,376,335,260,218,636,553,1189
80102,SAN JAVIER(BNI),desnutricion global,nutricion normal (n),2006-04-01,24,16,42,24,66,40,106
71102,SAN JAVIER(STC),desnutricion global,nutricion normal (n),2006-04-01,24,17,2,5,26,22,48
80701,SAN JOAQUIN,desnutricion global,nutricion normal (n),2006-04-01,18,12,10,16,28,28,56
70501,SAN JOSE DE CHIQUITOS,desnutricion global,nutricion normal (n),2006-04-01,55,49,47,38,102,87,189
70404,SAN JUAN DE YAPACANI,desnutricion global,nutricion normal (n),2006-04-01,80,88,47,48,127,136,263
71104,SAN JULIAN,desnutricion global,nutricion normal (n),2006-04-01,152,146,165,184,317,330,647
90302,SAN LORENZO(PND),desnutricion global,nutricion normal (n),2006-04-01,52,44,51,48,103,92,195
60501,SAN LORENZO(TJA),desnutricion global,nutricion normal (n),2006-04-01,110,88,85,103,195,191,386
10702,SAN LUCAS,desnutricion global,nutricion normal (n),2006-04-01,337,338,348,373,685,711,1396
71201,SAN MATIAS,desnutricion global,nutricion normal (n),2006-04-01,62,58,41,35,103,93,196
70302,SAN MIGUEL DE VELASCO,desnutricion global,nutricion normal (n),2006-04-01,63,46,30,22,93,68,161
51001,SAN PABLO DE LIPEZ,desnutricion global,nutricion normal (n),2006-04-01,16,19,13,10,29,29,58
71005,SAN PEDRO,desnutricion global,nutricion normal (n),2006-04-01,116,85,64,53,180,138,318
50501,SAN PEDRO DE BUENA VISTA,desnutricion global,nutricion normal (n),2006-04-01,114,100,132,113,246,213,459
21801,SAN PEDRO DE CURAHUARA,desnutricion global,nutricion normal (n),2006-04-01,44,41,32,40,76,81,157
50902,SAN PEDRO DE QUEMES,desnutricion global,nutricion normal (n),2006-04-01,5,7,6,10,11,17,28
21702,SAN PEDRO DE TIQUINA,desnutricion global,nutricion normal (n),2006-04-01,21,14,20,17,41,31,72
90202,SAN PEDRO(PND),desnutricion global,nutricion normal (n),2006-04-01,12,15,28,12,40,27,67
70303,SAN RAFAEL,desnutricion global,nutricion normal (n),2006-04-01,42,44,44,44,86,88,174
80702,SAN RAMON,desnutricion global,nutricion normal (n),2006-04-01,22,25,15,13,37,38,75
80401,SANTA ANA,desnutricion global,nutricion normal (n),2006-04-01,82,81,43,46,125,127,252
70101,SANTA CRUZ DE LA SIERRA,desnutricion global,nutricion normal (n),2006-04-01,4733,4428,2421,2272,7154,6700,13854
80303,SANTA ROSA,desnutricion global,nutricion normal (n),2006-04-01,22,19,9,9,31,28,59
70602,SANTA ROSA DEL SARA,desnutricion global,nutricion normal (n),2006-04-01,103,101,68,55,171,156,327
20308,SANTIAGO DE CALLAPA,desnutricion global,nutricion normal (n),2006-04-01,16,23,10,13,26,36,62
41401,SANTIAGO DE HUARI,desnutricion global,nutricion normal (n),2006-04-01,49,47,56,59,105,106,211
21901,SANTIAGO DE MACHACA,desnutricion global,nutricion normal (n),2006-04-01,24,14,6,6,30,20,50
30702,SANTIVAÑES,desnutricion global,nutricion normal (n),2006-04-01,40,38,46,45,86,83,169
40202,SANTUARIO DE QUILLACAS,desnutricion global,nutricion normal (n),2006-04-01,8,11,7,9,15,20,35
20902,SAPAHAQUI,desnutricion global,nutricion normal (n),2006-04-01,53,38,47,48,100,86,186
90303,SENA,desnutricion global,nutricion normal (n),2006-04-01,27,24,18,21,45,45,90
21301,SICA SICA (VILLA AROMA),desnutricion global,nutricion normal (n),2006-04-01,88,79,34,45,122,124,246
30703,SICAYA,desnutricion global,nutricion normal (n),2006-04-01,19,15,5,6,24,21,45
30902,SIPE SIPE,desnutricion global,nutricion normal (n),2006-04-01,241,240,158,143,399,383,782
10403,SOPACHUY,desnutricion global,nutricion normal (n),2006-04-01,56,56,50,51,106,107,213
40104,SORACACHI,desnutricion global,nutricion normal (n),2006-04-01,33,41,44,32,77,73,150
20601,SORATA,desnutricion global,nutricion normal (n),2006-04-01,97,96,59,58,156,154,310
10101,SUCRE,desnutricion global,nutricion normal (n),2006-04-01,1176,1171,882,849,2058,2020,4078
31404,TACACHI,desnutricion global,nutricion normal (n),2006-04-01,4,5,0,2,4,7,11
20603,TACACOMA,desnutricion global,nutricion normal (n),2006-04-01,30,31,31,32,61,63,124
50303,TACOBAMBA,desnutricion global,nutricion normal (n),2006-04-01,80,74,38,43,118,117,235
30602,TACOPAYA,desnutricion global,nutricion normal (n),2006-04-01,75,76,79,81,154,157,311
51402,TAHUA,desnutricion global,nutricion normal (n),2006-04-01,10,7,8,6,18,13,31
31101,TAPACARI,desnutricion global,nutricion normal (n),2006-04-01,123,108,67,48,190,156,346
10601,TARABUCO,desnutricion global,nutricion normal (n),2006-04-01,219,200,276,227,495,427,922
20807,TARACO,desnutricion global,nutricion normal (n),2006-04-01,41,31,41,45,82,76,158
30401,TARATA,desnutricion global,nutricion normal (n),2006-04-01,53,39,29,18,82,57,139
60101,TARIJA,desnutricion global,nutricion normal (n),2006-04-01,878,848,501,523,1379,1371,2750
10202,TARVITA,desnutricion global,nutricion normal (n),2006-04-01,106,115,84,95,190,210,400
20608,TEOPONTE,desnutricion global,nutricion normal (n),2006-04-01,50,50,45,37,95,87,182
20803,TIAWANACU,desnutricion global,nutricion normal (n),2006-04-01,72,53,25,31,97,84,181
50102,TINGUIPAYA,desnutricion global,nutricion normal (n),2006-04-01,109,59,77,32,186,91,277
20606,TIPUANI,desnutricion global,nutricion normal (n),2006-04-01,68,57,30,30,98,87,185
30903,TIQUIPAYA,desnutricion global,nutricion normal (n),2006-04-01,225,189,108,100,333,289,622
31601,TIRAQUE (CBBA),desnutricion global,nutricion normal (n),2006-04-01,247,181,116,112,363,293,656
21703,TITO YUPANQUI (PARQUIPUJIO),desnutricion global,nutricion normal (n),2006-04-01,7,9,9,4,16,13,29
30802,TOCO,desnutricion global,nutricion normal (n),2006-04-01,16,8,13,10,29,18,47
30803,TOLATA,desnutricion global,nutricion normal (n),2006-04-01,32,40,24,12,56,52,108
41001,TOLEDO,desnutricion global,nutricion normal (n),2006-04-01,33,22,25,26,58,48,106
51202,TOMAVE,desnutricion global,nutricion normal (n),2006-04-01,76,22,47,17,123,39,162
10402,TOMINA,desnutricion global,nutricion normal (n),2006-04-01,108,97,96,107,204,204,408
50502,TORO TORO,desnutricion global,nutricion normal (n),2006-04-01,81,88,80,75,161,163,324
31201,TOTORA(CBBA),desnutricion global,nutricion normal (n),2006-04-01,99,69,61,52,160,121,281
41301,TOTORA(ORR),desnutricion global,nutricion normal (n),2006-04-01,9,8,2,4,11,12,23
70802,TRIGAL,desnutricion global,nutricion normal (n),2006-04-01,12,12,15,19,27,31,58
80101,TRINIDAD,desnutricion global,nutricion normal (n),2006-04-01,624,402,346,245,970,647,1617
50801,TUPIZA,desnutricion global,nutricion normal (n),2006-04-01,222,198,241,220,463,418,881
40402,TURCO,desnutricion global,nutricion normal (n),2006-04-01,12,12,12,14,24,26,50
21302,UMALA,desnutricion global,nutricion normal (n),2006-04-01,25,16,27,24,52,40,92
50201,UNCIA,desnutricion global,nutricion normal (n),2006-04-01,90,64,45,46,135,110,245
60401,URIONDO (A. CONCEPCION),desnutricion global,nutricion normal (n),2006-04-01,117,95,115,104,232,199,431
71502,URUBICHA,desnutricion global,nutricion normal (n),2006-04-01,82,87,142,136,224,223,447
51201,UYUNI,desnutricion global,nutricion normal (n),2006-04-01,202,167,101,124,303,291,594
30502,VACAS,desnutricion global,nutricion normal (n),2006-04-01,84,46,32,26,116,72,188
70801,VALLEGRANDE,desnutricion global,nutricion normal (n),2006-04-01,95,90,77,65,172,155,327
20801,VIACHA,desnutricion global,nutricion normal (n),2006-04-01,195,196,127,97,322,293,615
31302,VILA VILA,desnutricion global,nutricion normal (n),2006-04-01,17,14,20,19,37,33,70
60303,VILLA MONTES,desnutricion global,nutricion normal (n),2006-04-01,133,130,86,99,219,229,448
90502,VILLA NUEVA (LOMA ALTA),desnutricion global,nutricion normal (n),2006-04-01,5,3,2,3,7,6,13
31402,VILLA RIVERO,desnutricion global,nutricion normal (n),2006-04-01,25,34,18,12,43,46,89
10801,VILLA SERRANO,desnutricion global,nutricion normal (n),2006-04-01,131,119,169,151,300,270,570
31003,VILLA TUNARI,desnutricion global,nutricion normal (n),2006-04-01,433,371,293,235,726,606,1332
11001,VILLA VACA GUZMAN (MUYUPAMPA),desnutricion global,nutricion normal (n),2006-04-01,110,101,130,146,240,247,487
51501,VILLAZON,desnutricion global,nutricion normal (n),2006-04-01,211,222,153,158,364,380,744
30904,VINTO,desnutricion global,nutricion normal (n),2006-04-01,99,79,24,32,123,111,234
50602,VITICHI,desnutricion global,nutricion normal (n),2006-04-01,49,114,80,58,129,172,301
20306,WALDO BALLIVIAN,desnutricion global,nutricion normal (n),2006-04-01,16,6,9,7,25,13,38
70201,WARNES,desnutricion global,nutricion normal (n),2006-04-01,352,315,221,234,573,549,1122
20903,YACO,desnutricion global,nutricion normal (n),2006-04-01,49,40,32,23,81,63,144
60301,YACUIBA,desnutricion global,nutricion normal (n),2006-04-01,240,228,177,133,417,361,778
10602,YAMPARAEZ,desnutricion global,nutricion normal (n),2006-04-01,86,101,133,112,219,213,432
21103,YANACACHI,desnutricion global,nutricion normal (n),2006-04-01,55,47,47,46,102,93,195
70403,YAPACANI,desnutricion global,nutricion normal (n),2006-04-01,415,332,206,187,621,519,1140
50103,YOCALLA,desnutricion global,nutricion normal (n),2006-04-01,21,17,33,29,54,46,100
10102,YOTALA,desnutricion global,nutricion normal (n),2006-04-01,75,77,115,124,190,201,391
60402,YUNCHARA,desnutricion global,nutricion normal (n),2006-04-01,54,43,60,57,114,100,214
10301,ZUDAÑEZ,desnutricion global,nutricion normal (n),2006-04-01,62,49,74,67,136,116,252
51302,ACACIO,desnutricion global,nutricion normal (n),2006-05-01,45,48,54,41,99,89,188
20201,ACHACACHI,desnutricion global,nutricion normal (n),2006-05-01,352,299,186,172,538,471,1009
20104,ACHOCALLA,desnutricion global,nutricion normal (n),2006-05-01,76,55,35,21,111,76,187
30201,AIQUILE,desnutricion global,nutricion normal (n),2006-05-01,32,31,15,12,47,43,90
31303,ALALAY,desnutricion global,nutricion normal (n),2006-05-01,7,2,7,6,14,8,22
10404,ALCALA,desnutricion global,nutricion normal (n),2006-05-01,37,41,46,39,83,80,163
20202,ANCORAIMES,desnutricion global,nutricion normal (n),2006-05-01,47,38,24,25,71,63,134
41201,ANDAMARCA,desnutricion global,nutricion normal (n),2006-05-01,13,11,19,21,32,32,64
40603,ANTEQUERA,desnutricion global,nutricion normal (n),2006-05-01,21,24,16,16,37,40,77
30402,ANZALDO,desnutricion global,nutricion normal (n),2006-05-01,9,17,28,49,37,66,103
20701,APOLO,desnutricion global,nutricion normal (n),2006-05-01,131,144,123,124,254,268,522
51301,ARAMPAMPA,desnutricion global,nutricion normal (n),2006-05-01,80,48,60,58,140,106,246
30501,ARANI,desnutricion global,nutricion normal (n),2006-05-01,30,38,25,36,55,74,129
30403,ARBIETO,desnutricion global,nutricion normal (n),2006-05-01,27,18,17,16,44,34,78
30601,ARQUE,desnutricion global,nutricion normal (n),2006-05-01,74,40,40,17,114,57,171
50802,ATOCHA,desnutricion global,nutricion normal (n),2006-05-01,118,89,85,85,203,174,377
20503,AUCAPATA,desnutricion global,nutricion normal (n),2006-05-01,33,34,25,27,58,61,119
20502,AYATA,desnutricion global,nutricion normal (n),2006-05-01,153,141,116,84,269,225,494
21303,AYO AYO,desnutricion global,nutricion normal (n),2006-05-01,32,39,16,12,48,51,99
30301,AYOPAYA (V. DE INDEPENDENCIA),desnutricion global,nutricion normal (n),2006-05-01,242,196,147,138,389,334,723
10201,AZURDUY,desnutricion global,nutricion normal (n),2006-05-01,237,180,254,198,491,378,869
21203,BATALLAS,desnutricion global,nutricion normal (n),2006-05-01,107,109,56,45,163,154,317
80802,BAURES,desnutricion global,nutricion normal (n),2006-05-01,35,60,35,34,70,94,164
41202,BELEN DE ANDAMARCA,desnutricion global,nutricion normal (n),2006-05-01,4,7,2,4,6,11,17
50104,BELEN DE URMIRI,desnutricion global,nutricion normal (n),2006-05-01,19,16,5,12,24,28,52
90104,BELLA FLOR,desnutricion global,nutricion normal (n),2006-05-01,33,48,40,47,73,95,168
60202,BERMEJO,desnutricion global,nutricion normal (n),2006-05-01,55,57,65,91,120,148,268
50301,BETANZOS,desnutricion global,nutricion normal (n),2006-05-01,193,190,226,204,419,394,813
31501,BOLIVAR,desnutricion global,nutricion normal (n),2006-05-01,64,61,64,48,128,109,237
90103,BOLPEBRA,desnutricion global,nutricion normal (n),2006-05-01,15,13,14,19,29,32,61
70707,BOYUIBE,desnutricion global,nutricion normal (n),2006-05-01,11,14,22,16,33,30,63
70401,BUENA VISTA,desnutricion global,nutricion normal (n),2006-05-01,178,145,127,127,305,272,577
70703,CABEZAS,desnutricion global,nutricion normal (n),2006-05-01,112,111,86,62,198,173,371
20905,CAIROMA,desnutricion global,nutricion normal (n),2006-05-01,74,75,58,64,132,139,271
51102,"CAIZA ""D""",desnutricion global,nutricion normal (n),2006-05-01,74,64,67,83,141,147,288
21003,CAJUATA,desnutricion global,nutricion normal (n),2006-05-01,79,61,64,47,143,108,251
20303,CALACOTO,desnutricion global,nutricion normal (n),2006-05-01,53,52,34,32,87,84,171
21304,CALAMARCA,desnutricion global,nutricion normal (n),2006-05-01,98,104,60,60,158,164,322
10701,CAMARGO,desnutricion global,nutricion normal (n),2006-05-01,145,179,127,135,272,314,586
10901,CAMATAQUI (C. VILLA ABECIA),desnutricion global,nutricion normal (n),2006-05-01,24,18,35,23,59,41,100
70706,CAMIRI,desnutricion global,nutricion normal (n),2006-05-01,296,264,242,211,538,475,1013
30701,CAPINOTA,desnutricion global,nutricion normal (n),2006-05-01,60,50,32,34,92,84,176
20302,CAQUIAVIRI,desnutricion global,nutricion normal (n),2006-05-01,67,77,44,42,111,119,230
40102,CARACOLLO,desnutricion global,nutricion normal (n),2006-05-01,35,27,19,11,54,38,92
22001,CARANAVI,desnutricion global,nutricion normal (n),2006-05-01,435,416,292,283,727,699,1426
41503,CARANGAS,desnutricion global,nutricion normal (n),2006-05-01,0,6,0,1,0,7,7
60302,CARAPARI,desnutricion global,nutricion normal (n),2006-05-01,113,89,99,101,212,190,402
50702,CARIPUYO,desnutricion global,nutricion normal (n),2006-05-01,117,110,115,112,232,222,454
71403,CARMEN RIVERO TORREZ,desnutricion global,nutricion normal (n),2006-05-01,28,27,17,14,45,41,86
21902,CATACORA,desnutricion global,nutricion normal (n),2006-05-01,10,5,7,4,17,9,26
21803,CHACARILLA,desnutricion global,nutricion normal (n),2006-05-01,9,11,7,11,16,22,38
40201,CHALLAPATA,desnutricion global,nutricion normal (n),2006-05-01,142,133,113,88,255,221,476
50302,CHAQUI,desnutricion global,nutricion normal (n),2006-05-01,42,46,36,41,78,87,165
70702,CHARAGUA,desnutricion global,nutricion normal (n),2006-05-01,126,121,108,102,234,223,457
20305,CHARAÑA,desnutricion global,nutricion normal (n),2006-05-01,17,14,20,16,37,30,67
50202,CHAYANTA,desnutricion global,nutricion normal (n),2006-05-01,126,84,72,87,198,171,369
31204,CHIMORE,desnutricion global,nutricion normal (n),2006-05-01,35,26,59,34,94,60,154
40903,CHIPAYA,desnutricion global,nutricion normal (n),2006-05-01,9,20,13,14,22,34,56
40302,CHOQUE COTA,desnutricion global,nutricion normal (n),2006-05-01,11,9,8,9,19,18,37
21101,CHULUMANI (V. DE LA LIBERTAD),desnutricion global,nutricion normal (n),2006-05-01,113,112,35,54,148,166,314
20501,CHUMA,desnutricion global,nutricion normal (n),2006-05-01,70,82,68,63,138,145,283
30801,CLIZA,desnutricion global,nutricion normal (n),2006-05-01,122,110,51,67,173,177,350
90101,COBIJA,desnutricion global,nutricion normal (n),2006-05-01,221,231,134,146,355,377,732
30101,COCHABAMBA,desnutricion global,nutricion normal (n),2006-05-01,2138,1881,1006,1025,3144,2906,6050
40902,COIPASA,desnutricion global,nutricion normal (n),2006-05-01,2,1,1,3,3,4,7
30905,COLCAPIRHUA,desnutricion global,nutricion normal (n),2006-05-01,275,293,187,143,462,436,898
50901,"COLCHA ""K""",desnutricion global,nutricion normal (n),2006-05-01,105,92,75,97,180,189,369
21307,COLLANA,desnutricion global,nutricion normal (n),2006-05-01,8,2,4,2,12,4,16
31002,COLOMI,desnutricion global,nutricion normal (n),2006-05-01,135,116,72,77,207,193,400
70603,COLPA BELGICA,desnutricion global,nutricion normal (n),2006-05-01,32,37,27,30,59,67,126
50401,COLQUECHACA,desnutricion global,nutricion normal (n),2006-05-01,102,123,84,81,186,204,390
21306,COLQUENCHA,desnutricion global,nutricion normal (n),2006-05-01,38,54,24,20,62,74,136
21004,COLQUIRI,desnutricion global,nutricion normal (n),2006-05-01,105,94,57,63,162,157,319
20304,COMANCHE,desnutricion global,nutricion normal (n),2006-05-01,28,30,20,14,48,44,92
71301,COMARAPA,desnutricion global,nutricion normal (n),2006-05-01,107,103,78,83,185,186,371
20605,COMBAYA,desnutricion global,nutricion normal (n),2006-05-01,9,11,11,8,20,19,39
71101,CONCEPCION,desnutricion global,nutricion normal (n),2006-05-01,75,53,26,36,101,89,190
21701,COPACABANA,desnutricion global,nutricion normal (n),2006-05-01,80,94,87,70,167,164,331
21402,CORIPATA,desnutricion global,nutricion normal (n),2006-05-01,155,174,123,119,278,293,571
20301,CORO CORO,desnutricion global,nutricion normal (n),2006-05-01,56,67,47,50,103,117,220
21401,COROICO,desnutricion global,nutricion normal (n),2006-05-01,83,90,80,77,163,167,330
40301,CORQUE,desnutricion global,nutricion normal (n),2006-05-01,18,21,17,23,35,44,79
50601,COTAGAITA,desnutricion global,nutricion normal (n),2006-05-01,197,196,147,121,344,317,661
70102,COTOCA,desnutricion global,nutricion normal (n),2006-05-01,223,190,67,56,290,246,536
71106,CUATRO CAÑADAS,desnutricion global,nutricion normal (n),2006-05-01,45,34,42,21,87,55,142
31405,CUCHUMUELA (V. G. VILLARROEL),desnutricion global,nutricion normal (n),2006-05-01,9,3,3,2,12,5,17
70704,CUEVO,desnutricion global,nutricion normal (n),2006-05-01,27,35,32,35,59,70,129
10902,CULPINA,desnutricion global,nutricion normal (n),2006-05-01,217,195,221,192,438,387,825
40401,CURAHUARA DE CARANGAS,desnutricion global,nutricion normal (n),2006-05-01,24,23,13,10,37,33,70
21602,CURVA,desnutricion global,nutricion normal (n),2006-05-01,15,11,26,16,41,27,68
20804,DESAGUADERO,desnutricion global,nutricion normal (n),2006-05-01,22,21,21,15,43,36,79
20105,EL ALTO,desnutricion global,nutricion normal (n),2006-05-01,4033,3637,2244,2052,6277,5689,11966
40103,EL CHORO,desnutricion global,nutricion normal (n),2006-05-01,17,7,7,9,24,16,40
71503,EL PUENTE(STC),desnutricion global,nutricion normal (n),2006-05-01,105,118,84,73,189,191,380
60502,EL PUENTE(TJA),desnutricion global,nutricion normal (n),2006-05-01,36,44,70,83,106,127,233
70105,EL TORNO,desnutricion global,nutricion normal (n),2006-05-01,202,186,75,90,277,276,553
10405,EL VILLAR,desnutricion global,nutricion normal (n),2006-05-01,89,74,95,64,184,138,322
60601,ENTRE RIOS,desnutricion global,nutricion normal (n),2006-05-01,181,139,156,128,337,267,604
60601,ENTRE RIOS,desnutricion global,nutricion normal (n),2006-05-01,135,138,101,84,236,222,458
40502,ESCARA,desnutricion global,nutricion normal (n),2006-05-01,0,1,2,0,2,1,3
41101,EUCALIPTUS,desnutricion global,nutricion normal (n),2006-05-01,37,26,37,39,74,65,139
90503,EUREKA (SANTOS MERCADO),desnutricion global,nutricion normal (n),2006-05-01,14,27,16,22,30,49,79
80402,EXALTACION,desnutricion global,nutricion normal (n),2006-05-01,35,32,60,57,95,89,184
71004,FERNANDEZ ALONSO,desnutricion global,nutricion normal (n),2006-05-01,143,137,137,124,280,261,541
90203,FILADELFIA,desnutricion global,nutricion normal (n),2006-05-01,41,52,47,48,88,100,188
71002,GENERAL SAAVEDRA,desnutricion global,nutricion normal (n),2006-05-01,67,46,68,51,135,97,232
21601,GRAL. J.J. PEREZ (CHARAZANI),desnutricion global,nutricion normal (n),2006-05-01,91,77,88,77,179,154,333
20602,GUANAY,desnutricion global,nutricion normal (n),2006-05-01,108,82,86,73,194,155,349
20802,GUAQUI,desnutricion global,nutricion normal (n),2006-05-01,31,24,21,12,52,36,88
80202,GUAYARAMERIN,desnutricion global,nutricion normal (n),2006-05-01,301,266,161,152,462,418,880
70705,GUTIERREZ,desnutricion global,nutricion normal (n),2006-05-01,66,72,95,87,161,159,320
10502,HUACARETA,desnutricion global,nutricion normal (n),2006-05-01,104,101,134,109,238,210,448
11002,HUACAYA (VILLA DE HUACAYA),desnutricion global,nutricion normal (n),2006-05-01,32,38,36,29,68,67,135
40501,HUACHACALLA,desnutricion global,nutricion normal (n),2006-05-01,6,7,4,6,10,13,23
40701,HUANUNI,desnutricion global,nutricion normal (n),2006-05-01,147,165,119,111,266,276,542
80803,HUARACAJE,desnutricion global,nutricion normal (n),2006-05-01,24,22,23,23,47,45,92
41601,HUAYLLAMARCA,desnutricion global,nutricion normal (n),2006-05-01,23,27,23,18,46,45,91
21005,ICHOCA,desnutricion global,nutricion normal (n),2006-05-01,33,43,34,27,67,70,137
10304,ICLA,desnutricion global,nutricion normal (n),2006-05-01,103,149,197,170,300,319,619
10703,INCAHUASI,desnutricion global,nutricion normal (n),2006-05-01,209,222,172,163,381,385,766
90402,INGAVI (HUMAITA),desnutricion global,nutricion normal (n),2006-05-01,0,1,5,3,5,4,9
21001,INQUISIVI,desnutricion global,nutricion normal (n),2006-05-01,107,124,103,113,210,237,447
21102,IRUPANA (VILLA DE LANZA),desnutricion global,nutricion normal (n),2006-05-01,133,117,119,118,252,235,487
21501,IXIAMAS,desnutricion global,nutricion normal (n),2006-05-01,91,101,77,58,168,159,327
20806,JESUS DE MACHACA,desnutricion global,nutricion normal (n),2006-05-01,81,83,37,34,118,117,235
21105,LA ASUNTA,desnutricion global,nutricion normal (n),2006-05-01,155,142,74,65,229,207,436
70104,LA GUARDIA,desnutricion global,nutricion normal (n),2006-05-01,348,335,143,182,491,517,1008
20101,LA PAZ,desnutricion global,nutricion normal (n),2006-05-01,3647,3409,2133,2239,5780,5648,11428
41501,LA RIVERA,desnutricion global,nutricion normal (n),2006-05-01,0,3,3,3,3,6,9
70701,LAGUNILLAS,desnutricion global,nutricion normal (n),2006-05-01,73,83,84,78,157,161,318
21202,LAJA,desnutricion global,nutricion normal (n),2006-05-01,129,129,83,59,212,188,400
10903,LAS CARRERAS,desnutricion global,nutricion normal (n),2006-05-01,53,51,37,45,90,96,186
21006,LICOMA PAMPA,desnutricion global,nutricion normal (n),2006-05-01,19,7,15,10,34,17,51
50203,LLALLAGUA,desnutricion global,nutricion normal (n),2006-05-01,302,232,324,323,626,555,1181
51401,LLICA,desnutricion global,nutricion normal (n),2006-05-01,49,47,37,52,86,99,185
80601,LORETO,desnutricion global,nutricion normal (n),2006-05-01,38,42,25,32,63,74,137
20901,LURIBAY,desnutricion global,nutricion normal (n),2006-05-01,129,118,105,127,234,245,479
40702,MACHACAMARCA,desnutricion global,nutricion normal (n),2006-05-01,14,19,9,5,23,24,47
11003,MACHARETI,desnutricion global,nutricion normal (n),2006-05-01,92,73,106,160,198,233,431
80801,MAGDALENA,desnutricion global,nutricion normal (n),2006-05-01,76,64,40,52,116,116,232
70903,MAIRANA,desnutricion global,nutricion normal (n),2006-05-01,58,50,38,25,96,75,171
20904,MALLA,desnutricion global,nutricion normal (n),2006-05-01,15,12,21,18,36,30,66
20607,MAPIRI,desnutricion global,nutricion normal (n),2006-05-01,132,170,105,89,237,259,496
20103,MECAPACA,desnutricion global,nutricion normal (n),2006-05-01,84,60,36,41,120,101,221
71003,MINEROS,desnutricion global,nutricion normal (n),2006-05-01,143,155,119,85,262,240,502
31301,MIZQUE,desnutricion global,nutricion normal (n),2006-05-01,117,124,61,60,178,184,362
20402,MOCOMOCO,desnutricion global,nutricion normal (n),2006-05-01,121,119,77,88,198,207,405
51002,MOJINETE,desnutricion global,nutricion normal (n),2006-05-01,6,11,11,7,17,18,35
10303,MOJOCOYA,desnutricion global,nutricion normal (n),2006-05-01,77,61,92,82,169,143,312
10501,MONTEAGUDO,desnutricion global,nutricion normal (n),2006-05-01,253,246,362,309,615,555,1170
71001,MONTERO,desnutricion global,nutricion normal (n),2006-05-01,1065,937,604,623,1669,1560,3229
70803,MORO MORO,desnutricion global,nutricion normal (n),2006-05-01,21,24,21,23,42,47,89
30302,MOROCHATA,desnutricion global,nutricion normal (n),2006-05-01,136,118,79,92,215,210,425
90401,NACEBE (SANTA ROSA DEL ABUNA),desnutricion global,nutricion normal (n),2006-05-01,8,14,15,15,23,29,52
20307,NAZACARA DE PACAJES,desnutricion global,nutricion normal (n),2006-05-01,5,3,11,3,16,6,22
90501,NUEVO MANOA (NUEVA ESPERANZA),desnutricion global,nutricion normal (n),2006-05-01,15,17,15,16,30,33,63
50404,OCURI,desnutricion global,nutricion normal (n),2006-05-01,122,154,96,79,218,233,451
70202,OKINAWA,desnutricion global,nutricion normal (n),2006-05-01,97,88,58,71,155,159,314
30203,OMEREQUE,desnutricion global,nutricion normal (n),2006-05-01,32,34,24,22,56,56,112
40101,ORURO,desnutricion global,nutricion normal (n),2006-05-01,1281,1216,765,719,2046,1935,3981
60201,PADCAYA,desnutricion global,nutricion normal (n),2006-05-01,128,120,138,164,266,284,550
10401,PADILLA,desnutricion global,nutricion normal (n),2006-05-01,135,137,233,189,368,326,694
70502,PAILON,desnutricion global,nutricion normal (n),2006-05-01,23,213,138,18,161,231,392
20102,PALCA,desnutricion global,nutricion normal (n),2006-05-01,73,81,34,29,107,110,217
21104,PALOS BLANCOS,desnutricion global,nutricion normal (n),2006-05-01,220,168,177,140,397,308,705
40802,PAMPA AULLAGAS,desnutricion global,nutricion normal (n),2006-05-01,15,13,15,19,30,32,62
70902,PAMPA GRANDE,desnutricion global,nutricion normal (n),2006-05-01,51,67,38,44,89,111,200
21802,PAPEL PAMPA,desnutricion global,nutricion normal (n),2006-05-01,32,30,25,26,57,56,113
30202,PASORAPA,desnutricion global,nutricion normal (n),2006-05-01,36,33,51,46,87,79,166
21305,PATACAMAYA,desnutricion global,nutricion normal (n),2006-05-01,207,224,103,105,310,329,639
40602,PAZÑA,desnutricion global,nutricion normal (n),2006-05-01,32,33,22,33,54,66,120
20702,PELECHUCO,desnutricion global,nutricion normal (n),2006-05-01,46,37,28,31,74,68,142
50403,POCOATA,desnutricion global,nutricion normal (n),2006-05-01,152,146,134,120,286,266,552
31203,POCONA,desnutricion global,nutricion normal (n),2006-05-01,64,54,40,46,104,100,204
31202,POJO (CBBA),desnutricion global,nutricion normal (n),2006-05-01,85,93,71,66,156,159,315
40601,POOPO,desnutricion global,nutricion normal (n),2006-05-01,32,39,24,20,56,59,115
51203,PORCO,desnutricion global,nutricion normal (n),2006-05-01,60,60,56,44,116,104,220
10103,POROMA,desnutricion global,nutricion normal (n),2006-05-01,189,182,165,137,354,319,673
70103,PORONGO,desnutricion global,nutricion normal (n),2006-05-01,38,22,17,21,55,43,98
70601,PORTACHUELO,desnutricion global,nutricion normal (n),2006-05-01,202,193,139,116,341,309,650
90102,PORVENIR,desnutricion global,nutricion normal (n),2006-05-01,36,33,15,23,51,56,107
70804,POSTRER VALLE,desnutricion global,nutricion normal (n),2006-05-01,11,21,26,30,37,51,88
50101,POTOSI,desnutricion global,nutricion normal (n),2006-05-01,907,691,421,415,1328,1106,2434
10302,PRESTO,desnutricion global,nutricion normal (n),2006-05-01,92,78,107,90,199,168,367
70805,PUCARA,desnutricion global,nutricion normal (n),2006-05-01,7,9,2,1,9,10,19
21201,PUCARANI,desnutricion global,nutricion normal (n),2006-05-01,173,155,84,72,257,227,484
20401,PUERTO ACOSTA,desnutricion global,nutricion normal (n),2006-05-01,158,123,111,109,269,232,501
20403,PUERTO CARABUCO,desnutricion global,nutricion normal (n),2006-05-01,105,98,84,80,189,178,367
90301,PUERTO GONZALO MORENO,desnutricion global,nutricion normal (n),2006-05-01,41,34,18,15,59,49,108
21204,PUERTO PEREZ,desnutricion global,nutricion normal (n),2006-05-01,61,55,63,48,124,103,227
71402,PUERTO QUIJARRO,desnutricion global,nutricion normal (n),2006-05-01,71,70,20,15,91,85,176
90201,PUERTO RICO,desnutricion global,nutricion normal (n),2006-05-01,59,46,33,33,92,79,171
80703,PUERTO SILES,desnutricion global,nutricion normal (n),2006-05-01,8,10,4,8,12,18,30
71401,PUERTO SUAREZ,desnutricion global,nutricion normal (n),2006-05-01,101,88,32,36,133,124,257
31205,PUERTO VILLARROEL,desnutricion global,nutricion normal (n),2006-05-01,206,179,150,133,356,312,668
51101,PUNA,desnutricion global,nutricion normal (n),2006-05-01,262,150,228,154,490,304,794
31401,PUNATA,desnutricion global,nutricion normal (n),2006-05-01,281,251,55,74,336,325,661
20604,QUIABAYA,desnutricion global,nutricion normal (n),2006-05-01,10,6,19,8,29,14,43
30901,QUILLACOLLO,desnutricion global,nutricion normal (n),2006-05-01,608,602,283,296,891,898,1789
21002,QUIME,desnutricion global,nutricion normal (n),2006-05-01,91,92,72,79,163,171,334
70904,QUIRUSILLAS,desnutricion global,nutricion normal (n),2006-05-01,9,8,3,4,12,12,24
50402,RAVELO,desnutricion global,nutricion normal (n),2006-05-01,179,196,248,169,427,365,792
80301,REYES,desnutricion global,nutricion normal (n),2006-05-01,87,113,89,101,176,214,390
80201,RIBERALTA,desnutricion global,nutricion normal (n),2006-05-01,709,597,225,204,934,801,1735
70503,ROBORE,desnutricion global,nutricion normal (n),2006-05-01,90,89,75,62,165,151,316
80304,RURRENABAQUE,desnutricion global,nutricion normal (n),2006-05-01,94,96,28,23,122,119,241
40901,SABAYA,desnutricion global,nutricion normal (n),2006-05-01,17,14,14,11,31,25,56
31001,SACABA,desnutricion global,nutricion normal (n),2006-05-01,877,719,384,341,1261,1060,2321
30404,SACABAMBA,desnutricion global,nutricion normal (n),2006-05-01,19,9,10,8,29,17,46
50701,SACACA,desnutricion global,nutricion normal (n),2006-05-01,211,190,247,188,458,378,836
71302,SAIPINA,desnutricion global,nutricion normal (n),2006-05-01,20,29,46,55,66,84,150
40801,SALINAS DE GARCI MENDOZA,desnutricion global,nutricion normal (n),2006-05-01,61,61,90,65,151,126,277
70901,SAMAIPATA,desnutricion global,nutricion normal (n),2006-05-01,81,56,49,42,130,98,228
51601,SAN AGUSTIN,desnutricion global,nutricion normal (n),2006-05-01,13,21,35,33,48,54,102
80602,SAN ANDRES,desnutricion global,nutricion normal (n),2006-05-01,56,73,74,64,130,137,267
20805,SAN ANDRES DE MACHACA,desnutricion global,nutricion normal (n),2006-05-01,30,26,25,29,55,55,110
51003,SAN ANTONIO DE ESMORUCO,desnutricion global,nutricion normal (n),2006-05-01,23,39,5,4,28,43,71
71105,SAN ANTONIO DE LOMERIO,desnutricion global,nutricion normal (n),2006-05-01,68,73,54,59,122,132,254
31403,SAN BENITO,desnutricion global,nutricion normal (n),2006-05-01,114,95,45,39,159,134,293
80302,SAN BORJA,desnutricion global,nutricion normal (n),2006-05-01,398,334,158,149,556,483,1039
21502,SAN BUENA VENTURA,desnutricion global,nutricion normal (n),2006-05-01,61,61,39,42,100,103,203
70402,SAN CARLOS,desnutricion global,nutricion normal (n),2006-05-01,163,170,72,89,235,259,494
80501,SAN IGNACIO,desnutricion global,nutricion normal (n),2006-05-01,261,168,162,158,423,326,749
70301,SAN IGNACIO DE VELASCO,desnutricion global,nutricion normal (n),2006-05-01,440,378,322,278,762,656,1418
80102,SAN JAVIER(BNI),desnutricion global,nutricion normal (n),2006-05-01,18,16,20,16,38,32,70
71102,SAN JAVIER(STC),desnutricion global,nutricion normal (n),2006-05-01,14,16,0,0,14,16,30
80701,SAN JOAQUIN,desnutricion global,nutricion normal (n),2006-05-01,13,11,24,25,37,36,73
70501,SAN JOSE DE CHIQUITOS,desnutricion global,nutricion normal (n),2006-05-01,57,54,55,52,112,106,218
70404,SAN JUAN DE YAPACANI,desnutricion global,nutricion normal (n),2006-05-01,82,92,54,53,136,145,281
71104,SAN JULIAN,desnutricion global,nutricion normal (n),2006-05-01,103,88,52,84,155,172,327
90302,SAN LORENZO(PND),desnutricion global,nutricion normal (n),2006-05-01,29,12,15,5,44,17,61
60501,SAN LORENZO(TJA),desnutricion global,nutricion normal (n),2006-05-01,130,99,89,92,219,191,410
10702,SAN LUCAS,desnutricion global,nutricion normal (n),2006-05-01,389,384,438,416,827,800,1627
71201,SAN MATIAS,desnutricion global,nutricion normal (n),2006-05-01,99,106,82,84,181,190,371
70302,SAN MIGUEL DE VELASCO,desnutricion global,nutricion normal (n),2006-05-01,104,77,48,49,152,126,278
51001,SAN PABLO DE LIPEZ,desnutricion global,nutricion normal (n),2006-05-01,16,24,16,32,32,56,88
71005,SAN PEDRO,desnutricion global,nutricion normal (n),2006-05-01,102,105,63,58,165,163,328
50501,SAN PEDRO DE BUENA VISTA,desnutricion global,nutricion normal (n),2006-05-01,216,176,183,166,399,342,741
21801,SAN PEDRO DE CURAHUARA,desnutricion global,nutricion normal (n),2006-05-01,51,37,61,62,112,99,211
50902,SAN PEDRO DE QUEMES,desnutricion global,nutricion normal (n),2006-05-01,4,3,0,3,4,6,10
21702,SAN PEDRO DE TIQUINA,desnutricion global,nutricion normal (n),2006-05-01,23,27,14,12,37,39,76
90202,SAN PEDRO(PND),desnutricion global,nutricion normal (n),2006-05-01,2,1,7,7,9,8,17
70303,SAN RAFAEL,desnutricion global,nutricion normal (n),2006-05-01,36,46,20,16,56,62,118
80702,SAN RAMON,desnutricion global,nutricion normal (n),2006-05-01,32,34,35,31,67,65,132
80702,SAN RAMON,desnutricion global,nutricion normal (n),2006-05-01,38,47,18,22,56,69,125
80401,SANTA ANA,desnutricion global,nutricion normal (n),2006-05-01,80,75,52,60,132,135,267
70101,SANTA CRUZ DE LA SIERRA,desnutricion global,nutricion normal (n),2006-05-01,4746,4375,2257,2075,7003,6450,13453
80303,SANTA ROSA,desnutricion global,nutricion normal (n),2006-05-01,71,75,59,76,130,151,281
70602,SANTA ROSA DEL SARA,desnutricion global,nutricion normal (n),2006-05-01,120,99,74,92,194,191,385
20308,SANTIAGO DE CALLAPA,desnutricion global,nutricion normal (n),2006-05-01,32,46,27,26,59,72,131
41401,SANTIAGO DE HUARI,desnutricion global,nutricion normal (n),2006-05-01,58,66,45,64,103,130,233
21901,SANTIAGO DE MACHACA,desnutricion global,nutricion normal (n),2006-05-01,34,28,25,27,59,55,114
30702,SANTIVAÑES,desnutricion global,nutricion normal (n),2006-05-01,54,59,61,48,115,107,222
40202,SANTUARIO DE QUILLACAS,desnutricion global,nutricion normal (n),2006-05-01,9,6,13,9,22,15,37
20902,SAPAHAQUI,desnutricion global,nutricion normal (n),2006-05-01,54,66,55,47,109,113,222
90303,SENA,desnutricion global,nutricion normal (n),2006-05-01,50,52,64,67,114,119,233
21301,SICA SICA (VILLA AROMA),desnutricion global,nutricion normal (n),2006-05-01,114,107,74,75,188,182,370
30703,SICAYA,desnutricion global,nutricion normal (n),2006-05-01,22,17,15,6,37,23,60
30902,SIPE SIPE,desnutricion global,nutricion normal (n),2006-05-01,304,266,195,218,499,484,983
10403,SOPACHUY,desnutricion global,nutricion normal (n),2006-05-01,119,102,136,109,255,211,466
40104,SORACACHI,desnutricion global,nutricion normal (n),2006-05-01,54,49,35,38,89,87,176
20601,SORATA,desnutricion global,nutricion normal (n),2006-05-01,102,87,85,74,187,161,348
10101,SUCRE,desnutricion global,nutricion normal (n),2006-05-01,1181,1131,912,862,2093,1993,4086
31404,TACACHI,desnutricion global,nutricion normal (n),2006-05-01,9,5,2,1,11,6,17
20603,TACACOMA,desnutricion global,nutricion normal (n),2006-05-01,47,37,35,28,82,65,147
50303,TACOBAMBA,desnutricion global,nutricion normal (n),2006-05-01,90,76,73,51,163,127,290
30602,TACOPAYA,desnutricion global,nutricion normal (n),2006-05-01,61,48,41,46,102,94,196
51402,TAHUA,desnutricion global,nutricion normal (n),2006-05-01,8,13,5,7,13,20,33
31101,TAPACARI,desnutricion global,nutricion normal (n),2006-05-01,129,114,93,76,222,190,412
10601,TARABUCO,desnutricion global,nutricion normal (n),2006-05-01,201,186,276,234,477,420,897
20807,TARACO,desnutricion global,nutricion normal (n),2006-05-01,28,31,31,35,59,66,125
30401,TARATA,desnutricion global,nutricion normal (n),2006-05-01,47,32,22,23,69,55,124
60101,TARIJA,desnutricion global,nutricion normal (n),2006-05-01,1180,1106,784,906,1964,2012,3976
10202,TARVITA,desnutricion global,nutricion normal (n),2006-05-01,238,239,301,238,539,477,1016
20608,TEOPONTE,desnutricion global,nutricion normal (n),2006-05-01,67,65,77,67,144,132,276
20803,TIAWANACU,desnutricion global,nutricion normal (n),2006-05-01,99,76,48,59,147,135,282
50102,TINGUIPAYA,desnutricion global,nutricion normal (n),2006-05-01,162,182,138,86,300,268,568
20606,TIPUANI,desnutricion global,nutricion normal (n),2006-05-01,98,85,51,49,149,134,283
30903,TIQUIPAYA,desnutricion global,nutricion normal (n),2006-05-01,344,289,211,163,555,452,1007
31601,TIRAQUE (CBBA),desnutricion global,nutricion normal (n),2006-05-01,230,180,150,130,380,310,690
21703,TITO YUPANQUI (PARQUIPUJIO),desnutricion global,nutricion normal (n),2006-05-01,13,7,6,13,19,20,39
30802,TOCO,desnutricion global,nutricion normal (n),2006-05-01,19,6,12,9,31,15,46
41502,TODOS SANTOS,desnutricion global,nutricion normal (n),2006-05-01,3,2,5,2,8,4,12
30803,TOLATA,desnutricion global,nutricion normal (n),2006-05-01,89,95,43,36,132,131,263
41001,TOLEDO,desnutricion global,nutricion normal (n),2006-05-01,47,57,38,52,85,109,194
51202,TOMAVE,desnutricion global,nutricion normal (n),2006-05-01,161,32,89,19,250,51,301
10402,TOMINA,desnutricion global,nutricion normal (n),2006-05-01,126,99,130,120,256,219,475
50502,TORO TORO,desnutricion global,nutricion normal (n),2006-05-01,121,109,101,98,222,207,429
31201,TOTORA(CBBA),desnutricion global,nutricion normal (n),2006-05-01,92,78,48,55,140,133,273
41301,TOTORA(ORR),desnutricion global,nutricion normal (n),2006-05-01,16,19,20,30,36,49,85
70802,TRIGAL,desnutricion global,nutricion normal (n),2006-05-01,11,9,8,8,19,17,36
80101,TRINIDAD,desnutricion global,nutricion normal (n),2006-05-01,754,503,360,284,1114,787,1901
50801,TUPIZA,desnutricion global,nutricion normal (n),2006-05-01,332,335,253,257,585,592,1177
40402,TURCO,desnutricion global,nutricion normal (n),2006-05-01,16,16,21,16,37,32,69
21302,UMALA,desnutricion global,nutricion normal (n),2006-05-01,13,14,20,18,33,32,65
50201,UNCIA,desnutricion global,nutricion normal (n),2006-05-01,84,77,38,49,122,126,248
60401,URIONDO (A. CONCEPCION),desnutricion global,nutricion normal (n),2006-05-01,146,106,110,111,256,217,473
51201,UYUNI,desnutricion global,nutricion normal (n),2006-05-01,188,167,112,109,300,276,576
30502,VACAS,desnutricion global,nutricion normal (n),2006-05-01,49,51,32,23,81,74,155
70801,VALLEGRANDE,desnutricion global,nutricion normal (n),2006-05-01,93,149,67,77,160,226,386
20801,VIACHA,desnutricion global,nutricion normal (n),2006-05-01,289,302,166,180,455,482,937
31302,VILA VILA,desnutricion global,nutricion normal (n),2006-05-01,8,9,16,12,24,21,45
60303,VILLA MONTES,desnutricion global,nutricion normal (n),2006-05-01,215,191,162,200,377,391,768
90502,VILLA NUEVA (LOMA ALTA),desnutricion global,nutricion normal (n),2006-05-01,22,29,24,28,46,57,103
31402,VILLA RIVERO,desnutricion global,nutricion normal (n),2006-05-01,18,21,14,8,32,29,61
10801,VILLA SERRANO,desnutricion global,nutricion normal (n),2006-05-01,157,171,192,174,349,345,694
31003,VILLA TUNARI,desnutricion global,nutricion normal (n),2006-05-01,440,372,252,202,692,574,1266
11001,VILLA VACA GUZMAN (MUYUPAMPA),desnutricion global,nutricion normal (n),2006-05-01,123,128,156,204,279,332,611
51501,VILLAZON,desnutricion global,nutricion normal (n),2006-05-01,297,247,220,244,517,491,1008
30904,VINTO,desnutricion global,nutricion normal (n),2006-05-01,166,130,43,32,209,162,371
50602,VITICHI,desnutricion global,nutricion normal (n),2006-05-01,55,70,36,41,91,111,202
20306,WALDO BALLIVIAN,desnutricion global,nutricion normal (n),2006-05-01,9,6,3,7,12,13,25
70201,WARNES,desnutricion global,nutricion normal (n),2006-05-01,356,315,129,163,485,478,963
20903,YACO,desnutricion global,nutricion normal (n),2006-05-01,46,46,26,23,72,69,141
60301,YACUIBA,desnutricion global,nutricion normal (n),2006-05-01,307,273,214,162,521,435,956
10602,YAMPARAEZ,desnutricion global,nutricion normal (n),2006-05-01,88,115,155,132,243,247,490
21103,YANACACHI,desnutricion global,nutricion normal (n),2006-05-01,28,26,30,12,58,38,96
70403,YAPACANI,desnutricion global,nutricion normal (n),2006-05-01,434,396,168,178,602,574,1176
50103,YOCALLA,desnutricion global,nutricion normal (n),2006-05-01,39,25,38,29,77,54,131
10102,YOTALA,desnutricion global,nutricion normal (n),2006-05-01,99,77,125,126,224,203,427
60402,YUNCHARA,desnutricion global,nutricion normal (n),2006-05-01,43,62,82,71,125,133,258
10301,ZUDAÑEZ,desnutricion global,nutricion normal (n),2006-05-01,77,83,110,83,187,166,353
51302,ACACIO,desnutricion global,nutricion normal (n),2006-06-01,52,66,62,60,114,126,240
20201,ACHACACHI,desnutricion global,nutricion normal (n),2006-06-01,336,353,235,203,571,556,1127
20104,ACHOCALLA,desnutricion global,nutricion normal (n),2006-06-01,42,36,17,8,59,44,103
30201,AIQUILE,desnutricion global,nutricion normal (n),2006-06-01,49,39,44,38,93,77,170
31303,ALALAY,desnutricion global,nutricion normal (n),2006-06-01,11,14,17,21,28,35,63
10404,ALCALA,desnutricion global,nutricion normal (n),2006-06-01,31,34,38,36,69,70,139
20202,ANCORAIMES,desnutricion global,nutricion normal (n),2006-06-01,76,78,70,61,146,139,285
41201,ANDAMARCA,desnutricion global,nutricion normal (n),2006-06-01,15,18,26,14,41,32,73
40603,ANTEQUERA,desnutricion global,nutricion normal (n),2006-06-01,25,34,15,10,40,44,84
30402,ANZALDO,desnutricion global,nutricion normal (n),2006-06-01,15,14,20,28,35,42,77
20701,APOLO,desnutricion global,nutricion normal (n),2006-06-01,66,67,71,62,137,129,266
51301,ARAMPAMPA,desnutricion global,nutricion normal (n),2006-06-01,71,52,46,49,117,101,218
30501,ARANI,desnutricion global,nutricion normal (n),2006-06-01,38,22,8,7,46,29,75
30403,ARBIETO,desnutricion global,nutricion normal (n),2006-06-01,33,20,10,8,43,28,71
30601,ARQUE,desnutricion global,nutricion normal (n),2006-06-01,30,25,12,9,42,34,76
71501,ASCENCION DE GUARAYOS,desnutricion global,nutricion normal (n),2006-06-01,210,257,223,221,433,478,911
50802,ATOCHA,desnutricion global,nutricion normal (n),2006-06-01,90,89,91,97,181,186,367
20503,AUCAPATA,desnutricion global,nutricion normal (n),2006-06-01,57,50,41,36,98,86,184
20502,AYATA,desnutricion global,nutricion normal (n),2006-06-01,71,69,45,25,116,94,210
21303,AYO AYO,desnutricion global,nutricion normal (n),2006-06-01,39,38,18,15,57,53,110
30301,AYOPAYA (V. DE INDEPENDENCIA),desnutricion global,nutricion normal (n),2006-06-01,181,179,101,117,282,296,578
10201,AZURDUY,desnutricion global,nutricion normal (n),2006-06-01,232,181,216,163,448,344,792
21203,BATALLAS,desnutricion global,nutricion normal (n),2006-06-01,101,107,70,64,171,171,342
80802,BAURES,desnutricion global,nutricion normal (n),2006-06-01,35,43,25,27,60,70,130
41202,BELEN DE ANDAMARCA,desnutricion global,nutricion normal (n),2006-06-01,6,3,4,6,10,9,19
50104,BELEN DE URMIRI,desnutricion global,nutricion normal (n),2006-06-01,11,9,4,3,15,12,27
90104,BELLA FLOR,desnutricion global,nutricion normal (n),2006-06-01,31,29,36,46,67,75,142
60202,BERMEJO,desnutricion global,nutricion normal (n),2006-06-01,55,61,47,61,102,122,224
50301,BETANZOS,desnutricion global,nutricion normal (n),2006-06-01,155,166,155,139,310,305,615
31501,BOLIVAR,desnutricion global,nutricion normal (n),2006-06-01,34,28,20,22,54,50,104
90103,BOLPEBRA,desnutricion global,nutricion normal (n),2006-06-01,15,14,8,4,23,18,41
70707,BOYUIBE,desnutricion global,nutricion normal (n),2006-06-01,26,16,25,22,51,38,89
70401,BUENA VISTA,desnutricion global,nutricion normal (n),2006-06-01,160,131,102,128,262,259,521
70703,CABEZAS,desnutricion global,nutricion normal (n),2006-06-01,98,100,78,51,176,151,327
20905,CAIROMA,desnutricion global,nutricion normal (n),2006-06-01,80,99,66,76,146,175,321
51102,"CAIZA ""D""",desnutricion global,nutricion normal (n),2006-06-01,74,46,63,70,137,116,253
21003,CAJUATA,desnutricion global,nutricion normal (n),2006-06-01,62,54,28,26,90,80,170
20303,CALACOTO,desnutricion global,nutricion normal (n),2006-06-01,36,40,21,21,57,61,118
21304,CALAMARCA,desnutricion global,nutricion normal (n),2006-06-01,101,113,71,62,172,175,347
10701,CAMARGO,desnutricion global,nutricion normal (n),2006-06-01,143,132,127,93,270,225,495
10901,CAMATAQUI (C. VILLA ABECIA),desnutricion global,nutricion normal (n),2006-06-01,29,22,24,22,53,44,97
70706,CAMIRI,desnutricion global,nutricion normal (n),2006-06-01,212,181,155,132,367,313,680
30701,CAPINOTA,desnutricion global,nutricion normal (n),2006-06-01,35,31,34,37,69,68,137
20302,CAQUIAVIRI,desnutricion global,nutricion normal (n),2006-06-01,48,39,23,21,71,60,131
40102,CARACOLLO,desnutricion global,nutricion normal (n),2006-06-01,48,49,29,27,77,76,153
22001,CARANAVI,desnutricion global,nutricion normal (n),2006-06-01,375,312,273,236,648,548,1196
41503,CARANGAS,desnutricion global,nutricion normal (n),2006-06-01,0,3,0,1,0,4,4
60302,CARAPARI,desnutricion global,nutricion normal (n),2006-06-01,89,74,85,69,174,143,317
50702,CARIPUYO,desnutricion global,nutricion normal (n),2006-06-01,73,54,89,70,162,124,286
71403,CARMEN RIVERO TORREZ,desnutricion global,nutricion normal (n),2006-06-01,22,28,24,10,46,38,84
21902,CATACORA,desnutricion global,nutricion normal (n),2006-06-01,2,0,1,0,3,0,3
21803,CHACARILLA,desnutricion global,nutricion normal (n),2006-06-01,8,7,6,15,14,22,36
40201,CHALLAPATA,desnutricion global,nutricion normal (n),2006-06-01,125,128,83,69,208,197,405
50302,CHAQUI,desnutricion global,nutricion normal (n),2006-06-01,29,41,22,29,51,70,121
70702,CHARAGUA,desnutricion global,nutricion normal (n),2006-06-01,175,169,155,136,330,305,635
20305,CHARAÑA,desnutricion global,nutricion normal (n),2006-06-01,17,11,9,12,26,23,49
50202,CHAYANTA,desnutricion global,nutricion normal (n),2006-06-01,118,114,90,85,208,199,407
31204,CHIMORE,desnutricion global,nutricion normal (n),2006-06-01,32,29,32,17,64,46,110
40903,CHIPAYA,desnutricion global,nutricion normal (n),2006-06-01,10,12,13,9,23,21,44
40302,CHOQUE COTA,desnutricion global,nutricion normal (n),2006-06-01,2,2,1,2,3,4,7
21101,CHULUMANI (V. DE LA LIBERTAD),desnutricion global,nutricion normal (n),2006-06-01,46,45,12,19,58,64,122
20501,CHUMA,desnutricion global,nutricion normal (n),2006-06-01,48,55,32,24,80,79,159
30801,CLIZA,desnutricion global,nutricion normal (n),2006-06-01,92,114,43,30,135,144,279
90101,COBIJA,desnutricion global,nutricion normal (n),2006-06-01,265,251,145,125,410,376,786
30101,COCHABAMBA,desnutricion global,nutricion normal (n),2006-06-01,1487,1418,673,617,2160,2035,4195
40902,COIPASA,desnutricion global,nutricion normal (n),2006-06-01,4,4,3,3,7,7,14
30905,COLCAPIRHUA,desnutricion global,nutricion normal (n),2006-06-01,203,168,94,88,297,256,553
50901,"COLCHA ""K""",desnutricion global,nutricion normal (n),2006-06-01,112,90,106,103,218,193,411
21307,COLLANA,desnutricion global,nutricion normal (n),2006-06-01,16,7,4,6,20,13,33
31002,COLOMI,desnutricion global,nutricion normal (n),2006-06-01,145,124,72,95,217,219,436
70603,COLPA BELGICA,desnutricion global,nutricion normal (n),2006-06-01,34,33,31,21,65,54,119
50401,COLQUECHACA,desnutricion global,nutricion normal (n),2006-06-01,213,189,276,203,489,392,881
21306,COLQUENCHA,desnutricion global,nutricion normal (n),2006-06-01,20,41,24,19,44,60,104
21004,COLQUIRI,desnutricion global,nutricion normal (n),2006-06-01,107,99,60,80,167,179,346
20304,COMANCHE,desnutricion global,nutricion normal (n),2006-06-01,11,8,10,7,21,15,36
71301,COMARAPA,desnutricion global,nutricion normal (n),2006-06-01,59,73,37,47,96,120,216
20605,COMBAYA,desnutricion global,nutricion normal (n),2006-06-01,4,1,3,4,7,5,12
71101,CONCEPCION,desnutricion global,nutricion normal (n),2006-06-01,22,18,19,17,41,35,76
21701,COPACABANA,desnutricion global,nutricion normal (n),2006-06-01,71,75,80,69,151,144,295
21402,CORIPATA,desnutricion global,nutricion normal (n),2006-06-01,95,117,72,68,167,185,352
20301,CORO CORO,desnutricion global,nutricion normal (n),2006-06-01,44,46,33,28,77,74,151
21401,COROICO,desnutricion global,nutricion normal (n),2006-06-01,74,58,60,43,134,101,235
40301,CORQUE,desnutricion global,nutricion normal (n),2006-06-01,22,27,20,16,42,43,85
50601,COTAGAITA,desnutricion global,nutricion normal (n),2006-06-01,157,135,175,117,332,252,584
70102,COTOCA,desnutricion global,nutricion normal (n),2006-06-01,266,233,143,119,409,352,761
71106,CUATRO CAÑADAS,desnutricion global,nutricion normal (n),2006-06-01,60,62,62,55,122,117,239
31405,CUCHUMUELA (V. G. VILLARROEL),desnutricion global,nutricion normal (n),2006-06-01,8,0,3,2,11,2,13
70704,CUEVO,desnutricion global,nutricion normal (n),2006-06-01,39,55,43,49,82,104,186
10902,CULPINA,desnutricion global,nutricion normal (n),2006-06-01,147,156,133,137,280,293,573
40401,CURAHUARA DE CARANGAS,desnutricion global,nutricion normal (n),2006-06-01,37,25,37,21,74,46,120
21602,CURVA,desnutricion global,nutricion normal (n),2006-06-01,8,8,16,6,24,14,38
20804,DESAGUADERO,desnutricion global,nutricion normal (n),2006-06-01,24,22,19,10,43,32,75
20105,EL ALTO,desnutricion global,nutricion normal (n),2006-06-01,3044,2806,1443,1421,4487,4227,8714
40103,EL CHORO,desnutricion global,nutricion normal (n),2006-06-01,21,10,19,23,40,33,73
71503,EL PUENTE(STC),desnutricion global,nutricion normal (n),2006-06-01,116,98,88,79,204,177,381
60502,EL PUENTE(TJA),desnutricion global,nutricion normal (n),2006-06-01,66,57,109,80,175,137,312
70105,EL TORNO,desnutricion global,nutricion normal (n),2006-06-01,138,153,57,58,195,211,406
10405,EL VILLAR,desnutricion global,nutricion normal (n),2006-06-01,84,77,88,74,172,151,323
60601,ENTRE RIOS,desnutricion global,nutricion normal (n),2006-06-01,157,143,158,140,315,283,598
60601,ENTRE RIOS,desnutricion global,nutricion normal (n),2006-06-01,99,76,75,63,174,139,313
40502,ESCARA,desnutricion global,nutricion normal (n),2006-06-01,0,2,1,0,1,2,3
41101,EUCALIPTUS,desnutricion global,nutricion normal (n),2006-06-01,26,23,27,28,53,51,104
90503,EUREKA (SANTOS MERCADO),desnutricion global,nutricion normal (n),2006-06-01,3,10,7,4,10,14,24
80402,EXALTACION,desnutricion global,nutricion normal (n),2006-06-01,19,19,31,24,50,43,93
71004,FERNANDEZ ALONSO,desnutricion global,nutricion normal (n),2006-06-01,130,119,115,110,245,229,474
90203,FILADELFIA,desnutricion global,nutricion normal (n),2006-06-01,14,9,11,14,25,23,48
71002,GENERAL SAAVEDRA,desnutricion global,nutricion normal (n),2006-06-01,115,89,97,95,212,184,396
21601,GRAL. J.J. PEREZ (CHARAZANI),desnutricion global,nutricion normal (n),2006-06-01,35,39,38,32,73,71,144
20602,GUANAY,desnutricion global,nutricion normal (n),2006-06-01,79,67,70,75,149,142,291
20802,GUAQUI,desnutricion global,nutricion normal (n),2006-06-01,37,25,16,5,53,30,83
80202,GUAYARAMERIN,desnutricion global,nutricion normal (n),2006-06-01,264,268,145,134,409,402,811
70705,GUTIERREZ,desnutricion global,nutricion normal (n),2006-06-01,100,117,152,151,252,268,520
10502,HUACARETA,desnutricion global,nutricion normal (n),2006-06-01,95,75,132,109,227,184,411
11002,HUACAYA (VILLA DE HUACAYA),desnutricion global,nutricion normal (n),2006-06-01,26,26,44,38,70,64,134
40501,HUACHACALLA,desnutricion global,nutricion normal (n),2006-06-01,3,3,10,3,13,6,19
40701,HUANUNI,desnutricion global,nutricion normal (n),2006-06-01,83,81,68,50,151,131,282
80803,HUARACAJE,desnutricion global,nutricion normal (n),2006-06-01,24,21,16,13,40,34,74
41601,HUAYLLAMARCA,desnutricion global,nutricion normal (n),2006-06-01,22,14,16,6,38,20,58
21005,ICHOCA,desnutricion global,nutricion normal (n),2006-06-01,33,38,38,19,71,57,128
10304,ICLA,desnutricion global,nutricion normal (n),2006-06-01,81,84,112,113,193,197,390
10703,INCAHUASI,desnutricion global,nutricion normal (n),2006-06-01,199,196,158,166,357,362,719
90402,INGAVI (HUMAITA),desnutricion global,nutricion normal (n),2006-06-01,13,7,28,12,41,19,60
21001,INQUISIVI,desnutricion global,nutricion normal (n),2006-06-01,125,120,69,73,194,193,387
21102,IRUPANA (VILLA DE LANZA),desnutricion global,nutricion normal (n),2006-06-01,159,115,101,104,260,219,479
21501,IXIAMAS,desnutricion global,nutricion normal (n),2006-06-01,60,51,55,38,115,89,204
20806,JESUS DE MACHACA,desnutricion global,nutricion normal (n),2006-06-01,45,65,48,34,93,99,192
21105,LA ASUNTA,desnutricion global,nutricion normal (n),2006-06-01,166,137,68,51,234,188,422
70104,LA GUARDIA,desnutricion global,nutricion normal (n),2006-06-01,340,312,157,150,497,462,959
20101,LA PAZ,desnutricion global,nutricion normal (n),2006-06-01,2855,2636,1552,1552,4407,4188,8595
41501,LA RIVERA,desnutricion global,nutricion normal (n),2006-06-01,1,2,3,6,4,8,12
70701,LAGUNILLAS,desnutricion global,nutricion normal (n),2006-06-01,73,78,90,114,163,192,355
21202,LAJA,desnutricion global,nutricion normal (n),2006-06-01,116,110,56,45,172,155,327
10903,LAS CARRERAS,desnutricion global,nutricion normal (n),2006-06-01,53,51,64,63,117,114,231
21006,LICOMA PAMPA,desnutricion global,nutricion normal (n),2006-06-01,32,21,38,38,70,59,129
50203,LLALLAGUA,desnutricion global,nutricion normal (n),2006-06-01,405,322,573,654,978,976,1954
51401,LLICA,desnutricion global,nutricion normal (n),2006-06-01,44,34,32,30,76,64,140
80601,LORETO,desnutricion global,nutricion normal (n),2006-06-01,35,28,26,19,61,47,108
20901,LURIBAY,desnutricion global,nutricion normal (n),2006-06-01,98,88,74,77,172,165,337
40702,MACHACAMARCA,desnutricion global,nutricion normal (n),2006-06-01,11,10,5,5,16,15,31
11003,MACHARETI,desnutricion global,nutricion normal (n),2006-06-01,87,91,138,173,225,264,489
80801,MAGDALENA,desnutricion global,nutricion normal (n),2006-06-01,65,46,36,42,101,88,189
70903,MAIRANA,desnutricion global,nutricion normal (n),2006-06-01,77,66,51,50,128,116,244
20904,MALLA,desnutricion global,nutricion normal (n),2006-06-01,15,11,24,34,39,45,84
20607,MAPIRI,desnutricion global,nutricion normal (n),2006-06-01,117,148,81,63,198,211,409
20103,MECAPACA,desnutricion global,nutricion normal (n),2006-06-01,68,59,40,45,108,104,212
71003,MINEROS,desnutricion global,nutricion normal (n),2006-06-01,191,166,156,143,347,309,656
31301,MIZQUE,desnutricion global,nutricion normal (n),2006-06-01,98,88,62,54,160,142,302
20402,MOCOMOCO,desnutricion global,nutricion normal (n),2006-06-01,100,94,79,57,179,151,330
51002,MOJINETE,desnutricion global,nutricion normal (n),2006-06-01,7,5,5,0,12,5,17
10303,MOJOCOYA,desnutricion global,nutricion normal (n),2006-06-01,76,69,124,103,200,172,372
10501,MONTEAGUDO,desnutricion global,nutricion normal (n),2006-06-01,173,184,231,194,404,378,782
71001,MONTERO,desnutricion global,nutricion normal (n),2006-06-01,903,776,532,525,1435,1301,2736
70803,MORO MORO,desnutricion global,nutricion normal (n),2006-06-01,12,9,7,5,19,14,33
30302,MOROCHATA,desnutricion global,nutricion normal (n),2006-06-01,107,113,96,90,203,203,406
90401,NACEBE (SANTA ROSA DEL ABUNA),desnutricion global,nutricion normal (n),2006-06-01,19,24,32,28,51,52,103
20307,NAZACARA DE PACAJES,desnutricion global,nutricion normal (n),2006-06-01,4,4,8,1,12,5,17
50404,OCURI,desnutricion global,nutricion normal (n),2006-06-01,122,109,103,105,225,214,439
70202,OKINAWA,desnutricion global,nutricion normal (n),2006-06-01,107,113,45,51,152,164,316
30203,OMEREQUE,desnutricion global,nutricion normal (n),2006-06-01,45,39,36,43,81,82,163
40101,ORURO,desnutricion global,nutricion normal (n),2006-06-01,1029,946,582,554,1611,1500,3111
60201,PADCAYA,desnutricion global,nutricion normal (n),2006-06-01,124,121,134,143,258,264,522
10401,PADILLA,desnutricion global,nutricion normal (n),2006-06-01,138,121,193,184,331,305,636
70502,PAILON,desnutricion global,nutricion normal (n),2006-06-01,7,177,96,20,103,197,300
20102,PALCA,desnutricion global,nutricion normal (n),2006-06-01,57,63,24,32,81,95,176
21104,PALOS BLANCOS,desnutricion global,nutricion normal (n),2006-06-01,122,100,75,99,197,199,396
40802,PAMPA AULLAGAS,desnutricion global,nutricion normal (n),2006-06-01,14,9,11,17,25,26,51
70902,PAMPA GRANDE,desnutricion global,nutricion normal (n),2006-06-01,40,39,31,22,71,61,132
21802,PAPEL PAMPA,desnutricion global,nutricion normal (n),2006-06-01,15,9,3,2,18,11,29
30202,PASORAPA,desnutricion global,nutricion normal (n),2006-06-01,29,38,51,31,80,69,149
21305,PATACAMAYA,desnutricion global,nutricion normal (n),2006-06-01,154,144,60,53,214,197,411
40602,PAZÑA,desnutricion global,nutricion normal (n),2006-06-01,37,29,28,37,65,66,131
20702,PELECHUCO,desnutricion global,nutricion normal (n),2006-06-01,34,36,19,20,53,56,109
50403,POCOATA,desnutricion global,nutricion normal (n),2006-06-01,173,153,208,219,381,372,753
31203,POCONA,desnutricion global,nutricion normal (n),2006-06-01,57,54,32,47,89,101,190
31202,POJO (CBBA),desnutricion global,nutricion normal (n),2006-06-01,75,81,50,34,125,115,240
40601,POOPO,desnutricion global,nutricion normal (n),2006-06-01,22,24,21,21,43,45,88
51203,PORCO,desnutricion global,nutricion normal (n),2006-06-01,67,68,35,42,102,110,212
10103,POROMA,desnutricion global,nutricion normal (n),2006-06-01,107,95,108,75,215,170,385
70103,PORONGO,desnutricion global,nutricion normal (n),2006-06-01,52,47,24,18,76,65,141
70601,PORTACHUELO,desnutricion global,nutricion normal (n),2006-06-01,118,133,88,79,206,212,418
90102,PORVENIR,desnutricion global,nutricion normal (n),2006-06-01,29,27,15,16,44,43,87
70804,POSTRER VALLE,desnutricion global,nutricion normal (n),2006-06-01,17,20,10,26,27,46,73
50101,POTOSI,desnutricion global,nutricion normal (n),2006-06-01,775,593,307,256,1082,849,1931
10302,PRESTO,desnutricion global,nutricion normal (n),2006-06-01,65,49,110,84,175,133,308
70805,PUCARA,desnutricion global,nutricion normal (n),2006-06-01,17,11,18,23,35,34,69
21201,PUCARANI,desnutricion global,nutricion normal (n),2006-06-01,166,158,74,62,240,220,460
20401,PUERTO ACOSTA,desnutricion global,nutricion normal (n),2006-06-01,122,109,83,75,205,184,389
20403,PUERTO CARABUCO,desnutricion global,nutricion normal (n),2006-06-01,84,77,55,56,139,133,272
90301,PUERTO GONZALO MORENO,desnutricion global,nutricion normal (n),2006-06-01,44,19,35,23,79,42,121
21204,PUERTO PEREZ,desnutricion global,nutricion normal (n),2006-06-01,45,34,32,23,77,57,134
71402,PUERTO QUIJARRO,desnutricion global,nutricion normal (n),2006-06-01,62,60,26,22,88,82,170
90201,PUERTO RICO,desnutricion global,nutricion normal (n),2006-06-01,52,50,34,37,86,87,173
80703,PUERTO SILES,desnutricion global,nutricion normal (n),2006-06-01,5,7,7,8,12,15,27
71401,PUERTO SUAREZ,desnutricion global,nutricion normal (n),2006-06-01,69,69,23,23,92,92,184
31205,PUERTO VILLARROEL,desnutricion global,nutricion normal (n),2006-06-01,184,150,181,146,365,296,661
51101,PUNA,desnutricion global,nutricion normal (n),2006-06-01,229,128,128,122,357,250,607
31401,PUNATA,desnutricion global,nutricion normal (n),2006-06-01,225,248,63,55,288,303,591
20604,QUIABAYA,desnutricion global,nutricion normal (n),2006-06-01,3,3,2,2,5,5,10
30901,QUILLACOLLO,desnutricion global,nutricion normal (n),2006-06-01,650,661,245,227,895,888,1783
21002,QUIME,desnutricion global,nutricion normal (n),2006-06-01,82,69,63,78,145,147,292
70904,QUIRUSILLAS,desnutricion global,nutricion normal (n),2006-06-01,13,6,9,6,22,12,34
50402,RAVELO,desnutricion global,nutricion normal (n),2006-06-01,160,164,167,145,327,309,636
80301,REYES,desnutricion global,nutricion normal (n),2006-06-01,74,87,80,75,154,162,316
80201,RIBERALTA,desnutricion global,nutricion normal (n),2006-06-01,920,736,336,261,1256,997,2253
70503,ROBORE,desnutricion global,nutricion normal (n),2006-06-01,116,102,73,79,189,181,370
80304,RURRENABAQUE,desnutricion global,nutricion normal (n),2006-06-01,82,77,36,22,118,99,217
40901,SABAYA,desnutricion global,nutricion normal (n),2006-06-01,21,15,15,8,36,23,59
31001,SACABA,desnutricion global,nutricion normal (n),2006-06-01,485,365,145,99,630,464,1094
30404,SACABAMBA,desnutricion global,nutricion normal (n),2006-06-01,22,16,11,13,33,29,62
50701,SACACA,desnutricion global,nutricion normal (n),2006-06-01,178,131,207,161,385,292,677
71302,SAIPINA,desnutricion global,nutricion normal (n),2006-06-01,24,23,17,20,41,43,84
40801,SALINAS DE GARCI MENDOZA,desnutricion global,nutricion normal (n),2006-06-01,39,39,35,31,74,70,144
70901,SAMAIPATA,desnutricion global,nutricion normal (n),2006-06-01,70,54,64,34,134,88,222
51601,SAN AGUSTIN,desnutricion global,nutricion normal (n),2006-06-01,19,16,32,27,51,43,94
80602,SAN ANDRES,desnutricion global,nutricion normal (n),2006-06-01,61,44,74,67,135,111,246
20805,SAN ANDRES DE MACHACA,desnutricion global,nutricion normal (n),2006-06-01,25,13,26,19,51,32,83
51003,SAN ANTONIO DE ESMORUCO,desnutricion global,nutricion normal (n),2006-06-01,8,5,12,3,20,8,28
71105,SAN ANTONIO DE LOMERIO,desnutricion global,nutricion normal (n),2006-06-01,85,65,67,68,152,133,285
31403,SAN BENITO,desnutricion global,nutricion normal (n),2006-06-01,49,62,32,36,81,98,179
80302,SAN BORJA,desnutricion global,nutricion normal (n),2006-06-01,277,293,125,115,402,408,810
21502,SAN BUENA VENTURA,desnutricion global,nutricion normal (n),2006-06-01,48,56,22,30,70,86,156
70402,SAN CARLOS,desnutricion global,nutricion normal (n),2006-06-01,138,131,59,49,197,180,377
80501,SAN IGNACIO,desnutricion global,nutricion normal (n),2006-06-01,187,149,150,109,337,258,595
70301,SAN IGNACIO DE VELASCO,desnutricion global,nutricion normal (n),2006-06-01,424,348,248,246,672,594,1266
80102,SAN JAVIER(BNI),desnutricion global,nutricion normal (n),2006-06-01,20,18,23,29,43,47,90
71102,SAN JAVIER(STC),desnutricion global,nutricion normal (n),2006-06-01,10,13,8,4,18,17,35
80701,SAN JOAQUIN,desnutricion global,nutricion normal (n),2006-06-01,8,14,36,24,44,38,82
70501,SAN JOSE DE CHIQUITOS,desnutricion global,nutricion normal (n),2006-06-01,54,63,41,35,95,98,193
70404,SAN JUAN DE YAPACANI,desnutricion global,nutricion normal (n),2006-06-01,54,60,41,34,95,94,189
71104,SAN JULIAN,desnutricion global,nutricion normal (n),2006-06-01,118,107,133,166,251,273,524
90302,SAN LORENZO(PND),desnutricion global,nutricion normal (n),2006-06-01,42,29,42,44,84,73,157
60501,SAN LORENZO(TJA),desnutricion global,nutricion normal (n),2006-06-01,120,122,109,94,229,216,445
10702,SAN LUCAS,desnutricion global,nutricion normal (n),2006-06-01,321,301,364,335,685,636,1321
71201,SAN MATIAS,desnutricion global,nutricion normal (n),2006-06-01,85,91,48,28,133,119,252
70302,SAN MIGUEL DE VELASCO,desnutricion global,nutricion normal (n),2006-06-01,115,109,87,85,202,194,396
51001,SAN PABLO DE LIPEZ,desnutricion global,nutricion normal (n),2006-06-01,20,14,20,19,40,33,73
71005,SAN PEDRO,desnutricion global,nutricion normal (n),2006-06-01,136,122,80,77,216,199,415
50501,SAN PEDRO DE BUENA VISTA,desnutricion global,nutricion normal (n),2006-06-01,151,141,138,121,289,262,551
21801,SAN PEDRO DE CURAHUARA,desnutricion global,nutricion normal (n),2006-06-01,43,33,29,40,72,73,145
50902,SAN PEDRO DE QUEMES,desnutricion global,nutricion normal (n),2006-06-01,2,8,2,1,4,9,13
21702,SAN PEDRO DE TIQUINA,desnutricion global,nutricion normal (n),2006-06-01,24,27,28,18,52,45,97
90202,SAN PEDRO(PND),desnutricion global,nutricion normal (n),2006-06-01,7,27,31,28,38,55,93
70303,SAN RAFAEL,desnutricion global,nutricion normal (n),2006-06-01,49,44,26,25,75,69,144
80702,SAN RAMON,desnutricion global,nutricion normal (n),2006-06-01,20,26,24,19,44,45,89
80401,SANTA ANA,desnutricion global,nutricion normal (n),2006-06-01,93,103,55,44,148,147,295
70101,SANTA CRUZ DE LA SIERRA,desnutricion global,nutricion normal (n),2006-06-01,4579,4131,1803,1874,6382,6005,12387
80303,SANTA ROSA,desnutricion global,nutricion normal (n),2006-06-01,33,32,16,12,49,44,93
70602,SANTA ROSA DEL SARA,desnutricion global,nutricion normal (n),2006-06-01,92,92,48,62,140,154,294
20308,SANTIAGO DE CALLAPA,desnutricion global,nutricion normal (n),2006-06-01,26,29,13,13,39,42,81
41401,SANTIAGO DE HUARI,desnutricion global,nutricion normal (n),2006-06-01,22,25,46,36,68,61,129
21901,SANTIAGO DE MACHACA,desnutricion global,nutricion normal (n),2006-06-01,20,19,8,6,28,25,53
30702,SANTIVAÑES,desnutricion global,nutricion normal (n),2006-06-01,54,51,44,34,98,85,183
40202,SANTUARIO DE QUILLACAS,desnutricion global,nutricion normal (n),2006-06-01,4,5,15,8,19,13,32
20902,SAPAHAQUI,desnutricion global,nutricion normal (n),2006-06-01,57,51,38,39,95,90,185
90303,SENA,desnutricion global,nutricion normal (n),2006-06-01,27,19,22,31,49,50,99
21301,SICA SICA (VILLA AROMA),desnutricion global,nutricion normal (n),2006-06-01,135,106,60,50,195,156,351
30703,SICAYA,desnutricion global,nutricion normal (n),2006-06-01,8,9,7,7,15,16,31
30902,SIPE SIPE,desnutricion global,nutricion normal (n),2006-06-01,225,221,78,93,303,314,617
10403,SOPACHUY,desnutricion global,nutricion normal (n),2006-06-01,77,79,80,66,157,145,302
40104,SORACACHI,desnutricion global,nutricion normal (n),2006-06-01,40,30,34,25,74,55,129
20601,SORATA,desnutricion global,nutricion normal (n),2006-06-01,75,76,75,78,150,154,304
10101,SUCRE,desnutricion global,nutricion normal (n),2006-06-01,1001,1016,833,814,1834,1830,3664
31404,TACACHI,desnutricion global,nutricion normal (n),2006-06-01,2,3,0,0,2,3,5
20603,TACACOMA,desnutricion global,nutricion normal (n),2006-06-01,19,23,16,22,35,45,80
50303,TACOBAMBA,desnutricion global,nutricion normal (n),2006-06-01,60,54,44,40,104,94,198
30602,TACOPAYA,desnutricion global,nutricion normal (n),2006-06-01,61,62,81,71,142,133,275
51402,TAHUA,desnutricion global,nutricion normal (n),2006-06-01,11,8,5,7,16,15,31
31101,TAPACARI,desnutricion global,nutricion normal (n),2006-06-01,155,129,98,67,253,196,449
10601,TARABUCO,desnutricion global,nutricion normal (n),2006-06-01,227,184,272,252,499,436,935
20807,TARACO,desnutricion global,nutricion normal (n),2006-06-01,42,40,48,50,90,90,180
30401,TARATA,desnutricion global,nutricion normal (n),2006-06-01,27,33,24,9,51,42,93
60101,TARIJA,desnutricion global,nutricion normal (n),2006-06-01,936,892,604,632,1540,1524,3064
10202,TARVITA,desnutricion global,nutricion normal (n),2006-06-01,144,91,82,74,226,165,391
20608,TEOPONTE,desnutricion global,nutricion normal (n),2006-06-01,54,43,57,43,111,86,197
20803,TIAWANACU,desnutricion global,nutricion normal (n),2006-06-01,78,73,32,34,110,107,217
50102,TINGUIPAYA,desnutricion global,nutricion normal (n),2006-06-01,35,56,68,45,103,101,204
20606,TIPUANI,desnutricion global,nutricion normal (n),2006-06-01,64,57,19,21,83,78,161
30903,TIQUIPAYA,desnutricion global,nutricion normal (n),2006-06-01,183,140,56,37,239,177,416
31601,TIRAQUE (CBBA),desnutricion global,nutricion normal (n),2006-06-01,240,167,116,128,356,295,651
21703,TITO YUPANQUI (PARQUIPUJIO),desnutricion global,nutricion normal (n),2006-06-01,12,12,6,8,18,20,38
30802,TOCO,desnutricion global,nutricion normal (n),2006-06-01,11,5,16,13,27,18,45
30803,TOLATA,desnutricion global,nutricion normal (n),2006-06-01,38,31,16,13,54,44,98
41001,TOLEDO,desnutricion global,nutricion normal (n),2006-06-01,26,18,16,20,42,38,80
51202,TOMAVE,desnutricion global,nutricion normal (n),2006-06-01,74,22,49,10,123,32,155
10402,TOMINA,desnutricion global,nutricion normal (n),2006-06-01,121,90,118,109,239,199,438
50502,TORO TORO,desnutricion global,nutricion normal (n),2006-06-01,108,84,121,108,229,192,421
31201,TOTORA(CBBA),desnutricion global,nutricion normal (n),2006-06-01,65,75,34,33,99,108,207
41301,TOTORA(ORR),desnutricion global,nutricion normal (n),2006-06-01,16,11,18,9,34,20,54
70802,TRIGAL,desnutricion global,nutricion normal (n),2006-06-01,13,9,8,15,21,24,45
80101,TRINIDAD,desnutricion global,nutricion normal (n),2006-06-01,657,524,312,210,969,734,1703
50801,TUPIZA,desnutricion global,nutricion normal (n),2006-06-01,295,260,269,256,564,516,1080
40402,TURCO,desnutricion global,nutricion normal (n),2006-06-01,14,9,21,19,35,28,63
21302,UMALA,desnutricion global,nutricion normal (n),2006-06-01,32,31,26,30,58,61,119
50201,UNCIA,desnutricion global,nutricion normal (n),2006-06-01,130,93,113,98,243,191,434
60401,URIONDO (A. CONCEPCION),desnutricion global,nutricion normal (n),2006-06-01,118,104,103,118,221,222,443
71502,URUBICHA,desnutricion global,nutricion normal (n),2006-06-01,62,66,106,109,168,175,343
51201,UYUNI,desnutricion global,nutricion normal (n),2006-06-01,270,204,147,154,417,358,775
30502,VACAS,desnutricion global,nutricion normal (n),2006-06-01,48,58,35,27,83,85,168
70801,VALLEGRANDE,desnutricion global,nutricion normal (n),2006-06-01,65,70,50,56,115,126,241
20801,VIACHA,desnutricion global,nutricion normal (n),2006-06-01,190,193,108,104,298,297,595
31302,VILA VILA,desnutricion global,nutricion normal (n),2006-06-01,18,14,31,31,49,45,94
60303,VILLA MONTES,desnutricion global,nutricion normal (n),2006-06-01,115,110,98,111,213,221,434
90502,VILLA NUEVA (LOMA ALTA),desnutricion global,nutricion normal (n),2006-06-01,1,4,5,3,6,7,13
31402,VILLA RIVERO,desnutricion global,nutricion normal (n),2006-06-01,17,28,20,13,37,41,78
10801,VILLA SERRANO,desnutricion global,nutricion normal (n),2006-06-01,124,117,134,142,258,259,517
31003,VILLA TUNARI,desnutricion global,nutricion normal (n),2006-06-01,382,366,260,192,642,558,1200
11001,VILLA VACA GUZMAN (MUYUPAMPA),desnutricion global,nutricion normal (n),2006-06-01,95,88,108,138,203,226,429
51501,VILLAZON,desnutricion global,nutricion normal (n),2006-06-01,232,221,179,165,411,386,797
30904,VINTO,desnutricion global,nutricion normal (n),2006-06-01,167,115,3,2,170,117,287
50602,VITICHI,desnutricion global,nutricion normal (n),2006-06-01,113,59,120,58,233,117,350
20306,WALDO BALLIVIAN,desnutricion global,nutricion normal (n),2006-06-01,9,4,5,6,14,10,24
70201,WARNES,desnutricion global,nutricion normal (n),2006-06-01,342,334,196,205,538,539,1077
20903,YACO,desnutricion global,nutricion normal (n),2006-06-01,31,27,12,13,43,40,83
60301,YACUIBA,desnutricion global,nutricion normal (n),2006-06-01,231,255,203,188,434,443,877
10602,YAMPARAEZ,desnutricion global,nutricion normal (n),2006-06-01,92,97,154,158,246,255,501
21103,YANACACHI,desnutricion global,nutricion normal (n),2006-06-01,27,25,10,21,37,46,83
70403,YAPACANI,desnutricion global,nutricion normal (n),2006-06-01,357,312,156,118,513,430,943
50103,YOCALLA,desnutricion global,nutricion normal (n),2006-06-01,42,24,52,35,94,59,153
10102,YOTALA,desnutricion global,nutricion normal (n),2006-06-01,86,74,112,113,198,187,385
60402,YUNCHARA,desnutricion global,nutricion normal (n),2006-06-01,49,52,49,52,98,104,202
10301,ZUDAÑEZ,desnutricion global,nutricion normal (n),2006-06-01,78,78,116,90,194,168,362
51302,ACACIO,desnutricion global,nutricion normal (n),2006-07-01,48,52,49,47,97,99,196
20201,ACHACACHI,desnutricion global,nutricion normal (n),2006-07-01,382,336,244,247,626,583,1209
20104,ACHOCALLA,desnutricion global,nutricion normal (n),2006-07-01,46,38,15,10,61,48,109
30201,AIQUILE,desnutricion global,nutricion normal (n),2006-07-01,87,79,58,51,145,130,275
31303,ALALAY,desnutricion global,nutricion normal (n),2006-07-01,10,6,5,4,15,10,25
10404,ALCALA,desnutricion global,nutricion normal (n),2006-07-01,36,39,45,45,81,84,165
20202,ANCORAIMES,desnutricion global,nutricion normal (n),2006-07-01,68,73,84,89,152,162,314
41201,ANDAMARCA,desnutricion global,nutricion normal (n),2006-07-01,16,24,35,38,51,62,113
40603,ANTEQUERA,desnutricion global,nutricion normal (n),2006-07-01,30,24,6,5,36,29,65
30402,ANZALDO,desnutricion global,nutricion normal (n),2006-07-01,35,34,28,19,63,53,116
20701,APOLO,desnutricion global,nutricion normal (n),2006-07-01,89,95,69,58,158,153,311
51301,ARAMPAMPA,desnutricion global,nutricion normal (n),2006-07-01,38,41,39,52,77,93,170
30501,ARANI,desnutricion global,nutricion normal (n),2006-07-01,48,33,22,21,70,54,124
30403,ARBIETO,desnutricion global,nutricion normal (n),2006-07-01,26,12,1,4,27,16,43
30601,ARQUE,desnutricion global,nutricion normal (n),2006-07-01,64,53,42,37,106,90,196
50802,ATOCHA,desnutricion global,nutricion normal (n),2006-07-01,79,72,68,61,147,133,280
20503,AUCAPATA,desnutricion global,nutricion normal (n),2006-07-01,25,22,15,11,40,33,73
20502,AYATA,desnutricion global,nutricion normal (n),2006-07-01,59,49,32,26,91,75,166
21303,AYO AYO,desnutricion global,nutricion normal (n),2006-07-01,17,29,7,9,24,38,62
30301,AYOPAYA (V. DE INDEPENDENCIA),desnutricion global,nutricion normal (n),2006-07-01,135,113,99,50,234,163,397
10201,AZURDUY,desnutricion global,nutricion normal (n),2006-07-01,210,145,206,151,416,296,712
21203,BATALLAS,desnutricion global,nutricion normal (n),2006-07-01,106,108,58,51,164,159,323
80802,BAURES,desnutricion global,nutricion normal (n),2006-07-01,57,61,63,72,120,133,253
41202,BELEN DE ANDAMARCA,desnutricion global,nutricion normal (n),2006-07-01,0,21,0,0,0,21,21
50104,BELEN DE URMIRI,desnutricion global,nutricion normal (n),2006-07-01,9,5,5,4,14,9,23
90104,BELLA FLOR,desnutricion global,nutricion normal (n),2006-07-01,28,42,35,46,63,88,151
60202,BERMEJO,desnutricion global,nutricion normal (n),2006-07-01,63,56,52,56,115,112,227
50301,BETANZOS,desnutricion global,nutricion normal (n),2006-07-01,189,196,243,211,432,407,839
31501,BOLIVAR,desnutricion global,nutricion normal (n),2006-07-01,52,44,45,45,97,89,186
90103,BOLPEBRA,desnutricion global,nutricion normal (n),2006-07-01,17,14,17,16,34,30,64
70707,BOYUIBE,desnutricion global,nutricion normal (n),2006-07-01,23,19,16,17,39,36,75
70401,BUENA VISTA,desnutricion global,nutricion normal (n),2006-07-01,147,121,121,128,268,249,517
70703,CABEZAS,desnutricion global,nutricion normal (n),2006-07-01,80,98,77,53,157,151,308
20905,CAIROMA,desnutricion global,nutricion normal (n),2006-07-01,106,81,64,56,170,137,307
51102,"CAIZA ""D""",desnutricion global,nutricion normal (n),2006-07-01,58,53,63,71,121,124,245
21003,CAJUATA,desnutricion global,nutricion normal (n),2006-07-01,84,75,44,51,128,126,254
20303,CALACOTO,desnutricion global,nutricion normal (n),2006-07-01,54,40,37,25,91,65,156
21304,CALAMARCA,desnutricion global,nutricion normal (n),2006-07-01,93,130,75,59,168,189,357
10701,CAMARGO,desnutricion global,nutricion normal (n),2006-07-01,164,164,130,103,294,267,561
10901,CAMATAQUI (C. VILLA ABECIA),desnutricion global,nutricion normal (n),2006-07-01,27,16,18,12,45,28,73
70706,CAMIRI,desnutricion global,nutricion normal (n),2006-07-01,229,226,197,192,426,418,844
30701,CAPINOTA,desnutricion global,nutricion normal (n),2006-07-01,49,51,32,31,81,82,163
20302,CAQUIAVIRI,desnutricion global,nutricion normal (n),2006-07-01,32,36,9,9,41,45,86
40102,CARACOLLO,desnutricion global,nutricion normal (n),2006-07-01,69,64,20,20,89,84,173
22001,CARANAVI,desnutricion global,nutricion normal (n),2006-07-01,424,363,215,216,639,579,1218
41503,CARANGAS,desnutricion global,nutricion normal (n),2006-07-01,4,3,0,0,4,3,7
60302,CARAPARI,desnutricion global,nutricion normal (n),2006-07-01,69,74,77,84,146,158,304
50702,CARIPUYO,desnutricion global,nutricion normal (n),2006-07-01,96,69,97,103,193,172,365
71403,CARMEN RIVERO TORREZ,desnutricion global,nutricion normal (n),2006-07-01,37,20,20,38,57,58,115
21902,CATACORA,desnutricion global,nutricion normal (n),2006-07-01,7,8,10,9,17,17,34
21803,CHACARILLA,desnutricion global,nutricion normal (n),2006-07-01,7,10,7,12,14,22,36
40201,CHALLAPATA,desnutricion global,nutricion normal (n),2006-07-01,108,93,95,81,203,174,377
50302,CHAQUI,desnutricion global,nutricion normal (n),2006-07-01,46,59,40,40,86,99,185
70702,CHARAGUA,desnutricion global,nutricion normal (n),2006-07-01,250,182,179,156,429,338,767
20305,CHARAÑA,desnutricion global,nutricion normal (n),2006-07-01,14,17,19,17,33,34,67
50202,CHAYANTA,desnutricion global,nutricion normal (n),2006-07-01,95,77,80,85,175,162,337
31204,CHIMORE,desnutricion global,nutricion normal (n),2006-07-01,26,30,54,38,80,68,148
40903,CHIPAYA,desnutricion global,nutricion normal (n),2006-07-01,7,9,9,3,16,12,28
40302,CHOQUE COTA,desnutricion global,nutricion normal (n),2006-07-01,9,4,9,7,18,11,29
21101,CHULUMANI (V. DE LA LIBERTAD),desnutricion global,nutricion normal (n),2006-07-01,52,53,17,24,69,77,146
20501,CHUMA,desnutricion global,nutricion normal (n),2006-07-01,64,61,32,48,96,109,205
30801,CLIZA,desnutricion global,nutricion normal (n),2006-07-01,92,83,27,29,119,112,231
90101,COBIJA,desnutricion global,nutricion normal (n),2006-07-01,248,226,149,152,397,378,775
30101,COCHABAMBA,desnutricion global,nutricion normal (n),2006-07-01,1465,1285,737,631,2202,1916,4118
40902,COIPASA,desnutricion global,nutricion normal (n),2006-07-01,2,4,4,1,6,5,11
30905,COLCAPIRHUA,desnutricion global,nutricion normal (n),2006-07-01,233,211,100,93,333,304,637
50901,"COLCHA ""K""",desnutricion global,nutricion normal (n),2006-07-01,78,72,47,46,125,118,243
21307,COLLANA,desnutricion global,nutricion normal (n),2006-07-01,12,4,4,1,16,5,21
31002,COLOMI,desnutricion global,nutricion normal (n),2006-07-01,123,145,68,65,191,210,401
70603,COLPA BELGICA,desnutricion global,nutricion normal (n),2006-07-01,53,41,15,19,68,60,128
50401,COLQUECHACA,desnutricion global,nutricion normal (n),2006-07-01,113,98,33,29,146,127,273
21306,COLQUENCHA,desnutricion global,nutricion normal (n),2006-07-01,40,40,27,27,67,67,134
21004,COLQUIRI,desnutricion global,nutricion normal (n),2006-07-01,106,101,72,101,178,202,380
20304,COMANCHE,desnutricion global,nutricion normal (n),2006-07-01,20,14,8,5,28,19,47
71301,COMARAPA,desnutricion global,nutricion normal (n),2006-07-01,77,72,52,56,129,128,257
20605,COMBAYA,desnutricion global,nutricion normal (n),2006-07-01,12,16,20,18,32,34,66
71101,CONCEPCION,desnutricion global,nutricion normal (n),2006-07-01,49,38,14,13,63,51,114
21701,COPACABANA,desnutricion global,nutricion normal (n),2006-07-01,76,80,85,64,161,144,305
21402,CORIPATA,desnutricion global,nutricion normal (n),2006-07-01,90,87,69,53,159,140,299
20301,CORO CORO,desnutricion global,nutricion normal (n),2006-07-01,41,46,42,31,83,77,160
21401,COROICO,desnutricion global,nutricion normal (n),2006-07-01,68,63,62,44,130,107,237
40301,CORQUE,desnutricion global,nutricion normal (n),2006-07-01,24,27,17,18,41,45,86
50601,COTAGAITA,desnutricion global,nutricion normal (n),2006-07-01,149,163,95,81,244,244,488
70102,COTOCA,desnutricion global,nutricion normal (n),2006-07-01,274,239,96,89,370,328,698
71106,CUATRO CAÑADAS,desnutricion global,nutricion normal (n),2006-07-01,37,29,54,28,91,57,148
31405,CUCHUMUELA (V. G. VILLARROEL),desnutricion global,nutricion normal (n),2006-07-01,9,2,9,9,18,11,29
70704,CUEVO,desnutricion global,nutricion normal (n),2006-07-01,30,57,39,47,69,104,173
10902,CULPINA,desnutricion global,nutricion normal (n),2006-07-01,148,184,198,173,346,357,703
40401,CURAHUARA DE CARANGAS,desnutricion global,nutricion normal (n),2006-07-01,16,18,15,15,31,33,64
21602,CURVA,desnutricion global,nutricion normal (n),2006-07-01,10,13,12,11,22,24,46
20804,DESAGUADERO,desnutricion global,nutricion normal (n),2006-07-01,22,14,6,4,28,18,46
20105,EL ALTO,desnutricion global,nutricion normal (n),2006-07-01,3076,2829,1309,1137,4385,3966,8351
40103,EL CHORO,desnutricion global,nutricion normal (n),2006-07-01,11,12,12,5,23,17,40
71503,EL PUENTE(STC),desnutricion global,nutricion normal (n),2006-07-01,145,154,114,128,259,282,541
60502,EL PUENTE(TJA),desnutricion global,nutricion normal (n),2006-07-01,61,53,90,71,151,124,275
70105,EL TORNO,desnutricion global,nutricion normal (n),2006-07-01,197,154,85,83,282,237,519
10405,EL VILLAR,desnutricion global,nutricion normal (n),2006-07-01,83,80,68,65,151,145,296
60601,ENTRE RIOS,desnutricion global,nutricion normal (n),2006-07-01,166,147,153,133,319,280,599
60601,ENTRE RIOS,desnutricion global,nutricion normal (n),2006-07-01,117,98,74,69,191,167,358
40502,ESCARA,desnutricion global,nutricion normal (n),2006-07-01,0,0,3,1,3,1,4
40505,ESMERALDA,desnutricion global,nutricion normal (n),2006-07-01,0,1,1,0,1,1,2
41101,EUCALIPTUS,desnutricion global,nutricion normal (n),2006-07-01,22,24,37,31,59,55,114
90503,EUREKA (SANTOS MERCADO),desnutricion global,nutricion normal (n),2006-07-01,16,14,17,15,33,29,62
80402,EXALTACION,desnutricion global,nutricion normal (n),2006-07-01,11,8,16,12,27,20,47
71004,FERNANDEZ ALONSO,desnutricion global,nutricion normal (n),2006-07-01,135,126,112,116,247,242,489
90203,FILADELFIA,desnutricion global,nutricion normal (n),2006-07-01,23,25,21,35,44,60,104
71002,GENERAL SAAVEDRA,desnutricion global,nutricion normal (n),2006-07-01,120,98,104,103,224,201,425
21601,GRAL. J.J. PEREZ (CHARAZANI),desnutricion global,nutricion normal (n),2006-07-01,44,55,65,53,109,108,217
20602,GUANAY,desnutricion global,nutricion normal (n),2006-07-01,83,73,74,60,157,133,290
20802,GUAQUI,desnutricion global,nutricion normal (n),2006-07-01,20,27,13,15,33,42,75
80202,GUAYARAMERIN,desnutricion global,nutricion normal (n),2006-07-01,280,227,121,142,401,369,770
70705,GUTIERREZ,desnutricion global,nutricion normal (n),2006-07-01,105,102,134,145,239,247,486
10502,HUACARETA,desnutricion global,nutricion normal (n),2006-07-01,78,77,86,84,164,161,325
11002,HUACAYA (VILLA DE HUACAYA),desnutricion global,nutricion normal (n),2006-07-01,35,31,41,45,76,76,152
40501,HUACHACALLA,desnutricion global,nutricion normal (n),2006-07-01,3,7,9,3,12,10,22
40701,HUANUNI,desnutricion global,nutricion normal (n),2006-07-01,109,102,40,52,149,154,303
80803,HUARACAJE,desnutricion global,nutricion normal (n),2006-07-01,21,23,15,20,36,43,79
41601,HUAYLLAMARCA,desnutricion global,nutricion normal (n),2006-07-01,19,32,9,11,28,43,71
21005,ICHOCA,desnutricion global,nutricion normal (n),2006-07-01,32,31,35,33,67,64,131
10304,ICLA,desnutricion global,nutricion normal (n),2006-07-01,106,133,171,156,277,289,566
10703,INCAHUASI,desnutricion global,nutricion normal (n),2006-07-01,145,162,113,81,258,243,501
21001,INQUISIVI,desnutricion global,nutricion normal (n),2006-07-01,100,104,77,70,177,174,351
21102,IRUPANA (VILLA DE LANZA),desnutricion global,nutricion normal (n),2006-07-01,121,90,109,88,230,178,408
21501,IXIAMAS,desnutricion global,nutricion normal (n),2006-07-01,78,86,63,48,141,134,275
20806,JESUS DE MACHACA,desnutricion global,nutricion normal (n),2006-07-01,48,58,28,30,76,88,164
21105,LA ASUNTA,desnutricion global,nutricion normal (n),2006-07-01,178,139,44,40,222,179,401
70104,LA GUARDIA,desnutricion global,nutricion normal (n),2006-07-01,393,350,174,149,567,499,1066
20101,LA PAZ,desnutricion global,nutricion normal (n),2006-07-01,2654,2502,1188,1125,3842,3627,7469
41501,LA RIVERA,desnutricion global,nutricion normal (n),2006-07-01,1,3,0,5,1,8,9
70701,LAGUNILLAS,desnutricion global,nutricion normal (n),2006-07-01,74,52,67,83,141,135,276
21202,LAJA,desnutricion global,nutricion normal (n),2006-07-01,122,97,38,44,160,141,301
10903,LAS CARRERAS,desnutricion global,nutricion normal (n),2006-07-01,35,36,42,40,77,76,153
21006,LICOMA PAMPA,desnutricion global,nutricion normal (n),2006-07-01,22,15,3,8,25,23,48
50203,LLALLAGUA,desnutricion global,nutricion normal (n),2006-07-01,370,302,400,319,770,621,1391
51401,LLICA,desnutricion global,nutricion normal (n),2006-07-01,41,30,30,21,71,51,122
80601,LORETO,desnutricion global,nutricion normal (n),2006-07-01,17,17,19,21,36,38,74
20901,LURIBAY,desnutricion global,nutricion normal (n),2006-07-01,119,80,68,75,187,155,342
40702,MACHACAMARCA,desnutricion global,nutricion normal (n),2006-07-01,18,23,9,6,27,29,56
11003,MACHARETI,desnutricion global,nutricion normal (n),2006-07-01,88,79,108,130,196,209,405
80801,MAGDALENA,desnutricion global,nutricion normal (n),2006-07-01,101,74,93,79,194,153,347
70903,MAIRANA,desnutricion global,nutricion normal (n),2006-07-01,60,67,22,19,82,86,168
20904,MALLA,desnutricion global,nutricion normal (n),2006-07-01,16,12,25,31,41,43,84
20607,MAPIRI,desnutricion global,nutricion normal (n),2006-07-01,115,128,52,45,167,173,340
20103,MECAPACA,desnutricion global,nutricion normal (n),2006-07-01,86,55,25,34,111,89,200
71003,MINEROS,desnutricion global,nutricion normal (n),2006-07-01,111,126,84,69,195,195,390
31301,MIZQUE,desnutricion global,nutricion normal (n),2006-07-01,148,148,99,116,247,264,511
20402,MOCOMOCO,desnutricion global,nutricion normal (n),2006-07-01,84,88,33,33,117,121,238
51002,MOJINETE,desnutricion global,nutricion normal (n),2006-07-01,8,6,3,3,11,9,20
10303,MOJOCOYA,desnutricion global,nutricion normal (n),2006-07-01,75,67,87,71,162,138,300
10501,MONTEAGUDO,desnutricion global,nutricion normal (n),2006-07-01,177,172,224,182,401,354,755
71001,MONTERO,desnutricion global,nutricion normal (n),2006-07-01,922,871,642,633,1564,1504,3068
70803,MORO MORO,desnutricion global,nutricion normal (n),2006-07-01,12,10,9,9,21,19,40
30302,MOROCHATA,desnutricion global,nutricion normal (n),2006-07-01,122,106,94,74,216,180,396
90501,NUEVO MANOA (NUEVA ESPERANZA),desnutricion global,nutricion normal (n),2006-07-01,17,10,9,14,26,24,50
50404,OCURI,desnutricion global,nutricion normal (n),2006-07-01,136,121,102,119,238,240,478
70202,OKINAWA,desnutricion global,nutricion normal (n),2006-07-01,150,141,83,99,233,240,473
30203,OMEREQUE,desnutricion global,nutricion normal (n),2006-07-01,30,36,18,16,48,52,100
40101,ORURO,desnutricion global,nutricion normal (n),2006-07-01,1126,983,504,438,1630,1421,3051
60201,PADCAYA,desnutricion global,nutricion normal (n),2006-07-01,115,103,117,136,232,239,471
10401,PADILLA,desnutricion global,nutricion normal (n),2006-07-01,147,124,193,167,340,291,631
20102,PALCA,desnutricion global,nutricion normal (n),2006-07-01,64,62,19,32,83,94,177
21104,PALOS BLANCOS,desnutricion global,nutricion normal (n),2006-07-01,159,134,108,100,267,234,501
40802,PAMPA AULLAGAS,desnutricion global,nutricion normal (n),2006-07-01,10,16,8,13,18,29,47
70902,PAMPA GRANDE,desnutricion global,nutricion normal (n),2006-07-01,50,57,43,50,93,107,200
21802,PAPEL PAMPA,desnutricion global,nutricion normal (n),2006-07-01,28,20,6,14,34,34,68
30202,PASORAPA,desnutricion global,nutricion normal (n),2006-07-01,29,30,53,42,82,72,154
21305,PATACAMAYA,desnutricion global,nutricion normal (n),2006-07-01,199,186,98,59,297,245,542
40602,PAZÑA,desnutricion global,nutricion normal (n),2006-07-01,21,29,23,18,44,47,91
20702,PELECHUCO,desnutricion global,nutricion normal (n),2006-07-01,24,19,21,13,45,32,77
50403,POCOATA,desnutricion global,nutricion normal (n),2006-07-01,146,127,104,84,250,211,461
31203,POCONA,desnutricion global,nutricion normal (n),2006-07-01,80,64,53,47,133,111,244
31202,POJO (CBBA),desnutricion global,nutricion normal (n),2006-07-01,93,84,64,58,157,142,299
40601,POOPO,desnutricion global,nutricion normal (n),2006-07-01,44,39,38,41,82,80,162
51203,PORCO,desnutricion global,nutricion normal (n),2006-07-01,38,42,14,6,52,48,100
10103,POROMA,desnutricion global,nutricion normal (n),2006-07-01,159,131,119,100,278,231,509
70103,PORONGO,desnutricion global,nutricion normal (n),2006-07-01,49,30,26,28,75,58,133
70601,PORTACHUELO,desnutricion global,nutricion normal (n),2006-07-01,162,131,93,103,255,234,489
90102,PORVENIR,desnutricion global,nutricion normal (n),2006-07-01,41,46,29,29,70,75,145
70804,POSTRER VALLE,desnutricion global,nutricion normal (n),2006-07-01,16,16,13,21,29,37,66
50101,POTOSI,desnutricion global,nutricion normal (n),2006-07-01,792,611,314,283,1106,894,2000
10302,PRESTO,desnutricion global,nutricion normal (n),2006-07-01,55,56,85,59,140,115,255
70805,PUCARA,desnutricion global,nutricion normal (n),2006-07-01,8,5,0,0,8,5,13
21201,PUCARANI,desnutricion global,nutricion normal (n),2006-07-01,154,148,55,55,209,203,412
20401,PUERTO ACOSTA,desnutricion global,nutricion normal (n),2006-07-01,92,97,73,54,165,151,316
20403,PUERTO CARABUCO,desnutricion global,nutricion normal (n),2006-07-01,91,76,81,74,172,150,322
90301,PUERTO GONZALO MORENO,desnutricion global,nutricion normal (n),2006-07-01,33,24,15,14,48,38,86
21204,PUERTO PEREZ,desnutricion global,nutricion normal (n),2006-07-01,61,46,44,44,105,90,195
71402,PUERTO QUIJARRO,desnutricion global,nutricion normal (n),2006-07-01,65,83,23,16,88,99,187
90201,PUERTO RICO,desnutricion global,nutricion normal (n),2006-07-01,52,37,28,43,80,80,160
80703,PUERTO SILES,desnutricion global,nutricion normal (n),2006-07-01,25,18,27,32,52,50,102
71401,PUERTO SUAREZ,desnutricion global,nutricion normal (n),2006-07-01,78,72,25,35,103,107,210
31205,PUERTO VILLARROEL,desnutricion global,nutricion normal (n),2006-07-01,157,122,100,100,257,222,479
51101,PUNA,desnutricion global,nutricion normal (n),2006-07-01,226,176,235,157,461,333,794
31401,PUNATA,desnutricion global,nutricion normal (n),2006-07-01,198,188,107,109,305,297,602
20604,QUIABAYA,desnutricion global,nutricion normal (n),2006-07-01,21,17,12,14,33,31,64
30901,QUILLACOLLO,desnutricion global,nutricion normal (n),2006-07-01,498,546,242,123,740,669,1409
21002,QUIME,desnutricion global,nutricion normal (n),2006-07-01,72,65,60,86,132,151,283
70904,QUIRUSILLAS,desnutricion global,nutricion normal (n),2006-07-01,29,8,24,15,53,23,76
50402,RAVELO,desnutricion global,nutricion normal (n),2006-07-01,135,140,140,150,275,290,565
80301,REYES,desnutricion global,nutricion normal (n),2006-07-01,76,96,51,40,127,136,263
80201,RIBERALTA,desnutricion global,nutricion normal (n),2006-07-01,867,734,289,254,1156,988,2144
80304,RURRENABAQUE,desnutricion global,nutricion normal (n),2006-07-01,79,71,22,33,101,104,205
40901,SABAYA,desnutricion global,nutricion normal (n),2006-07-01,19,15,13,8,32,23,55
31001,SACABA,desnutricion global,nutricion normal (n),2006-07-01,558,412,192,182,750,594,1344
30404,SACABAMBA,desnutricion global,nutricion normal (n),2006-07-01,7,6,7,30,14,36,50
50701,SACACA,desnutricion global,nutricion normal (n),2006-07-01,132,111,160,127,292,238,530
71302,SAIPINA,desnutricion global,nutricion normal (n),2006-07-01,32,34,38,36,70,70,140
40801,SALINAS DE GARCI MENDOZA,desnutricion global,nutricion normal (n),2006-07-01,64,41,60,62,124,103,227
70901,SAMAIPATA,desnutricion global,nutricion normal (n),2006-07-01,53,51,32,24,85,75,160
51601,SAN AGUSTIN,desnutricion global,nutricion normal (n),2006-07-01,14,12,10,14,24,26,50
80602,SAN ANDRES,desnutricion global,nutricion normal (n),2006-07-01,53,65,44,30,97,95,192
20805,SAN ANDRES DE MACHACA,desnutricion global,nutricion normal (n),2006-07-01,33,24,23,27,56,51,107
51003,SAN ANTONIO DE ESMORUCO,desnutricion global,nutricion normal (n),2006-07-01,7,8,7,7,14,15,29
71105,SAN ANTONIO DE LOMERIO,desnutricion global,nutricion normal (n),2006-07-01,109,86,83,62,192,148,340
31403,SAN BENITO,desnutricion global,nutricion normal (n),2006-07-01,74,61,16,23,90,84,174
80302,SAN BORJA,desnutricion global,nutricion normal (n),2006-07-01,344,336,137,123,481,459,940
21502,SAN BUENA VENTURA,desnutricion global,nutricion normal (n),2006-07-01,69,62,40,36,109,98,207
70402,SAN CARLOS,desnutricion global,nutricion normal (n),2006-07-01,148,180,68,85,216,265,481
80501,SAN IGNACIO,desnutricion global,nutricion normal (n),2006-07-01,183,155,125,136,308,291,599
70301,SAN IGNACIO DE VELASCO,desnutricion global,nutricion normal (n),2006-07-01,318,277,197,191,515,468,983
80102,SAN JAVIER(BNI),desnutricion global,nutricion normal (n),2006-07-01,9,19,28,28,37,47,84
80701,SAN JOAQUIN,desnutricion global,nutricion normal (n),2006-07-01,12,16,22,24,34,40,74
70404,SAN JUAN DE YAPACANI,desnutricion global,nutricion normal (n),2006-07-01,73,72,46,38,119,110,229
71104,SAN JULIAN,desnutricion global,nutricion normal (n),2006-07-01,125,106,137,130,262,236,498
60501,SAN LORENZO(TJA),desnutricion global,nutricion normal (n),2006-07-01,120,99,92,91,212,190,402
10702,SAN LUCAS,desnutricion global,nutricion normal (n),2006-07-01,327,301,283,321,610,622,1232
71201,SAN MATIAS,desnutricion global,nutricion normal (n),2006-07-01,100,103,58,56,158,159,317
70302,SAN MIGUEL DE VELASCO,desnutricion global,nutricion normal (n),2006-07-01,91,80,41,29,132,109,241
51001,SAN PABLO DE LIPEZ,desnutricion global,nutricion normal (n),2006-07-01,14,9,9,13,23,22,45
71005,SAN PEDRO,desnutricion global,nutricion normal (n),2006-07-01,143,128,88,85,231,213,444
50501,SAN PEDRO DE BUENA VISTA,desnutricion global,nutricion normal (n),2006-07-01,91,98,67,56,158,154,312
21801,SAN PEDRO DE CURAHUARA,desnutricion global,nutricion normal (n),2006-07-01,25,39,37,47,62,86,148
50902,SAN PEDRO DE QUEMES,desnutricion global,nutricion normal (n),2006-07-01,4,9,8,8,12,17,29
21702,SAN PEDRO DE TIQUINA,desnutricion global,nutricion normal (n),2006-07-01,21,31,33,24,54,55,109
90202,SAN PEDRO(PND),desnutricion global,nutricion normal (n),2006-07-01,7,6,8,8,15,14,29
70303,SAN RAFAEL,desnutricion global,nutricion normal (n),2006-07-01,43,59,42,39,85,98,183
80702,SAN RAMON,desnutricion global,nutricion normal (n),2006-07-01,35,37,26,16,61,53,114
80401,SANTA ANA,desnutricion global,nutricion normal (n),2006-07-01,105,110,58,58,163,168,331
70101,SANTA CRUZ DE LA SIERRA,desnutricion global,nutricion normal (n),2006-07-01,4855,4234,2208,1974,7063,6208,13271
80303,SANTA ROSA,desnutricion global,nutricion normal (n),2006-07-01,36,30,19,7,55,37,92
70602,SANTA ROSA DEL SARA,desnutricion global,nutricion normal (n),2006-07-01,105,102,92,64,197,166,363
20308,SANTIAGO DE CALLAPA,desnutricion global,nutricion normal (n),2006-07-01,6,16,10,15,16,31,47
41401,SANTIAGO DE HUARI,desnutricion global,nutricion normal (n),2006-07-01,33,24,33,26,66,50,116
21901,SANTIAGO DE MACHACA,desnutricion global,nutricion normal (n),2006-07-01,26,15,7,5,33,20,53
30702,SANTIVAÑES,desnutricion global,nutricion normal (n),2006-07-01,38,29,14,16,52,45,97
40202,SANTUARIO DE QUILLACAS,desnutricion global,nutricion normal (n),2006-07-01,12,14,28,17,40,31,71
20902,SAPAHAQUI,desnutricion global,nutricion normal (n),2006-07-01,52,50,53,41,105,91,196
21301,SICA SICA (VILLA AROMA),desnutricion global,nutricion normal (n),2006-07-01,126,93,69,88,195,181,376
30703,SICAYA,desnutricion global,nutricion normal (n),2006-07-01,15,22,7,1,22,23,45
30902,SIPE SIPE,desnutricion global,nutricion normal (n),2006-07-01,251,199,128,124,379,323,702
10403,SOPACHUY,desnutricion global,nutricion normal (n),2006-07-01,116,85,100,91,216,176,392
40104,SORACACHI,desnutricion global,nutricion normal (n),2006-07-01,29,47,31,12,60,59,119
20601,SORATA,desnutricion global,nutricion normal (n),2006-07-01,122,106,92,101,214,207,421
10101,SUCRE,desnutricion global,nutricion normal (n),2006-07-01,1143,1086,779,776,1922,1862,3784
31404,TACACHI,desnutricion global,nutricion normal (n),2006-07-01,5,5,0,0,5,5,10
20603,TACACOMA,desnutricion global,nutricion normal (n),2006-07-01,53,34,34,38,87,72,159
50303,TACOBAMBA,desnutricion global,nutricion normal (n),2006-07-01,69,67,36,31,105,98,203
30602,TACOPAYA,desnutricion global,nutricion normal (n),2006-07-01,74,64,61,51,135,115,250
51402,TAHUA,desnutricion global,nutricion normal (n),2006-07-01,5,2,0,3,5,5,10
31101,TAPACARI,desnutricion global,nutricion normal (n),2006-07-01,167,171,145,151,312,322,634
10601,TARABUCO,desnutricion global,nutricion normal (n),2006-07-01,155,173,245,233,400,406,806
20807,TARACO,desnutricion global,nutricion normal (n),2006-07-01,17,13,20,8,37,21,58
30401,TARATA,desnutricion global,nutricion normal (n),2006-07-01,38,51,21,13,59,64,123
60101,TARIJA,desnutricion global,nutricion normal (n),2006-07-01,918,863,461,524,1379,1387,2766
10202,TARVITA,desnutricion global,nutricion normal (n),2006-07-01,229,221,281,259,510,480,990
20608,TEOPONTE,desnutricion global,nutricion normal (n),2006-07-01,64,68,58,40,122,108,230
20803,TIAWANACU,desnutricion global,nutricion normal (n),2006-07-01,67,67,53,40,120,107,227
50102,TINGUIPAYA,desnutricion global,nutricion normal (n),2006-07-01,104,94,80,79,184,173,357
20606,TIPUANI,desnutricion global,nutricion normal (n),2006-07-01,68,54,32,19,100,73,173
30903,TIQUIPAYA,desnutricion global,nutricion normal (n),2006-07-01,102,68,39,41,141,109,250
31601,TIRAQUE (CBBA),desnutricion global,nutricion normal (n),2006-07-01,221,171,125,138,346,309,655
21703,TITO YUPANQUI (PARQUIPUJIO),desnutricion global,nutricion normal (n),2006-07-01,12,15,6,14,18,29,47
30802,TOCO,desnutricion global,nutricion normal (n),2006-07-01,18,11,16,11,34,22,56
30803,TOLATA,desnutricion global,nutricion normal (n),2006-07-01,31,22,10,7,41,29,70
41001,TOLEDO,desnutricion global,nutricion normal (n),2006-07-01,31,36,32,44,63,80,143
51202,TOMAVE,desnutricion global,nutricion normal (n),2006-07-01,62,15,36,12,98,27,125
10402,TOMINA,desnutricion global,nutricion normal (n),2006-07-01,133,95,124,137,257,232,489
50502,TORO TORO,desnutricion global,nutricion normal (n),2006-07-01,78,77,60,48,138,125,263
31201,TOTORA(CBBA),desnutricion global,nutricion normal (n),2006-07-01,79,67,26,31,105,98,203
41301,TOTORA(ORR),desnutricion global,nutricion normal (n),2006-07-01,30,26,18,24,48,50,98
70802,TRIGAL,desnutricion global,nutricion normal (n),2006-07-01,12,7,11,12,23,19,42
80101,TRINIDAD,desnutricion global,nutricion normal (n),2006-07-01,647,414,251,211,898,625,1523
50801,TUPIZA,desnutricion global,nutricion normal (n),2006-07-01,324,276,260,267,584,543,1127
40402,TURCO,desnutricion global,nutricion normal (n),2006-07-01,10,12,6,7,16,19,35
21302,UMALA,desnutricion global,nutricion normal (n),2006-07-01,19,14,23,27,42,41,83
50201,UNCIA,desnutricion global,nutricion normal (n),2006-07-01,139,111,86,89,225,200,425
60401,URIONDO (A. CONCEPCION),desnutricion global,nutricion normal (n),2006-07-01,143,106,106,122,249,228,477
71502,URUBICHA,desnutricion global,nutricion normal (n),2006-07-01,4,0,10,10,14,10,24
51201,UYUNI,desnutricion global,nutricion normal (n),2006-07-01,219,171,81,84,300,255,555
30502,VACAS,desnutricion global,nutricion normal (n),2006-07-01,44,42,20,11,64,53,117
70801,VALLEGRANDE,desnutricion global,nutricion normal (n),2006-07-01,98,94,73,83,171,177,348
20801,VIACHA,desnutricion global,nutricion normal (n),2006-07-01,186,168,67,86,253,254,507
31302,VILA VILA,desnutricion global,nutricion normal (n),2006-07-01,8,12,16,14,24,26,50
60303,VILLA MONTES,desnutricion global,nutricion normal (n),2006-07-01,121,101,90,106,211,207,418
90502,VILLA NUEVA (LOMA ALTA),desnutricion global,nutricion normal (n),2006-07-01,14,19,18,24,32,43,75
31402,VILLA RIVERO,desnutricion global,nutricion normal (n),2006-07-01,18,20,19,5,37,25,62
10801,VILLA SERRANO,desnutricion global,nutricion normal (n),2006-07-01,108,134,163,170,271,304,575
31003,VILLA TUNARI,desnutricion global,nutricion normal (n),2006-07-01,370,334,191,154,561,488,1049
11001,VILLA VACA GUZMAN (MUYUPAMPA),desnutricion global,nutricion normal (n),2006-07-01,100,117,138,136,238,253,491
51501,VILLAZON,desnutricion global,nutricion normal (n),2006-07-01,209,203,149,139,358,342,700
30904,VINTO,desnutricion global,nutricion normal (n),2006-07-01,173,122,17,10,190,132,322
50602,VITICHI,desnutricion global,nutricion normal (n),2006-07-01,46,47,42,60,88,107,195
20306,WALDO BALLIVIAN,desnutricion global,nutricion normal (n),2006-07-01,9,4,4,1,13,5,18
70201,WARNES,desnutricion global,nutricion normal (n),2006-07-01,438,373,238,213,676,586,1262
20903,YACO,desnutricion global,nutricion normal (n),2006-07-01,40,26,18,15,58,41,99
60301,YACUIBA,desnutricion global,nutricion normal (n),2006-07-01,161,139,92,90,253,229,482
10602,YAMPARAEZ,desnutricion global,nutricion normal (n),2006-07-01,84,97,168,153,252,250,502
21103,YANACACHI,desnutricion global,nutricion normal (n),2006-07-01,18,18,22,19,40,37,77
70403,YAPACANI,desnutricion global,nutricion normal (n),2006-07-01,346,274,151,136,497,410,907
50103,YOCALLA,desnutricion global,nutricion normal (n),2006-07-01,21,15,30,28,51,43,94
10102,YOTALA,desnutricion global,nutricion normal (n),2006-07-01,83,72,133,135,216,207,423
60402,YUNCHARA,desnutricion global,nutricion normal (n),2006-07-01,39,46,64,58,103,104,207
10301,ZUDAÑEZ,desnutricion global,nutricion normal (n),2006-07-01,70,59,102,88,172,147,319
51302,ACACIO,desnutricion global,nutricion normal (n),2006-08-01,66,47,72,55,138,102,240
20201,ACHACACHI,desnutricion global,nutricion normal (n),2006-08-01,360,353,248,220,608,573,1181
20104,ACHOCALLA,desnutricion global,nutricion normal (n),2006-08-01,47,48,22,16,69,64,133
30201,AIQUILE,desnutricion global,nutricion normal (n),2006-08-01,94,70,54,45,148,115,263
10404,ALCALA,desnutricion global,nutricion normal (n),2006-08-01,34,31,35,30,69,61,130
20202,ANCORAIMES,desnutricion global,nutricion normal (n),2006-08-01,86,101,121,112,207,213,420
41201,ANDAMARCA,desnutricion global,nutricion normal (n),2006-08-01,20,24,40,34,60,58,118
40603,ANTEQUERA,desnutricion global,nutricion normal (n),2006-08-01,20,28,20,16,40,44,84
30402,ANZALDO,desnutricion global,nutricion normal (n),2006-08-01,25,38,45,25,70,63,133
20701,APOLO,desnutricion global,nutricion normal (n),2006-08-01,109,108,91,100,200,208,408
51301,ARAMPAMPA,desnutricion global,nutricion normal (n),2006-08-01,49,63,57,57,106,120,226
30501,ARANI,desnutricion global,nutricion normal (n),2006-08-01,58,45,34,24,92,69,161
30403,ARBIETO,desnutricion global,nutricion normal (n),2006-08-01,33,16,11,8,44,24,68
30601,ARQUE,desnutricion global,nutricion normal (n),2006-08-01,45,52,47,36,92,88,180
71501,ASCENCION DE GUARAYOS,desnutricion global,nutricion normal (n),2006-08-01,210,226,197,185,407,411,818
50802,ATOCHA,desnutricion global,nutricion normal (n),2006-08-01,70,68,49,65,119,133,252
20503,AUCAPATA,desnutricion global,nutricion normal (n),2006-08-01,50,41,32,36,82,77,159
20502,AYATA,desnutricion global,nutricion normal (n),2006-08-01,106,69,49,58,155,127,282
21303,AYO AYO,desnutricion global,nutricion normal (n),2006-08-01,23,35,19,18,42,53,95
30301,AYOPAYA (V. DE INDEPENDENCIA),desnutricion global,nutricion normal (n),2006-08-01,183,160,70,61,253,221,474
10201,AZURDUY,desnutricion global,nutricion normal (n),2006-08-01,210,171,205,144,415,315,730
21203,BATALLAS,desnutricion global,nutricion normal (n),2006-08-01,157,139,77,74,234,213,447
80802,BAURES,desnutricion global,nutricion normal (n),2006-08-01,39,42,31,60,70,102,172
41202,BELEN DE ANDAMARCA,desnutricion global,nutricion normal (n),2006-08-01,13,8,6,6,19,14,33
50104,BELEN DE URMIRI,desnutricion global,nutricion normal (n),2006-08-01,21,16,16,5,37,21,58
90104,BELLA FLOR,desnutricion global,nutricion normal (n),2006-08-01,30,34,22,29,52,63,115
60202,BERMEJO,desnutricion global,nutricion normal (n),2006-08-01,77,77,48,35,125,112,237
50301,BETANZOS,desnutricion global,nutricion normal (n),2006-08-01,188,185,215,181,403,366,769
31501,BOLIVAR,desnutricion global,nutricion normal (n),2006-08-01,36,30,29,34,65,64,129
90103,BOLPEBRA,desnutricion global,nutricion normal (n),2006-08-01,18,10,16,19,34,29,63
70707,BOYUIBE,desnutricion global,nutricion normal (n),2006-08-01,37,33,40,48,77,81,158
70401,BUENA VISTA,desnutricion global,nutricion normal (n),2006-08-01,196,149,145,128,341,277,618
70703,CABEZAS,desnutricion global,nutricion normal (n),2006-08-01,145,134,115,68,260,202,462
20905,CAIROMA,desnutricion global,nutricion normal (n),2006-08-01,98,80,63,87,161,167,328
51102,"CAIZA ""D""",desnutricion global,nutricion normal (n),2006-08-01,79,81,49,58,128,139,267
21003,CAJUATA,desnutricion global,nutricion normal (n),2006-08-01,80,65,25,32,105,97,202
20303,CALACOTO,desnutricion global,nutricion normal (n),2006-08-01,48,42,49,40,97,82,179
21304,CALAMARCA,desnutricion global,nutricion normal (n),2006-08-01,101,112,62,54,163,166,329
10701,CAMARGO,desnutricion global,nutricion normal (n),2006-08-01,168,197,178,113,346,310,656
10901,CAMATAQUI (C. VILLA ABECIA),desnutricion global,nutricion normal (n),2006-08-01,38,29,32,30,70,59,129
70706,CAMIRI,desnutricion global,nutricion normal (n),2006-08-01,267,254,225,249,492,503,995
30701,CAPINOTA,desnutricion global,nutricion normal (n),2006-08-01,87,82,38,42,125,124,249
20302,CAQUIAVIRI,desnutricion global,nutricion normal (n),2006-08-01,53,54,29,31,82,85,167
40102,CARACOLLO,desnutricion global,nutricion normal (n),2006-08-01,85,76,46,53,131,129,260
22001,CARANAVI,desnutricion global,nutricion normal (n),2006-08-01,400,385,245,224,645,609,1254
41503,CARANGAS,desnutricion global,nutricion normal (n),2006-08-01,6,0,0,1,6,1,7
60302,CARAPARI,desnutricion global,nutricion normal (n),2006-08-01,87,79,61,84,148,163,311
50702,CARIPUYO,desnutricion global,nutricion normal (n),2006-08-01,107,115,138,123,245,238,483
71403,CARMEN RIVERO TORREZ,desnutricion global,nutricion normal (n),2006-08-01,34,30,27,18,61,48,109
21902,CATACORA,desnutricion global,nutricion normal (n),2006-08-01,1,0,1,2,2,2,4
21803,CHACARILLA,desnutricion global,nutricion normal (n),2006-08-01,13,6,7,16,20,22,42
40201,CHALLAPATA,desnutricion global,nutricion normal (n),2006-08-01,180,159,127,126,307,285,592
50302,CHAQUI,desnutricion global,nutricion normal (n),2006-08-01,46,46,36,40,82,86,168
70702,CHARAGUA,desnutricion global,nutricion normal (n),2006-08-01,143,137,121,121,264,258,522
20305,CHARAÑA,desnutricion global,nutricion normal (n),2006-08-01,5,3,0,4,5,7,12
50202,CHAYANTA,desnutricion global,nutricion normal (n),2006-08-01,73,68,61,58,134,126,260
31204,CHIMORE,desnutricion global,nutricion normal (n),2006-08-01,36,48,31,27,67,75,142
40903,CHIPAYA,desnutricion global,nutricion normal (n),2006-08-01,7,9,8,11,15,20,35
40302,CHOQUE COTA,desnutricion global,nutricion normal (n),2006-08-01,9,4,8,5,17,9,26
21101,CHULUMANI (V. DE LA LIBERTAD),desnutricion global,nutricion normal (n),2006-08-01,35,40,3,8,38,48,86
20501,CHUMA,desnutricion global,nutricion normal (n),2006-08-01,73,61,20,29,93,90,183
30801,CLIZA,desnutricion global,nutricion normal (n),2006-08-01,139,120,46,54,185,174,359
90101,COBIJA,desnutricion global,nutricion normal (n),2006-08-01,279,237,214,183,493,420,913
30101,COCHABAMBA,desnutricion global,nutricion normal (n),2006-08-01,1875,1680,907,799,2782,2479,5261
40902,COIPASA,desnutricion global,nutricion normal (n),2006-08-01,1,0,2,4,3,4,7
30905,COLCAPIRHUA,desnutricion global,nutricion normal (n),2006-08-01,198,217,106,92,304,309,613
50901,"COLCHA ""K""",desnutricion global,nutricion normal (n),2006-08-01,110,103,59,56,169,159,328
21307,COLLANA,desnutricion global,nutricion normal (n),2006-08-01,15,8,7,5,22,13,35
31002,COLOMI,desnutricion global,nutricion normal (n),2006-08-01,203,154,86,66,289,220,509
70603,COLPA BELGICA,desnutricion global,nutricion normal (n),2006-08-01,53,39,20,19,73,58,131
50401,COLQUECHACA,desnutricion global,nutricion normal (n),2006-08-01,143,138,72,65,215,203,418
21306,COLQUENCHA,desnutricion global,nutricion normal (n),2006-08-01,29,36,56,51,85,87,172
21004,COLQUIRI,desnutricion global,nutricion normal (n),2006-08-01,91,101,51,78,142,179,321
20304,COMANCHE,desnutricion global,nutricion normal (n),2006-08-01,11,9,15,11,26,20,46
71301,COMARAPA,desnutricion global,nutricion normal (n),2006-08-01,92,115,62,68,154,183,337
20605,COMBAYA,desnutricion global,nutricion normal (n),2006-08-01,20,25,4,2,24,27,51
71101,CONCEPCION,desnutricion global,nutricion normal (n),2006-08-01,82,85,45,60,127,145,272
21701,COPACABANA,desnutricion global,nutricion normal (n),2006-08-01,67,57,44,37,111,94,205
21402,CORIPATA,desnutricion global,nutricion normal (n),2006-08-01,143,119,89,80,232,199,431
20301,CORO CORO,desnutricion global,nutricion normal (n),2006-08-01,54,46,45,35,99,81,180
21401,COROICO,desnutricion global,nutricion normal (n),2006-08-01,147,118,102,104,249,222,471
40301,CORQUE,desnutricion global,nutricion normal (n),2006-08-01,48,32,45,36,93,68,161
50601,COTAGAITA,desnutricion global,nutricion normal (n),2006-08-01,192,177,189,156,381,333,714
70102,COTOCA,desnutricion global,nutricion normal (n),2006-08-01,288,277,91,73,379,350,729
71106,CUATRO CAÑADAS,desnutricion global,nutricion normal (n),2006-08-01,53,58,51,51,104,109,213
31405,CUCHUMUELA (V. G. VILLARROEL),desnutricion global,nutricion normal (n),2006-08-01,27,20,9,8,36,28,64
70704,CUEVO,desnutricion global,nutricion normal (n),2006-08-01,25,57,49,49,74,106,180
10902,CULPINA,desnutricion global,nutricion normal (n),2006-08-01,213,206,183,182,396,388,784
40401,CURAHUARA DE CARANGAS,desnutricion global,nutricion normal (n),2006-08-01,34,35,33,30,67,65,132
21602,CURVA,desnutricion global,nutricion normal (n),2006-08-01,17,20,23,14,40,34,74
20804,DESAGUADERO,desnutricion global,nutricion normal (n),2006-08-01,39,27,36,27,75,54,129
20105,EL ALTO,desnutricion global,nutricion normal (n),2006-08-01,3862,3575,1762,1715,5624,5290,10914
40103,EL CHORO,desnutricion global,nutricion normal (n),2006-08-01,17,11,14,20,31,31,62
71503,EL PUENTE(STC),desnutricion global,nutricion normal (n),2006-08-01,112,113,99,79,211,192,403
60502,EL PUENTE(TJA),desnutricion global,nutricion normal (n),2006-08-01,64,63,104,92,168,155,323
70105,EL TORNO,desnutricion global,nutricion normal (n),2006-08-01,184,182,83,78,267,260,527
10405,EL VILLAR,desnutricion global,nutricion normal (n),2006-08-01,73,70,70,70,143,140,283
60601,ENTRE RIOS,desnutricion global,nutricion normal (n),2006-08-01,170,162,151,137,321,299,620
60601,ENTRE RIOS,desnutricion global,nutricion normal (n),2006-08-01,165,153,105,116,270,269,539
40502,ESCARA,desnutricion global,nutricion normal (n),2006-08-01,0,0,1,2,1,2,3
40505,ESMERALDA,desnutricion global,nutricion normal (n),2006-08-01,0,1,4,0,4,1,5
41101,EUCALIPTUS,desnutricion global,nutricion normal (n),2006-08-01,32,22,21,17,53,39,92
90503,EUREKA (SANTOS MERCADO),desnutricion global,nutricion normal (n),2006-08-01,15,11,23,15,38,26,64
80402,EXALTACION,desnutricion global,nutricion normal (n),2006-08-01,8,14,6,10,14,24,38
71004,FERNANDEZ ALONSO,desnutricion global,nutricion normal (n),2006-08-01,146,121,123,143,269,264,533
90203,FILADELFIA,desnutricion global,nutricion normal (n),2006-08-01,35,50,33,37,68,87,155
71002,GENERAL SAAVEDRA,desnutricion global,nutricion normal (n),2006-08-01,135,118,126,134,261,252,513
21601,GRAL. J.J. PEREZ (CHARAZANI),desnutricion global,nutricion normal (n),2006-08-01,64,50,56,46,120,96,216
20602,GUANAY,desnutricion global,nutricion normal (n),2006-08-01,89,95,81,65,170,160,330
20802,GUAQUI,desnutricion global,nutricion normal (n),2006-08-01,56,36,23,21,79,57,136
80202,GUAYARAMERIN,desnutricion global,nutricion normal (n),2006-08-01,282,243,129,130,411,373,784
70705,GUTIERREZ,desnutricion global,nutricion normal (n),2006-08-01,118,89,125,137,243,226,469
10502,HUACARETA,desnutricion global,nutricion normal (n),2006-08-01,117,101,139,110,256,211,467
11002,HUACAYA (VILLA DE HUACAYA),desnutricion global,nutricion normal (n),2006-08-01,37,36,37,41,74,77,151
40701,HUANUNI,desnutricion global,nutricion normal (n),2006-08-01,188,175,71,83,259,258,517
80803,HUARACAJE,desnutricion global,nutricion normal (n),2006-08-01,37,28,31,33,68,61,129
41601,HUAYLLAMARCA,desnutricion global,nutricion normal (n),2006-08-01,34,36,9,16,43,52,95
21005,ICHOCA,desnutricion global,nutricion normal (n),2006-08-01,37,34,19,20,56,54,110
10304,ICLA,desnutricion global,nutricion normal (n),2006-08-01,120,138,179,173,299,311,610
10703,INCAHUASI,desnutricion global,nutricion normal (n),2006-08-01,236,202,194,180,430,382,812
90402,INGAVI (HUMAITA),desnutricion global,nutricion normal (n),2006-08-01,9,5,13,9,22,14,36
21001,INQUISIVI,desnutricion global,nutricion normal (n),2006-08-01,115,104,85,78,200,182,382
21102,IRUPANA (VILLA DE LANZA),desnutricion global,nutricion normal (n),2006-08-01,137,136,113,99,250,235,485
21501,IXIAMAS,desnutricion global,nutricion normal (n),2006-08-01,95,94,102,69,197,163,360
20806,JESUS DE MACHACA,desnutricion global,nutricion normal (n),2006-08-01,75,58,49,43,124,101,225
21105,LA ASUNTA,desnutricion global,nutricion normal (n),2006-08-01,168,142,48,30,216,172,388
70104,LA GUARDIA,desnutricion global,nutricion normal (n),2006-08-01,403,420,149,142,552,562,1114
20101,LA PAZ,desnutricion global,nutricion normal (n),2006-08-01,3533,3216,1623,1725,5156,4941,10097
41501,LA RIVERA,desnutricion global,nutricion normal (n),2006-08-01,3,3,2,5,5,8,13
70701,LAGUNILLAS,desnutricion global,nutricion normal (n),2006-08-01,72,70,79,87,151,157,308
21202,LAJA,desnutricion global,nutricion normal (n),2006-08-01,170,131,59,64,229,195,424
10903,LAS CARRERAS,desnutricion global,nutricion normal (n),2006-08-01,45,54,49,45,94,99,193
21006,LICOMA PAMPA,desnutricion global,nutricion normal (n),2006-08-01,18,16,22,21,40,37,77
50203,LLALLAGUA,desnutricion global,nutricion normal (n),2006-08-01,311,274,305,279,616,553,1169
51401,LLICA,desnutricion global,nutricion normal (n),2006-08-01,39,33,35,29,74,62,136
80601,LORETO,desnutricion global,nutricion normal (n),2006-08-01,25,18,14,12,39,30,69
20901,LURIBAY,desnutricion global,nutricion normal (n),2006-08-01,89,95,89,74,178,169,347
40702,MACHACAMARCA,desnutricion global,nutricion normal (n),2006-08-01,7,12,5,6,12,18,30
11003,MACHARETI,desnutricion global,nutricion normal (n),2006-08-01,116,88,144,160,260,248,508
80801,MAGDALENA,desnutricion global,nutricion normal (n),2006-08-01,77,48,55,54,132,102,234
70903,MAIRANA,desnutricion global,nutricion normal (n),2006-08-01,103,79,54,38,157,117,274
20904,MALLA,desnutricion global,nutricion normal (n),2006-08-01,22,18,37,34,59,52,111
20607,MAPIRI,desnutricion global,nutricion normal (n),2006-08-01,128,117,69,60,197,177,374
20103,MECAPACA,desnutricion global,nutricion normal (n),2006-08-01,64,55,24,26,88,81,169
71003,MINEROS,desnutricion global,nutricion normal (n),2006-08-01,160,141,127,124,287,265,552
31301,MIZQUE,desnutricion global,nutricion normal (n),2006-08-01,159,177,106,113,265,290,555
20402,MOCOMOCO,desnutricion global,nutricion normal (n),2006-08-01,107,122,84,77,191,199,390
51002,MOJINETE,desnutricion global,nutricion normal (n),2006-08-01,4,5,10,8,14,13,27
10303,MOJOCOYA,desnutricion global,nutricion normal (n),2006-08-01,76,60,96,73,172,133,305
10501,MONTEAGUDO,desnutricion global,nutricion normal (n),2006-08-01,205,219,233,181,438,400,838
71001,MONTERO,desnutricion global,nutricion normal (n),2006-08-01,1076,970,609,607,1685,1577,3262
70803,MORO MORO,desnutricion global,nutricion normal (n),2006-08-01,24,14,22,18,46,32,78
30302,MOROCHATA,desnutricion global,nutricion normal (n),2006-08-01,109,91,68,65,177,156,333
90401,NACEBE (SANTA ROSA DEL ABUNA),desnutricion global,nutricion normal (n),2006-08-01,26,32,44,23,70,55,125
90501,NUEVO MANOA (NUEVA ESPERANZA),desnutricion global,nutricion normal (n),2006-08-01,0,1,1,2,1,3,4
50404,OCURI,desnutricion global,nutricion normal (n),2006-08-01,175,146,101,107,276,253,529
70202,OKINAWA,desnutricion global,nutricion normal (n),2006-08-01,99,94,78,77,177,171,348
30203,OMEREQUE,desnutricion global,nutricion normal (n),2006-08-01,61,50,32,36,93,86,179
40101,ORURO,desnutricion global,nutricion normal (n),2006-08-01,1358,1233,690,630,2048,1863,3911
60201,PADCAYA,desnutricion global,nutricion normal (n),2006-08-01,119,118,155,131,274,249,523
10401,PADILLA,desnutricion global,nutricion normal (n),2006-08-01,134,153,194,174,328,327,655
70502,PAILON,desnutricion global,nutricion normal (n),2006-08-01,12,213,139,23,151,236,387
20102,PALCA,desnutricion global,nutricion normal (n),2006-08-01,67,64,57,53,124,117,241
21104,PALOS BLANCOS,desnutricion global,nutricion normal (n),2006-08-01,206,162,151,131,357,293,650
40802,PAMPA AULLAGAS,desnutricion global,nutricion normal (n),2006-08-01,22,27,19,19,41,46,87
70902,PAMPA GRANDE,desnutricion global,nutricion normal (n),2006-08-01,59,67,52,45,111,112,223
21802,PAPEL PAMPA,desnutricion global,nutricion normal (n),2006-08-01,37,37,12,16,49,53,102
30202,PASORAPA,desnutricion global,nutricion normal (n),2006-08-01,31,38,57,53,88,91,179
21305,PATACAMAYA,desnutricion global,nutricion normal (n),2006-08-01,205,159,83,47,288,206,494
40602,PAZÑA,desnutricion global,nutricion normal (n),2006-08-01,36,49,41,45,77,94,171
20702,PELECHUCO,desnutricion global,nutricion normal (n),2006-08-01,46,26,26,21,72,47,119
50403,POCOATA,desnutricion global,nutricion normal (n),2006-08-01,136,143,118,103,254,246,500
31203,POCONA,desnutricion global,nutricion normal (n),2006-08-01,74,65,52,42,126,107,233
31202,POJO (CBBA),desnutricion global,nutricion normal (n),2006-08-01,84,74,32,27,116,101,217
40601,POOPO,desnutricion global,nutricion normal (n),2006-08-01,43,34,18,22,61,56,117
51203,PORCO,desnutricion global,nutricion normal (n),2006-08-01,65,77,17,16,82,93,175
10103,POROMA,desnutricion global,nutricion normal (n),2006-08-01,116,110,111,85,227,195,422
70103,PORONGO,desnutricion global,nutricion normal (n),2006-08-01,63,52,50,32,113,84,197
70601,PORTACHUELO,desnutricion global,nutricion normal (n),2006-08-01,147,151,98,97,245,248,493
90102,PORVENIR,desnutricion global,nutricion normal (n),2006-08-01,81,63,156,113,237,176,413
70804,POSTRER VALLE,desnutricion global,nutricion normal (n),2006-08-01,15,19,22,24,37,43,80
50101,POTOSI,desnutricion global,nutricion normal (n),2006-08-01,989,816,368,391,1357,1207,2564
10302,PRESTO,desnutricion global,nutricion normal (n),2006-08-01,61,46,104,61,165,107,272
70805,PUCARA,desnutricion global,nutricion normal (n),2006-08-01,25,12,25,25,50,37,87
21201,PUCARANI,desnutricion global,nutricion normal (n),2006-08-01,178,165,80,62,258,227,485
20401,PUERTO ACOSTA,desnutricion global,nutricion normal (n),2006-08-01,164,116,106,87,270,203,473
20403,PUERTO CARABUCO,desnutricion global,nutricion normal (n),2006-08-01,96,106,95,88,191,194,385
90301,PUERTO GONZALO MORENO,desnutricion global,nutricion normal (n),2006-08-01,44,44,33,34,77,78,155
21204,PUERTO PEREZ,desnutricion global,nutricion normal (n),2006-08-01,52,41,38,25,90,66,156
71402,PUERTO QUIJARRO,desnutricion global,nutricion normal (n),2006-08-01,60,64,17,22,77,86,163
90201,PUERTO RICO,desnutricion global,nutricion normal (n),2006-08-01,52,47,43,29,95,76,171
80703,PUERTO SILES,desnutricion global,nutricion normal (n),2006-08-01,5,8,5,6,10,14,24
71401,PUERTO SUAREZ,desnutricion global,nutricion normal (n),2006-08-01,63,72,27,28,90,100,190
31205,PUERTO VILLARROEL,desnutricion global,nutricion normal (n),2006-08-01,272,260,189,182,461,442,903
51101,PUNA,desnutricion global,nutricion normal (n),2006-08-01,209,173,170,157,379,330,709
31401,PUNATA,desnutricion global,nutricion normal (n),2006-08-01,225,264,82,80,307,344,651
20604,QUIABAYA,desnutricion global,nutricion normal (n),2006-08-01,8,11,8,7,16,18,34
30901,QUILLACOLLO,desnutricion global,nutricion normal (n),2006-08-01,467,463,203,238,670,701,1371
21002,QUIME,desnutricion global,nutricion normal (n),2006-08-01,77,73,53,71,130,144,274
70904,QUIRUSILLAS,desnutricion global,nutricion normal (n),2006-08-01,28,14,24,28,52,42,94
50402,RAVELO,desnutricion global,nutricion normal (n),2006-08-01,193,174,210,175,403,349,752
80301,REYES,desnutricion global,nutricion normal (n),2006-08-01,57,73,40,56,97,129,226
80201,RIBERALTA,desnutricion global,nutricion normal (n),2006-08-01,920,788,256,207,1176,995,2171
70503,ROBORE,desnutricion global,nutricion normal (n),2006-08-01,113,124,67,72,180,196,376
80304,RURRENABAQUE,desnutricion global,nutricion normal (n),2006-08-01,148,124,40,43,188,167,355
40901,SABAYA,desnutricion global,nutricion normal (n),2006-08-01,21,19,22,22,43,41,84
31001,SACABA,desnutricion global,nutricion normal (n),2006-08-01,542,418,155,132,697,550,1247
30404,SACABAMBA,desnutricion global,nutricion normal (n),2006-08-01,9,4,8,7,17,11,28
50701,SACACA,desnutricion global,nutricion normal (n),2006-08-01,159,208,253,196,412,404,816
71302,SAIPINA,desnutricion global,nutricion normal (n),2006-08-01,28,28,35,38,63,66,129
40801,SALINAS DE GARCI MENDOZA,desnutricion global,nutricion normal (n),2006-08-01,59,74,55,68,114,142,256
70901,SAMAIPATA,desnutricion global,nutricion normal (n),2006-08-01,92,73,70,48,162,121,283
51601,SAN AGUSTIN,desnutricion global,nutricion normal (n),2006-08-01,15,36,28,24,43,60,103
80602,SAN ANDRES,desnutricion global,nutricion normal (n),2006-08-01,122,105,120,106,242,211,453
20805,SAN ANDRES DE MACHACA,desnutricion global,nutricion normal (n),2006-08-01,18,14,27,25,45,39,84
51003,SAN ANTONIO DE ESMORUCO,desnutricion global,nutricion normal (n),2006-08-01,9,8,8,5,17,13,30
71105,SAN ANTONIO DE LOMERIO,desnutricion global,nutricion normal (n),2006-08-01,95,73,89,56,184,129,313
31403,SAN BENITO,desnutricion global,nutricion normal (n),2006-08-01,77,68,30,47,107,115,222
80302,SAN BORJA,desnutricion global,nutricion normal (n),2006-08-01,426,368,188,160,614,528,1142
21502,SAN BUENA VENTURA,desnutricion global,nutricion normal (n),2006-08-01,52,55,40,42,92,97,189
70402,SAN CARLOS,desnutricion global,nutricion normal (n),2006-08-01,260,254,92,100,352,354,706
80501,SAN IGNACIO,desnutricion global,nutricion normal (n),2006-08-01,154,112,89,98,243,210,453
70301,SAN IGNACIO DE VELASCO,desnutricion global,nutricion normal (n),2006-08-01,409,403,257,240,666,643,1309
80102,SAN JAVIER(BNI),desnutricion global,nutricion normal (n),2006-08-01,28,22,35,39,63,61,124
80701,SAN JOAQUIN,desnutricion global,nutricion normal (n),2006-08-01,10,6,19,24,29,30,59
70501,SAN JOSE DE CHIQUITOS,desnutricion global,nutricion normal (n),2006-08-01,74,75,33,35,107,110,217
70404,SAN JUAN DE YAPACANI,desnutricion global,nutricion normal (n),2006-08-01,116,126,97,80,213,206,419
71104,SAN JULIAN,desnutricion global,nutricion normal (n),2006-08-01,111,67,126,97,237,164,401
90302,SAN LORENZO(PND),desnutricion global,nutricion normal (n),2006-08-01,56,50,74,65,130,115,245
60501,SAN LORENZO(TJA),desnutricion global,nutricion normal (n),2006-08-01,116,125,86,120,202,245,447
10702,SAN LUCAS,desnutricion global,nutricion normal (n),2006-08-01,393,365,339,404,732,769,1501
71201,SAN MATIAS,desnutricion global,nutricion normal (n),2006-08-01,79,85,72,52,151,137,288
70302,SAN MIGUEL DE VELASCO,desnutricion global,nutricion normal (n),2006-08-01,124,105,90,83,214,188,402
51001,SAN PABLO DE LIPEZ,desnutricion global,nutricion normal (n),2006-08-01,27,20,18,15,45,35,80
71005,SAN PEDRO,desnutricion global,nutricion normal (n),2006-08-01,157,101,91,98,248,199,447
50501,SAN PEDRO DE BUENA VISTA,desnutricion global,nutricion normal (n),2006-08-01,209,196,191,157,400,353,753
21801,SAN PEDRO DE CURAHUARA,desnutricion global,nutricion normal (n),2006-08-01,35,18,31,35,66,53,119
50902,SAN PEDRO DE QUEMES,desnutricion global,nutricion normal (n),2006-08-01,5,6,4,5,9,11,20
21702,SAN PEDRO DE TIQUINA,desnutricion global,nutricion normal (n),2006-08-01,25,37,24,23,49,60,109
90202,SAN PEDRO(PND),desnutricion global,nutricion normal (n),2006-08-01,15,29,25,30,40,59,99
70303,SAN RAFAEL,desnutricion global,nutricion normal (n),2006-08-01,34,29,17,16,51,45,96
80702,SAN RAMON,desnutricion global,nutricion normal (n),2006-08-01,36,32,23,21,59,53,112
80401,SANTA ANA,desnutricion global,nutricion normal (n),2006-08-01,133,94,65,51,198,145,343
70101,SANTA CRUZ DE LA SIERRA,desnutricion global,nutricion normal (n),2006-08-01,6225,5763,2861,2545,9086,8308,17394
80303,SANTA ROSA,desnutricion global,nutricion normal (n),2006-08-01,54,49,26,45,80,94,174
70602,SANTA ROSA DEL SARA,desnutricion global,nutricion normal (n),2006-08-01,103,107,57,74,160,181,341
20308,SANTIAGO DE CALLAPA,desnutricion global,nutricion normal (n),2006-08-01,16,21,17,26,33,47,80
41401,SANTIAGO DE HUARI,desnutricion global,nutricion normal (n),2006-08-01,52,50,51,43,103,93,196
21901,SANTIAGO DE MACHACA,desnutricion global,nutricion normal (n),2006-08-01,29,28,16,11,45,39,84
30702,SANTIVAÑES,desnutricion global,nutricion normal (n),2006-08-01,87,69,61,39,148,108,256
40202,SANTUARIO DE QUILLACAS,desnutricion global,nutricion normal (n),2006-08-01,12,14,19,34,31,48,79
20902,SAPAHAQUI,desnutricion global,nutricion normal (n),2006-08-01,64,68,41,41,105,109,214
90303,SENA,desnutricion global,nutricion normal (n),2006-08-01,37,50,47,49,84,99,183
21301,SICA SICA (VILLA AROMA),desnutricion global,nutricion normal (n),2006-08-01,156,137,65,76,221,213,434
30703,SICAYA,desnutricion global,nutricion normal (n),2006-08-01,29,22,12,14,41,36,77
30902,SIPE SIPE,desnutricion global,nutricion normal (n),2006-08-01,250,251,124,140,374,391,765
10403,SOPACHUY,desnutricion global,nutricion normal (n),2006-08-01,91,83,65,64,156,147,303
40104,SORACACHI,desnutricion global,nutricion normal (n),2006-08-01,77,54,52,28,129,82,211
20601,SORATA,desnutricion global,nutricion normal (n),2006-08-01,104,105,86,54,190,159,349
10101,SUCRE,desnutricion global,nutricion normal (n),2006-08-01,1254,1263,773,778,2027,2041,4068
31404,TACACHI,desnutricion global,nutricion normal (n),2006-08-01,8,5,4,3,12,8,20
20603,TACACOMA,desnutricion global,nutricion normal (n),2006-08-01,44,30,21,29,65,59,124
50303,TACOBAMBA,desnutricion global,nutricion normal (n),2006-08-01,53,45,26,23,79,68,147
30602,TACOPAYA,desnutricion global,nutricion normal (n),2006-08-01,47,29,43,39,90,68,158
51402,TAHUA,desnutricion global,nutricion normal (n),2006-08-01,15,13,0,2,15,15,30
31101,TAPACARI,desnutricion global,nutricion normal (n),2006-08-01,126,149,92,65,218,214,432
10601,TARABUCO,desnutricion global,nutricion normal (n),2006-08-01,161,172,276,250,437,422,859
20807,TARACO,desnutricion global,nutricion normal (n),2006-08-01,18,13,13,12,31,25,56
30401,TARATA,desnutricion global,nutricion normal (n),2006-08-01,28,28,7,11,35,39,74
60101,TARIJA,desnutricion global,nutricion normal (n),2006-08-01,954,847,490,524,1444,1371,2815
10202,TARVITA,desnutricion global,nutricion normal (n),2006-08-01,151,126,107,93,258,219,477
20608,TEOPONTE,desnutricion global,nutricion normal (n),2006-08-01,67,50,60,60,127,110,237
20803,TIAWANACU,desnutricion global,nutricion normal (n),2006-08-01,55,55,30,38,85,93,178
50102,TINGUIPAYA,desnutricion global,nutricion normal (n),2006-08-01,80,78,81,86,161,164,325
20606,TIPUANI,desnutricion global,nutricion normal (n),2006-08-01,79,76,30,31,109,107,216
30903,TIQUIPAYA,desnutricion global,nutricion normal (n),2006-08-01,178,119,81,73,259,192,451
31601,TIRAQUE (CBBA),desnutricion global,nutricion normal (n),2006-08-01,276,232,182,182,458,414,872
21703,TITO YUPANQUI (PARQUIPUJIO),desnutricion global,nutricion normal (n),2006-08-01,12,9,14,9,26,18,44
30802,TOCO,desnutricion global,nutricion normal (n),2006-08-01,16,14,9,12,25,26,51
30803,TOLATA,desnutricion global,nutricion normal (n),2006-08-01,39,41,24,17,63,58,121
41001,TOLEDO,desnutricion global,nutricion normal (n),2006-08-01,35,36,30,31,65,67,132
51202,TOMAVE,desnutricion global,nutricion normal (n),2006-08-01,43,95,16,57,59,152,211
10402,TOMINA,desnutricion global,nutricion normal (n),2006-08-01,115,96,125,118,240,214,454
50502,TORO TORO,desnutricion global,nutricion normal (n),2006-08-01,84,87,68,80,152,167,319
31201,TOTORA(CBBA),desnutricion global,nutricion normal (n),2006-08-01,95,63,34,46,129,109,238
41301,TOTORA(ORR),desnutricion global,nutricion normal (n),2006-08-01,27,48,15,27,42,75,117
70802,TRIGAL,desnutricion global,nutricion normal (n),2006-08-01,15,13,21,16,36,29,65
80101,TRINIDAD,desnutricion global,nutricion normal (n),2006-08-01,623,450,248,249,871,699,1570
50801,TUPIZA,desnutricion global,nutricion normal (n),2006-08-01,324,291,318,285,642,576,1218
40402,TURCO,desnutricion global,nutricion normal (n),2006-08-01,25,23,30,28,55,51,106
21302,UMALA,desnutricion global,nutricion normal (n),2006-08-01,43,34,26,34,69,68,137
50201,UNCIA,desnutricion global,nutricion normal (n),2006-08-01,101,102,71,56,172,158,330
60401,URIONDO (A. CONCEPCION),desnutricion global,nutricion normal (n),2006-08-01,184,128,129,118,313,246,559
71502,URUBICHA,desnutricion global,nutricion normal (n),2006-08-01,38,52,55,37,93,89,182
51201,UYUNI,desnutricion global,nutricion normal (n),2006-08-01,221,185,116,110,337,295,632
30502,VACAS,desnutricion global,nutricion normal (n),2006-08-01,60,49,26,26,86,75,161
70801,VALLEGRANDE,desnutricion global,nutricion normal (n),2006-08-01,129,115,80,75,209,190,399
20801,VIACHA,desnutricion global,nutricion normal (n),2006-08-01,247,189,99,102,346,291,637
31302,VILA VILA,desnutricion global,nutricion normal (n),2006-08-01,25,19,32,24,57,43,100
60303,VILLA MONTES,desnutricion global,nutricion normal (n),2006-08-01,128,112,121,107,249,219,468
90502,VILLA NUEVA (LOMA ALTA),desnutricion global,nutricion normal (n),2006-08-01,6,3,5,3,11,6,17
31402,VILLA RIVERO,desnutricion global,nutricion normal (n),2006-08-01,33,37,37,27,70,64,134
10801,VILLA SERRANO,desnutricion global,nutricion normal (n),2006-08-01,128,126,183,160,311,286,597
31003,VILLA TUNARI,desnutricion global,nutricion normal (n),2006-08-01,497,391,309,211,806,602,1408
11001,VILLA VACA GUZMAN (MUYUPAMPA),desnutricion global,nutricion normal (n),2006-08-01,100,99,118,169,218,268,486
51501,VILLAZON,desnutricion global,nutricion normal (n),2006-08-01,271,266,175,201,446,467,913
30904,VINTO,desnutricion global,nutricion normal (n),2006-08-01,132,117,36,20,168,137,305
50602,VITICHI,desnutricion global,nutricion normal (n),2006-08-01,116,86,108,75,224,161,385
20306,WALDO BALLIVIAN,desnutricion global,nutricion normal (n),2006-08-01,14,12,2,4,16,16,32
70201,WARNES,desnutricion global,nutricion normal (n),2006-08-01,432,424,229,235,661,659,1320
20903,YACO,desnutricion global,nutricion normal (n),2006-08-01,55,33,28,38,83,71,154
60301,YACUIBA,desnutricion global,nutricion normal (n),2006-08-01,422,313,185,159,607,472,1079
10602,YAMPARAEZ,desnutricion global,nutricion normal (n),2006-08-01,85,102,167,160,252,262,514
21103,YANACACHI,desnutricion global,nutricion normal (n),2006-08-01,40,39,23,21,63,60,123
70403,YAPACANI,desnutricion global,nutricion normal (n),2006-08-01,404,361,201,191,605,552,1157
50103,YOCALLA,desnutricion global,nutricion normal (n),2006-08-01,19,14,32,18,51,32,83
10102,YOTALA,desnutricion global,nutricion normal (n),2006-08-01,103,80,119,148,222,228,450
60402,YUNCHARA,desnutricion global,nutricion normal (n),2006-08-01,37,38,54,42,91,80,171
10301,ZUDAÑEZ,desnutricion global,nutricion normal (n),2006-08-01,76,68,100,81,176,149,325
51302,ACACIO,desnutricion global,nutricion normal (n),2006-09-01,37,47,46,37,83,84,167
20201,ACHACACHI,desnutricion global,nutricion normal (n),2006-09-01,346,300,305,290,651,590,1241
20104,ACHOCALLA,desnutricion global,nutricion normal (n),2006-09-01,50,44,7,8,57,52,109
30201,AIQUILE,desnutricion global,nutricion normal (n),2006-09-01,61,53,56,37,117,90,207
10404,ALCALA,desnutricion global,nutricion normal (n),2006-09-01,35,28,34,33,69,61,130
20202,ANCORAIMES,desnutricion global,nutricion normal (n),2006-09-01,69,63,72,85,141,148,289
41201,ANDAMARCA,desnutricion global,nutricion normal (n),2006-09-01,24,15,43,45,67,60,127
40603,ANTEQUERA,desnutricion global,nutricion normal (n),2006-09-01,14,8,8,7,22,15,37
30402,ANZALDO,desnutricion global,nutricion normal (n),2006-09-01,30,42,34,34,64,76,140
20701,APOLO,desnutricion global,nutricion normal (n),2006-09-01,114,132,112,124,226,256,482
51301,ARAMPAMPA,desnutricion global,nutricion normal (n),2006-09-01,63,60,64,67,127,127,254
30501,ARANI,desnutricion global,nutricion normal (n),2006-09-01,41,27,8,12,49,39,88
30403,ARBIETO,desnutricion global,nutricion normal (n),2006-09-01,33,25,14,11,47,36,83
30601,ARQUE,desnutricion global,nutricion normal (n),2006-09-01,47,41,31,33,78,74,152
50802,ATOCHA,desnutricion global,nutricion normal (n),2006-09-01,58,55,63,61,121,116,237
20503,AUCAPATA,desnutricion global,nutricion normal (n),2006-09-01,39,41,32,26,71,67,138
20502,AYATA,desnutricion global,nutricion normal (n),2006-09-01,106,97,50,54,156,151,307
21303,AYO AYO,desnutricion global,nutricion normal (n),2006-09-01,26,39,26,14,52,53,105
30301,AYOPAYA (V. DE INDEPENDENCIA),desnutricion global,nutricion normal (n),2006-09-01,195,151,85,95,280,246,526
10201,AZURDUY,desnutricion global,nutricion normal (n),2006-09-01,217,169,227,168,444,337,781
21203,BATALLAS,desnutricion global,nutricion normal (n),2006-09-01,127,119,64,71,191,190,381
80802,BAURES,desnutricion global,nutricion normal (n),2006-09-01,44,52,34,38,78,90,168
41202,BELEN DE ANDAMARCA,desnutricion global,nutricion normal (n),2006-09-01,6,4,3,3,9,7,16
50104,BELEN DE URMIRI,desnutricion global,nutricion normal (n),2006-09-01,14,9,6,3,20,12,32
90104,BELLA FLOR,desnutricion global,nutricion normal (n),2006-09-01,24,25,31,21,55,46,101
60202,BERMEJO,desnutricion global,nutricion normal (n),2006-09-01,73,66,37,55,110,121,231
50301,BETANZOS,desnutricion global,nutricion normal (n),2006-09-01,211,213,216,201,427,414,841
31501,BOLIVAR,desnutricion global,nutricion normal (n),2006-09-01,82,68,87,94,169,162,331
90103,BOLPEBRA,desnutricion global,nutricion normal (n),2006-09-01,14,6,10,14,24,20,44
70707,BOYUIBE,desnutricion global,nutricion normal (n),2006-09-01,25,18,25,22,50,40,90
70401,BUENA VISTA,desnutricion global,nutricion normal (n),2006-09-01,149,137,107,104,256,241,497
70703,CABEZAS,desnutricion global,nutricion normal (n),2006-09-01,117,108,86,71,203,179,382
20905,CAIROMA,desnutricion global,nutricion normal (n),2006-09-01,73,83,76,82,149,165,314
51102,"CAIZA ""D""",desnutricion global,nutricion normal (n),2006-09-01,60,71,60,54,120,125,245
21003,CAJUATA,desnutricion global,nutricion normal (n),2006-09-01,76,89,46,53,122,142,264
20303,CALACOTO,desnutricion global,nutricion normal (n),2006-09-01,29,30,27,28,56,58,114
21304,CALAMARCA,desnutricion global,nutricion normal (n),2006-09-01,94,107,63,63,157,170,327
10701,CAMARGO,desnutricion global,nutricion normal (n),2006-09-01,146,166,162,119,308,285,593
10901,CAMATAQUI (C. VILLA ABECIA),desnutricion global,nutricion normal (n),2006-09-01,31,31,46,35,77,66,143
70706,CAMIRI,desnutricion global,nutricion normal (n),2006-09-01,226,209,227,206,453,415,868
30701,CAPINOTA,desnutricion global,nutricion normal (n),2006-09-01,37,42,51,45,88,87,175
20302,CAQUIAVIRI,desnutricion global,nutricion normal (n),2006-09-01,43,49,15,21,58,70,128
40102,CARACOLLO,desnutricion global,nutricion normal (n),2006-09-01,72,59,60,40,132,99,231
22001,CARANAVI,desnutricion global,nutricion normal (n),2006-09-01,384,374,264,234,648,608,1256
41503,CARANGAS,desnutricion global,nutricion normal (n),2006-09-01,2,0,0,0,2,0,2
60302,CARAPARI,desnutricion global,nutricion normal (n),2006-09-01,88,72,56,69,144,141,285
50702,CARIPUYO,desnutricion global,nutricion normal (n),2006-09-01,81,74,82,85,163,159,322
71403,CARMEN RIVERO TORREZ,desnutricion global,nutricion normal (n),2006-09-01,22,19,25,15,47,34,81
21902,CATACORA,desnutricion global,nutricion normal (n),2006-09-01,5,7,7,4,12,11,23
21803,CHACARILLA,desnutricion global,nutricion normal (n),2006-09-01,6,6,2,3,8,9,17
40201,CHALLAPATA,desnutricion global,nutricion normal (n),2006-09-01,120,145,95,79,215,224,439
50302,CHAQUI,desnutricion global,nutricion normal (n),2006-09-01,30,36,38,48,68,84,152
70702,CHARAGUA,desnutricion global,nutricion normal (n),2006-09-01,247,235,163,164,410,399,809
20305,CHARAÑA,desnutricion global,nutricion normal (n),2006-09-01,16,17,6,5,22,22,44
50202,CHAYANTA,desnutricion global,nutricion normal (n),2006-09-01,97,80,58,57,155,137,292
31204,CHIMORE,desnutricion global,nutricion normal (n),2006-09-01,49,50,32,27,81,77,158
40903,CHIPAYA,desnutricion global,nutricion normal (n),2006-09-01,2,14,12,5,14,19,33
40302,CHOQUE COTA,desnutricion global,nutricion normal (n),2006-09-01,9,9,11,9,20,18,38
21101,CHULUMANI (V. DE LA LIBERTAD),desnutricion global,nutricion normal (n),2006-09-01,84,75,26,32,110,107,217
20501,CHUMA,desnutricion global,nutricion normal (n),2006-09-01,99,94,70,67,169,161,330
30801,CLIZA,desnutricion global,nutricion normal (n),2006-09-01,95,101,31,33,126,134,260
90101,COBIJA,desnutricion global,nutricion normal (n),2006-09-01,242,233,97,88,339,321,660
30101,COCHABAMBA,desnutricion global,nutricion normal (n),2006-09-01,1634,1512,758,727,2392,2239,4631
40902,COIPASA,desnutricion global,nutricion normal (n),2006-09-01,1,4,2,2,3,6,9
30905,COLCAPIRHUA,desnutricion global,nutricion normal (n),2006-09-01,112,121,66,71,178,192,370
50901,"COLCHA ""K""",desnutricion global,nutricion normal (n),2006-09-01,87,68,36,38,123,106,229
21307,COLLANA,desnutricion global,nutricion normal (n),2006-09-01,8,7,3,3,11,10,21
31002,COLOMI,desnutricion global,nutricion normal (n),2006-09-01,158,119,63,59,221,178,399
70603,COLPA BELGICA,desnutricion global,nutricion normal (n),2006-09-01,34,31,23,26,57,57,114
50401,COLQUECHACA,desnutricion global,nutricion normal (n),2006-09-01,169,154,112,122,281,276,557
21306,COLQUENCHA,desnutricion global,nutricion normal (n),2006-09-01,27,26,34,28,61,54,115
21004,COLQUIRI,desnutricion global,nutricion normal (n),2006-09-01,152,143,96,94,248,237,485
20304,COMANCHE,desnutricion global,nutricion normal (n),2006-09-01,12,18,8,4,20,22,42
71301,COMARAPA,desnutricion global,nutricion normal (n),2006-09-01,87,91,76,86,163,177,340
20605,COMBAYA,desnutricion global,nutricion normal (n),2006-09-01,7,7,13,8,20,15,35
71101,CONCEPCION,desnutricion global,nutricion normal (n),2006-09-01,70,74,26,23,96,97,193
21701,COPACABANA,desnutricion global,nutricion normal (n),2006-09-01,42,36,37,37,79,73,152
21402,CORIPATA,desnutricion global,nutricion normal (n),2006-09-01,97,87,54,42,151,129,280
20301,CORO CORO,desnutricion global,nutricion normal (n),2006-09-01,34,48,32,36,66,84,150
21401,COROICO,desnutricion global,nutricion normal (n),2006-09-01,106,80,70,65,176,145,321
40301,CORQUE,desnutricion global,nutricion normal (n),2006-09-01,24,32,23,19,47,51,98
50601,COTAGAITA,desnutricion global,nutricion normal (n),2006-09-01,157,149,90,70,247,219,466
70102,COTOCA,desnutricion global,nutricion normal (n),2006-09-01,218,201,75,78,293,279,572
71106,CUATRO CAÑADAS,desnutricion global,nutricion normal (n),2006-09-01,60,61,49,62,109,123,232
31405,CUCHUMUELA (V. G. VILLARROEL),desnutricion global,nutricion normal (n),2006-09-01,16,16,6,1,22,17,39
70704,CUEVO,desnutricion global,nutricion normal (n),2006-09-01,39,47,45,56,84,103,187
10902,CULPINA,desnutricion global,nutricion normal (n),2006-09-01,200,228,204,199,404,427,831
40401,CURAHUARA DE CARANGAS,desnutricion global,nutricion normal (n),2006-09-01,15,19,25,17,40,36,76
21602,CURVA,desnutricion global,nutricion normal (n),2006-09-01,19,14,20,14,39,28,67
20804,DESAGUADERO,desnutricion global,nutricion normal (n),2006-09-01,26,29,26,15,52,44,96
20105,EL ALTO,desnutricion global,nutricion normal (n),2006-09-01,3313,2989,1581,1581,4894,4570,9464
40103,EL CHORO,desnutricion global,nutricion normal (n),2006-09-01,12,10,10,10,22,20,42
71503,EL PUENTE(STC),desnutricion global,nutricion normal (n),2006-09-01,143,134,88,99,231,233,464
60502,EL PUENTE(TJA),desnutricion global,nutricion normal (n),2006-09-01,73,54,109,60,182,114,296
70105,EL TORNO,desnutricion global,nutricion normal (n),2006-09-01,180,160,74,91,254,251,505
10405,EL VILLAR,desnutricion global,nutricion normal (n),2006-09-01,71,73,92,58,163,131,294
60601,ENTRE RIOS,desnutricion global,nutricion normal (n),2006-09-01,190,164,172,154,362,318,680
60601,ENTRE RIOS,desnutricion global,nutricion normal (n),2006-09-01,124,97,78,80,202,177,379
40502,ESCARA,desnutricion global,nutricion normal (n),2006-09-01,1,3,1,3,2,6,8
40505,ESMERALDA,desnutricion global,nutricion normal (n),2006-09-01,0,1,4,0,4,1,5
41101,EUCALIPTUS,desnutricion global,nutricion normal (n),2006-09-01,28,46,38,31,66,77,143
90503,EUREKA (SANTOS MERCADO),desnutricion global,nutricion normal (n),2006-09-01,13,24,10,16,23,40,63
80402,EXALTACION,desnutricion global,nutricion normal (n),2006-09-01,38,29,29,35,67,64,131
71004,FERNANDEZ ALONSO,desnutricion global,nutricion normal (n),2006-09-01,128,92,99,109,227,201,428
90203,FILADELFIA,desnutricion global,nutricion normal (n),2006-09-01,16,14,21,27,37,41,78
71002,GENERAL SAAVEDRA,desnutricion global,nutricion normal (n),2006-09-01,127,88,102,74,229,162,391
21601,GRAL. J.J. PEREZ (CHARAZANI),desnutricion global,nutricion normal (n),2006-09-01,71,85,90,77,161,162,323
20602,GUANAY,desnutricion global,nutricion normal (n),2006-09-01,96,91,85,72,181,163,344
20802,GUAQUI,desnutricion global,nutricion normal (n),2006-09-01,27,46,17,19,44,65,109
80202,GUAYARAMERIN,desnutricion global,nutricion normal (n),2006-09-01,252,221,122,126,374,347,721
70705,GUTIERREZ,desnutricion global,nutricion normal (n),2006-09-01,113,112,143,117,256,229,485
10502,HUACARETA,desnutricion global,nutricion normal (n),2006-09-01,89,93,121,97,210,190,400
11002,HUACAYA (VILLA DE HUACAYA),desnutricion global,nutricion normal (n),2006-09-01,20,22,25,23,45,45,90
40501,HUACHACALLA,desnutricion global,nutricion normal (n),2006-09-01,8,3,4,6,12,9,21
40701,HUANUNI,desnutricion global,nutricion normal (n),2006-09-01,237,155,68,42,305,197,502
80803,HUARACAJE,desnutricion global,nutricion normal (n),2006-09-01,28,22,40,33,68,55,123
41601,HUAYLLAMARCA,desnutricion global,nutricion normal (n),2006-09-01,29,37,13,19,42,56,98
21005,ICHOCA,desnutricion global,nutricion normal (n),2006-09-01,35,30,15,22,50,52,102
10304,ICLA,desnutricion global,nutricion normal (n),2006-09-01,116,122,164,164,280,286,566
10703,INCAHUASI,desnutricion global,nutricion normal (n),2006-09-01,205,195,172,186,377,381,758
21001,INQUISIVI,desnutricion global,nutricion normal (n),2006-09-01,73,83,45,58,118,141,259
21102,IRUPANA (VILLA DE LANZA),desnutricion global,nutricion normal (n),2006-09-01,123,107,118,91,241,198,439
21501,IXIAMAS,desnutricion global,nutricion normal (n),2006-09-01,56,63,48,28,104,91,195
20806,JESUS DE MACHACA,desnutricion global,nutricion normal (n),2006-09-01,90,76,79,74,169,150,319
21105,LA ASUNTA,desnutricion global,nutricion normal (n),2006-09-01,168,162,69,61,237,223,460
70104,LA GUARDIA,desnutricion global,nutricion normal (n),2006-09-01,306,296,127,128,433,424,857
20101,LA PAZ,desnutricion global,nutricion normal (n),2006-09-01,2925,2620,1544,1415,4469,4035,8504
41501,LA RIVERA,desnutricion global,nutricion normal (n),2006-09-01,1,1,1,5,2,6,8
70701,LAGUNILLAS,desnutricion global,nutricion normal (n),2006-09-01,75,65,84,85,159,150,309
21202,LAJA,desnutricion global,nutricion normal (n),2006-09-01,119,128,71,42,190,170,360
10903,LAS CARRERAS,desnutricion global,nutricion normal (n),2006-09-01,45,40,62,42,107,82,189
21006,LICOMA PAMPA,desnutricion global,nutricion normal (n),2006-09-01,32,36,25,22,57,58,115
50203,LLALLAGUA,desnutricion global,nutricion normal (n),2006-09-01,233,213,249,230,482,443,925
51401,LLICA,desnutricion global,nutricion normal (n),2006-09-01,29,21,19,21,48,42,90
80601,LORETO,desnutricion global,nutricion normal (n),2006-09-01,17,15,11,25,28,40,68
20901,LURIBAY,desnutricion global,nutricion normal (n),2006-09-01,80,66,72,63,152,129,281
40702,MACHACAMARCA,desnutricion global,nutricion normal (n),2006-09-01,16,12,11,6,27,18,45
11003,MACHARETI,desnutricion global,nutricion normal (n),2006-09-01,77,67,128,156,205,223,428
80801,MAGDALENA,desnutricion global,nutricion normal (n),2006-09-01,67,61,41,39,108,100,208
70903,MAIRANA,desnutricion global,nutricion normal (n),2006-09-01,75,63,37,32,112,95,207
20904,MALLA,desnutricion global,nutricion normal (n),2006-09-01,20,14,27,30,47,44,91
20607,MAPIRI,desnutricion global,nutricion normal (n),2006-09-01,132,118,38,34,170,152,322
20103,MECAPACA,desnutricion global,nutricion normal (n),2006-09-01,75,60,41,32,116,92,208
71003,MINEROS,desnutricion global,nutricion normal (n),2006-09-01,125,99,65,75,190,174,364
31301,MIZQUE,desnutricion global,nutricion normal (n),2006-09-01,453,131,81,89,534,220,754
20402,MOCOMOCO,desnutricion global,nutricion normal (n),2006-09-01,81,76,49,32,130,108,238
51002,MOJINETE,desnutricion global,nutricion normal (n),2006-09-01,7,7,2,4,9,11,20
10303,MOJOCOYA,desnutricion global,nutricion normal (n),2006-09-01,49,54,90,66,139,120,259
10501,MONTEAGUDO,desnutricion global,nutricion normal (n),2006-09-01,207,187,213,202,420,389,809
71001,MONTERO,desnutricion global,nutricion normal (n),2006-09-01,906,798,529,556,1435,1354,2789
70803,MORO MORO,desnutricion global,nutricion normal (n),2006-09-01,11,12,17,13,28,25,53
30302,MOROCHATA,desnutricion global,nutricion normal (n),2006-09-01,109,88,98,77,207,165,372
90401,NACEBE (SANTA ROSA DEL ABUNA),desnutricion global,nutricion normal (n),2006-09-01,12,8,8,5,20,13,33
90501,NUEVO MANOA (NUEVA ESPERANZA),desnutricion global,nutricion normal (n),2006-09-01,13,12,10,11,23,23,46
50404,OCURI,desnutricion global,nutricion normal (n),2006-09-01,150,160,103,105,253,265,518
70202,OKINAWA,desnutricion global,nutricion normal (n),2006-09-01,127,125,102,92,229,217,446
30203,OMEREQUE,desnutricion global,nutricion normal (n),2006-09-01,35,32,15,17,50,49,99
40101,ORURO,desnutricion global,nutricion normal (n),2006-09-01,1170,1059,539,545,1709,1604,3313
60201,PADCAYA,desnutricion global,nutricion normal (n),2006-09-01,132,143,129,162,261,305,566
10401,PADILLA,desnutricion global,nutricion normal (n),2006-09-01,128,121,164,157,292,278,570
70502,PAILON,desnutricion global,nutricion normal (n),2006-09-01,2,211,103,11,105,222,327
20102,PALCA,desnutricion global,nutricion normal (n),2006-09-01,60,58,17,31,77,89,166
21104,PALOS BLANCOS,desnutricion global,nutricion normal (n),2006-09-01,174,153,136,112,310,265,575
40802,PAMPA AULLAGAS,desnutricion global,nutricion normal (n),2006-09-01,18,28,18,15,36,43,79
70902,PAMPA GRANDE,desnutricion global,nutricion normal (n),2006-09-01,52,53,31,31,83,84,167
21802,PAPEL PAMPA,desnutricion global,nutricion normal (n),2006-09-01,22,34,11,17,33,51,84
30202,PASORAPA,desnutricion global,nutricion normal (n),2006-09-01,22,27,24,29,46,56,102
21305,PATACAMAYA,desnutricion global,nutricion normal (n),2006-09-01,146,135,55,26,201,161,362
40602,PAZÑA,desnutricion global,nutricion normal (n),2006-09-01,32,33,27,42,59,75,134
20702,PELECHUCO,desnutricion global,nutricion normal (n),2006-09-01,39,33,7,12,46,45,91
50403,POCOATA,desnutricion global,nutricion normal (n),2006-09-01,153,151,188,134,341,285,626
31203,POCONA,desnutricion global,nutricion normal (n),2006-09-01,113,86,76,68,189,154,343
31202,POJO (CBBA),desnutricion global,nutricion normal (n),2006-09-01,99,100,69,55,168,155,323
40601,POOPO,desnutricion global,nutricion normal (n),2006-09-01,35,33,9,12,44,45,89
51203,PORCO,desnutricion global,nutricion normal (n),2006-09-01,54,57,20,14,74,71,145
10103,POROMA,desnutricion global,nutricion normal (n),2006-09-01,147,129,111,84,258,213,471
70103,PORONGO,desnutricion global,nutricion normal (n),2006-09-01,48,31,14,6,62,37,99
70601,PORTACHUELO,desnutricion global,nutricion normal (n),2006-09-01,117,116,87,90,204,206,410
90102,PORVENIR,desnutricion global,nutricion normal (n),2006-09-01,50,53,31,29,81,82,163
70804,POSTRER VALLE,desnutricion global,nutricion normal (n),2006-09-01,10,7,11,18,21,25,46
50101,POTOSI,desnutricion global,nutricion normal (n),2006-09-01,802,724,444,327,1246,1051,2297
10302,PRESTO,desnutricion global,nutricion normal (n),2006-09-01,59,42,73,61,132,103,235
70805,PUCARA,desnutricion global,nutricion normal (n),2006-09-01,8,3,4,1,12,4,16
21201,PUCARANI,desnutricion global,nutricion normal (n),2006-09-01,144,124,74,78,218,202,420
20401,PUERTO ACOSTA,desnutricion global,nutricion normal (n),2006-09-01,123,104,130,126,253,230,483
20403,PUERTO CARABUCO,desnutricion global,nutricion normal (n),2006-09-01,112,78,90,99,202,177,379
90301,PUERTO GONZALO MORENO,desnutricion global,nutricion normal (n),2006-09-01,52,31,18,18,70,49,119
21204,PUERTO PEREZ,desnutricion global,nutricion normal (n),2006-09-01,51,36,63,51,114,87,201
71402,PUERTO QUIJARRO,desnutricion global,nutricion normal (n),2006-09-01,70,63,22,25,92,88,180
90201,PUERTO RICO,desnutricion global,nutricion normal (n),2006-09-01,47,44,24,26,71,70,141
80703,PUERTO SILES,desnutricion global,nutricion normal (n),2006-09-01,14,31,24,33,38,64,102
71401,PUERTO SUAREZ,desnutricion global,nutricion normal (n),2006-09-01,67,68,13,19,80,87,167
31205,PUERTO VILLARROEL,desnutricion global,nutricion normal (n),2006-09-01,289,297,175,133,464,430,894
51101,PUNA,desnutricion global,nutricion normal (n),2006-09-01,234,175,161,137,395,312,707
31401,PUNATA,desnutricion global,nutricion normal (n),2006-09-01,186,200,68,73,254,273,527
20604,QUIABAYA,desnutricion global,nutricion normal (n),2006-09-01,13,16,6,4,19,20,39
30901,QUILLACOLLO,desnutricion global,nutricion normal (n),2006-09-01,549,552,237,257,786,809,1595
21002,QUIME,desnutricion global,nutricion normal (n),2006-09-01,52,54,30,44,82,98,180
70904,QUIRUSILLAS,desnutricion global,nutricion normal (n),2006-09-01,7,7,12,8,19,15,34
50402,RAVELO,desnutricion global,nutricion normal (n),2006-09-01,167,157,235,181,402,338,740
80301,REYES,desnutricion global,nutricion normal (n),2006-09-01,85,98,71,66,156,164,320
80201,RIBERALTA,desnutricion global,nutricion normal (n),2006-09-01,843,695,245,203,1088,898,1986
70503,ROBORE,desnutricion global,nutricion normal (n),2006-09-01,125,104,66,65,191,169,360
80304,RURRENABAQUE,desnutricion global,nutricion normal (n),2006-09-01,120,89,34,28,154,117,271
40901,SABAYA,desnutricion global,nutricion normal (n),2006-09-01,27,22,26,14,53,36,89
31001,SACABA,desnutricion global,nutricion normal (n),2006-09-01,569,467,249,210,818,677,1495
30404,SACABAMBA,desnutricion global,nutricion normal (n),2006-09-01,28,23,27,32,55,55,110
50701,SACACA,desnutricion global,nutricion normal (n),2006-09-01,151,154,197,186,348,340,688
71302,SAIPINA,desnutricion global,nutricion normal (n),2006-09-01,33,28,45,25,78,53,131
40801,SALINAS DE GARCI MENDOZA,desnutricion global,nutricion normal (n),2006-09-01,95,73,88,70,183,143,326
70901,SAMAIPATA,desnutricion global,nutricion normal (n),2006-09-01,40,40,24,22,64,62,126
51601,SAN AGUSTIN,desnutricion global,nutricion normal (n),2006-09-01,13,10,13,12,26,22,48
80602,SAN ANDRES,desnutricion global,nutricion normal (n),2006-09-01,62,52,33,29,95,81,176
20805,SAN ANDRES DE MACHACA,desnutricion global,nutricion normal (n),2006-09-01,22,21,22,25,44,46,90
51003,SAN ANTONIO DE ESMORUCO,desnutricion global,nutricion normal (n),2006-09-01,8,2,5,7,13,9,22
71105,SAN ANTONIO DE LOMERIO,desnutricion global,nutricion normal (n),2006-09-01,54,60,43,47,97,107,204
31403,SAN BENITO,desnutricion global,nutricion normal (n),2006-09-01,77,62,21,20,98,82,180
80302,SAN BORJA,desnutricion global,nutricion normal (n),2006-09-01,301,262,112,112,413,374,787
21502,SAN BUENA VENTURA,desnutricion global,nutricion normal (n),2006-09-01,48,58,36,33,84,91,175
70402,SAN CARLOS,desnutricion global,nutricion normal (n),2006-09-01,168,183,64,72,232,255,487
80501,SAN IGNACIO,desnutricion global,nutricion normal (n),2006-09-01,146,134,154,130,300,264,564
70301,SAN IGNACIO DE VELASCO,desnutricion global,nutricion normal (n),2006-09-01,391,351,293,267,684,618,1302
80102,SAN JAVIER(BNI),desnutricion global,nutricion normal (n),2006-09-01,28,15,26,28,54,43,97
71102,SAN JAVIER(STC),desnutricion global,nutricion normal (n),2006-09-01,12,9,5,6,17,15,32
80701,SAN JOAQUIN,desnutricion global,nutricion normal (n),2006-09-01,5,5,16,13,21,18,39
70501,SAN JOSE DE CHIQUITOS,desnutricion global,nutricion normal (n),2006-09-01,55,50,57,38,112,88,200
70404,SAN JUAN DE YAPACANI,desnutricion global,nutricion normal (n),2006-09-01,82,88,58,58,140,146,286
71104,SAN JULIAN,desnutricion global,nutricion normal (n),2006-09-01,138,96,165,153,303,249,552
90302,SAN LORENZO(PND),desnutricion global,nutricion normal (n),2006-09-01,37,28,19,12,56,40,96
60501,SAN LORENZO(TJA),desnutricion global,nutricion normal (n),2006-09-01,94,95,120,108,214,203,417
10702,SAN LUCAS,desnutricion global,nutricion normal (n),2006-09-01,478,358,446,450,924,808,1732
71201,SAN MATIAS,desnutricion global,nutricion normal (n),2006-09-01,104,95,71,46,175,141,316
70302,SAN MIGUEL DE VELASCO,desnutricion global,nutricion normal (n),2006-09-01,64,71,26,29,90,100,190
51001,SAN PABLO DE LIPEZ,desnutricion global,nutricion normal (n),2006-09-01,33,26,19,23,52,49,101
71005,SAN PEDRO,desnutricion global,nutricion normal (n),2006-09-01,114,87,69,70,183,157,340
50501,SAN PEDRO DE BUENA VISTA,desnutricion global,nutricion normal (n),2006-09-01,173,164,135,139,308,303,611
21801,SAN PEDRO DE CURAHUARA,desnutricion global,nutricion normal (n),2006-09-01,16,16,20,21,36,37,73
50902,SAN PEDRO DE QUEMES,desnutricion global,nutricion normal (n),2006-09-01,2,5,3,5,5,10,15
21702,SAN PEDRO DE TIQUINA,desnutricion global,nutricion normal (n),2006-09-01,15,15,10,8,25,23,48
90202,SAN PEDRO(PND),desnutricion global,nutricion normal (n),2006-09-01,6,8,13,12,19,20,39
70303,SAN RAFAEL,desnutricion global,nutricion normal (n),2006-09-01,46,38,26,29,72,67,139
80702,SAN RAMON,desnutricion global,nutricion normal (n),2006-09-01,17,30,26,23,43,53,96
80401,SANTA ANA,desnutricion global,nutricion normal (n),2006-09-01,117,119,86,74,203,193,396
70101,SANTA CRUZ DE LA SIERRA,desnutricion global,nutricion normal (n),2006-09-01,4657,4042,2011,1989,6668,6031,12699
80303,SANTA ROSA,desnutricion global,nutricion normal (n),2006-09-01,48,32,35,31,83,63,146
70602,SANTA ROSA DEL SARA,desnutricion global,nutricion normal (n),2006-09-01,94,76,68,71,162,147,309
20308,SANTIAGO DE CALLAPA,desnutricion global,nutricion normal (n),2006-09-01,17,20,13,20,30,40,70
41401,SANTIAGO DE HUARI,desnutricion global,nutricion normal (n),2006-09-01,41,37,42,31,83,68,151
21901,SANTIAGO DE MACHACA,desnutricion global,nutricion normal (n),2006-09-01,35,16,10,10,45,26,71
30702,SANTIVAÑES,desnutricion global,nutricion normal (n),2006-09-01,66,70,221,174,287,244,531
40202,SANTUARIO DE QUILLACAS,desnutricion global,nutricion normal (n),2006-09-01,16,14,19,29,35,43,78
20902,SAPAHAQUI,desnutricion global,nutricion normal (n),2006-09-01,67,64,53,45,120,109,229
90303,SENA,desnutricion global,nutricion normal (n),2006-09-01,41,47,47,37,88,84,172
21301,SICA SICA (VILLA AROMA),desnutricion global,nutricion normal (n),2006-09-01,178,149,73,102,251,251,502
30703,SICAYA,desnutricion global,nutricion normal (n),2006-09-01,26,27,3,7,29,34,63
30902,SIPE SIPE,desnutricion global,nutricion normal (n),2006-09-01,276,232,107,119,383,351,734
10403,SOPACHUY,desnutricion global,nutricion normal (n),2006-09-01,106,97,116,84,222,181,403
40104,SORACACHI,desnutricion global,nutricion normal (n),2006-09-01,52,71,58,57,110,128,238
20601,SORATA,desnutricion global,nutricion normal (n),2006-09-01,109,85,39,57,148,142,290
10101,SUCRE,desnutricion global,nutricion normal (n),2006-09-01,1104,1113,852,811,1956,1924,3880
31404,TACACHI,desnutricion global,nutricion normal (n),2006-09-01,8,5,2,3,10,8,18
20603,TACACOMA,desnutricion global,nutricion normal (n),2006-09-01,48,31,47,33,95,64,159
50303,TACOBAMBA,desnutricion global,nutricion normal (n),2006-09-01,68,68,59,64,127,132,259
30602,TACOPAYA,desnutricion global,nutricion normal (n),2006-09-01,64,60,91,90,155,150,305
51402,TAHUA,desnutricion global,nutricion normal (n),2006-09-01,5,9,9,16,14,25,39
31101,TAPACARI,desnutricion global,nutricion normal (n),2006-09-01,217,195,130,112,347,307,654
10601,TARABUCO,desnutricion global,nutricion normal (n),2006-09-01,174,202,254,238,428,440,868
20807,TARACO,desnutricion global,nutricion normal (n),2006-09-01,22,25,20,18,42,43,85
30401,TARATA,desnutricion global,nutricion normal (n),2006-09-01,54,56,18,14,72,70,142
60101,TARIJA,desnutricion global,nutricion normal (n),2006-09-01,834,815,473,523,1307,1338,2645
10202,TARVITA,desnutricion global,nutricion normal (n),2006-09-01,221,231,221,278,442,509,951
20608,TEOPONTE,desnutricion global,nutricion normal (n),2006-09-01,64,54,41,46,105,100,205
20803,TIAWANACU,desnutricion global,nutricion normal (n),2006-09-01,98,101,49,59,147,160,307
50102,TINGUIPAYA,desnutricion global,nutricion normal (n),2006-09-01,111,97,74,63,185,160,345
20606,TIPUANI,desnutricion global,nutricion normal (n),2006-09-01,59,45,18,23,77,68,145
30903,TIQUIPAYA,desnutricion global,nutricion normal (n),2006-09-01,139,102,74,62,213,164,377
31601,TIRAQUE (CBBA),desnutricion global,nutricion normal (n),2006-09-01,214,172,122,120,336,292,628
21703,TITO YUPANQUI (PARQUIPUJIO),desnutricion global,nutricion normal (n),2006-09-01,8,9,11,14,19,23,42
30802,TOCO,desnutricion global,nutricion normal (n),2006-09-01,4,7,6,6,10,13,23
41502,TODOS SANTOS,desnutricion global,nutricion normal (n),2006-09-01,3,1,4,3,7,4,11
30803,TOLATA,desnutricion global,nutricion normal (n),2006-09-01,15,10,12,8,27,18,45
41001,TOLEDO,desnutricion global,nutricion normal (n),2006-09-01,66,58,40,49,106,107,213
51202,TOMAVE,desnutricion global,nutricion normal (n),2006-09-01,93,21,45,8,138,29,167
10402,TOMINA,desnutricion global,nutricion normal (n),2006-09-01,110,97,122,119,232,216,448
50502,TORO TORO,desnutricion global,nutricion normal (n),2006-09-01,106,120,101,107,207,227,434
31201,TOTORA(CBBA),desnutricion global,nutricion normal (n),2006-09-01,119,92,40,40,159,132,291
41301,TOTORA(ORR),desnutricion global,nutricion normal (n),2006-09-01,27,24,16,13,43,37,80
70802,TRIGAL,desnutricion global,nutricion normal (n),2006-09-01,8,6,7,12,15,18,33
80101,TRINIDAD,desnutricion global,nutricion normal (n),2006-09-01,512,401,257,187,769,588,1357
50801,TUPIZA,desnutricion global,nutricion normal (n),2006-09-01,320,271,269,249,589,520,1109
40402,TURCO,desnutricion global,nutricion normal (n),2006-09-01,13,16,19,20,32,36,68
21302,UMALA,desnutricion global,nutricion normal (n),2006-09-01,52,40,29,39,81,79,160
50201,UNCIA,desnutricion global,nutricion normal (n),2006-09-01,98,95,88,83,186,178,364
60401,URIONDO (A. CONCEPCION),desnutricion global,nutricion normal (n),2006-09-01,132,103,106,105,238,208,446
71502,URUBICHA,desnutricion global,nutricion normal (n),2006-09-01,1,5,10,4,11,9,20
51201,UYUNI,desnutricion global,nutricion normal (n),2006-09-01,263,196,147,153,410,349,759
30502,VACAS,desnutricion global,nutricion normal (n),2006-09-01,51,45,17,14,68,59,127
70801,VALLEGRANDE,desnutricion global,nutricion normal (n),2006-09-01,98,85,72,69,170,154,324
20801,VIACHA,desnutricion global,nutricion normal (n),2006-09-01,214,199,103,96,317,295,612
31302,VILA VILA,desnutricion global,nutricion normal (n),2006-09-01,15,28,8,13,23,41,64
60303,VILLA MONTES,desnutricion global,nutricion normal (n),2006-09-01,76,74,91,102,167,176,343
90502,VILLA NUEVA (LOMA ALTA),desnutricion global,nutricion normal (n),2006-09-01,20,32,27,35,47,67,114
31402,VILLA RIVERO,desnutricion global,nutricion normal (n),2006-09-01,19,26,7,11,26,37,63
10801,VILLA SERRANO,desnutricion global,nutricion normal (n),2006-09-01,153,137,172,157,325,294,619
31003,VILLA TUNARI,desnutricion global,nutricion normal (n),2006-09-01,445,357,261,184,706,541,1247
11001,VILLA VACA GUZMAN (MUYUPAMPA),desnutricion global,nutricion normal (n),2006-09-01,124,143,164,175,288,318,606
51501,VILLAZON,desnutricion global,nutricion normal (n),2006-09-01,256,220,162,194,418,414,832
30904,VINTO,desnutricion global,nutricion normal (n),2006-09-01,117,106,33,22,150,128,278
50602,VITICHI,desnutricion global,nutricion normal (n),2006-09-01,56,58,38,57,94,115,209
20306,WALDO BALLIVIAN,desnutricion global,nutricion normal (n),2006-09-01,9,10,0,2,9,12,21
70201,WARNES,desnutricion global,nutricion normal (n),2006-09-01,270,261,166,171,436,432,868
20903,YACO,desnutricion global,nutricion normal (n),2006-09-01,43,33,29,17,72,50,122
60301,YACUIBA,desnutricion global,nutricion normal (n),2006-09-01,303,303,176,145,479,448,927
10602,YAMPARAEZ,desnutricion global,nutricion normal (n),2006-09-01,87,99,160,152,247,251,498
21103,YANACACHI,desnutricion global,nutricion normal (n),2006-09-01,19,38,28,18,47,56,103
70403,YAPACANI,desnutricion global,nutricion normal (n),2006-09-01,344,315,163,171,507,486,993
50103,YOCALLA,desnutricion global,nutricion normal (n),2006-09-01,23,17,16,11,39,28,67
10102,YOTALA,desnutricion global,nutricion normal (n),2006-09-01,76,69,130,126,206,195,401
60402,YUNCHARA,desnutricion global,nutricion normal (n),2006-09-01,27,25,46,46,73,71,144
10301,ZUDAÑEZ,desnutricion global,nutricion normal (n),2006-09-01,85,66,110,111,195,177,372
51302,ACACIO,desnutricion global,nutricion normal (n),2006-10-01,73,81,80,75,153,156,309
20201,ACHACACHI,desnutricion global,nutricion normal (n),2006-10-01,339,310,298,271,637,581,1218
20104,ACHOCALLA,desnutricion global,nutricion normal (n),2006-10-01,38,39,8,9,46,48,94
30201,AIQUILE,desnutricion global,nutricion normal (n),2006-10-01,49,27,28,21,77,48,125
10404,ALCALA,desnutricion global,nutricion normal (n),2006-10-01,43,28,31,32,74,60,134
20202,ANCORAIMES,desnutricion global,nutricion normal (n),2006-10-01,78,72,76,72,154,144,298
41201,ANDAMARCA,desnutricion global,nutricion normal (n),2006-10-01,14,10,13,12,27,22,49
40603,ANTEQUERA,desnutricion global,nutricion normal (n),2006-10-01,15,10,12,9,27,19,46
30402,ANZALDO,desnutricion global,nutricion normal (n),2006-10-01,14,14,29,25,43,39,82
20701,APOLO,desnutricion global,nutricion normal (n),2006-10-01,104,116,92,66,196,182,378
51301,ARAMPAMPA,desnutricion global,nutricion normal (n),2006-10-01,63,52,62,58,125,110,235
30501,ARANI,desnutricion global,nutricion normal (n),2006-10-01,28,25,33,39,61,64,125
30403,ARBIETO,desnutricion global,nutricion normal (n),2006-10-01,46,25,5,10,51,35,86
30601,ARQUE,desnutricion global,nutricion normal (n),2006-10-01,67,68,79,73,146,141,287
71501,ASCENCION DE GUARAYOS,desnutricion global,nutricion normal (n),2006-10-01,202,150,176,164,378,314,692
50802,ATOCHA,desnutricion global,nutricion normal (n),2006-10-01,74,79,65,60,139,139,278
20503,AUCAPATA,desnutricion global,nutricion normal (n),2006-10-01,42,38,36,41,78,79,157
20502,AYATA,desnutricion global,nutricion normal (n),2006-10-01,103,75,44,35,147,110,257
21303,AYO AYO,desnutricion global,nutricion normal (n),2006-10-01,28,42,19,10,47,52,99
30301,AYOPAYA (V. DE INDEPENDENCIA),desnutricion global,nutricion normal (n),2006-10-01,206,181,135,134,341,315,656
10201,AZURDUY,desnutricion global,nutricion normal (n),2006-10-01,207,160,200,171,407,331,738
21203,BATALLAS,desnutricion global,nutricion normal (n),2006-10-01,96,111,62,64,158,175,333
80802,BAURES,desnutricion global,nutricion normal (n),2006-10-01,28,56,36,36,64,92,156
41202,BELEN DE ANDAMARCA,desnutricion global,nutricion normal (n),2006-10-01,6,7,3,3,9,10,19
50104,BELEN DE URMIRI,desnutricion global,nutricion normal (n),2006-10-01,17,6,6,7,23,13,36
90104,BELLA FLOR,desnutricion global,nutricion normal (n),2006-10-01,50,33,28,30,78,63,141
60202,BERMEJO,desnutricion global,nutricion normal (n),2006-10-01,81,74,104,97,185,171,356
50301,BETANZOS,desnutricion global,nutricion normal (n),2006-10-01,215,209,227,192,442,401,843
31501,BOLIVAR,desnutricion global,nutricion normal (n),2006-10-01,59,63,77,67,136,130,266
90103,BOLPEBRA,desnutricion global,nutricion normal (n),2006-10-01,23,18,25,27,48,45,93
70707,BOYUIBE,desnutricion global,nutricion normal (n),2006-10-01,27,30,25,27,52,57,109
70401,BUENA VISTA,desnutricion global,nutricion normal (n),2006-10-01,142,123,84,97,226,220,446
70703,CABEZAS,desnutricion global,nutricion normal (n),2006-10-01,136,116,121,89,257,205,462
20905,CAIROMA,desnutricion global,nutricion normal (n),2006-10-01,104,93,64,71,168,164,332
51102,"CAIZA ""D""",desnutricion global,nutricion normal (n),2006-10-01,79,77,55,62,134,139,273
21003,CAJUATA,desnutricion global,nutricion normal (n),2006-10-01,81,89,54,47,135,136,271
20303,CALACOTO,desnutricion global,nutricion normal (n),2006-10-01,43,32,41,37,84,69,153
21304,CALAMARCA,desnutricion global,nutricion normal (n),2006-10-01,93,100,51,53,144,153,297
10701,CAMARGO,desnutricion global,nutricion normal (n),2006-10-01,153,159,156,123,309,282,591
10901,CAMATAQUI (C. VILLA ABECIA),desnutricion global,nutricion normal (n),2006-10-01,21,29,34,27,55,56,111
70706,CAMIRI,desnutricion global,nutricion normal (n),2006-10-01,229,172,198,180,427,352,779
30701,CAPINOTA,desnutricion global,nutricion normal (n),2006-10-01,81,85,111,106,192,191,383
20302,CAQUIAVIRI,desnutricion global,nutricion normal (n),2006-10-01,56,57,31,29,87,86,173
40102,CARACOLLO,desnutricion global,nutricion normal (n),2006-10-01,75,90,50,55,125,145,270
22001,CARANAVI,desnutricion global,nutricion normal (n),2006-10-01,430,434,253,301,683,735,1418
41503,CARANGAS,desnutricion global,nutricion normal (n),2006-10-01,1,1,0,0,1,1,2
60302,CARAPARI,desnutricion global,nutricion normal (n),2006-10-01,79,68,81,76,160,144,304
50702,CARIPUYO,desnutricion global,nutricion normal (n),2006-10-01,68,57,102,90,170,147,317
71403,CARMEN RIVERO TORREZ,desnutricion global,nutricion normal (n),2006-10-01,26,16,17,15,43,31,74
21902,CATACORA,desnutricion global,nutricion normal (n),2006-10-01,1,0,2,0,3,0,3
21803,CHACARILLA,desnutricion global,nutricion normal (n),2006-10-01,10,7,5,16,15,23,38
40201,CHALLAPATA,desnutricion global,nutricion normal (n),2006-10-01,140,117,80,82,220,199,419
50302,CHAQUI,desnutricion global,nutricion normal (n),2006-10-01,44,39,38,39,82,78,160
70702,CHARAGUA,desnutricion global,nutricion normal (n),2006-10-01,249,220,177,194,426,414,840
20305,CHARAÑA,desnutricion global,nutricion normal (n),2006-10-01,14,16,5,7,19,23,42
50202,CHAYANTA,desnutricion global,nutricion normal (n),2006-10-01,97,98,75,86,172,184,356
31204,CHIMORE,desnutricion global,nutricion normal (n),2006-10-01,40,44,25,16,65,60,125
40903,CHIPAYA,desnutricion global,nutricion normal (n),2006-10-01,6,9,2,4,8,13,21
21101,CHULUMANI (V. DE LA LIBERTAD),desnutricion global,nutricion normal (n),2006-10-01,59,68,52,52,111,120,231
20501,CHUMA,desnutricion global,nutricion normal (n),2006-10-01,41,31,39,28,80,59,139
30801,CLIZA,desnutricion global,nutricion normal (n),2006-10-01,128,109,64,33,192,142,334
90101,COBIJA,desnutricion global,nutricion normal (n),2006-10-01,239,213,165,155,404,368,772
30101,COCHABAMBA,desnutricion global,nutricion normal (n),2006-10-01,1766,1542,928,763,2694,2305,4999
30905,COLCAPIRHUA,desnutricion global,nutricion normal (n),2006-10-01,231,224,132,114,363,338,701
50901,"COLCHA ""K""",desnutricion global,nutricion normal (n),2006-10-01,73,55,33,43,106,98,204
21307,COLLANA,desnutricion global,nutricion normal (n),2006-10-01,11,8,7,1,18,9,27
31002,COLOMI,desnutricion global,nutricion normal (n),2006-10-01,150,117,92,63,242,180,422
70603,COLPA BELGICA,desnutricion global,nutricion normal (n),2006-10-01,49,44,30,17,79,61,140
50401,COLQUECHACA,desnutricion global,nutricion normal (n),2006-10-01,150,145,49,61,199,206,405
21306,COLQUENCHA,desnutricion global,nutricion normal (n),2006-10-01,43,40,24,39,67,79,146
21004,COLQUIRI,desnutricion global,nutricion normal (n),2006-10-01,126,125,82,64,208,189,397
20304,COMANCHE,desnutricion global,nutricion normal (n),2006-10-01,8,9,7,5,15,14,29
71301,COMARAPA,desnutricion global,nutricion normal (n),2006-10-01,65,68,49,53,114,121,235
20605,COMBAYA,desnutricion global,nutricion normal (n),2006-10-01,7,11,13,10,20,21,41
71101,CONCEPCION,desnutricion global,nutricion normal (n),2006-10-01,118,103,31,25,149,128,277
21701,COPACABANA,desnutricion global,nutricion normal (n),2006-10-01,82,79,65,67,147,146,293
21402,CORIPATA,desnutricion global,nutricion normal (n),2006-10-01,176,106,83,76,259,182,441
20301,CORO CORO,desnutricion global,nutricion normal (n),2006-10-01,49,63,59,56,108,119,227
21401,COROICO,desnutricion global,nutricion normal (n),2006-10-01,77,65,64,55,141,120,261
40301,CORQUE,desnutricion global,nutricion normal (n),2006-10-01,19,19,29,23,48,42,90
50601,COTAGAITA,desnutricion global,nutricion normal (n),2006-10-01,139,145,88,95,227,240,467
70102,COTOCA,desnutricion global,nutricion normal (n),2006-10-01,240,221,61,72,301,293,594
71106,CUATRO CAÑADAS,desnutricion global,nutricion normal (n),2006-10-01,62,60,49,43,111,103,214
31405,CUCHUMUELA (V. G. VILLARROEL),desnutricion global,nutricion normal (n),2006-10-01,22,10,7,2,29,12,41
70704,CUEVO,desnutricion global,nutricion normal (n),2006-10-01,33,52,42,55,75,107,182
10902,CULPINA,desnutricion global,nutricion normal (n),2006-10-01,184,175,166,171,350,346,696
40401,CURAHUARA DE CARANGAS,desnutricion global,nutricion normal (n),2006-10-01,25,29,40,29,65,58,123
21602,CURVA,desnutricion global,nutricion normal (n),2006-10-01,17,8,13,11,30,19,49
20804,DESAGUADERO,desnutricion global,nutricion normal (n),2006-10-01,24,19,12,3,36,22,58
20105,EL ALTO,desnutricion global,nutricion normal (n),2006-10-01,3424,3055,1573,1692,4997,4747,9744
40103,EL CHORO,desnutricion global,nutricion normal (n),2006-10-01,14,10,10,10,24,20,44
71503,EL PUENTE(STC),desnutricion global,nutricion normal (n),2006-10-01,152,123,88,76,240,199,439
60502,EL PUENTE(TJA),desnutricion global,nutricion normal (n),2006-10-01,75,56,90,68,165,124,289
70105,EL TORNO,desnutricion global,nutricion normal (n),2006-10-01,185,195,72,79,257,274,531
10405,EL VILLAR,desnutricion global,nutricion normal (n),2006-10-01,73,67,83,67,156,134,290
60601,ENTRE RIOS,desnutricion global,nutricion normal (n),2006-10-01,152,153,140,118,292,271,563
60601,ENTRE RIOS,desnutricion global,nutricion normal (n),2006-10-01,143,171,92,97,235,268,503
40502,ESCARA,desnutricion global,nutricion normal (n),2006-10-01,2,2,4,1,6,3,9
40505,ESMERALDA,desnutricion global,nutricion normal (n),2006-10-01,0,1,4,2,4,3,7
41101,EUCALIPTUS,desnutricion global,nutricion normal (n),2006-10-01,20,18,15,14,35,32,67
90503,EUREKA (SANTOS MERCADO),desnutricion global,nutricion normal (n),2006-10-01,5,6,5,7,10,13,23
80402,EXALTACION,desnutricion global,nutricion normal (n),2006-10-01,5,6,4,8,9,14,23
71004,FERNANDEZ ALONSO,desnutricion global,nutricion normal (n),2006-10-01,132,106,120,124,252,230,482
90203,FILADELFIA,desnutricion global,nutricion normal (n),2006-10-01,39,45,13,33,52,78,130
71002,GENERAL SAAVEDRA,desnutricion global,nutricion normal (n),2006-10-01,126,121,111,92,237,213,450
21601,GRAL. J.J. PEREZ (CHARAZANI),desnutricion global,nutricion normal (n),2006-10-01,56,39,37,39,93,78,171
20602,GUANAY,desnutricion global,nutricion normal (n),2006-10-01,68,59,87,109,155,168,323
20802,GUAQUI,desnutricion global,nutricion normal (n),2006-10-01,46,49,22,17,68,66,134
80202,GUAYARAMERIN,desnutricion global,nutricion normal (n),2006-10-01,225,239,169,153,394,392,786
70705,GUTIERREZ,desnutricion global,nutricion normal (n),2006-10-01,84,102,123,112,207,214,421
10502,HUACARETA,desnutricion global,nutricion normal (n),2006-10-01,117,114,134,113,251,227,478
11002,HUACAYA (VILLA DE HUACAYA),desnutricion global,nutricion normal (n),2006-10-01,33,33,43,39,76,72,148
40501,HUACHACALLA,desnutricion global,nutricion normal (n),2006-10-01,6,3,5,4,11,7,18
40701,HUANUNI,desnutricion global,nutricion normal (n),2006-10-01,173,173,74,49,247,222,469
80803,HUARACAJE,desnutricion global,nutricion normal (n),2006-10-01,29,27,34,31,63,58,121
41601,HUAYLLAMARCA,desnutricion global,nutricion normal (n),2006-10-01,26,30,4,12,30,42,72
21005,ICHOCA,desnutricion global,nutricion normal (n),2006-10-01,31,26,19,28,50,54,104
10304,ICLA,desnutricion global,nutricion normal (n),2006-10-01,124,130,178,143,302,273,575
10703,INCAHUASI,desnutricion global,nutricion normal (n),2006-10-01,261,238,219,226,480,464,944
90402,INGAVI (HUMAITA),desnutricion global,nutricion normal (n),2006-10-01,14,8,20,11,34,19,53
21001,INQUISIVI,desnutricion global,nutricion normal (n),2006-10-01,132,104,106,87,238,191,429
21102,IRUPANA (VILLA DE LANZA),desnutricion global,nutricion normal (n),2006-10-01,125,140,102,89,227,229,456
21501,IXIAMAS,desnutricion global,nutricion normal (n),2006-10-01,78,76,67,52,145,128,273
20806,JESUS DE MACHACA,desnutricion global,nutricion normal (n),2006-10-01,74,85,77,72,151,157,308
21105,LA ASUNTA,desnutricion global,nutricion normal (n),2006-10-01,134,115,76,58,210,173,383
70104,LA GUARDIA,desnutricion global,nutricion normal (n),2006-10-01,333,329,124,146,457,475,932
20101,LA PAZ,desnutricion global,nutricion normal (n),2006-10-01,2826,2680,1473,1397,4299,4077,8376
41501,LA RIVERA,desnutricion global,nutricion normal (n),2006-10-01,2,1,1,1,3,2,5
70701,LAGUNILLAS,desnutricion global,nutricion normal (n),2006-10-01,84,95,97,96,181,191,372
21202,LAJA,desnutricion global,nutricion normal (n),2006-10-01,113,128,56,51,169,179,348
10903,LAS CARRERAS,desnutricion global,nutricion normal (n),2006-10-01,39,38,38,45,77,83,160
21006,LICOMA PAMPA,desnutricion global,nutricion normal (n),2006-10-01,12,29,20,21,32,50,82
50203,LLALLAGUA,desnutricion global,nutricion normal (n),2006-10-01,252,262,267,254,519,516,1035
51401,LLICA,desnutricion global,nutricion normal (n),2006-10-01,31,19,16,18,47,37,84
80601,LORETO,desnutricion global,nutricion normal (n),2006-10-01,26,18,24,26,50,44,94
20901,LURIBAY,desnutricion global,nutricion normal (n),2006-10-01,80,65,36,48,116,113,229
40702,MACHACAMARCA,desnutricion global,nutricion normal (n),2006-10-01,10,21,24,12,34,33,67
11003,MACHARETI,desnutricion global,nutricion normal (n),2006-10-01,111,86,155,174,266,260,526
80801,MAGDALENA,desnutricion global,nutricion normal (n),2006-10-01,81,70,23,28,104,98,202
70903,MAIRANA,desnutricion global,nutricion normal (n),2006-10-01,84,75,42,41,126,116,242
20904,MALLA,desnutricion global,nutricion normal (n),2006-10-01,19,14,24,34,43,48,91
20607,MAPIRI,desnutricion global,nutricion normal (n),2006-10-01,190,164,100,108,290,272,562
20103,MECAPACA,desnutricion global,nutricion normal (n),2006-10-01,71,57,32,32,103,89,192
71003,MINEROS,desnutricion global,nutricion normal (n),2006-10-01,190,155,131,95,321,250,571
31301,MIZQUE,desnutricion global,nutricion normal (n),2006-10-01,154,135,85,121,239,256,495
20402,MOCOMOCO,desnutricion global,nutricion normal (n),2006-10-01,90,98,73,67,163,165,328
51002,MOJINETE,desnutricion global,nutricion normal (n),2006-10-01,4,2,3,3,7,5,12
10303,MOJOCOYA,desnutricion global,nutricion normal (n),2006-10-01,60,68,93,84,153,152,305
10501,MONTEAGUDO,desnutricion global,nutricion normal (n),2006-10-01,216,220,240,211,456,431,887
71001,MONTERO,desnutricion global,nutricion normal (n),2006-10-01,901,832,589,534,1490,1366,2856
70803,MORO MORO,desnutricion global,nutricion normal (n),2006-10-01,22,15,35,26,57,41,98
30302,MOROCHATA,desnutricion global,nutricion normal (n),2006-10-01,87,87,80,67,167,154,321
90401,NACEBE (SANTA ROSA DEL ABUNA),desnutricion global,nutricion normal (n),2006-10-01,0,1,1,1,1,2,3
90501,NUEVO MANOA (NUEVA ESPERANZA),desnutricion global,nutricion normal (n),2006-10-01,16,13,18,14,34,27,61
50404,OCURI,desnutricion global,nutricion normal (n),2006-10-01,102,129,95,99,197,228,425
70202,OKINAWA,desnutricion global,nutricion normal (n),2006-10-01,97,96,83,80,180,176,356
30203,OMEREQUE,desnutricion global,nutricion normal (n),2006-10-01,31,33,25,27,56,60,116
40101,ORURO,desnutricion global,nutricion normal (n),2006-10-01,1159,1090,586,562,1745,1652,3397
60201,PADCAYA,desnutricion global,nutricion normal (n),2006-10-01,156,136,172,180,328,316,644
10401,PADILLA,desnutricion global,nutricion normal (n),2006-10-01,137,150,185,175,322,325,647
70502,PAILON,desnutricion global,nutricion normal (n),2006-10-01,7,246,141,9,148,255,403
20102,PALCA,desnutricion global,nutricion normal (n),2006-10-01,84,79,22,22,106,101,207
21104,PALOS BLANCOS,desnutricion global,nutricion normal (n),2006-10-01,188,171,149,160,337,331,668
40802,PAMPA AULLAGAS,desnutricion global,nutricion normal (n),2006-10-01,24,20,15,19,39,39,78
70902,PAMPA GRANDE,desnutricion global,nutricion normal (n),2006-10-01,50,54,52,44,102,98,200
21802,PAPEL PAMPA,desnutricion global,nutricion normal (n),2006-10-01,31,22,17,17,48,39,87
30202,PASORAPA,desnutricion global,nutricion normal (n),2006-10-01,30,33,48,41,78,74,152
21305,PATACAMAYA,desnutricion global,nutricion normal (n),2006-10-01,158,137,52,50,210,187,397
40602,PAZÑA,desnutricion global,nutricion normal (n),2006-10-01,32,25,25,31,57,56,113
20702,PELECHUCO,desnutricion global,nutricion normal (n),2006-10-01,33,24,22,14,55,38,93
50403,POCOATA,desnutricion global,nutricion normal (n),2006-10-01,160,148,130,123,290,271,561
31203,POCONA,desnutricion global,nutricion normal (n),2006-10-01,74,76,60,43,134,119,253
31202,POJO (CBBA),desnutricion global,nutricion normal (n),2006-10-01,78,59,32,19,110,78,188
40601,POOPO,desnutricion global,nutricion normal (n),2006-10-01,24,18,14,5,38,23,61
51203,PORCO,desnutricion global,nutricion normal (n),2006-10-01,37,56,21,13,58,69,127
10103,POROMA,desnutricion global,nutricion normal (n),2006-10-01,131,112,100,74,231,186,417
70103,PORONGO,desnutricion global,nutricion normal (n),2006-10-01,51,47,29,14,80,61,141
70601,PORTACHUELO,desnutricion global,nutricion normal (n),2006-10-01,146,125,113,89,259,214,473
90102,PORVENIR,desnutricion global,nutricion normal (n),2006-10-01,59,62,68,63,127,125,252
70804,POSTRER VALLE,desnutricion global,nutricion normal (n),2006-10-01,11,17,13,12,24,29,53
50101,POTOSI,desnutricion global,nutricion normal (n),2006-10-01,854,795,405,306,1259,1101,2360
10302,PRESTO,desnutricion global,nutricion normal (n),2006-10-01,59,57,98,76,157,133,290
70805,PUCARA,desnutricion global,nutricion normal (n),2006-10-01,19,14,24,17,43,31,74
21201,PUCARANI,desnutricion global,nutricion normal (n),2006-10-01,165,155,98,102,263,257,520
20401,PUERTO ACOSTA,desnutricion global,nutricion normal (n),2006-10-01,125,152,103,99,228,251,479
20403,PUERTO CARABUCO,desnutricion global,nutricion normal (n),2006-10-01,116,101,71,66,187,167,354
90301,PUERTO GONZALO MORENO,desnutricion global,nutricion normal (n),2006-10-01,81,76,75,71,156,147,303
21204,PUERTO PEREZ,desnutricion global,nutricion normal (n),2006-10-01,57,49,64,43,121,92,213
71402,PUERTO QUIJARRO,desnutricion global,nutricion normal (n),2006-10-01,63,58,18,17,81,75,156
90201,PUERTO RICO,desnutricion global,nutricion normal (n),2006-10-01,13,13,12,14,25,27,52
80703,PUERTO SILES,desnutricion global,nutricion normal (n),2006-10-01,9,8,3,6,12,14,26
71401,PUERTO SUAREZ,desnutricion global,nutricion normal (n),2006-10-01,64,59,28,22,92,81,173
31205,PUERTO VILLARROEL,desnutricion global,nutricion normal (n),2006-10-01,305,287,173,139,478,426,904
51101,PUNA,desnutricion global,nutricion normal (n),2006-10-01,196,145,146,124,342,269,611
31401,PUNATA,desnutricion global,nutricion normal (n),2006-10-01,270,224,71,66,341,290,631
20604,QUIABAYA,desnutricion global,nutricion normal (n),2006-10-01,15,16,13,13,28,29,57
30901,QUILLACOLLO,desnutricion global,nutricion normal (n),2006-10-01,206,170,140,133,346,303,649
21002,QUIME,desnutricion global,nutricion normal (n),2006-10-01,91,81,90,66,181,147,328
70904,QUIRUSILLAS,desnutricion global,nutricion normal (n),2006-10-01,10,4,21,16,31,20,51
50402,RAVELO,desnutricion global,nutricion normal (n),2006-10-01,176,185,204,156,380,341,721
80301,REYES,desnutricion global,nutricion normal (n),2006-10-01,103,119,95,84,198,203,401
80201,RIBERALTA,desnutricion global,nutricion normal (n),2006-10-01,923,780,303,242,1226,1022,2248
70503,ROBORE,desnutricion global,nutricion normal (n),2006-10-01,91,90,55,58,146,148,294
80304,RURRENABAQUE,desnutricion global,nutricion normal (n),2006-10-01,82,95,31,28,113,123,236
40901,SABAYA,desnutricion global,nutricion normal (n),2006-10-01,31,20,27,16,58,36,94
31001,SACABA,desnutricion global,nutricion normal (n),2006-10-01,521,412,125,119,646,531,1177
30404,SACABAMBA,desnutricion global,nutricion normal (n),2006-10-01,26,20,32,26,58,46,104
50701,SACACA,desnutricion global,nutricion normal (n),2006-10-01,144,164,200,172,344,336,680
71302,SAIPINA,desnutricion global,nutricion normal (n),2006-10-01,19,29,33,28,52,57,109
40801,SALINAS DE GARCI MENDOZA,desnutricion global,nutricion normal (n),2006-10-01,24,42,35,36,59,78,137
70901,SAMAIPATA,desnutricion global,nutricion normal (n),2006-10-01,82,47,39,41,121,88,209
51601,SAN AGUSTIN,desnutricion global,nutricion normal (n),2006-10-01,18,13,18,19,36,32,68
80602,SAN ANDRES,desnutricion global,nutricion normal (n),2006-10-01,63,71,45,55,108,126,234
20805,SAN ANDRES DE MACHACA,desnutricion global,nutricion normal (n),2006-10-01,27,22,29,32,56,54,110
51003,SAN ANTONIO DE ESMORUCO,desnutricion global,nutricion normal (n),2006-10-01,7,7,4,8,11,15,26
71105,SAN ANTONIO DE LOMERIO,desnutricion global,nutricion normal (n),2006-10-01,78,56,78,67,156,123,279
31403,SAN BENITO,desnutricion global,nutricion normal (n),2006-10-01,102,82,26,48,128,130,258
80302,SAN BORJA,desnutricion global,nutricion normal (n),2006-10-01,304,277,140,112,444,389,833
21502,SAN BUENA VENTURA,desnutricion global,nutricion normal (n),2006-10-01,71,60,43,30,114,90,204
70402,SAN CARLOS,desnutricion global,nutricion normal (n),2006-10-01,178,173,76,98,254,271,525
80501,SAN IGNACIO,desnutricion global,nutricion normal (n),2006-10-01,129,119,83,83,212,202,414
70301,SAN IGNACIO DE VELASCO,desnutricion global,nutricion normal (n),2006-10-01,320,274,163,144,483,418,901
80102,SAN JAVIER(BNI),desnutricion global,nutricion normal (n),2006-10-01,15,16,19,21,34,37,71
71102,SAN JAVIER(STC),desnutricion global,nutricion normal (n),2006-10-01,15,15,7,4,22,19,41
80701,SAN JOAQUIN,desnutricion global,nutricion normal (n),2006-10-01,9,21,24,16,33,37,70
70501,SAN JOSE DE CHIQUITOS,desnutricion global,nutricion normal (n),2006-10-01,72,65,43,38,115,103,218
70404,SAN JUAN DE YAPACANI,desnutricion global,nutricion normal (n),2006-10-01,104,92,58,51,162,143,305
71104,SAN JULIAN,desnutricion global,nutricion normal (n),2006-10-01,95,78,98,76,193,154,347
90302,SAN LORENZO(PND),desnutricion global,nutricion normal (n),2006-10-01,49,30,35,34,84,64,148
60501,SAN LORENZO(TJA),desnutricion global,nutricion normal (n),2006-10-01,131,124,103,95,234,219,453
10702,SAN LUCAS,desnutricion global,nutricion normal (n),2006-10-01,373,336,335,331,708,667,1375
71201,SAN MATIAS,desnutricion global,nutricion normal (n),2006-10-01,85,77,58,56,143,133,276
70302,SAN MIGUEL DE VELASCO,desnutricion global,nutricion normal (n),2006-10-01,115,113,76,85,191,198,389
51001,SAN PABLO DE LIPEZ,desnutricion global,nutricion normal (n),2006-10-01,14,11,5,6,19,17,36
71005,SAN PEDRO,desnutricion global,nutricion normal (n),2006-10-01,150,115,80,86,230,201,431
50501,SAN PEDRO DE BUENA VISTA,desnutricion global,nutricion normal (n),2006-10-01,117,134,140,107,257,241,498
21801,SAN PEDRO DE CURAHUARA,desnutricion global,nutricion normal (n),2006-10-01,27,24,43,41,70,65,135
50902,SAN PEDRO DE QUEMES,desnutricion global,nutricion normal (n),2006-10-01,0,8,5,5,5,13,18
21702,SAN PEDRO DE TIQUINA,desnutricion global,nutricion normal (n),2006-10-01,12,18,28,21,40,39,79
90202,SAN PEDRO(PND),desnutricion global,nutricion normal (n),2006-10-01,14,22,19,24,33,46,79
70303,SAN RAFAEL,desnutricion global,nutricion normal (n),2006-10-01,47,42,23,24,70,66,136
80702,SAN RAMON,desnutricion global,nutricion normal (n),2006-10-01,29,36,28,13,57,49,106
80401,SANTA ANA,desnutricion global,nutricion normal (n),2006-10-01,113,81,54,64,167,145,312
70101,SANTA CRUZ DE LA SIERRA,desnutricion global,nutricion normal (n),2006-10-01,5570,4948,2381,2308,7951,7256,15207
80303,SANTA ROSA,desnutricion global,nutricion normal (n),2006-10-01,25,18,22,26,47,44,91
70602,SANTA ROSA DEL SARA,desnutricion global,nutricion normal (n),2006-10-01,131,149,114,120,245,269,514
20308,SANTIAGO DE CALLAPA,desnutricion global,nutricion normal (n),2006-10-01,17,28,13,6,30,34,64
41401,SANTIAGO DE HUARI,desnutricion global,nutricion normal (n),2006-10-01,28,32,37,20,65,52,117
21901,SANTIAGO DE MACHACA,desnutricion global,nutricion normal (n),2006-10-01,18,20,20,15,38,35,73
30702,SANTIVAÑES,desnutricion global,nutricion normal (n),2006-10-01,44,40,14,17,58,57,115
40202,SANTUARIO DE QUILLACAS,desnutricion global,nutricion normal (n),2006-10-01,4,12,7,12,11,24,35
20902,SAPAHAQUI,desnutricion global,nutricion normal (n),2006-10-01,70,72,49,46,119,118,237
90303,SENA,desnutricion global,nutricion normal (n),2006-10-01,36,38,56,52,92,90,182
21301,SICA SICA (VILLA AROMA),desnutricion global,nutricion normal (n),2006-10-01,144,148,92,90,236,238,474
30703,SICAYA,desnutricion global,nutricion normal (n),2006-10-01,16,17,6,4,22,21,43
30902,SIPE SIPE,desnutricion global,nutricion normal (n),2006-10-01,294,261,220,229,514,490,1004
10403,SOPACHUY,desnutricion global,nutricion normal (n),2006-10-01,127,106,129,116,256,222,478
40104,SORACACHI,desnutricion global,nutricion normal (n),2006-10-01,42,39,32,37,74,76,150
20601,SORATA,desnutricion global,nutricion normal (n),2006-10-01,102,84,65,56,167,140,307
10101,SUCRE,desnutricion global,nutricion normal (n),2006-10-01,1258,1206,1251,1175,2509,2381,4890
31404,TACACHI,desnutricion global,nutricion normal (n),2006-10-01,6,2,3,4,9,6,15
20603,TACACOMA,desnutricion global,nutricion normal (n),2006-10-01,34,33,24,22,58,55,113
50303,TACOBAMBA,desnutricion global,nutricion normal (n),2006-10-01,55,53,40,37,95,90,185
30602,TACOPAYA,desnutricion global,nutricion normal (n),2006-10-01,88,83,116,112,204,195,399
51402,TAHUA,desnutricion global,nutricion normal (n),2006-10-01,3,1,5,8,8,9,17
31101,TAPACARI,desnutricion global,nutricion normal (n),2006-10-01,197,153,106,89,303,242,545
10601,TARABUCO,desnutricion global,nutricion normal (n),2006-10-01,191,206,277,251,468,457,925
20807,TARACO,desnutricion global,nutricion normal (n),2006-10-01,39,35,37,42,76,77,153
30401,TARATA,desnutricion global,nutricion normal (n),2006-10-01,67,63,21,30,88,93,181
60101,TARIJA,desnutricion global,nutricion normal (n),2006-10-01,857,737,474,522,1331,1259,2590
10202,TARVITA,desnutricion global,nutricion normal (n),2006-10-01,177,120,156,115,333,235,568
20608,TEOPONTE,desnutricion global,nutricion normal (n),2006-10-01,67,50,69,72,136,122,258
20803,TIAWANACU,desnutricion global,nutricion normal (n),2006-10-01,106,86,40,44,146,130,276
50102,TINGUIPAYA,desnutricion global,nutricion normal (n),2006-10-01,90,97,99,67,189,164,353
20606,TIPUANI,desnutricion global,nutricion normal (n),2006-10-01,60,50,24,39,84,89,173
30903,TIQUIPAYA,desnutricion global,nutricion normal (n),2006-10-01,244,164,130,80,374,244,618
31601,TIRAQUE (CBBA),desnutricion global,nutricion normal (n),2006-10-01,195,147,96,87,291,234,525
21703,TITO YUPANQUI (PARQUIPUJIO),desnutricion global,nutricion normal (n),2006-10-01,6,14,8,11,14,25,39
30802,TOCO,desnutricion global,nutricion normal (n),2006-10-01,21,12,20,16,41,28,69
41502,TODOS SANTOS,desnutricion global,nutricion normal (n),2006-10-01,2,0,1,0,3,0,3
30803,TOLATA,desnutricion global,nutricion normal (n),2006-10-01,42,25,20,19,62,44,106
41001,TOLEDO,desnutricion global,nutricion normal (n),2006-10-01,52,42,41,42,93,84,177
51202,TOMAVE,desnutricion global,nutricion normal (n),2006-10-01,20,91,16,54,36,145,181
10402,TOMINA,desnutricion global,nutricion normal (n),2006-10-01,121,114,129,131,250,245,495
50502,TORO TORO,desnutricion global,nutricion normal (n),2006-10-01,68,95,75,82,143,177,320
31201,TOTORA(CBBA),desnutricion global,nutricion normal (n),2006-10-01,122,90,38,52,160,142,302
41301,TOTORA(ORR),desnutricion global,nutricion normal (n),2006-10-01,26,34,14,19,40,53,93
70802,TRIGAL,desnutricion global,nutricion normal (n),2006-10-01,10,9,18,14,28,23,51
80101,TRINIDAD,desnutricion global,nutricion normal (n),2006-10-01,671,526,245,226,916,752,1668
50801,TUPIZA,desnutricion global,nutricion normal (n),2006-10-01,241,240,225,220,466,460,926
40402,TURCO,desnutricion global,nutricion normal (n),2006-10-01,20,14,21,18,41,32,73
21302,UMALA,desnutricion global,nutricion normal (n),2006-10-01,46,35,30,28,76,63,139
50201,UNCIA,desnutricion global,nutricion normal (n),2006-10-01,113,84,79,73,192,157,349
60401,URIONDO (A. CONCEPCION),desnutricion global,nutricion normal (n),2006-10-01,109,51,59,73,168,124,292
71502,URUBICHA,desnutricion global,nutricion normal (n),2006-10-01,95,96,135,118,230,214,444
51201,UYUNI,desnutricion global,nutricion normal (n),2006-10-01,39,38,51,41,90,79,169
30502,VACAS,desnutricion global,nutricion normal (n),2006-10-01,60,51,40,36,100,87,187
70801,VALLEGRANDE,desnutricion global,nutricion normal (n),2006-10-01,99,87,61,59,160,146,306
20801,VIACHA,desnutricion global,nutricion normal (n),2006-10-01,180,192,124,106,304,298,602
31302,VILA VILA,desnutricion global,nutricion normal (n),2006-10-01,28,35,26,27,54,62,116
60303,VILLA MONTES,desnutricion global,nutricion normal (n),2006-10-01,94,93,95,105,189,198,387
90502,VILLA NUEVA (LOMA ALTA),desnutricion global,nutricion normal (n),2006-10-01,5,11,3,3,8,14,22
31402,VILLA RIVERO,desnutricion global,nutricion normal (n),2006-10-01,26,18,30,27,56,45,101
10801,VILLA SERRANO,desnutricion global,nutricion normal (n),2006-10-01,125,131,174,160,299,291,590
31003,VILLA TUNARI,desnutricion global,nutricion normal (n),2006-10-01,554,489,291,241,845,730,1575
11001,VILLA VACA GUZMAN (MUYUPAMPA),desnutricion global,nutricion normal (n),2006-10-01,96,115,132,155,228,270,498
51501,VILLAZON,desnutricion global,nutricion normal (n),2006-10-01,279,274,149,192,428,466,894
30904,VINTO,desnutricion global,nutricion normal (n),2006-10-01,157,118,39,32,196,150,346
50602,VITICHI,desnutricion global,nutricion normal (n),2006-10-01,107,82,122,91,229,173,402
20306,WALDO BALLIVIAN,desnutricion global,nutricion normal (n),2006-10-01,46,8,8,11,54,19,73
70201,WARNES,desnutricion global,nutricion normal (n),2006-10-01,324,358,172,161,496,519,1015
20903,YACO,desnutricion global,nutricion normal (n),2006-10-01,45,41,29,35,74,76,150
60301,YACUIBA,desnutricion global,nutricion normal (n),2006-10-01,347,259,196,203,543,462,1005
10602,YAMPARAEZ,desnutricion global,nutricion normal (n),2006-10-01,105,96,165,163,270,259,529
21103,YANACACHI,desnutricion global,nutricion normal (n),2006-10-01,34,42,21,17,55,59,114
70403,YAPACANI,desnutricion global,nutricion normal (n),2006-10-01,362,327,207,165,569,492,1061
50103,YOCALLA,desnutricion global,nutricion normal (n),2006-10-01,37,31,39,42,76,73,149
10102,YOTALA,desnutricion global,nutricion normal (n),2006-10-01,37,34,72,70,109,104,213
60402,YUNCHARA,desnutricion global,nutricion normal (n),2006-10-01,32,48,64,50,96,98,194
10301,ZUDAÑEZ,desnutricion global,nutricion normal (n),2006-10-01,90,68,111,90,201,158,359
51302,ACACIO,desnutricion global,nutricion normal (n),2006-11-01,60,61,47,61,107,122,229
20201,ACHACACHI,desnutricion global,nutricion normal (n),2006-11-01,303,329,252,274,555,603,1158
20104,ACHOCALLA,desnutricion global,nutricion normal (n),2006-11-01,59,52,25,19,84,71,155
30201,AIQUILE,desnutricion global,nutricion normal (n),2006-11-01,67,56,56,50,123,106,229
10404,ALCALA,desnutricion global,nutricion normal (n),2006-11-01,38,35,40,33,78,68,146
20202,ANCORAIMES,desnutricion global,nutricion normal (n),2006-11-01,89,82,91,98,180,180,360
41201,ANDAMARCA,desnutricion global,nutricion normal (n),2006-11-01,17,11,33,18,50,29,79
40603,ANTEQUERA,desnutricion global,nutricion normal (n),2006-11-01,66,23,50,39,116,62,178
30402,ANZALDO,desnutricion global,nutricion normal (n),2006-11-01,29,37,27,32,56,69,125
20701,APOLO,desnutricion global,nutricion normal (n),2006-11-01,120,109,77,81,197,190,387
51301,ARAMPAMPA,desnutricion global,nutricion normal (n),2006-11-01,74,65,70,70,144,135,279
30501,ARANI,desnutricion global,nutricion normal (n),2006-11-01,48,34,67,52,115,86,201
30403,ARBIETO,desnutricion global,nutricion normal (n),2006-11-01,33,34,6,11,39,45,84
30601,ARQUE,desnutricion global,nutricion normal (n),2006-11-01,98,62,59,90,157,152,309
71501,ASCENCION DE GUARAYOS,desnutricion global,nutricion normal (n),2006-11-01,29,37,37,43,66,80,146
50802,ATOCHA,desnutricion global,nutricion normal (n),2006-11-01,114,112,84,87,198,199,397
20503,AUCAPATA,desnutricion global,nutricion normal (n),2006-11-01,47,30,23,17,70,47,117
20502,AYATA,desnutricion global,nutricion normal (n),2006-11-01,100,69,29,37,129,106,235
21303,AYO AYO,desnutricion global,nutricion normal (n),2006-11-01,32,46,24,11,56,57,113
30301,AYOPAYA (V. DE INDEPENDENCIA),desnutricion global,nutricion normal (n),2006-11-01,205,211,154,117,359,328,687
10201,AZURDUY,desnutricion global,nutricion normal (n),2006-11-01,198,174,186,160,384,334,718
21203,BATALLAS,desnutricion global,nutricion normal (n),2006-11-01,125,116,61,57,186,173,359
80802,BAURES,desnutricion global,nutricion normal (n),2006-11-01,33,35,27,40,60,75,135
41202,BELEN DE ANDAMARCA,desnutricion global,nutricion normal (n),2006-11-01,5,10,5,8,10,18,28
50104,BELEN DE URMIRI,desnutricion global,nutricion normal (n),2006-11-01,8,10,6,5,14,15,29
90104,BELLA FLOR,desnutricion global,nutricion normal (n),2006-11-01,34,25,29,49,63,74,137
60202,BERMEJO,desnutricion global,nutricion normal (n),2006-11-01,76,51,43,19,119,70,189
50301,BETANZOS,desnutricion global,nutricion normal (n),2006-11-01,291,302,311,233,602,535,1137
31501,BOLIVAR,desnutricion global,nutricion normal (n),2006-11-01,63,75,54,50,117,125,242
90103,BOLPEBRA,desnutricion global,nutricion normal (n),2006-11-01,27,17,27,17,54,34,88
70707,BOYUIBE,desnutricion global,nutricion normal (n),2006-11-01,26,24,27,31,53,55,108
70401,BUENA VISTA,desnutricion global,nutricion normal (n),2006-11-01,152,137,145,146,297,283,580
70703,CABEZAS,desnutricion global,nutricion normal (n),2006-11-01,153,121,105,93,258,214,472
20905,CAIROMA,desnutricion global,nutricion normal (n),2006-11-01,87,86,40,72,127,158,285
51102,"CAIZA ""D""",desnutricion global,nutricion normal (n),2006-11-01,86,85,64,69,150,154,304
21003,CAJUATA,desnutricion global,nutricion normal (n),2006-11-01,99,99,74,51,173,150,323
20303,CALACOTO,desnutricion global,nutricion normal (n),2006-11-01,28,27,30,14,58,41,99
21304,CALAMARCA,desnutricion global,nutricion normal (n),2006-11-01,94,104,66,53,160,157,317
10701,CAMARGO,desnutricion global,nutricion normal (n),2006-11-01,172,196,160,136,332,332,664
10901,CAMATAQUI (C. VILLA ABECIA),desnutricion global,nutricion normal (n),2006-11-01,40,42,38,33,78,75,153
70706,CAMIRI,desnutricion global,nutricion normal (n),2006-11-01,215,200,195,177,410,377,787
30701,CAPINOTA,desnutricion global,nutricion normal (n),2006-11-01,79,87,71,85,150,172,322
20302,CAQUIAVIRI,desnutricion global,nutricion normal (n),2006-11-01,64,70,33,34,97,104,201
40102,CARACOLLO,desnutricion global,nutricion normal (n),2006-11-01,74,81,44,35,118,116,234
22001,CARANAVI,desnutricion global,nutricion normal (n),2006-11-01,493,482,297,294,790,776,1566
41503,CARANGAS,desnutricion global,nutricion normal (n),2006-11-01,2,3,2,2,4,5,9
60302,CARAPARI,desnutricion global,nutricion normal (n),2006-11-01,99,96,91,97,190,193,383
50702,CARIPUYO,desnutricion global,nutricion normal (n),2006-11-01,80,72,86,60,166,132,298
71403,CARMEN RIVERO TORREZ,desnutricion global,nutricion normal (n),2006-11-01,17,14,12,18,29,32,61
21902,CATACORA,desnutricion global,nutricion normal (n),2006-11-01,1,0,3,2,4,2,6
21803,CHACARILLA,desnutricion global,nutricion normal (n),2006-11-01,11,9,5,10,16,19,35
40201,CHALLAPATA,desnutricion global,nutricion normal (n),2006-11-01,182,163,95,101,277,264,541
50302,CHAQUI,desnutricion global,nutricion normal (n),2006-11-01,42,47,32,43,74,90,164
70702,CHARAGUA,desnutricion global,nutricion normal (n),2006-11-01,157,191,167,152,324,343,667
20305,CHARAÑA,desnutricion global,nutricion normal (n),2006-11-01,15,18,19,17,34,35,69
50202,CHAYANTA,desnutricion global,nutricion normal (n),2006-11-01,76,79,62,53,138,132,270
31204,CHIMORE,desnutricion global,nutricion normal (n),2006-11-01,8,11,12,7,20,18,38
40903,CHIPAYA,desnutricion global,nutricion normal (n),2006-11-01,6,10,3,8,9,18,27
40302,CHOQUE COTA,desnutricion global,nutricion normal (n),2006-11-01,8,7,15,13,23,20,43
21101,CHULUMANI (V. DE LA LIBERTAD),desnutricion global,nutricion normal (n),2006-11-01,115,131,41,46,156,177,333
20501,CHUMA,desnutricion global,nutricion normal (n),2006-11-01,90,95,92,92,182,187,369
30801,CLIZA,desnutricion global,nutricion normal (n),2006-11-01,190,129,74,59,264,188,452
90101,COBIJA,desnutricion global,nutricion normal (n),2006-11-01,258,258,176,204,434,462,896
30101,COCHABAMBA,desnutricion global,nutricion normal (n),2006-11-01,2019,1756,1024,901,3043,2657,5700
40902,COIPASA,desnutricion global,nutricion normal (n),2006-11-01,4,2,4,2,8,4,12
30905,COLCAPIRHUA,desnutricion global,nutricion normal (n),2006-11-01,270,280,148,125,418,405,823
50901,"COLCHA ""K""",desnutricion global,nutricion normal (n),2006-11-01,111,87,83,78,194,165,359
21307,COLLANA,desnutricion global,nutricion normal (n),2006-11-01,17,8,5,3,22,11,33
31002,COLOMI,desnutricion global,nutricion normal (n),2006-11-01,189,158,79,72,268,230,498
70603,COLPA BELGICA,desnutricion global,nutricion normal (n),2006-11-01,49,48,33,31,82,79,161
50401,COLQUECHACA,desnutricion global,nutricion normal (n),2006-11-01,126,127,84,70,210,197,407
21306,COLQUENCHA,desnutricion global,nutricion normal (n),2006-11-01,50,44,28,16,78,60,138
21004,COLQUIRI,desnutricion global,nutricion normal (n),2006-11-01,117,136,72,84,189,220,409
20304,COMANCHE,desnutricion global,nutricion normal (n),2006-11-01,15,15,11,7,26,22,48
71301,COMARAPA,desnutricion global,nutricion normal (n),2006-11-01,91,103,88,108,179,211,390
20605,COMBAYA,desnutricion global,nutricion normal (n),2006-11-01,12,11,25,12,37,23,60
71101,CONCEPCION,desnutricion global,nutricion normal (n),2006-11-01,136,121,80,63,216,184,400
21701,COPACABANA,desnutricion global,nutricion normal (n),2006-11-01,75,108,84,69,159,177,336
21402,CORIPATA,desnutricion global,nutricion normal (n),2006-11-01,133,146,95,89,228,235,463
20301,CORO CORO,desnutricion global,nutricion normal (n),2006-11-01,47,74,49,36,96,110,206
21401,COROICO,desnutricion global,nutricion normal (n),2006-11-01,141,144,116,125,257,269,526
40301,CORQUE,desnutricion global,nutricion normal (n),2006-11-01,41,37,27,26,68,63,131
50601,COTAGAITA,desnutricion global,nutricion normal (n),2006-11-01,194,202,169,153,363,355,718
70102,COTOCA,desnutricion global,nutricion normal (n),2006-11-01,291,249,157,143,448,392,840
71106,CUATRO CAÑADAS,desnutricion global,nutricion normal (n),2006-11-01,100,79,102,81,202,160,362
31405,CUCHUMUELA (V. G. VILLARROEL),desnutricion global,nutricion normal (n),2006-11-01,20,11,8,3,28,14,42
70704,CUEVO,desnutricion global,nutricion normal (n),2006-11-01,31,36,38,45,69,81,150
10902,CULPINA,desnutricion global,nutricion normal (n),2006-11-01,203,219,195,226,398,445,843
40401,CURAHUARA DE CARANGAS,desnutricion global,nutricion normal (n),2006-11-01,37,28,27,23,64,51,115
21602,CURVA,desnutricion global,nutricion normal (n),2006-11-01,9,7,6,3,15,10,25
20804,DESAGUADERO,desnutricion global,nutricion normal (n),2006-11-01,32,27,16,5,48,32,80
20105,EL ALTO,desnutricion global,nutricion normal (n),2006-11-01,4099,3734,1988,2092,6087,5826,11913
40103,EL CHORO,desnutricion global,nutricion normal (n),2006-11-01,16,11,11,8,27,19,46
71503,EL PUENTE(STC),desnutricion global,nutricion normal (n),2006-11-01,211,173,164,134,375,307,682
60502,EL PUENTE(TJA),desnutricion global,nutricion normal (n),2006-11-01,70,50,90,70,160,120,280
70105,EL TORNO,desnutricion global,nutricion normal (n),2006-11-01,197,196,104,102,301,298,599
10405,EL VILLAR,desnutricion global,nutricion normal (n),2006-11-01,80,71,91,81,171,152,323
60601,ENTRE RIOS,desnutricion global,nutricion normal (n),2006-11-01,197,181,168,141,365,322,687
60601,ENTRE RIOS,desnutricion global,nutricion normal (n),2006-11-01,112,101,103,122,215,223,438
40502,ESCARA,desnutricion global,nutricion normal (n),2006-11-01,0,1,3,1,3,2,5
40505,ESMERALDA,desnutricion global,nutricion normal (n),2006-11-01,4,3,7,3,11,6,17
41101,EUCALIPTUS,desnutricion global,nutricion normal (n),2006-11-01,36,34,85,55,121,89,210
90503,EUREKA (SANTOS MERCADO),desnutricion global,nutricion normal (n),2006-11-01,10,10,6,3,16,13,29
80402,EXALTACION,desnutricion global,nutricion normal (n),2006-11-01,18,23,30,30,48,53,101
71004,FERNANDEZ ALONSO,desnutricion global,nutricion normal (n),2006-11-01,147,122,136,112,283,234,517
90203,FILADELFIA,desnutricion global,nutricion normal (n),2006-11-01,26,32,27,28,53,60,113
71002,GENERAL SAAVEDRA,desnutricion global,nutricion normal (n),2006-11-01,142,113,118,121,260,234,494
21601,GRAL. J.J. PEREZ (CHARAZANI),desnutricion global,nutricion normal (n),2006-11-01,77,75,59,53,136,128,264
20602,GUANAY,desnutricion global,nutricion normal (n),2006-11-01,134,112,135,115,269,227,496
20802,GUAQUI,desnutricion global,nutricion normal (n),2006-11-01,47,37,16,13,63,50,113
80202,GUAYARAMERIN,desnutricion global,nutricion normal (n),2006-11-01,302,277,146,190,448,467,915
70705,GUTIERREZ,desnutricion global,nutricion normal (n),2006-11-01,83,92,82,102,165,194,359
10502,HUACARETA,desnutricion global,nutricion normal (n),2006-11-01,112,100,141,129,253,229,482
11002,HUACAYA (VILLA DE HUACAYA),desnutricion global,nutricion normal (n),2006-11-01,40,44,42,39,82,83,165
40501,HUACHACALLA,desnutricion global,nutricion normal (n),2006-11-01,18,13,15,10,33,23,56
40701,HUANUNI,desnutricion global,nutricion normal (n),2006-11-01,206,159,102,89,308,248,556
80803,HUARACAJE,desnutricion global,nutricion normal (n),2006-11-01,32,19,16,6,48,25,73
41601,HUAYLLAMARCA,desnutricion global,nutricion normal (n),2006-11-01,31,31,19,26,50,57,107
21005,ICHOCA,desnutricion global,nutricion normal (n),2006-11-01,40,26,20,20,60,46,106
10304,ICLA,desnutricion global,nutricion normal (n),2006-11-01,129,137,152,144,281,281,562
10703,INCAHUASI,desnutricion global,nutricion normal (n),2006-11-01,227,249,185,187,412,436,848
90402,INGAVI (HUMAITA),desnutricion global,nutricion normal (n),2006-11-01,1,2,10,4,11,6,17
21001,INQUISIVI,desnutricion global,nutricion normal (n),2006-11-01,131,131,92,87,223,218,441
21102,IRUPANA (VILLA DE LANZA),desnutricion global,nutricion normal (n),2006-11-01,99,104,112,95,211,199,410
21501,IXIAMAS,desnutricion global,nutricion normal (n),2006-11-01,80,93,99,57,179,150,329
20806,JESUS DE MACHACA,desnutricion global,nutricion normal (n),2006-11-01,70,81,33,53,103,134,237
21105,LA ASUNTA,desnutricion global,nutricion normal (n),2006-11-01,179,157,101,111,280,268,548
70104,LA GUARDIA,desnutricion global,nutricion normal (n),2006-11-01,411,378,214,183,625,561,1186
20101,LA PAZ,desnutricion global,nutricion normal (n),2006-11-01,3314,3004,1785,1561,5099,4565,9664
41501,LA RIVERA,desnutricion global,nutricion normal (n),2006-11-01,2,2,3,1,5,3,8
70701,LAGUNILLAS,desnutricion global,nutricion normal (n),2006-11-01,84,94,95,123,179,217,396
21202,LAJA,desnutricion global,nutricion normal (n),2006-11-01,153,87,50,49,203,136,339
10903,LAS CARRERAS,desnutricion global,nutricion normal (n),2006-11-01,42,42,46,44,88,86,174
21006,LICOMA PAMPA,desnutricion global,nutricion normal (n),2006-11-01,19,27,15,19,34,46,80
50203,LLALLAGUA,desnutricion global,nutricion normal (n),2006-11-01,238,198,216,212,454,410,864
51401,LLICA,desnutricion global,nutricion normal (n),2006-11-01,45,40,39,30,84,70,154
80601,LORETO,desnutricion global,nutricion normal (n),2006-11-01,45,29,36,41,81,70,151
20901,LURIBAY,desnutricion global,nutricion normal (n),2006-11-01,97,78,56,54,153,132,285
40702,MACHACAMARCA,desnutricion global,nutricion normal (n),2006-11-01,27,27,43,42,70,69,139
11003,MACHARETI,desnutricion global,nutricion normal (n),2006-11-01,117,90,135,147,252,237,489
80801,MAGDALENA,desnutricion global,nutricion normal (n),2006-11-01,75,75,24,22,99,97,196
70903,MAIRANA,desnutricion global,nutricion normal (n),2006-11-01,78,73,31,18,109,91,200
20904,MALLA,desnutricion global,nutricion normal (n),2006-11-01,19,20,22,25,41,45,86
20607,MAPIRI,desnutricion global,nutricion normal (n),2006-11-01,134,135,68,64,202,199,401
20103,MECAPACA,desnutricion global,nutricion normal (n),2006-11-01,74,55,39,42,113,97,210
71003,MINEROS,desnutricion global,nutricion normal (n),2006-11-01,174,150,160,119,334,269,603
31301,MIZQUE,desnutricion global,nutricion normal (n),2006-11-01,184,188,100,100,284,288,572
20402,MOCOMOCO,desnutricion global,nutricion normal (n),2006-11-01,76,71,46,42,122,113,235
51002,MOJINETE,desnutricion global,nutricion normal (n),2006-11-01,2,5,17,9,19,14,33
10303,MOJOCOYA,desnutricion global,nutricion normal (n),2006-11-01,77,67,113,92,190,159,349
10501,MONTEAGUDO,desnutricion global,nutricion normal (n),2006-11-01,228,229,262,217,490,446,936
71001,MONTERO,desnutricion global,nutricion normal (n),2006-11-01,1054,941,671,597,1725,1538,3263
70803,MORO MORO,desnutricion global,nutricion normal (n),2006-11-01,20,13,25,21,45,34,79
30302,MOROCHATA,desnutricion global,nutricion normal (n),2006-11-01,109,97,103,101,212,198,410
90401,NACEBE (SANTA ROSA DEL ABUNA),desnutricion global,nutricion normal (n),2006-11-01,11,8,12,13,23,21,44
50404,OCURI,desnutricion global,nutricion normal (n),2006-11-01,171,160,129,124,300,284,584
70202,OKINAWA,desnutricion global,nutricion normal (n),2006-11-01,147,131,121,109,268,240,508
30203,OMEREQUE,desnutricion global,nutricion normal (n),2006-11-01,62,48,42,34,104,82,186
40101,ORURO,desnutricion global,nutricion normal (n),2006-11-01,1385,1255,634,705,2019,1960,3979
60201,PADCAYA,desnutricion global,nutricion normal (n),2006-11-01,101,121,100,107,201,228,429
10401,PADILLA,desnutricion global,nutricion normal (n),2006-11-01,158,154,217,200,375,354,729
70502,PAILON,desnutricion global,nutricion normal (n),2006-11-01,7,247,165,17,172,264,436
20102,PALCA,desnutricion global,nutricion normal (n),2006-11-01,71,81,24,16,95,97,192
21104,PALOS BLANCOS,desnutricion global,nutricion normal (n),2006-11-01,176,174,127,121,303,295,598
40802,PAMPA AULLAGAS,desnutricion global,nutricion normal (n),2006-11-01,26,31,15,15,41,46,87
70902,PAMPA GRANDE,desnutricion global,nutricion normal (n),2006-11-01,48,49,22,21,70,70,140
21802,PAPEL PAMPA,desnutricion global,nutricion normal (n),2006-11-01,40,30,22,33,62,63,125
30202,PASORAPA,desnutricion global,nutricion normal (n),2006-11-01,17,20,24,21,41,41,82
21305,PATACAMAYA,desnutricion global,nutricion normal (n),2006-11-01,183,173,80,81,263,254,517
40602,PAZÑA,desnutricion global,nutricion normal (n),2006-11-01,49,28,18,31,67,59,126
20702,PELECHUCO,desnutricion global,nutricion normal (n),2006-11-01,35,34,14,17,49,51,100
50403,POCOATA,desnutricion global,nutricion normal (n),2006-11-01,163,129,184,165,347,294,641
31203,POCONA,desnutricion global,nutricion normal (n),2006-11-01,65,62,39,51,104,113,217
31202,POJO (CBBA),desnutricion global,nutricion normal (n),2006-11-01,148,129,47,74,195,203,398
40601,POOPO,desnutricion global,nutricion normal (n),2006-11-01,68,62,26,18,94,80,174
51203,PORCO,desnutricion global,nutricion normal (n),2006-11-01,54,63,40,18,94,81,175
10103,POROMA,desnutricion global,nutricion normal (n),2006-11-01,158,132,160,123,318,255,573
70103,PORONGO,desnutricion global,nutricion normal (n),2006-11-01,52,48,60,61,112,109,221
70601,PORTACHUELO,desnutricion global,nutricion normal (n),2006-11-01,212,189,195,165,407,354,761
90102,PORVENIR,desnutricion global,nutricion normal (n),2006-11-01,46,62,38,41,84,103,187
70804,POSTRER VALLE,desnutricion global,nutricion normal (n),2006-11-01,12,14,12,15,24,29,53
50101,POTOSI,desnutricion global,nutricion normal (n),2006-11-01,1007,815,410,382,1417,1197,2614
10302,PRESTO,desnutricion global,nutricion normal (n),2006-11-01,85,77,115,101,200,178,378
70805,PUCARA,desnutricion global,nutricion normal (n),2006-11-01,15,13,7,6,22,19,41
21201,PUCARANI,desnutricion global,nutricion normal (n),2006-11-01,182,185,120,99,302,284,586
20401,PUERTO ACOSTA,desnutricion global,nutricion normal (n),2006-11-01,146,134,140,196,286,330,616
20403,PUERTO CARABUCO,desnutricion global,nutricion normal (n),2006-11-01,130,138,106,117,236,255,491
90301,PUERTO GONZALO MORENO,desnutricion global,nutricion normal (n),2006-11-01,44,44,31,38,75,82,157
21204,PUERTO PEREZ,desnutricion global,nutricion normal (n),2006-11-01,59,36,43,29,102,65,167
71402,PUERTO QUIJARRO,desnutricion global,nutricion normal (n),2006-11-01,87,90,41,42,128,132,260
90201,PUERTO RICO,desnutricion global,nutricion normal (n),2006-11-01,7,5,9,6,16,11,27
80703,PUERTO SILES,desnutricion global,nutricion normal (n),2006-11-01,23,26,40,51,63,77,140
71401,PUERTO SUAREZ,desnutricion global,nutricion normal (n),2006-11-01,75,67,35,27,110,94,204
31205,PUERTO VILLARROEL,desnutricion global,nutricion normal (n),2006-11-01,321,343,225,150,546,493,1039
51101,PUNA,desnutricion global,nutricion normal (n),2006-11-01,282,196,223,141,505,337,842
31401,PUNATA,desnutricion global,nutricion normal (n),2006-11-01,283,258,104,90,387,348,735
20604,QUIABAYA,desnutricion global,nutricion normal (n),2006-11-01,18,15,5,5,23,20,43
30901,QUILLACOLLO,desnutricion global,nutricion normal (n),2006-11-01,738,1010,394,308,1132,1318,2450
21002,QUIME,desnutricion global,nutricion normal (n),2006-11-01,84,95,60,69,144,164,308
70904,QUIRUSILLAS,desnutricion global,nutricion normal (n),2006-11-01,16,13,19,13,35,26,61
50402,RAVELO,desnutricion global,nutricion normal (n),2006-11-01,190,170,182,165,372,335,707
80301,REYES,desnutricion global,nutricion normal (n),2006-11-01,85,102,54,72,139,174,313
80201,RIBERALTA,desnutricion global,nutricion normal (n),2006-11-01,1072,978,330,281,1402,1259,2661
70503,ROBORE,desnutricion global,nutricion normal (n),2006-11-01,148,123,98,87,246,210,456
80304,RURRENABAQUE,desnutricion global,nutricion normal (n),2006-11-01,96,96,29,33,125,129,254
40901,SABAYA,desnutricion global,nutricion normal (n),2006-11-01,28,25,15,4,43,29,72
31001,SACABA,desnutricion global,nutricion normal (n),2006-11-01,664,581,287,268,951,849,1800
30404,SACABAMBA,desnutricion global,nutricion normal (n),2006-11-01,38,12,14,11,52,23,75
50701,SACACA,desnutricion global,nutricion normal (n),2006-11-01,178,156,201,172,379,328,707
71302,SAIPINA,desnutricion global,nutricion normal (n),2006-11-01,36,37,57,47,93,84,177
40801,SALINAS DE GARCI MENDOZA,desnutricion global,nutricion normal (n),2006-11-01,80,60,59,56,139,116,255
70901,SAMAIPATA,desnutricion global,nutricion normal (n),2006-11-01,70,59,34,35,104,94,198
51601,SAN AGUSTIN,desnutricion global,nutricion normal (n),2006-11-01,21,26,30,30,51,56,107
80602,SAN ANDRES,desnutricion global,nutricion normal (n),2006-11-01,127,93,120,81,247,174,421
20805,SAN ANDRES DE MACHACA,desnutricion global,nutricion normal (n),2006-11-01,33,24,40,40,73,64,137
51003,SAN ANTONIO DE ESMORUCO,desnutricion global,nutricion normal (n),2006-11-01,15,12,10,8,25,20,45
71105,SAN ANTONIO DE LOMERIO,desnutricion global,nutricion normal (n),2006-11-01,83,61,71,69,154,130,284
31403,SAN BENITO,desnutricion global,nutricion normal (n),2006-11-01,134,88,51,38,185,126,311
80302,SAN BORJA,desnutricion global,nutricion normal (n),2006-11-01,401,374,220,174,621,548,1169
21502,SAN BUENA VENTURA,desnutricion global,nutricion normal (n),2006-11-01,98,165,74,84,172,249,421
70402,SAN CARLOS,desnutricion global,nutricion normal (n),2006-11-01,255,285,108,124,363,409,772
80501,SAN IGNACIO,desnutricion global,nutricion normal (n),2006-11-01,196,169,132,111,328,280,608
70301,SAN IGNACIO DE VELASCO,desnutricion global,nutricion normal (n),2006-11-01,477,460,366,335,843,795,1638
80102,SAN JAVIER(BNI),desnutricion global,nutricion normal (n),2006-11-01,22,19,25,29,47,48,95
80701,SAN JOAQUIN,desnutricion global,nutricion normal (n),2006-11-01,9,10,45,52,54,62,116
70501,SAN JOSE DE CHIQUITOS,desnutricion global,nutricion normal (n),2006-11-01,88,52,46,53,134,105,239
70404,SAN JUAN DE YAPACANI,desnutricion global,nutricion normal (n),2006-11-01,102,106,83,69,185,175,360
71104,SAN JULIAN,desnutricion global,nutricion normal (n),2006-11-01,153,134,185,189,338,323,661
90302,SAN LORENZO(PND),desnutricion global,nutricion normal (n),2006-11-01,13,25,12,26,25,51,76
60501,SAN LORENZO(TJA),desnutricion global,nutricion normal (n),2006-11-01,119,122,97,90,216,212,428
10702,SAN LUCAS,desnutricion global,nutricion normal (n),2006-11-01,398,386,363,404,761,790,1551
71201,SAN MATIAS,desnutricion global,nutricion normal (n),2006-11-01,122,109,86,68,208,177,385
70302,SAN MIGUEL DE VELASCO,desnutricion global,nutricion normal (n),2006-11-01,100,90,54,49,154,139,293
51001,SAN PABLO DE LIPEZ,desnutricion global,nutricion normal (n),2006-11-01,25,27,18,12,43,39,82
71005,SAN PEDRO,desnutricion global,nutricion normal (n),2006-11-01,122,108,95,83,217,191,408
50501,SAN PEDRO DE BUENA VISTA,desnutricion global,nutricion normal (n),2006-11-01,195,204,134,134,329,338,667
21801,SAN PEDRO DE CURAHUARA,desnutricion global,nutricion normal (n),2006-11-01,29,22,21,12,50,34,84
50902,SAN PEDRO DE QUEMES,desnutricion global,nutricion normal (n),2006-11-01,4,8,4,7,8,15,23
21702,SAN PEDRO DE TIQUINA,desnutricion global,nutricion normal (n),2006-11-01,28,40,33,25,61,65,126
90202,SAN PEDRO(PND),desnutricion global,nutricion normal (n),2006-11-01,14,6,13,14,27,20,47
70303,SAN RAFAEL,desnutricion global,nutricion normal (n),2006-11-01,55,54,48,39,103,93,196
80702,SAN RAMON,desnutricion global,nutricion normal (n),2006-11-01,35,26,26,22,61,48,109
80401,SANTA ANA,desnutricion global,nutricion normal (n),2006-11-01,90,99,48,50,138,149,287
70101,SANTA CRUZ DE LA SIERRA,desnutricion global,nutricion normal (n),2006-11-01,6488,5897,3009,3005,9497,8902,18399
80303,SANTA ROSA,desnutricion global,nutricion normal (n),2006-11-01,47,46,24,30,71,76,147
70602,SANTA ROSA DEL SARA,desnutricion global,nutricion normal (n),2006-11-01,184,180,237,206,421,386,807
20308,SANTIAGO DE CALLAPA,desnutricion global,nutricion normal (n),2006-11-01,31,35,15,13,46,48,94
41401,SANTIAGO DE HUARI,desnutricion global,nutricion normal (n),2006-11-01,66,44,80,59,146,103,249
21901,SANTIAGO DE MACHACA,desnutricion global,nutricion normal (n),2006-11-01,28,18,15,11,43,29,72
30702,SANTIVAÑES,desnutricion global,nutricion normal (n),2006-11-01,61,51,52,41,113,92,205
40202,SANTUARIO DE QUILLACAS,desnutricion global,nutricion normal (n),2006-11-01,22,20,24,22,46,42,88
20902,SAPAHAQUI,desnutricion global,nutricion normal (n),2006-11-01,71,69,74,69,145,138,283
90303,SENA,desnutricion global,nutricion normal (n),2006-11-01,61,59,46,49,107,108,215
21301,SICA SICA (VILLA AROMA),desnutricion global,nutricion normal (n),2006-11-01,145,111,58,70,203,181,384
30703,SICAYA,desnutricion global,nutricion normal (n),2006-11-01,15,15,18,11,33,26,59
30902,SIPE SIPE,desnutricion global,nutricion normal (n),2006-11-01,340,305,208,177,548,482,1030
10403,SOPACHUY,desnutricion global,nutricion normal (n),2006-11-01,130,96,104,87,234,183,417
40104,SORACACHI,desnutricion global,nutricion normal (n),2006-11-01,79,62,91,76,170,138,308
20601,SORATA,desnutricion global,nutricion normal (n),2006-11-01,65,73,48,59,113,132,245
10101,SUCRE,desnutricion global,nutricion normal (n),2006-11-01,1346,1300,1123,1123,2469,2423,4892
31404,TACACHI,desnutricion global,nutricion normal (n),2006-11-01,6,3,1,2,7,5,12
20603,TACACOMA,desnutricion global,nutricion normal (n),2006-11-01,43,43,31,34,74,77,151
50303,TACOBAMBA,desnutricion global,nutricion normal (n),2006-11-01,66,64,47,47,113,111,224
30602,TACOPAYA,desnutricion global,nutricion normal (n),2006-11-01,41,52,49,56,90,108,198
51402,TAHUA,desnutricion global,nutricion normal (n),2006-11-01,20,16,14,35,34,51,85
31101,TAPACARI,desnutricion global,nutricion normal (n),2006-11-01,192,177,142,110,334,287,621
10601,TARABUCO,desnutricion global,nutricion normal (n),2006-11-01,180,185,253,264,433,449,882
20807,TARACO,desnutricion global,nutricion normal (n),2006-11-01,40,32,39,45,79,77,156
30401,TARATA,desnutricion global,nutricion normal (n),2006-11-01,56,62,15,23,71,85,156
60101,TARIJA,desnutricion global,nutricion normal (n),2006-11-01,1075,1001,627,596,1702,1597,3299
10202,TARVITA,desnutricion global,nutricion normal (n),2006-11-01,245,206,229,223,474,429,903
20608,TEOPONTE,desnutricion global,nutricion normal (n),2006-11-01,63,63,47,42,110,105,215
20803,TIAWANACU,desnutricion global,nutricion normal (n),2006-11-01,96,106,54,52,150,158,308
50102,TINGUIPAYA,desnutricion global,nutricion normal (n),2006-11-01,94,136,94,98,188,234,422
20606,TIPUANI,desnutricion global,nutricion normal (n),2006-11-01,34,52,14,9,48,61,109
30903,TIQUIPAYA,desnutricion global,nutricion normal (n),2006-11-01,246,168,105,78,351,246,597
31601,TIRAQUE (CBBA),desnutricion global,nutricion normal (n),2006-11-01,193,210,130,168,323,378,701
21703,TITO YUPANQUI (PARQUIPUJIO),desnutricion global,nutricion normal (n),2006-11-01,2,5,12,10,14,15,29
30802,TOCO,desnutricion global,nutricion normal (n),2006-11-01,2,0,1,1,3,1,4
30803,TOLATA,desnutricion global,nutricion normal (n),2006-11-01,12,4,6,4,18,8,26
41001,TOLEDO,desnutricion global,nutricion normal (n),2006-11-01,44,41,45,50,89,91,180
51202,TOMAVE,desnutricion global,nutricion normal (n),2006-11-01,52,107,36,71,88,178,266
10402,TOMINA,desnutricion global,nutricion normal (n),2006-11-01,118,97,125,99,243,196,439
50502,TORO TORO,desnutricion global,nutricion normal (n),2006-11-01,83,94,70,81,153,175,328
31201,TOTORA(CBBA),desnutricion global,nutricion normal (n),2006-11-01,106,61,48,37,154,98,252
41301,TOTORA(ORR),desnutricion global,nutricion normal (n),2006-11-01,33,36,23,32,56,68,124
70802,TRIGAL,desnutricion global,nutricion normal (n),2006-11-01,22,13,21,16,43,29,72
80101,TRINIDAD,desnutricion global,nutricion normal (n),2006-11-01,505,339,221,197,726,536,1262
50801,TUPIZA,desnutricion global,nutricion normal (n),2006-11-01,317,288,328,299,645,587,1232
40402,TURCO,desnutricion global,nutricion normal (n),2006-11-01,27,19,44,19,71,38,109
21302,UMALA,desnutricion global,nutricion normal (n),2006-11-01,32,20,33,27,65,47,112
50201,UNCIA,desnutricion global,nutricion normal (n),2006-11-01,194,133,104,117,298,250,548
60401,URIONDO (A. CONCEPCION),desnutricion global,nutricion normal (n),2006-11-01,139,131,88,117,227,248,475
71502,URUBICHA,desnutricion global,nutricion normal (n),2006-11-01,1,4,1,2,2,6,8
51201,UYUNI,desnutricion global,nutricion normal (n),2006-11-01,404,372,275,303,679,675,1354
30502,VACAS,desnutricion global,nutricion normal (n),2006-11-01,64,57,55,36,119,93,212
70801,VALLEGRANDE,desnutricion global,nutricion normal (n),2006-11-01,119,124,88,82,207,206,413
20801,VIACHA,desnutricion global,nutricion normal (n),2006-11-01,192,173,133,117,325,290,615
31302,VILA VILA,desnutricion global,nutricion normal (n),2006-11-01,26,15,16,20,42,35,77
60303,VILLA MONTES,desnutricion global,nutricion normal (n),2006-11-01,90,72,106,93,196,165,361
90502,VILLA NUEVA (LOMA ALTA),desnutricion global,nutricion normal (n),2006-11-01,5,3,5,3,10,6,16
31402,VILLA RIVERO,desnutricion global,nutricion normal (n),2006-11-01,25,30,19,33,44,63,107
10801,VILLA SERRANO,desnutricion global,nutricion normal (n),2006-11-01,155,144,204,179,359,323,682
31003,VILLA TUNARI,desnutricion global,nutricion normal (n),2006-11-01,500,463,298,246,798,709,1507
11001,VILLA VACA GUZMAN (MUYUPAMPA),desnutricion global,nutricion normal (n),2006-11-01,121,154,161,183,282,337,619
51501,VILLAZON,desnutricion global,nutricion normal (n),2006-11-01,258,251,165,168,423,419,842
30904,VINTO,desnutricion global,nutricion normal (n),2006-11-01,136,106,37,21,173,127,300
50602,VITICHI,desnutricion global,nutricion normal (n),2006-11-01,103,85,90,75,193,160,353
20306,WALDO BALLIVIAN,desnutricion global,nutricion normal (n),2006-11-01,6,11,6,3,12,14,26
70201,WARNES,desnutricion global,nutricion normal (n),2006-11-01,400,400,212,245,612,645,1257
20903,YACO,desnutricion global,nutricion normal (n),2006-11-01,49,42,31,34,80,76,156
60301,YACUIBA,desnutricion global,nutricion normal (n),2006-11-01,383,358,181,179,564,537,1101
10602,YAMPARAEZ,desnutricion global,nutricion normal (n),2006-11-01,108,108,170,136,278,244,522
21103,YANACACHI,desnutricion global,nutricion normal (n),2006-11-01,23,33,22,21,45,54,99
70403,YAPACANI,desnutricion global,nutricion normal (n),2006-11-01,374,360,188,166,562,526,1088
50103,YOCALLA,desnutricion global,nutricion normal (n),2006-11-01,32,23,26,22,58,45,103
10102,YOTALA,desnutricion global,nutricion normal (n),2006-11-01,87,70,109,109,196,179,375
60402,YUNCHARA,desnutricion global,nutricion normal (n),2006-11-01,37,46,54,57,91,103,194
10301,ZUDAÑEZ,desnutricion global,nutricion normal (n),2006-11-01,107,75,120,106,227,181,408
51302,ACACIO,desnutricion global,nutricion normal (n),2006-12-01,64,67,58,69,122,136,258
20201,ACHACACHI,desnutricion global,nutricion normal (n),2006-12-01,143,156,159,142,302,298,600
20104,ACHOCALLA,desnutricion global,nutricion normal (n),2006-12-01,41,46,10,10,51,56,107
30201,AIQUILE,desnutricion global,nutricion normal (n),2006-12-01,40,28,27,26,67,54,121
31303,ALALAY,desnutricion global,nutricion normal (n),2006-12-01,2,0,0,0,2,0,2
10404,ALCALA,desnutricion global,nutricion normal (n),2006-12-01,33,39,34,32,67,71,138
20202,ANCORAIMES,desnutricion global,nutricion normal (n),2006-12-01,71,47,43,37,114,84,198
41201,ANDAMARCA,desnutricion global,nutricion normal (n),2006-12-01,13,6,20,21,33,27,60
40603,ANTEQUERA,desnutricion global,nutricion normal (n),2006-12-01,34,30,16,15,50,45,95
30402,ANZALDO,desnutricion global,nutricion normal (n),2006-12-01,17,17,15,11,32,28,60
20701,APOLO,desnutricion global,nutricion normal (n),2006-12-01,95,87,86,81,181,168,349
51301,ARAMPAMPA,desnutricion global,nutricion normal (n),2006-12-01,59,66,65,81,124,147,271
30501,ARANI,desnutricion global,nutricion normal (n),2006-12-01,23,19,19,8,42,27,69
30403,ARBIETO,desnutricion global,nutricion normal (n),2006-12-01,32,27,24,21,56,48,104
30601,ARQUE,desnutricion global,nutricion normal (n),2006-12-01,79,80,51,43,130,123,253
71501,ASCENCION DE GUARAYOS,desnutricion global,nutricion normal (n),2006-12-01,172,215,165,160,337,375,712
50802,ATOCHA,desnutricion global,nutricion normal (n),2006-12-01,67,57,53,51,120,108,228
20503,AUCAPATA,desnutricion global,nutricion normal (n),2006-12-01,19,24,29,25,48,49,97
20502,AYATA,desnutricion global,nutricion normal (n),2006-12-01,74,46,41,30,115,76,191
21303,AYO AYO,desnutricion global,nutricion normal (n),2006-12-01,25,23,19,8,44,31,75
30301,AYOPAYA (V. DE INDEPENDENCIA),desnutricion global,nutricion normal (n),2006-12-01,686,165,102,86,788,251,1039
10201,AZURDUY,desnutricion global,nutricion normal (n),2006-12-01,198,169,195,135,393,304,697
21203,BATALLAS,desnutricion global,nutricion normal (n),2006-12-01,108,109,52,52,160,161,321
80802,BAURES,desnutricion global,nutricion normal (n),2006-12-01,25,29,24,31,49,60,109
41202,BELEN DE ANDAMARCA,desnutricion global,nutricion normal (n),2006-12-01,2,6,1,3,3,9,12
50104,BELEN DE URMIRI,desnutricion global,nutricion normal (n),2006-12-01,12,20,7,9,19,29,48
90104,BELLA FLOR,desnutricion global,nutricion normal (n),2006-12-01,24,16,19,19,43,35,78
60202,BERMEJO,desnutricion global,nutricion normal (n),2006-12-01,46,32,9,12,55,44,99
50301,BETANZOS,desnutricion global,nutricion normal (n),2006-12-01,212,185,201,194,413,379,792
31501,BOLIVAR,desnutricion global,nutricion normal (n),2006-12-01,64,42,60,76,124,118,242
90103,BOLPEBRA,desnutricion global,nutricion normal (n),2006-12-01,13,4,10,11,23,15,38
70707,BOYUIBE,desnutricion global,nutricion normal (n),2006-12-01,37,17,31,31,68,48,116
70401,BUENA VISTA,desnutricion global,nutricion normal (n),2006-12-01,124,126,81,96,205,222,427
70703,CABEZAS,desnutricion global,nutricion normal (n),2006-12-01,105,92,78,53,183,145,328
20905,CAIROMA,desnutricion global,nutricion normal (n),2006-12-01,69,71,39,47,108,118,226
51102,"CAIZA ""D""",desnutricion global,nutricion normal (n),2006-12-01,50,61,77,82,127,143,270
21003,CAJUATA,desnutricion global,nutricion normal (n),2006-12-01,59,62,32,34,91,96,187
20303,CALACOTO,desnutricion global,nutricion normal (n),2006-12-01,26,28,23,19,49,47,96
21304,CALAMARCA,desnutricion global,nutricion normal (n),2006-12-01,88,98,47,54,135,152,287
10701,CAMARGO,desnutricion global,nutricion normal (n),2006-12-01,136,144,123,84,259,228,487
10901,CAMATAQUI (C. VILLA ABECIA),desnutricion global,nutricion normal (n),2006-12-01,29,38,30,24,59,62,121
70706,CAMIRI,desnutricion global,nutricion normal (n),2006-12-01,167,145,136,100,303,245,548
30701,CAPINOTA,desnutricion global,nutricion normal (n),2006-12-01,54,42,23,22,77,64,141
20302,CAQUIAVIRI,desnutricion global,nutricion normal (n),2006-12-01,37,47,20,23,57,70,127
40102,CARACOLLO,desnutricion global,nutricion normal (n),2006-12-01,85,82,36,33,121,115,236
22001,CARANAVI,desnutricion global,nutricion normal (n),2006-12-01,311,328,172,156,483,484,967
41503,CARANGAS,desnutricion global,nutricion normal (n),2006-12-01,2,2,2,3,4,5,9
60302,CARAPARI,desnutricion global,nutricion normal (n),2006-12-01,73,67,63,62,136,129,265
50702,CARIPUYO,desnutricion global,nutricion normal (n),2006-12-01,67,70,113,82,180,152,332
71403,CARMEN RIVERO TORREZ,desnutricion global,nutricion normal (n),2006-12-01,24,14,7,15,31,29,60
21902,CATACORA,desnutricion global,nutricion normal (n),2006-12-01,1,3,2,0,3,3,6
21803,CHACARILLA,desnutricion global,nutricion normal (n),2006-12-01,10,9,4,20,14,29,43
40201,CHALLAPATA,desnutricion global,nutricion normal (n),2006-12-01,144,119,101,109,245,228,473
50302,CHAQUI,desnutricion global,nutricion normal (n),2006-12-01,46,38,54,50,100,88,188
70702,CHARAGUA,desnutricion global,nutricion normal (n),2006-12-01,206,189,144,157,350,346,696
20305,CHARAÑA,desnutricion global,nutricion normal (n),2006-12-01,11,15,8,11,19,26,45
50202,CHAYANTA,desnutricion global,nutricion normal (n),2006-12-01,87,105,92,96,179,201,380
31204,CHIMORE,desnutricion global,nutricion normal (n),2006-12-01,26,21,29,21,55,42,97
40903,CHIPAYA,desnutricion global,nutricion normal (n),2006-12-01,8,8,9,6,17,14,31
40302,CHOQUE COTA,desnutricion global,nutricion normal (n),2006-12-01,8,5,3,3,11,8,19
21101,CHULUMANI (V. DE LA LIBERTAD),desnutricion global,nutricion normal (n),2006-12-01,39,39,13,16,52,55,107
20501,CHUMA,desnutricion global,nutricion normal (n),2006-12-01,54,52,29,29,83,81,164
30801,CLIZA,desnutricion global,nutricion normal (n),2006-12-01,119,98,42,35,161,133,294
90101,COBIJA,desnutricion global,nutricion normal (n),2006-12-01,237,206,114,113,351,319,670
30101,COCHABAMBA,desnutricion global,nutricion normal (n),2006-12-01,1414,1233,654,610,2068,1843,3911
40902,COIPASA,desnutricion global,nutricion normal (n),2006-12-01,0,1,1,1,1,2,3
30905,COLCAPIRHUA,desnutricion global,nutricion normal (n),2006-12-01,169,139,82,73,251,212,463
50901,"COLCHA ""K""",desnutricion global,nutricion normal (n),2006-12-01,86,66,94,89,180,155,335
21307,COLLANA,desnutricion global,nutricion normal (n),2006-12-01,13,14,6,6,19,20,39
31002,COLOMI,desnutricion global,nutricion normal (n),2006-12-01,165,110,51,65,216,175,391
70603,COLPA BELGICA,desnutricion global,nutricion normal (n),2006-12-01,39,35,22,19,61,54,115
50401,COLQUECHACA,desnutricion global,nutricion normal (n),2006-12-01,163,126,147,129,310,255,565
21306,COLQUENCHA,desnutricion global,nutricion normal (n),2006-12-01,55,45,42,60,97,105,202
21004,COLQUIRI,desnutricion global,nutricion normal (n),2006-12-01,88,95,60,67,148,162,310
20304,COMANCHE,desnutricion global,nutricion normal (n),2006-12-01,14,11,4,4,18,15,33
71301,COMARAPA,desnutricion global,nutricion normal (n),2006-12-01,63,75,42,49,105,124,229
20605,COMBAYA,desnutricion global,nutricion normal (n),2006-12-01,3,4,9,4,12,8,20
71101,CONCEPCION,desnutricion global,nutricion normal (n),2006-12-01,94,66,32,30,126,96,222
21701,COPACABANA,desnutricion global,nutricion normal (n),2006-12-01,58,75,60,54,118,129,247
21402,CORIPATA,desnutricion global,nutricion normal (n),2006-12-01,87,98,66,69,153,167,320
20301,CORO CORO,desnutricion global,nutricion normal (n),2006-12-01,28,42,21,32,49,74,123
21401,COROICO,desnutricion global,nutricion normal (n),2006-12-01,72,62,44,37,116,99,215
40301,CORQUE,desnutricion global,nutricion normal (n),2006-12-01,20,23,23,21,43,44,87
50601,COTAGAITA,desnutricion global,nutricion normal (n),2006-12-01,186,188,162,117,348,305,653
70102,COTOCA,desnutricion global,nutricion normal (n),2006-12-01,213,165,89,67,302,232,534
71106,CUATRO CAÑADAS,desnutricion global,nutricion normal (n),2006-12-01,68,58,59,48,127,106,233
31405,CUCHUMUELA (V. G. VILLARROEL),desnutricion global,nutricion normal (n),2006-12-01,9,8,6,6,15,14,29
10902,CULPINA,desnutricion global,nutricion normal (n),2006-12-01,175,179,160,157,335,336,671
40401,CURAHUARA DE CARANGAS,desnutricion global,nutricion normal (n),2006-12-01,32,27,34,26,66,53,119
21602,CURVA,desnutricion global,nutricion normal (n),2006-12-01,13,11,11,9,24,20,44
20804,DESAGUADERO,desnutricion global,nutricion normal (n),2006-12-01,43,34,24,11,67,45,112
20105,EL ALTO,desnutricion global,nutricion normal (n),2006-12-01,3135,2697,1330,1458,4465,4155,8620
40103,EL CHORO,desnutricion global,nutricion normal (n),2006-12-01,16,8,10,8,26,16,42
71503,EL PUENTE(STC),desnutricion global,nutricion normal (n),2006-12-01,112,122,69,81,181,203,384
60502,EL PUENTE(TJA),desnutricion global,nutricion normal (n),2006-12-01,53,42,82,63,135,105,240
70105,EL TORNO,desnutricion global,nutricion normal (n),2006-12-01,143,179,74,86,217,265,482
10405,EL VILLAR,desnutricion global,nutricion normal (n),2006-12-01,81,65,73,67,154,132,286
60601,ENTRE RIOS,desnutricion global,nutricion normal (n),2006-12-01,147,146,133,144,280,290,570
60601,ENTRE RIOS,desnutricion global,nutricion normal (n),2006-12-01,98,102,107,85,205,187,392
40502,ESCARA,desnutricion global,nutricion normal (n),2006-12-01,0,0,1,0,1,0,1
40505,ESMERALDA,desnutricion global,nutricion normal (n),2006-12-01,3,4,7,3,10,7,17
41101,EUCALIPTUS,desnutricion global,nutricion normal (n),2006-12-01,26,22,11,13,37,35,72
90503,EUREKA (SANTOS MERCADO),desnutricion global,nutricion normal (n),2006-12-01,4,12,5,9,9,21,30
80402,EXALTACION,desnutricion global,nutricion normal (n),2006-12-01,8,9,5,11,13,20,33
71004,FERNANDEZ ALONSO,desnutricion global,nutricion normal (n),2006-12-01,69,67,52,69,121,136,257
90203,FILADELFIA,desnutricion global,nutricion normal (n),2006-12-01,8,15,16,15,24,30,54
71002,GENERAL SAAVEDRA,desnutricion global,nutricion normal (n),2006-12-01,136,125,122,101,258,226,484
21601,GRAL. J.J. PEREZ (CHARAZANI),desnutricion global,nutricion normal (n),2006-12-01,32,30,24,25,56,55,111
20602,GUANAY,desnutricion global,nutricion normal (n),2006-12-01,61,73,89,57,150,130,280
20802,GUAQUI,desnutricion global,nutricion normal (n),2006-12-01,41,41,26,16,67,57,124
80202,GUAYARAMERIN,desnutricion global,nutricion normal (n),2006-12-01,221,202,125,145,346,347,693
70705,GUTIERREZ,desnutricion global,nutricion normal (n),2006-12-01,108,133,143,121,251,254,505
10502,HUACARETA,desnutricion global,nutricion normal (n),2006-12-01,104,67,105,80,209,147,356
11002,HUACAYA (VILLA DE HUACAYA),desnutricion global,nutricion normal (n),2006-12-01,19,22,35,34,54,56,110
40501,HUACHACALLA,desnutricion global,nutricion normal (n),2006-12-01,5,6,13,4,18,10,28
40701,HUANUNI,desnutricion global,nutricion normal (n),2006-12-01,152,134,66,52,218,186,404
80803,HUARACAJE,desnutricion global,nutricion normal (n),2006-12-01,10,10,25,20,35,30,65
41601,HUAYLLAMARCA,desnutricion global,nutricion normal (n),2006-12-01,15,18,5,3,20,21,41
21005,ICHOCA,desnutricion global,nutricion normal (n),2006-12-01,26,22,22,20,48,42,90
10304,ICLA,desnutricion global,nutricion normal (n),2006-12-01,93,80,127,99,220,179,399
10703,INCAHUASI,desnutricion global,nutricion normal (n),2006-12-01,220,212,183,183,403,395,798
90402,INGAVI (HUMAITA),desnutricion global,nutricion normal (n),2006-12-01,3,4,9,4,12,8,20
21001,INQUISIVI,desnutricion global,nutricion normal (n),2006-12-01,90,101,110,81,200,182,382
21102,IRUPANA (VILLA DE LANZA),desnutricion global,nutricion normal (n),2006-12-01,96,119,84,96,180,215,395
21501,IXIAMAS,desnutricion global,nutricion normal (n),2006-12-01,54,72,60,39,114,111,225
20806,JESUS DE MACHACA,desnutricion global,nutricion normal (n),2006-12-01,70,59,45,50,115,109,224
21105,LA ASUNTA,desnutricion global,nutricion normal (n),2006-12-01,101,79,43,42,144,121,265
70104,LA GUARDIA,desnutricion global,nutricion normal (n),2006-12-01,282,309,131,141,413,450,863
20101,LA PAZ,desnutricion global,nutricion normal (n),2006-12-01,2612,2343,1109,1017,3721,3360,7081
41501,LA RIVERA,desnutricion global,nutricion normal (n),2006-12-01,1,3,1,4,2,7,9
70701,LAGUNILLAS,desnutricion global,nutricion normal (n),2006-12-01,47,54,53,65,100,119,219
21202,LAJA,desnutricion global,nutricion normal (n),2006-12-01,106,129,62,54,168,183,351
10903,LAS CARRERAS,desnutricion global,nutricion normal (n),2006-12-01,46,39,43,34,89,73,162
21006,LICOMA PAMPA,desnutricion global,nutricion normal (n),2006-12-01,10,12,9,12,19,24,43
50203,LLALLAGUA,desnutricion global,nutricion normal (n),2006-12-01,196,187,134,116,330,303,633
51401,LLICA,desnutricion global,nutricion normal (n),2006-12-01,32,34,56,43,88,77,165
80601,LORETO,desnutricion global,nutricion normal (n),2006-12-01,20,10,10,14,30,24,54
20901,LURIBAY,desnutricion global,nutricion normal (n),2006-12-01,53,62,69,40,122,102,224
40702,MACHACAMARCA,desnutricion global,nutricion normal (n),2006-12-01,17,9,5,12,22,21,43
11003,MACHARETI,desnutricion global,nutricion normal (n),2006-12-01,103,77,134,139,237,216,453
80801,MAGDALENA,desnutricion global,nutricion normal (n),2006-12-01,106,65,81,62,187,127,314
70903,MAIRANA,desnutricion global,nutricion normal (n),2006-12-01,63,71,52,42,115,113,228
20904,MALLA,desnutricion global,nutricion normal (n),2006-12-01,12,14,28,18,40,32,72
20607,MAPIRI,desnutricion global,nutricion normal (n),2006-12-01,121,114,43,32,164,146,310
20103,MECAPACA,desnutricion global,nutricion normal (n),2006-12-01,56,40,25,27,81,67,148
71003,MINEROS,desnutricion global,nutricion normal (n),2006-12-01,174,157,96,89,270,246,516
31301,MIZQUE,desnutricion global,nutricion normal (n),2006-12-01,101,95,66,61,167,156,323
20402,MOCOMOCO,desnutricion global,nutricion normal (n),2006-12-01,72,57,54,57,126,114,240
51002,MOJINETE,desnutricion global,nutricion normal (n),2006-12-01,3,2,2,3,5,5,10
10303,MOJOCOYA,desnutricion global,nutricion normal (n),2006-12-01,69,60,125,95,194,155,349
10501,MONTEAGUDO,desnutricion global,nutricion normal (n),2006-12-01,181,206,217,172,398,378,776
71001,MONTERO,desnutricion global,nutricion normal (n),2006-12-01,796,644,446,402,1242,1046,2288
70803,MORO MORO,desnutricion global,nutricion normal (n),2006-12-01,33,12,31,17,64,29,93
30302,MOROCHATA,desnutricion global,nutricion normal (n),2006-12-01,87,67,64,65,151,132,283
90401,NACEBE (SANTA ROSA DEL ABUNA),desnutricion global,nutricion normal (n),2006-12-01,7,3,2,1,9,4,13
20307,NAZACARA DE PACAJES,desnutricion global,nutricion normal (n),2006-12-01,1,1,1,2,2,3,5
90501,NUEVO MANOA (NUEVA ESPERANZA),desnutricion global,nutricion normal (n),2006-12-01,1,4,6,3,7,7,14
50404,OCURI,desnutricion global,nutricion normal (n),2006-12-01,154,149,128,136,282,285,567
70202,OKINAWA,desnutricion global,nutricion normal (n),2006-12-01,112,98,55,45,167,143,310
30203,OMEREQUE,desnutricion global,nutricion normal (n),2006-12-01,33,21,21,13,54,34,88
40101,ORURO,desnutricion global,nutricion normal (n),2006-12-01,956,903,431,448,1387,1351,2738
60201,PADCAYA,desnutricion global,nutricion normal (n),2006-12-01,92,74,66,68,158,142,300
10401,PADILLA,desnutricion global,nutricion normal (n),2006-12-01,151,155,190,188,341,343,684
70502,PAILON,desnutricion global,nutricion normal (n),2006-12-01,53,121,96,45,149,166,315
20102,PALCA,desnutricion global,nutricion normal (n),2006-12-01,44,55,21,24,65,79,144
21104,PALOS BLANCOS,desnutricion global,nutricion normal (n),2006-12-01,73,74,36,40,109,114,223
40802,PAMPA AULLAGAS,desnutricion global,nutricion normal (n),2006-12-01,33,27,16,19,49,46,95
70902,PAMPA GRANDE,desnutricion global,nutricion normal (n),2006-12-01,35,39,19,9,54,48,102
21802,PAPEL PAMPA,desnutricion global,nutricion normal (n),2006-12-01,28,41,11,9,39,50,89
30202,PASORAPA,desnutricion global,nutricion normal (n),2006-12-01,23,21,15,17,38,38,76
21305,PATACAMAYA,desnutricion global,nutricion normal (n),2006-12-01,121,98,46,33,167,131,298
40602,PAZÑA,desnutricion global,nutricion normal (n),2006-12-01,26,21,33,45,59,66,125
20702,PELECHUCO,desnutricion global,nutricion normal (n),2006-12-01,37,24,7,25,44,49,93
50403,POCOATA,desnutricion global,nutricion normal (n),2006-12-01,165,152,211,220,376,372,748
31203,POCONA,desnutricion global,nutricion normal (n),2006-12-01,38,27,21,20,59,47,106
31202,POJO (CBBA),desnutricion global,nutricion normal (n),2006-12-01,32,30,14,20,46,50,96
40601,POOPO,desnutricion global,nutricion normal (n),2006-12-01,23,15,15,18,38,33,71
51203,PORCO,desnutricion global,nutricion normal (n),2006-12-01,35,51,40,25,75,76,151
10103,POROMA,desnutricion global,nutricion normal (n),2006-12-01,72,75,50,44,122,119,241
70103,PORONGO,desnutricion global,nutricion normal (n),2006-12-01,46,39,22,30,68,69,137
70601,PORTACHUELO,desnutricion global,nutricion normal (n),2006-12-01,97,112,81,87,178,199,377
90102,PORVENIR,desnutricion global,nutricion normal (n),2006-12-01,66,50,44,42,110,92,202
70804,POSTRER VALLE,desnutricion global,nutricion normal (n),2006-12-01,5,7,3,9,8,16,24
50101,POTOSI,desnutricion global,nutricion normal (n),2006-12-01,766,564,288,200,1054,764,1818
10302,PRESTO,desnutricion global,nutricion normal (n),2006-12-01,7,7,19,13,26,20,46
70805,PUCARA,desnutricion global,nutricion normal (n),2006-12-01,12,14,11,11,23,25,48
21201,PUCARANI,desnutricion global,nutricion normal (n),2006-12-01,137,149,132,125,269,274,543
20401,PUERTO ACOSTA,desnutricion global,nutricion normal (n),2006-12-01,69,59,81,79,150,138,288
20403,PUERTO CARABUCO,desnutricion global,nutricion normal (n),2006-12-01,63,78,31,28,94,106,200
90301,PUERTO GONZALO MORENO,desnutricion global,nutricion normal (n),2006-12-01,47,44,23,19,70,63,133
21204,PUERTO PEREZ,desnutricion global,nutricion normal (n),2006-12-01,26,23,17,18,43,41,84
71402,PUERTO QUIJARRO,desnutricion global,nutricion normal (n),2006-12-01,78,61,27,19,105,80,185
90201,PUERTO RICO,desnutricion global,nutricion normal (n),2006-12-01,15,17,16,11,31,28,59
80703,PUERTO SILES,desnutricion global,nutricion normal (n),2006-12-01,12,4,11,5,23,9,32
71401,PUERTO SUAREZ,desnutricion global,nutricion normal (n),2006-12-01,51,52,24,25,75,77,152
31205,PUERTO VILLARROEL,desnutricion global,nutricion normal (n),2006-12-01,210,221,116,132,326,353,679
51101,PUNA,desnutricion global,nutricion normal (n),2006-12-01,221,166,205,156,426,322,748
31401,PUNATA,desnutricion global,nutricion normal (n),2006-12-01,193,254,69,67,262,321,583
20604,QUIABAYA,desnutricion global,nutricion normal (n),2006-12-01,23,21,16,17,39,38,77
30901,QUILLACOLLO,desnutricion global,nutricion normal (n),2006-12-01,585,567,329,207,914,774,1688
21002,QUIME,desnutricion global,nutricion normal (n),2006-12-01,53,57,71,63,124,120,244
70904,QUIRUSILLAS,desnutricion global,nutricion normal (n),2006-12-01,13,6,9,10,22,16,38
50402,RAVELO,desnutricion global,nutricion normal (n),2006-12-01,164,133,154,130,318,263,581
80301,REYES,desnutricion global,nutricion normal (n),2006-12-01,57,63,51,38,108,101,209
80201,RIBERALTA,desnutricion global,nutricion normal (n),2006-12-01,935,817,298,223,1233,1040,2273
70503,ROBORE,desnutricion global,nutricion normal (n),2006-12-01,91,84,59,55,150,139,289
80304,RURRENABAQUE,desnutricion global,nutricion normal (n),2006-12-01,73,71,37,25,110,96,206
40901,SABAYA,desnutricion global,nutricion normal (n),2006-12-01,34,18,12,14,46,32,78
31001,SACABA,desnutricion global,nutricion normal (n),2006-12-01,425,416,99,112,524,528,1052
30404,SACABAMBA,desnutricion global,nutricion normal (n),2006-12-01,15,13,8,8,23,21,44
50701,SACACA,desnutricion global,nutricion normal (n),2006-12-01,189,175,271,223,460,398,858
71302,SAIPINA,desnutricion global,nutricion normal (n),2006-12-01,24,18,29,36,53,54,107
40801,SALINAS DE GARCI MENDOZA,desnutricion global,nutricion normal (n),2006-12-01,68,65,43,46,111,111,222
70901,SAMAIPATA,desnutricion global,nutricion normal (n),2006-12-01,81,58,55,54,136,112,248
51601,SAN AGUSTIN,desnutricion global,nutricion normal (n),2006-12-01,8,4,13,16,21,20,41
80602,SAN ANDRES,desnutricion global,nutricion normal (n),2006-12-01,42,58,42,32,84,90,174
20805,SAN ANDRES DE MACHACA,desnutricion global,nutricion normal (n),2006-12-01,19,15,16,13,35,28,63
51003,SAN ANTONIO DE ESMORUCO,desnutricion global,nutricion normal (n),2006-12-01,12,11,24,16,36,27,63
71105,SAN ANTONIO DE LOMERIO,desnutricion global,nutricion normal (n),2006-12-01,68,80,73,56,141,136,277
31403,SAN BENITO,desnutricion global,nutricion normal (n),2006-12-01,71,52,28,17,99,69,168
80302,SAN BORJA,desnutricion global,nutricion normal (n),2006-12-01,315,303,216,165,531,468,999
21502,SAN BUENA VENTURA,desnutricion global,nutricion normal (n),2006-12-01,54,64,51,47,105,111,216
70402,SAN CARLOS,desnutricion global,nutricion normal (n),2006-12-01,210,166,97,101,307,267,574
80501,SAN IGNACIO,desnutricion global,nutricion normal (n),2006-12-01,151,136,97,102,248,238,486
70301,SAN IGNACIO DE VELASCO,desnutricion global,nutricion normal (n),2006-12-01,338,346,257,246,595,592,1187
80102,SAN JAVIER(BNI),desnutricion global,nutricion normal (n),2006-12-01,15,15,18,39,33,54,87
80701,SAN JOAQUIN,desnutricion global,nutricion normal (n),2006-12-01,15,13,21,30,36,43,79
70501,SAN JOSE DE CHIQUITOS,desnutricion global,nutricion normal (n),2006-12-01,64,66,40,44,104,110,214
70404,SAN JUAN DE YAPACANI,desnutricion global,nutricion normal (n),2006-12-01,60,96,63,44,123,140,263
71104,SAN JULIAN,desnutricion global,nutricion normal (n),2006-12-01,56,46,49,48,105,94,199
90302,SAN LORENZO(PND),desnutricion global,nutricion normal (n),2006-12-01,24,15,16,10,40,25,65
60501,SAN LORENZO(TJA),desnutricion global,nutricion normal (n),2006-12-01,92,84,86,78,178,162,340
10702,SAN LUCAS,desnutricion global,nutricion normal (n),2006-12-01,265,284,286,318,551,602,1153
71201,SAN MATIAS,desnutricion global,nutricion normal (n),2006-12-01,70,65,25,25,95,90,185
70302,SAN MIGUEL DE VELASCO,desnutricion global,nutricion normal (n),2006-12-01,110,105,84,75,194,180,374
51001,SAN PABLO DE LIPEZ,desnutricion global,nutricion normal (n),2006-12-01,26,15,12,16,38,31,69
71005,SAN PEDRO,desnutricion global,nutricion normal (n),2006-12-01,119,108,111,109,230,217,447
50501,SAN PEDRO DE BUENA VISTA,desnutricion global,nutricion normal (n),2006-12-01,162,133,131,144,293,277,570
21801,SAN PEDRO DE CURAHUARA,desnutricion global,nutricion normal (n),2006-12-01,15,22,12,10,27,32,59
21702,SAN PEDRO DE TIQUINA,desnutricion global,nutricion normal (n),2006-12-01,28,29,31,32,59,61,120
90202,SAN PEDRO(PND),desnutricion global,nutricion normal (n),2006-12-01,8,4,5,8,13,12,25
70303,SAN RAFAEL,desnutricion global,nutricion normal (n),2006-12-01,47,44,32,21,79,65,144
80702,SAN RAMON,desnutricion global,nutricion normal (n),2006-12-01,18,30,24,8,42,38,80
80401,SANTA ANA,desnutricion global,nutricion normal (n),2006-12-01,111,90,34,45,145,135,280
70101,SANTA CRUZ DE LA SIERRA,desnutricion global,nutricion normal (n),2006-12-01,4569,4125,1948,2060,6517,6185,12702
80303,SANTA ROSA,desnutricion global,nutricion normal (n),2006-12-01,38,47,18,31,56,78,134
70602,SANTA ROSA DEL SARA,desnutricion global,nutricion normal (n),2006-12-01,103,116,69,95,172,211,383
20308,SANTIAGO DE CALLAPA,desnutricion global,nutricion normal (n),2006-12-01,2,4,9,5,11,9,20
41401,SANTIAGO DE HUARI,desnutricion global,nutricion normal (n),2006-12-01,58,52,54,66,112,118,230
21901,SANTIAGO DE MACHACA,desnutricion global,nutricion normal (n),2006-12-01,15,19,10,9,25,28,53
30702,SANTIVAÑES,desnutricion global,nutricion normal (n),2006-12-01,47,35,26,24,73,59,132
40202,SANTUARIO DE QUILLACAS,desnutricion global,nutricion normal (n),2006-12-01,16,10,11,17,27,27,54
20902,SAPAHAQUI,desnutricion global,nutricion normal (n),2006-12-01,46,58,52,42,98,100,198
90303,SENA,desnutricion global,nutricion normal (n),2006-12-01,38,36,23,25,61,61,122
21301,SICA SICA (VILLA AROMA),desnutricion global,nutricion normal (n),2006-12-01,89,76,31,35,120,111,231
30703,SICAYA,desnutricion global,nutricion normal (n),2006-12-01,13,5,7,5,20,10,30
30902,SIPE SIPE,desnutricion global,nutricion normal (n),2006-12-01,222,179,123,108,345,287,632
10403,SOPACHUY,desnutricion global,nutricion normal (n),2006-12-01,116,76,90,60,206,136,342
40104,SORACACHI,desnutricion global,nutricion normal (n),2006-12-01,84,73,72,87,156,160,316
20601,SORATA,desnutricion global,nutricion normal (n),2006-12-01,85,62,46,49,131,111,242
10101,SUCRE,desnutricion global,nutricion normal (n),2006-12-01,833,780,514,501,1347,1281,2628
31404,TACACHI,desnutricion global,nutricion normal (n),2006-12-01,4,2,0,0,4,2,6
20603,TACACOMA,desnutricion global,nutricion normal (n),2006-12-01,34,25,16,15,50,40,90
50303,TACOBAMBA,desnutricion global,nutricion normal (n),2006-12-01,56,53,35,25,91,78,169
30602,TACOPAYA,desnutricion global,nutricion normal (n),2006-12-01,81,66,73,80,154,146,300
51402,TAHUA,desnutricion global,nutricion normal (n),2006-12-01,10,10,7,10,17,20,37
31101,TAPACARI,desnutricion global,nutricion normal (n),2006-12-01,157,138,98,67,255,205,460
10601,TARABUCO,desnutricion global,nutricion normal (n),2006-12-01,186,182,272,233,458,415,873
20807,TARACO,desnutricion global,nutricion normal (n),2006-12-01,26,41,42,41,68,82,150
30401,TARATA,desnutricion global,nutricion normal (n),2006-12-01,64,49,11,22,75,71,146
60101,TARIJA,desnutricion global,nutricion normal (n),2006-12-01,777,673,365,325,1142,998,2140
10202,TARVITA,desnutricion global,nutricion normal (n),2006-12-01,112,92,66,67,178,159,337
20608,TEOPONTE,desnutricion global,nutricion normal (n),2006-12-01,48,42,28,36,76,78,154
20803,TIAWANACU,desnutricion global,nutricion normal (n),2006-12-01,75,73,13,24,88,97,185
50102,TINGUIPAYA,desnutricion global,nutricion normal (n),2006-12-01,80,69,66,54,146,123,269
20606,TIPUANI,desnutricion global,nutricion normal (n),2006-12-01,23,39,10,13,33,52,85
30903,TIQUIPAYA,desnutricion global,nutricion normal (n),2006-12-01,163,152,69,57,232,209,441
31601,TIRAQUE (CBBA),desnutricion global,nutricion normal (n),2006-12-01,143,140,82,73,225,213,438
21703,TITO YUPANQUI (PARQUIPUJIO),desnutricion global,nutricion normal (n),2006-12-01,7,7,2,4,9,11,20
30802,TOCO,desnutricion global,nutricion normal (n),2006-12-01,24,23,25,15,49,38,87
41502,TODOS SANTOS,desnutricion global,nutricion normal (n),2006-12-01,8,5,6,2,14,7,21
30803,TOLATA,desnutricion global,nutricion normal (n),2006-12-01,31,34,5,9,36,43,79
41001,TOLEDO,desnutricion global,nutricion normal (n),2006-12-01,35,30,38,37,73,67,140
51202,TOMAVE,desnutricion global,nutricion normal (n),2006-12-01,14,104,23,94,37,198,235
10402,TOMINA,desnutricion global,nutricion normal (n),2006-12-01,137,142,146,121,283,263,546
50502,TORO TORO,desnutricion global,nutricion normal (n),2006-12-01,113,127,119,111,232,238,470
31201,TOTORA(CBBA),desnutricion global,nutricion normal (n),2006-12-01,59,78,43,50,102,128,230
41301,TOTORA(ORR),desnutricion global,nutricion normal (n),2006-12-01,24,29,23,23,47,52,99
70802,TRIGAL,desnutricion global,nutricion normal (n),2006-12-01,13,13,12,12,25,25,50
80101,TRINIDAD,desnutricion global,nutricion normal (n),2006-12-01,502,342,272,230,774,572,1346
50801,TUPIZA,desnutricion global,nutricion normal (n),2006-12-01,296,264,293,311,589,575,1164
40402,TURCO,desnutricion global,nutricion normal (n),2006-12-01,17,10,2,13,19,23,42
21302,UMALA,desnutricion global,nutricion normal (n),2006-12-01,22,19,21,15,43,34,77
50201,UNCIA,desnutricion global,nutricion normal (n),2006-12-01,101,90,131,106,232,196,428
60401,URIONDO (A. CONCEPCION),desnutricion global,nutricion normal (n),2006-12-01,109,113,82,85,191,198,389
71502,URUBICHA,desnutricion global,nutricion normal (n),2006-12-01,82,99,119,109,201,208,409
51201,UYUNI,desnutricion global,nutricion normal (n),2006-12-01,216,192,152,152,368,344,712
30502,VACAS,desnutricion global,nutricion normal (n),2006-12-01,47,43,37,36,84,79,163
70801,VALLEGRANDE,desnutricion global,nutricion normal (n),2006-12-01,103,80,49,56,152,136,288
20801,VIACHA,desnutricion global,nutricion normal (n),2006-12-01,133,175,100,91,233,266,499
31302,VILA VILA,desnutricion global,nutricion normal (n),2006-12-01,12,21,27,17,39,38,77
60303,VILLA MONTES,desnutricion global,nutricion normal (n),2006-12-01,99,74,83,76,182,150,332
90502,VILLA NUEVA (LOMA ALTA),desnutricion global,nutricion normal (n),2006-12-01,5,8,6,6,11,14,25
31402,VILLA RIVERO,desnutricion global,nutricion normal (n),2006-12-01,12,15,16,14,28,29,57
10801,VILLA SERRANO,desnutricion global,nutricion normal (n),2006-12-01,128,140,157,165,285,305,590
31003,VILLA TUNARI,desnutricion global,nutricion normal (n),2006-12-01,465,293,221,182,686,475,1161
11001,VILLA VACA GUZMAN (MUYUPAMPA),desnutricion global,nutricion normal (n),2006-12-01,95,111,135,141,230,252,482
51501,VILLAZON,desnutricion global,nutricion normal (n),2006-12-01,237,231,172,143,409,374,783
30904,VINTO,desnutricion global,nutricion normal (n),2006-12-01,93,79,11,12,104,91,195
50602,VITICHI,desnutricion global,nutricion normal (n),2006-12-01,83,35,70,41,153,76,229
20306,WALDO BALLIVIAN,desnutricion global,nutricion normal (n),2006-12-01,3,4,4,5,7,9,16
70201,WARNES,desnutricion global,nutricion normal (n),2006-12-01,327,323,220,197,547,520,1067
20903,YACO,desnutricion global,nutricion normal (n),2006-12-01,20,18,18,19,38,37,75
60301,YACUIBA,desnutricion global,nutricion normal (n),2006-12-01,297,249,181,150,478,399,877
10602,YAMPARAEZ,desnutricion global,nutricion normal (n),2006-12-01,81,97,148,150,229,247,476
21103,YANACACHI,desnutricion global,nutricion normal (n),2006-12-01,15,16,4,8,19,24,43
70403,YAPACANI,desnutricion global,nutricion normal (n),2006-12-01,343,317,139,153,482,470,952
50103,YOCALLA,desnutricion global,nutricion normal (n),2006-12-01,20,14,29,18,49,32,81
10102,YOTALA,desnutricion global,nutricion normal (n),2006-12-01,49,61,87,76,136,137,273
60402,YUNCHARA,desnutricion global,nutricion normal (n),2006-12-01,31,41,58,59,89,100,189
10301,ZUDAÑEZ,desnutricion global,nutricion normal (n),2006-12-01,85,87,127,84,212,171,383
51302,ACACIO,desnutricion aguda,nutricion normal (n),2007-01-01,36,27,26,23,62,50,112
30201,AIQUILE,desnutricion aguda,nutricion normal (n),2007-01-01,74,49,45,45,119,94,213
31303,ALALAY,desnutricion aguda,nutricion normal (n),2007-01-01,11,10,4,5,15,15,30
10404,ALCALA,desnutricion aguda,nutricion normal (n),2007-01-01,38,38,39,31,77,69,146
41201,ANDAMARCA,desnutricion aguda,nutricion normal (n),2007-01-01,9,10,10,9,19,19,38
40603,ANTEQUERA,desnutricion aguda,nutricion normal (n),2007-01-01,0,1,1,1,1,2,3
30402,ANZALDO,desnutricion aguda,nutricion normal (n),2007-01-01,24,19,17,7,41,26,67
51301,ARAMPAMPA,desnutricion aguda,nutricion normal (n),2007-01-01,45,48,44,50,89,98,187
30501,ARANI,desnutricion aguda,nutricion normal (n),2007-01-01,27,31,23,21,50,52,102
30403,ARBIETO,desnutricion aguda,nutricion normal (n),2007-01-01,53,42,34,34,87,76,163
30601,ARQUE,desnutricion aguda,nutricion normal (n),2007-01-01,39,37,14,24,53,61,114
50802,ATOCHA,desnutricion aguda,nutricion normal (n),2007-01-01,76,80,52,29,128,109,237
30301,AYOPAYA (V. DE INDEPENDENCIA),desnutricion aguda,nutricion normal (n),2007-01-01,78,104,73,56,151,160,311
10201,AZURDUY,desnutricion aguda,nutricion normal (n),2007-01-01,211,157,182,155,393,312,705
80802,BAURES,desnutricion aguda,nutricion normal (n),2007-01-01,37,32,37,31,74,63,137
41202,BELEN DE ANDAMARCA,desnutricion aguda,nutricion normal (n),2007-01-01,5,4,2,5,7,9,16
50104,BELEN DE URMIRI,desnutricion aguda,nutricion normal (n),2007-01-01,7,4,6,7,13,11,24
90104,BELLA FLOR,desnutricion aguda,nutricion normal (n),2007-01-01,16,17,13,15,29,32,61
60202,BERMEJO,desnutricion aguda,nutricion normal (n),2007-01-01,58,54,21,20,79,74,153
50301,BETANZOS,desnutricion aguda,nutricion normal (n),2007-01-01,159,137,147,157,306,294,600
31501,BOLIVAR,desnutricion aguda,nutricion normal (n),2007-01-01,41,27,25,26,66,53,119
90103,BOLPEBRA,desnutricion aguda,nutricion normal (n),2007-01-01,2,3,3,7,5,10,15
70707,BOYUIBE,desnutricion aguda,nutricion normal (n),2007-01-01,25,33,26,15,51,48,99
70401,BUENA VISTA,desnutricion aguda,nutricion normal (n),2007-01-01,169,165,139,149,308,314,622
70703,CABEZAS,desnutricion aguda,nutricion normal (n),2007-01-01,114,85,99,72,213,157,370
51102,"CAIZA ""D""",desnutricion aguda,nutricion normal (n),2007-01-01,53,35,34,38,87,73,160
21003,CAJUATA,desnutricion aguda,nutricion normal (n),2007-01-01,97,82,45,46,142,128,270
10701,CAMARGO,desnutricion aguda,nutricion normal (n),2007-01-01,144,145,89,90,233,235,468
10901,CAMATAQUI (C. VILLA ABECIA),desnutricion aguda,nutricion normal (n),2007-01-01,35,30,39,24,74,54,128
70706,CAMIRI,desnutricion aguda,nutricion normal (n),2007-01-01,215,206,207,185,422,391,813
30701,CAPINOTA,desnutricion aguda,nutricion normal (n),2007-01-01,125,135,134,165,259,300,559
40102,CARACOLLO,desnutricion aguda,nutricion normal (n),2007-01-01,33,24,37,31,70,55,125
41503,CARANGAS,desnutricion aguda,nutricion normal (n),2007-01-01,0,0,1,1,1,1,2
60302,CARAPARI,desnutricion aguda,nutricion normal (n),2007-01-01,83,70,65,78,148,148,296
50702,CARIPUYO,desnutricion aguda,nutricion normal (n),2007-01-01,59,73,72,62,131,135,266
71403,CARMEN RIVERO TORREZ,desnutricion aguda,nutricion normal (n),2007-01-01,29,14,16,15,45,29,74
40201,CHALLAPATA,desnutricion aguda,nutricion normal (n),2007-01-01,144,141,74,69,218,210,428
50302,CHAQUI,desnutricion aguda,nutricion normal (n),2007-01-01,44,31,25,37,69,68,137
70702,CHARAGUA,desnutricion aguda,nutricion normal (n),2007-01-01,183,162,141,119,324,281,605
50202,CHAYANTA,desnutricion aguda,nutricion normal (n),2007-01-01,48,56,24,34,72,90,162
31204,CHIMORE,desnutricion aguda,nutricion normal (n),2007-01-01,58,60,68,53,126,113,239
40903,CHIPAYA,desnutricion aguda,nutricion normal (n),2007-01-01,9,9,6,7,15,16,31
30801,CLIZA,desnutricion aguda,nutricion normal (n),2007-01-01,0,0,0,2,0,2,2
90101,COBIJA,desnutricion aguda,nutricion normal (n),2007-01-01,187,170,84,99,271,269,540
30101,COCHABAMBA,desnutricion aguda,nutricion normal (n),2007-01-01,2072,1885,1010,945,3082,2830,5912
40902,COIPASA,desnutricion aguda,nutricion normal (n),2007-01-01,1,4,1,4,2,8,10
30905,COLCAPIRHUA,desnutricion aguda,nutricion normal (n),2007-01-01,204,229,104,89,308,318,626
50901,"COLCHA ""K""",desnutricion aguda,nutricion normal (n),2007-01-01,61,48,34,43,95,91,186
31002,COLOMI,desnutricion aguda,nutricion normal (n),2007-01-01,214,148,83,100,297,248,545
70603,COLPA BELGICA,desnutricion aguda,nutricion normal (n),2007-01-01,47,45,31,24,78,69,147
50401,COLQUECHACA,desnutricion aguda,nutricion normal (n),2007-01-01,91,104,40,28,131,132,263
21004,COLQUIRI,desnutricion aguda,nutricion normal (n),2007-01-01,117,128,67,68,184,196,380
71301,COMARAPA,desnutricion aguda,nutricion normal (n),2007-01-01,82,70,34,45,116,115,231
71101,CONCEPCION,desnutricion aguda,nutricion normal (n),2007-01-01,119,89,48,64,167,153,320
40301,CORQUE,desnutricion aguda,nutricion normal (n),2007-01-01,25,19,17,23,42,42,84
50601,COTAGAITA,desnutricion aguda,nutricion normal (n),2007-01-01,120,147,67,55,187,202,389
70102,COTOCA,desnutricion aguda,nutricion normal (n),2007-01-01,140,117,125,68,265,185,450
71106,CUATRO CAÑADAS,desnutricion aguda,nutricion normal (n),2007-01-01,58,63,47,30,105,93,198
31405,CUCHUMUELA (V. G. VILLARROEL),desnutricion aguda,nutricion normal (n),2007-01-01,11,15,8,1,19,16,35
70704,CUEVO,desnutricion aguda,nutricion normal (n),2007-01-01,21,39,34,35,55,74,129
10902,CULPINA,desnutricion aguda,nutricion normal (n),2007-01-01,180,191,150,150,330,341,671
40401,CURAHUARA DE CARANGAS,desnutricion aguda,nutricion normal (n),2007-01-01,23,31,15,7,38,38,76
40103,EL CHORO,desnutricion aguda,nutricion normal (n),2007-01-01,13,6,3,5,16,11,27
71503,EL PUENTE(STC),desnutricion aguda,nutricion normal (n),2007-01-01,115,99,78,81,193,180,373
60502,EL PUENTE(TJA),desnutricion aguda,nutricion normal (n),2007-01-01,56,58,80,53,136,111,247
70105,EL TORNO,desnutricion aguda,nutricion normal (n),2007-01-01,195,190,69,79,264,269,533
10405,EL VILLAR,desnutricion aguda,nutricion normal (n),2007-01-01,65,46,67,50,132,96,228
60601,ENTRE RIOS,desnutricion aguda,nutricion normal (n),2007-01-01,140,140,129,110,269,250,519
60601,ENTRE RIOS,desnutricion aguda,nutricion normal (n),2007-01-01,223,231,137,169,360,400,760
40502,ESCARA,desnutricion aguda,nutricion normal (n),2007-01-01,2,0,1,1,3,1,4
41101,EUCALIPTUS,desnutricion aguda,nutricion normal (n),2007-01-01,26,14,29,18,55,32,87
90503,EUREKA (SANTOS MERCADO),desnutricion aguda,nutricion normal (n),2007-01-01,5,7,8,4,13,11,24
80402,EXALTACION,desnutricion aguda,nutricion normal (n),2007-01-01,5,11,16,23,21,34,55
71004,FERNANDEZ ALONSO,desnutricion aguda,nutricion normal (n),2007-01-01,98,88,61,70,159,158,317
90203,FILADELFIA,desnutricion aguda,nutricion normal (n),2007-01-01,19,18,12,15,31,33,64
71002,GENERAL SAAVEDRA,desnutricion aguda,nutricion normal (n),2007-01-01,125,112,96,89,221,201,422
80202,GUAYARAMERIN,desnutricion aguda,nutricion normal (n),2007-01-01,303,274,161,144,464,418,882
70705,GUTIERREZ,desnutricion aguda,nutricion normal (n),2007-01-01,41,56,42,44,83,100,183
10502,HUACARETA,desnutricion aguda,nutricion normal (n),2007-01-01,91,81,84,72,175,153,328
11002,HUACAYA (VILLA DE HUACAYA),desnutricion aguda,nutricion normal (n),2007-01-01,32,34,52,47,84,81,165
40501,HUACHACALLA,desnutricion aguda,nutricion normal (n),2007-01-01,7,5,3,2,10,7,17
40701,HUANUNI,desnutricion aguda,nutricion normal (n),2007-01-01,224,199,101,88,325,287,612
80803,HUARACAJE,desnutricion aguda,nutricion normal (n),2007-01-01,32,29,19,18,51,47,98
41601,HUAYLLAMARCA,desnutricion aguda,nutricion normal (n),2007-01-01,26,17,10,9,36,26,62
21005,ICHOCA,desnutricion aguda,nutricion normal (n),2007-01-01,13,11,14,10,27,21,48
10304,ICLA,desnutricion aguda,nutricion normal (n),2007-01-01,120,113,133,143,253,256,509
10703,INCAHUASI,desnutricion aguda,nutricion normal (n),2007-01-01,231,198,182,163,413,361,774
21001,INQUISIVI,desnutricion aguda,nutricion normal (n),2007-01-01,71,93,49,72,120,165,285
70104,LA GUARDIA,desnutricion aguda,nutricion normal (n),2007-01-01,478,472,229,222,707,694,1401
41501,LA RIVERA,desnutricion aguda,nutricion normal (n),2007-01-01,3,0,2,1,5,1,6
70701,LAGUNILLAS,desnutricion aguda,nutricion normal (n),2007-01-01,74,86,99,103,173,189,362
10903,LAS CARRERAS,desnutricion aguda,nutricion normal (n),2007-01-01,36,29,27,30,63,59,122
21006,LICOMA PAMPA,desnutricion aguda,nutricion normal (n),2007-01-01,23,26,24,22,47,48,95
50203,LLALLAGUA,desnutricion aguda,nutricion normal (n),2007-01-01,260,229,175,161,435,390,825
51401,LLICA,desnutricion aguda,nutricion normal (n),2007-01-01,21,18,13,15,34,33,67
80601,LORETO,desnutricion aguda,nutricion normal (n),2007-01-01,21,14,14,16,35,30,65
40702,MACHACAMARCA,desnutricion aguda,nutricion normal (n),2007-01-01,50,50,66,53,116,103,219
11003,MACHARETI,desnutricion aguda,nutricion normal (n),2007-01-01,92,84,116,112,208,196,404
80801,MAGDALENA,desnutricion aguda,nutricion normal (n),2007-01-01,116,77,44,32,160,109,269
70903,MAIRANA,desnutricion aguda,nutricion normal (n),2007-01-01,91,78,31,22,122,100,222
71003,MINEROS,desnutricion aguda,nutricion normal (n),2007-01-01,186,175,126,112,312,287,599
31301,MIZQUE,desnutricion aguda,nutricion normal (n),2007-01-01,169,132,143,162,312,294,606
51002,MOJINETE,desnutricion aguda,nutricion normal (n),2007-01-01,3,6,3,5,6,11,17
10303,MOJOCOYA,desnutricion aguda,nutricion normal (n),2007-01-01,57,45,80,68,137,113,250
10501,MONTEAGUDO,desnutricion aguda,nutricion normal (n),2007-01-01,198,184,243,138,441,322,763
71001,MONTERO,desnutricion aguda,nutricion normal (n),2007-01-01,1026,924,641,571,1667,1495,3162
70803,MORO MORO,desnutricion aguda,nutricion normal (n),2007-01-01,13,18,11,10,24,28,52
30302,MOROCHATA,desnutricion aguda,nutricion normal (n),2007-01-01,66,56,42,50,108,106,214
90401,NACEBE (SANTA ROSA DEL ABUNA),desnutricion aguda,nutricion normal (n),2007-01-01,6,7,2,2,8,9,17
90501,NUEVO MANOA (NUEVA ESPERANZA),desnutricion aguda,nutricion normal (n),2007-01-01,0,0,0,1,0,1,1
50404,OCURI,desnutricion aguda,nutricion normal (n),2007-01-01,135,119,108,101,243,220,463
70202,OKINAWA,desnutricion aguda,nutricion normal (n),2007-01-01,109,126,91,77,200,203,403
30203,OMEREQUE,desnutricion aguda,nutricion normal (n),2007-01-01,54,39,51,73,105,112,217
40101,ORURO,desnutricion aguda,nutricion normal (n),2007-01-01,1280,1137,656,602,1936,1739,3675
60201,PADCAYA,desnutricion aguda,nutricion normal (n),2007-01-01,103,71,48,57,151,128,279
10401,PADILLA,desnutricion aguda,nutricion normal (n),2007-01-01,149,150,184,163,333,313,646
70502,PAILON,desnutricion aguda,nutricion normal (n),2007-01-01,98,110,61,76,159,186,345
40802,PAMPA AULLAGAS,desnutricion aguda,nutricion normal (n),2007-01-01,38,31,15,19,53,50,103
70902,PAMPA GRANDE,desnutricion aguda,nutricion normal (n),2007-01-01,41,57,23,20,64,77,141
30202,PASORAPA,desnutricion aguda,nutricion normal (n),2007-01-01,18,15,19,17,37,32,69
40602,PAZÑA,desnutricion aguda,nutricion normal (n),2007-01-01,25,31,18,11,43,42,85
50403,POCOATA,desnutricion aguda,nutricion normal (n),2007-01-01,89,83,75,85,164,168,332
31203,POCONA,desnutricion aguda,nutricion normal (n),2007-01-01,60,55,38,52,98,107,205
31202,POJO (CBBA),desnutricion aguda,nutricion normal (n),2007-01-01,31,29,33,30,64,59,123
40601,POOPO,desnutricion aguda,nutricion normal (n),2007-01-01,27,34,16,8,43,42,85
51203,PORCO,desnutricion aguda,nutricion normal (n),2007-01-01,65,56,16,13,81,69,150
10103,POROMA,desnutricion aguda,nutricion normal (n),2007-01-01,58,51,42,37,100,88,188
70103,PORONGO,desnutricion aguda,nutricion normal (n),2007-01-01,39,35,15,9,54,44,98
70601,PORTACHUELO,desnutricion aguda,nutricion normal (n),2007-01-01,180,153,102,91,282,244,526
90102,PORVENIR,desnutricion aguda,nutricion normal (n),2007-01-01,59,55,48,51,107,106,213
70804,POSTRER VALLE,desnutricion aguda,nutricion normal (n),2007-01-01,7,10,3,11,10,21,31
50101,POTOSI,desnutricion aguda,nutricion normal (n),2007-01-01,1090,1008,437,369,1527,1377,2904
10302,PRESTO,desnutricion aguda,nutricion normal (n),2007-01-01,55,55,82,56,137,111,248
70805,PUCARA,desnutricion aguda,nutricion normal (n),2007-01-01,15,9,5,3,20,12,32
90301,PUERTO GONZALO MORENO,desnutricion aguda,nutricion normal (n),2007-01-01,30,37,26,26,56,63,119
71402,PUERTO QUIJARRO,desnutricion aguda,nutricion normal (n),2007-01-01,76,73,25,27,101,100,201
90201,PUERTO RICO,desnutricion aguda,nutricion normal (n),2007-01-01,22,19,14,17,36,36,72
80703,PUERTO SILES,desnutricion aguda,nutricion normal (n),2007-01-01,12,5,4,4,16,9,25
71401,PUERTO SUAREZ,desnutricion aguda,nutricion normal (n),2007-01-01,77,68,30,28,107,96,203
31205,PUERTO VILLARROEL,desnutricion aguda,nutricion normal (n),2007-01-01,166,183,168,139,334,322,656
51101,PUNA,desnutricion aguda,nutricion normal (n),2007-01-01,148,128,105,102,253,230,483
31401,PUNATA,desnutricion aguda,nutricion normal (n),2007-01-01,202,169,72,48,274,217,491
30901,QUILLACOLLO,desnutricion aguda,nutricion normal (n),2007-01-01,716,329,263,315,979,644,1623
21002,QUIME,desnutricion aguda,nutricion normal (n),2007-01-01,72,57,72,62,144,119,263
70904,QUIRUSILLAS,desnutricion aguda,nutricion normal (n),2007-01-01,8,3,6,8,14,11,25
50402,RAVELO,desnutricion aguda,nutricion normal (n),2007-01-01,98,80,86,71,184,151,335
80301,REYES,desnutricion aguda,nutricion normal (n),2007-01-01,154,218,154,100,308,318,626
80201,RIBERALTA,desnutricion aguda,nutricion normal (n),2007-01-01,910,800,289,274,1199,1074,2273
70503,ROBORE,desnutricion aguda,nutricion normal (n),2007-01-01,127,131,84,83,211,214,425
80304,RURRENABAQUE,desnutricion aguda,nutricion normal (n),2007-01-01,96,69,31,30,127,99,226
40901,SABAYA,desnutricion aguda,nutricion normal (n),2007-01-01,11,11,8,8,19,19,38
31001,SACABA,desnutricion aguda,nutricion normal (n),2007-01-01,355,306,169,126,524,432,956
30404,SACABAMBA,desnutricion aguda,nutricion normal (n),2007-01-01,21,19,17,15,38,34,72
50701,SACACA,desnutricion aguda,nutricion normal (n),2007-01-01,119,120,165,172,284,292,576
71302,SAIPINA,desnutricion aguda,nutricion normal (n),2007-01-01,30,25,33,27,63,52,115
40801,SALINAS DE GARCI MENDOZA,desnutricion aguda,nutricion normal (n),2007-01-01,64,66,54,44,118,110,228
70901,SAMAIPATA,desnutricion aguda,nutricion normal (n),2007-01-01,56,42,27,26,83,68,151
51601,SAN AGUSTIN,desnutricion aguda,nutricion normal (n),2007-01-01,16,17,19,12,35,29,64
80602,SAN ANDRES,desnutricion aguda,nutricion normal (n),2007-01-01,92,70,65,58,157,128,285
51003,SAN ANTONIO DE ESMORUCO,desnutricion aguda,nutricion normal (n),2007-01-01,4,8,4,0,8,8,16
71105,SAN ANTONIO DE LOMERIO,desnutricion aguda,nutricion normal (n),2007-01-01,73,61,62,44,135,105,240
31403,SAN BENITO,desnutricion aguda,nutricion normal (n),2007-01-01,127,94,55,49,182,143,325
80302,SAN BORJA,desnutricion aguda,nutricion normal (n),2007-01-01,278,281,130,128,408,409,817
70402,SAN CARLOS,desnutricion aguda,nutricion normal (n),2007-01-01,213,232,103,103,316,335,651
80501,SAN IGNACIO,desnutricion aguda,nutricion normal (n),2007-01-01,232,164,121,80,353,244,597
70301,SAN IGNACIO DE VELASCO,desnutricion aguda,nutricion normal (n),2007-01-01,464,374,302,238,766,612,1378
80102,SAN JAVIER(BNI),desnutricion aguda,nutricion normal (n),2007-01-01,20,9,12,24,32,33,65
80701,SAN JOAQUIN,desnutricion aguda,nutricion normal (n),2007-01-01,15,16,28,36,43,52,95
70501,SAN JOSE DE CHIQUITOS,desnutricion aguda,nutricion normal (n),2007-01-01,76,73,68,58,144,131,275
70404,SAN JUAN DE YAPACANI,desnutricion aguda,nutricion normal (n),2007-01-01,91,117,61,81,152,198,350
71104,SAN JULIAN,desnutricion aguda,nutricion normal (n),2007-01-01,70,67,72,60,142,127,269
90302,SAN LORENZO(PND),desnutricion aguda,nutricion normal (n),2007-01-01,23,21,2,5,25,26,51
60501,SAN LORENZO(TJA),desnutricion aguda,nutricion normal (n),2007-01-01,102,94,70,68,172,162,334
10702,SAN LUCAS,desnutricion aguda,nutricion normal (n),2007-01-01,240,258,213,183,453,441,894
71201,SAN MATIAS,desnutricion aguda,nutricion normal (n),2007-01-01,94,88,57,54,151,142,293
70302,SAN MIGUEL DE VELASCO,desnutricion aguda,nutricion normal (n),2007-01-01,85,77,29,44,114,121,235
51001,SAN PABLO DE LIPEZ,desnutricion aguda,nutricion normal (n),2007-01-01,21,7,13,9,34,16,50
71005,SAN PEDRO,desnutricion aguda,nutricion normal (n),2007-01-01,128,116,99,73,227,189,416
50902,SAN PEDRO DE QUEMES,desnutricion aguda,nutricion normal (n),2007-01-01,4,2,2,7,6,9,15
90202,SAN PEDRO(PND),desnutricion aguda,nutricion normal (n),2007-01-01,12,8,7,5,19,13,32
70303,SAN RAFAEL,desnutricion aguda,nutricion normal (n),2007-01-01,61,58,35,25,96,83,179
80702,SAN RAMON,desnutricion aguda,nutricion normal (n),2007-01-01,39,35,30,25,69,60,129
80401,SANTA ANA,desnutricion aguda,nutricion normal (n),2007-01-01,93,120,34,59,127,179,306
70101,SANTA CRUZ DE LA SIERRA,desnutricion aguda,nutricion normal (n),2007-01-01,5964,5476,2879,2726,8843,8202,17045
80303,SANTA ROSA,desnutricion aguda,nutricion normal (n),2007-01-01,35,31,17,22,52,53,105
70602,SANTA ROSA DEL SARA,desnutricion aguda,nutricion normal (n),2007-01-01,141,105,92,90,233,195,428
41401,SANTIAGO DE HUARI,desnutricion aguda,nutricion normal (n),2007-01-01,51,48,47,56,98,104,202
30702,SANTIVAÑES,desnutricion aguda,nutricion normal (n),2007-01-01,53,46,34,34,87,80,167
40202,SANTUARIO DE QUILLACAS,desnutricion aguda,nutricion normal (n),2007-01-01,9,16,23,19,32,35,67
90303,SENA,desnutricion aguda,nutricion normal (n),2007-01-01,54,46,46,32,100,78,178
30703,SICAYA,desnutricion aguda,nutricion normal (n),2007-01-01,17,18,5,8,22,26,48
30902,SIPE SIPE,desnutricion aguda,nutricion normal (n),2007-01-01,208,136,74,74,282,210,492
10403,SOPACHUY,desnutricion aguda,nutricion normal (n),2007-01-01,133,87,100,73,233,160,393
40104,SORACACHI,desnutricion aguda,nutricion normal (n),2007-01-01,60,59,40,58,100,117,217
10101,SUCRE,desnutricion aguda,nutricion normal (n),2007-01-01,965,896,585,481,1550,1377,2927
31404,TACACHI,desnutricion aguda,nutricion normal (n),2007-01-01,6,4,1,1,7,5,12
50303,TACOBAMBA,desnutricion aguda,nutricion normal (n),2007-01-01,36,30,18,15,54,45,99
30602,TACOPAYA,desnutricion aguda,nutricion normal (n),2007-01-01,75,83,68,54,143,137,280
51402,TAHUA,desnutricion aguda,nutricion normal (n),2007-01-01,3,5,7,5,10,10,20
31101,TAPACARI,desnutricion aguda,nutricion normal (n),2007-01-01,155,153,70,57,225,210,435
10601,TARABUCO,desnutricion aguda,nutricion normal (n),2007-01-01,183,184,255,244,438,428,866
30401,TARATA,desnutricion aguda,nutricion normal (n),2007-01-01,72,64,13,21,85,85,170
60101,TARIJA,desnutricion aguda,nutricion normal (n),2007-01-01,948,948,483,566,1431,1514,2945
10202,TARVITA,desnutricion aguda,nutricion normal (n),2007-01-01,219,197,229,200,448,397,845
50102,TINGUIPAYA,desnutricion aguda,nutricion normal (n),2007-01-01,75,68,40,46,115,114,229
30903,TIQUIPAYA,desnutricion aguda,nutricion normal (n),2007-01-01,145,138,71,71,216,209,425
31601,TIRAQUE (CBBA),desnutricion aguda,nutricion normal (n),2007-01-01,207,174,117,127,324,301,625
30802,TOCO,desnutricion aguda,nutricion normal (n),2007-01-01,28,25,39,36,67,61,128
41502,TODOS SANTOS,desnutricion aguda,nutricion normal (n),2007-01-01,2,2,1,1,3,3,6
30803,TOLATA,desnutricion aguda,nutricion normal (n),2007-01-01,32,32,12,7,44,39,83
41001,TOLEDO,desnutricion aguda,nutricion normal (n),2007-01-01,35,29,22,33,57,62,119
51202,TOMAVE,desnutricion aguda,nutricion normal (n),2007-01-01,80,25,50,21,130,46,176
10402,TOMINA,desnutricion aguda,nutricion normal (n),2007-01-01,122,130,131,110,253,240,493
50502,TORO TORO,desnutricion aguda,nutricion normal (n),2007-01-01,18,6,9,4,27,10,37
31201,TOTORA(CBBA),desnutricion aguda,nutricion normal (n),2007-01-01,88,74,33,37,121,111,232
41301,TOTORA(ORR),desnutricion aguda,nutricion normal (n),2007-01-01,30,33,20,34,50,67,117
70802,TRIGAL,desnutricion aguda,nutricion normal (n),2007-01-01,10,7,15,10,25,17,42
80101,TRINIDAD,desnutricion aguda,nutricion normal (n),2007-01-01,738,635,336,313,1074,948,2022
50801,TUPIZA,desnutricion aguda,nutricion normal (n),2007-01-01,301,257,218,194,519,451,970
40402,TURCO,desnutricion aguda,nutricion normal (n),2007-01-01,15,24,15,14,30,38,68
50201,UNCIA,desnutricion aguda,nutricion normal (n),2007-01-01,108,95,40,38,148,133,281
60401,URIONDO (A. CONCEPCION),desnutricion aguda,nutricion normal (n),2007-01-01,105,94,51,94,156,188,344
51201,UYUNI,desnutricion aguda,nutricion normal (n),2007-01-01,141,174,75,73,216,247,463
30502,VACAS,desnutricion aguda,nutricion normal (n),2007-01-01,28,38,22,23,50,61,111
70801,VALLEGRANDE,desnutricion aguda,nutricion normal (n),2007-01-01,160,133,84,75,244,208,452
31302,VILA VILA,desnutricion aguda,nutricion normal (n),2007-01-01,12,6,10,3,22,9,31
60303,VILLA MONTES,desnutricion aguda,nutricion normal (n),2007-01-01,162,134,143,141,305,275,580
90502,VILLA NUEVA (LOMA ALTA),desnutricion aguda,nutricion normal (n),2007-01-01,7,9,16,9,23,18,41
31402,VILLA RIVERO,desnutricion aguda,nutricion normal (n),2007-01-01,24,36,27,29,51,65,116
10801,VILLA SERRANO,desnutricion aguda,nutricion normal (n),2007-01-01,121,113,137,139,258,252,510
31003,VILLA TUNARI,desnutricion aguda,nutricion normal (n),2007-01-01,537,452,267,227,804,679,1483
11001,VILLA VACA GUZMAN (MUYUPAMPA),desnutricion aguda,nutricion normal (n),2007-01-01,80,74,80,101,160,175,335
51501,VILLAZON,desnutricion aguda,nutricion normal (n),2007-01-01,264,255,177,170,441,425,866
30904,VINTO,desnutricion aguda,nutricion normal (n),2007-01-01,83,80,24,20,107,100,207
50602,VITICHI,desnutricion aguda,nutricion normal (n),2007-01-01,58,44,41,29,99,73,172
70201,WARNES,desnutricion aguda,nutricion normal (n),2007-01-01,342,329,218,211,560,540,1100
60301,YACUIBA,desnutricion aguda,nutricion normal (n),2007-01-01,437,379,159,151,596,530,1126
10602,YAMPARAEZ,desnutricion aguda,nutricion normal (n),2007-01-01,73,68,109,103,182,171,353
70403,YAPACANI,desnutricion aguda,nutricion normal (n),2007-01-01,337,375,160,155,497,530,1027
50103,YOCALLA,desnutricion aguda,nutricion normal (n),2007-01-01,13,15,15,16,28,31,59
10102,YOTALA,desnutricion aguda,nutricion normal (n),2007-01-01,49,53,53,66,102,119,221
60402,YUNCHARA,desnutricion aguda,nutricion normal (n),2007-01-01,38,66,52,44,90,110,200
10301,ZUDAÑEZ,desnutricion aguda,nutricion normal (n),2007-01-01,75,72,98,79,173,151,324
51302,ACACIO,desnutricion aguda,nutricion normal (n),2007-02-01,32,21,17,17,49,38,87
30201,AIQUILE,desnutricion aguda,nutricion normal (n),2007-02-01,67,54,56,37,123,91,214
31303,ALALAY,desnutricion aguda,nutricion normal (n),2007-02-01,23,19,23,18,46,37,83
10404,ALCALA,desnutricion aguda,nutricion normal (n),2007-02-01,32,39,33,29,65,68,133
41201,ANDAMARCA,desnutricion aguda,nutricion normal (n),2007-02-01,22,11,20,23,42,34,76
40603,ANTEQUERA,desnutricion aguda,nutricion normal (n),2007-02-01,1,1,7,3,8,4,12
30402,ANZALDO,desnutricion aguda,nutricion normal (n),2007-02-01,13,20,17,21,30,41,71
51301,ARAMPAMPA,desnutricion aguda,nutricion normal (n),2007-02-01,52,42,46,43,98,85,183
30501,ARANI,desnutricion aguda,nutricion normal (n),2007-02-01,64,33,85,87,149,120,269
30403,ARBIETO,desnutricion aguda,nutricion normal (n),2007-02-01,58,51,48,42,106,93,199
30601,ARQUE,desnutricion aguda,nutricion normal (n),2007-02-01,46,29,22,21,68,50,118
71501,ASCENCION DE GUARAYOS,desnutricion aguda,nutricion normal (n),2007-02-01,196,217,208,186,404,403,807
50802,ATOCHA,desnutricion aguda,nutricion normal (n),2007-02-01,68,53,35,33,103,86,189
30301,AYOPAYA (V. DE INDEPENDENCIA),desnutricion aguda,nutricion normal (n),2007-02-01,118,124,77,60,195,184,379
10201,AZURDUY,desnutricion aguda,nutricion normal (n),2007-02-01,228,181,236,184,464,365,829
80802,BAURES,desnutricion aguda,nutricion normal (n),2007-02-01,39,34,26,38,65,72,137
41202,BELEN DE ANDAMARCA,desnutricion aguda,nutricion normal (n),2007-02-01,10,5,7,6,17,11,28
50104,BELEN DE URMIRI,desnutricion aguda,nutricion normal (n),2007-02-01,2,8,6,6,8,14,22
90104,BELLA FLOR,desnutricion aguda,nutricion normal (n),2007-02-01,6,4,4,4,10,8,18
60202,BERMEJO,desnutricion aguda,nutricion normal (n),2007-02-01,20,24,18,9,38,33,71
50301,BETANZOS,desnutricion aguda,nutricion normal (n),2007-02-01,135,120,109,101,244,221,465
31501,BOLIVAR,desnutricion aguda,nutricion normal (n),2007-02-01,35,32,35,28,70,60,130
90103,BOLPEBRA,desnutricion aguda,nutricion normal (n),2007-02-01,3,8,8,9,11,17,28
70707,BOYUIBE,desnutricion aguda,nutricion normal (n),2007-02-01,27,21,24,21,51,42,93
70401,BUENA VISTA,desnutricion aguda,nutricion normal (n),2007-02-01,158,143,95,114,253,257,510
70703,CABEZAS,desnutricion aguda,nutricion normal (n),2007-02-01,130,69,79,69,209,138,347
51102,"CAIZA ""D""",desnutricion aguda,nutricion normal (n),2007-02-01,48,37,44,47,92,84,176
21003,CAJUATA,desnutricion aguda,nutricion normal (n),2007-02-01,76,79,47,38,123,117,240
10701,CAMARGO,desnutricion aguda,nutricion normal (n),2007-02-01,120,127,103,85,223,212,435
10901,CAMATAQUI (C. VILLA ABECIA),desnutricion aguda,nutricion normal (n),2007-02-01,29,31,39,25,68,56,124
70706,CAMIRI,desnutricion aguda,nutricion normal (n),2007-02-01,224,234,228,180,452,414,866
30701,CAPINOTA,desnutricion aguda,nutricion normal (n),2007-02-01,58,57,40,27,98,84,182
40102,CARACOLLO,desnutricion aguda,nutricion normal (n),2007-02-01,52,52,31,20,83,72,155
41503,CARANGAS,desnutricion aguda,nutricion normal (n),2007-02-01,0,0,2,0,2,0,2
60302,CARAPARI,desnutricion aguda,nutricion normal (n),2007-02-01,68,83,87,89,155,172,327
50702,CARIPUYO,desnutricion aguda,nutricion normal (n),2007-02-01,54,59,62,62,116,121,237
71403,CARMEN RIVERO TORREZ,desnutricion aguda,nutricion normal (n),2007-02-01,25,9,14,3,39,12,51
40201,CHALLAPATA,desnutricion aguda,nutricion normal (n),2007-02-01,101,92,60,66,161,158,319
50302,CHAQUI,desnutricion aguda,nutricion normal (n),2007-02-01,44,37,42,41,86,78,164
70702,CHARAGUA,desnutricion aguda,nutricion normal (n),2007-02-01,243,226,202,176,445,402,847
50202,CHAYANTA,desnutricion aguda,nutricion normal (n),2007-02-01,79,89,73,46,152,135,287
31204,CHIMORE,desnutricion aguda,nutricion normal (n),2007-02-01,53,56,46,21,99,77,176
40903,CHIPAYA,desnutricion aguda,nutricion normal (n),2007-02-01,4,6,6,4,10,10,20
30801,CLIZA,desnutricion aguda,nutricion normal (n),2007-02-01,6,2,2,1,8,3,11
90101,COBIJA,desnutricion aguda,nutricion normal (n),2007-02-01,234,203,117,101,351,304,655
30101,COCHABAMBA,desnutricion aguda,nutricion normal (n),2007-02-01,1745,1592,901,887,2646,2479,5125
40902,COIPASA,desnutricion aguda,nutricion normal (n),2007-02-01,1,3,1,0,2,3,5
30905,COLCAPIRHUA,desnutricion aguda,nutricion normal (n),2007-02-01,184,184,77,76,261,260,521
50901,"COLCHA ""K""",desnutricion aguda,nutricion normal (n),2007-02-01,90,70,38,41,128,111,239
31002,COLOMI,desnutricion aguda,nutricion normal (n),2007-02-01,152,120,72,51,224,171,395
70603,COLPA BELGICA,desnutricion aguda,nutricion normal (n),2007-02-01,33,39,29,11,62,50,112
50401,COLQUECHACA,desnutricion aguda,nutricion normal (n),2007-02-01,121,123,71,71,192,194,386
21004,COLQUIRI,desnutricion aguda,nutricion normal (n),2007-02-01,145,107,85,108,230,215,445
71301,COMARAPA,desnutricion aguda,nutricion normal (n),2007-02-01,57,55,36,43,93,98,191
71101,CONCEPCION,desnutricion aguda,nutricion normal (n),2007-02-01,124,92,75,53,199,145,344
40301,CORQUE,desnutricion aguda,nutricion normal (n),2007-02-01,21,14,20,19,41,33,74
50601,COTAGAITA,desnutricion aguda,nutricion normal (n),2007-02-01,141,164,146,103,287,267,554
70102,COTOCA,desnutricion aguda,nutricion normal (n),2007-02-01,77,119,57,21,134,140,274
71106,CUATRO CAÑADAS,desnutricion aguda,nutricion normal (n),2007-02-01,110,115,119,90,229,205,434
31405,CUCHUMUELA (V. G. VILLARROEL),desnutricion aguda,nutricion normal (n),2007-02-01,11,9,9,7,20,16,36
70704,CUEVO,desnutricion aguda,nutricion normal (n),2007-02-01,16,31,33,30,49,61,110
10902,CULPINA,desnutricion aguda,nutricion normal (n),2007-02-01,210,189,159,179,369,368,737
40401,CURAHUARA DE CARANGAS,desnutricion aguda,nutricion normal (n),2007-02-01,25,20,6,16,31,36,67
40103,EL CHORO,desnutricion aguda,nutricion normal (n),2007-02-01,16,13,24,32,40,45,85
71503,EL PUENTE(STC),desnutricion aguda,nutricion normal (n),2007-02-01,98,102,58,59,156,161,317
60502,EL PUENTE(TJA),desnutricion aguda,nutricion normal (n),2007-02-01,63,43,87,49,150,92,242
70105,EL TORNO,desnutricion aguda,nutricion normal (n),2007-02-01,88,116,58,24,146,140,286
10405,EL VILLAR,desnutricion aguda,nutricion normal (n),2007-02-01,84,71,93,67,177,138,315
60601,ENTRE RIOS,desnutricion aguda,nutricion normal (n),2007-02-01,115,95,102,111,217,206,423
60601,ENTRE RIOS,desnutricion aguda,nutricion normal (n),2007-02-01,177,195,75,94,252,289,541
40502,ESCARA,desnutricion aguda,nutricion normal (n),2007-02-01,1,2,1,1,2,3,5
41101,EUCALIPTUS,desnutricion aguda,nutricion normal (n),2007-02-01,24,13,9,9,33,22,55
90503,EUREKA (SANTOS MERCADO),desnutricion aguda,nutricion normal (n),2007-02-01,9,10,7,4,16,14,30
80402,EXALTACION,desnutricion aguda,nutricion normal (n),2007-02-01,25,14,36,38,61,52,113
71004,FERNANDEZ ALONSO,desnutricion aguda,nutricion normal (n),2007-02-01,72,67,46,61,118,128,246
90203,FILADELFIA,desnutricion aguda,nutricion normal (n),2007-02-01,25,18,19,21,44,39,83
71002,GENERAL SAAVEDRA,desnutricion aguda,nutricion normal (n),2007-02-01,98,79,80,74,178,153,331
80202,GUAYARAMERIN,desnutricion aguda,nutricion normal (n),2007-02-01,237,233,123,140,360,373,733
70705,GUTIERREZ,desnutricion aguda,nutricion normal (n),2007-02-01,23,49,44,41,67,90,157
10502,HUACARETA,desnutricion aguda,nutricion normal (n),2007-02-01,94,72,108,108,202,180,382
11002,HUACAYA (VILLA DE HUACAYA),desnutricion aguda,nutricion normal (n),2007-02-01,25,36,45,34,70,70,140
40501,HUACHACALLA,desnutricion aguda,nutricion normal (n),2007-02-01,12,8,5,7,17,15,32
40701,HUANUNI,desnutricion aguda,nutricion normal (n),2007-02-01,156,147,84,61,240,208,448
80803,HUARACAJE,desnutricion aguda,nutricion normal (n),2007-02-01,36,22,18,17,54,39,93
41601,HUAYLLAMARCA,desnutricion aguda,nutricion normal (n),2007-02-01,14,17,6,9,20,26,46
21005,ICHOCA,desnutricion aguda,nutricion normal (n),2007-02-01,32,20,19,20,51,40,91
10304,ICLA,desnutricion aguda,nutricion normal (n),2007-02-01,132,119,167,138,299,257,556
10703,INCAHUASI,desnutricion aguda,nutricion normal (n),2007-02-01,224,227,188,196,412,423,835
90402,INGAVI (HUMAITA),desnutricion aguda,nutricion normal (n),2007-02-01,8,5,13,15,21,20,41
21001,INQUISIVI,desnutricion aguda,nutricion normal (n),2007-02-01,96,86,70,58,166,144,310
70104,LA GUARDIA,desnutricion aguda,nutricion normal (n),2007-02-01,107,59,65,57,172,116,288
41501,LA RIVERA,desnutricion aguda,nutricion normal (n),2007-02-01,1,1,1,3,2,4,6
70701,LAGUNILLAS,desnutricion aguda,nutricion normal (n),2007-02-01,56,65,85,93,141,158,299
10903,LAS CARRERAS,desnutricion aguda,nutricion normal (n),2007-02-01,42,29,30,27,72,56,128
21006,LICOMA PAMPA,desnutricion aguda,nutricion normal (n),2007-02-01,20,30,16,15,36,45,81
50203,LLALLAGUA,desnutricion aguda,nutricion normal (n),2007-02-01,180,198,150,99,330,297,627
51401,LLICA,desnutricion aguda,nutricion normal (n),2007-02-01,14,19,10,5,24,24,48
80601,LORETO,desnutricion aguda,nutricion normal (n),2007-02-01,17,8,20,16,37,24,61
40702,MACHACAMARCA,desnutricion aguda,nutricion normal (n),2007-02-01,19,16,20,16,39,32,71
11003,MACHARETI,desnutricion aguda,nutricion normal (n),2007-02-01,80,69,95,115,175,184,359
80801,MAGDALENA,desnutricion aguda,nutricion normal (n),2007-02-01,112,62,33,32,145,94,239
70903,MAIRANA,desnutricion aguda,nutricion normal (n),2007-02-01,83,62,23,13,106,75,181
71003,MINEROS,desnutricion aguda,nutricion normal (n),2007-02-01,125,120,89,98,214,218,432
31301,MIZQUE,desnutricion aguda,nutricion normal (n),2007-02-01,148,102,103,94,251,196,447
51002,MOJINETE,desnutricion aguda,nutricion normal (n),2007-02-01,1,4,4,3,5,7,12
10303,MOJOCOYA,desnutricion aguda,nutricion normal (n),2007-02-01,25,28,37,31,62,59,121
10501,MONTEAGUDO,desnutricion aguda,nutricion normal (n),2007-02-01,175,147,174,613,349,760,1109
71001,MONTERO,desnutricion aguda,nutricion normal (n),2007-02-01,817,724,486,452,1303,1176,2479
70803,MORO MORO,desnutricion aguda,nutricion normal (n),2007-02-01,18,19,16,8,34,27,61
30302,MOROCHATA,desnutricion aguda,nutricion normal (n),2007-02-01,69,67,57,54,126,121,247
90401,NACEBE (SANTA ROSA DEL ABUNA),desnutricion aguda,nutricion normal (n),2007-02-01,16,6,16,6,32,12,44
90501,NUEVO MANOA (NUEVA ESPERANZA),desnutricion aguda,nutricion normal (n),2007-02-01,4,10,26,20,30,30,60
50404,OCURI,desnutricion aguda,nutricion normal (n),2007-02-01,104,107,73,73,177,180,357
70202,OKINAWA,desnutricion aguda,nutricion normal (n),2007-02-01,90,91,93,52,183,143,326
30203,OMEREQUE,desnutricion aguda,nutricion normal (n),2007-02-01,45,33,42,47,87,80,167
40101,ORURO,desnutricion aguda,nutricion normal (n),2007-02-01,942,846,478,428,1420,1274,2694
60201,PADCAYA,desnutricion aguda,nutricion normal (n),2007-02-01,87,79,61,56,148,135,283
10401,PADILLA,desnutricion aguda,nutricion normal (n),2007-02-01,135,151,168,179,303,330,633
70502,PAILON,desnutricion aguda,nutricion normal (n),2007-02-01,111,122,66,82,177,204,381
40802,PAMPA AULLAGAS,desnutricion aguda,nutricion normal (n),2007-02-01,22,19,13,10,35,29,64
70902,PAMPA GRANDE,desnutricion aguda,nutricion normal (n),2007-02-01,37,41,45,44,82,85,167
30202,PASORAPA,desnutricion aguda,nutricion normal (n),2007-02-01,44,24,77,41,121,65,186
40602,PAZÑA,desnutricion aguda,nutricion normal (n),2007-02-01,18,10,12,9,30,19,49
50403,POCOATA,desnutricion aguda,nutricion normal (n),2007-02-01,92,90,87,82,179,172,351
31203,POCONA,desnutricion aguda,nutricion normal (n),2007-02-01,61,50,33,45,94,95,189
31202,POJO (CBBA),desnutricion aguda,nutricion normal (n),2007-02-01,56,46,21,17,77,63,140
40601,POOPO,desnutricion aguda,nutricion normal (n),2007-02-01,29,39,17,17,46,56,102
51203,PORCO,desnutricion aguda,nutricion normal (n),2007-02-01,61,46,12,9,73,55,128
10103,POROMA,desnutricion aguda,nutricion normal (n),2007-02-01,96,72,83,93,179,165,344
70103,PORONGO,desnutricion aguda,nutricion normal (n),2007-02-01,6,21,20,18,26,39,65
70601,PORTACHUELO,desnutricion aguda,nutricion normal (n),2007-02-01,113,106,78,70,191,176,367
90102,PORVENIR,desnutricion aguda,nutricion normal (n),2007-02-01,56,36,24,38,80,74,154
70804,POSTRER VALLE,desnutricion aguda,nutricion normal (n),2007-02-01,5,9,6,7,11,16,27
50101,POTOSI,desnutricion aguda,nutricion normal (n),2007-02-01,842,741,332,277,1174,1018,2192
10302,PRESTO,desnutricion aguda,nutricion normal (n),2007-02-01,57,64,63,81,120,145,265
70805,PUCARA,desnutricion aguda,nutricion normal (n),2007-02-01,10,10,15,19,25,29,54
90301,PUERTO GONZALO MORENO,desnutricion aguda,nutricion normal (n),2007-02-01,28,43,26,25,54,68,122
71402,PUERTO QUIJARRO,desnutricion aguda,nutricion normal (n),2007-02-01,70,48,32,23,102,71,173
90201,PUERTO RICO,desnutricion aguda,nutricion normal (n),2007-02-01,29,22,11,9,40,31,71
80703,PUERTO SILES,desnutricion aguda,nutricion normal (n),2007-02-01,15,13,25,37,40,50,90
71401,PUERTO SUAREZ,desnutricion aguda,nutricion normal (n),2007-02-01,63,69,27,27,90,96,186
31205,PUERTO VILLARROEL,desnutricion aguda,nutricion normal (n),2007-02-01,275,175,141,98,416,273,689
51101,PUNA,desnutricion aguda,nutricion normal (n),2007-02-01,163,163,163,124,326,287,613
31401,PUNATA,desnutricion aguda,nutricion normal (n),2007-02-01,118,131,41,45,159,176,335
30901,QUILLACOLLO,desnutricion aguda,nutricion normal (n),2007-02-01,753,589,401,256,1154,845,1999
21002,QUIME,desnutricion aguda,nutricion normal (n),2007-02-01,83,80,106,102,189,182,371
70904,QUIRUSILLAS,desnutricion aguda,nutricion normal (n),2007-02-01,5,13,11,12,16,25,41
50402,RAVELO,desnutricion aguda,nutricion normal (n),2007-02-01,141,147,125,97,266,244,510
80301,REYES,desnutricion aguda,nutricion normal (n),2007-02-01,59,79,50,55,109,134,243
80201,RIBERALTA,desnutricion aguda,nutricion normal (n),2007-02-01,786,622,231,208,1017,830,1847
70503,ROBORE,desnutricion aguda,nutricion normal (n),2007-02-01,123,103,71,59,194,162,356
80304,RURRENABAQUE,desnutricion aguda,nutricion normal (n),2007-02-01,64,61,18,19,82,80,162
40901,SABAYA,desnutricion aguda,nutricion normal (n),2007-02-01,17,6,7,7,24,13,37
31001,SACABA,desnutricion aguda,nutricion normal (n),2007-02-01,391,359,151,115,542,474,1016
30404,SACABAMBA,desnutricion aguda,nutricion normal (n),2007-02-01,47,28,10,24,57,52,109
50701,SACACA,desnutricion aguda,nutricion normal (n),2007-02-01,191,180,237,161,428,341,769
71302,SAIPINA,desnutricion aguda,nutricion normal (n),2007-02-01,20,16,22,15,42,31,73
40801,SALINAS DE GARCI MENDOZA,desnutricion aguda,nutricion normal (n),2007-02-01,60,48,36,41,96,89,185
70901,SAMAIPATA,desnutricion aguda,nutricion normal (n),2007-02-01,74,35,56,32,130,67,197
51601,SAN AGUSTIN,desnutricion aguda,nutricion normal (n),2007-02-01,7,12,12,7,19,19,38
80602,SAN ANDRES,desnutricion aguda,nutricion normal (n),2007-02-01,58,52,43,44,101,96,197
51003,SAN ANTONIO DE ESMORUCO,desnutricion aguda,nutricion normal (n),2007-02-01,8,4,4,5,12,9,21
71105,SAN ANTONIO DE LOMERIO,desnutricion aguda,nutricion normal (n),2007-02-01,63,52,63,45,126,97,223
31403,SAN BENITO,desnutricion aguda,nutricion normal (n),2007-02-01,77,71,20,19,97,90,187
80302,SAN BORJA,desnutricion aguda,nutricion normal (n),2007-02-01,337,327,189,149,526,476,1002
70402,SAN CARLOS,desnutricion aguda,nutricion normal (n),2007-02-01,205,206,94,82,299,288,587
80501,SAN IGNACIO,desnutricion aguda,nutricion normal (n),2007-02-01,169,154,101,82,270,236,506
70301,SAN IGNACIO DE VELASCO,desnutricion aguda,nutricion normal (n),2007-02-01,422,359,310,256,732,615,1347
80102,SAN JAVIER(BNI),desnutricion aguda,nutricion normal (n),2007-02-01,10,6,6,14,16,20,36
80701,SAN JOAQUIN,desnutricion aguda,nutricion normal (n),2007-02-01,3,3,30,34,33,37,70
70501,SAN JOSE DE CHIQUITOS,desnutricion aguda,nutricion normal (n),2007-02-01,65,58,51,37,116,95,211
70404,SAN JUAN DE YAPACANI,desnutricion aguda,nutricion normal (n),2007-02-01,56,77,54,60,110,137,247
71104,SAN JULIAN,desnutricion aguda,nutricion normal (n),2007-02-01,113,111,149,126,262,237,499
90302,SAN LORENZO(PND),desnutricion aguda,nutricion normal (n),2007-02-01,14,13,2,3,16,16,32
60501,SAN LORENZO(TJA),desnutricion aguda,nutricion normal (n),2007-02-01,102,107,85,69,187,176,363
10702,SAN LUCAS,desnutricion aguda,nutricion normal (n),2007-02-01,334,314,295,282,629,596,1225
71201,SAN MATIAS,desnutricion aguda,nutricion normal (n),2007-02-01,82,68,72,61,154,129,283
70302,SAN MIGUEL DE VELASCO,desnutricion aguda,nutricion normal (n),2007-02-01,89,86,63,58,152,144,296
51001,SAN PABLO DE LIPEZ,desnutricion aguda,nutricion normal (n),2007-02-01,24,15,8,13,32,28,60
71005,SAN PEDRO,desnutricion aguda,nutricion normal (n),2007-02-01,133,115,71,78,204,193,397
50902,SAN PEDRO DE QUEMES,desnutricion aguda,nutricion normal (n),2007-02-01,4,5,3,5,7,10,17
90202,SAN PEDRO(PND),desnutricion aguda,nutricion normal (n),2007-02-01,7,4,4,5,11,9,20
70303,SAN RAFAEL,desnutricion aguda,nutricion normal (n),2007-02-01,43,30,23,26,66,56,122
80702,SAN RAMON,desnutricion aguda,nutricion normal (n),2007-02-01,27,32,25,22,52,54,106
80401,SANTA ANA,desnutricion aguda,nutricion normal (n),2007-02-01,100,100,42,50,142,150,292
70101,SANTA CRUZ DE LA SIERRA,desnutricion aguda,nutricion normal (n),2007-02-01,4374,4098,2122,1958,6496,6056,12552
80303,SANTA ROSA,desnutricion aguda,nutricion normal (n),2007-02-01,30,19,10,7,40,26,66
70602,SANTA ROSA DEL SARA,desnutricion aguda,nutricion normal (n),2007-02-01,102,98,69,90,171,188,359
41401,SANTIAGO DE HUARI,desnutricion aguda,nutricion normal (n),2007-02-01,43,48,40,39,83,87,170
30702,SANTIVAÑES,desnutricion aguda,nutricion normal (n),2007-02-01,44,34,69,61,113,95,208
40202,SANTUARIO DE QUILLACAS,desnutricion aguda,nutricion normal (n),2007-02-01,16,11,16,15,32,26,58
90303,SENA,desnutricion aguda,nutricion normal (n),2007-02-01,37,28,14,17,51,45,96
30703,SICAYA,desnutricion aguda,nutricion normal (n),2007-02-01,19,19,5,3,24,22,46
30902,SIPE SIPE,desnutricion aguda,nutricion normal (n),2007-02-01,135,133,48,49,183,182,365
10403,SOPACHUY,desnutricion aguda,nutricion normal (n),2007-02-01,122,104,85,92,207,196,403
40104,SORACACHI,desnutricion aguda,nutricion normal (n),2007-02-01,41,54,49,53,90,107,197
10101,SUCRE,desnutricion aguda,nutricion normal (n),2007-02-01,1159,1056,757,641,1916,1697,3613
31404,TACACHI,desnutricion aguda,nutricion normal (n),2007-02-01,6,10,0,0,6,10,16
50303,TACOBAMBA,desnutricion aguda,nutricion normal (n),2007-02-01,58,48,45,33,103,81,184
30602,TACOPAYA,desnutricion aguda,nutricion normal (n),2007-02-01,68,59,61,64,129,123,252
51402,TAHUA,desnutricion aguda,nutricion normal (n),2007-02-01,8,7,7,4,15,11,26
31101,TAPACARI,desnutricion aguda,nutricion normal (n),2007-02-01,189,150,85,56,274,206,480
10601,TARABUCO,desnutricion aguda,nutricion normal (n),2007-02-01,198,197,244,241,442,438,880
30401,TARATA,desnutricion aguda,nutricion normal (n),2007-02-01,41,51,19,21,60,72,132
60101,TARIJA,desnutricion aguda,nutricion normal (n),2007-02-01,856,813,388,382,1244,1195,2439
10202,TARVITA,desnutricion aguda,nutricion normal (n),2007-02-01,228,213,247,230,475,443,918
50102,TINGUIPAYA,desnutricion aguda,nutricion normal (n),2007-02-01,49,48,30,24,79,72,151
30903,TIQUIPAYA,desnutricion aguda,nutricion normal (n),2007-02-01,199,163,111,96,310,259,569
31601,TIRAQUE (CBBA),desnutricion aguda,nutricion normal (n),2007-02-01,216,185,120,108,336,293,629
30802,TOCO,desnutricion aguda,nutricion normal (n),2007-02-01,19,5,18,7,37,12,49
30803,TOLATA,desnutricion aguda,nutricion normal (n),2007-02-01,23,19,9,10,32,29,61
41001,TOLEDO,desnutricion aguda,nutricion normal (n),2007-02-01,32,19,19,20,51,39,90
51202,TOMAVE,desnutricion aguda,nutricion normal (n),2007-02-01,107,8,67,9,174,17,191
10402,TOMINA,desnutricion aguda,nutricion normal (n),2007-02-01,125,113,119,97,244,210,454
50502,TORO TORO,desnutricion aguda,nutricion normal (n),2007-02-01,24,31,28,25,52,56,108
31201,TOTORA(CBBA),desnutricion aguda,nutricion normal (n),2007-02-01,100,48,50,42,150,90,240
41301,TOTORA(ORR),desnutricion aguda,nutricion normal (n),2007-02-01,21,20,13,9,34,29,63
70802,TRIGAL,desnutricion aguda,nutricion normal (n),2007-02-01,9,8,9,13,18,21,39
80101,TRINIDAD,desnutricion aguda,nutricion normal (n),2007-02-01,654,561,293,242,947,803,1750
50801,TUPIZA,desnutricion aguda,nutricion normal (n),2007-02-01,289,225,236,244,525,469,994
40402,TURCO,desnutricion aguda,nutricion normal (n),2007-02-01,16,11,9,10,25,21,46
50201,UNCIA,desnutricion aguda,nutricion normal (n),2007-02-01,76,73,38,33,114,106,220
60401,URIONDO (A. CONCEPCION),desnutricion aguda,nutricion normal (n),2007-02-01,108,94,78,85,186,179,365
71502,URUBICHA,desnutricion aguda,nutricion normal (n),2007-02-01,70,80,137,101,207,181,388
51201,UYUNI,desnutricion aguda,nutricion normal (n),2007-02-01,102,107,41,34,143,141,284
30502,VACAS,desnutricion aguda,nutricion normal (n),2007-02-01,29,35,28,17,57,52,109
70801,VALLEGRANDE,desnutricion aguda,nutricion normal (n),2007-02-01,120,110,42,51,162,161,323
31302,VILA VILA,desnutricion aguda,nutricion normal (n),2007-02-01,3,6,6,4,9,10,19
60303,VILLA MONTES,desnutricion aguda,nutricion normal (n),2007-02-01,193,189,119,121,312,310,622
90502,VILLA NUEVA (LOMA ALTA),desnutricion aguda,nutricion normal (n),2007-02-01,9,6,4,7,13,13,26
31402,VILLA RIVERO,desnutricion aguda,nutricion normal (n),2007-02-01,22,32,35,29,57,61,118
10801,VILLA SERRANO,desnutricion aguda,nutricion normal (n),2007-02-01,113,120,146,132,259,252,511
31003,VILLA TUNARI,desnutricion aguda,nutricion normal (n),2007-02-01,511,413,300,236,811,649,1460
11001,VILLA VACA GUZMAN (MUYUPAMPA),desnutricion aguda,nutricion normal (n),2007-02-01,96,79,89,94,185,173,358
51501,VILLAZON,desnutricion aguda,nutricion normal (n),2007-02-01,235,247,115,114,350,361,711
30904,VINTO,desnutricion aguda,nutricion normal (n),2007-02-01,98,78,7,11,105,89,194
50602,VITICHI,desnutricion aguda,nutricion normal (n),2007-02-01,84,56,87,49,171,105,276
70201,WARNES,desnutricion aguda,nutricion normal (n),2007-02-01,213,215,176,159,389,374,763
60301,YACUIBA,desnutricion aguda,nutricion normal (n),2007-02-01,313,253,112,108,425,361,786
10602,YAMPARAEZ,desnutricion aguda,nutricion normal (n),2007-02-01,92,82,136,120,228,202,430
70403,YAPACANI,desnutricion aguda,nutricion normal (n),2007-02-01,248,256,111,108,359,364,723
50103,YOCALLA,desnutricion aguda,nutricion normal (n),2007-02-01,20,10,8,10,28,20,48
10102,YOTALA,desnutricion aguda,nutricion normal (n),2007-02-01,50,59,91,93,141,152,293
60402,YUNCHARA,desnutricion aguda,nutricion normal (n),2007-02-01,34,34,54,43,88,77,165
10301,ZUDAÑEZ,desnutricion aguda,nutricion normal (n),2007-02-01,62,48,68,54,130,102,232
51302,ACACIO,desnutricion aguda,nutricion normal (n),2007-03-01,25,20,24,22,49,42,91
30201,AIQUILE,desnutricion aguda,nutricion normal (n),2007-03-01,86,93,99,76,185,169,354
31303,ALALAY,desnutricion aguda,nutricion normal (n),2007-03-01,19,10,14,9,33,19,52
10404,ALCALA,desnutricion aguda,nutricion normal (n),2007-03-01,29,34,28,31,57,65,122
41201,ANDAMARCA,desnutricion aguda,nutricion normal (n),2007-03-01,22,13,42,39,64,52,116
40603,ANTEQUERA,desnutricion aguda,nutricion normal (n),2007-03-01,27,20,18,21,45,41,86
30402,ANZALDO,desnutricion aguda,nutricion normal (n),2007-03-01,36,52,34,34,70,86,156
51301,ARAMPAMPA,desnutricion aguda,nutricion normal (n),2007-03-01,58,52,41,57,99,109,208
30501,ARANI,desnutricion aguda,nutricion normal (n),2007-03-01,53,34,31,17,84,51,135
30403,ARBIETO,desnutricion aguda,nutricion normal (n),2007-03-01,44,36,43,46,87,82,169
30601,ARQUE,desnutricion aguda,nutricion normal (n),2007-03-01,61,66,47,32,108,98,206
71501,ASCENCION DE GUARAYOS,desnutricion aguda,nutricion normal (n),2007-03-01,3,1,0,0,3,1,4
50802,ATOCHA,desnutricion aguda,nutricion normal (n),2007-03-01,75,60,66,61,141,121,262
30301,AYOPAYA (V. DE INDEPENDENCIA),desnutricion aguda,nutricion normal (n),2007-03-01,177,161,101,100,278,261,539
10201,AZURDUY,desnutricion aguda,nutricion normal (n),2007-03-01,229,196,293,211,522,407,929
80802,BAURES,desnutricion aguda,nutricion normal (n),2007-03-01,38,43,46,48,84,91,175
41202,BELEN DE ANDAMARCA,desnutricion aguda,nutricion normal (n),2007-03-01,8,9,6,8,14,17,31
50104,BELEN DE URMIRI,desnutricion aguda,nutricion normal (n),2007-03-01,9,7,4,5,13,12,25
90104,BELLA FLOR,desnutricion aguda,nutricion normal (n),2007-03-01,25,22,24,27,49,49,98
60202,BERMEJO,desnutricion aguda,nutricion normal (n),2007-03-01,45,38,24,20,69,58,127
50301,BETANZOS,desnutricion aguda,nutricion normal (n),2007-03-01,202,168,197,195,399,363,762
31501,BOLIVAR,desnutricion aguda,nutricion normal (n),2007-03-01,48,50,54,55,102,105,207
90103,BOLPEBRA,desnutricion aguda,nutricion normal (n),2007-03-01,8,10,14,11,22,21,43
70707,BOYUIBE,desnutricion aguda,nutricion normal (n),2007-03-01,44,30,55,47,99,77,176
70401,BUENA VISTA,desnutricion aguda,nutricion normal (n),2007-03-01,119,132,113,126,232,258,490
70703,CABEZAS,desnutricion aguda,nutricion normal (n),2007-03-01,88,67,87,60,175,127,302
51102,"CAIZA ""D""",desnutricion aguda,nutricion normal (n),2007-03-01,54,54,63,61,117,115,232
21003,CAJUATA,desnutricion aguda,nutricion normal (n),2007-03-01,63,81,45,54,108,135,243
10701,CAMARGO,desnutricion aguda,nutricion normal (n),2007-03-01,133,150,100,106,233,256,489
10901,CAMATAQUI (C. VILLA ABECIA),desnutricion aguda,nutricion normal (n),2007-03-01,26,28,24,19,50,47,97
70706,CAMIRI,desnutricion aguda,nutricion normal (n),2007-03-01,318,336,350,293,668,629,1297
30701,CAPINOTA,desnutricion aguda,nutricion normal (n),2007-03-01,78,76,38,39,116,115,231
40102,CARACOLLO,desnutricion aguda,nutricion normal (n),2007-03-01,74,69,38,43,112,112,224
41503,CARANGAS,desnutricion aguda,nutricion normal (n),2007-03-01,0,0,4,4,4,4,8
60302,CARAPARI,desnutricion aguda,nutricion normal (n),2007-03-01,73,78,80,72,153,150,303
50702,CARIPUYO,desnutricion aguda,nutricion normal (n),2007-03-01,75,68,80,71,155,139,294
71403,CARMEN RIVERO TORREZ,desnutricion aguda,nutricion normal (n),2007-03-01,28,17,16,8,44,25,69
40201,CHALLAPATA,desnutricion aguda,nutricion normal (n),2007-03-01,115,115,79,79,194,194,388
50302,CHAQUI,desnutricion aguda,nutricion normal (n),2007-03-01,51,42,35,41,86,83,169
70702,CHARAGUA,desnutricion aguda,nutricion normal (n),2007-03-01,134,139,141,119,275,258,533
50202,CHAYANTA,desnutricion aguda,nutricion normal (n),2007-03-01,72,89,57,47,129,136,265
31204,CHIMORE,desnutricion aguda,nutricion normal (n),2007-03-01,72,68,84,76,156,144,300
40903,CHIPAYA,desnutricion aguda,nutricion normal (n),2007-03-01,4,11,8,6,12,17,29
40302,CHOQUE COTA,desnutricion aguda,nutricion normal (n),2007-03-01,3,2,0,4,3,6,9
30801,CLIZA,desnutricion aguda,nutricion normal (n),2007-03-01,2,0,2,3,4,3,7
90101,COBIJA,desnutricion aguda,nutricion normal (n),2007-03-01,285,248,179,108,464,356,820
30101,COCHABAMBA,desnutricion aguda,nutricion normal (n),2007-03-01,1893,1781,955,905,2848,2686,5534
40902,COIPASA,desnutricion aguda,nutricion normal (n),2007-03-01,2,2,1,1,3,3,6
30905,COLCAPIRHUA,desnutricion aguda,nutricion normal (n),2007-03-01,109,127,53,52,162,179,341
50901,"COLCHA ""K""",desnutricion aguda,nutricion normal (n),2007-03-01,68,56,43,62,111,118,229
31002,COLOMI,desnutricion aguda,nutricion normal (n),2007-03-01,172,140,83,70,255,210,465
70603,COLPA BELGICA,desnutricion aguda,nutricion normal (n),2007-03-01,35,53,24,27,59,80,139
50401,COLQUECHACA,desnutricion aguda,nutricion normal (n),2007-03-01,177,153,79,96,256,249,505
21004,COLQUIRI,desnutricion aguda,nutricion normal (n),2007-03-01,108,116,83,64,191,180,371
71301,COMARAPA,desnutricion aguda,nutricion normal (n),2007-03-01,108,104,85,109,193,213,406
71101,CONCEPCION,desnutricion aguda,nutricion normal (n),2007-03-01,108,82,67,47,175,129,304
40301,CORQUE,desnutricion aguda,nutricion normal (n),2007-03-01,32,34,34,48,66,82,148
50601,COTAGAITA,desnutricion aguda,nutricion normal (n),2007-03-01,195,212,147,126,342,338,680
70102,COTOCA,desnutricion aguda,nutricion normal (n),2007-03-01,127,119,7,9,134,128,262
71106,CUATRO CAÑADAS,desnutricion aguda,nutricion normal (n),2007-03-01,102,93,63,55,165,148,313
31405,CUCHUMUELA (V. G. VILLARROEL),desnutricion aguda,nutricion normal (n),2007-03-01,8,9,5,1,13,10,23
70704,CUEVO,desnutricion aguda,nutricion normal (n),2007-03-01,26,53,42,43,68,96,164
10902,CULPINA,desnutricion aguda,nutricion normal (n),2007-03-01,217,213,191,186,408,399,807
40401,CURAHUARA DE CARANGAS,desnutricion aguda,nutricion normal (n),2007-03-01,29,21,15,16,44,37,81
40103,EL CHORO,desnutricion aguda,nutricion normal (n),2007-03-01,18,7,11,21,29,28,57
71503,EL PUENTE(STC),desnutricion aguda,nutricion normal (n),2007-03-01,127,119,82,96,209,215,424
60502,EL PUENTE(TJA),desnutricion aguda,nutricion normal (n),2007-03-01,53,51,61,38,114,89,203
70105,EL TORNO,desnutricion aguda,nutricion normal (n),2007-03-01,74,70,8,5,82,75,157
10405,EL VILLAR,desnutricion aguda,nutricion normal (n),2007-03-01,77,67,87,70,164,137,301
60601,ENTRE RIOS,desnutricion aguda,nutricion normal (n),2007-03-01,178,145,152,138,330,283,613
60601,ENTRE RIOS,desnutricion aguda,nutricion normal (n),2007-03-01,175,191,113,97,288,288,576
40502,ESCARA,desnutricion aguda,nutricion normal (n),2007-03-01,0,1,1,2,1,3,4
40505,ESMERALDA,desnutricion aguda,nutricion normal (n),2007-03-01,0,0,1,1,1,1,2
41101,EUCALIPTUS,desnutricion aguda,nutricion normal (n),2007-03-01,32,37,63,69,95,106,201
80402,EXALTACION,desnutricion aguda,nutricion normal (n),2007-03-01,10,7,17,19,27,26,53
71004,FERNANDEZ ALONSO,desnutricion aguda,nutricion normal (n),2007-03-01,63,59,42,60,105,119,224
90203,FILADELFIA,desnutricion aguda,nutricion normal (n),2007-03-01,58,58,56,50,114,108,222
71002,GENERAL SAAVEDRA,desnutricion aguda,nutricion normal (n),2007-03-01,94,77,66,72,160,149,309
80202,GUAYARAMERIN,desnutricion aguda,nutricion normal (n),2007-03-01,285,239,151,138,436,377,813
70705,GUTIERREZ,desnutricion aguda,nutricion normal (n),2007-03-01,18,18,15,13,33,31,64
10502,HUACARETA,desnutricion aguda,nutricion normal (n),2007-03-01,113,103,119,110,232,213,445
11002,HUACAYA (VILLA DE HUACAYA),desnutricion aguda,nutricion normal (n),2007-03-01,38,45,51,49,89,94,183
40501,HUACHACALLA,desnutricion aguda,nutricion normal (n),2007-03-01,6,2,21,25,27,27,54
40701,HUANUNI,desnutricion aguda,nutricion normal (n),2007-03-01,40,41,54,47,94,88,182
80803,HUARACAJE,desnutricion aguda,nutricion normal (n),2007-03-01,30,17,23,11,53,28,81
41601,HUAYLLAMARCA,desnutricion aguda,nutricion normal (n),2007-03-01,14,12,12,11,26,23,49
21005,ICHOCA,desnutricion aguda,nutricion normal (n),2007-03-01,11,13,8,10,19,23,42
10304,ICLA,desnutricion aguda,nutricion normal (n),2007-03-01,138,136,172,172,310,308,618
10703,INCAHUASI,desnutricion aguda,nutricion normal (n),2007-03-01,207,194,149,145,356,339,695
90402,INGAVI (HUMAITA),desnutricion aguda,nutricion normal (n),2007-03-01,5,4,9,7,14,11,25
21001,INQUISIVI,desnutricion aguda,nutricion normal (n),2007-03-01,95,92,78,69,173,161,334
70104,LA GUARDIA,desnutricion aguda,nutricion normal (n),2007-03-01,145,140,48,57,193,197,390
41501,LA RIVERA,desnutricion aguda,nutricion normal (n),2007-03-01,2,1,1,4,3,5,8
70701,LAGUNILLAS,desnutricion aguda,nutricion normal (n),2007-03-01,54,62,83,84,137,146,283
10903,LAS CARRERAS,desnutricion aguda,nutricion normal (n),2007-03-01,38,42,48,52,86,94,180
21006,LICOMA PAMPA,desnutricion aguda,nutricion normal (n),2007-03-01,27,33,23,28,50,61,111
50203,LLALLAGUA,desnutricion aguda,nutricion normal (n),2007-03-01,228,185,176,119,404,304,708
51401,LLICA,desnutricion aguda,nutricion normal (n),2007-03-01,33,34,19,21,52,55,107
80601,LORETO,desnutricion aguda,nutricion normal (n),2007-03-01,17,17,29,24,46,41,87
40702,MACHACAMARCA,desnutricion aguda,nutricion normal (n),2007-03-01,28,29,28,18,56,47,103
11003,MACHARETI,desnutricion aguda,nutricion normal (n),2007-03-01,95,80,133,141,228,221,449
80801,MAGDALENA,desnutricion aguda,nutricion normal (n),2007-03-01,52,58,30,18,82,76,158
70903,MAIRANA,desnutricion aguda,nutricion normal (n),2007-03-01,111,98,46,31,157,129,286
71003,MINEROS,desnutricion aguda,nutricion normal (n),2007-03-01,170,165,114,92,284,257,541
31301,MIZQUE,desnutricion aguda,nutricion normal (n),2007-03-01,229,171,177,152,406,323,729
51002,MOJINETE,desnutricion aguda,nutricion normal (n),2007-03-01,2,1,4,6,6,7,13
10303,MOJOCOYA,desnutricion aguda,nutricion normal (n),2007-03-01,73,60,82,65,155,125,280
10501,MONTEAGUDO,desnutricion aguda,nutricion normal (n),2007-03-01,195,182,197,163,392,345,737
71001,MONTERO,desnutricion aguda,nutricion normal (n),2007-03-01,873,942,572,571,1445,1513,2958
70803,MORO MORO,desnutricion aguda,nutricion normal (n),2007-03-01,16,17,19,19,35,36,71
30302,MOROCHATA,desnutricion aguda,nutricion normal (n),2007-03-01,99,97,77,67,176,164,340
90401,NACEBE (SANTA ROSA DEL ABUNA),desnutricion aguda,nutricion normal (n),2007-03-01,23,26,14,21,37,47,84
90501,NUEVO MANOA (NUEVA ESPERANZA),desnutricion aguda,nutricion normal (n),2007-03-01,4,13,6,6,10,19,29
50404,OCURI,desnutricion aguda,nutricion normal (n),2007-03-01,107,120,111,98,218,218,436
70202,OKINAWA,desnutricion aguda,nutricion normal (n),2007-03-01,74,97,56,51,130,148,278
30203,OMEREQUE,desnutricion aguda,nutricion normal (n),2007-03-01,50,41,34,25,84,66,150
40101,ORURO,desnutricion aguda,nutricion normal (n),2007-03-01,987,995,587,585,1574,1580,3154
60201,PADCAYA,desnutricion aguda,nutricion normal (n),2007-03-01,81,72,52,61,133,133,266
10401,PADILLA,desnutricion aguda,nutricion normal (n),2007-03-01,125,157,160,160,285,317,602
70502,PAILON,desnutricion aguda,nutricion normal (n),2007-03-01,108,125,75,62,183,187,370
40802,PAMPA AULLAGAS,desnutricion aguda,nutricion normal (n),2007-03-01,17,25,17,14,34,39,73
70902,PAMPA GRANDE,desnutricion aguda,nutricion normal (n),2007-03-01,49,42,16,18,65,60,125
30202,PASORAPA,desnutricion aguda,nutricion normal (n),2007-03-01,19,20,30,26,49,46,95
40602,PAZÑA,desnutricion aguda,nutricion normal (n),2007-03-01,35,28,33,33,68,61,129
50403,POCOATA,desnutricion aguda,nutricion normal (n),2007-03-01,184,143,194,152,378,295,673
31203,POCONA,desnutricion aguda,nutricion normal (n),2007-03-01,67,54,42,47,109,101,210
31202,POJO (CBBA),desnutricion aguda,nutricion normal (n),2007-03-01,116,95,77,103,193,198,391
40601,POOPO,desnutricion aguda,nutricion normal (n),2007-03-01,40,27,11,11,51,38,89
51203,PORCO,desnutricion aguda,nutricion normal (n),2007-03-01,58,69,14,20,72,89,161
10103,POROMA,desnutricion aguda,nutricion normal (n),2007-03-01,115,89,115,74,230,163,393
70103,PORONGO,desnutricion aguda,nutricion normal (n),2007-03-01,12,8,1,0,13,8,21
70601,PORTACHUELO,desnutricion aguda,nutricion normal (n),2007-03-01,129,134,102,82,231,216,447
90102,PORVENIR,desnutricion aguda,nutricion normal (n),2007-03-01,43,48,39,42,82,90,172
70804,POSTRER VALLE,desnutricion aguda,nutricion normal (n),2007-03-01,8,13,5,9,13,22,35
50101,POTOSI,desnutricion aguda,nutricion normal (n),2007-03-01,910,791,497,411,1407,1202,2609
10302,PRESTO,desnutricion aguda,nutricion normal (n),2007-03-01,95,78,112,91,207,169,376
70805,PUCARA,desnutricion aguda,nutricion normal (n),2007-03-01,3,6,2,1,5,7,12
90301,PUERTO GONZALO MORENO,desnutricion aguda,nutricion normal (n),2007-03-01,32,19,19,20,51,39,90
71402,PUERTO QUIJARRO,desnutricion aguda,nutricion normal (n),2007-03-01,78,87,35,23,113,110,223
90201,PUERTO RICO,desnutricion aguda,nutricion normal (n),2007-03-01,55,66,27,22,82,88,170
80703,PUERTO SILES,desnutricion aguda,nutricion normal (n),2007-03-01,2,6,4,6,6,12,18
71401,PUERTO SUAREZ,desnutricion aguda,nutricion normal (n),2007-03-01,72,73,34,28,106,101,207
31205,PUERTO VILLARROEL,desnutricion aguda,nutricion normal (n),2007-03-01,335,251,207,171,542,422,964
51101,PUNA,desnutricion aguda,nutricion normal (n),2007-03-01,197,202,175,198,372,400,772
31401,PUNATA,desnutricion aguda,nutricion normal (n),2007-03-01,235,207,77,85,312,292,604
30901,QUILLACOLLO,desnutricion aguda,nutricion normal (n),2007-03-01,799,706,272,366,1071,1072,2143
21002,QUIME,desnutricion aguda,nutricion normal (n),2007-03-01,110,103,101,87,211,190,401
70904,QUIRUSILLAS,desnutricion aguda,nutricion normal (n),2007-03-01,17,11,22,12,39,23,62
50402,RAVELO,desnutricion aguda,nutricion normal (n),2007-03-01,154,161,159,123,313,284,597
80301,REYES,desnutricion aguda,nutricion normal (n),2007-03-01,72,78,67,47,139,125,264
80201,RIBERALTA,desnutricion aguda,nutricion normal (n),2007-03-01,934,736,325,261,1259,997,2256
70503,ROBORE,desnutricion aguda,nutricion normal (n),2007-03-01,144,128,85,89,229,217,446
80304,RURRENABAQUE,desnutricion aguda,nutricion normal (n),2007-03-01,73,88,30,36,103,124,227
40901,SABAYA,desnutricion aguda,nutricion normal (n),2007-03-01,21,23,25,18,46,41,87
31001,SACABA,desnutricion aguda,nutricion normal (n),2007-03-01,526,466,284,198,810,664,1474
30404,SACABAMBA,desnutricion aguda,nutricion normal (n),2007-03-01,33,26,37,17,70,43,113
50701,SACACA,desnutricion aguda,nutricion normal (n),2007-03-01,176,188,225,162,401,350,751
71302,SAIPINA,desnutricion aguda,nutricion normal (n),2007-03-01,37,34,70,72,107,106,213
40801,SALINAS DE GARCI MENDOZA,desnutricion aguda,nutricion normal (n),2007-03-01,80,71,59,62,139,133,272
70901,SAMAIPATA,desnutricion aguda,nutricion normal (n),2007-03-01,74,49,50,28,124,77,201
51601,SAN AGUSTIN,desnutricion aguda,nutricion normal (n),2007-03-01,18,15,10,17,28,32,60
80602,SAN ANDRES,desnutricion aguda,nutricion normal (n),2007-03-01,80,54,69,70,149,124,273
51003,SAN ANTONIO DE ESMORUCO,desnutricion aguda,nutricion normal (n),2007-03-01,5,8,8,7,13,15,28
71105,SAN ANTONIO DE LOMERIO,desnutricion aguda,nutricion normal (n),2007-03-01,91,68,95,66,186,134,320
31403,SAN BENITO,desnutricion aguda,nutricion normal (n),2007-03-01,79,46,32,33,111,79,190
80302,SAN BORJA,desnutricion aguda,nutricion normal (n),2007-03-01,328,330,145,139,473,469,942
70402,SAN CARLOS,desnutricion aguda,nutricion normal (n),2007-03-01,195,196,91,98,286,294,580
80501,SAN IGNACIO,desnutricion aguda,nutricion normal (n),2007-03-01,87,65,88,84,175,149,324
70301,SAN IGNACIO DE VELASCO,desnutricion aguda,nutricion normal (n),2007-03-01,435,384,330,305,765,689,1454
80102,SAN JAVIER(BNI),desnutricion aguda,nutricion normal (n),2007-03-01,7,10,10,11,17,21,38
80701,SAN JOAQUIN,desnutricion aguda,nutricion normal (n),2007-03-01,29,18,22,19,51,37,88
70501,SAN JOSE DE CHIQUITOS,desnutricion aguda,nutricion normal (n),2007-03-01,64,70,35,43,99,113,212
70404,SAN JUAN DE YAPACANI,desnutricion aguda,nutricion normal (n),2007-03-01,81,81,76,74,157,155,312
71104,SAN JULIAN,desnutricion aguda,nutricion normal (n),2007-03-01,131,146,192,203,323,349,672
90302,SAN LORENZO(PND),desnutricion aguda,nutricion normal (n),2007-03-01,46,40,34,36,80,76,156
60501,SAN LORENZO(TJA),desnutricion aguda,nutricion normal (n),2007-03-01,100,95,102,81,202,176,378
10702,SAN LUCAS,desnutricion aguda,nutricion normal (n),2007-03-01,359,336,347,338,706,674,1380
71201,SAN MATIAS,desnutricion aguda,nutricion normal (n),2007-03-01,77,102,77,57,154,159,313
70302,SAN MIGUEL DE VELASCO,desnutricion aguda,nutricion normal (n),2007-03-01,93,90,57,52,150,142,292
51001,SAN PABLO DE LIPEZ,desnutricion aguda,nutricion normal (n),2007-03-01,40,20,12,11,52,31,83
71005,SAN PEDRO,desnutricion aguda,nutricion normal (n),2007-03-01,138,154,119,101,257,255,512
50902,SAN PEDRO DE QUEMES,desnutricion aguda,nutricion normal (n),2007-03-01,1,4,3,2,4,6,10
90202,SAN PEDRO(PND),desnutricion aguda,nutricion normal (n),2007-03-01,5,7,3,12,8,19,27
70303,SAN RAFAEL,desnutricion aguda,nutricion normal (n),2007-03-01,46,47,40,29,86,76,162
80702,SAN RAMON,desnutricion aguda,nutricion normal (n),2007-03-01,27,26,20,14,47,40,87
80401,SANTA ANA,desnutricion aguda,nutricion normal (n),2007-03-01,98,120,64,66,162,186,348
70101,SANTA CRUZ DE LA SIERRA,desnutricion aguda,nutricion normal (n),2007-03-01,5115,4294,2705,2512,7820,6806,14626
80303,SANTA ROSA,desnutricion aguda,nutricion normal (n),2007-03-01,32,22,12,15,44,37,81
70602,SANTA ROSA DEL SARA,desnutricion aguda,nutricion normal (n),2007-03-01,93,112,78,96,171,208,379
41401,SANTIAGO DE HUARI,desnutricion aguda,nutricion normal (n),2007-03-01,53,43,50,53,103,96,199
30702,SANTIVAÑES,desnutricion aguda,nutricion normal (n),2007-03-01,50,44,71,63,121,107,228
40202,SANTUARIO DE QUILLACAS,desnutricion aguda,nutricion normal (n),2007-03-01,12,12,17,15,29,27,56
90303,SENA,desnutricion aguda,nutricion normal (n),2007-03-01,52,43,26,31,78,74,152
30703,SICAYA,desnutricion aguda,nutricion normal (n),2007-03-01,17,23,8,2,25,25,50
30902,SIPE SIPE,desnutricion aguda,nutricion normal (n),2007-03-01,226,174,100,79,326,253,579
10403,SOPACHUY,desnutricion aguda,nutricion normal (n),2007-03-01,128,115,96,83,224,198,422
40104,SORACACHI,desnutricion aguda,nutricion normal (n),2007-03-01,70,55,70,51,140,106,246
10101,SUCRE,desnutricion aguda,nutricion normal (n),2007-03-01,1217,1198,1087,985,2304,2183,4487
31404,TACACHI,desnutricion aguda,nutricion normal (n),2007-03-01,6,5,4,2,10,7,17
50303,TACOBAMBA,desnutricion aguda,nutricion normal (n),2007-03-01,41,39,45,25,86,64,150
30602,TACOPAYA,desnutricion aguda,nutricion normal (n),2007-03-01,80,93,90,72,170,165,335
51402,TAHUA,desnutricion aguda,nutricion normal (n),2007-03-01,13,7,5,3,18,10,28
31101,TAPACARI,desnutricion aguda,nutricion normal (n),2007-03-01,229,175,127,119,356,294,650
10601,TARABUCO,desnutricion aguda,nutricion normal (n),2007-03-01,184,196,268,248,452,444,896
30401,TARATA,desnutricion aguda,nutricion normal (n),2007-03-01,40,46,24,48,64,94,158
60101,TARIJA,desnutricion aguda,nutricion normal (n),2007-03-01,973,872,574,626,1547,1498,3045
10202,TARVITA,desnutricion aguda,nutricion normal (n),2007-03-01,265,240,327,265,592,505,1097
50102,TINGUIPAYA,desnutricion aguda,nutricion normal (n),2007-03-01,93,75,69,74,162,149,311
30903,TIQUIPAYA,desnutricion aguda,nutricion normal (n),2007-03-01,235,214,128,116,363,330,693
31601,TIRAQUE (CBBA),desnutricion aguda,nutricion normal (n),2007-03-01,199,163,67,84,266,247,513
30802,TOCO,desnutricion aguda,nutricion normal (n),2007-03-01,32,13,18,12,50,25,75
41502,TODOS SANTOS,desnutricion aguda,nutricion normal (n),2007-03-01,1,0,6,4,7,4,11
30803,TOLATA,desnutricion aguda,nutricion normal (n),2007-03-01,28,23,16,15,44,38,82
41001,TOLEDO,desnutricion aguda,nutricion normal (n),2007-03-01,44,41,28,40,72,81,153
51202,TOMAVE,desnutricion aguda,nutricion normal (n),2007-03-01,95,27,82,11,177,38,215
10402,TOMINA,desnutricion aguda,nutricion normal (n),2007-03-01,122,125,131,122,253,247,500
50502,TORO TORO,desnutricion aguda,nutricion normal (n),2007-03-01,56,57,91,72,147,129,276
31201,TOTORA(CBBA),desnutricion aguda,nutricion normal (n),2007-03-01,99,91,44,43,143,134,277
41301,TOTORA(ORR),desnutricion aguda,nutricion normal (n),2007-03-01,16,28,26,18,42,46,88
70802,TRIGAL,desnutricion aguda,nutricion normal (n),2007-03-01,13,10,12,18,25,28,53
80101,TRINIDAD,desnutricion aguda,nutricion normal (n),2007-03-01,570,585,334,236,904,821,1725
50801,TUPIZA,desnutricion aguda,nutricion normal (n),2007-03-01,203,261,199,196,402,457,859
40402,TURCO,desnutricion aguda,nutricion normal (n),2007-03-01,37,35,33,42,70,77,147
50201,UNCIA,desnutricion aguda,nutricion normal (n),2007-03-01,82,77,43,49,125,126,251
60401,URIONDO (A. CONCEPCION),desnutricion aguda,nutricion normal (n),2007-03-01,155,133,83,122,238,255,493
51201,UYUNI,desnutricion aguda,nutricion normal (n),2007-03-01,139,131,73,86,212,217,429
30502,VACAS,desnutricion aguda,nutricion normal (n),2007-03-01,51,28,18,17,69,45,114
70801,VALLEGRANDE,desnutricion aguda,nutricion normal (n),2007-03-01,121,126,70,76,191,202,393
31302,VILA VILA,desnutricion aguda,nutricion normal (n),2007-03-01,15,14,11,5,26,19,45
60303,VILLA MONTES,desnutricion aguda,nutricion normal (n),2007-03-01,253,197,150,137,403,334,737
90502,VILLA NUEVA (LOMA ALTA),desnutricion aguda,nutricion normal (n),2007-03-01,3,6,3,2,6,8,14
31402,VILLA RIVERO,desnutricion aguda,nutricion normal (n),2007-03-01,41,27,26,19,67,46,113
10801,VILLA SERRANO,desnutricion aguda,nutricion normal (n),2007-03-01,140,140,184,171,324,311,635
31003,VILLA TUNARI,desnutricion aguda,nutricion normal (n),2007-03-01,358,309,237,196,595,505,1100
11001,VILLA VACA GUZMAN (MUYUPAMPA),desnutricion aguda,nutricion normal (n),2007-03-01,92,90,132,138,224,228,452
51501,VILLAZON,desnutricion aguda,nutricion normal (n),2007-03-01,211,220,150,135,361,355,716
30904,VINTO,desnutricion aguda,nutricion normal (n),2007-03-01,172,139,24,40,196,179,375
50602,VITICHI,desnutricion aguda,nutricion normal (n),2007-03-01,92,55,48,42,140,97,237
70201,WARNES,desnutricion aguda,nutricion normal (n),2007-03-01,316,291,236,226,552,517,1069
60301,YACUIBA,desnutricion aguda,nutricion normal (n),2007-03-01,292,227,129,129,421,356,777
10602,YAMPARAEZ,desnutricion aguda,nutricion normal (n),2007-03-01,93,97,154,139,247,236,483
70403,YAPACANI,desnutricion aguda,nutricion normal (n),2007-03-01,276,265,155,131,431,396,827
50103,YOCALLA,desnutricion aguda,nutricion normal (n),2007-03-01,29,21,28,29,57,50,107
10102,YOTALA,desnutricion aguda,nutricion normal (n),2007-03-01,75,83,100,93,175,176,351
60402,YUNCHARA,desnutricion aguda,nutricion normal (n),2007-03-01,35,24,40,39,75,63,138
10301,ZUDAÑEZ,desnutricion aguda,nutricion normal (n),2007-03-01,78,72,98,74,176,146,322
51302,ACACIO,desnutricion aguda,nutricion normal (n),2007-04-01,67,61,53,45,120,106,226
30201,AIQUILE,desnutricion aguda,nutricion normal (n),2007-04-01,43,41,42,47,85,88,173
31303,ALALAY,desnutricion aguda,nutricion normal (n),2007-04-01,23,19,20,10,43,29,72
10404,ALCALA,desnutricion aguda,nutricion normal (n),2007-04-01,32,41,34,35,66,76,142
41201,ANDAMARCA,desnutricion aguda,nutricion normal (n),2007-04-01,20,18,25,25,45,43,88
40603,ANTEQUERA,desnutricion aguda,nutricion normal (n),2007-04-01,12,13,51,43,63,56,119
30402,ANZALDO,desnutricion aguda,nutricion normal (n),2007-04-01,23,45,43,22,66,67,133
51301,ARAMPAMPA,desnutricion aguda,nutricion normal (n),2007-04-01,54,45,45,38,99,83,182
30501,ARANI,desnutricion aguda,nutricion normal (n),2007-04-01,4,8,1,3,5,11,16
30403,ARBIETO,desnutricion aguda,nutricion normal (n),2007-04-01,48,41,39,41,87,82,169
30601,ARQUE,desnutricion aguda,nutricion normal (n),2007-04-01,37,34,21,26,58,60,118
71501,ASCENCION DE GUARAYOS,desnutricion aguda,nutricion normal (n),2007-04-01,217,246,232,219,449,465,914
50802,ATOCHA,desnutricion aguda,nutricion normal (n),2007-04-01,89,83,77,87,166,170,336
30301,AYOPAYA (V. DE INDEPENDENCIA),desnutricion aguda,nutricion normal (n),2007-04-01,126,129,82,80,208,209,417
10201,AZURDUY,desnutricion aguda,nutricion normal (n),2007-04-01,242,204,272,212,514,416,930
80802,BAURES,desnutricion aguda,nutricion normal (n),2007-04-01,40,39,28,29,68,68,136
41202,BELEN DE ANDAMARCA,desnutricion aguda,nutricion normal (n),2007-04-01,5,16,8,7,13,23,36
50104,BELEN DE URMIRI,desnutricion aguda,nutricion normal (n),2007-04-01,8,14,7,5,15,19,34
90104,BELLA FLOR,desnutricion aguda,nutricion normal (n),2007-04-01,24,37,38,21,62,58,120
60202,BERMEJO,desnutricion aguda,nutricion normal (n),2007-04-01,50,40,10,11,60,51,111
50301,BETANZOS,desnutricion aguda,nutricion normal (n),2007-04-01,228,187,218,190,446,377,823
31501,BOLIVAR,desnutricion aguda,nutricion normal (n),2007-04-01,53,36,26,27,79,63,142
90103,BOLPEBRA,desnutricion aguda,nutricion normal (n),2007-04-01,20,12,21,24,41,36,77
70707,BOYUIBE,desnutricion aguda,nutricion normal (n),2007-04-01,32,20,33,37,65,57,122
70401,BUENA VISTA,desnutricion aguda,nutricion normal (n),2007-04-01,124,106,92,98,216,204,420
70703,CABEZAS,desnutricion aguda,nutricion normal (n),2007-04-01,125,92,86,77,211,169,380
51102,"CAIZA ""D""",desnutricion aguda,nutricion normal (n),2007-04-01,45,53,39,49,84,102,186
21003,CAJUATA,desnutricion aguda,nutricion normal (n),2007-04-01,71,74,58,47,129,121,250
10701,CAMARGO,desnutricion aguda,nutricion normal (n),2007-04-01,138,137,117,120,255,257,512
10901,CAMATAQUI (C. VILLA ABECIA),desnutricion aguda,nutricion normal (n),2007-04-01,31,39,31,32,62,71,133
70706,CAMIRI,desnutricion aguda,nutricion normal (n),2007-04-01,291,285,362,261,653,546,1199
30701,CAPINOTA,desnutricion aguda,nutricion normal (n),2007-04-01,101,91,68,36,169,127,296
40102,CARACOLLO,desnutricion aguda,nutricion normal (n),2007-04-01,51,78,31,30,82,108,190
41503,CARANGAS,desnutricion aguda,nutricion normal (n),2007-04-01,2,1,0,4,2,5,7
60302,CARAPARI,desnutricion aguda,nutricion normal (n),2007-04-01,75,90,88,65,163,155,318
50702,CARIPUYO,desnutricion aguda,nutricion normal (n),2007-04-01,74,49,68,68,142,117,259
71403,CARMEN RIVERO TORREZ,desnutricion aguda,nutricion normal (n),2007-04-01,29,17,12,12,41,29,70
40201,CHALLAPATA,desnutricion aguda,nutricion normal (n),2007-04-01,132,119,85,76,217,195,412
50302,CHAQUI,desnutricion aguda,nutricion normal (n),2007-04-01,40,39,36,50,76,89,165
70702,CHARAGUA,desnutricion aguda,nutricion normal (n),2007-04-01,141,139,105,112,246,251,497
50202,CHAYANTA,desnutricion aguda,nutricion normal (n),2007-04-01,35,41,40,32,75,73,148
31204,CHIMORE,desnutricion aguda,nutricion normal (n),2007-04-01,65,83,72,37,137,120,257
40903,CHIPAYA,desnutricion aguda,nutricion normal (n),2007-04-01,2,8,4,10,6,18,24
40302,CHOQUE COTA,desnutricion aguda,nutricion normal (n),2007-04-01,4,7,4,2,8,9,17
90101,COBIJA,desnutricion aguda,nutricion normal (n),2007-04-01,267,217,139,138,406,355,761
30101,COCHABAMBA,desnutricion aguda,nutricion normal (n),2007-04-01,1557,1497,771,756,2328,2253,4581
40902,COIPASA,desnutricion aguda,nutricion normal (n),2007-04-01,2,3,5,8,7,11,18
30905,COLCAPIRHUA,desnutricion aguda,nutricion normal (n),2007-04-01,133,77,29,43,162,120,282
50901,"COLCHA ""K""",desnutricion aguda,nutricion normal (n),2007-04-01,66,57,33,49,99,106,205
31002,COLOMI,desnutricion aguda,nutricion normal (n),2007-04-01,200,160,102,95,302,255,557
70603,COLPA BELGICA,desnutricion aguda,nutricion normal (n),2007-04-01,35,50,36,36,71,86,157
50401,COLQUECHACA,desnutricion aguda,nutricion normal (n),2007-04-01,121,106,67,57,188,163,351
21004,COLQUIRI,desnutricion aguda,nutricion normal (n),2007-04-01,110,110,68,69,178,179,357
71301,COMARAPA,desnutricion aguda,nutricion normal (n),2007-04-01,62,55,53,55,115,110,225
71101,CONCEPCION,desnutricion aguda,nutricion normal (n),2007-04-01,184,123,70,44,254,167,421
40301,CORQUE,desnutricion aguda,nutricion normal (n),2007-04-01,29,20,31,34,60,54,114
50601,COTAGAITA,desnutricion aguda,nutricion normal (n),2007-04-01,173,154,138,132,311,286,597
70102,COTOCA,desnutricion aguda,nutricion normal (n),2007-04-01,167,166,81,67,248,233,481
71106,CUATRO CAÑADAS,desnutricion aguda,nutricion normal (n),2007-04-01,64,78,62,53,126,131,257
31405,CUCHUMUELA (V. G. VILLARROEL),desnutricion aguda,nutricion normal (n),2007-04-01,11,6,1,2,12,8,20
70704,CUEVO,desnutricion aguda,nutricion normal (n),2007-04-01,27,26,32,35,59,61,120
10902,CULPINA,desnutricion aguda,nutricion normal (n),2007-04-01,213,203,173,199,386,402,788
40401,CURAHUARA DE CARANGAS,desnutricion aguda,nutricion normal (n),2007-04-01,24,16,17,6,41,22,63
40103,EL CHORO,desnutricion aguda,nutricion normal (n),2007-04-01,22,10,17,31,39,41,80
71503,EL PUENTE(STC),desnutricion aguda,nutricion normal (n),2007-04-01,126,103,86,84,212,187,399
60502,EL PUENTE(TJA),desnutricion aguda,nutricion normal (n),2007-04-01,52,52,59,37,111,89,200
70105,EL TORNO,desnutricion aguda,nutricion normal (n),2007-04-01,123,121,53,50,176,171,347
10405,EL VILLAR,desnutricion aguda,nutricion normal (n),2007-04-01,70,61,73,52,143,113,256
60601,ENTRE RIOS,desnutricion aguda,nutricion normal (n),2007-04-01,74,90,50,60,124,150,274
60601,ENTRE RIOS,desnutricion aguda,nutricion normal (n),2007-04-01,230,230,116,127,346,357,703
40502,ESCARA,desnutricion aguda,nutricion normal (n),2007-04-01,0,0,1,4,1,4,5
40505,ESMERALDA,desnutricion aguda,nutricion normal (n),2007-04-01,0,0,2,3,2,3,5
41101,EUCALIPTUS,desnutricion aguda,nutricion normal (n),2007-04-01,14,15,11,10,25,25,50
90503,EUREKA (SANTOS MERCADO),desnutricion aguda,nutricion normal (n),2007-04-01,8,10,5,12,13,22,35
80402,EXALTACION,desnutricion aguda,nutricion normal (n),2007-04-01,26,22,92,50,118,72,190
71004,FERNANDEZ ALONSO,desnutricion aguda,nutricion normal (n),2007-04-01,71,46,46,34,117,80,197
90203,FILADELFIA,desnutricion aguda,nutricion normal (n),2007-04-01,37,22,30,21,67,43,110
71002,GENERAL SAAVEDRA,desnutricion aguda,nutricion normal (n),2007-04-01,60,54,27,37,87,91,178
80202,GUAYARAMERIN,desnutricion aguda,nutricion normal (n),2007-04-01,241,264,148,110,389,374,763
70705,GUTIERREZ,desnutricion aguda,nutricion normal (n),2007-04-01,107,100,145,143,252,243,495
10502,HUACARETA,desnutricion aguda,nutricion normal (n),2007-04-01,118,112,155,127,273,239,512
11002,HUACAYA (VILLA DE HUACAYA),desnutricion aguda,nutricion normal (n),2007-04-01,27,29,41,27,68,56,124
40501,HUACHACALLA,desnutricion aguda,nutricion normal (n),2007-04-01,8,11,5,5,13,16,29
40701,HUANUNI,desnutricion aguda,nutricion normal (n),2007-04-01,51,52,47,38,98,90,188
80803,HUARACAJE,desnutricion aguda,nutricion normal (n),2007-04-01,25,23,26,25,51,48,99
41601,HUAYLLAMARCA,desnutricion aguda,nutricion normal (n),2007-04-01,17,17,6,6,23,23,46
21005,ICHOCA,desnutricion aguda,nutricion normal (n),2007-04-01,16,14,17,16,33,30,63
10304,ICLA,desnutricion aguda,nutricion normal (n),2007-04-01,111,124,168,161,279,285,564
10703,INCAHUASI,desnutricion aguda,nutricion normal (n),2007-04-01,271,295,273,283,544,578,1122
90402,INGAVI (HUMAITA),desnutricion aguda,nutricion normal (n),2007-04-01,22,14,29,17,51,31,82
21001,INQUISIVI,desnutricion aguda,nutricion normal (n),2007-04-01,99,107,102,96,201,203,404
70104,LA GUARDIA,desnutricion aguda,nutricion normal (n),2007-04-01,348,354,182,174,530,528,1058
41501,LA RIVERA,desnutricion aguda,nutricion normal (n),2007-04-01,3,1,1,3,4,4,8
70701,LAGUNILLAS,desnutricion aguda,nutricion normal (n),2007-04-01,53,63,75,80,128,143,271
10903,LAS CARRERAS,desnutricion aguda,nutricion normal (n),2007-04-01,39,39,46,46,85,85,170
21006,LICOMA PAMPA,desnutricion aguda,nutricion normal (n),2007-04-01,14,21,6,19,20,40,60
50203,LLALLAGUA,desnutricion aguda,nutricion normal (n),2007-04-01,142,104,105,50,247,154,401
51401,LLICA,desnutricion aguda,nutricion normal (n),2007-04-01,21,23,20,17,41,40,81
80601,LORETO,desnutricion aguda,nutricion normal (n),2007-04-01,22,24,15,11,37,35,72
40702,MACHACAMARCA,desnutricion aguda,nutricion normal (n),2007-04-01,18,11,13,17,31,28,59
11003,MACHARETI,desnutricion aguda,nutricion normal (n),2007-04-01,87,84,108,123,195,207,402
80801,MAGDALENA,desnutricion aguda,nutricion normal (n),2007-04-01,91,71,27,28,118,99,217
70903,MAIRANA,desnutricion aguda,nutricion normal (n),2007-04-01,89,90,57,25,146,115,261
71003,MINEROS,desnutricion aguda,nutricion normal (n),2007-04-01,169,134,110,105,279,239,518
31301,MIZQUE,desnutricion aguda,nutricion normal (n),2007-04-01,135,148,92,85,227,233,460
51002,MOJINETE,desnutricion aguda,nutricion normal (n),2007-04-01,3,2,4,4,7,6,13
10303,MOJOCOYA,desnutricion aguda,nutricion normal (n),2007-04-01,67,69,85,87,152,156,308
10501,MONTEAGUDO,desnutricion aguda,nutricion normal (n),2007-04-01,223,169,267,227,490,396,886
71001,MONTERO,desnutricion aguda,nutricion normal (n),2007-04-01,860,718,503,461,1363,1179,2542
70803,MORO MORO,desnutricion aguda,nutricion normal (n),2007-04-01,15,19,34,23,49,42,91
30302,MOROCHATA,desnutricion aguda,nutricion normal (n),2007-04-01,139,140,80,79,219,219,438
90401,NACEBE (SANTA ROSA DEL ABUNA),desnutricion aguda,nutricion normal (n),2007-04-01,20,25,23,17,43,42,85
90501,NUEVO MANOA (NUEVA ESPERANZA),desnutricion aguda,nutricion normal (n),2007-04-01,1,0,4,4,5,4,9
50404,OCURI,desnutricion aguda,nutricion normal (n),2007-04-01,74,87,51,44,125,131,256
70202,OKINAWA,desnutricion aguda,nutricion normal (n),2007-04-01,79,87,63,43,142,130,272
30203,OMEREQUE,desnutricion aguda,nutricion normal (n),2007-04-01,18,14,18,25,36,39,75
40101,ORURO,desnutricion aguda,nutricion normal (n),2007-04-01,1017,961,544,515,1561,1476,3037
60201,PADCAYA,desnutricion aguda,nutricion normal (n),2007-04-01,88,82,47,69,135,151,286
10401,PADILLA,desnutricion aguda,nutricion normal (n),2007-04-01,160,158,189,214,349,372,721
70502,PAILON,desnutricion aguda,nutricion normal (n),2007-04-01,123,110,80,64,203,174,377
40802,PAMPA AULLAGAS,desnutricion aguda,nutricion normal (n),2007-04-01,16,14,14,11,30,25,55
70902,PAMPA GRANDE,desnutricion aguda,nutricion normal (n),2007-04-01,51,47,40,47,91,94,185
30202,PASORAPA,desnutricion aguda,nutricion normal (n),2007-04-01,20,18,40,34,60,52,112
40602,PAZÑA,desnutricion aguda,nutricion normal (n),2007-04-01,37,31,16,25,53,56,109
50403,POCOATA,desnutricion aguda,nutricion normal (n),2007-04-01,109,90,95,64,204,154,358
31203,POCONA,desnutricion aguda,nutricion normal (n),2007-04-01,56,49,39,30,95,79,174
31202,POJO (CBBA),desnutricion aguda,nutricion normal (n),2007-04-01,62,52,24,25,86,77,163
40601,POOPO,desnutricion aguda,nutricion normal (n),2007-04-01,28,28,21,18,49,46,95
51203,PORCO,desnutricion aguda,nutricion normal (n),2007-04-01,71,65,35,21,106,86,192
10103,POROMA,desnutricion aguda,nutricion normal (n),2007-04-01,127,123,131,130,258,253,511
70103,PORONGO,desnutricion aguda,nutricion normal (n),2007-04-01,33,37,21,19,54,56,110
70601,PORTACHUELO,desnutricion aguda,nutricion normal (n),2007-04-01,177,147,128,86,305,233,538
90102,PORVENIR,desnutricion aguda,nutricion normal (n),2007-04-01,45,41,36,25,81,66,147
70804,POSTRER VALLE,desnutricion aguda,nutricion normal (n),2007-04-01,8,8,5,22,13,30,43
50101,POTOSI,desnutricion aguda,nutricion normal (n),2007-04-01,649,658,303,332,952,990,1942
10302,PRESTO,desnutricion aguda,nutricion normal (n),2007-04-01,84,60,110,95,194,155,349
70805,PUCARA,desnutricion aguda,nutricion normal (n),2007-04-01,9,10,15,16,24,26,50
90301,PUERTO GONZALO MORENO,desnutricion aguda,nutricion normal (n),2007-04-01,22,37,34,13,56,50,106
71402,PUERTO QUIJARRO,desnutricion aguda,nutricion normal (n),2007-04-01,70,54,15,13,85,67,152
90201,PUERTO RICO,desnutricion aguda,nutricion normal (n),2007-04-01,50,32,27,37,77,69,146
80703,PUERTO SILES,desnutricion aguda,nutricion normal (n),2007-04-01,21,7,25,35,46,42,88
71401,PUERTO SUAREZ,desnutricion aguda,nutricion normal (n),2007-04-01,63,66,9,18,72,84,156
31205,PUERTO VILLARROEL,desnutricion aguda,nutricion normal (n),2007-04-01,368,300,193,203,561,503,1064
51101,PUNA,desnutricion aguda,nutricion normal (n),2007-04-01,134,129,132,111,266,240,506
31401,PUNATA,desnutricion aguda,nutricion normal (n),2007-04-01,201,198,59,66,260,264,524
30901,QUILLACOLLO,desnutricion aguda,nutricion normal (n),2007-04-01,692,647,254,223,946,870,1816
21002,QUIME,desnutricion aguda,nutricion normal (n),2007-04-01,112,88,102,86,214,174,388
70904,QUIRUSILLAS,desnutricion aguda,nutricion normal (n),2007-04-01,6,3,10,8,16,11,27
50402,RAVELO,desnutricion aguda,nutricion normal (n),2007-04-01,113,106,116,107,229,213,442
80301,REYES,desnutricion aguda,nutricion normal (n),2007-04-01,53,51,50,53,103,104,207
80201,RIBERALTA,desnutricion aguda,nutricion normal (n),2007-04-01,788,633,263,245,1051,878,1929
70503,ROBORE,desnutricion aguda,nutricion normal (n),2007-04-01,111,85,72,46,183,131,314
80304,RURRENABAQUE,desnutricion aguda,nutricion normal (n),2007-04-01,60,59,23,28,83,87,170
40901,SABAYA,desnutricion aguda,nutricion normal (n),2007-04-01,13,19,11,12,24,31,55
31001,SACABA,desnutricion aguda,nutricion normal (n),2007-04-01,511,433,200,158,711,591,1302
30404,SACABAMBA,desnutricion aguda,nutricion normal (n),2007-04-01,33,33,15,9,48,42,90
50701,SACACA,desnutricion aguda,nutricion normal (n),2007-04-01,159,169,202,131,361,300,661
71302,SAIPINA,desnutricion aguda,nutricion normal (n),2007-04-01,13,9,15,13,28,22,50
40801,SALINAS DE GARCI MENDOZA,desnutricion aguda,nutricion normal (n),2007-04-01,54,67,34,43,88,110,198
70901,SAMAIPATA,desnutricion aguda,nutricion normal (n),2007-04-01,74,52,82,58,156,110,266
51601,SAN AGUSTIN,desnutricion aguda,nutricion normal (n),2007-04-01,17,12,21,18,38,30,68
80602,SAN ANDRES,desnutricion aguda,nutricion normal (n),2007-04-01,88,54,69,64,157,118,275
51003,SAN ANTONIO DE ESMORUCO,desnutricion aguda,nutricion normal (n),2007-04-01,11,10,3,3,14,13,27
71105,SAN ANTONIO DE LOMERIO,desnutricion aguda,nutricion normal (n),2007-04-01,74,71,86,60,160,131,291
31403,SAN BENITO,desnutricion aguda,nutricion normal (n),2007-04-01,30,28,24,13,54,41,95
80302,SAN BORJA,desnutricion aguda,nutricion normal (n),2007-04-01,280,273,152,129,432,402,834
70402,SAN CARLOS,desnutricion aguda,nutricion normal (n),2007-04-01,181,177,105,115,286,292,578
80501,SAN IGNACIO,desnutricion aguda,nutricion normal (n),2007-04-01,143,155,129,84,272,239,511
70301,SAN IGNACIO DE VELASCO,desnutricion aguda,nutricion normal (n),2007-04-01,380,349,259,283,639,632,1271
80102,SAN JAVIER(BNI),desnutricion aguda,nutricion normal (n),2007-04-01,13,11,11,13,24,24,48
80701,SAN JOAQUIN,desnutricion aguda,nutricion normal (n),2007-04-01,12,6,22,9,34,15,49
70501,SAN JOSE DE CHIQUITOS,desnutricion aguda,nutricion normal (n),2007-04-01,48,35,32,20,80,55,135
70404,SAN JUAN DE YAPACANI,desnutricion aguda,nutricion normal (n),2007-04-01,64,69,55,43,119,112,231
71104,SAN JULIAN,desnutricion aguda,nutricion normal (n),2007-04-01,64,76,50,51,114,127,241
90302,SAN LORENZO(PND),desnutricion aguda,nutricion normal (n),2007-04-01,24,23,21,14,45,37,82
60501,SAN LORENZO(TJA),desnutricion aguda,nutricion normal (n),2007-04-01,91,104,94,96,185,200,385
10702,SAN LUCAS,desnutricion aguda,nutricion normal (n),2007-04-01,370,339,377,349,747,688,1435
71201,SAN MATIAS,desnutricion aguda,nutricion normal (n),2007-04-01,60,60,50,37,110,97,207
70302,SAN MIGUEL DE VELASCO,desnutricion aguda,nutricion normal (n),2007-04-01,71,54,44,34,115,88,203
51001,SAN PABLO DE LIPEZ,desnutricion aguda,nutricion normal (n),2007-04-01,31,19,15,16,46,35,81
71005,SAN PEDRO,desnutricion aguda,nutricion normal (n),2007-04-01,104,117,89,84,193,201,394
50501,SAN PEDRO DE BUENA VISTA,desnutricion aguda,nutricion normal (n),2007-04-01,8,9,3,2,11,11,22
50902,SAN PEDRO DE QUEMES,desnutricion aguda,nutricion normal (n),2007-04-01,4,4,3,3,7,7,14
90202,SAN PEDRO(PND),desnutricion aguda,nutricion normal (n),2007-04-01,9,7,13,9,22,16,38
70303,SAN RAFAEL,desnutricion aguda,nutricion normal (n),2007-04-01,37,32,22,27,59,59,118
80702,SAN RAMON,desnutricion aguda,nutricion normal (n),2007-04-01,46,23,19,12,65,35,100
80401,SANTA ANA,desnutricion aguda,nutricion normal (n),2007-04-01,117,103,41,49,158,152,310
70101,SANTA CRUZ DE LA SIERRA,desnutricion aguda,nutricion normal (n),2007-04-01,4129,3752,2078,2002,6207,5754,11961
80303,SANTA ROSA,desnutricion aguda,nutricion normal (n),2007-04-01,60,63,37,41,97,104,201
70602,SANTA ROSA DEL SARA,desnutricion aguda,nutricion normal (n),2007-04-01,106,111,74,108,180,219,399
41401,SANTIAGO DE HUARI,desnutricion aguda,nutricion normal (n),2007-04-01,48,36,44,34,92,70,162
30702,SANTIVAÑES,desnutricion aguda,nutricion normal (n),2007-04-01,31,37,30,41,61,78,139
40202,SANTUARIO DE QUILLACAS,desnutricion aguda,nutricion normal (n),2007-04-01,13,11,15,27,28,38,66
90303,SENA,desnutricion aguda,nutricion normal (n),2007-04-01,17,4,7,10,24,14,38
30703,SICAYA,desnutricion aguda,nutricion normal (n),2007-04-01,6,5,3,1,9,6,15
30902,SIPE SIPE,desnutricion aguda,nutricion normal (n),2007-04-01,183,198,77,82,260,280,540
10403,SOPACHUY,desnutricion aguda,nutricion normal (n),2007-04-01,112,71,95,79,207,150,357
40104,SORACACHI,desnutricion aguda,nutricion normal (n),2007-04-01,57,55,69,71,126,126,252
10101,SUCRE,desnutricion aguda,nutricion normal (n),2007-04-01,1238,1014,1010,1135,2248,2149,4397
31404,TACACHI,desnutricion aguda,nutricion normal (n),2007-04-01,1,5,3,2,4,7,11
50303,TACOBAMBA,desnutricion aguda,nutricion normal (n),2007-04-01,78,60,59,45,137,105,242
30602,TACOPAYA,desnutricion aguda,nutricion normal (n),2007-04-01,58,43,44,50,102,93,195
51402,TAHUA,desnutricion aguda,nutricion normal (n),2007-04-01,2,5,7,9,9,14,23
31101,TAPACARI,desnutricion aguda,nutricion normal (n),2007-04-01,171,148,120,98,291,246,537
10601,TARABUCO,desnutricion aguda,nutricion normal (n),2007-04-01,174,181,261,253,435,434,869
30401,TARATA,desnutricion aguda,nutricion normal (n),2007-04-01,5,4,5,2,10,6,16
60101,TARIJA,desnutricion aguda,nutricion normal (n),2007-04-01,799,755,438,503,1237,1258,2495
10202,TARVITA,desnutricion aguda,nutricion normal (n),2007-04-01,212,196,210,180,422,376,798
50102,TINGUIPAYA,desnutricion aguda,nutricion normal (n),2007-04-01,92,74,58,59,150,133,283
30903,TIQUIPAYA,desnutricion aguda,nutricion normal (n),2007-04-01,181,128,88,74,269,202,471
31601,TIRAQUE (CBBA),desnutricion aguda,nutricion normal (n),2007-04-01,206,183,96,103,302,286,588
30802,TOCO,desnutricion aguda,nutricion normal (n),2007-04-01,27,13,17,22,44,35,79
41502,TODOS SANTOS,desnutricion aguda,nutricion normal (n),2007-04-01,2,2,1,0,3,2,5
30803,TOLATA,desnutricion aguda,nutricion normal (n),2007-04-01,16,20,3,4,19,24,43
41001,TOLEDO,desnutricion aguda,nutricion normal (n),2007-04-01,36,38,20,22,56,60,116
51202,TOMAVE,desnutricion aguda,nutricion normal (n),2007-04-01,82,31,69,24,151,55,206
10402,TOMINA,desnutricion aguda,nutricion normal (n),2007-04-01,134,118,126,89,260,207,467
50502,TORO TORO,desnutricion aguda,nutricion normal (n),2007-04-01,30,28,39,27,69,55,124
31201,TOTORA(CBBA),desnutricion aguda,nutricion normal (n),2007-04-01,73,79,36,36,109,115,224
41301,TOTORA(ORR),desnutricion aguda,nutricion normal (n),2007-04-01,25,22,36,31,61,53,114
70802,TRIGAL,desnutricion aguda,nutricion normal (n),2007-04-01,9,8,17,13,26,21,47
80101,TRINIDAD,desnutricion aguda,nutricion normal (n),2007-04-01,543,463,302,222,845,685,1530
50801,TUPIZA,desnutricion aguda,nutricion normal (n),2007-04-01,268,242,221,193,489,435,924
40402,TURCO,desnutricion aguda,nutricion normal (n),2007-04-01,30,31,22,11,52,42,94
50201,UNCIA,desnutricion aguda,nutricion normal (n),2007-04-01,54,36,22,15,76,51,127
60401,URIONDO (A. CONCEPCION),desnutricion aguda,nutricion normal (n),2007-04-01,105,103,70,94,175,197,372
71502,URUBICHA,desnutricion aguda,nutricion normal (n),2007-04-01,74,43,66,66,140,109,249
51201,UYUNI,desnutricion aguda,nutricion normal (n),2007-04-01,77,50,25,32,102,82,184
30502,VACAS,desnutricion aguda,nutricion normal (n),2007-04-01,43,38,25,19,68,57,125
70801,VALLEGRANDE,desnutricion aguda,nutricion normal (n),2007-04-01,126,102,69,64,195,166,361
31302,VILA VILA,desnutricion aguda,nutricion normal (n),2007-04-01,31,17,19,27,50,44,94
60303,VILLA MONTES,desnutricion aguda,nutricion normal (n),2007-04-01,213,174,143,131,356,305,661
90502,VILLA NUEVA (LOMA ALTA),desnutricion aguda,nutricion normal (n),2007-04-01,22,34,25,12,47,46,93
31402,VILLA RIVERO,desnutricion aguda,nutricion normal (n),2007-04-01,30,26,18,23,48,49,97
10801,VILLA SERRANO,desnutricion aguda,nutricion normal (n),2007-04-01,120,130,177,147,297,277,574
31003,VILLA TUNARI,desnutricion aguda,nutricion normal (n),2007-04-01,394,376,259,211,653,587,1240
11001,VILLA VACA GUZMAN (MUYUPAMPA),desnutricion aguda,nutricion normal (n),2007-04-01,68,77,72,91,140,168,308
51501,VILLAZON,desnutricion aguda,nutricion normal (n),2007-04-01,226,217,163,136,389,353,742
30904,VINTO,desnutricion aguda,nutricion normal (n),2007-04-01,186,109,22,16,208,125,333
50602,VITICHI,desnutricion aguda,nutricion normal (n),2007-04-01,62,66,72,73,134,139,273
70201,WARNES,desnutricion aguda,nutricion normal (n),2007-04-01,224,199,147,112,371,311,682
60301,YACUIBA,desnutricion aguda,nutricion normal (n),2007-04-01,259,244,105,73,364,317,681
10602,YAMPARAEZ,desnutricion aguda,nutricion normal (n),2007-04-01,92,104,149,133,241,237,478
70403,YAPACANI,desnutricion aguda,nutricion normal (n),2007-04-01,275,268,165,117,440,385,825
50103,YOCALLA,desnutricion aguda,nutricion normal (n),2007-04-01,24,25,33,20,57,45,102
10102,YOTALA,desnutricion aguda,nutricion normal (n),2007-04-01,79,69,115,95,194,164,358
60402,YUNCHARA,desnutricion aguda,nutricion normal (n),2007-04-01,45,47,51,43,96,90,186
10301,ZUDAÑEZ,desnutricion aguda,nutricion normal (n),2007-04-01,83,78,106,84,189,162,351
51302,ACACIO,desnutricion aguda,nutricion normal (n),2007-05-01,51,60,37,28,88,88,176
30201,AIQUILE,desnutricion aguda,nutricion normal (n),2007-05-01,180,107,119,81,299,188,487
31303,ALALAY,desnutricion aguda,nutricion normal (n),2007-05-01,27,28,7,11,34,39,73
10404,ALCALA,desnutricion aguda,nutricion normal (n),2007-05-01,32,36,36,45,68,81,149
41201,ANDAMARCA,desnutricion aguda,nutricion normal (n),2007-05-01,26,32,48,39,74,71,145
40603,ANTEQUERA,desnutricion aguda,nutricion normal (n),2007-05-01,43,47,49,55,92,102,194
30402,ANZALDO,desnutricion aguda,nutricion normal (n),2007-05-01,36,34,20,14,56,48,104
51301,ARAMPAMPA,desnutricion aguda,nutricion normal (n),2007-05-01,70,69,41,44,111,113,224
30501,ARANI,desnutricion aguda,nutricion normal (n),2007-05-01,45,37,30,27,75,64,139
30403,ARBIETO,desnutricion aguda,nutricion normal (n),2007-05-01,51,48,41,31,92,79,171
30601,ARQUE,desnutricion aguda,nutricion normal (n),2007-05-01,68,49,42,42,110,91,201
71501,ASCENCION DE GUARAYOS,desnutricion aguda,nutricion normal (n),2007-05-01,4,5,5,7,9,12,21
50802,ATOCHA,desnutricion aguda,nutricion normal (n),2007-05-01,115,101,85,73,200,174,374
30301,AYOPAYA (V. DE INDEPENDENCIA),desnutricion aguda,nutricion normal (n),2007-05-01,178,142,116,95,294,237,531
10201,AZURDUY,desnutricion aguda,nutricion normal (n),2007-05-01,224,195,245,254,469,449,918
80802,BAURES,desnutricion aguda,nutricion normal (n),2007-05-01,36,41,38,47,74,88,162
41202,BELEN DE ANDAMARCA,desnutricion aguda,nutricion normal (n),2007-05-01,5,5,10,10,15,15,30
50104,BELEN DE URMIRI,desnutricion aguda,nutricion normal (n),2007-05-01,10,10,4,9,14,19,33
90104,BELLA FLOR,desnutricion aguda,nutricion normal (n),2007-05-01,21,20,18,21,39,41,80
60202,BERMEJO,desnutricion aguda,nutricion normal (n),2007-05-01,67,54,42,45,109,99,208
50301,BETANZOS,desnutricion aguda,nutricion normal (n),2007-05-01,220,192,212,176,432,368,800
31501,BOLIVAR,desnutricion aguda,nutricion normal (n),2007-05-01,54,50,53,62,107,112,219
90103,BOLPEBRA,desnutricion aguda,nutricion normal (n),2007-05-01,16,13,22,25,38,38,76
70707,BOYUIBE,desnutricion aguda,nutricion normal (n),2007-05-01,20,24,12,20,32,44,76
70401,BUENA VISTA,desnutricion aguda,nutricion normal (n),2007-05-01,158,130,123,151,281,281,562
70703,CABEZAS,desnutricion aguda,nutricion normal (n),2007-05-01,106,89,82,59,188,148,336
51102,"CAIZA ""D""",desnutricion aguda,nutricion normal (n),2007-05-01,74,59,68,70,142,129,271
21003,CAJUATA,desnutricion aguda,nutricion normal (n),2007-05-01,85,92,49,50,134,142,276
10701,CAMARGO,desnutricion aguda,nutricion normal (n),2007-05-01,202,187,132,121,334,308,642
10901,CAMATAQUI (C. VILLA ABECIA),desnutricion aguda,nutricion normal (n),2007-05-01,26,33,39,19,65,52,117
70706,CAMIRI,desnutricion aguda,nutricion normal (n),2007-05-01,283,260,260,223,543,483,1026
30701,CAPINOTA,desnutricion aguda,nutricion normal (n),2007-05-01,72,75,41,23,113,98,211
40102,CARACOLLO,desnutricion aguda,nutricion normal (n),2007-05-01,77,91,32,37,109,128,237
41503,CARANGAS,desnutricion aguda,nutricion normal (n),2007-05-01,3,2,0,0,3,2,5
60302,CARAPARI,desnutricion aguda,nutricion normal (n),2007-05-01,94,90,63,76,157,166,323
50702,CARIPUYO,desnutricion aguda,nutricion normal (n),2007-05-01,52,60,63,63,115,123,238
71403,CARMEN RIVERO TORREZ,desnutricion aguda,nutricion normal (n),2007-05-01,49,17,11,20,60,37,97
40201,CHALLAPATA,desnutricion aguda,nutricion normal (n),2007-05-01,215,229,104,118,319,347,666
50302,CHAQUI,desnutricion aguda,nutricion normal (n),2007-05-01,55,35,30,37,85,72,157
70702,CHARAGUA,desnutricion aguda,nutricion normal (n),2007-05-01,169,165,115,153,284,318,602
50202,CHAYANTA,desnutricion aguda,nutricion normal (n),2007-05-01,58,58,40,28,98,86,184
31204,CHIMORE,desnutricion aguda,nutricion normal (n),2007-05-01,79,63,50,27,129,90,219
40903,CHIPAYA,desnutricion aguda,nutricion normal (n),2007-05-01,9,8,11,4,20,12,32
40302,CHOQUE COTA,desnutricion aguda,nutricion normal (n),2007-05-01,6,8,10,16,16,24,40
90101,COBIJA,desnutricion aguda,nutricion normal (n),2007-05-01,145,145,96,91,241,236,477
30101,COCHABAMBA,desnutricion aguda,nutricion normal (n),2007-05-01,1939,1684,1038,897,2977,2581,5558
40902,COIPASA,desnutricion aguda,nutricion normal (n),2007-05-01,3,3,2,1,5,4,9
30905,COLCAPIRHUA,desnutricion aguda,nutricion normal (n),2007-05-01,101,116,62,80,163,196,359
50901,"COLCHA ""K""",desnutricion aguda,nutricion normal (n),2007-05-01,97,97,81,63,178,160,338
31002,COLOMI,desnutricion aguda,nutricion normal (n),2007-05-01,202,158,125,104,327,262,589
70603,COLPA BELGICA,desnutricion aguda,nutricion normal (n),2007-05-01,53,45,28,25,81,70,151
50401,COLQUECHACA,desnutricion aguda,nutricion normal (n),2007-05-01,165,154,71,62,236,216,452
21004,COLQUIRI,desnutricion aguda,nutricion normal (n),2007-05-01,137,113,81,100,218,213,431
71301,COMARAPA,desnutricion aguda,nutricion normal (n),2007-05-01,124,96,79,123,203,219,422
71101,CONCEPCION,desnutricion aguda,nutricion normal (n),2007-05-01,126,90,53,35,179,125,304
40301,CORQUE,desnutricion aguda,nutricion normal (n),2007-05-01,41,47,27,42,68,89,157
50601,COTAGAITA,desnutricion aguda,nutricion normal (n),2007-05-01,166,173,140,126,306,299,605
70102,COTOCA,desnutricion aguda,nutricion normal (n),2007-05-01,225,182,85,80,310,262,572
71106,CUATRO CAÑADAS,desnutricion aguda,nutricion normal (n),2007-05-01,161,148,140,129,301,277,578
31405,CUCHUMUELA (V. G. VILLARROEL),desnutricion aguda,nutricion normal (n),2007-05-01,9,5,8,9,17,14,31
70704,CUEVO,desnutricion aguda,nutricion normal (n),2007-05-01,28,45,41,40,69,85,154
10902,CULPINA,desnutricion aguda,nutricion normal (n),2007-05-01,207,218,216,204,423,422,845
40401,CURAHUARA DE CARANGAS,desnutricion aguda,nutricion normal (n),2007-05-01,39,18,17,20,56,38,94
40103,EL CHORO,desnutricion aguda,nutricion normal (n),2007-05-01,38,25,18,29,56,54,110
71503,EL PUENTE(STC),desnutricion aguda,nutricion normal (n),2007-05-01,129,134,74,95,203,229,432
60502,EL PUENTE(TJA),desnutricion aguda,nutricion normal (n),2007-05-01,55,58,64,55,119,113,232
70105,EL TORNO,desnutricion aguda,nutricion normal (n),2007-05-01,127,135,54,70,181,205,386
10405,EL VILLAR,desnutricion aguda,nutricion normal (n),2007-05-01,72,55,76,68,148,123,271
60601,ENTRE RIOS,desnutricion aguda,nutricion normal (n),2007-05-01,114,109,111,100,225,209,434
60601,ENTRE RIOS,desnutricion aguda,nutricion normal (n),2007-05-01,235,185,128,114,363,299,662
40502,ESCARA,desnutricion aguda,nutricion normal (n),2007-05-01,1,1,3,3,4,4,8
40505,ESMERALDA,desnutricion aguda,nutricion normal (n),2007-05-01,0,0,0,2,0,2,2
41101,EUCALIPTUS,desnutricion aguda,nutricion normal (n),2007-05-01,27,31,34,29,61,60,121
90503,EUREKA (SANTOS MERCADO),desnutricion aguda,nutricion normal (n),2007-05-01,22,12,7,12,29,24,53
80402,EXALTACION,desnutricion aguda,nutricion normal (n),2007-05-01,12,10,24,17,36,27,63
71004,FERNANDEZ ALONSO,desnutricion aguda,nutricion normal (n),2007-05-01,114,100,66,81,180,181,361
90203,FILADELFIA,desnutricion aguda,nutricion normal (n),2007-05-01,51,54,48,47,99,101,200
71002,GENERAL SAAVEDRA,desnutricion aguda,nutricion normal (n),2007-05-01,47,47,30,30,77,77,154
80202,GUAYARAMERIN,desnutricion aguda,nutricion normal (n),2007-05-01,176,147,67,73,243,220,463
70705,GUTIERREZ,desnutricion aguda,nutricion normal (n),2007-05-01,136,138,169,172,305,310,615
10502,HUACARETA,desnutricion aguda,nutricion normal (n),2007-05-01,124,118,144,106,268,224,492
11002,HUACAYA (VILLA DE HUACAYA),desnutricion aguda,nutricion normal (n),2007-05-01,35,41,52,55,87,96,183
40501,HUACHACALLA,desnutricion aguda,nutricion normal (n),2007-05-01,16,9,6,13,22,22,44
40701,HUANUNI,desnutricion aguda,nutricion normal (n),2007-05-01,39,29,48,37,87,66,153
80803,HUARACAJE,desnutricion aguda,nutricion normal (n),2007-05-01,46,26,31,36,77,62,139
41601,HUAYLLAMARCA,desnutricion aguda,nutricion normal (n),2007-05-01,19,26,11,15,30,41,71
21005,ICHOCA,desnutricion aguda,nutricion normal (n),2007-05-01,21,14,10,17,31,31,62
10304,ICLA,desnutricion aguda,nutricion normal (n),2007-05-01,106,106,135,156,241,262,503
10703,INCAHUASI,desnutricion aguda,nutricion normal (n),2007-05-01,273,266,201,202,474,468,942
90402,INGAVI (HUMAITA),desnutricion aguda,nutricion normal (n),2007-05-01,7,4,10,14,17,18,35
21001,INQUISIVI,desnutricion aguda,nutricion normal (n),2007-05-01,71,69,82,69,153,138,291
70104,LA GUARDIA,desnutricion aguda,nutricion normal (n),2007-05-01,414,379,222,188,636,567,1203
41501,LA RIVERA,desnutricion aguda,nutricion normal (n),2007-05-01,2,3,0,4,2,7,9
70701,LAGUNILLAS,desnutricion aguda,nutricion normal (n),2007-05-01,69,70,114,91,183,161,344
10903,LAS CARRERAS,desnutricion aguda,nutricion normal (n),2007-05-01,40,43,52,49,92,92,184
21006,LICOMA PAMPA,desnutricion aguda,nutricion normal (n),2007-05-01,24,28,17,26,41,54,95
50203,LLALLAGUA,desnutricion aguda,nutricion normal (n),2007-05-01,208,181,145,167,353,348,701
51401,LLICA,desnutricion aguda,nutricion normal (n),2007-05-01,28,25,20,18,48,43,91
80601,LORETO,desnutricion aguda,nutricion normal (n),2007-05-01,19,15,22,27,41,42,83
40702,MACHACAMARCA,desnutricion aguda,nutricion normal (n),2007-05-01,45,36,36,19,81,55,136
11003,MACHARETI,desnutricion aguda,nutricion normal (n),2007-05-01,110,88,114,128,224,216,440
80801,MAGDALENA,desnutricion aguda,nutricion normal (n),2007-05-01,80,74,51,34,131,108,239
70903,MAIRANA,desnutricion aguda,nutricion normal (n),2007-05-01,95,89,62,38,157,127,284
71003,MINEROS,desnutricion aguda,nutricion normal (n),2007-05-01,147,165,93,98,240,263,503
31301,MIZQUE,desnutricion aguda,nutricion normal (n),2007-05-01,145,115,116,109,261,224,485
51002,MOJINETE,desnutricion aguda,nutricion normal (n),2007-05-01,2,9,2,6,4,15,19
10303,MOJOCOYA,desnutricion aguda,nutricion normal (n),2007-05-01,35,32,33,11,68,43,111
10501,MONTEAGUDO,desnutricion aguda,nutricion normal (n),2007-05-01,200,172,255,216,455,388,843
71001,MONTERO,desnutricion aguda,nutricion normal (n),2007-05-01,910,903,541,473,1451,1376,2827
70803,MORO MORO,desnutricion aguda,nutricion normal (n),2007-05-01,17,18,15,16,32,34,66
30302,MOROCHATA,desnutricion aguda,nutricion normal (n),2007-05-01,82,73,39,37,121,110,231
90401,NACEBE (SANTA ROSA DEL ABUNA),desnutricion aguda,nutricion normal (n),2007-05-01,9,12,16,13,25,25,50
90501,NUEVO MANOA (NUEVA ESPERANZA),desnutricion aguda,nutricion normal (n),2007-05-01,3,11,11,7,14,18,32
50404,OCURI,desnutricion aguda,nutricion normal (n),2007-05-01,80,74,54,66,134,140,274
70202,OKINAWA,desnutricion aguda,nutricion normal (n),2007-05-01,90,80,64,61,154,141,295
30203,OMEREQUE,desnutricion aguda,nutricion normal (n),2007-05-01,14,20,10,15,24,35,59
40101,ORURO,desnutricion aguda,nutricion normal (n),2007-05-01,1294,1174,601,633,1895,1807,3702
60201,PADCAYA,desnutricion aguda,nutricion normal (n),2007-05-01,121,133,103,104,224,237,461
10401,PADILLA,desnutricion aguda,nutricion normal (n),2007-05-01,124,136,176,180,300,316,616
70502,PAILON,desnutricion aguda,nutricion normal (n),2007-05-01,114,117,73,60,187,177,364
40802,PAMPA AULLAGAS,desnutricion aguda,nutricion normal (n),2007-05-01,28,27,14,14,42,41,83
70902,PAMPA GRANDE,desnutricion aguda,nutricion normal (n),2007-05-01,29,38,10,19,39,57,96
30202,PASORAPA,desnutricion aguda,nutricion normal (n),2007-05-01,33,35,48,47,81,82,163
40602,PAZÑA,desnutricion aguda,nutricion normal (n),2007-05-01,34,29,28,34,62,63,125
50403,POCOATA,desnutricion aguda,nutricion normal (n),2007-05-01,148,105,177,128,325,233,558
31203,POCONA,desnutricion aguda,nutricion normal (n),2007-05-01,86,79,41,49,127,128,255
31202,POJO (CBBA),desnutricion aguda,nutricion normal (n),2007-05-01,94,110,87,96,181,206,387
40601,POOPO,desnutricion aguda,nutricion normal (n),2007-05-01,54,30,19,11,73,41,114
51203,PORCO,desnutricion aguda,nutricion normal (n),2007-05-01,66,77,27,25,93,102,195
10103,POROMA,desnutricion aguda,nutricion normal (n),2007-05-01,157,135,181,143,338,278,616
70103,PORONGO,desnutricion aguda,nutricion normal (n),2007-05-01,35,35,19,13,54,48,102
70601,PORTACHUELO,desnutricion aguda,nutricion normal (n),2007-05-01,177,165,108,117,285,282,567
90102,PORVENIR,desnutricion aguda,nutricion normal (n),2007-05-01,31,47,17,21,48,68,116
70804,POSTRER VALLE,desnutricion aguda,nutricion normal (n),2007-05-01,12,10,4,10,16,20,36
50101,POTOSI,desnutricion aguda,nutricion normal (n),2007-05-01,861,796,368,345,1229,1141,2370
10302,PRESTO,desnutricion aguda,nutricion normal (n),2007-05-01,88,77,127,92,215,169,384
70805,PUCARA,desnutricion aguda,nutricion normal (n),2007-05-01,7,0,0,1,7,1,8
90301,PUERTO GONZALO MORENO,desnutricion aguda,nutricion normal (n),2007-05-01,29,32,20,22,49,54,103
71402,PUERTO QUIJARRO,desnutricion aguda,nutricion normal (n),2007-05-01,71,57,14,21,85,78,163
90201,PUERTO RICO,desnutricion aguda,nutricion normal (n),2007-05-01,42,27,23,24,65,51,116
80703,PUERTO SILES,desnutricion aguda,nutricion normal (n),2007-05-01,17,16,37,37,54,53,107
71401,PUERTO SUAREZ,desnutricion aguda,nutricion normal (n),2007-05-01,60,49,21,23,81,72,153
31205,PUERTO VILLARROEL,desnutricion aguda,nutricion normal (n),2007-05-01,376,276,220,201,596,477,1073
51101,PUNA,desnutricion aguda,nutricion normal (n),2007-05-01,190,174,161,176,351,350,701
31401,PUNATA,desnutricion aguda,nutricion normal (n),2007-05-01,267,234,88,82,355,316,671
30901,QUILLACOLLO,desnutricion aguda,nutricion normal (n),2007-05-01,633,577,270,249,903,826,1729
21002,QUIME,desnutricion aguda,nutricion normal (n),2007-05-01,99,75,77,78,176,153,329
70904,QUIRUSILLAS,desnutricion aguda,nutricion normal (n),2007-05-01,8,2,8,6,16,8,24
50402,RAVELO,desnutricion aguda,nutricion normal (n),2007-05-01,121,106,114,94,235,200,435
80301,REYES,desnutricion aguda,nutricion normal (n),2007-05-01,46,58,49,57,95,115,210
80201,RIBERALTA,desnutricion aguda,nutricion normal (n),2007-05-01,905,822,283,239,1188,1061,2249
70503,ROBORE,desnutricion aguda,nutricion normal (n),2007-05-01,111,92,93,65,204,157,361
80304,RURRENABAQUE,desnutricion aguda,nutricion normal (n),2007-05-01,67,43,23,34,90,77,167
40901,SABAYA,desnutricion aguda,nutricion normal (n),2007-05-01,36,31,21,10,57,41,98
31001,SACABA,desnutricion aguda,nutricion normal (n),2007-05-01,634,525,355,308,989,833,1822
30404,SACABAMBA,desnutricion aguda,nutricion normal (n),2007-05-01,42,37,25,25,67,62,129
50701,SACACA,desnutricion aguda,nutricion normal (n),2007-05-01,132,115,152,124,284,239,523
71302,SAIPINA,desnutricion aguda,nutricion normal (n),2007-05-01,19,21,42,35,61,56,117
40801,SALINAS DE GARCI MENDOZA,desnutricion aguda,nutricion normal (n),2007-05-01,87,70,63,62,150,132,282
70901,SAMAIPATA,desnutricion aguda,nutricion normal (n),2007-05-01,87,54,35,30,122,84,206
51601,SAN AGUSTIN,desnutricion aguda,nutricion normal (n),2007-05-01,20,16,21,20,41,36,77
80602,SAN ANDRES,desnutricion aguda,nutricion normal (n),2007-05-01,60,60,62,49,122,109,231
51003,SAN ANTONIO DE ESMORUCO,desnutricion aguda,nutricion normal (n),2007-05-01,5,7,4,3,9,10,19
71105,SAN ANTONIO DE LOMERIO,desnutricion aguda,nutricion normal (n),2007-05-01,83,72,85,78,168,150,318
31403,SAN BENITO,desnutricion aguda,nutricion normal (n),2007-05-01,55,32,18,24,73,56,129
80302,SAN BORJA,desnutricion aguda,nutricion normal (n),2007-05-01,326,358,220,210,546,568,1114
70402,SAN CARLOS,desnutricion aguda,nutricion normal (n),2007-05-01,230,209,78,93,308,302,610
80501,SAN IGNACIO,desnutricion aguda,nutricion normal (n),2007-05-01,194,182,126,118,320,300,620
70301,SAN IGNACIO DE VELASCO,desnutricion aguda,nutricion normal (n),2007-05-01,473,433,275,246,748,679,1427
80102,SAN JAVIER(BNI),desnutricion aguda,nutricion normal (n),2007-05-01,32,30,27,45,59,75,134
80701,SAN JOAQUIN,desnutricion aguda,nutricion normal (n),2007-05-01,7,9,12,17,19,26,45
70501,SAN JOSE DE CHIQUITOS,desnutricion aguda,nutricion normal (n),2007-05-01,81,53,54,43,135,96,231
70404,SAN JUAN DE YAPACANI,desnutricion aguda,nutricion normal (n),2007-05-01,105,95,64,71,169,166,335
71104,SAN JULIAN,desnutricion aguda,nutricion normal (n),2007-05-01,123,114,136,153,259,267,526
90302,SAN LORENZO(PND),desnutricion aguda,nutricion normal (n),2007-05-01,48,32,32,17,80,49,129
60501,SAN LORENZO(TJA),desnutricion aguda,nutricion normal (n),2007-05-01,111,110,115,109,226,219,445
10702,SAN LUCAS,desnutricion aguda,nutricion normal (n),2007-05-01,382,370,467,427,849,797,1646
71201,SAN MATIAS,desnutricion aguda,nutricion normal (n),2007-05-01,80,66,59,54,139,120,259
70302,SAN MIGUEL DE VELASCO,desnutricion aguda,nutricion normal (n),2007-05-01,61,70,40,34,101,104,205
51001,SAN PABLO DE LIPEZ,desnutricion aguda,nutricion normal (n),2007-05-01,15,9,20,10,35,19,54
71005,SAN PEDRO,desnutricion aguda,nutricion normal (n),2007-05-01,100,118,74,81,174,199,373
50501,SAN PEDRO DE BUENA VISTA,desnutricion aguda,nutricion normal (n),2007-05-01,121,111,117,93,238,204,442
50902,SAN PEDRO DE QUEMES,desnutricion aguda,nutricion normal (n),2007-05-01,5,5,2,5,7,10,17
90202,SAN PEDRO(PND),desnutricion aguda,nutricion normal (n),2007-05-01,31,19,19,14,50,33,83
70303,SAN RAFAEL,desnutricion aguda,nutricion normal (n),2007-05-01,33,33,27,15,60,48,108
80702,SAN RAMON,desnutricion aguda,nutricion normal (n),2007-05-01,26,30,20,15,46,45,91
80401,SANTA ANA,desnutricion aguda,nutricion normal (n),2007-05-01,101,76,51,72,152,148,300
70101,SANTA CRUZ DE LA SIERRA,desnutricion aguda,nutricion normal (n),2007-05-01,4147,3761,1868,1853,6015,5614,11629
80303,SANTA ROSA,desnutricion aguda,nutricion normal (n),2007-05-01,71,66,36,45,107,111,218
70602,SANTA ROSA DEL SARA,desnutricion aguda,nutricion normal (n),2007-05-01,105,134,98,84,203,218,421
41401,SANTIAGO DE HUARI,desnutricion aguda,nutricion normal (n),2007-05-01,39,54,39,38,78,92,170
30702,SANTIVAÑES,desnutricion aguda,nutricion normal (n),2007-05-01,44,41,47,49,91,90,181
40202,SANTUARIO DE QUILLACAS,desnutricion aguda,nutricion normal (n),2007-05-01,21,15,25,18,46,33,79
90303,SENA,desnutricion aguda,nutricion normal (n),2007-05-01,13,24,8,5,21,29,50
30703,SICAYA,desnutricion aguda,nutricion normal (n),2007-05-01,10,15,19,12,29,27,56
30902,SIPE SIPE,desnutricion aguda,nutricion normal (n),2007-05-01,296,271,129,108,425,379,804
10403,SOPACHUY,desnutricion aguda,nutricion normal (n),2007-05-01,99,96,114,99,213,195,408
40104,SORACACHI,desnutricion aguda,nutricion normal (n),2007-05-01,62,63,31,31,93,94,187
10101,SUCRE,desnutricion aguda,nutricion normal (n),2007-05-01,1213,1250,1154,1183,2367,2433,4800
31404,TACACHI,desnutricion aguda,nutricion normal (n),2007-05-01,5,3,1,3,6,6,12
50303,TACOBAMBA,desnutricion aguda,nutricion normal (n),2007-05-01,48,55,38,42,86,97,183
30602,TACOPAYA,desnutricion aguda,nutricion normal (n),2007-05-01,37,26,21,22,58,48,106
51402,TAHUA,desnutricion aguda,nutricion normal (n),2007-05-01,14,8,8,13,22,21,43
31101,TAPACARI,desnutricion aguda,nutricion normal (n),2007-05-01,181,181,143,131,324,312,636
10601,TARABUCO,desnutricion aguda,nutricion normal (n),2007-05-01,177,184,280,242,457,426,883
30401,TARATA,desnutricion aguda,nutricion normal (n),2007-05-01,55,61,25,29,80,90,170
60101,TARIJA,desnutricion aguda,nutricion normal (n),2007-05-01,1031,922,549,581,1580,1503,3083
10202,TARVITA,desnutricion aguda,nutricion normal (n),2007-05-01,229,212,236,188,465,400,865
50102,TINGUIPAYA,desnutricion aguda,nutricion normal (n),2007-05-01,134,102,67,62,201,164,365
30903,TIQUIPAYA,desnutricion aguda,nutricion normal (n),2007-05-01,210,163,94,97,304,260,564
31601,TIRAQUE (CBBA),desnutricion aguda,nutricion normal (n),2007-05-01,265,212,122,123,387,335,722
30802,TOCO,desnutricion aguda,nutricion normal (n),2007-05-01,19,25,23,12,42,37,79
41502,TODOS SANTOS,desnutricion aguda,nutricion normal (n),2007-05-01,3,1,2,0,5,1,6
30803,TOLATA,desnutricion aguda,nutricion normal (n),2007-05-01,24,40,13,20,37,60,97
41001,TOLEDO,desnutricion aguda,nutricion normal (n),2007-05-01,46,51,38,32,84,83,167
51202,TOMAVE,desnutricion aguda,nutricion normal (n),2007-05-01,114,55,96,29,210,84,294
10402,TOMINA,desnutricion aguda,nutricion normal (n),2007-05-01,88,90,98,89,186,179,365
50502,TORO TORO,desnutricion aguda,nutricion normal (n),2007-05-01,53,78,75,62,128,140,268
31201,TOTORA(CBBA),desnutricion aguda,nutricion normal (n),2007-05-01,146,92,27,46,173,138,311
41301,TOTORA(ORR),desnutricion aguda,nutricion normal (n),2007-05-01,25,30,20,27,45,57,102
70802,TRIGAL,desnutricion aguda,nutricion normal (n),2007-05-01,10,4,19,9,29,13,42
80101,TRINIDAD,desnutricion aguda,nutricion normal (n),2007-05-01,532,379,288,211,820,590,1410
50801,TUPIZA,desnutricion aguda,nutricion normal (n),2007-05-01,300,330,265,262,565,592,1157
40402,TURCO,desnutricion aguda,nutricion normal (n),2007-05-01,27,37,22,17,49,54,103
50201,UNCIA,desnutricion aguda,nutricion normal (n),2007-05-01,88,75,49,41,137,116,253
60401,URIONDO (A. CONCEPCION),desnutricion aguda,nutricion normal (n),2007-05-01,123,75,85,94,208,169,377
71502,URUBICHA,desnutricion aguda,nutricion normal (n),2007-05-01,53,53,67,67,120,120,240
51201,UYUNI,desnutricion aguda,nutricion normal (n),2007-05-01,67,58,83,57,150,115,265
30502,VACAS,desnutricion aguda,nutricion normal (n),2007-05-01,31,34,23,12,54,46,100
70801,VALLEGRANDE,desnutricion aguda,nutricion normal (n),2007-05-01,124,102,66,73,190,175,365
31302,VILA VILA,desnutricion aguda,nutricion normal (n),2007-05-01,13,11,25,26,38,37,75
60303,VILLA MONTES,desnutricion aguda,nutricion normal (n),2007-05-01,206,208,133,157,339,365,704
90502,VILLA NUEVA (LOMA ALTA),desnutricion aguda,nutricion normal (n),2007-05-01,28,18,22,22,50,40,90
31402,VILLA RIVERO,desnutricion aguda,nutricion normal (n),2007-05-01,27,28,13,18,40,46,86
10801,VILLA SERRANO,desnutricion aguda,nutricion normal (n),2007-05-01,135,141,172,179,307,320,627
31003,VILLA TUNARI,desnutricion aguda,nutricion normal (n),2007-05-01,404,413,206,240,610,653,1263
11001,VILLA VACA GUZMAN (MUYUPAMPA),desnutricion aguda,nutricion normal (n),2007-05-01,95,73,124,136,219,209,428
51501,VILLAZON,desnutricion aguda,nutricion normal (n),2007-05-01,278,284,182,185,460,469,929
30904,VINTO,desnutricion aguda,nutricion normal (n),2007-05-01,272,173,38,32,310,205,515
50602,VITICHI,desnutricion aguda,nutricion normal (n),2007-05-01,58,57,51,55,109,112,221
70201,WARNES,desnutricion aguda,nutricion normal (n),2007-05-01,221,208,116,124,337,332,669
60301,YACUIBA,desnutricion aguda,nutricion normal (n),2007-05-01,456,375,157,177,613,552,1165
10602,YAMPARAEZ,desnutricion aguda,nutricion normal (n),2007-05-01,99,100,145,144,244,244,488
70403,YAPACANI,desnutricion aguda,nutricion normal (n),2007-05-01,294,352,159,148,453,500,953
50103,YOCALLA,desnutricion aguda,nutricion normal (n),2007-05-01,21,23,30,15,51,38,89
10102,YOTALA,desnutricion aguda,nutricion normal (n),2007-05-01,63,69,108,99,171,168,339
60402,YUNCHARA,desnutricion aguda,nutricion normal (n),2007-05-01,42,53,58,54,100,107,207
10301,ZUDAÑEZ,desnutricion aguda,nutricion normal (n),2007-05-01,69,72,111,85,180,157,337
51302,ACACIO,desnutricion aguda,nutricion normal (n),2007-06-01,73,69,64,73,137,142,279
30201,AIQUILE,desnutricion aguda,nutricion normal (n),2007-06-01,89,102,48,50,137,152,289
31303,ALALAY,desnutricion aguda,nutricion normal (n),2007-06-01,40,24,26,17,66,41,107
10404,ALCALA,desnutricion aguda,nutricion normal (n),2007-06-01,26,36,36,31,62,67,129
41201,ANDAMARCA,desnutricion aguda,nutricion normal (n),2007-06-01,33,25,38,36,71,61,132
40603,ANTEQUERA,desnutricion aguda,nutricion normal (n),2007-06-01,34,26,21,17,55,43,98
30402,ANZALDO,desnutricion aguda,nutricion normal (n),2007-06-01,34,45,47,33,81,78,159
51301,ARAMPAMPA,desnutricion aguda,nutricion normal (n),2007-06-01,44,53,56,47,100,100,200
30501,ARANI,desnutricion aguda,nutricion normal (n),2007-06-01,45,28,29,28,74,56,130
30403,ARBIETO,desnutricion aguda,nutricion normal (n),2007-06-01,45,45,50,29,95,74,169
30601,ARQUE,desnutricion aguda,nutricion normal (n),2007-06-01,74,62,43,49,117,111,228
71501,ASCENCION DE GUARAYOS,desnutricion aguda,nutricion normal (n),2007-06-01,215,216,240,241,455,457,912
50802,ATOCHA,desnutricion aguda,nutricion normal (n),2007-06-01,68,66,79,65,147,131,278
30301,AYOPAYA (V. DE INDEPENDENCIA),desnutricion aguda,nutricion normal (n),2007-06-01,159,162,88,92,247,254,501
10201,AZURDUY,desnutricion aguda,nutricion normal (n),2007-06-01,212,139,250,166,462,305,767
80802,BAURES,desnutricion aguda,nutricion normal (n),2007-06-01,27,31,25,33,52,64,116
41202,BELEN DE ANDAMARCA,desnutricion aguda,nutricion normal (n),2007-06-01,8,12,3,5,11,17,28
50104,BELEN DE URMIRI,desnutricion aguda,nutricion normal (n),2007-06-01,15,10,10,9,25,19,44
90104,BELLA FLOR,desnutricion aguda,nutricion normal (n),2007-06-01,43,32,47,48,90,80,170
60202,BERMEJO,desnutricion aguda,nutricion normal (n),2007-06-01,80,70,46,47,126,117,243
50301,BETANZOS,desnutricion aguda,nutricion normal (n),2007-06-01,210,173,215,200,425,373,798
31501,BOLIVAR,desnutricion aguda,nutricion normal (n),2007-06-01,42,25,20,31,62,56,118
90103,BOLPEBRA,desnutricion aguda,nutricion normal (n),2007-06-01,8,22,20,26,28,48,76
70707,BOYUIBE,desnutricion aguda,nutricion normal (n),2007-06-01,25,34,40,35,65,69,134
70401,BUENA VISTA,desnutricion aguda,nutricion normal (n),2007-06-01,161,138,117,131,278,269,547
70703,CABEZAS,desnutricion aguda,nutricion normal (n),2007-06-01,118,99,97,75,215,174,389
51102,"CAIZA ""D""",desnutricion aguda,nutricion normal (n),2007-06-01,96,56,67,79,163,135,298
21003,CAJUATA,desnutricion aguda,nutricion normal (n),2007-06-01,74,86,47,52,121,138,259
10701,CAMARGO,desnutricion aguda,nutricion normal (n),2007-06-01,123,122,99,97,222,219,441
10901,CAMATAQUI (C. VILLA ABECIA),desnutricion aguda,nutricion normal (n),2007-06-01,28,42,30,16,58,58,116
70706,CAMIRI,desnutricion aguda,nutricion normal (n),2007-06-01,267,232,172,148,439,380,819
30701,CAPINOTA,desnutricion aguda,nutricion normal (n),2007-06-01,112,117,84,89,196,206,402
40102,CARACOLLO,desnutricion aguda,nutricion normal (n),2007-06-01,71,86,38,38,109,124,233
41503,CARANGAS,desnutricion aguda,nutricion normal (n),2007-06-01,8,3,6,5,14,8,22
60302,CARAPARI,desnutricion aguda,nutricion normal (n),2007-06-01,66,79,78,72,144,151,295
50702,CARIPUYO,desnutricion aguda,nutricion normal (n),2007-06-01,82,66,100,112,182,178,360
71403,CARMEN RIVERO TORREZ,desnutricion aguda,nutricion normal (n),2007-06-01,28,22,20,21,48,43,91
40201,CHALLAPATA,desnutricion aguda,nutricion normal (n),2007-06-01,171,181,131,129,302,310,612
50302,CHAQUI,desnutricion aguda,nutricion normal (n),2007-06-01,56,36,31,49,87,85,172
70702,CHARAGUA,desnutricion aguda,nutricion normal (n),2007-06-01,161,155,109,97,270,252,522
50202,CHAYANTA,desnutricion aguda,nutricion normal (n),2007-06-01,108,111,95,95,203,206,409
31204,CHIMORE,desnutricion aguda,nutricion normal (n),2007-06-01,66,57,47,35,113,92,205
40903,CHIPAYA,desnutricion aguda,nutricion normal (n),2007-06-01,5,5,9,10,14,15,29
40302,CHOQUE COTA,desnutricion aguda,nutricion normal (n),2007-06-01,11,10,7,9,18,19,37
90101,COBIJA,desnutricion aguda,nutricion normal (n),2007-06-01,375,329,229,220,604,549,1153
30101,COCHABAMBA,desnutricion aguda,nutricion normal (n),2007-06-01,1649,1500,849,814,2498,2314,4812
40902,COIPASA,desnutricion aguda,nutricion normal (n),2007-06-01,2,5,2,2,4,7,11
30905,COLCAPIRHUA,desnutricion aguda,nutricion normal (n),2007-06-01,151,190,106,101,257,291,548
50901,"COLCHA ""K""",desnutricion aguda,nutricion normal (n),2007-06-01,94,98,94,103,188,201,389
31002,COLOMI,desnutricion aguda,nutricion normal (n),2007-06-01,170,159,99,88,269,247,516
70603,COLPA BELGICA,desnutricion aguda,nutricion normal (n),2007-06-01,40,42,29,21,69,63,132
50401,COLQUECHACA,desnutricion aguda,nutricion normal (n),2007-06-01,147,128,109,95,256,223,479
21004,COLQUIRI,desnutricion aguda,nutricion normal (n),2007-06-01,119,93,66,78,185,171,356
71301,COMARAPA,desnutricion aguda,nutricion normal (n),2007-06-01,65,63,39,42,104,105,209
71101,CONCEPCION,desnutricion aguda,nutricion normal (n),2007-06-01,188,135,69,54,257,189,446
40301,CORQUE,desnutricion aguda,nutricion normal (n),2007-06-01,33,34,27,38,60,72,132
50601,COTAGAITA,desnutricion aguda,nutricion normal (n),2007-06-01,171,190,186,178,357,368,725
70102,COTOCA,desnutricion aguda,nutricion normal (n),2007-06-01,178,163,157,153,335,316,651
71106,CUATRO CAÑADAS,desnutricion aguda,nutricion normal (n),2007-06-01,99,98,114,75,213,173,386
31405,CUCHUMUELA (V. G. VILLARROEL),desnutricion aguda,nutricion normal (n),2007-06-01,47,57,50,33,97,90,187
70704,CUEVO,desnutricion aguda,nutricion normal (n),2007-06-01,25,26,14,26,39,52,91
10902,CULPINA,desnutricion aguda,nutricion normal (n),2007-06-01,191,182,171,171,362,353,715
40401,CURAHUARA DE CARANGAS,desnutricion aguda,nutricion normal (n),2007-06-01,46,37,23,21,69,58,127
40103,EL CHORO,desnutricion aguda,nutricion normal (n),2007-06-01,27,29,21,17,48,46,94
71503,EL PUENTE(STC),desnutricion aguda,nutricion normal (n),2007-06-01,155,118,79,81,234,199,433
60502,EL PUENTE(TJA),desnutricion aguda,nutricion normal (n),2007-06-01,37,47,55,45,92,92,184
70105,EL TORNO,desnutricion aguda,nutricion normal (n),2007-06-01,184,179,72,80,256,259,515
10405,EL VILLAR,desnutricion aguda,nutricion normal (n),2007-06-01,70,59,75,78,145,137,282
60601,ENTRE RIOS,desnutricion aguda,nutricion normal (n),2007-06-01,157,155,189,151,346,306,652
60601,ENTRE RIOS,desnutricion aguda,nutricion normal (n),2007-06-01,199,155,125,106,324,261,585
40502,ESCARA,desnutricion aguda,nutricion normal (n),2007-06-01,0,1,1,4,1,5,6
41101,EUCALIPTUS,desnutricion aguda,nutricion normal (n),2007-06-01,35,26,21,25,56,51,107
90503,EUREKA (SANTOS MERCADO),desnutricion aguda,nutricion normal (n),2007-06-01,10,20,7,16,17,36,53
80402,EXALTACION,desnutricion aguda,nutricion normal (n),2007-06-01,9,8,14,14,23,22,45
71004,FERNANDEZ ALONSO,desnutricion aguda,nutricion normal (n),2007-06-01,126,131,105,97,231,228,459
90203,FILADELFIA,desnutricion aguda,nutricion normal (n),2007-06-01,30,24,30,26,60,50,110
71002,GENERAL SAAVEDRA,desnutricion aguda,nutricion normal (n),2007-06-01,124,105,83,75,207,180,387
80202,GUAYARAMERIN,desnutricion aguda,nutricion normal (n),2007-06-01,303,273,170,191,473,464,937
70705,GUTIERREZ,desnutricion aguda,nutricion normal (n),2007-06-01,111,101,145,138,256,239,495
10502,HUACARETA,desnutricion aguda,nutricion normal (n),2007-06-01,118,96,99,91,217,187,404
11002,HUACAYA (VILLA DE HUACAYA),desnutricion aguda,nutricion normal (n),2007-06-01,27,27,43,30,70,57,127
40501,HUACHACALLA,desnutricion aguda,nutricion normal (n),2007-06-01,17,18,19,18,36,36,72
40701,HUANUNI,desnutricion aguda,nutricion normal (n),2007-06-01,160,169,62,60,222,229,451
80803,HUARACAJE,desnutricion aguda,nutricion normal (n),2007-06-01,29,18,22,15,51,33,84
41601,HUAYLLAMARCA,desnutricion aguda,nutricion normal (n),2007-06-01,18,16,17,12,35,28,63
21005,ICHOCA,desnutricion aguda,nutricion normal (n),2007-06-01,36,31,30,33,66,64,130
10304,ICLA,desnutricion aguda,nutricion normal (n),2007-06-01,116,128,163,174,279,302,581
10703,INCAHUASI,desnutricion aguda,nutricion normal (n),2007-06-01,234,229,183,178,417,407,824
90402,INGAVI (HUMAITA),desnutricion aguda,nutricion normal (n),2007-06-01,2,3,6,2,8,5,13
21001,INQUISIVI,desnutricion aguda,nutricion normal (n),2007-06-01,72,77,77,59,149,136,285
70104,LA GUARDIA,desnutricion aguda,nutricion normal (n),2007-06-01,357,325,166,168,523,493,1016
41501,LA RIVERA,desnutricion aguda,nutricion normal (n),2007-06-01,2,3,0,4,2,7,9
70701,LAGUNILLAS,desnutricion aguda,nutricion normal (n),2007-06-01,78,69,102,101,180,170,350
10903,LAS CARRERAS,desnutricion aguda,nutricion normal (n),2007-06-01,36,44,65,47,101,91,192
21006,LICOMA PAMPA,desnutricion aguda,nutricion normal (n),2007-06-01,18,13,5,7,23,20,43
50203,LLALLAGUA,desnutricion aguda,nutricion normal (n),2007-06-01,213,201,306,274,519,475,994
51401,LLICA,desnutricion aguda,nutricion normal (n),2007-06-01,39,42,36,37,75,79,154
80601,LORETO,desnutricion aguda,nutricion normal (n),2007-06-01,35,34,26,21,61,55,116
40702,MACHACAMARCA,desnutricion aguda,nutricion normal (n),2007-06-01,19,23,4,8,23,31,54
11003,MACHARETI,desnutricion aguda,nutricion normal (n),2007-06-01,106,77,109,137,215,214,429
80801,MAGDALENA,desnutricion aguda,nutricion normal (n),2007-06-01,99,93,55,40,154,133,287
70903,MAIRANA,desnutricion aguda,nutricion normal (n),2007-06-01,92,77,50,25,142,102,244
20103,MECAPACA,desnutricion aguda,nutricion normal (n),2007-06-01,3,4,0,0,3,4,7
71003,MINEROS,desnutricion aguda,nutricion normal (n),2007-06-01,223,198,152,150,375,348,723
31301,MIZQUE,desnutricion aguda,nutricion normal (n),2007-06-01,162,133,125,114,287,247,534
51002,MOJINETE,desnutricion aguda,nutricion normal (n),2007-06-01,3,2,2,3,5,5,10
10303,MOJOCOYA,desnutricion aguda,nutricion normal (n),2007-06-01,74,69,84,74,158,143,301
10501,MONTEAGUDO,desnutricion aguda,nutricion normal (n),2007-06-01,224,207,272,224,496,431,927
71001,MONTERO,desnutricion aguda,nutricion normal (n),2007-06-01,902,844,547,495,1449,1339,2788
70803,MORO MORO,desnutricion aguda,nutricion normal (n),2007-06-01,22,19,25,22,47,41,88
30302,MOROCHATA,desnutricion aguda,nutricion normal (n),2007-06-01,148,152,90,84,238,236,474
90401,NACEBE (SANTA ROSA DEL ABUNA),desnutricion aguda,nutricion normal (n),2007-06-01,6,8,5,4,11,12,23
90501,NUEVO MANOA (NUEVA ESPERANZA),desnutricion aguda,nutricion normal (n),2007-06-01,10,17,15,4,25,21,46
50404,OCURI,desnutricion aguda,nutricion normal (n),2007-06-01,157,155,122,126,279,281,560
70202,OKINAWA,desnutricion aguda,nutricion normal (n),2007-06-01,118,109,78,63,196,172,368
30203,OMEREQUE,desnutricion aguda,nutricion normal (n),2007-06-01,34,35,24,22,58,57,115
40101,ORURO,desnutricion aguda,nutricion normal (n),2007-06-01,1084,976,499,487,1583,1463,3046
60201,PADCAYA,desnutricion aguda,nutricion normal (n),2007-06-01,137,108,117,125,254,233,487
10401,PADILLA,desnutricion aguda,nutricion normal (n),2007-06-01,116,143,150,158,266,301,567
70502,PAILON,desnutricion aguda,nutricion normal (n),2007-06-01,121,110,59,63,180,173,353
40802,PAMPA AULLAGAS,desnutricion aguda,nutricion normal (n),2007-06-01,13,35,18,26,31,61,92
70902,PAMPA GRANDE,desnutricion aguda,nutricion normal (n),2007-06-01,49,38,48,50,97,88,185
30202,PASORAPA,desnutricion aguda,nutricion normal (n),2007-06-01,29,30,27,20,56,50,106
40602,PAZÑA,desnutricion aguda,nutricion normal (n),2007-06-01,27,37,37,39,64,76,140
50403,POCOATA,desnutricion aguda,nutricion normal (n),2007-06-01,165,146,180,161,345,307,652
31203,POCONA,desnutricion aguda,nutricion normal (n),2007-06-01,66,54,40,38,106,92,198
31202,POJO (CBBA),desnutricion aguda,nutricion normal (n),2007-06-01,58,68,28,31,86,99,185
40601,POOPO,desnutricion aguda,nutricion normal (n),2007-06-01,11,12,5,16,16,28,44
51203,PORCO,desnutricion aguda,nutricion normal (n),2007-06-01,80,72,39,38,119,110,229
10103,POROMA,desnutricion aguda,nutricion normal (n),2007-06-01,156,129,183,132,339,261,600
70103,PORONGO,desnutricion aguda,nutricion normal (n),2007-06-01,41,33,45,25,86,58,144
70601,PORTACHUELO,desnutricion aguda,nutricion normal (n),2007-06-01,217,184,117,112,334,296,630
90102,PORVENIR,desnutricion aguda,nutricion normal (n),2007-06-01,51,53,21,27,72,80,152
70804,POSTRER VALLE,desnutricion aguda,nutricion normal (n),2007-06-01,4,4,6,12,10,16,26
50101,POTOSI,desnutricion aguda,nutricion normal (n),2007-06-01,708,794,312,288,1020,1082,2102
10302,PRESTO,desnutricion aguda,nutricion normal (n),2007-06-01,68,57,97,80,165,137,302
70805,PUCARA,desnutricion aguda,nutricion normal (n),2007-06-01,2,5,6,2,8,7,15
90301,PUERTO GONZALO MORENO,desnutricion aguda,nutricion normal (n),2007-06-01,31,31,20,34,51,65,116
71402,PUERTO QUIJARRO,desnutricion aguda,nutricion normal (n),2007-06-01,71,61,21,22,92,83,175
90201,PUERTO RICO,desnutricion aguda,nutricion normal (n),2007-06-01,107,111,107,83,214,194,408
71401,PUERTO SUAREZ,desnutricion aguda,nutricion normal (n),2007-06-01,81,57,14,14,95,71,166
31205,PUERTO VILLARROEL,desnutricion aguda,nutricion normal (n),2007-06-01,255,226,185,156,440,382,822
51101,PUNA,desnutricion aguda,nutricion normal (n),2007-06-01,214,172,157,157,371,329,700
31401,PUNATA,desnutricion aguda,nutricion normal (n),2007-06-01,260,191,90,93,350,284,634
30901,QUILLACOLLO,desnutricion aguda,nutricion normal (n),2007-06-01,711,577,406,299,1117,876,1993
21002,QUIME,desnutricion aguda,nutricion normal (n),2007-06-01,97,73,52,76,149,149,298
70904,QUIRUSILLAS,desnutricion aguda,nutricion normal (n),2007-06-01,10,6,15,12,25,18,43
50402,RAVELO,desnutricion aguda,nutricion normal (n),2007-06-01,166,158,161,113,327,271,598
80301,REYES,desnutricion aguda,nutricion normal (n),2007-06-01,140,111,128,164,268,275,543
80201,RIBERALTA,desnutricion aguda,nutricion normal (n),2007-06-01,978,825,288,272,1266,1097,2363
70503,ROBORE,desnutricion aguda,nutricion normal (n),2007-06-01,126,126,62,67,188,193,381
80304,RURRENABAQUE,desnutricion aguda,nutricion normal (n),2007-06-01,66,58,54,57,120,115,235
40901,SABAYA,desnutricion aguda,nutricion normal (n),2007-06-01,32,27,19,14,51,41,92
31001,SACABA,desnutricion aguda,nutricion normal (n),2007-06-01,530,431,231,185,761,616,1377
30404,SACABAMBA,desnutricion aguda,nutricion normal (n),2007-06-01,30,29,13,17,43,46,89
50701,SACACA,desnutricion aguda,nutricion normal (n),2007-06-01,171,189,230,177,401,366,767
71302,SAIPINA,desnutricion aguda,nutricion normal (n),2007-06-01,19,17,14,24,33,41,74
40801,SALINAS DE GARCI MENDOZA,desnutricion aguda,nutricion normal (n),2007-06-01,106,98,95,95,201,193,394
70901,SAMAIPATA,desnutricion aguda,nutricion normal (n),2007-06-01,81,55,68,63,149,118,267
51601,SAN AGUSTIN,desnutricion aguda,nutricion normal (n),2007-06-01,16,15,20,15,36,30,66
80602,SAN ANDRES,desnutricion aguda,nutricion normal (n),2007-06-01,81,59,54,49,135,108,243
51003,SAN ANTONIO DE ESMORUCO,desnutricion aguda,nutricion normal (n),2007-06-01,10,11,8,1,18,12,30
71105,SAN ANTONIO DE LOMERIO,desnutricion aguda,nutricion normal (n),2007-06-01,61,56,46,41,107,97,204
31403,SAN BENITO,desnutricion aguda,nutricion normal (n),2007-06-01,71,61,59,58,130,119,249
80302,SAN BORJA,desnutricion aguda,nutricion normal (n),2007-06-01,306,329,165,157,471,486,957
70402,SAN CARLOS,desnutricion aguda,nutricion normal (n),2007-06-01,204,208,81,89,285,297,582
80501,SAN IGNACIO,desnutricion aguda,nutricion normal (n),2007-06-01,268,179,130,120,398,299,697
70301,SAN IGNACIO DE VELASCO,desnutricion aguda,nutricion normal (n),2007-06-01,382,361,211,237,593,598,1191
80102,SAN JAVIER(BNI),desnutricion aguda,nutricion normal (n),2007-06-01,37,27,21,32,58,59,117
71102,SAN JAVIER(STC),desnutricion aguda,nutricion normal (n),2007-06-01,44,53,26,16,70,69,139
80701,SAN JOAQUIN,desnutricion aguda,nutricion normal (n),2007-06-01,4,4,69,59,73,63,136
70501,SAN JOSE DE CHIQUITOS,desnutricion aguda,nutricion normal (n),2007-06-01,58,52,39,50,97,102,199
70404,SAN JUAN DE YAPACANI,desnutricion aguda,nutricion normal (n),2007-06-01,71,97,78,56,149,153,302
71104,SAN JULIAN,desnutricion aguda,nutricion normal (n),2007-06-01,127,121,135,145,262,266,528
90302,SAN LORENZO(PND),desnutricion aguda,nutricion normal (n),2007-06-01,50,52,36,37,86,89,175
60501,SAN LORENZO(TJA),desnutricion aguda,nutricion normal (n),2007-06-01,135,122,114,124,249,246,495
10702,SAN LUCAS,desnutricion aguda,nutricion normal (n),2007-06-01,390,345,425,466,815,811,1626
71201,SAN MATIAS,desnutricion aguda,nutricion normal (n),2007-06-01,59,47,52,35,111,82,193
70302,SAN MIGUEL DE VELASCO,desnutricion aguda,nutricion normal (n),2007-06-01,71,57,52,39,123,96,219
51001,SAN PABLO DE LIPEZ,desnutricion aguda,nutricion normal (n),2007-06-01,42,25,24,27,66,52,118
71005,SAN PEDRO,desnutricion aguda,nutricion normal (n),2007-06-01,138,140,82,99,220,239,459
50501,SAN PEDRO DE BUENA VISTA,desnutricion aguda,nutricion normal (n),2007-06-01,160,136,145,146,305,282,587
50902,SAN PEDRO DE QUEMES,desnutricion aguda,nutricion normal (n),2007-06-01,7,6,9,3,16,9,25
90202,SAN PEDRO(PND),desnutricion aguda,nutricion normal (n),2007-06-01,10,5,13,7,23,12,35
70303,SAN RAFAEL,desnutricion aguda,nutricion normal (n),2007-06-01,47,51,28,33,75,84,159
80702,SAN RAMON,desnutricion aguda,nutricion normal (n),2007-06-01,30,36,26,16,56,52,108
80702,SAN RAMON,desnutricion aguda,nutricion normal (n),2007-06-01,38,44,16,17,54,61,115
80401,SANTA ANA,desnutricion aguda,nutricion normal (n),2007-06-01,195,186,71,85,266,271,537
70101,SANTA CRUZ DE LA SIERRA,desnutricion aguda,nutricion normal (n),2007-06-01,4289,4146,1806,1836,6095,5982,12077
80303,SANTA ROSA,desnutricion aguda,nutricion normal (n),2007-06-01,59,78,58,57,117,135,252
70602,SANTA ROSA DEL SARA,desnutricion aguda,nutricion normal (n),2007-06-01,131,120,76,93,207,213,420
41401,SANTIAGO DE HUARI,desnutricion aguda,nutricion normal (n),2007-06-01,45,35,69,66,114,101,215
30702,SANTIVAÑES,desnutricion aguda,nutricion normal (n),2007-06-01,53,41,138,109,191,150,341
40202,SANTUARIO DE QUILLACAS,desnutricion aguda,nutricion normal (n),2007-06-01,22,14,17,20,39,34,73
90303,SENA,desnutricion aguda,nutricion normal (n),2007-06-01,22,30,23,29,45,59,104
30703,SICAYA,desnutricion aguda,nutricion normal (n),2007-06-01,26,24,11,8,37,32,69
30902,SIPE SIPE,desnutricion aguda,nutricion normal (n),2007-06-01,254,197,75,85,329,282,611
10403,SOPACHUY,desnutricion aguda,nutricion normal (n),2007-06-01,96,84,92,88,188,172,360
40104,SORACACHI,desnutricion aguda,nutricion normal (n),2007-06-01,80,84,101,109,181,193,374
10101,SUCRE,desnutricion aguda,nutricion normal (n),2007-06-01,1405,1572,1048,1078,2453,2650,5103
31404,TACACHI,desnutricion aguda,nutricion normal (n),2007-06-01,3,3,5,3,8,6,14
50303,TACOBAMBA,desnutricion aguda,nutricion normal (n),2007-06-01,62,47,31,33,93,80,173
30602,TACOPAYA,desnutricion aguda,nutricion normal (n),2007-06-01,60,49,61,82,121,131,252
51402,TAHUA,desnutricion aguda,nutricion normal (n),2007-06-01,11,8,19,23,30,31,61
31101,TAPACARI,desnutricion aguda,nutricion normal (n),2007-06-01,199,180,130,110,329,290,619
10601,TARABUCO,desnutricion aguda,nutricion normal (n),2007-06-01,122,127,187,181,309,308,617
30401,TARATA,desnutricion aguda,nutricion normal (n),2007-06-01,35,54,16,15,51,69,120
60101,TARIJA,desnutricion aguda,nutricion normal (n),2007-06-01,833,766,529,555,1362,1321,2683
10202,TARVITA,desnutricion aguda,nutricion normal (n),2007-06-01,259,236,192,180,451,416,867
50102,TINGUIPAYA,desnutricion aguda,nutricion normal (n),2007-06-01,149,127,114,87,263,214,477
30903,TIQUIPAYA,desnutricion aguda,nutricion normal (n),2007-06-01,124,76,63,58,187,134,321
31601,TIRAQUE (CBBA),desnutricion aguda,nutricion normal (n),2007-06-01,260,226,103,111,363,337,700
30802,TOCO,desnutricion aguda,nutricion normal (n),2007-06-01,31,30,41,39,72,69,141
41502,TODOS SANTOS,desnutricion aguda,nutricion normal (n),2007-06-01,1,0,1,1,2,1,3
30803,TOLATA,desnutricion aguda,nutricion normal (n),2007-06-01,1,5,1,6,2,11,13
41001,TOLEDO,desnutricion aguda,nutricion normal (n),2007-06-01,47,51,42,22,89,73,162
51202,TOMAVE,desnutricion aguda,nutricion normal (n),2007-06-01,111,48,116,51,227,99,326
10402,TOMINA,desnutricion aguda,nutricion normal (n),2007-06-01,90,100,109,108,199,208,407
50502,TORO TORO,desnutricion aguda,nutricion normal (n),2007-06-01,94,135,111,107,205,242,447
31201,TOTORA(CBBA),desnutricion aguda,nutricion normal (n),2007-06-01,101,84,35,49,136,133,269
41301,TOTORA(ORR),desnutricion aguda,nutricion normal (n),2007-06-01,19,24,22,25,41,49,90
70802,TRIGAL,desnutricion aguda,nutricion normal (n),2007-06-01,11,7,6,12,17,19,36
80101,TRINIDAD,desnutricion aguda,nutricion normal (n),2007-06-01,749,658,432,401,1181,1059,2240
50801,TUPIZA,desnutricion aguda,nutricion normal (n),2007-06-01,247,266,364,320,611,586,1197
40402,TURCO,desnutricion aguda,nutricion normal (n),2007-06-01,26,23,33,19,59,42,101
50201,UNCIA,desnutricion aguda,nutricion normal (n),2007-06-01,108,98,112,104,220,202,422
60401,URIONDO (A. CONCEPCION),desnutricion aguda,nutricion normal (n),2007-06-01,91,88,82,83,173,171,344
71502,URUBICHA,desnutricion aguda,nutricion normal (n),2007-06-01,54,64,79,66,133,130,263
51201,UYUNI,desnutricion aguda,nutricion normal (n),2007-06-01,275,239,175,164,450,403,853
30502,VACAS,desnutricion aguda,nutricion normal (n),2007-06-01,50,51,27,34,77,85,162
70801,VALLEGRANDE,desnutricion aguda,nutricion normal (n),2007-06-01,150,103,58,54,208,157,365
20801,VIACHA,desnutricion aguda,nutricion normal (n),2007-06-01,231,194,120,134,351,328,679
31302,VILA VILA,desnutricion aguda,nutricion normal (n),2007-06-01,5,12,12,7,17,19,36
60303,VILLA MONTES,desnutricion aguda,nutricion normal (n),2007-06-01,190,185,144,158,334,343,677
90502,VILLA NUEVA (LOMA ALTA),desnutricion aguda,nutricion normal (n),2007-06-01,8,16,10,13,18,29,47
31402,VILLA RIVERO,desnutricion aguda,nutricion normal (n),2007-06-01,23,25,26,20,49,45,94
10801,VILLA SERRANO,desnutricion aguda,nutricion normal (n),2007-06-01,142,127,187,168,329,295,624
31003,VILLA TUNARI,desnutricion aguda,nutricion normal (n),2007-06-01,462,451,260,230,722,681,1403
11001,VILLA VACA GUZMAN (MUYUPAMPA),desnutricion aguda,nutricion normal (n),2007-06-01,54,63,67,82,121,145,266
51501,VILLAZON,desnutricion aguda,nutricion normal (n),2007-06-01,194,202,147,147,341,349,690
30904,VINTO,desnutricion aguda,nutricion normal (n),2007-06-01,127,134,7,6,134,140,274
50602,VITICHI,desnutricion aguda,nutricion normal (n),2007-06-01,69,91,79,82,148,173,321
70201,WARNES,desnutricion aguda,nutricion normal (n),2007-06-01,250,222,189,173,439,395,834
60301,YACUIBA,desnutricion aguda,nutricion normal (n),2007-06-01,350,348,194,199,544,547,1091
10602,YAMPARAEZ,desnutricion aguda,nutricion normal (n),2007-06-01,99,88,146,145,245,233,478
70403,YAPACANI,desnutricion aguda,nutricion normal (n),2007-06-01,240,288,142,124,382,412,794
50103,YOCALLA,desnutricion aguda,nutricion normal (n),2007-06-01,49,11,45,44,94,55,149
10102,YOTALA,desnutricion aguda,nutricion normal (n),2007-06-01,54,64,97,81,151,145,296
60402,YUNCHARA,desnutricion aguda,nutricion normal (n),2007-06-01,25,42,49,32,74,74,148
10301,ZUDAÑEZ,desnutricion aguda,nutricion normal (n),2007-06-01,73,84,99,77,172,161,333
51302,ACACIO,desnutricion aguda,nutricion normal (n),2007-07-01,40,44,45,46,85,90,175
20104,ACHOCALLA,desnutricion aguda,nutricion normal (n),2007-07-01,12,9,0,2,12,11,23
30201,AIQUILE,desnutricion aguda,nutricion normal (n),2007-07-01,108,118,42,55,150,173,323
31303,ALALAY,desnutricion aguda,nutricion normal (n),2007-07-01,20,13,14,8,34,21,55
10404,ALCALA,desnutricion aguda,nutricion normal (n),2007-07-01,20,32,40,32,60,64,124
41201,ANDAMARCA,desnutricion aguda,nutricion normal (n),2007-07-01,20,14,15,20,35,34,69
40603,ANTEQUERA,desnutricion aguda,nutricion normal (n),2007-07-01,41,32,21,12,62,44,106
30402,ANZALDO,desnutricion aguda,nutricion normal (n),2007-07-01,32,17,23,21,55,38,93
51301,ARAMPAMPA,desnutricion aguda,nutricion normal (n),2007-07-01,52,50,53,52,105,102,207
30501,ARANI,desnutricion aguda,nutricion normal (n),2007-07-01,26,10,19,27,45,37,82
30403,ARBIETO,desnutricion aguda,nutricion normal (n),2007-07-01,41,38,21,18,62,56,118
30601,ARQUE,desnutricion aguda,nutricion normal (n),2007-07-01,62,44,27,35,89,79,168
71501,ASCENCION DE GUARAYOS,desnutricion aguda,nutricion normal (n),2007-07-01,8,9,11,12,19,21,40
50802,ATOCHA,desnutricion aguda,nutricion normal (n),2007-07-01,46,39,44,42,90,81,171
30301,AYOPAYA (V. DE INDEPENDENCIA),desnutricion aguda,nutricion normal (n),2007-07-01,160,138,101,79,261,217,478
10201,AZURDUY,desnutricion aguda,nutricion normal (n),2007-07-01,170,141,214,160,384,301,685
80802,BAURES,desnutricion aguda,nutricion normal (n),2007-07-01,32,29,32,32,64,61,125
41202,BELEN DE ANDAMARCA,desnutricion aguda,nutricion normal (n),2007-07-01,2,0,1,0,3,0,3
50104,BELEN DE URMIRI,desnutricion aguda,nutricion normal (n),2007-07-01,12,8,7,11,19,19,38
90104,BELLA FLOR,desnutricion aguda,nutricion normal (n),2007-07-01,17,13,15,14,32,27,59
60202,BERMEJO,desnutricion aguda,nutricion normal (n),2007-07-01,108,89,55,92,163,181,344
50301,BETANZOS,desnutricion aguda,nutricion normal (n),2007-07-01,238,177,189,191,427,368,795
31501,BOLIVAR,desnutricion aguda,nutricion normal (n),2007-07-01,47,34,34,26,81,60,141
90103,BOLPEBRA,desnutricion aguda,nutricion normal (n),2007-07-01,14,15,16,16,30,31,61
70707,BOYUIBE,desnutricion aguda,nutricion normal (n),2007-07-01,26,33,27,28,53,61,114
70401,BUENA VISTA,desnutricion aguda,nutricion normal (n),2007-07-01,100,110,112,106,212,216,428
70703,CABEZAS,desnutricion aguda,nutricion normal (n),2007-07-01,115,93,74,62,189,155,344
51102,"CAIZA ""D""",desnutricion aguda,nutricion normal (n),2007-07-01,65,54,55,55,120,109,229
21003,CAJUATA,desnutricion aguda,nutricion normal (n),2007-07-01,69,59,49,27,118,86,204
10701,CAMARGO,desnutricion aguda,nutricion normal (n),2007-07-01,100,125,94,95,194,220,414
10901,CAMATAQUI (C. VILLA ABECIA),desnutricion aguda,nutricion normal (n),2007-07-01,28,33,33,23,61,56,117
70706,CAMIRI,desnutricion aguda,nutricion normal (n),2007-07-01,240,213,227,203,467,416,883
30701,CAPINOTA,desnutricion aguda,nutricion normal (n),2007-07-01,102,88,40,37,142,125,267
40102,CARACOLLO,desnutricion aguda,nutricion normal (n),2007-07-01,90,112,29,52,119,164,283
60302,CARAPARI,desnutricion aguda,nutricion normal (n),2007-07-01,60,65,57,77,117,142,259
50702,CARIPUYO,desnutricion aguda,nutricion normal (n),2007-07-01,70,59,81,97,151,156,307
71403,CARMEN RIVERO TORREZ,desnutricion aguda,nutricion normal (n),2007-07-01,40,23,28,21,68,44,112
40201,CHALLAPATA,desnutricion aguda,nutricion normal (n),2007-07-01,162,183,123,111,285,294,579
50302,CHAQUI,desnutricion aguda,nutricion normal (n),2007-07-01,41,41,48,40,89,81,170
70702,CHARAGUA,desnutricion aguda,nutricion normal (n),2007-07-01,147,185,146,139,293,324,617
50202,CHAYANTA,desnutricion aguda,nutricion normal (n),2007-07-01,56,53,54,54,110,107,217
31204,CHIMORE,desnutricion aguda,nutricion normal (n),2007-07-01,37,30,20,15,57,45,102
40903,CHIPAYA,desnutricion aguda,nutricion normal (n),2007-07-01,6,11,8,7,14,18,32
40302,CHOQUE COTA,desnutricion aguda,nutricion normal (n),2007-07-01,3,3,2,3,5,6,11
30801,CLIZA,desnutricion aguda,nutricion normal (n),2007-07-01,0,0,5,4,5,4,9
90101,COBIJA,desnutricion aguda,nutricion normal (n),2007-07-01,313,308,148,142,461,450,911
30101,COCHABAMBA,desnutricion aguda,nutricion normal (n),2007-07-01,1691,1466,724,686,2415,2152,4567
40902,COIPASA,desnutricion aguda,nutricion normal (n),2007-07-01,2,3,0,0,2,3,5
30905,COLCAPIRHUA,desnutricion aguda,nutricion normal (n),2007-07-01,132,121,73,77,205,198,403
50901,"COLCHA ""K""",desnutricion aguda,nutricion normal (n),2007-07-01,74,62,38,34,112,96,208
31002,COLOMI,desnutricion aguda,nutricion normal (n),2007-07-01,122,113,49,59,171,172,343
70603,COLPA BELGICA,desnutricion aguda,nutricion normal (n),2007-07-01,37,36,29,16,66,52,118
50401,COLQUECHACA,desnutricion aguda,nutricion normal (n),2007-07-01,173,152,98,76,271,228,499
21004,COLQUIRI,desnutricion aguda,nutricion normal (n),2007-07-01,136,119,74,86,210,205,415
71301,COMARAPA,desnutricion aguda,nutricion normal (n),2007-07-01,81,89,80,95,161,184,345
71101,CONCEPCION,desnutricion aguda,nutricion normal (n),2007-07-01,106,68,30,35,136,103,239
40301,CORQUE,desnutricion aguda,nutricion normal (n),2007-07-01,43,47,30,36,73,83,156
50601,COTAGAITA,desnutricion aguda,nutricion normal (n),2007-07-01,158,135,80,100,238,235,473
70102,COTOCA,desnutricion aguda,nutricion normal (n),2007-07-01,319,246,169,144,488,390,878
71106,CUATRO CAÑADAS,desnutricion aguda,nutricion normal (n),2007-07-01,83,86,57,54,140,140,280
31405,CUCHUMUELA (V. G. VILLARROEL),desnutricion aguda,nutricion normal (n),2007-07-01,7,3,1,1,8,4,12
70704,CUEVO,desnutricion aguda,nutricion normal (n),2007-07-01,24,32,34,43,58,75,133
10902,CULPINA,desnutricion aguda,nutricion normal (n),2007-07-01,184,181,175,179,359,360,719
40401,CURAHUARA DE CARANGAS,desnutricion aguda,nutricion normal (n),2007-07-01,42,21,27,21,69,42,111
40103,EL CHORO,desnutricion aguda,nutricion normal (n),2007-07-01,18,12,4,4,22,16,38
60502,EL PUENTE(TJA),desnutricion aguda,nutricion normal (n),2007-07-01,46,45,51,46,97,91,188
70105,EL TORNO,desnutricion aguda,nutricion normal (n),2007-07-01,160,190,56,73,216,263,479
10405,EL VILLAR,desnutricion aguda,nutricion normal (n),2007-07-01,64,51,66,66,130,117,247
60601,ENTRE RIOS,desnutricion aguda,nutricion normal (n),2007-07-01,143,146,123,108,266,254,520
60601,ENTRE RIOS,desnutricion aguda,nutricion normal (n),2007-07-01,187,192,83,77,270,269,539
40502,ESCARA,desnutricion aguda,nutricion normal (n),2007-07-01,1,3,3,1,4,4,8
40505,ESMERALDA,desnutricion aguda,nutricion normal (n),2007-07-01,2,1,1,1,3,2,5
41101,EUCALIPTUS,desnutricion aguda,nutricion normal (n),2007-07-01,26,21,23,14,49,35,84
90503,EUREKA (SANTOS MERCADO),desnutricion aguda,nutricion normal (n),2007-07-01,5,2,2,4,7,6,13
80402,EXALTACION,desnutricion aguda,nutricion normal (n),2007-07-01,6,11,9,12,15,23,38
71004,FERNANDEZ ALONSO,desnutricion aguda,nutricion normal (n),2007-07-01,99,77,57,59,156,136,292
90203,FILADELFIA,desnutricion aguda,nutricion normal (n),2007-07-01,50,34,34,43,84,77,161
71002,GENERAL SAAVEDRA,desnutricion aguda,nutricion normal (n),2007-07-01,125,118,80,72,205,190,395
80202,GUAYARAMERIN,desnutricion aguda,nutricion normal (n),2007-07-01,217,201,108,100,325,301,626
70705,GUTIERREZ,desnutricion aguda,nutricion normal (n),2007-07-01,123,119,185,174,308,293,601
10502,HUACARETA,desnutricion aguda,nutricion normal (n),2007-07-01,100,86,84,70,184,156,340
11002,HUACAYA (VILLA DE HUACAYA),desnutricion aguda,nutricion normal (n),2007-07-01,38,24,39,43,77,67,144
40501,HUACHACALLA,desnutricion aguda,nutricion normal (n),2007-07-01,7,10,6,5,13,15,28
40701,HUANUNI,desnutricion aguda,nutricion normal (n),2007-07-01,115,110,66,54,181,164,345
80803,HUARACAJE,desnutricion aguda,nutricion normal (n),2007-07-01,32,18,19,17,51,35,86
41601,HUAYLLAMARCA,desnutricion aguda,nutricion normal (n),2007-07-01,29,20,8,12,37,32,69
21005,ICHOCA,desnutricion aguda,nutricion normal (n),2007-07-01,29,19,15,21,44,40,84
10304,ICLA,desnutricion aguda,nutricion normal (n),2007-07-01,54,34,65,32,119,66,185
10703,INCAHUASI,desnutricion aguda,nutricion normal (n),2007-07-01,226,245,213,209,439,454,893
90402,INGAVI (HUMAITA),desnutricion aguda,nutricion normal (n),2007-07-01,3,3,2,1,5,4,9
21001,INQUISIVI,desnutricion aguda,nutricion normal (n),2007-07-01,63,76,67,53,130,129,259
70104,LA GUARDIA,desnutricion aguda,nutricion normal (n),2007-07-01,326,325,146,141,472,466,938
41501,LA RIVERA,desnutricion aguda,nutricion normal (n),2007-07-01,1,4,0,0,1,4,5
70701,LAGUNILLAS,desnutricion aguda,nutricion normal (n),2007-07-01,85,78,110,122,195,200,395
10903,LAS CARRERAS,desnutricion aguda,nutricion normal (n),2007-07-01,41,40,54,37,95,77,172
21006,LICOMA PAMPA,desnutricion aguda,nutricion normal (n),2007-07-01,11,12,6,9,17,21,38
50203,LLALLAGUA,desnutricion aguda,nutricion normal (n),2007-07-01,147,148,168,164,315,312,627
51401,LLICA,desnutricion aguda,nutricion normal (n),2007-07-01,18,20,25,15,43,35,78
80601,LORETO,desnutricion aguda,nutricion normal (n),2007-07-01,22,18,17,14,39,32,71
40702,MACHACAMARCA,desnutricion aguda,nutricion normal (n),2007-07-01,40,35,48,47,88,82,170
11003,MACHARETI,desnutricion aguda,nutricion normal (n),2007-07-01,89,74,96,136,185,210,395
80801,MAGDALENA,desnutricion aguda,nutricion normal (n),2007-07-01,59,45,23,24,82,69,151
70903,MAIRANA,desnutricion aguda,nutricion normal (n),2007-07-01,79,89,68,40,147,129,276
20103,MECAPACA,desnutricion aguda,nutricion normal (n),2007-07-01,44,69,46,40,90,109,199
71003,MINEROS,desnutricion aguda,nutricion normal (n),2007-07-01,172,125,69,92,241,217,458
31301,MIZQUE,desnutricion aguda,nutricion normal (n),2007-07-01,179,119,102,108,281,227,508
51002,MOJINETE,desnutricion aguda,nutricion normal (n),2007-07-01,6,9,5,8,11,17,28
10303,MOJOCOYA,desnutricion aguda,nutricion normal (n),2007-07-01,64,58,89,67,153,125,278
10501,MONTEAGUDO,desnutricion aguda,nutricion normal (n),2007-07-01,198,182,185,178,383,360,743
71001,MONTERO,desnutricion aguda,nutricion normal (n),2007-07-01,759,757,488,470,1247,1227,2474
70803,MORO MORO,desnutricion aguda,nutricion normal (n),2007-07-01,18,15,13,17,31,32,63
30302,MOROCHATA,desnutricion aguda,nutricion normal (n),2007-07-01,103,112,69,92,172,204,376
90401,NACEBE (SANTA ROSA DEL ABUNA),desnutricion aguda,nutricion normal (n),2007-07-01,12,13,22,10,34,23,57
90501,NUEVO MANOA (NUEVA ESPERANZA),desnutricion aguda,nutricion normal (n),2007-07-01,9,8,10,7,19,15,34
50404,OCURI,desnutricion aguda,nutricion normal (n),2007-07-01,99,123,110,110,209,233,442
70202,OKINAWA,desnutricion aguda,nutricion normal (n),2007-07-01,92,81,46,55,138,136,274
30203,OMEREQUE,desnutricion aguda,nutricion normal (n),2007-07-01,32,27,23,25,55,52,107
40101,ORURO,desnutricion aguda,nutricion normal (n),2007-07-01,1240,1094,510,570,1750,1664,3414
60201,PADCAYA,desnutricion aguda,nutricion normal (n),2007-07-01,75,93,64,76,139,169,308
10401,PADILLA,desnutricion aguda,nutricion normal (n),2007-07-01,119,144,162,161,281,305,586
70502,PAILON,desnutricion aguda,nutricion normal (n),2007-07-01,98,105,60,46,158,151,309
20102,PALCA,desnutricion aguda,nutricion normal (n),2007-07-01,48,42,16,10,64,52,116
40802,PAMPA AULLAGAS,desnutricion aguda,nutricion normal (n),2007-07-01,23,24,16,26,39,50,89
70902,PAMPA GRANDE,desnutricion aguda,nutricion normal (n),2007-07-01,28,27,16,15,44,42,86
30202,PASORAPA,desnutricion aguda,nutricion normal (n),2007-07-01,18,12,20,20,38,32,70
40602,PAZÑA,desnutricion aguda,nutricion normal (n),2007-07-01,54,26,30,36,84,62,146
50403,POCOATA,desnutricion aguda,nutricion normal (n),2007-07-01,145,115,106,88,251,203,454
31203,POCONA,desnutricion aguda,nutricion normal (n),2007-07-01,68,47,40,37,108,84,192
31202,POJO (CBBA),desnutricion aguda,nutricion normal (n),2007-07-01,78,58,68,74,146,132,278
40601,POOPO,desnutricion aguda,nutricion normal (n),2007-07-01,21,21,5,3,26,24,50
51203,PORCO,desnutricion aguda,nutricion normal (n),2007-07-01,54,50,18,12,72,62,134
10103,POROMA,desnutricion aguda,nutricion normal (n),2007-07-01,159,142,154,138,313,280,593
70103,PORONGO,desnutricion aguda,nutricion normal (n),2007-07-01,37,43,21,24,58,67,125
70601,PORTACHUELO,desnutricion aguda,nutricion normal (n),2007-07-01,125,118,74,68,199,186,385
90102,PORVENIR,desnutricion aguda,nutricion normal (n),2007-07-01,48,53,37,48,85,101,186
70804,POSTRER VALLE,desnutricion aguda,nutricion normal (n),2007-07-01,8,5,7,9,15,14,29
50101,POTOSI,desnutricion aguda,nutricion normal (n),2007-07-01,894,842,340,327,1234,1169,2403
10302,PRESTO,desnutricion aguda,nutricion normal (n),2007-07-01,77,56,89,76,166,132,298
70805,PUCARA,desnutricion aguda,nutricion normal (n),2007-07-01,13,11,8,9,21,20,41
90301,PUERTO GONZALO MORENO,desnutricion aguda,nutricion normal (n),2007-07-01,43,65,49,36,92,101,193
71402,PUERTO QUIJARRO,desnutricion aguda,nutricion normal (n),2007-07-01,65,73,23,27,88,100,188
90201,PUERTO RICO,desnutricion aguda,nutricion normal (n),2007-07-01,60,69,62,50,122,119,241
80703,PUERTO SILES,desnutricion aguda,nutricion normal (n),2007-07-01,43,41,60,47,103,88,191
71401,PUERTO SUAREZ,desnutricion aguda,nutricion normal (n),2007-07-01,46,62,15,16,61,78,139
31205,PUERTO VILLARROEL,desnutricion aguda,nutricion normal (n),2007-07-01,209,167,85,123,294,290,584
51101,PUNA,desnutricion aguda,nutricion normal (n),2007-07-01,186,136,153,136,339,272,611
31401,PUNATA,desnutricion aguda,nutricion normal (n),2007-07-01,267,235,115,104,382,339,721
30901,QUILLACOLLO,desnutricion aguda,nutricion normal (n),2007-07-01,506,518,305,178,811,696,1507
21002,QUIME,desnutricion aguda,nutricion normal (n),2007-07-01,75,86,59,60,134,146,280
70904,QUIRUSILLAS,desnutricion aguda,nutricion normal (n),2007-07-01,9,7,12,6,21,13,34
50402,RAVELO,desnutricion aguda,nutricion normal (n),2007-07-01,124,110,154,132,278,242,520
80301,REYES,desnutricion aguda,nutricion normal (n),2007-07-01,52,56,55,50,107,106,213
80201,RIBERALTA,desnutricion aguda,nutricion normal (n),2007-07-01,967,739,253,244,1220,983,2203
70503,ROBORE,desnutricion aguda,nutricion normal (n),2007-07-01,118,111,67,54,185,165,350
80304,RURRENABAQUE,desnutricion aguda,nutricion normal (n),2007-07-01,110,105,65,58,175,163,338
40901,SABAYA,desnutricion aguda,nutricion normal (n),2007-07-01,12,21,5,8,17,29,46
31001,SACABA,desnutricion aguda,nutricion normal (n),2007-07-01,517,446,249,214,766,660,1426
30404,SACABAMBA,desnutricion aguda,nutricion normal (n),2007-07-01,35,30,23,13,58,43,101
50701,SACACA,desnutricion aguda,nutricion normal (n),2007-07-01,100,118,165,122,265,240,505
71302,SAIPINA,desnutricion aguda,nutricion normal (n),2007-07-01,34,27,56,65,90,92,182
40801,SALINAS DE GARCI MENDOZA,desnutricion aguda,nutricion normal (n),2007-07-01,52,60,38,40,90,100,190
70901,SAMAIPATA,desnutricion aguda,nutricion normal (n),2007-07-01,60,46,27,26,87,72,159
51601,SAN AGUSTIN,desnutricion aguda,nutricion normal (n),2007-07-01,7,6,12,16,19,22,41
80602,SAN ANDRES,desnutricion aguda,nutricion normal (n),2007-07-01,152,125,96,62,248,187,435
51003,SAN ANTONIO DE ESMORUCO,desnutricion aguda,nutricion normal (n),2007-07-01,2,8,4,1,6,9,15
71105,SAN ANTONIO DE LOMERIO,desnutricion aguda,nutricion normal (n),2007-07-01,58,39,47,67,105,106,211
31403,SAN BENITO,desnutricion aguda,nutricion normal (n),2007-07-01,55,47,22,18,77,65,142
80302,SAN BORJA,desnutricion aguda,nutricion normal (n),2007-07-01,320,302,171,181,491,483,974
70402,SAN CARLOS,desnutricion aguda,nutricion normal (n),2007-07-01,267,199,87,98,354,297,651
80501,SAN IGNACIO,desnutricion aguda,nutricion normal (n),2007-07-01,178,176,105,91,283,267,550
70301,SAN IGNACIO DE VELASCO,desnutricion aguda,nutricion normal (n),2007-07-01,387,342,257,231,644,573,1217
80102,SAN JAVIER(BNI),desnutricion aguda,nutricion normal (n),2007-07-01,26,17,27,23,53,40,93
71102,SAN JAVIER(STC),desnutricion aguda,nutricion normal (n),2007-07-01,25,25,18,7,43,32,75
80701,SAN JOAQUIN,desnutricion aguda,nutricion normal (n),2007-07-01,29,15,11,19,40,34,74
70501,SAN JOSE DE CHIQUITOS,desnutricion aguda,nutricion normal (n),2007-07-01,62,47,36,35,98,82,180
70404,SAN JUAN DE YAPACANI,desnutricion aguda,nutricion normal (n),2007-07-01,72,78,52,61,124,139,263
71104,SAN JULIAN,desnutricion aguda,nutricion normal (n),2007-07-01,107,108,130,144,237,252,489
90302,SAN LORENZO(PND),desnutricion aguda,nutricion normal (n),2007-07-01,55,54,79,79,134,133,267
60501,SAN LORENZO(TJA),desnutricion aguda,nutricion normal (n),2007-07-01,85,81,72,70,157,151,308
10702,SAN LUCAS,desnutricion aguda,nutricion normal (n),2007-07-01,378,353,474,417,852,770,1622
71201,SAN MATIAS,desnutricion aguda,nutricion normal (n),2007-07-01,48,51,55,42,103,93,196
70302,SAN MIGUEL DE VELASCO,desnutricion aguda,nutricion normal (n),2007-07-01,79,62,64,55,143,117,260
51001,SAN PABLO DE LIPEZ,desnutricion aguda,nutricion normal (n),2007-07-01,18,12,13,10,31,22,53
71005,SAN PEDRO,desnutricion aguda,nutricion normal (n),2007-07-01,122,105,67,82,189,187,376
50501,SAN PEDRO DE BUENA VISTA,desnutricion aguda,nutricion normal (n),2007-07-01,142,125,122,87,264,212,476
50902,SAN PEDRO DE QUEMES,desnutricion aguda,nutricion normal (n),2007-07-01,6,5,2,5,8,10,18
90202,SAN PEDRO(PND),desnutricion aguda,nutricion normal (n),2007-07-01,10,16,16,14,26,30,56
70303,SAN RAFAEL,desnutricion aguda,nutricion normal (n),2007-07-01,51,41,35,31,86,72,158
80702,SAN RAMON,desnutricion aguda,nutricion normal (n),2007-07-01,47,37,28,16,75,53,128
80401,SANTA ANA,desnutricion aguda,nutricion normal (n),2007-07-01,109,121,45,55,154,176,330
70101,SANTA CRUZ DE LA SIERRA,desnutricion aguda,nutricion normal (n),2007-07-01,3880,3576,1667,1559,5547,5135,10682
80303,SANTA ROSA,desnutricion aguda,nutricion normal (n),2007-07-01,76,62,66,71,142,133,275
70602,SANTA ROSA DEL SARA,desnutricion aguda,nutricion normal (n),2007-07-01,119,121,87,94,206,215,421
41401,SANTIAGO DE HUARI,desnutricion aguda,nutricion normal (n),2007-07-01,40,35,26,30,66,65,131
30702,SANTIVAÑES,desnutricion aguda,nutricion normal (n),2007-07-01,36,34,42,27,78,61,139
40202,SANTUARIO DE QUILLACAS,desnutricion aguda,nutricion normal (n),2007-07-01,12,9,12,11,24,20,44
90303,SENA,desnutricion aguda,nutricion normal (n),2007-07-01,30,29,18,19,48,48,96
30703,SICAYA,desnutricion aguda,nutricion normal (n),2007-07-01,10,15,13,7,23,22,45
30902,SIPE SIPE,desnutricion aguda,nutricion normal (n),2007-07-01,204,195,72,102,276,297,573
10403,SOPACHUY,desnutricion aguda,nutricion normal (n),2007-07-01,96,81,80,79,176,160,336
40104,SORACACHI,desnutricion aguda,nutricion normal (n),2007-07-01,94,83,68,67,162,150,312
10101,SUCRE,desnutricion aguda,nutricion normal (n),2007-07-01,1247,1251,833,802,2080,2053,4133
31404,TACACHI,desnutricion aguda,nutricion normal (n),2007-07-01,4,3,0,1,4,4,8
50303,TACOBAMBA,desnutricion aguda,nutricion normal (n),2007-07-01,59,39,29,29,88,68,156
30602,TACOPAYA,desnutricion aguda,nutricion normal (n),2007-07-01,50,53,47,34,97,87,184
51402,TAHUA,desnutricion aguda,nutricion normal (n),2007-07-01,3,8,1,5,4,13,17
31101,TAPACARI,desnutricion aguda,nutricion normal (n),2007-07-01,169,167,119,115,288,282,570
10601,TARABUCO,desnutricion aguda,nutricion normal (n),2007-07-01,142,144,237,232,379,376,755
30401,TARATA,desnutricion aguda,nutricion normal (n),2007-07-01,46,56,22,28,68,84,152
60101,TARIJA,desnutricion aguda,nutricion normal (n),2007-07-01,730,655,366,433,1096,1088,2184
10202,TARVITA,desnutricion aguda,nutricion normal (n),2007-07-01,253,201,264,266,517,467,984
50102,TINGUIPAYA,desnutricion aguda,nutricion normal (n),2007-07-01,86,64,58,43,144,107,251
30903,TIQUIPAYA,desnutricion aguda,nutricion normal (n),2007-07-01,235,169,98,81,333,250,583
31601,TIRAQUE (CBBA),desnutricion aguda,nutricion normal (n),2007-07-01,291,225,129,148,420,373,793
30802,TOCO,desnutricion aguda,nutricion normal (n),2007-07-01,34,25,31,27,65,52,117
41502,TODOS SANTOS,desnutricion aguda,nutricion normal (n),2007-07-01,3,1,2,0,5,1,6
30803,TOLATA,desnutricion aguda,nutricion normal (n),2007-07-01,17,19,11,13,28,32,60
41001,TOLEDO,desnutricion aguda,nutricion normal (n),2007-07-01,36,43,16,25,52,68,120
51202,TOMAVE,desnutricion aguda,nutricion normal (n),2007-07-01,56,48,46,29,102,77,179
10402,TOMINA,desnutricion aguda,nutricion normal (n),2007-07-01,98,111,122,116,220,227,447
50502,TORO TORO,desnutricion aguda,nutricion normal (n),2007-07-01,31,60,45,31,76,91,167
31201,TOTORA(CBBA),desnutricion aguda,nutricion normal (n),2007-07-01,99,78,20,34,119,112,231
41301,TOTORA(ORR),desnutricion aguda,nutricion normal (n),2007-07-01,17,17,20,24,37,41,78
70802,TRIGAL,desnutricion aguda,nutricion normal (n),2007-07-01,11,9,9,14,20,23,43
80101,TRINIDAD,desnutricion aguda,nutricion normal (n),2007-07-01,636,604,317,306,953,910,1863
50801,TUPIZA,desnutricion aguda,nutricion normal (n),2007-07-01,229,233,189,191,418,424,842
40402,TURCO,desnutricion aguda,nutricion normal (n),2007-07-01,22,34,22,23,44,57,101
50201,UNCIA,desnutricion aguda,nutricion normal (n),2007-07-01,96,78,68,64,164,142,306
60401,URIONDO (A. CONCEPCION),desnutricion aguda,nutricion normal (n),2007-07-01,87,65,57,102,144,167,311
51201,UYUNI,desnutricion aguda,nutricion normal (n),2007-07-01,257,216,132,115,389,331,720
30502,VACAS,desnutricion aguda,nutricion normal (n),2007-07-01,39,52,12,19,51,71,122
70801,VALLEGRANDE,desnutricion aguda,nutricion normal (n),2007-07-01,98,91,44,57,142,148,290
20801,VIACHA,desnutricion aguda,nutricion normal (n),2007-07-01,219,211,131,131,350,342,692
31302,VILA VILA,desnutricion aguda,nutricion normal (n),2007-07-01,15,27,14,22,29,49,78
60303,VILLA MONTES,desnutricion aguda,nutricion normal (n),2007-07-01,218,202,137,118,355,320,675
90502,VILLA NUEVA (LOMA ALTA),desnutricion aguda,nutricion normal (n),2007-07-01,26,23,25,17,51,40,91
31402,VILLA RIVERO,desnutricion aguda,nutricion normal (n),2007-07-01,17,12,12,9,29,21,50
10801,VILLA SERRANO,desnutricion aguda,nutricion normal (n),2007-07-01,141,133,172,152,313,285,598
31003,VILLA TUNARI,desnutricion aguda,nutricion normal (n),2007-07-01,489,342,216,183,705,525,1230
11001,VILLA VACA GUZMAN (MUYUPAMPA),desnutricion aguda,nutricion normal (n),2007-07-01,58,70,90,85,148,155,303
51501,VILLAZON,desnutricion aguda,nutricion normal (n),2007-07-01,190,196,110,117,300,313,613
30904,VINTO,desnutricion aguda,nutricion normal (n),2007-07-01,92,85,24,18,116,103,219
50602,VITICHI,desnutricion aguda,nutricion normal (n),2007-07-01,77,70,72,71,149,141,290
70201,WARNES,desnutricion aguda,nutricion normal (n),2007-07-01,179,209,123,110,302,319,621
60301,YACUIBA,desnutricion aguda,nutricion normal (n),2007-07-01,343,301,139,148,482,449,931
10602,YAMPARAEZ,desnutricion aguda,nutricion normal (n),2007-07-01,98,88,144,154,242,242,484
70403,YAPACANI,desnutricion aguda,nutricion normal (n),2007-07-01,218,228,149,140,367,368,735
50103,YOCALLA,desnutricion aguda,nutricion normal (n),2007-07-01,43,39,43,24,86,63,149
10102,YOTALA,desnutricion aguda,nutricion normal (n),2007-07-01,14,12,6,6,20,18,38
60402,YUNCHARA,desnutricion aguda,nutricion normal (n),2007-07-01,17,34,47,43,64,77,141
10301,ZUDAÑEZ,desnutricion aguda,nutricion normal (n),2007-07-01,62,59,72,69,134,128,262
51302,ACACIO,desnutricion aguda,nutricion normal (n),2007-08-01,49,44,52,45,101,89,190
20104,ACHOCALLA,desnutricion aguda,nutricion normal (n),2007-08-01,7,16,0,2,7,18,25
30201,AIQUILE,desnutricion aguda,nutricion normal (n),2007-08-01,147,136,76,75,223,211,434
31303,ALALAY,desnutricion aguda,nutricion normal (n),2007-08-01,41,31,33,32,74,63,137
10404,ALCALA,desnutricion aguda,nutricion normal (n),2007-08-01,23,27,39,39,62,66,128
41201,ANDAMARCA,desnutricion aguda,nutricion normal (n),2007-08-01,40,34,53,45,93,79,172
40603,ANTEQUERA,desnutricion aguda,nutricion normal (n),2007-08-01,48,33,21,18,69,51,120
30402,ANZALDO,desnutricion aguda,nutricion normal (n),2007-08-01,33,34,37,41,70,75,145
51301,ARAMPAMPA,desnutricion aguda,nutricion normal (n),2007-08-01,71,54,70,66,141,120,261
30501,ARANI,desnutricion aguda,nutricion normal (n),2007-08-01,26,25,15,17,41,42,83
30403,ARBIETO,desnutricion aguda,nutricion normal (n),2007-08-01,45,39,32,31,77,70,147
30601,ARQUE,desnutricion aguda,nutricion normal (n),2007-08-01,55,45,47,60,102,105,207
71501,ASCENCION DE GUARAYOS,desnutricion aguda,nutricion normal (n),2007-08-01,204,201,176,226,380,427,807
50802,ATOCHA,desnutricion aguda,nutricion normal (n),2007-08-01,81,66,45,34,126,100,226
30301,AYOPAYA (V. DE INDEPENDENCIA),desnutricion aguda,nutricion normal (n),2007-08-01,160,200,82,106,242,306,548
10201,AZURDUY,desnutricion aguda,nutricion normal (n),2007-08-01,182,159,246,184,428,343,771
80802,BAURES,desnutricion aguda,nutricion normal (n),2007-08-01,42,34,32,44,74,78,152
41202,BELEN DE ANDAMARCA,desnutricion aguda,nutricion normal (n),2007-08-01,10,6,7,6,17,12,29
50104,BELEN DE URMIRI,desnutricion aguda,nutricion normal (n),2007-08-01,9,11,10,2,19,13,32
90104,BELLA FLOR,desnutricion aguda,nutricion normal (n),2007-08-01,19,26,33,30,52,56,108
60202,BERMEJO,desnutricion aguda,nutricion normal (n),2007-08-01,94,94,54,64,148,158,306
50301,BETANZOS,desnutricion aguda,nutricion normal (n),2007-08-01,291,222,261,282,552,504,1056
31501,BOLIVAR,desnutricion aguda,nutricion normal (n),2007-08-01,56,31,40,50,96,81,177
90103,BOLPEBRA,desnutricion aguda,nutricion normal (n),2007-08-01,6,8,14,13,20,21,41
70707,BOYUIBE,desnutricion aguda,nutricion normal (n),2007-08-01,27,19,25,18,52,37,89
70401,BUENA VISTA,desnutricion aguda,nutricion normal (n),2007-08-01,142,130,133,109,275,239,514
70703,CABEZAS,desnutricion aguda,nutricion normal (n),2007-08-01,134,112,105,91,239,203,442
51102,"CAIZA ""D""",desnutricion aguda,nutricion normal (n),2007-08-01,74,77,74,65,148,142,290
21003,CAJUATA,desnutricion aguda,nutricion normal (n),2007-08-01,80,79,48,39,128,118,246
10701,CAMARGO,desnutricion aguda,nutricion normal (n),2007-08-01,156,154,109,118,265,272,537
10901,CAMATAQUI (C. VILLA ABECIA),desnutricion aguda,nutricion normal (n),2007-08-01,28,39,31,27,59,66,125
70706,CAMIRI,desnutricion aguda,nutricion normal (n),2007-08-01,231,253,222,246,453,499,952
30701,CAPINOTA,desnutricion aguda,nutricion normal (n),2007-08-01,142,114,77,87,219,201,420
40102,CARACOLLO,desnutricion aguda,nutricion normal (n),2007-08-01,63,100,37,52,100,152,252
41503,CARANGAS,desnutricion aguda,nutricion normal (n),2007-08-01,3,8,4,5,7,13,20
60302,CARAPARI,desnutricion aguda,nutricion normal (n),2007-08-01,77,94,84,81,161,175,336
50702,CARIPUYO,desnutricion aguda,nutricion normal (n),2007-08-01,93,88,76,98,169,186,355
71403,CARMEN RIVERO TORREZ,desnutricion aguda,nutricion normal (n),2007-08-01,32,40,22,21,54,61,115
40201,CHALLAPATA,desnutricion aguda,nutricion normal (n),2007-08-01,160,151,124,114,284,265,549
50302,CHAQUI,desnutricion aguda,nutricion normal (n),2007-08-01,56,53,53,44,109,97,206
70702,CHARAGUA,desnutricion aguda,nutricion normal (n),2007-08-01,158,149,131,149,289,298,587
50202,CHAYANTA,desnutricion aguda,nutricion normal (n),2007-08-01,84,71,75,66,159,137,296
31204,CHIMORE,desnutricion aguda,nutricion normal (n),2007-08-01,74,53,58,46,132,99,231
40903,CHIPAYA,desnutricion aguda,nutricion normal (n),2007-08-01,11,6,5,14,16,20,36
40302,CHOQUE COTA,desnutricion aguda,nutricion normal (n),2007-08-01,11,6,3,2,14,8,22
30801,CLIZA,desnutricion aguda,nutricion normal (n),2007-08-01,1,2,4,7,5,9,14
90101,COBIJA,desnutricion aguda,nutricion normal (n),2007-08-01,357,332,204,140,561,472,1033
30101,COCHABAMBA,desnutricion aguda,nutricion normal (n),2007-08-01,2113,1910,868,861,2981,2771,5752
40902,COIPASA,desnutricion aguda,nutricion normal (n),2007-08-01,11,0,0,11,11,11,22
30905,COLCAPIRHUA,desnutricion aguda,nutricion normal (n),2007-08-01,310,295,129,118,439,413,852
50901,"COLCHA ""K""",desnutricion aguda,nutricion normal (n),2007-08-01,99,83,69,66,168,149,317
31002,COLOMI,desnutricion aguda,nutricion normal (n),2007-08-01,172,169,82,59,254,228,482
70603,COLPA BELGICA,desnutricion aguda,nutricion normal (n),2007-08-01,31,50,34,18,65,68,133
50401,COLQUECHACA,desnutricion aguda,nutricion normal (n),2007-08-01,148,148,84,84,232,232,464
21004,COLQUIRI,desnutricion aguda,nutricion normal (n),2007-08-01,135,120,99,108,234,228,462
71301,COMARAPA,desnutricion aguda,nutricion normal (n),2007-08-01,88,64,51,57,139,121,260
71101,CONCEPCION,desnutricion aguda,nutricion normal (n),2007-08-01,107,73,46,34,153,107,260
40301,CORQUE,desnutricion aguda,nutricion normal (n),2007-08-01,34,31,42,43,76,74,150
50601,COTAGAITA,desnutricion aguda,nutricion normal (n),2007-08-01,226,220,143,136,369,356,725
70102,COTOCA,desnutricion aguda,nutricion normal (n),2007-08-01,309,266,130,112,439,378,817
71106,CUATRO CAÑADAS,desnutricion aguda,nutricion normal (n),2007-08-01,160,123,139,111,299,234,533
31405,CUCHUMUELA (V. G. VILLARROEL),desnutricion aguda,nutricion normal (n),2007-08-01,14,15,19,3,33,18,51
70704,CUEVO,desnutricion aguda,nutricion normal (n),2007-08-01,3,3,2,5,5,8,13
10902,CULPINA,desnutricion aguda,nutricion normal (n),2007-08-01,244,222,198,177,442,399,841
40401,CURAHUARA DE CARANGAS,desnutricion aguda,nutricion normal (n),2007-08-01,56,43,30,34,86,77,163
21602,CURVA,desnutricion aguda,nutricion normal (n),2007-08-01,15,14,7,11,22,25,47
40103,EL CHORO,desnutricion aguda,nutricion normal (n),2007-08-01,37,26,30,20,67,46,113
71503,EL PUENTE(STC),desnutricion aguda,nutricion normal (n),2007-08-01,141,107,81,79,222,186,408
60502,EL PUENTE(TJA),desnutricion aguda,nutricion normal (n),2007-08-01,54,43,66,61,120,104,224
70105,EL TORNO,desnutricion aguda,nutricion normal (n),2007-08-01,234,190,87,86,321,276,597
10405,EL VILLAR,desnutricion aguda,nutricion normal (n),2007-08-01,77,51,79,74,156,125,281
60601,ENTRE RIOS,desnutricion aguda,nutricion normal (n),2007-08-01,178,164,178,165,356,329,685
60601,ENTRE RIOS,desnutricion aguda,nutricion normal (n),2007-08-01,254,255,128,140,382,395,777
40502,ESCARA,desnutricion aguda,nutricion normal (n),2007-08-01,1,1,3,3,4,4,8
41101,EUCALIPTUS,desnutricion aguda,nutricion normal (n),2007-08-01,27,43,25,25,52,68,120
90503,EUREKA (SANTOS MERCADO),desnutricion aguda,nutricion normal (n),2007-08-01,13,19,14,9,27,28,55
80402,EXALTACION,desnutricion aguda,nutricion normal (n),2007-08-01,14,12,10,17,24,29,53
71004,FERNANDEZ ALONSO,desnutricion aguda,nutricion normal (n),2007-08-01,130,100,83,85,213,185,398
90203,FILADELFIA,desnutricion aguda,nutricion normal (n),2007-08-01,40,27,19,28,59,55,114
71002,GENERAL SAAVEDRA,desnutricion aguda,nutricion normal (n),2007-08-01,115,114,83,84,198,198,396
80202,GUAYARAMERIN,desnutricion aguda,nutricion normal (n),2007-08-01,318,322,158,160,476,482,958
70705,GUTIERREZ,desnutricion aguda,nutricion normal (n),2007-08-01,125,120,162,153,287,273,560
10502,HUACARETA,desnutricion aguda,nutricion normal (n),2007-08-01,114,83,118,102,232,185,417
11002,HUACAYA (VILLA DE HUACAYA),desnutricion aguda,nutricion normal (n),2007-08-01,42,40,56,49,98,89,187
40501,HUACHACALLA,desnutricion aguda,nutricion normal (n),2007-08-01,15,10,5,6,20,16,36
40701,HUANUNI,desnutricion aguda,nutricion normal (n),2007-08-01,137,168,103,67,240,235,475
80803,HUARACAJE,desnutricion aguda,nutricion normal (n),2007-08-01,43,39,48,34,91,73,164
41601,HUAYLLAMARCA,desnutricion aguda,nutricion normal (n),2007-08-01,22,29,18,23,40,52,92
21005,ICHOCA,desnutricion aguda,nutricion normal (n),2007-08-01,24,27,18,20,42,47,89
10304,ICLA,desnutricion aguda,nutricion normal (n),2007-08-01,114,128,179,166,293,294,587
10703,INCAHUASI,desnutricion aguda,nutricion normal (n),2007-08-01,227,210,193,185,420,395,815
90402,INGAVI (HUMAITA),desnutricion aguda,nutricion normal (n),2007-08-01,18,15,17,15,35,30,65
21001,INQUISIVI,desnutricion aguda,nutricion normal (n),2007-08-01,75,64,73,55,148,119,267
70104,LA GUARDIA,desnutricion aguda,nutricion normal (n),2007-08-01,385,447,180,202,565,649,1214
41501,LA RIVERA,desnutricion aguda,nutricion normal (n),2007-08-01,2,0,0,0,2,0,2
70701,LAGUNILLAS,desnutricion aguda,nutricion normal (n),2007-08-01,64,47,88,98,152,145,297
10903,LAS CARRERAS,desnutricion aguda,nutricion normal (n),2007-08-01,42,42,45,37,87,79,166
21006,LICOMA PAMPA,desnutricion aguda,nutricion normal (n),2007-08-01,14,18,12,15,26,33,59
50203,LLALLAGUA,desnutricion aguda,nutricion normal (n),2007-08-01,231,222,438,356,669,578,1247
51401,LLICA,desnutricion aguda,nutricion normal (n),2007-08-01,32,21,14,22,46,43,89
80601,LORETO,desnutricion aguda,nutricion normal (n),2007-08-01,33,30,27,22,60,52,112
40702,MACHACAMARCA,desnutricion aguda,nutricion normal (n),2007-08-01,37,35,14,17,51,52,103
11003,MACHARETI,desnutricion aguda,nutricion normal (n),2007-08-01,85,91,137,132,222,223,445
80801,MAGDALENA,desnutricion aguda,nutricion normal (n),2007-08-01,104,91,81,60,185,151,336
70903,MAIRANA,desnutricion aguda,nutricion normal (n),2007-08-01,100,96,55,47,155,143,298
20103,MECAPACA,desnutricion aguda,nutricion normal (n),2007-08-01,63,62,36,28,99,90,189
71003,MINEROS,desnutricion aguda,nutricion normal (n),2007-08-01,246,198,194,151,440,349,789
31301,MIZQUE,desnutricion aguda,nutricion normal (n),2007-08-01,199,176,162,194,361,370,731
51002,MOJINETE,desnutricion aguda,nutricion normal (n),2007-08-01,5,1,9,4,14,5,19
10303,MOJOCOYA,desnutricion aguda,nutricion normal (n),2007-08-01,70,68,107,81,177,149,326
10501,MONTEAGUDO,desnutricion aguda,nutricion normal (n),2007-08-01,252,186,266,209,518,395,913
71001,MONTERO,desnutricion aguda,nutricion normal (n),2007-08-01,987,907,557,501,1544,1408,2952
70803,MORO MORO,desnutricion aguda,nutricion normal (n),2007-08-01,28,25,42,28,70,53,123
30302,MOROCHATA,desnutricion aguda,nutricion normal (n),2007-08-01,169,141,110,85,279,226,505
90401,NACEBE (SANTA ROSA DEL ABUNA),desnutricion aguda,nutricion normal (n),2007-08-01,0,0,8,14,8,14,22
90501,NUEVO MANOA (NUEVA ESPERANZA),desnutricion aguda,nutricion normal (n),2007-08-01,10,16,12,10,22,26,48
50404,OCURI,desnutricion aguda,nutricion normal (n),2007-08-01,83,87,81,80,164,167,331
70202,OKINAWA,desnutricion aguda,nutricion normal (n),2007-08-01,114,80,58,58,172,138,310
30203,OMEREQUE,desnutricion aguda,nutricion normal (n),2007-08-01,31,38,50,41,81,79,160
40101,ORURO,desnutricion aguda,nutricion normal (n),2007-08-01,1983,1808,715,705,2698,2513,5211
60201,PADCAYA,desnutricion aguda,nutricion normal (n),2007-08-01,120,140,89,114,209,254,463
10401,PADILLA,desnutricion aguda,nutricion normal (n),2007-08-01,114,139,162,163,276,302,578
70502,PAILON,desnutricion aguda,nutricion normal (n),2007-08-01,112,135,74,73,186,208,394
20102,PALCA,desnutricion aguda,nutricion normal (n),2007-08-01,81,81,22,26,103,107,210
40802,PAMPA AULLAGAS,desnutricion aguda,nutricion normal (n),2007-08-01,21,23,27,28,48,51,99
70902,PAMPA GRANDE,desnutricion aguda,nutricion normal (n),2007-08-01,61,53,55,55,116,108,224
30202,PASORAPA,desnutricion aguda,nutricion normal (n),2007-08-01,37,23,29,42,66,65,131
40602,PAZÑA,desnutricion aguda,nutricion normal (n),2007-08-01,56,35,24,30,80,65,145
50403,POCOATA,desnutricion aguda,nutricion normal (n),2007-08-01,122,110,108,84,230,194,424
31203,POCONA,desnutricion aguda,nutricion normal (n),2007-08-01,68,84,44,53,112,137,249
31202,POJO (CBBA),desnutricion aguda,nutricion normal (n),2007-08-01,61,70,39,23,100,93,193
40601,POOPO,desnutricion aguda,nutricion normal (n),2007-08-01,56,47,25,20,81,67,148
51203,PORCO,desnutricion aguda,nutricion normal (n),2007-08-01,81,73,13,15,94,88,182
10103,POROMA,desnutricion aguda,nutricion normal (n),2007-08-01,137,116,140,114,277,230,507
70103,PORONGO,desnutricion aguda,nutricion normal (n),2007-08-01,69,69,46,35,115,104,219
70601,PORTACHUELO,desnutricion aguda,nutricion normal (n),2007-08-01,140,139,83,81,223,220,443
90102,PORVENIR,desnutricion aguda,nutricion normal (n),2007-08-01,51,57,50,40,101,97,198
70804,POSTRER VALLE,desnutricion aguda,nutricion normal (n),2007-08-01,10,7,10,17,20,24,44
50101,POTOSI,desnutricion aguda,nutricion normal (n),2007-08-01,981,934,406,299,1387,1233,2620
10302,PRESTO,desnutricion aguda,nutricion normal (n),2007-08-01,91,60,90,74,181,134,315
70805,PUCARA,desnutricion aguda,nutricion normal (n),2007-08-01,11,15,12,17,23,32,55
90301,PUERTO GONZALO MORENO,desnutricion aguda,nutricion normal (n),2007-08-01,52,59,48,49,100,108,208
71402,PUERTO QUIJARRO,desnutricion aguda,nutricion normal (n),2007-08-01,88,93,30,35,118,128,246
90201,PUERTO RICO,desnutricion aguda,nutricion normal (n),2007-08-01,81,87,81,56,162,143,305
80703,PUERTO SILES,desnutricion aguda,nutricion normal (n),2007-08-01,9,19,12,19,21,38,59
71401,PUERTO SUAREZ,desnutricion aguda,nutricion normal (n),2007-08-01,89,85,20,24,109,109,218
31205,PUERTO VILLARROEL,desnutricion aguda,nutricion normal (n),2007-08-01,239,214,163,135,402,349,751
51101,PUNA,desnutricion aguda,nutricion normal (n),2007-08-01,248,190,227,197,475,387,862
31401,PUNATA,desnutricion aguda,nutricion normal (n),2007-08-01,278,202,100,76,378,278,656
30901,QUILLACOLLO,desnutricion aguda,nutricion normal (n),2007-08-01,690,110753,249,228,939,110981,111920
21002,QUIME,desnutricion aguda,nutricion normal (n),2007-08-01,98,66,62,74,160,140,300
70904,QUIRUSILLAS,desnutricion aguda,nutricion normal (n),2007-08-01,9,10,22,9,31,19,50
50402,RAVELO,desnutricion aguda,nutricion normal (n),2007-08-01,166,170,212,162,378,332,710
80301,REYES,desnutricion aguda,nutricion normal (n),2007-08-01,60,52,38,35,98,87,185
80201,RIBERALTA,desnutricion aguda,nutricion normal (n),2007-08-01,1193,1028,353,318,1546,1346,2892
70503,ROBORE,desnutricion aguda,nutricion normal (n),2007-08-01,133,124,76,86,209,210,419
80304,RURRENABAQUE,desnutricion aguda,nutricion normal (n),2007-08-01,98,98,34,39,132,137,269
40901,SABAYA,desnutricion aguda,nutricion normal (n),2007-08-01,25,16,15,12,40,28,68
31001,SACABA,desnutricion aguda,nutricion normal (n),2007-08-01,490,469,211,147,701,616,1317
30404,SACABAMBA,desnutricion aguda,nutricion normal (n),2007-08-01,35,29,25,35,60,64,124
50701,SACACA,desnutricion aguda,nutricion normal (n),2007-08-01,212,200,265,228,477,428,905
71302,SAIPINA,desnutricion aguda,nutricion normal (n),2007-08-01,19,22,27,19,46,41,87
40801,SALINAS DE GARCI MENDOZA,desnutricion aguda,nutricion normal (n),2007-08-01,105,67,64,51,169,118,287
70901,SAMAIPATA,desnutricion aguda,nutricion normal (n),2007-08-01,85,64,61,53,146,117,263
51601,SAN AGUSTIN,desnutricion aguda,nutricion normal (n),2007-08-01,14,14,16,13,30,27,57
80602,SAN ANDRES,desnutricion aguda,nutricion normal (n),2007-08-01,165,110,97,70,262,180,442
51003,SAN ANTONIO DE ESMORUCO,desnutricion aguda,nutricion normal (n),2007-08-01,16,5,3,3,19,8,27
71105,SAN ANTONIO DE LOMERIO,desnutricion aguda,nutricion normal (n),2007-08-01,72,80,100,90,172,170,342
31403,SAN BENITO,desnutricion aguda,nutricion normal (n),2007-08-01,48,44,23,28,71,72,143
80302,SAN BORJA,desnutricion aguda,nutricion normal (n),2007-08-01,354,338,173,164,527,502,1029
70402,SAN CARLOS,desnutricion aguda,nutricion normal (n),2007-08-01,149,179,68,62,217,241,458
80501,SAN IGNACIO,desnutricion aguda,nutricion normal (n),2007-08-01,299,253,178,145,477,398,875
70301,SAN IGNACIO DE VELASCO,desnutricion aguda,nutricion normal (n),2007-08-01,489,417,300,272,789,689,1478
80102,SAN JAVIER(BNI),desnutricion aguda,nutricion normal (n),2007-08-01,49,35,28,37,77,72,149
71102,SAN JAVIER(STC),desnutricion aguda,nutricion normal (n),2007-08-01,38,49,12,19,50,68,118
80701,SAN JOAQUIN,desnutricion aguda,nutricion normal (n),2007-08-01,41,28,23,16,64,44,108
70501,SAN JOSE DE CHIQUITOS,desnutricion aguda,nutricion normal (n),2007-08-01,78,84,45,52,123,136,259
70404,SAN JUAN DE YAPACANI,desnutricion aguda,nutricion normal (n),2007-08-01,108,134,72,77,180,211,391
71104,SAN JULIAN,desnutricion aguda,nutricion normal (n),2007-08-01,97,110,101,129,198,239,437
90302,SAN LORENZO(PND),desnutricion aguda,nutricion normal (n),2007-08-01,24,13,23,25,47,38,85
60501,SAN LORENZO(TJA),desnutricion aguda,nutricion normal (n),2007-08-01,90,65,62,90,152,155,307
10702,SAN LUCAS,desnutricion aguda,nutricion normal (n),2007-08-01,422,413,472,438,894,851,1745
71201,SAN MATIAS,desnutricion aguda,nutricion normal (n),2007-08-01,66,82,42,41,108,123,231
70302,SAN MIGUEL DE VELASCO,desnutricion aguda,nutricion normal (n),2007-08-01,90,75,22,24,112,99,211
51001,SAN PABLO DE LIPEZ,desnutricion aguda,nutricion normal (n),2007-08-01,24,19,23,18,47,37,84
71005,SAN PEDRO,desnutricion aguda,nutricion normal (n),2007-08-01,134,152,106,100,240,252,492
50501,SAN PEDRO DE BUENA VISTA,desnutricion aguda,nutricion normal (n),2007-08-01,192,211,157,156,349,367,716
50902,SAN PEDRO DE QUEMES,desnutricion aguda,nutricion normal (n),2007-08-01,7,10,11,6,18,16,34
90202,SAN PEDRO(PND),desnutricion aguda,nutricion normal (n),2007-08-01,25,24,32,32,57,56,113
70303,SAN RAFAEL,desnutricion aguda,nutricion normal (n),2007-08-01,58,51,31,29,89,80,169
80702,SAN RAMON,desnutricion aguda,nutricion normal (n),2007-08-01,67,44,41,26,108,70,178
80401,SANTA ANA,desnutricion aguda,nutricion normal (n),2007-08-01,146,142,64,50,210,192,402
70101,SANTA CRUZ DE LA SIERRA,desnutricion aguda,nutricion normal (n),2007-08-01,4872,4494,1873,1971,6745,6465,13210
80303,SANTA ROSA,desnutricion aguda,nutricion normal (n),2007-08-01,65,63,51,43,116,106,222
70602,SANTA ROSA DEL SARA,desnutricion aguda,nutricion normal (n),2007-08-01,164,173,136,156,300,329,629
41401,SANTIAGO DE HUARI,desnutricion aguda,nutricion normal (n),2007-08-01,58,52,61,57,119,109,228
30702,SANTIVAÑES,desnutricion aguda,nutricion normal (n),2007-08-01,38,44,34,25,72,69,141
40202,SANTUARIO DE QUILLACAS,desnutricion aguda,nutricion normal (n),2007-08-01,19,25,36,41,55,66,121
90303,SENA,desnutricion aguda,nutricion normal (n),2007-08-01,36,40,42,43,78,83,161
30703,SICAYA,desnutricion aguda,nutricion normal (n),2007-08-01,8,11,4,0,12,11,23
30902,SIPE SIPE,desnutricion aguda,nutricion normal (n),2007-08-01,254,190,81,89,335,279,614
10403,SOPACHUY,desnutricion aguda,nutricion normal (n),2007-08-01,106,99,104,94,210,193,403
40104,SORACACHI,desnutricion aguda,nutricion normal (n),2007-08-01,87,62,69,68,156,130,286
10101,SUCRE,desnutricion aguda,nutricion normal (n),2007-08-01,1364,1360,1039,919,2403,2279,4682
31404,TACACHI,desnutricion aguda,nutricion normal (n),2007-08-01,4,2,0,1,4,3,7
50303,TACOBAMBA,desnutricion aguda,nutricion normal (n),2007-08-01,60,43,35,33,95,76,171
30602,TACOPAYA,desnutricion aguda,nutricion normal (n),2007-08-01,77,63,83,97,160,160,320
51402,TAHUA,desnutricion aguda,nutricion normal (n),2007-08-01,9,11,1,3,10,14,24
31101,TAPACARI,desnutricion aguda,nutricion normal (n),2007-08-01,197,156,103,86,300,242,542
10601,TARABUCO,desnutricion aguda,nutricion normal (n),2007-08-01,192,179,288,274,480,453,933
30401,TARATA,desnutricion aguda,nutricion normal (n),2007-08-01,68,66,29,27,97,93,190
60101,TARIJA,desnutricion aguda,nutricion normal (n),2007-08-01,777,780,413,438,1190,1218,2408
10202,TARVITA,desnutricion aguda,nutricion normal (n),2007-08-01,243,187,221,181,464,368,832
50102,TINGUIPAYA,desnutricion aguda,nutricion normal (n),2007-08-01,147,119,80,67,227,186,413
30903,TIQUIPAYA,desnutricion aguda,nutricion normal (n),2007-08-01,215,204,95,72,310,276,586
31601,TIRAQUE (CBBA),desnutricion aguda,nutricion normal (n),2007-08-01,296,271,170,187,466,458,924
30802,TOCO,desnutricion aguda,nutricion normal (n),2007-08-01,18,21,24,24,42,45,87
41502,TODOS SANTOS,desnutricion aguda,nutricion normal (n),2007-08-01,7,1,7,6,14,7,21
30803,TOLATA,desnutricion aguda,nutricion normal (n),2007-08-01,27,27,22,16,49,43,92
41001,TOLEDO,desnutricion aguda,nutricion normal (n),2007-08-01,42,41,38,40,80,81,161
51202,TOMAVE,desnutricion aguda,nutricion normal (n),2007-08-01,66,59,63,30,129,89,218
10402,TOMINA,desnutricion aguda,nutricion normal (n),2007-08-01,112,109,107,101,219,210,429
50502,TORO TORO,desnutricion aguda,nutricion normal (n),2007-08-01,153,152,81,110,234,262,496
31201,TOTORA(CBBA),desnutricion aguda,nutricion normal (n),2007-08-01,96,94,30,30,126,124,250
41301,TOTORA(ORR),desnutricion aguda,nutricion normal (n),2007-08-01,21,16,13,18,34,34,68
70802,TRIGAL,desnutricion aguda,nutricion normal (n),2007-08-01,18,19,24,23,42,42,84
80101,TRINIDAD,desnutricion aguda,nutricion normal (n),2007-08-01,758,702,393,263,1151,965,2116
50801,TUPIZA,desnutricion aguda,nutricion normal (n),2007-08-01,340,321,287,295,627,616,1243
40402,TURCO,desnutricion aguda,nutricion normal (n),2007-08-01,34,30,33,24,67,54,121
50201,UNCIA,desnutricion aguda,nutricion normal (n),2007-08-01,147,140,97,93,244,233,477
60401,URIONDO (A. CONCEPCION),desnutricion aguda,nutricion normal (n),2007-08-01,153,145,135,121,288,266,554
71502,URUBICHA,desnutricion aguda,nutricion normal (n),2007-08-01,43,59,56,57,99,116,215
51201,UYUNI,desnutricion aguda,nutricion normal (n),2007-08-01,246,185,99,97,345,282,627
30502,VACAS,desnutricion aguda,nutricion normal (n),2007-08-01,63,40,31,27,94,67,161
70801,VALLEGRANDE,desnutricion aguda,nutricion normal (n),2007-08-01,129,120,87,84,216,204,420
20801,VIACHA,desnutricion aguda,nutricion normal (n),2007-08-01,283,196,132,138,415,334,749
60303,VILLA MONTES,desnutricion aguda,nutricion normal (n),2007-08-01,225,228,140,120,365,348,713
90502,VILLA NUEVA (LOMA ALTA),desnutricion aguda,nutricion normal (n),2007-08-01,17,21,29,29,46,50,96
31402,VILLA RIVERO,desnutricion aguda,nutricion normal (n),2007-08-01,25,23,12,19,37,42,79
10801,VILLA SERRANO,desnutricion aguda,nutricion normal (n),2007-08-01,137,140,160,132,297,272,569
31003,VILLA TUNARI,desnutricion aguda,nutricion normal (n),2007-08-01,580,466,270,237,850,703,1553
11001,VILLA VACA GUZMAN (MUYUPAMPA),desnutricion aguda,nutricion normal (n),2007-08-01,74,86,140,113,214,199,413
51501,VILLAZON,desnutricion aguda,nutricion normal (n),2007-08-01,245,257,135,151,380,408,788
30904,VINTO,desnutricion aguda,nutricion normal (n),2007-08-01,206,134,27,29,233,163,396
50602,VITICHI,desnutricion aguda,nutricion normal (n),2007-08-01,75,92,85,87,160,179,339
70201,WARNES,desnutricion aguda,nutricion normal (n),2007-08-01,307,305,220,194,527,499,1026
60301,YACUIBA,desnutricion aguda,nutricion normal (n),2007-08-01,406,389,179,161,585,550,1135
10602,YAMPARAEZ,desnutricion aguda,nutricion normal (n),2007-08-01,95,83,132,143,227,226,453
70403,YAPACANI,desnutricion aguda,nutricion normal (n),2007-08-01,308,340,208,157,516,497,1013
50103,YOCALLA,desnutricion aguda,nutricion normal (n),2007-08-01,51,50,38,36,89,86,175
10102,YOTALA,desnutricion aguda,nutricion normal (n),2007-08-01,89,84,111,103,200,187,387
60402,YUNCHARA,desnutricion aguda,nutricion normal (n),2007-08-01,24,40,49,42,73,82,155
10301,ZUDAÑEZ,desnutricion aguda,nutricion normal (n),2007-08-01,98,85,126,104,224,189,413
51302,ACACIO,desnutricion aguda,nutricion normal (n),2007-09-01,34,41,30,28,64,69,133
20104,ACHOCALLA,desnutricion aguda,nutricion normal (n),2007-09-01,14,10,2,2,16,12,28
30201,AIQUILE,desnutricion aguda,nutricion normal (n),2007-09-01,184,153,115,67,299,220,519
31303,ALALAY,desnutricion aguda,nutricion normal (n),2007-09-01,27,11,17,21,44,32,76
10404,ALCALA,desnutricion aguda,nutricion normal (n),2007-09-01,22,32,41,35,63,67,130
41201,ANDAMARCA,desnutricion aguda,nutricion normal (n),2007-09-01,28,22,29,28,57,50,107
40603,ANTEQUERA,desnutricion aguda,nutricion normal (n),2007-09-01,32,29,30,35,62,64,126
30402,ANZALDO,desnutricion aguda,nutricion normal (n),2007-09-01,22,30,26,28,48,58,106
51301,ARAMPAMPA,desnutricion aguda,nutricion normal (n),2007-09-01,51,57,57,76,108,133,241
30501,ARANI,desnutricion aguda,nutricion normal (n),2007-09-01,34,27,38,36,72,63,135
30403,ARBIETO,desnutricion aguda,nutricion normal (n),2007-09-01,54,54,33,34,87,88,175
30601,ARQUE,desnutricion aguda,nutricion normal (n),2007-09-01,56,50,44,54,100,104,204
50802,ATOCHA,desnutricion aguda,nutricion normal (n),2007-09-01,75,67,34,55,109,122,231
30301,AYOPAYA (V. DE INDEPENDENCIA),desnutricion aguda,nutricion normal (n),2007-09-01,138,132,99,106,237,238,475
10201,AZURDUY,desnutricion aguda,nutricion normal (n),2007-09-01,184,157,230,179,414,336,750
80802,BAURES,desnutricion aguda,nutricion normal (n),2007-09-01,34,31,20,31,54,62,116
41202,BELEN DE ANDAMARCA,desnutricion aguda,nutricion normal (n),2007-09-01,6,3,8,4,14,7,21
50104,BELEN DE URMIRI,desnutricion aguda,nutricion normal (n),2007-09-01,8,12,10,9,18,21,39
90104,BELLA FLOR,desnutricion aguda,nutricion normal (n),2007-09-01,15,11,18,23,33,34,67
60202,BERMEJO,desnutricion aguda,nutricion normal (n),2007-09-01,73,69,58,49,131,118,249
50301,BETANZOS,desnutricion aguda,nutricion normal (n),2007-09-01,234,184,149,192,383,376,759
31501,BOLIVAR,desnutricion aguda,nutricion normal (n),2007-09-01,63,33,32,36,95,69,164
90103,BOLPEBRA,desnutricion aguda,nutricion normal (n),2007-09-01,14,11,14,17,28,28,56
70707,BOYUIBE,desnutricion aguda,nutricion normal (n),2007-09-01,24,34,30,28,54,62,116
70401,BUENA VISTA,desnutricion aguda,nutricion normal (n),2007-09-01,136,125,127,111,263,236,499
70703,CABEZAS,desnutricion aguda,nutricion normal (n),2007-09-01,90,104,68,59,158,163,321
51102,"CAIZA ""D""",desnutricion aguda,nutricion normal (n),2007-09-01,78,70,70,73,148,143,291
21003,CAJUATA,desnutricion aguda,nutricion normal (n),2007-09-01,66,68,37,31,103,99,202
10701,CAMARGO,desnutricion aguda,nutricion normal (n),2007-09-01,149,150,125,116,274,266,540
10901,CAMATAQUI (C. VILLA ABECIA),desnutricion aguda,nutricion normal (n),2007-09-01,14,33,30,22,44,55,99
70706,CAMIRI,desnutricion aguda,nutricion normal (n),2007-09-01,231,240,178,171,409,411,820
30701,CAPINOTA,desnutricion aguda,nutricion normal (n),2007-09-01,124,130,69,56,193,186,379
40102,CARACOLLO,desnutricion aguda,nutricion normal (n),2007-09-01,62,79,24,33,86,112,198
41503,CARANGAS,desnutricion aguda,nutricion normal (n),2007-09-01,2,0,2,1,4,1,5
60302,CARAPARI,desnutricion aguda,nutricion normal (n),2007-09-01,76,79,63,52,139,131,270
50702,CARIPUYO,desnutricion aguda,nutricion normal (n),2007-09-01,53,55,60,58,113,113,226
71403,CARMEN RIVERO TORREZ,desnutricion aguda,nutricion normal (n),2007-09-01,23,22,19,10,42,32,74
40201,CHALLAPATA,desnutricion aguda,nutricion normal (n),2007-09-01,211,183,104,103,315,286,601
50302,CHAQUI,desnutricion aguda,nutricion normal (n),2007-09-01,26,32,39,31,65,63,128
70702,CHARAGUA,desnutricion aguda,nutricion normal (n),2007-09-01,192,182,162,149,354,331,685
50202,CHAYANTA,desnutricion aguda,nutricion normal (n),2007-09-01,75,76,79,75,154,151,305
31204,CHIMORE,desnutricion aguda,nutricion normal (n),2007-09-01,37,30,21,22,58,52,110
40903,CHIPAYA,desnutricion aguda,nutricion normal (n),2007-09-01,3,9,5,6,8,15,23
40302,CHOQUE COTA,desnutricion aguda,nutricion normal (n),2007-09-01,9,7,2,3,11,10,21
30801,CLIZA,desnutricion aguda,nutricion normal (n),2007-09-01,13,9,8,12,21,21,42
90101,COBIJA,desnutricion aguda,nutricion normal (n),2007-09-01,297,265,157,171,454,436,890
30101,COCHABAMBA,desnutricion aguda,nutricion normal (n),2007-09-01,1941,1766,942,894,2883,2660,5543
40902,COIPASA,desnutricion aguda,nutricion normal (n),2007-09-01,0,5,0,1,0,6,6
30905,COLCAPIRHUA,desnutricion aguda,nutricion normal (n),2007-09-01,214,180,91,87,305,267,572
50901,"COLCHA ""K""",desnutricion aguda,nutricion normal (n),2007-09-01,73,78,52,55,125,133,258
31002,COLOMI,desnutricion aguda,nutricion normal (n),2007-09-01,164,132,76,60,240,192,432
70603,COLPA BELGICA,desnutricion aguda,nutricion normal (n),2007-09-01,46,47,36,23,82,70,152
50401,COLQUECHACA,desnutricion aguda,nutricion normal (n),2007-09-01,109,105,63,46,172,151,323
21004,COLQUIRI,desnutricion aguda,nutricion normal (n),2007-09-01,107,112,65,69,172,181,353
71301,COMARAPA,desnutricion aguda,nutricion normal (n),2007-09-01,107,98,96,123,203,221,424
71101,CONCEPCION,desnutricion aguda,nutricion normal (n),2007-09-01,113,93,35,37,148,130,278
40301,CORQUE,desnutricion aguda,nutricion normal (n),2007-09-01,55,45,65,66,120,111,231
50601,COTAGAITA,desnutricion aguda,nutricion normal (n),2007-09-01,164,187,127,121,291,308,599
70102,COTOCA,desnutricion aguda,nutricion normal (n),2007-09-01,319,316,110,95,429,411,840
71106,CUATRO CAÑADAS,desnutricion aguda,nutricion normal (n),2007-09-01,99,86,96,69,195,155,350
31405,CUCHUMUELA (V. G. VILLARROEL),desnutricion aguda,nutricion normal (n),2007-09-01,18,10,12,6,30,16,46
70704,CUEVO,desnutricion aguda,nutricion normal (n),2007-09-01,24,43,31,40,55,83,138
10902,CULPINA,desnutricion aguda,nutricion normal (n),2007-09-01,212,199,195,183,407,382,789
40401,CURAHUARA DE CARANGAS,desnutricion aguda,nutricion normal (n),2007-09-01,74,47,35,34,109,81,190
21602,CURVA,desnutricion aguda,nutricion normal (n),2007-09-01,4,4,8,3,12,7,19
40103,EL CHORO,desnutricion aguda,nutricion normal (n),2007-09-01,28,16,13,19,41,35,76
71503,EL PUENTE(STC),desnutricion aguda,nutricion normal (n),2007-09-01,148,140,92,115,240,255,495
60502,EL PUENTE(TJA),desnutricion aguda,nutricion normal (n),2007-09-01,52,62,56,64,108,126,234
70105,EL TORNO,desnutricion aguda,nutricion normal (n),2007-09-01,171,162,54,66,225,228,453
10405,EL VILLAR,desnutricion aguda,nutricion normal (n),2007-09-01,66,61,90,74,156,135,291
60601,ENTRE RIOS,desnutricion aguda,nutricion normal (n),2007-09-01,143,146,185,146,328,292,620
60601,ENTRE RIOS,desnutricion aguda,nutricion normal (n),2007-09-01,267,238,136,128,403,366,769
40502,ESCARA,desnutricion aguda,nutricion normal (n),2007-09-01,2,1,1,1,3,2,5
41101,EUCALIPTUS,desnutricion aguda,nutricion normal (n),2007-09-01,18,17,19,20,37,37,74
90503,EUREKA (SANTOS MERCADO),desnutricion aguda,nutricion normal (n),2007-09-01,20,20,10,18,30,38,68
80402,EXALTACION,desnutricion aguda,nutricion normal (n),2007-09-01,8,13,11,5,19,18,37
71004,FERNANDEZ ALONSO,desnutricion aguda,nutricion normal (n),2007-09-01,113,97,61,82,174,179,353
90203,FILADELFIA,desnutricion aguda,nutricion normal (n),2007-09-01,45,28,22,24,67,52,119
71002,GENERAL SAAVEDRA,desnutricion aguda,nutricion normal (n),2007-09-01,126,106,89,84,215,190,405
80202,GUAYARAMERIN,desnutricion aguda,nutricion normal (n),2007-09-01,299,231,128,152,427,383,810
70705,GUTIERREZ,desnutricion aguda,nutricion normal (n),2007-09-01,62,59,88,85,150,144,294
10502,HUACARETA,desnutricion aguda,nutricion normal (n),2007-09-01,90,96,97,109,187,205,392
11002,HUACAYA (VILLA DE HUACAYA),desnutricion aguda,nutricion normal (n),2007-09-01,37,42,53,50,90,92,182
40501,HUACHACALLA,desnutricion aguda,nutricion normal (n),2007-09-01,9,7,1,6,10,13,23
40701,HUANUNI,desnutricion aguda,nutricion normal (n),2007-09-01,204,155,81,83,285,238,523
80803,HUARACAJE,desnutricion aguda,nutricion normal (n),2007-09-01,24,14,14,11,38,25,63
41601,HUAYLLAMARCA,desnutricion aguda,nutricion normal (n),2007-09-01,20,20,14,17,34,37,71
21005,ICHOCA,desnutricion aguda,nutricion normal (n),2007-09-01,22,16,19,7,41,23,64
10304,ICLA,desnutricion aguda,nutricion normal (n),2007-09-01,100,99,153,142,253,241,494
10703,INCAHUASI,desnutricion aguda,nutricion normal (n),2007-09-01,189,169,161,151,350,320,670
90402,INGAVI (HUMAITA),desnutricion aguda,nutricion normal (n),2007-09-01,2,3,0,0,2,3,5
21001,INQUISIVI,desnutricion aguda,nutricion normal (n),2007-09-01,103,99,88,87,191,186,377
70104,LA GUARDIA,desnutricion aguda,nutricion normal (n),2007-09-01,323,351,161,155,484,506,990
41501,LA RIVERA,desnutricion aguda,nutricion normal (n),2007-09-01,2,0,0,3,2,3,5
70701,LAGUNILLAS,desnutricion aguda,nutricion normal (n),2007-09-01,76,68,108,110,184,178,362
10903,LAS CARRERAS,desnutricion aguda,nutricion normal (n),2007-09-01,32,40,50,36,82,76,158
21006,LICOMA PAMPA,desnutricion aguda,nutricion normal (n),2007-09-01,14,14,7,6,21,20,41
50203,LLALLAGUA,desnutricion aguda,nutricion normal (n),2007-09-01,145,139,182,195,327,334,661
51401,LLICA,desnutricion aguda,nutricion normal (n),2007-09-01,38,33,20,28,58,61,119
80601,LORETO,desnutricion aguda,nutricion normal (n),2007-09-01,18,15,17,23,35,38,73
40702,MACHACAMARCA,desnutricion aguda,nutricion normal (n),2007-09-01,37,30,35,28,72,58,130
11003,MACHARETI,desnutricion aguda,nutricion normal (n),2007-09-01,108,84,136,152,244,236,480
80801,MAGDALENA,desnutricion aguda,nutricion normal (n),2007-09-01,78,90,59,42,137,132,269
70903,MAIRANA,desnutricion aguda,nutricion normal (n),2007-09-01,62,68,33,29,95,97,192
20103,MECAPACA,desnutricion aguda,nutricion normal (n),2007-09-01,73,62,50,35,123,97,220
71003,MINEROS,desnutricion aguda,nutricion normal (n),2007-09-01,190,188,122,82,312,270,582
31301,MIZQUE,desnutricion aguda,nutricion normal (n),2007-09-01,142,126,84,82,226,208,434
51002,MOJINETE,desnutricion aguda,nutricion normal (n),2007-09-01,7,8,4,3,11,11,22
10303,MOJOCOYA,desnutricion aguda,nutricion normal (n),2007-09-01,1,2,3,1,4,3,7
10501,MONTEAGUDO,desnutricion aguda,nutricion normal (n),2007-09-01,197,166,218,179,415,345,760
71001,MONTERO,desnutricion aguda,nutricion normal (n),2007-09-01,847,745,481,492,1328,1237,2565
70803,MORO MORO,desnutricion aguda,nutricion normal (n),2007-09-01,15,13,10,13,25,26,51
30302,MOROCHATA,desnutricion aguda,nutricion normal (n),2007-09-01,174,148,116,127,290,275,565
90401,NACEBE (SANTA ROSA DEL ABUNA),desnutricion aguda,nutricion normal (n),2007-09-01,11,11,5,5,16,16,32
90501,NUEVO MANOA (NUEVA ESPERANZA),desnutricion aguda,nutricion normal (n),2007-09-01,8,11,10,7,18,18,36
50404,OCURI,desnutricion aguda,nutricion normal (n),2007-09-01,86,105,113,86,199,191,390
70202,OKINAWA,desnutricion aguda,nutricion normal (n),2007-09-01,96,63,49,66,145,129,274
30203,OMEREQUE,desnutricion aguda,nutricion normal (n),2007-09-01,39,26,45,32,84,58,142
40101,ORURO,desnutricion aguda,nutricion normal (n),2007-09-01,1638,1463,606,586,2244,2049,4293
60201,PADCAYA,desnutricion aguda,nutricion normal (n),2007-09-01,160,156,114,98,274,254,528
10401,PADILLA,desnutricion aguda,nutricion normal (n),2007-09-01,111,132,186,181,297,313,610
70502,PAILON,desnutricion aguda,nutricion normal (n),2007-09-01,131,108,70,77,201,185,386
20102,PALCA,desnutricion aguda,nutricion normal (n),2007-09-01,83,69,23,19,106,88,194
40802,PAMPA AULLAGAS,desnutricion aguda,nutricion normal (n),2007-09-01,29,33,28,28,57,61,118
70902,PAMPA GRANDE,desnutricion aguda,nutricion normal (n),2007-09-01,34,30,9,19,43,49,92
30202,PASORAPA,desnutricion aguda,nutricion normal (n),2007-09-01,28,20,32,33,60,53,113
40602,PAZÑA,desnutricion aguda,nutricion normal (n),2007-09-01,39,28,29,34,68,62,130
50403,POCOATA,desnutricion aguda,nutricion normal (n),2007-09-01,107,105,101,89,208,194,402
31203,POCONA,desnutricion aguda,nutricion normal (n),2007-09-01,54,55,24,31,78,86,164
31202,POJO (CBBA),desnutricion aguda,nutricion normal (n),2007-09-01,101,83,73,72,174,155,329
40601,POOPO,desnutricion aguda,nutricion normal (n),2007-09-01,21,21,14,8,35,29,64
51203,PORCO,desnutricion aguda,nutricion normal (n),2007-09-01,84,82,25,24,109,106,215
10103,POROMA,desnutricion aguda,nutricion normal (n),2007-09-01,143,134,178,170,321,304,625
70103,PORONGO,desnutricion aguda,nutricion normal (n),2007-09-01,32,36,38,38,70,74,144
70601,PORTACHUELO,desnutricion aguda,nutricion normal (n),2007-09-01,161,161,82,90,243,251,494
90102,PORVENIR,desnutricion aguda,nutricion normal (n),2007-09-01,36,50,22,19,58,69,127
70804,POSTRER VALLE,desnutricion aguda,nutricion normal (n),2007-09-01,9,16,15,21,24,37,61
50101,POTOSI,desnutricion aguda,nutricion normal (n),2007-09-01,909,852,359,382,1268,1234,2502
10302,PRESTO,desnutricion aguda,nutricion normal (n),2007-09-01,95,48,88,70,183,118,301
70805,PUCARA,desnutricion aguda,nutricion normal (n),2007-09-01,9,8,9,4,18,12,30
90301,PUERTO GONZALO MORENO,desnutricion aguda,nutricion normal (n),2007-09-01,28,40,18,29,46,69,115
71402,PUERTO QUIJARRO,desnutricion aguda,nutricion normal (n),2007-09-01,65,67,17,21,82,88,170
90201,PUERTO RICO,desnutricion aguda,nutricion normal (n),2007-09-01,70,59,44,47,114,106,220
80703,PUERTO SILES,desnutricion aguda,nutricion normal (n),2007-09-01,32,39,33,27,65,66,131
71401,PUERTO SUAREZ,desnutricion aguda,nutricion normal (n),2007-09-01,45,47,13,12,58,59,117
31205,PUERTO VILLARROEL,desnutricion aguda,nutricion normal (n),2007-09-01,323,304,222,165,545,469,1014
51101,PUNA,desnutricion aguda,nutricion normal (n),2007-09-01,216,186,175,169,391,355,746
31401,PUNATA,desnutricion aguda,nutricion normal (n),2007-09-01,115,90,54,48,169,138,307
30901,QUILLACOLLO,desnutricion aguda,nutricion normal (n),2007-09-01,217,226,266,256,483,482,965
21002,QUIME,desnutricion aguda,nutricion normal (n),2007-09-01,85,56,54,48,139,104,243
70904,QUIRUSILLAS,desnutricion aguda,nutricion normal (n),2007-09-01,4,6,8,10,12,16,28
50402,RAVELO,desnutricion aguda,nutricion normal (n),2007-09-01,171,137,172,134,343,271,614
80301,REYES,desnutricion aguda,nutricion normal (n),2007-09-01,103,71,49,53,152,124,276
80201,RIBERALTA,desnutricion aguda,nutricion normal (n),2007-09-01,1146,892,360,301,1506,1193,2699
70503,ROBORE,desnutricion aguda,nutricion normal (n),2007-09-01,143,108,88,67,231,175,406
80304,RURRENABAQUE,desnutricion aguda,nutricion normal (n),2007-09-01,106,82,50,43,156,125,281
40901,SABAYA,desnutricion aguda,nutricion normal (n),2007-09-01,21,19,12,8,33,27,60
31001,SACABA,desnutricion aguda,nutricion normal (n),2007-09-01,457,444,230,193,687,637,1324
30404,SACABAMBA,desnutricion aguda,nutricion normal (n),2007-09-01,34,34,26,40,60,74,134
50701,SACACA,desnutricion aguda,nutricion normal (n),2007-09-01,142,158,197,159,339,317,656
71302,SAIPINA,desnutricion aguda,nutricion normal (n),2007-09-01,20,25,54,31,74,56,130
40801,SALINAS DE GARCI MENDOZA,desnutricion aguda,nutricion normal (n),2007-09-01,71,81,61,69,132,150,282
70901,SAMAIPATA,desnutricion aguda,nutricion normal (n),2007-09-01,41,44,17,20,58,64,122
51601,SAN AGUSTIN,desnutricion aguda,nutricion normal (n),2007-09-01,16,13,16,15,32,28,60
80602,SAN ANDRES,desnutricion aguda,nutricion normal (n),2007-09-01,163,174,121,144,284,318,602
51003,SAN ANTONIO DE ESMORUCO,desnutricion aguda,nutricion normal (n),2007-09-01,12,15,9,4,21,19,40
71105,SAN ANTONIO DE LOMERIO,desnutricion aguda,nutricion normal (n),2007-09-01,62,66,74,54,136,120,256
31403,SAN BENITO,desnutricion aguda,nutricion normal (n),2007-09-01,53,60,24,27,77,87,164
80302,SAN BORJA,desnutricion aguda,nutricion normal (n),2007-09-01,394,374,235,197,629,571,1200
70402,SAN CARLOS,desnutricion aguda,nutricion normal (n),2007-09-01,160,169,90,86,250,255,505
80501,SAN IGNACIO,desnutricion aguda,nutricion normal (n),2007-09-01,198,212,130,134,328,346,674
70301,SAN IGNACIO DE VELASCO,desnutricion aguda,nutricion normal (n),2007-09-01,427,368,271,205,698,573,1271
80102,SAN JAVIER(BNI),desnutricion aguda,nutricion normal (n),2007-09-01,27,18,25,15,52,33,85
71102,SAN JAVIER(STC),desnutricion aguda,nutricion normal (n),2007-09-01,22,18,10,6,32,24,56
80701,SAN JOAQUIN,desnutricion aguda,nutricion normal (n),2007-09-01,60,55,39,25,99,80,179
70501,SAN JOSE DE CHIQUITOS,desnutricion aguda,nutricion normal (n),2007-09-01,79,83,55,62,134,145,279
70404,SAN JUAN DE YAPACANI,desnutricion aguda,nutricion normal (n),2007-09-01,102,108,72,74,174,182,356
71104,SAN JULIAN,desnutricion aguda,nutricion normal (n),2007-09-01,80,49,45,65,125,114,239
90302,SAN LORENZO(PND),desnutricion aguda,nutricion normal (n),2007-09-01,2,9,6,5,8,14,22
60501,SAN LORENZO(TJA),desnutricion aguda,nutricion normal (n),2007-09-01,83,83,83,77,166,160,326
10702,SAN LUCAS,desnutricion aguda,nutricion normal (n),2007-09-01,357,361,386,388,743,749,1492
71201,SAN MATIAS,desnutricion aguda,nutricion normal (n),2007-09-01,59,72,40,40,99,112,211
70302,SAN MIGUEL DE VELASCO,desnutricion aguda,nutricion normal (n),2007-09-01,61,68,52,45,113,113,226
51001,SAN PABLO DE LIPEZ,desnutricion aguda,nutricion normal (n),2007-09-01,27,10,15,13,42,23,65
71005,SAN PEDRO,desnutricion aguda,nutricion normal (n),2007-09-01,118,123,90,88,208,211,419
50501,SAN PEDRO DE BUENA VISTA,desnutricion aguda,nutricion normal (n),2007-09-01,197,134,130,139,327,273,600
50902,SAN PEDRO DE QUEMES,desnutricion aguda,nutricion normal (n),2007-09-01,5,9,2,5,7,14,21
90202,SAN PEDRO(PND),desnutricion aguda,nutricion normal (n),2007-09-01,2,8,7,4,9,12,21
70303,SAN RAFAEL,desnutricion aguda,nutricion normal (n),2007-09-01,59,54,30,37,89,91,180
80401,SANTA ANA,desnutricion aguda,nutricion normal (n),2007-09-01,172,171,50,43,222,214,436
70101,SANTA CRUZ DE LA SIERRA,desnutricion aguda,nutricion normal (n),2007-09-01,4481,4088,1912,1860,6393,5948,12341
80303,SANTA ROSA,desnutricion aguda,nutricion normal (n),2007-09-01,58,45,34,50,92,95,187
70602,SANTA ROSA DEL SARA,desnutricion aguda,nutricion normal (n),2007-09-01,127,112,69,100,196,212,408
41401,SANTIAGO DE HUARI,desnutricion aguda,nutricion normal (n),2007-09-01,38,42,46,41,84,83,167
30702,SANTIVAÑES,desnutricion aguda,nutricion normal (n),2007-09-01,46,33,35,29,81,62,143
40202,SANTUARIO DE QUILLACAS,desnutricion aguda,nutricion normal (n),2007-09-01,21,22,20,20,41,42,83
90303,SENA,desnutricion aguda,nutricion normal (n),2007-09-01,35,42,22,22,57,64,121
30703,SICAYA,desnutricion aguda,nutricion normal (n),2007-09-01,7,6,3,3,10,9,19
30902,SIPE SIPE,desnutricion aguda,nutricion normal (n),2007-09-01,203,205,82,90,285,295,580
10403,SOPACHUY,desnutricion aguda,nutricion normal (n),2007-09-01,111,106,111,81,222,187,409
40104,SORACACHI,desnutricion aguda,nutricion normal (n),2007-09-01,51,46,22,23,73,69,142
10101,SUCRE,desnutricion aguda,nutricion normal (n),2007-09-01,1384,1301,1035,992,2419,2293,4712
31404,TACACHI,desnutricion aguda,nutricion normal (n),2007-09-01,5,3,0,2,5,5,10
50303,TACOBAMBA,desnutricion aguda,nutricion normal (n),2007-09-01,77,80,52,38,129,118,247
30602,TACOPAYA,desnutricion aguda,nutricion normal (n),2007-09-01,42,36,22,29,64,65,129
51402,TAHUA,desnutricion aguda,nutricion normal (n),2007-09-01,6,7,2,3,8,10,18
31101,TAPACARI,desnutricion aguda,nutricion normal (n),2007-09-01,185,170,151,130,336,300,636
10601,TARABUCO,desnutricion aguda,nutricion normal (n),2007-09-01,184,171,262,236,446,407,853
30401,TARATA,desnutricion aguda,nutricion normal (n),2007-09-01,44,43,21,22,65,65,130
60101,TARIJA,desnutricion aguda,nutricion normal (n),2007-09-01,921,903,555,506,1476,1409,2885
10202,TARVITA,desnutricion aguda,nutricion normal (n),2007-09-01,281,189,266,215,547,404,951
50102,TINGUIPAYA,desnutricion aguda,nutricion normal (n),2007-09-01,119,84,46,34,165,118,283
30903,TIQUIPAYA,desnutricion aguda,nutricion normal (n),2007-09-01,96,104,45,53,141,157,298
31601,TIRAQUE (CBBA),desnutricion aguda,nutricion normal (n),2007-09-01,320,285,218,177,538,462,1000
30802,TOCO,desnutricion aguda,nutricion normal (n),2007-09-01,20,19,20,19,40,38,78
41502,TODOS SANTOS,desnutricion aguda,nutricion normal (n),2007-09-01,3,1,1,1,4,2,6
30803,TOLATA,desnutricion aguda,nutricion normal (n),2007-09-01,21,19,19,17,40,36,76
41001,TOLEDO,desnutricion aguda,nutricion normal (n),2007-09-01,29,23,18,10,47,33,80
51202,TOMAVE,desnutricion aguda,nutricion normal (n),2007-09-01,56,64,48,29,104,93,197
10402,TOMINA,desnutricion aguda,nutricion normal (n),2007-09-01,115,121,127,114,242,235,477
50502,TORO TORO,desnutricion aguda,nutricion normal (n),2007-09-01,87,89,79,82,166,171,337
31201,TOTORA(CBBA),desnutricion aguda,nutricion normal (n),2007-09-01,75,71,25,30,100,101,201
41301,TOTORA(ORR),desnutricion aguda,nutricion normal (n),2007-09-01,25,19,24,35,49,54,103
70802,TRIGAL,desnutricion aguda,nutricion normal (n),2007-09-01,7,12,11,11,18,23,41
80101,TRINIDAD,desnutricion aguda,nutricion normal (n),2007-09-01,704,525,278,295,982,820,1802
50801,TUPIZA,desnutricion aguda,nutricion normal (n),2007-09-01,273,278,207,215,480,493,973
40402,TURCO,desnutricion aguda,nutricion normal (n),2007-09-01,24,31,27,16,51,47,98
50201,UNCIA,desnutricion aguda,nutricion normal (n),2007-09-01,105,104,74,71,179,175,354
60401,URIONDO (A. CONCEPCION),desnutricion aguda,nutricion normal (n),2007-09-01,96,86,67,73,163,159,322
71502,URUBICHA,desnutricion aguda,nutricion normal (n),2007-09-01,5,5,6,7,11,12,23
51201,UYUNI,desnutricion aguda,nutricion normal (n),2007-09-01,233,160,132,108,365,268,633
30502,VACAS,desnutricion aguda,nutricion normal (n),2007-09-01,62,54,65,61,127,115,242
70801,VALLEGRANDE,desnutricion aguda,nutricion normal (n),2007-09-01,151,102,75,97,226,199,425
20801,VIACHA,desnutricion aguda,nutricion normal (n),2007-09-01,188,175,162,124,350,299,649
60303,VILLA MONTES,desnutricion aguda,nutricion normal (n),2007-09-01,181,158,120,115,301,273,574
90502,VILLA NUEVA (LOMA ALTA),desnutricion aguda,nutricion normal (n),2007-09-01,14,25,20,24,34,49,83
31402,VILLA RIVERO,desnutricion aguda,nutricion normal (n),2007-09-01,13,18,18,17,31,35,66
10801,VILLA SERRANO,desnutricion aguda,nutricion normal (n),2007-09-01,111,132,162,140,273,272,545
31003,VILLA TUNARI,desnutricion aguda,nutricion normal (n),2007-09-01,568,490,300,274,868,764,1632
11001,VILLA VACA GUZMAN (MUYUPAMPA),desnutricion aguda,nutricion normal (n),2007-09-01,87,73,137,143,224,216,440
51501,VILLAZON,desnutricion aguda,nutricion normal (n),2007-09-01,214,208,165,164,379,372,751
30904,VINTO,desnutricion aguda,nutricion normal (n),2007-09-01,122,114,30,18,152,132,284
50602,VITICHI,desnutricion aguda,nutricion normal (n),2007-09-01,90,96,87,111,177,207,384
70201,WARNES,desnutricion aguda,nutricion normal (n),2007-09-01,271,280,185,141,456,421,877
60301,YACUIBA,desnutricion aguda,nutricion normal (n),2007-09-01,413,398,181,169,594,567,1161
10602,YAMPARAEZ,desnutricion aguda,nutricion normal (n),2007-09-01,95,89,122,151,217,240,457
70403,YAPACANI,desnutricion aguda,nutricion normal (n),2007-09-01,278,255,141,131,419,386,805
50103,YOCALLA,desnutricion aguda,nutricion normal (n),2007-09-01,49,50,49,31,98,81,179
10102,YOTALA,desnutricion aguda,nutricion normal (n),2007-09-01,68,74,122,121,190,195,385
60402,YUNCHARA,desnutricion aguda,nutricion normal (n),2007-09-01,27,38,48,24,75,62,137
10301,ZUDAÑEZ,desnutricion aguda,nutricion normal (n),2007-09-01,85,93,102,96,187,189,376
51302,ACACIO,desnutricion aguda,nutricion normal (n),2007-10-01,58,72,64,48,122,120,242
20104,ACHOCALLA,desnutricion aguda,nutricion normal (n),2007-10-01,32,31,12,23,44,54,98
30201,AIQUILE,desnutricion aguda,nutricion normal (n),2007-10-01,195,141,158,128,353,269,622
31303,ALALAY,desnutricion aguda,nutricion normal (n),2007-10-01,29,15,16,18,45,33,78
10404,ALCALA,desnutricion aguda,nutricion normal (n),2007-10-01,26,27,40,38,66,65,131
41201,ANDAMARCA,desnutricion aguda,nutricion normal (n),2007-10-01,33,34,46,42,79,76,155
40603,ANTEQUERA,desnutricion aguda,nutricion normal (n),2007-10-01,31,31,39,45,70,76,146
30402,ANZALDO,desnutricion aguda,nutricion normal (n),2007-10-01,28,23,30,28,58,51,109
51301,ARAMPAMPA,desnutricion aguda,nutricion normal (n),2007-10-01,58,63,70,57,128,120,248
30501,ARANI,desnutricion aguda,nutricion normal (n),2007-10-01,18,13,32,25,50,38,88
30403,ARBIETO,desnutricion aguda,nutricion normal (n),2007-10-01,71,72,65,71,136,143,279
30601,ARQUE,desnutricion aguda,nutricion normal (n),2007-10-01,96,77,76,61,172,138,310
71501,ASCENCION DE GUARAYOS,desnutricion aguda,nutricion normal (n),2007-10-01,213,231,189,248,402,479,881
50802,ATOCHA,desnutricion aguda,nutricion normal (n),2007-10-01,104,97,103,84,207,181,388
30301,AYOPAYA (V. DE INDEPENDENCIA),desnutricion aguda,nutricion normal (n),2007-10-01,189,174,148,151,337,325,662
10201,AZURDUY,desnutricion aguda,nutricion normal (n),2007-10-01,215,181,254,212,469,393,862
80802,BAURES,desnutricion aguda,nutricion normal (n),2007-10-01,61,48,58,62,119,110,229
41202,BELEN DE ANDAMARCA,desnutricion aguda,nutricion normal (n),2007-10-01,7,8,12,6,19,14,33
50104,BELEN DE URMIRI,desnutricion aguda,nutricion normal (n),2007-10-01,13,12,13,10,26,22,48
90104,BELLA FLOR,desnutricion aguda,nutricion normal (n),2007-10-01,29,24,28,26,57,50,107
60202,BERMEJO,desnutricion aguda,nutricion normal (n),2007-10-01,140,105,93,81,233,186,419
50301,BETANZOS,desnutricion aguda,nutricion normal (n),2007-10-01,246,215,317,280,563,495,1058
31501,BOLIVAR,desnutricion aguda,nutricion normal (n),2007-10-01,69,46,48,52,117,98,215
90103,BOLPEBRA,desnutricion aguda,nutricion normal (n),2007-10-01,6,9,8,8,14,17,31
70707,BOYUIBE,desnutricion aguda,nutricion normal (n),2007-10-01,27,33,33,32,60,65,125
70401,BUENA VISTA,desnutricion aguda,nutricion normal (n),2007-10-01,187,150,147,118,334,268,602
70703,CABEZAS,desnutricion aguda,nutricion normal (n),2007-10-01,144,142,97,106,241,248,489
51102,"CAIZA ""D""",desnutricion aguda,nutricion normal (n),2007-10-01,74,73,92,84,166,157,323
21003,CAJUATA,desnutricion aguda,nutricion normal (n),2007-10-01,81,93,46,36,127,129,256
10701,CAMARGO,desnutricion aguda,nutricion normal (n),2007-10-01,161,136,166,171,327,307,634
10901,CAMATAQUI (C. VILLA ABECIA),desnutricion aguda,nutricion normal (n),2007-10-01,27,36,33,27,60,63,123
70706,CAMIRI,desnutricion aguda,nutricion normal (n),2007-10-01,259,285,239,239,498,524,1022
30701,CAPINOTA,desnutricion aguda,nutricion normal (n),2007-10-01,194,186,143,120,337,306,643
40102,CARACOLLO,desnutricion aguda,nutricion normal (n),2007-10-01,87,112,20,24,107,136,243
41503,CARANGAS,desnutricion aguda,nutricion normal (n),2007-10-01,5,6,1,5,6,11,17
60302,CARAPARI,desnutricion aguda,nutricion normal (n),2007-10-01,107,105,107,104,214,209,423
50702,CARIPUYO,desnutricion aguda,nutricion normal (n),2007-10-01,50,48,52,67,102,115,217
71403,CARMEN RIVERO TORREZ,desnutricion aguda,nutricion normal (n),2007-10-01,25,14,15,16,40,30,70
40201,CHALLAPATA,desnutricion aguda,nutricion normal (n),2007-10-01,201,186,155,141,356,327,683
50302,CHAQUI,desnutricion aguda,nutricion normal (n),2007-10-01,58,39,46,56,104,95,199
70702,CHARAGUA,desnutricion aguda,nutricion normal (n),2007-10-01,156,145,122,85,278,230,508
50202,CHAYANTA,desnutricion aguda,nutricion normal (n),2007-10-01,66,80,75,46,141,126,267
31204,CHIMORE,desnutricion aguda,nutricion normal (n),2007-10-01,88,70,63,67,151,137,288
40903,CHIPAYA,desnutricion aguda,nutricion normal (n),2007-10-01,10,7,6,7,16,14,30
40302,CHOQUE COTA,desnutricion aguda,nutricion normal (n),2007-10-01,18,9,13,9,31,18,49
30801,CLIZA,desnutricion aguda,nutricion normal (n),2007-10-01,10,6,5,9,15,15,30
90101,COBIJA,desnutricion aguda,nutricion normal (n),2007-10-01,344,313,187,190,531,503,1034
30101,COCHABAMBA,desnutricion aguda,nutricion normal (n),2007-10-01,2229,1969,1348,1164,3577,3133,6710
40902,COIPASA,desnutricion aguda,nutricion normal (n),2007-10-01,5,7,4,0,9,7,16
30905,COLCAPIRHUA,desnutricion aguda,nutricion normal (n),2007-10-01,272,234,194,189,466,423,889
50901,"COLCHA ""K""",desnutricion aguda,nutricion normal (n),2007-10-01,100,69,85,92,185,161,346
31002,COLOMI,desnutricion aguda,nutricion normal (n),2007-10-01,149,114,96,79,245,193,438
70603,COLPA BELGICA,desnutricion aguda,nutricion normal (n),2007-10-01,49,50,24,30,73,80,153
50401,COLQUECHACA,desnutricion aguda,nutricion normal (n),2007-10-01,147,148,107,151,254,299,553
21004,COLQUIRI,desnutricion aguda,nutricion normal (n),2007-10-01,165,172,104,101,269,273,542
71301,COMARAPA,desnutricion aguda,nutricion normal (n),2007-10-01,100,86,54,68,154,154,308
71101,CONCEPCION,desnutricion aguda,nutricion normal (n),2007-10-01,84,67,33,44,117,111,228
40301,CORQUE,desnutricion aguda,nutricion normal (n),2007-10-01,41,62,32,43,73,105,178
50601,COTAGAITA,desnutricion aguda,nutricion normal (n),2007-10-01,202,208,158,125,360,333,693
70102,COTOCA,desnutricion aguda,nutricion normal (n),2007-10-01,383,336,181,160,564,496,1060
71106,CUATRO CAÑADAS,desnutricion aguda,nutricion normal (n),2007-10-01,117,99,111,88,228,187,415
31405,CUCHUMUELA (V. G. VILLARROEL),desnutricion aguda,nutricion normal (n),2007-10-01,11,9,5,8,16,17,33
70704,CUEVO,desnutricion aguda,nutricion normal (n),2007-10-01,36,43,56,54,92,97,189
10902,CULPINA,desnutricion aguda,nutricion normal (n),2007-10-01,238,219,211,222,449,441,890
40401,CURAHUARA DE CARANGAS,desnutricion aguda,nutricion normal (n),2007-10-01,64,43,36,38,100,81,181
40103,EL CHORO,desnutricion aguda,nutricion normal (n),2007-10-01,38,29,14,13,52,42,94
71503,EL PUENTE(STC),desnutricion aguda,nutricion normal (n),2007-10-01,11,3,4,6,15,9,24
60502,EL PUENTE(TJA),desnutricion aguda,nutricion normal (n),2007-10-01,45,45,64,67,109,112,221
70105,EL TORNO,desnutricion aguda,nutricion normal (n),2007-10-01,144,149,82,98,226,247,473
10405,EL VILLAR,desnutricion aguda,nutricion normal (n),2007-10-01,65,49,70,67,135,116,251
60601,ENTRE RIOS,desnutricion aguda,nutricion normal (n),2007-10-01,149,151,164,181,313,332,645
60601,ENTRE RIOS,desnutricion aguda,nutricion normal (n),2007-10-01,278,240,121,163,399,403,802
40502,ESCARA,desnutricion aguda,nutricion normal (n),2007-10-01,1,1,4,3,5,4,9
40505,ESMERALDA,desnutricion aguda,nutricion normal (n),2007-10-01,0,2,0,0,0,2,2
41101,EUCALIPTUS,desnutricion aguda,nutricion normal (n),2007-10-01,36,52,70,71,106,123,229
80402,EXALTACION,desnutricion aguda,nutricion normal (n),2007-10-01,44,40,40,51,84,91,175
71004,FERNANDEZ ALONSO,desnutricion aguda,nutricion normal (n),2007-10-01,108,105,84,91,192,196,388
90203,FILADELFIA,desnutricion aguda,nutricion normal (n),2007-10-01,39,27,48,41,87,68,155
71002,GENERAL SAAVEDRA,desnutricion aguda,nutricion normal (n),2007-10-01,69,57,58,43,127,100,227
80202,GUAYARAMERIN,desnutricion aguda,nutricion normal (n),2007-10-01,311,304,141,142,452,446,898
70705,GUTIERREZ,desnutricion aguda,nutricion normal (n),2007-10-01,85,84,108,117,193,201,394
10502,HUACARETA,desnutricion aguda,nutricion normal (n),2007-10-01,94,95,143,131,237,226,463
11002,HUACAYA (VILLA DE HUACAYA),desnutricion aguda,nutricion normal (n),2007-10-01,31,28,68,60,99,88,187
40501,HUACHACALLA,desnutricion aguda,nutricion normal (n),2007-10-01,14,14,9,10,23,24,47
40701,HUANUNI,desnutricion aguda,nutricion normal (n),2007-10-01,148,168,85,82,233,250,483
80803,HUARACAJE,desnutricion aguda,nutricion normal (n),2007-10-01,33,25,23,24,56,49,105
41601,HUAYLLAMARCA,desnutricion aguda,nutricion normal (n),2007-10-01,25,22,12,11,37,33,70
21005,ICHOCA,desnutricion aguda,nutricion normal (n),2007-10-01,19,22,27,32,46,54,100
10304,ICLA,desnutricion aguda,nutricion normal (n),2007-10-01,123,124,174,170,297,294,591
10703,INCAHUASI,desnutricion aguda,nutricion normal (n),2007-10-01,248,221,246,212,494,433,927
90402,INGAVI (HUMAITA),desnutricion aguda,nutricion normal (n),2007-10-01,4,6,4,3,8,9,17
21001,INQUISIVI,desnutricion aguda,nutricion normal (n),2007-10-01,80,69,48,56,128,125,253
70104,LA GUARDIA,desnutricion aguda,nutricion normal (n),2007-10-01,396,410,215,212,611,622,1233
41501,LA RIVERA,desnutricion aguda,nutricion normal (n),2007-10-01,3,0,3,5,6,5,11
70701,LAGUNILLAS,desnutricion aguda,nutricion normal (n),2007-10-01,93,71,112,101,205,172,377
10903,LAS CARRERAS,desnutricion aguda,nutricion normal (n),2007-10-01,45,36,47,42,92,78,170
21006,LICOMA PAMPA,desnutricion aguda,nutricion normal (n),2007-10-01,18,14,17,17,35,31,66
50203,LLALLAGUA,desnutricion aguda,nutricion normal (n),2007-10-01,172,173,189,215,361,388,749
51401,LLICA,desnutricion aguda,nutricion normal (n),2007-10-01,34,30,46,36,80,66,146
80601,LORETO,desnutricion aguda,nutricion normal (n),2007-10-01,50,33,34,33,84,66,150
40702,MACHACAMARCA,desnutricion aguda,nutricion normal (n),2007-10-01,33,48,42,33,75,81,156
11003,MACHARETI,desnutricion aguda,nutricion normal (n),2007-10-01,112,84,142,157,254,241,495
80801,MAGDALENA,desnutricion aguda,nutricion normal (n),2007-10-01,85,97,124,109,209,206,415
70903,MAIRANA,desnutricion aguda,nutricion normal (n),2007-10-01,99,101,76,71,175,172,347
20103,MECAPACA,desnutricion aguda,nutricion normal (n),2007-10-01,83,89,57,35,140,124,264
71003,MINEROS,desnutricion aguda,nutricion normal (n),2007-10-01,254,230,130,138,384,368,752
31301,MIZQUE,desnutricion aguda,nutricion normal (n),2007-10-01,213,156,174,187,387,343,730
51002,MOJINETE,desnutricion aguda,nutricion normal (n),2007-10-01,5,5,1,1,6,6,12
10303,MOJOCOYA,desnutricion aguda,nutricion normal (n),2007-10-01,55,75,111,82,166,157,323
10501,MONTEAGUDO,desnutricion aguda,nutricion normal (n),2007-10-01,241,207,298,290,539,497,1036
71001,MONTERO,desnutricion aguda,nutricion normal (n),2007-10-01,950,866,582,523,1532,1389,2921
70803,MORO MORO,desnutricion aguda,nutricion normal (n),2007-10-01,13,30,27,23,40,53,93
30302,MOROCHATA,desnutricion aguda,nutricion normal (n),2007-10-01,124,109,102,118,226,227,453
90401,NACEBE (SANTA ROSA DEL ABUNA),desnutricion aguda,nutricion normal (n),2007-10-01,10,15,0,0,10,15,25
90501,NUEVO MANOA (NUEVA ESPERANZA),desnutricion aguda,nutricion normal (n),2007-10-01,9,10,11,9,20,19,39
50404,OCURI,desnutricion aguda,nutricion normal (n),2007-10-01,82,81,75,63,157,144,301
70202,OKINAWA,desnutricion aguda,nutricion normal (n),2007-10-01,102,88,73,67,175,155,330
30203,OMEREQUE,desnutricion aguda,nutricion normal (n),2007-10-01,26,30,64,62,90,92,182
40101,ORURO,desnutricion aguda,nutricion normal (n),2007-10-01,1890,1690,858,867,2748,2557,5305
60201,PADCAYA,desnutricion aguda,nutricion normal (n),2007-10-01,137,120,99,96,236,216,452
10401,PADILLA,desnutricion aguda,nutricion normal (n),2007-10-01,112,128,166,181,278,309,587
70502,PAILON,desnutricion aguda,nutricion normal (n),2007-10-01,146,122,90,84,236,206,442
20102,PALCA,desnutricion aguda,nutricion normal (n),2007-10-01,124,110,49,41,173,151,324
40802,PAMPA AULLAGAS,desnutricion aguda,nutricion normal (n),2007-10-01,40,33,25,37,65,70,135
70902,PAMPA GRANDE,desnutricion aguda,nutricion normal (n),2007-10-01,58,55,53,49,111,104,215
30202,PASORAPA,desnutricion aguda,nutricion normal (n),2007-10-01,24,23,32,40,56,63,119
40602,PAZÑA,desnutricion aguda,nutricion normal (n),2007-10-01,67,56,34,32,101,88,189
50403,POCOATA,desnutricion aguda,nutricion normal (n),2007-10-01,129,105,127,128,256,233,489
31203,POCONA,desnutricion aguda,nutricion normal (n),2007-10-01,57,42,42,45,99,87,186
31202,POJO (CBBA),desnutricion aguda,nutricion normal (n),2007-10-01,70,61,31,39,101,100,201
40601,POOPO,desnutricion aguda,nutricion normal (n),2007-10-01,33,30,27,29,60,59,119
51203,PORCO,desnutricion aguda,nutricion normal (n),2007-10-01,94,104,21,30,115,134,249
10103,POROMA,desnutricion aguda,nutricion normal (n),2007-10-01,136,104,158,144,294,248,542
70103,PORONGO,desnutricion aguda,nutricion normal (n),2007-10-01,59,72,61,46,120,118,238
70601,PORTACHUELO,desnutricion aguda,nutricion normal (n),2007-10-01,234,242,248,250,482,492,974
90102,PORVENIR,desnutricion aguda,nutricion normal (n),2007-10-01,46,52,33,20,79,72,151
70804,POSTRER VALLE,desnutricion aguda,nutricion normal (n),2007-10-01,9,8,6,10,15,18,33
50101,POTOSI,desnutricion aguda,nutricion normal (n),2007-10-01,962,951,520,473,1482,1424,2906
10302,PRESTO,desnutricion aguda,nutricion normal (n),2007-10-01,81,65,91,84,172,149,321
70805,PUCARA,desnutricion aguda,nutricion normal (n),2007-10-01,25,20,21,12,46,32,78
90301,PUERTO GONZALO MORENO,desnutricion aguda,nutricion normal (n),2007-10-01,48,48,78,62,126,110,236
71402,PUERTO QUIJARRO,desnutricion aguda,nutricion normal (n),2007-10-01,74,62,15,29,89,91,180
90201,PUERTO RICO,desnutricion aguda,nutricion normal (n),2007-10-01,108,91,101,100,209,191,400
80703,PUERTO SILES,desnutricion aguda,nutricion normal (n),2007-10-01,36,26,39,29,75,55,130
71401,PUERTO SUAREZ,desnutricion aguda,nutricion normal (n),2007-10-01,59,72,19,18,78,90,168
31205,PUERTO VILLARROEL,desnutricion aguda,nutricion normal (n),2007-10-01,330,221,185,138,515,359,874
51101,PUNA,desnutricion aguda,nutricion normal (n),2007-10-01,158,129,144,120,302,249,551
31401,PUNATA,desnutricion aguda,nutricion normal (n),2007-10-01,104,93,53,40,157,133,290
30901,QUILLACOLLO,desnutricion aguda,nutricion normal (n),2007-10-01,680,833,514,353,1194,1186,2380
21002,QUIME,desnutricion aguda,nutricion normal (n),2007-10-01,84,66,41,45,125,111,236
70904,QUIRUSILLAS,desnutricion aguda,nutricion normal (n),2007-10-01,8,12,20,14,28,26,54
50402,RAVELO,desnutricion aguda,nutricion normal (n),2007-10-01,167,180,205,189,372,369,741
80301,REYES,desnutricion aguda,nutricion normal (n),2007-10-01,81,114,68,83,149,197,346
80201,RIBERALTA,desnutricion aguda,nutricion normal (n),2007-10-01,1198,1007,529,502,1727,1509,3236
70503,ROBORE,desnutricion aguda,nutricion normal (n),2007-10-01,133,111,68,64,201,175,376
80304,RURRENABAQUE,desnutricion aguda,nutricion normal (n),2007-10-01,105,113,44,47,149,160,309
40901,SABAYA,desnutricion aguda,nutricion normal (n),2007-10-01,27,26,22,13,49,39,88
31001,SACABA,desnutricion aguda,nutricion normal (n),2007-10-01,471,420,226,196,697,616,1313
30404,SACABAMBA,desnutricion aguda,nutricion normal (n),2007-10-01,95,70,104,93,199,163,362
50701,SACACA,desnutricion aguda,nutricion normal (n),2007-10-01,157,163,264,220,421,383,804
71302,SAIPINA,desnutricion aguda,nutricion normal (n),2007-10-01,21,11,33,28,54,39,93
40801,SALINAS DE GARCI MENDOZA,desnutricion aguda,nutricion normal (n),2007-10-01,75,90,67,42,142,132,274
70901,SAMAIPATA,desnutricion aguda,nutricion normal (n),2007-10-01,75,52,60,63,135,115,250
51601,SAN AGUSTIN,desnutricion aguda,nutricion normal (n),2007-10-01,15,14,15,17,30,31,61
80602,SAN ANDRES,desnutricion aguda,nutricion normal (n),2007-10-01,111,82,59,70,170,152,322
51003,SAN ANTONIO DE ESMORUCO,desnutricion aguda,nutricion normal (n),2007-10-01,18,11,11,8,29,19,48
71105,SAN ANTONIO DE LOMERIO,desnutricion aguda,nutricion normal (n),2007-10-01,67,64,64,56,131,120,251
31403,SAN BENITO,desnutricion aguda,nutricion normal (n),2007-10-01,54,46,23,33,77,79,156
80302,SAN BORJA,desnutricion aguda,nutricion normal (n),2007-10-01,399,362,414,381,813,743,1556
70402,SAN CARLOS,desnutricion aguda,nutricion normal (n),2007-10-01,211,201,98,106,309,307,616
80501,SAN IGNACIO,desnutricion aguda,nutricion normal (n),2007-10-01,311,287,247,230,558,517,1075
70301,SAN IGNACIO DE VELASCO,desnutricion aguda,nutricion normal (n),2007-10-01,501,433,348,240,849,673,1522
80102,SAN JAVIER(BNI),desnutricion aguda,nutricion normal (n),2007-10-01,31,21,20,20,51,41,92
80701,SAN JOAQUIN,desnutricion aguda,nutricion normal (n),2007-10-01,14,14,7,3,21,17,38
70501,SAN JOSE DE CHIQUITOS,desnutricion aguda,nutricion normal (n),2007-10-01,102,114,79,76,181,190,371
70404,SAN JUAN DE YAPACANI,desnutricion aguda,nutricion normal (n),2007-10-01,108,118,89,81,197,199,396
71104,SAN JULIAN,desnutricion aguda,nutricion normal (n),2007-10-01,66,70,65,61,131,131,262
90302,SAN LORENZO(PND),desnutricion aguda,nutricion normal (n),2007-10-01,25,19,15,13,40,32,72
60501,SAN LORENZO(TJA),desnutricion aguda,nutricion normal (n),2007-10-01,91,99,93,87,184,186,370
10702,SAN LUCAS,desnutricion aguda,nutricion normal (n),2007-10-01,406,437,522,461,928,898,1826
71201,SAN MATIAS,desnutricion aguda,nutricion normal (n),2007-10-01,116,112,77,74,193,186,379
70302,SAN MIGUEL DE VELASCO,desnutricion aguda,nutricion normal (n),2007-10-01,73,82,33,18,106,100,206
51001,SAN PABLO DE LIPEZ,desnutricion aguda,nutricion normal (n),2007-10-01,33,27,29,28,62,55,117
71005,SAN PEDRO,desnutricion aguda,nutricion normal (n),2007-10-01,120,132,83,100,203,232,435
50501,SAN PEDRO DE BUENA VISTA,desnutricion aguda,nutricion normal (n),2007-10-01,218,200,191,173,409,373,782
50902,SAN PEDRO DE QUEMES,desnutricion aguda,nutricion normal (n),2007-10-01,5,2,5,4,10,6,16
90202,SAN PEDRO(PND),desnutricion aguda,nutricion normal (n),2007-10-01,13,11,21,13,34,24,58
70303,SAN RAFAEL,desnutricion aguda,nutricion normal (n),2007-10-01,57,36,13,15,70,51,121
80702,SAN RAMON,desnutricion aguda,nutricion normal (n),2007-10-01,37,31,23,20,60,51,111
80702,SAN RAMON,desnutricion aguda,nutricion normal (n),2007-10-01,51,31,22,33,73,64,137
80401,SANTA ANA,desnutricion aguda,nutricion normal (n),2007-10-01,226,197,83,94,309,291,600
70101,SANTA CRUZ DE LA SIERRA,desnutricion aguda,nutricion normal (n),2007-10-01,4733,4478,2465,2354,7198,6832,14030
80303,SANTA ROSA,desnutricion aguda,nutricion normal (n),2007-10-01,95,87,62,87,157,174,331
70602,SANTA ROSA DEL SARA,desnutricion aguda,nutricion normal (n),2007-10-01,120,118,84,91,204,209,413
41401,SANTIAGO DE HUARI,desnutricion aguda,nutricion normal (n),2007-10-01,39,42,46,38,85,80,165
30702,SANTIVAÑES,desnutricion aguda,nutricion normal (n),2007-10-01,58,53,31,21,89,74,163
40202,SANTUARIO DE QUILLACAS,desnutricion aguda,nutricion normal (n),2007-10-01,14,14,19,22,33,36,69
90303,SENA,desnutricion aguda,nutricion normal (n),2007-10-01,29,31,7,10,36,41,77
30703,SICAYA,desnutricion aguda,nutricion normal (n),2007-10-01,16,11,10,19,26,30,56
30902,SIPE SIPE,desnutricion aguda,nutricion normal (n),2007-10-01,287,231,160,149,447,380,827
10403,SOPACHUY,desnutricion aguda,nutricion normal (n),2007-10-01,120,98,108,87,228,185,413
40104,SORACACHI,desnutricion aguda,nutricion normal (n),2007-10-01,85,91,96,67,181,158,339
10101,SUCRE,desnutricion aguda,nutricion normal (n),2007-10-01,1255,1192,1191,1172,2446,2364,4810
31404,TACACHI,desnutricion aguda,nutricion normal (n),2007-10-01,9,3,1,3,10,6,16
50303,TACOBAMBA,desnutricion aguda,nutricion normal (n),2007-10-01,90,68,66,61,156,129,285
30602,TACOPAYA,desnutricion aguda,nutricion normal (n),2007-10-01,70,63,76,101,146,164,310
51402,TAHUA,desnutricion aguda,nutricion normal (n),2007-10-01,14,10,18,19,32,29,61
31101,TAPACARI,desnutricion aguda,nutricion normal (n),2007-10-01,190,189,133,136,323,325,648
10601,TARABUCO,desnutricion aguda,nutricion normal (n),2007-10-01,206,232,343,313,549,545,1094
30401,TARATA,desnutricion aguda,nutricion normal (n),2007-10-01,47,51,29,28,76,79,155
60101,TARIJA,desnutricion aguda,nutricion normal (n),2007-10-01,1057,1013,614,556,1671,1569,3240
10202,TARVITA,desnutricion aguda,nutricion normal (n),2007-10-01,266,215,261,212,527,427,954
50102,TINGUIPAYA,desnutricion aguda,nutricion normal (n),2007-10-01,135,83,94,111,229,194,423
30903,TIQUIPAYA,desnutricion aguda,nutricion normal (n),2007-10-01,97,85,57,73,154,158,312
31601,TIRAQUE (CBBA),desnutricion aguda,nutricion normal (n),2007-10-01,304,329,177,186,481,515,996
30802,TOCO,desnutricion aguda,nutricion normal (n),2007-10-01,38,21,51,34,89,55,144
41502,TODOS SANTOS,desnutricion aguda,nutricion normal (n),2007-10-01,2,0,0,0,2,0,2
30803,TOLATA,desnutricion aguda,nutricion normal (n),2007-10-01,24,22,14,8,38,30,68
41001,TOLEDO,desnutricion aguda,nutricion normal (n),2007-10-01,60,74,47,46,107,120,227
51202,TOMAVE,desnutricion aguda,nutricion normal (n),2007-10-01,60,63,65,63,125,126,251
10402,TOMINA,desnutricion aguda,nutricion normal (n),2007-10-01,115,121,138,122,253,243,496
50502,TORO TORO,desnutricion aguda,nutricion normal (n),2007-10-01,87,98,97,106,184,204,388
31201,TOTORA(CBBA),desnutricion aguda,nutricion normal (n),2007-10-01,113,96,86,75,199,171,370
41301,TOTORA(ORR),desnutricion aguda,nutricion normal (n),2007-10-01,28,27,19,16,47,43,90
70802,TRIGAL,desnutricion aguda,nutricion normal (n),2007-10-01,8,8,16,17,24,25,49
80101,TRINIDAD,desnutricion aguda,nutricion normal (n),2007-10-01,804,590,295,384,1099,974,2073
50801,TUPIZA,desnutricion aguda,nutricion normal (n),2007-10-01,305,287,271,294,576,581,1157
40402,TURCO,desnutricion aguda,nutricion normal (n),2007-10-01,39,50,31,15,70,65,135
50201,UNCIA,desnutricion aguda,nutricion normal (n),2007-10-01,71,69,60,65,131,134,265
60401,URIONDO (A. CONCEPCION),desnutricion aguda,nutricion normal (n),2007-10-01,105,117,116,112,221,229,450
51201,UYUNI,desnutricion aguda,nutricion normal (n),2007-10-01,216,169,139,122,355,291,646
30502,VACAS,desnutricion aguda,nutricion normal (n),2007-10-01,58,54,93,78,151,132,283
70801,VALLEGRANDE,desnutricion aguda,nutricion normal (n),2007-10-01,96,95,68,73,164,168,332
20801,VIACHA,desnutricion aguda,nutricion normal (n),2007-10-01,247,257,188,171,435,428,863
60303,VILLA MONTES,desnutricion aguda,nutricion normal (n),2007-10-01,247,203,164,147,411,350,761
90502,VILLA NUEVA (LOMA ALTA),desnutricion aguda,nutricion normal (n),2007-10-01,26,21,14,12,40,33,73
31402,VILLA RIVERO,desnutricion aguda,nutricion normal (n),2007-10-01,11,15,16,24,27,39,66
10801,VILLA SERRANO,desnutricion aguda,nutricion normal (n),2007-10-01,139,109,187,155,326,264,590
31003,VILLA TUNARI,desnutricion aguda,nutricion normal (n),2007-10-01,618,531,323,302,941,833,1774
11001,VILLA VACA GUZMAN (MUYUPAMPA),desnutricion aguda,nutricion normal (n),2007-10-01,59,82,141,134,200,216,416
51501,VILLAZON,desnutricion aguda,nutricion normal (n),2007-10-01,235,243,198,193,433,436,869
30904,VINTO,desnutricion aguda,nutricion normal (n),2007-10-01,218,174,54,67,272,241,513
50602,VITICHI,desnutricion aguda,nutricion normal (n),2007-10-01,96,92,102,105,198,197,395
70201,WARNES,desnutricion aguda,nutricion normal (n),2007-10-01,258,250,183,169,441,419,860
60301,YACUIBA,desnutricion aguda,nutricion normal (n),2007-10-01,531,481,189,221,720,702,1422
10602,YAMPARAEZ,desnutricion aguda,nutricion normal (n),2007-10-01,96,99,129,138,225,237,462
70403,YAPACANI,desnutricion aguda,nutricion normal (n),2007-10-01,269,293,180,164,449,457,906
50103,YOCALLA,desnutricion aguda,nutricion normal (n),2007-10-01,56,52,46,38,102,90,192
10102,YOTALA,desnutricion aguda,nutricion normal (n),2007-10-01,84,90,144,149,228,239,467
60402,YUNCHARA,desnutricion aguda,nutricion normal (n),2007-10-01,50,34,41,56,91,90,181
10301,ZUDAÑEZ,desnutricion aguda,nutricion normal (n),2007-10-01,82,92,102,86,184,178,362
51302,ACACIO,desnutricion aguda,nutricion normal (n),2007-11-01,48,50,47,37,95,87,182
20104,ACHOCALLA,desnutricion aguda,nutricion normal (n),2007-11-01,30,42,22,10,52,52,104
30201,AIQUILE,desnutricion aguda,nutricion normal (n),2007-11-01,130,145,81,67,211,212,423
31303,ALALAY,desnutricion aguda,nutricion normal (n),2007-11-01,16,11,9,8,25,19,44
10404,ALCALA,desnutricion aguda,nutricion normal (n),2007-11-01,20,30,39,35,59,65,124
41201,ANDAMARCA,desnutricion aguda,nutricion normal (n),2007-11-01,40,40,50,44,90,84,174
40603,ANTEQUERA,desnutricion aguda,nutricion normal (n),2007-11-01,39,20,33,21,72,41,113
30402,ANZALDO,desnutricion aguda,nutricion normal (n),2007-11-01,28,36,41,35,69,71,140
51301,ARAMPAMPA,desnutricion aguda,nutricion normal (n),2007-11-01,57,64,53,58,110,122,232
30501,ARANI,desnutricion aguda,nutricion normal (n),2007-11-01,22,23,20,20,42,43,85
30403,ARBIETO,desnutricion aguda,nutricion normal (n),2007-11-01,78,68,70,57,148,125,273
30601,ARQUE,desnutricion aguda,nutricion normal (n),2007-11-01,66,57,38,42,104,99,203
50802,ATOCHA,desnutricion aguda,nutricion normal (n),2007-11-01,78,76,62,47,140,123,263
30301,AYOPAYA (V. DE INDEPENDENCIA),desnutricion aguda,nutricion normal (n),2007-11-01,177,139,102,96,279,235,514
10201,AZURDUY,desnutricion aguda,nutricion normal (n),2007-11-01,187,170,201,150,388,320,708
80802,BAURES,desnutricion aguda,nutricion normal (n),2007-11-01,36,33,27,34,63,67,130
41202,BELEN DE ANDAMARCA,desnutricion aguda,nutricion normal (n),2007-11-01,9,12,7,7,16,19,35
50104,BELEN DE URMIRI,desnutricion aguda,nutricion normal (n),2007-11-01,8,14,14,9,22,23,45
90104,BELLA FLOR,desnutricion aguda,nutricion normal (n),2007-11-01,34,32,43,42,77,74,151
60202,BERMEJO,desnutricion aguda,nutricion normal (n),2007-11-01,48,49,74,57,122,106,228
50301,BETANZOS,desnutricion aguda,nutricion normal (n),2007-11-01,220,185,168,180,388,365,753
31501,BOLIVAR,desnutricion aguda,nutricion normal (n),2007-11-01,70,52,38,40,108,92,200
90103,BOLPEBRA,desnutricion aguda,nutricion normal (n),2007-11-01,11,9,12,17,23,26,49
70707,BOYUIBE,desnutricion aguda,nutricion normal (n),2007-11-01,27,38,34,24,61,62,123
70401,BUENA VISTA,desnutricion aguda,nutricion normal (n),2007-11-01,128,132,109,99,237,231,468
70703,CABEZAS,desnutricion aguda,nutricion normal (n),2007-11-01,96,90,69,46,165,136,301
51102,"CAIZA ""D""",desnutricion aguda,nutricion normal (n),2007-11-01,76,54,63,46,139,100,239
21003,CAJUATA,desnutricion aguda,nutricion normal (n),2007-11-01,73,82,63,50,136,132,268
10701,CAMARGO,desnutricion aguda,nutricion normal (n),2007-11-01,120,128,108,115,228,243,471
10901,CAMATAQUI (C. VILLA ABECIA),desnutricion aguda,nutricion normal (n),2007-11-01,25,37,36,25,61,62,123
70706,CAMIRI,desnutricion aguda,nutricion normal (n),2007-11-01,179,199,197,182,376,381,757
30701,CAPINOTA,desnutricion aguda,nutricion normal (n),2007-11-01,134,104,60,72,194,176,370
40102,CARACOLLO,desnutricion aguda,nutricion normal (n),2007-11-01,95,100,26,37,121,137,258
41503,CARANGAS,desnutricion aguda,nutricion normal (n),2007-11-01,2,2,1,4,3,6,9
60302,CARAPARI,desnutricion aguda,nutricion normal (n),2007-11-01,101,121,89,77,190,198,388
50702,CARIPUYO,desnutricion aguda,nutricion normal (n),2007-11-01,71,63,60,78,131,141,272
71403,CARMEN RIVERO TORREZ,desnutricion aguda,nutricion normal (n),2007-11-01,30,23,22,21,52,44,96
40201,CHALLAPATA,desnutricion aguda,nutricion normal (n),2007-11-01,141,126,98,101,239,227,466
50302,CHAQUI,desnutricion aguda,nutricion normal (n),2007-11-01,62,57,62,55,124,112,236
70702,CHARAGUA,desnutricion aguda,nutricion normal (n),2007-11-01,157,160,130,133,287,293,580
50202,CHAYANTA,desnutricion aguda,nutricion normal (n),2007-11-01,74,90,74,72,148,162,310
31204,CHIMORE,desnutricion aguda,nutricion normal (n),2007-11-01,79,54,58,45,137,99,236
40903,CHIPAYA,desnutricion aguda,nutricion normal (n),2007-11-01,11,17,18,13,29,30,59
40302,CHOQUE COTA,desnutricion aguda,nutricion normal (n),2007-11-01,17,9,7,11,24,20,44
30801,CLIZA,desnutricion aguda,nutricion normal (n),2007-11-01,76,70,16,23,92,93,185
90101,COBIJA,desnutricion aguda,nutricion normal (n),2007-11-01,304,272,164,156,468,428,896
30101,COCHABAMBA,desnutricion aguda,nutricion normal (n),2007-11-01,1787,1608,958,932,2745,2540,5285
40902,COIPASA,desnutricion aguda,nutricion normal (n),2007-11-01,2,3,2,3,4,6,10
30905,COLCAPIRHUA,desnutricion aguda,nutricion normal (n),2007-11-01,132,140,110,82,242,222,464
50901,"COLCHA ""K""",desnutricion aguda,nutricion normal (n),2007-11-01,63,57,46,39,109,96,205
31002,COLOMI,desnutricion aguda,nutricion normal (n),2007-11-01,149,130,71,68,220,198,418
70603,COLPA BELGICA,desnutricion aguda,nutricion normal (n),2007-11-01,31,40,30,17,61,57,118
50401,COLQUECHACA,desnutricion aguda,nutricion normal (n),2007-11-01,150,105,62,65,212,170,382
21004,COLQUIRI,desnutricion aguda,nutricion normal (n),2007-11-01,127,119,72,67,199,186,385
71301,COMARAPA,desnutricion aguda,nutricion normal (n),2007-11-01,90,75,68,86,158,161,319
71101,CONCEPCION,desnutricion aguda,nutricion normal (n),2007-11-01,121,113,65,33,186,146,332
40301,CORQUE,desnutricion aguda,nutricion normal (n),2007-11-01,48,54,61,78,109,132,241
50601,COTAGAITA,desnutricion aguda,nutricion normal (n),2007-11-01,152,155,147,136,299,291,590
70102,COTOCA,desnutricion aguda,nutricion normal (n),2007-11-01,275,270,121,92,396,362,758
71106,CUATRO CAÑADAS,desnutricion aguda,nutricion normal (n),2007-11-01,137,108,85,72,222,180,402
31405,CUCHUMUELA (V. G. VILLARROEL),desnutricion aguda,nutricion normal (n),2007-11-01,12,7,9,2,21,9,30
70704,CUEVO,desnutricion aguda,nutricion normal (n),2007-11-01,22,20,16,27,38,47,85
10902,CULPINA,desnutricion aguda,nutricion normal (n),2007-11-01,194,194,189,212,383,406,789
40401,CURAHUARA DE CARANGAS,desnutricion aguda,nutricion normal (n),2007-11-01,65,57,26,37,91,94,185
40103,EL CHORO,desnutricion aguda,nutricion normal (n),2007-11-01,34,31,15,12,49,43,92
71503,EL PUENTE(STC),desnutricion aguda,nutricion normal (n),2007-11-01,19,5,9,10,28,15,43
60502,EL PUENTE(TJA),desnutricion aguda,nutricion normal (n),2007-11-01,43,55,44,47,87,102,189
70105,EL TORNO,desnutricion aguda,nutricion normal (n),2007-11-01,167,211,65,59,232,270,502
10405,EL VILLAR,desnutricion aguda,nutricion normal (n),2007-11-01,26,40,56,49,82,89,171
60601,ENTRE RIOS,desnutricion aguda,nutricion normal (n),2007-11-01,161,179,183,186,344,365,709
60601,ENTRE RIOS,desnutricion aguda,nutricion normal (n),2007-11-01,246,206,97,133,343,339,682
40502,ESCARA,desnutricion aguda,nutricion normal (n),2007-11-01,0,2,3,4,3,6,9
41101,EUCALIPTUS,desnutricion aguda,nutricion normal (n),2007-11-01,58,38,47,34,105,72,177
90503,EUREKA (SANTOS MERCADO),desnutricion aguda,nutricion normal (n),2007-11-01,17,18,7,23,24,41,65
80402,EXALTACION,desnutricion aguda,nutricion normal (n),2007-11-01,9,12,16,11,25,23,48
71004,FERNANDEZ ALONSO,desnutricion aguda,nutricion normal (n),2007-11-01,89,67,80,67,169,134,303
90203,FILADELFIA,desnutricion aguda,nutricion normal (n),2007-11-01,27,18,12,19,39,37,76
71002,GENERAL SAAVEDRA,desnutricion aguda,nutricion normal (n),2007-11-01,114,102,79,74,193,176,369
80202,GUAYARAMERIN,desnutricion aguda,nutricion normal (n),2007-11-01,237,231,125,93,362,324,686
70705,GUTIERREZ,desnutricion aguda,nutricion normal (n),2007-11-01,108,99,108,120,216,219,435
10502,HUACARETA,desnutricion aguda,nutricion normal (n),2007-11-01,99,87,113,113,212,200,412
11002,HUACAYA (VILLA DE HUACAYA),desnutricion aguda,nutricion normal (n),2007-11-01,30,24,44,32,74,56,130
40501,HUACHACALLA,desnutricion aguda,nutricion normal (n),2007-11-01,17,13,12,28,29,41,70
40701,HUANUNI,desnutricion aguda,nutricion normal (n),2007-11-01,119,142,74,51,193,193,386
80803,HUARACAJE,desnutricion aguda,nutricion normal (n),2007-11-01,35,24,41,26,76,50,126
41601,HUAYLLAMARCA,desnutricion aguda,nutricion normal (n),2007-11-01,36,28,22,32,58,60,118
21005,ICHOCA,desnutricion aguda,nutricion normal (n),2007-11-01,22,21,9,16,31,37,68
10304,ICLA,desnutricion aguda,nutricion normal (n),2007-11-01,136,135,181,172,317,307,624
10703,INCAHUASI,desnutricion aguda,nutricion normal (n),2007-11-01,173,185,139,137,312,322,634
90402,INGAVI (HUMAITA),desnutricion aguda,nutricion normal (n),2007-11-01,5,6,2,5,7,11,18
21001,INQUISIVI,desnutricion aguda,nutricion normal (n),2007-11-01,94,84,79,58,173,142,315
70104,LA GUARDIA,desnutricion aguda,nutricion normal (n),2007-11-01,316,320,134,137,450,457,907
41501,LA RIVERA,desnutricion aguda,nutricion normal (n),2007-11-01,8,1,0,10,8,11,19
70701,LAGUNILLAS,desnutricion aguda,nutricion normal (n),2007-11-01,80,74,88,89,168,163,331
10903,LAS CARRERAS,desnutricion aguda,nutricion normal (n),2007-11-01,26,29,35,31,61,60,121
21006,LICOMA PAMPA,desnutricion aguda,nutricion normal (n),2007-11-01,13,11,8,10,21,21,42
50203,LLALLAGUA,desnutricion aguda,nutricion normal (n),2007-11-01,161,128,160,153,321,281,602
51401,LLICA,desnutricion aguda,nutricion normal (n),2007-11-01,23,24,20,15,43,39,82
80601,LORETO,desnutricion aguda,nutricion normal (n),2007-11-01,28,27,32,29,60,56,116
40702,MACHACAMARCA,desnutricion aguda,nutricion normal (n),2007-11-01,35,45,69,46,104,91,195
11003,MACHARETI,desnutricion aguda,nutricion normal (n),2007-11-01,98,83,105,136,203,219,422
80801,MAGDALENA,desnutricion aguda,nutricion normal (n),2007-11-01,90,75,41,37,131,112,243
70903,MAIRANA,desnutricion aguda,nutricion normal (n),2007-11-01,86,71,41,44,127,115,242
20103,MECAPACA,desnutricion aguda,nutricion normal (n),2007-11-01,76,78,43,42,119,120,239
71003,MINEROS,desnutricion aguda,nutricion normal (n),2007-11-01,176,168,102,85,278,253,531
31301,MIZQUE,desnutricion aguda,nutricion normal (n),2007-11-01,178,146,121,140,299,286,585
51002,MOJINETE,desnutricion aguda,nutricion normal (n),2007-11-01,3,2,0,3,3,5,8
10303,MOJOCOYA,desnutricion aguda,nutricion normal (n),2007-11-01,67,92,122,103,189,195,384
10501,MONTEAGUDO,desnutricion aguda,nutricion normal (n),2007-11-01,189,188,170,200,359,388,747
71001,MONTERO,desnutricion aguda,nutricion normal (n),2007-11-01,795,738,435,373,1230,1111,2341
70803,MORO MORO,desnutricion aguda,nutricion normal (n),2007-11-01,15,23,12,11,27,34,61
30302,MOROCHATA,desnutricion aguda,nutricion normal (n),2007-11-01,168,186,110,116,278,302,580
90401,NACEBE (SANTA ROSA DEL ABUNA),desnutricion aguda,nutricion normal (n),2007-11-01,24,18,28,15,52,33,85
90501,NUEVO MANOA (NUEVA ESPERANZA),desnutricion aguda,nutricion normal (n),2007-11-01,8,26,11,4,19,30,49
50404,OCURI,desnutricion aguda,nutricion normal (n),2007-11-01,150,135,90,102,240,237,477
70202,OKINAWA,desnutricion aguda,nutricion normal (n),2007-11-01,87,74,46,49,133,123,256
30203,OMEREQUE,desnutricion aguda,nutricion normal (n),2007-11-01,20,30,11,21,31,51,82
40101,ORURO,desnutricion aguda,nutricion normal (n),2007-11-01,1447,1293,529,546,1976,1839,3815
60201,PADCAYA,desnutricion aguda,nutricion normal (n),2007-11-01,128,111,75,66,203,177,380
10401,PADILLA,desnutricion aguda,nutricion normal (n),2007-11-01,96,106,135,133,231,239,470
70502,PAILON,desnutricion aguda,nutricion normal (n),2007-11-01,123,101,59,64,182,165,347
20102,PALCA,desnutricion aguda,nutricion normal (n),2007-11-01,81,90,33,29,114,119,233
40802,PAMPA AULLAGAS,desnutricion aguda,nutricion normal (n),2007-11-01,38,43,52,48,90,91,181
70902,PAMPA GRANDE,desnutricion aguda,nutricion normal (n),2007-11-01,25,37,17,8,42,45,87
30202,PASORAPA,desnutricion aguda,nutricion normal (n),2007-11-01,17,18,17,15,34,33,67
40602,PAZÑA,desnutricion aguda,nutricion normal (n),2007-11-01,53,39,34,30,87,69,156
50403,POCOATA,desnutricion aguda,nutricion normal (n),2007-11-01,157,142,129,134,286,276,562
31203,POCONA,desnutricion aguda,nutricion normal (n),2007-11-01,61,50,44,43,105,93,198
31202,POJO (CBBA),desnutricion aguda,nutricion normal (n),2007-11-01,74,51,65,62,139,113,252
40601,POOPO,desnutricion aguda,nutricion normal (n),2007-11-01,31,22,7,11,38,33,71
51203,PORCO,desnutricion aguda,nutricion normal (n),2007-11-01,105,228,30,44,135,272,407
10103,POROMA,desnutricion aguda,nutricion normal (n),2007-11-01,130,109,131,107,261,216,477
70103,PORONGO,desnutricion aguda,nutricion normal (n),2007-11-01,54,72,57,46,111,118,229
70601,PORTACHUELO,desnutricion aguda,nutricion normal (n),2007-11-01,166,177,99,82,265,259,524
90102,PORVENIR,desnutricion aguda,nutricion normal (n),2007-11-01,53,61,56,47,109,108,217
70804,POSTRER VALLE,desnutricion aguda,nutricion normal (n),2007-11-01,11,10,7,21,18,31,49
50101,POTOSI,desnutricion aguda,nutricion normal (n),2007-11-01,792,760,287,304,1079,1064,2143
10302,PRESTO,desnutricion aguda,nutricion normal (n),2007-11-01,58,55,83,54,141,109,250
70805,PUCARA,desnutricion aguda,nutricion normal (n),2007-11-01,8,9,4,2,12,11,23
90301,PUERTO GONZALO MORENO,desnutricion aguda,nutricion normal (n),2007-11-01,58,59,26,30,84,89,173
71402,PUERTO QUIJARRO,desnutricion aguda,nutricion normal (n),2007-11-01,79,69,17,13,96,82,178
90201,PUERTO RICO,desnutricion aguda,nutricion normal (n),2007-11-01,55,44,32,25,87,69,156
80703,PUERTO SILES,desnutricion aguda,nutricion normal (n),2007-11-01,23,14,42,35,65,49,114
71401,PUERTO SUAREZ,desnutricion aguda,nutricion normal (n),2007-11-01,47,51,14,19,61,70,131
31205,PUERTO VILLARROEL,desnutricion aguda,nutricion normal (n),2007-11-01,310,276,195,156,505,432,937
51101,PUNA,desnutricion aguda,nutricion normal (n),2007-11-01,173,177,149,157,322,334,656
31401,PUNATA,desnutricion aguda,nutricion normal (n),2007-11-01,102,99,47,64,149,163,312
30901,QUILLACOLLO,desnutricion aguda,nutricion normal (n),2007-11-01,594,326,541,230,1135,556,1691
21002,QUIME,desnutricion aguda,nutricion normal (n),2007-11-01,102,81,44,54,146,135,281
70904,QUIRUSILLAS,desnutricion aguda,nutricion normal (n),2007-11-01,3,6,11,8,14,14,28
50402,RAVELO,desnutricion aguda,nutricion normal (n),2007-11-01,189,176,168,154,357,330,687
80301,REYES,desnutricion aguda,nutricion normal (n),2007-11-01,68,89,51,60,119,149,268
80201,RIBERALTA,desnutricion aguda,nutricion normal (n),2007-11-01,1016,875,309,253,1325,1128,2453
70503,ROBORE,desnutricion aguda,nutricion normal (n),2007-11-01,132,91,53,63,185,154,339
80304,RURRENABAQUE,desnutricion aguda,nutricion normal (n),2007-11-01,115,124,41,41,156,165,321
40901,SABAYA,desnutricion aguda,nutricion normal (n),2007-11-01,21,27,25,18,46,45,91
31001,SACABA,desnutricion aguda,nutricion normal (n),2007-11-01,518,457,268,220,786,677,1463
30404,SACABAMBA,desnutricion aguda,nutricion normal (n),2007-11-01,45,31,43,43,88,74,162
50701,SACACA,desnutricion aguda,nutricion normal (n),2007-11-01,112,111,152,134,264,245,509
71302,SAIPINA,desnutricion aguda,nutricion normal (n),2007-11-01,34,22,34,60,68,82,150
40801,SALINAS DE GARCI MENDOZA,desnutricion aguda,nutricion normal (n),2007-11-01,68,85,68,66,136,151,287
70901,SAMAIPATA,desnutricion aguda,nutricion normal (n),2007-11-01,53,39,17,25,70,64,134
51601,SAN AGUSTIN,desnutricion aguda,nutricion normal (n),2007-11-01,20,16,26,33,46,49,95
80602,SAN ANDRES,desnutricion aguda,nutricion normal (n),2007-11-01,110,105,55,56,165,161,326
51003,SAN ANTONIO DE ESMORUCO,desnutricion aguda,nutricion normal (n),2007-11-01,6,10,6,2,12,12,24
71105,SAN ANTONIO DE LOMERIO,desnutricion aguda,nutricion normal (n),2007-11-01,2,0,0,0,2,0,2
31403,SAN BENITO,desnutricion aguda,nutricion normal (n),2007-11-01,49,52,17,22,66,74,140
80302,SAN BORJA,desnutricion aguda,nutricion normal (n),2007-11-01,329,373,238,205,567,578,1145
70402,SAN CARLOS,desnutricion aguda,nutricion normal (n),2007-11-01,144,137,64,55,208,192,400
80501,SAN IGNACIO,desnutricion aguda,nutricion normal (n),2007-11-01,276,220,132,106,408,326,734
70301,SAN IGNACIO DE VELASCO,desnutricion aguda,nutricion normal (n),2007-11-01,412,346,248,191,660,537,1197
80102,SAN JAVIER(BNI),desnutricion aguda,nutricion normal (n),2007-11-01,14,9,11,17,25,26,51
71102,SAN JAVIER(STC),desnutricion aguda,nutricion normal (n),2007-11-01,19,25,11,8,30,33,63
80701,SAN JOAQUIN,desnutricion aguda,nutricion normal (n),2007-11-01,45,42,22,22,67,64,131
70501,SAN JOSE DE CHIQUITOS,desnutricion aguda,nutricion normal (n),2007-11-01,96,100,51,40,147,140,287
70404,SAN JUAN DE YAPACANI,desnutricion aguda,nutricion normal (n),2007-11-01,99,86,83,86,182,172,354
71104,SAN JULIAN,desnutricion aguda,nutricion normal (n),2007-11-01,115,77,127,110,242,187,429
90302,SAN LORENZO(PND),desnutricion aguda,nutricion normal (n),2007-11-01,65,50,35,43,100,93,193
60501,SAN LORENZO(TJA),desnutricion aguda,nutricion normal (n),2007-11-01,88,90,73,79,161,169,330
10702,SAN LUCAS,desnutricion aguda,nutricion normal (n),2007-11-01,342,381,349,362,691,743,1434
71201,SAN MATIAS,desnutricion aguda,nutricion normal (n),2007-11-01,75,82,64,52,139,134,273
70302,SAN MIGUEL DE VELASCO,desnutricion aguda,nutricion normal (n),2007-11-01,79,81,39,36,118,117,235
51001,SAN PABLO DE LIPEZ,desnutricion aguda,nutricion normal (n),2007-11-01,24,6,11,7,35,13,48
71005,SAN PEDRO,desnutricion aguda,nutricion normal (n),2007-11-01,100,104,64,53,164,157,321
50501,SAN PEDRO DE BUENA VISTA,desnutricion aguda,nutricion normal (n),2007-11-01,191,150,122,125,313,275,588
50902,SAN PEDRO DE QUEMES,desnutricion aguda,nutricion normal (n),2007-11-01,4,8,2,7,6,15,21
90202,SAN PEDRO(PND),desnutricion aguda,nutricion normal (n),2007-11-01,6,8,10,3,16,11,27
70303,SAN RAFAEL,desnutricion aguda,nutricion normal (n),2007-11-01,52,40,29,33,81,73,154
80702,SAN RAMON,desnutricion aguda,nutricion normal (n),2007-11-01,32,37,20,22,52,59,111
80702,SAN RAMON,desnutricion aguda,nutricion normal (n),2007-11-01,43,46,30,23,73,69,142
80401,SANTA ANA,desnutricion aguda,nutricion normal (n),2007-11-01,185,148,65,55,250,203,453
70101,SANTA CRUZ DE LA SIERRA,desnutricion aguda,nutricion normal (n),2007-11-01,2780,2471,1104,1094,3884,3565,7449
80303,SANTA ROSA,desnutricion aguda,nutricion normal (n),2007-11-01,29,35,25,30,54,65,119
70602,SANTA ROSA DEL SARA,desnutricion aguda,nutricion normal (n),2007-11-01,113,132,63,92,176,224,400
41401,SANTIAGO DE HUARI,desnutricion aguda,nutricion normal (n),2007-11-01,41,52,29,25,70,77,147
30702,SANTIVAÑES,desnutricion aguda,nutricion normal (n),2007-11-01,44,39,63,58,107,97,204
40202,SANTUARIO DE QUILLACAS,desnutricion aguda,nutricion normal (n),2007-11-01,20,13,15,10,35,23,58
90303,SENA,desnutricion aguda,nutricion normal (n),2007-11-01,5,3,4,7,9,10,19
30703,SICAYA,desnutricion aguda,nutricion normal (n),2007-11-01,8,9,7,7,15,16,31
30902,SIPE SIPE,desnutricion aguda,nutricion normal (n),2007-11-01,207,141,79,88,286,229,515
10403,SOPACHUY,desnutricion aguda,nutricion normal (n),2007-11-01,87,65,67,52,154,117,271
40104,SORACACHI,desnutricion aguda,nutricion normal (n),2007-11-01,57,74,45,40,102,114,216
10101,SUCRE,desnutricion aguda,nutricion normal (n),2007-11-01,1115,1166,939,938,2054,2104,4158
31404,TACACHI,desnutricion aguda,nutricion normal (n),2007-11-01,5,4,2,1,7,5,12
50303,TACOBAMBA,desnutricion aguda,nutricion normal (n),2007-11-01,50,47,30,29,80,76,156
30602,TACOPAYA,desnutricion aguda,nutricion normal (n),2007-11-01,48,60,54,47,102,107,209
51402,TAHUA,desnutricion aguda,nutricion normal (n),2007-11-01,5,1,2,1,7,2,9
31101,TAPACARI,desnutricion aguda,nutricion normal (n),2007-11-01,224,182,115,114,339,296,635
10601,TARABUCO,desnutricion aguda,nutricion normal (n),2007-11-01,142,138,166,166,308,304,612
30401,TARATA,desnutricion aguda,nutricion normal (n),2007-11-01,45,39,20,23,65,62,127
60101,TARIJA,desnutricion aguda,nutricion normal (n),2007-11-01,576,535,332,311,908,846,1754
10202,TARVITA,desnutricion aguda,nutricion normal (n),2007-11-01,261,204,249,209,510,413,923
50102,TINGUIPAYA,desnutricion aguda,nutricion normal (n),2007-11-01,70,62,45,50,115,112,227
30903,TIQUIPAYA,desnutricion aguda,nutricion normal (n),2007-11-01,87,69,55,54,142,123,265
31601,TIRAQUE (CBBA),desnutricion aguda,nutricion normal (n),2007-11-01,312,242,201,170,513,412,925
30802,TOCO,desnutricion aguda,nutricion normal (n),2007-11-01,25,18,24,15,49,33,82
41502,TODOS SANTOS,desnutricion aguda,nutricion normal (n),2007-11-01,3,3,2,1,5,4,9
30803,TOLATA,desnutricion aguda,nutricion normal (n),2007-11-01,0,1,1,3,1,4,5
41001,TOLEDO,desnutricion aguda,nutricion normal (n),2007-11-01,58,44,38,27,96,71,167
51202,TOMAVE,desnutricion aguda,nutricion normal (n),2007-11-01,52,41,53,21,105,62,167
10402,TOMINA,desnutricion aguda,nutricion normal (n),2007-11-01,118,112,133,119,251,231,482
50502,TORO TORO,desnutricion aguda,nutricion normal (n),2007-11-01,104,109,79,84,183,193,376
31201,TOTORA(CBBA),desnutricion aguda,nutricion normal (n),2007-11-01,100,87,44,47,144,134,278
41301,TOTORA(ORR),desnutricion aguda,nutricion normal (n),2007-11-01,38,23,19,32,57,55,112
70802,TRIGAL,desnutricion aguda,nutricion normal (n),2007-11-01,11,11,8,7,19,18,37
80101,TRINIDAD,desnutricion aguda,nutricion normal (n),2007-11-01,483,497,252,225,735,722,1457
50801,TUPIZA,desnutricion aguda,nutricion normal (n),2007-11-01,262,285,278,245,540,530,1070
40402,TURCO,desnutricion aguda,nutricion normal (n),2007-11-01,34,45,36,27,70,72,142
50201,UNCIA,desnutricion aguda,nutricion normal (n),2007-11-01,121,98,77,75,198,173,371
60401,URIONDO (A. CONCEPCION),desnutricion aguda,nutricion normal (n),2007-11-01,105,92,66,73,171,165,336
51201,UYUNI,desnutricion aguda,nutricion normal (n),2007-11-01,183,142,114,113,297,255,552
30502,VACAS,desnutricion aguda,nutricion normal (n),2007-11-01,43,35,16,25,59,60,119
70801,VALLEGRANDE,desnutricion aguda,nutricion normal (n),2007-11-01,100,98,62,63,162,161,323
20801,VIACHA,desnutricion aguda,nutricion normal (n),2007-11-01,211,264,157,153,368,417,785
31302,VILA VILA,desnutricion aguda,nutricion normal (n),2007-11-01,3,2,2,0,5,2,7
60303,VILLA MONTES,desnutricion aguda,nutricion normal (n),2007-11-01,230,196,164,155,394,351,745
90502,VILLA NUEVA (LOMA ALTA),desnutricion aguda,nutricion normal (n),2007-11-01,17,16,8,18,25,34,59
31402,VILLA RIVERO,desnutricion aguda,nutricion normal (n),2007-11-01,20,19,24,30,44,49,93
10801,VILLA SERRANO,desnutricion aguda,nutricion normal (n),2007-11-01,132,132,150,133,282,265,547
31003,VILLA TUNARI,desnutricion aguda,nutricion normal (n),2007-11-01,543,426,246,232,789,658,1447
11001,VILLA VACA GUZMAN (MUYUPAMPA),desnutricion aguda,nutricion normal (n),2007-11-01,64,91,92,106,156,197,353
51501,VILLAZON,desnutricion aguda,nutricion normal (n),2007-11-01,248,205,134,118,382,323,705
30904,VINTO,desnutricion aguda,nutricion normal (n),2007-11-01,137,144,25,38,162,182,344
50602,VITICHI,desnutricion aguda,nutricion normal (n),2007-11-01,73,61,62,65,135,126,261
70201,WARNES,desnutricion aguda,nutricion normal (n),2007-11-01,202,209,126,142,328,351,679
60301,YACUIBA,desnutricion aguda,nutricion normal (n),2007-11-01,438,376,211,237,649,613,1262
10602,YAMPARAEZ,desnutricion aguda,nutricion normal (n),2007-11-01,86,95,109,133,195,228,423
70403,YAPACANI,desnutricion aguda,nutricion normal (n),2007-11-01,287,277,133,136,420,413,833
50103,YOCALLA,desnutricion aguda,nutricion normal (n),2007-11-01,52,39,38,38,90,77,167
10102,YOTALA,desnutricion aguda,nutricion normal (n),2007-11-01,65,64,123,121,188,185,373
60402,YUNCHARA,desnutricion aguda,nutricion normal (n),2007-11-01,30,28,33,28,63,56,119
10301,ZUDAÑEZ,desnutricion aguda,nutricion normal (n),2007-11-01,28,30,35,34,63,64,127
51302,ACACIO,desnutricion aguda,nutricion normal (n),2007-12-01,46,53,40,55,86,108,194
20104,ACHOCALLA,desnutricion aguda,nutricion normal (n),2007-12-01,22,24,4,6,26,30,56
30201,AIQUILE,desnutricion aguda,nutricion normal (n),2007-12-01,121,109,67,57,188,166,354
31303,ALALAY,desnutricion aguda,nutricion normal (n),2007-12-01,23,14,6,14,29,28,57
10404,ALCALA,desnutricion aguda,nutricion normal (n),2007-12-01,27,27,33,34,60,61,121
41201,ANDAMARCA,desnutricion aguda,nutricion normal (n),2007-12-01,33,14,16,14,49,28,77
40603,ANTEQUERA,desnutricion aguda,nutricion normal (n),2007-12-01,31,33,53,46,84,79,163
30402,ANZALDO,desnutricion aguda,nutricion normal (n),2007-12-01,16,24,11,9,27,33,60
51301,ARAMPAMPA,desnutricion aguda,nutricion normal (n),2007-12-01,69,50,62,59,131,109,240
30501,ARANI,desnutricion aguda,nutricion normal (n),2007-12-01,7,14,9,8,16,22,38
30403,ARBIETO,desnutricion aguda,nutricion normal (n),2007-12-01,78,69,46,55,124,124,248
30601,ARQUE,desnutricion aguda,nutricion normal (n),2007-12-01,42,35,26,21,68,56,124
71501,ASCENCION DE GUARAYOS,desnutricion aguda,nutricion normal (n),2007-12-01,197,202,158,188,355,390,745
50802,ATOCHA,desnutricion aguda,nutricion normal (n),2007-12-01,76,90,48,54,124,144,268
30301,AYOPAYA (V. DE INDEPENDENCIA),desnutricion aguda,nutricion normal (n),2007-12-01,104,91,52,72,156,163,319
10201,AZURDUY,desnutricion aguda,nutricion normal (n),2007-12-01,171,146,162,164,333,310,643
80802,BAURES,desnutricion aguda,nutricion normal (n),2007-12-01,26,15,8,20,34,35,69
41202,BELEN DE ANDAMARCA,desnutricion aguda,nutricion normal (n),2007-12-01,6,7,3,9,9,16,25
50104,BELEN DE URMIRI,desnutricion aguda,nutricion normal (n),2007-12-01,17,8,10,7,27,15,42
90104,BELLA FLOR,desnutricion aguda,nutricion normal (n),2007-12-01,10,3,8,7,18,10,28
60202,BERMEJO,desnutricion aguda,nutricion normal (n),2007-12-01,35,32,20,27,55,59,114
50301,BETANZOS,desnutricion aguda,nutricion normal (n),2007-12-01,228,199,193,174,421,373,794
31501,BOLIVAR,desnutricion aguda,nutricion normal (n),2007-12-01,40,36,17,25,57,61,118
90103,BOLPEBRA,desnutricion aguda,nutricion normal (n),2007-12-01,11,8,9,15,20,23,43
70707,BOYUIBE,desnutricion aguda,nutricion normal (n),2007-12-01,2,7,4,5,6,12,18
70401,BUENA VISTA,desnutricion aguda,nutricion normal (n),2007-12-01,110,130,117,107,227,237,464
70703,CABEZAS,desnutricion aguda,nutricion normal (n),2007-12-01,122,71,76,56,198,127,325
51102,"CAIZA ""D""",desnutricion aguda,nutricion normal (n),2007-12-01,62,51,72,54,134,105,239
21003,CAJUATA,desnutricion aguda,nutricion normal (n),2007-12-01,66,57,30,38,96,95,191
10701,CAMARGO,desnutricion aguda,nutricion normal (n),2007-12-01,124,116,88,87,212,203,415
10901,CAMATAQUI (C. VILLA ABECIA),desnutricion aguda,nutricion normal (n),2007-12-01,16,38,20,26,36,64,100
70706,CAMIRI,desnutricion aguda,nutricion normal (n),2007-12-01,183,162,176,171,359,333,692
30701,CAPINOTA,desnutricion aguda,nutricion normal (n),2007-12-01,59,53,61,62,120,115,235
40102,CARACOLLO,desnutricion aguda,nutricion normal (n),2007-12-01,121,149,57,63,178,212,390
41503,CARANGAS,desnutricion aguda,nutricion normal (n),2007-12-01,2,4,1,4,3,8,11
60302,CARAPARI,desnutricion aguda,nutricion normal (n),2007-12-01,69,69,63,84,132,153,285
50702,CARIPUYO,desnutricion aguda,nutricion normal (n),2007-12-01,83,72,57,80,140,152,292
71403,CARMEN RIVERO TORREZ,desnutricion aguda,nutricion normal (n),2007-12-01,28,16,19,16,47,32,79
40201,CHALLAPATA,desnutricion aguda,nutricion normal (n),2007-12-01,172,119,132,119,304,238,542
50302,CHAQUI,desnutricion aguda,nutricion normal (n),2007-12-01,35,45,40,38,75,83,158
70702,CHARAGUA,desnutricion aguda,nutricion normal (n),2007-12-01,159,177,126,104,285,281,566
50202,CHAYANTA,desnutricion aguda,nutricion normal (n),2007-12-01,70,57,72,54,142,111,253
31204,CHIMORE,desnutricion aguda,nutricion normal (n),2007-12-01,36,24,25,22,61,46,107
40903,CHIPAYA,desnutricion aguda,nutricion normal (n),2007-12-01,9,11,7,11,16,22,38
40302,CHOQUE COTA,desnutricion aguda,nutricion normal (n),2007-12-01,11,5,9,9,20,14,34
30801,CLIZA,desnutricion aguda,nutricion normal (n),2007-12-01,150,145,38,41,188,186,374
90101,COBIJA,desnutricion aguda,nutricion normal (n),2007-12-01,271,214,130,128,401,342,743
30101,COCHABAMBA,desnutricion aguda,nutricion normal (n),2007-12-01,1897,1705,854,737,2751,2442,5193
40902,COIPASA,desnutricion aguda,nutricion normal (n),2007-12-01,3,8,3,1,6,9,15
30905,COLCAPIRHUA,desnutricion aguda,nutricion normal (n),2007-12-01,136,129,57,60,193,189,382
50901,"COLCHA ""K""",desnutricion aguda,nutricion normal (n),2007-12-01,56,66,52,34,108,100,208
31002,COLOMI,desnutricion aguda,nutricion normal (n),2007-12-01,117,93,57,61,174,154,328
70603,COLPA BELGICA,desnutricion aguda,nutricion normal (n),2007-12-01,44,41,30,26,74,67,141
50401,COLQUECHACA,desnutricion aguda,nutricion normal (n),2007-12-01,150,158,99,109,249,267,516
21004,COLQUIRI,desnutricion aguda,nutricion normal (n),2007-12-01,137,139,76,99,213,238,451
71301,COMARAPA,desnutricion aguda,nutricion normal (n),2007-12-01,80,57,33,34,113,91,204
71101,CONCEPCION,desnutricion aguda,nutricion normal (n),2007-12-01,106,86,52,38,158,124,282
40301,CORQUE,desnutricion aguda,nutricion normal (n),2007-12-01,49,58,44,43,93,101,194
50601,COTAGAITA,desnutricion aguda,nutricion normal (n),2007-12-01,185,180,165,170,350,350,700
70102,COTOCA,desnutricion aguda,nutricion normal (n),2007-12-01,267,259,108,79,375,338,713
71106,CUATRO CAÑADAS,desnutricion aguda,nutricion normal (n),2007-12-01,131,104,99,98,230,202,432
31405,CUCHUMUELA (V. G. VILLARROEL),desnutricion aguda,nutricion normal (n),2007-12-01,11,4,2,1,13,5,18
70704,CUEVO,desnutricion aguda,nutricion normal (n),2007-12-01,29,28,37,37,66,65,131
10902,CULPINA,desnutricion aguda,nutricion normal (n),2007-12-01,218,219,198,205,416,424,840
40401,CURAHUARA DE CARANGAS,desnutricion aguda,nutricion normal (n),2007-12-01,47,41,14,18,61,59,120
40103,EL CHORO,desnutricion aguda,nutricion normal (n),2007-12-01,22,36,18,18,40,54,94
71503,EL PUENTE(STC),desnutricion aguda,nutricion normal (n),2007-12-01,114,132,70,75,184,207,391
60502,EL PUENTE(TJA),desnutricion aguda,nutricion normal (n),2007-12-01,46,44,50,54,96,98,194
70105,EL TORNO,desnutricion aguda,nutricion normal (n),2007-12-01,141,147,62,69,203,216,419
10405,EL VILLAR,desnutricion aguda,nutricion normal (n),2007-12-01,64,57,71,60,135,117,252
60601,ENTRE RIOS,desnutricion aguda,nutricion normal (n),2007-12-01,154,149,166,166,320,315,635
60601,ENTRE RIOS,desnutricion aguda,nutricion normal (n),2007-12-01,226,193,105,106,331,299,630
41101,EUCALIPTUS,desnutricion aguda,nutricion normal (n),2007-12-01,36,35,27,23,63,58,121
90503,EUREKA (SANTOS MERCADO),desnutricion aguda,nutricion normal (n),2007-12-01,13,12,6,7,19,19,38
80402,EXALTACION,desnutricion aguda,nutricion normal (n),2007-12-01,13,8,10,10,23,18,41
71004,FERNANDEZ ALONSO,desnutricion aguda,nutricion normal (n),2007-12-01,83,90,58,67,141,157,298
90203,FILADELFIA,desnutricion aguda,nutricion normal (n),2007-12-01,40,26,21,26,61,52,113
71002,GENERAL SAAVEDRA,desnutricion aguda,nutricion normal (n),2007-12-01,104,118,86,83,190,201,391
80202,GUAYARAMERIN,desnutricion aguda,nutricion normal (n),2007-12-01,261,251,104,99,365,350,715
70705,GUTIERREZ,desnutricion aguda,nutricion normal (n),2007-12-01,110,104,135,136,245,240,485
10502,HUACARETA,desnutricion aguda,nutricion normal (n),2007-12-01,69,73,78,74,147,147,294
11002,HUACAYA (VILLA DE HUACAYA),desnutricion aguda,nutricion normal (n),2007-12-01,21,34,41,34,62,68,130
40501,HUACHACALLA,desnutricion aguda,nutricion normal (n),2007-12-01,11,4,8,16,19,20,39
40701,HUANUNI,desnutricion aguda,nutricion normal (n),2007-12-01,120,98,57,69,177,167,344
80803,HUARACAJE,desnutricion aguda,nutricion normal (n),2007-12-01,28,25,30,25,58,50,108
41601,HUAYLLAMARCA,desnutricion aguda,nutricion normal (n),2007-12-01,18,20,2,12,20,32,52
21005,ICHOCA,desnutricion aguda,nutricion normal (n),2007-12-01,11,10,6,7,17,17,34
10304,ICLA,desnutricion aguda,nutricion normal (n),2007-12-01,98,107,163,151,261,258,519
10703,INCAHUASI,desnutricion aguda,nutricion normal (n),2007-12-01,177,124,130,183,307,307,614
90402,INGAVI (HUMAITA),desnutricion aguda,nutricion normal (n),2007-12-01,7,4,15,3,22,7,29
21001,INQUISIVI,desnutricion aguda,nutricion normal (n),2007-12-01,78,78,56,56,134,134,268
70104,LA GUARDIA,desnutricion aguda,nutricion normal (n),2007-12-01,357,329,147,148,504,477,981
70701,LAGUNILLAS,desnutricion aguda,nutricion normal (n),2007-12-01,85,62,84,98,169,160,329
10903,LAS CARRERAS,desnutricion aguda,nutricion normal (n),2007-12-01,47,39,58,53,105,92,197
21006,LICOMA PAMPA,desnutricion aguda,nutricion normal (n),2007-12-01,13,13,16,5,29,18,47
50203,LLALLAGUA,desnutricion aguda,nutricion normal (n),2007-12-01,132,104,86,86,218,190,408
51401,LLICA,desnutricion aguda,nutricion normal (n),2007-12-01,33,44,33,36,66,80,146
80601,LORETO,desnutricion aguda,nutricion normal (n),2007-12-01,25,17,28,13,53,30,83
40702,MACHACAMARCA,desnutricion aguda,nutricion normal (n),2007-12-01,36,37,13,23,49,60,109
11003,MACHARETI,desnutricion aguda,nutricion normal (n),2007-12-01,84,73,100,115,184,188,372
80801,MAGDALENA,desnutricion aguda,nutricion normal (n),2007-12-01,74,59,30,21,104,80,184
70903,MAIRANA,desnutricion aguda,nutricion normal (n),2007-12-01,62,66,42,22,104,88,192
20103,MECAPACA,desnutricion aguda,nutricion normal (n),2007-12-01,64,57,39,17,103,74,177
71003,MINEROS,desnutricion aguda,nutricion normal (n),2007-12-01,145,140,100,90,245,230,475
31301,MIZQUE,desnutricion aguda,nutricion normal (n),2007-12-01,95,83,43,60,138,143,281
51002,MOJINETE,desnutricion aguda,nutricion normal (n),2007-12-01,4,6,5,4,9,10,19
10303,MOJOCOYA,desnutricion aguda,nutricion normal (n),2007-12-01,75,60,86,69,161,129,290
10501,MONTEAGUDO,desnutricion aguda,nutricion normal (n),2007-12-01,186,167,179,158,365,325,690
71001,MONTERO,desnutricion aguda,nutricion normal (n),2007-12-01,756,710,387,385,1143,1095,2238
70803,MORO MORO,desnutricion aguda,nutricion normal (n),2007-12-01,24,16,15,9,39,25,64
30302,MOROCHATA,desnutricion aguda,nutricion normal (n),2007-12-01,117,108,49,66,166,174,340
90401,NACEBE (SANTA ROSA DEL ABUNA),desnutricion aguda,nutricion normal (n),2007-12-01,12,6,3,6,15,12,27
90501,NUEVO MANOA (NUEVA ESPERANZA),desnutricion aguda,nutricion normal (n),2007-12-01,35,38,17,11,52,49,101
50404,OCURI,desnutricion aguda,nutricion normal (n),2007-12-01,133,145,82,75,215,220,435
70202,OKINAWA,desnutricion aguda,nutricion normal (n),2007-12-01,91,74,48,50,139,124,263
30203,OMEREQUE,desnutricion aguda,nutricion normal (n),2007-12-01,32,33,18,20,50,53,103
40101,ORURO,desnutricion aguda,nutricion normal (n),2007-12-01,1331,1120,432,431,1763,1551,3314
60201,PADCAYA,desnutricion aguda,nutricion normal (n),2007-12-01,110,100,68,62,178,162,340
10401,PADILLA,desnutricion aguda,nutricion normal (n),2007-12-01,105,118,155,148,260,266,526
70502,PAILON,desnutricion aguda,nutricion normal (n),2007-12-01,140,127,73,70,213,197,410
20102,PALCA,desnutricion aguda,nutricion normal (n),2007-12-01,40,44,9,17,49,61,110
40802,PAMPA AULLAGAS,desnutricion aguda,nutricion normal (n),2007-12-01,8,16,8,10,16,26,42
70902,PAMPA GRANDE,desnutricion aguda,nutricion normal (n),2007-12-01,31,37,9,10,40,47,87
30202,PASORAPA,desnutricion aguda,nutricion normal (n),2007-12-01,23,11,14,14,37,25,62
40602,PAZÑA,desnutricion aguda,nutricion normal (n),2007-12-01,43,36,45,35,88,71,159
50403,POCOATA,desnutricion aguda,nutricion normal (n),2007-12-01,152,140,119,122,271,262,533
31203,POCONA,desnutricion aguda,nutricion normal (n),2007-12-01,57,40,32,39,89,79,168
31202,POJO (CBBA),desnutricion aguda,nutricion normal (n),2007-12-01,56,36,17,14,73,50,123
40601,POOPO,desnutricion aguda,nutricion normal (n),2007-12-01,44,43,43,26,87,69,156
51203,PORCO,desnutricion aguda,nutricion normal (n),2007-12-01,82,92,47,40,129,132,261
10103,POROMA,desnutricion aguda,nutricion normal (n),2007-12-01,79,83,99,81,178,164,342
70103,PORONGO,desnutricion aguda,nutricion normal (n),2007-12-01,73,66,63,31,136,97,233
70601,PORTACHUELO,desnutricion aguda,nutricion normal (n),2007-12-01,131,115,90,104,221,219,440
90102,PORVENIR,desnutricion aguda,nutricion normal (n),2007-12-01,44,58,34,36,78,94,172
70804,POSTRER VALLE,desnutricion aguda,nutricion normal (n),2007-12-01,10,7,7,9,17,16,33
50101,POTOSI,desnutricion aguda,nutricion normal (n),2007-12-01,37,50,23,14,60,64,124
10302,PRESTO,desnutricion aguda,nutricion normal (n),2007-12-01,49,35,49,34,98,69,167
70805,PUCARA,desnutricion aguda,nutricion normal (n),2007-12-01,3,5,3,1,6,6,12
90301,PUERTO GONZALO MORENO,desnutricion aguda,nutricion normal (n),2007-12-01,38,55,26,27,64,82,146
71402,PUERTO QUIJARRO,desnutricion aguda,nutricion normal (n),2007-12-01,49,62,13,22,62,84,146
90201,PUERTO RICO,desnutricion aguda,nutricion normal (n),2007-12-01,88,77,70,73,158,150,308
80703,PUERTO SILES,desnutricion aguda,nutricion normal (n),2007-12-01,11,10,15,11,26,21,47
71401,PUERTO SUAREZ,desnutricion aguda,nutricion normal (n),2007-12-01,43,37,8,12,51,49,100
31205,PUERTO VILLARROEL,desnutricion aguda,nutricion normal (n),2007-12-01,300,251,162,117,462,368,830
51101,PUNA,desnutricion aguda,nutricion normal (n),2007-12-01,157,141,136,115,293,256,549
31401,PUNATA,desnutricion aguda,nutricion normal (n),2007-12-01,152,126,43,46,195,172,367
30901,QUILLACOLLO,desnutricion aguda,nutricion normal (n),2007-12-01,544,656,153,167,697,823,1520
21002,QUIME,desnutricion aguda,nutricion normal (n),2007-12-01,50,46,30,40,80,86,166
70904,QUIRUSILLAS,desnutricion aguda,nutricion normal (n),2007-12-01,2,5,4,3,6,8,14
50402,RAVELO,desnutricion aguda,nutricion normal (n),2007-12-01,141,165,151,121,292,286,578
80301,REYES,desnutricion aguda,nutricion normal (n),2007-12-01,62,85,48,56,110,141,251
80201,RIBERALTA,desnutricion aguda,nutricion normal (n),2007-12-01,939,769,253,223,1192,992,2184
70503,ROBORE,desnutricion aguda,nutricion normal (n),2007-12-01,144,99,50,49,194,148,342
80304,RURRENABAQUE,desnutricion aguda,nutricion normal (n),2007-12-01,97,93,36,38,133,131,264
40901,SABAYA,desnutricion aguda,nutricion normal (n),2007-12-01,14,20,18,9,32,29,61
31001,SACABA,desnutricion aguda,nutricion normal (n),2007-12-01,348,311,136,92,484,403,887
30404,SACABAMBA,desnutricion aguda,nutricion normal (n),2007-12-01,29,25,19,18,48,43,91
50701,SACACA,desnutricion aguda,nutricion normal (n),2007-12-01,170,167,204,164,374,331,705
71302,SAIPINA,desnutricion aguda,nutricion normal (n),2007-12-01,27,21,39,36,66,57,123
40801,SALINAS DE GARCI MENDOZA,desnutricion aguda,nutricion normal (n),2007-12-01,85,100,61,83,146,183,329
70901,SAMAIPATA,desnutricion aguda,nutricion normal (n),2007-12-01,89,49,42,27,131,76,207
51601,SAN AGUSTIN,desnutricion aguda,nutricion normal (n),2007-12-01,20,15,22,24,42,39,81
80602,SAN ANDRES,desnutricion aguda,nutricion normal (n),2007-12-01,99,87,47,62,146,149,295
51003,SAN ANTONIO DE ESMORUCO,desnutricion aguda,nutricion normal (n),2007-12-01,6,10,2,6,8,16,24
71105,SAN ANTONIO DE LOMERIO,desnutricion aguda,nutricion normal (n),2007-12-01,72,93,101,65,173,158,331
31403,SAN BENITO,desnutricion aguda,nutricion normal (n),2007-12-01,66,71,28,21,94,92,186
80302,SAN BORJA,desnutricion aguda,nutricion normal (n),2007-12-01,346,336,223,200,569,536,1105
70402,SAN CARLOS,desnutricion aguda,nutricion normal (n),2007-12-01,123,108,41,33,164,141,305
80501,SAN IGNACIO,desnutricion aguda,nutricion normal (n),2007-12-01,173,131,84,60,257,191,448
70301,SAN IGNACIO DE VELASCO,desnutricion aguda,nutricion normal (n),2007-12-01,335,307,182,169,517,476,993
80102,SAN JAVIER(BNI),desnutricion aguda,nutricion normal (n),2007-12-01,22,19,20,21,42,40,82
71102,SAN JAVIER(STC),desnutricion aguda,nutricion normal (n),2007-12-01,56,65,17,21,73,86,159
80701,SAN JOAQUIN,desnutricion aguda,nutricion normal (n),2007-12-01,23,25,7,3,30,28,58
70501,SAN JOSE DE CHIQUITOS,desnutricion aguda,nutricion normal (n),2007-12-01,117,87,52,63,169,150,319
70404,SAN JUAN DE YAPACANI,desnutricion aguda,nutricion normal (n),2007-12-01,55,83,57,53,112,136,248
71104,SAN JULIAN,desnutricion aguda,nutricion normal (n),2007-12-01,49,60,45,50,94,110,204
90302,SAN LORENZO(PND),desnutricion aguda,nutricion normal (n),2007-12-01,35,37,25,31,60,68,128
60501,SAN LORENZO(TJA),desnutricion aguda,nutricion normal (n),2007-12-01,66,68,66,81,132,149,281
10702,SAN LUCAS,desnutricion aguda,nutricion normal (n),2007-12-01,386,373,443,389,829,762,1591
71201,SAN MATIAS,desnutricion aguda,nutricion normal (n),2007-12-01,81,90,43,30,124,120,244
70302,SAN MIGUEL DE VELASCO,desnutricion aguda,nutricion normal (n),2007-12-01,70,74,31,28,101,102,203
51001,SAN PABLO DE LIPEZ,desnutricion aguda,nutricion normal (n),2007-12-01,16,15,8,6,24,21,45
71005,SAN PEDRO,desnutricion aguda,nutricion normal (n),2007-12-01,85,98,55,50,140,148,288
50501,SAN PEDRO DE BUENA VISTA,desnutricion aguda,nutricion normal (n),2007-12-01,146,125,146,134,292,259,551
50902,SAN PEDRO DE QUEMES,desnutricion aguda,nutricion normal (n),2007-12-01,1,3,1,0,2,3,5
90202,SAN PEDRO(PND),desnutricion aguda,nutricion normal (n),2007-12-01,6,10,5,6,11,16,27
70303,SAN RAFAEL,desnutricion aguda,nutricion normal (n),2007-12-01,44,40,21,23,65,63,128
80702,SAN RAMON,desnutricion aguda,nutricion normal (n),2007-12-01,39,32,28,12,67,44,111
80702,SAN RAMON,desnutricion aguda,nutricion normal (n),2007-12-01,31,37,17,8,48,45,93
80401,SANTA ANA,desnutricion aguda,nutricion normal (n),2007-12-01,167,145,22,21,189,166,355
70101,SANTA CRUZ DE LA SIERRA,desnutricion aguda,nutricion normal (n),2007-12-01,3533,3160,1631,1333,5164,4493,9657
80303,SANTA ROSA,desnutricion aguda,nutricion normal (n),2007-12-01,31,26,20,29,51,55,106
70602,SANTA ROSA DEL SARA,desnutricion aguda,nutricion normal (n),2007-12-01,144,122,104,118,248,240,488
41401,SANTIAGO DE HUARI,desnutricion aguda,nutricion normal (n),2007-12-01,55,71,66,55,121,126,247
30702,SANTIVAÑES,desnutricion aguda,nutricion normal (n),2007-12-01,38,34,53,40,91,74,165
40202,SANTUARIO DE QUILLACAS,desnutricion aguda,nutricion normal (n),2007-12-01,19,10,12,13,31,23,54
90303,SENA,desnutricion aguda,nutricion normal (n),2007-12-01,52,45,45,49,97,94,191
30902,SIPE SIPE,desnutricion aguda,nutricion normal (n),2007-12-01,209,144,99,70,308,214,522
10403,SOPACHUY,desnutricion aguda,nutricion normal (n),2007-12-01,101,89,48,58,149,147,296
40104,SORACACHI,desnutricion aguda,nutricion normal (n),2007-12-01,82,88,96,92,178,180,358
10101,SUCRE,desnutricion aguda,nutricion normal (n),2007-12-01,1107,1113,678,687,1785,1800,3585
31404,TACACHI,desnutricion aguda,nutricion normal (n),2007-12-01,7,1,0,2,7,3,10
50303,TACOBAMBA,desnutricion aguda,nutricion normal (n),2007-12-01,60,42,28,16,88,58,146
30602,TACOPAYA,desnutricion aguda,nutricion normal (n),2007-12-01,45,33,23,26,68,59,127
51402,TAHUA,desnutricion aguda,nutricion normal (n),2007-12-01,3,3,7,5,10,8,18
31101,TAPACARI,desnutricion aguda,nutricion normal (n),2007-12-01,133,127,61,53,194,180,374
10601,TARABUCO,desnutricion aguda,nutricion normal (n),2007-12-01,205,186,263,259,468,445,913
30401,TARATA,desnutricion aguda,nutricion normal (n),2007-12-01,57,48,21,18,78,66,144
60101,TARIJA,desnutricion aguda,nutricion normal (n),2007-12-01,739,644,349,331,1088,975,2063
10202,TARVITA,desnutricion aguda,nutricion normal (n),2007-12-01,201,182,151,127,352,309,661
50102,TINGUIPAYA,desnutricion aguda,nutricion normal (n),2007-12-01,54,57,38,41,92,98,190
30903,TIQUIPAYA,desnutricion aguda,nutricion normal (n),2007-12-01,56,40,23,17,79,57,136
31601,TIRAQUE (CBBA),desnutricion aguda,nutricion normal (n),2007-12-01,247,202,120,119,367,321,688
30802,TOCO,desnutricion aguda,nutricion normal (n),2007-12-01,20,24,11,12,31,36,67
41502,TODOS SANTOS,desnutricion aguda,nutricion normal (n),2007-12-01,6,2,3,6,9,8,17
30803,TOLATA,desnutricion aguda,nutricion normal (n),2007-12-01,17,19,6,5,23,24,47
41001,TOLEDO,desnutricion aguda,nutricion normal (n),2007-12-01,47,49,36,27,83,76,159
51202,TOMAVE,desnutricion aguda,nutricion normal (n),2007-12-01,56,58,80,50,136,108,244
10402,TOMINA,desnutricion aguda,nutricion normal (n),2007-12-01,119,114,118,122,237,236,473
50502,TORO TORO,desnutricion aguda,nutricion normal (n),2007-12-01,92,138,108,120,200,258,458
31201,TOTORA(CBBA),desnutricion aguda,nutricion normal (n),2007-12-01,69,75,17,20,86,95,181
41301,TOTORA(ORR),desnutricion aguda,nutricion normal (n),2007-12-01,22,24,24,16,46,40,86
70802,TRIGAL,desnutricion aguda,nutricion normal (n),2007-12-01,19,16,10,13,29,29,58
80101,TRINIDAD,desnutricion aguda,nutricion normal (n),2007-12-01,446,392,175,166,621,558,1179
50801,TUPIZA,desnutricion aguda,nutricion normal (n),2007-12-01,249,237,204,202,453,439,892
40402,TURCO,desnutricion aguda,nutricion normal (n),2007-12-01,27,31,19,21,46,52,98
50201,UNCIA,desnutricion aguda,nutricion normal (n),2007-12-01,120,112,139,140,259,252,511
60401,URIONDO (A. CONCEPCION),desnutricion aguda,nutricion normal (n),2007-12-01,110,97,86,80,196,177,373
71502,URUBICHA,desnutricion aguda,nutricion normal (n),2007-12-01,101,85,115,100,216,185,401
51201,UYUNI,desnutricion aguda,nutricion normal (n),2007-12-01,196,149,76,88,272,237,509
30502,VACAS,desnutricion aguda,nutricion normal (n),2007-12-01,50,38,15,12,65,50,115
70801,VALLEGRANDE,desnutricion aguda,nutricion normal (n),2007-12-01,128,98,94,76,222,174,396
20801,VIACHA,desnutricion aguda,nutricion normal (n),2007-12-01,210,233,108,113,318,346,664
31302,VILA VILA,desnutricion aguda,nutricion normal (n),2007-12-01,3,3,1,3,4,6,10
60303,VILLA MONTES,desnutricion aguda,nutricion normal (n),2007-12-01,218,180,131,78,349,258,607
90502,VILLA NUEVA (LOMA ALTA),desnutricion aguda,nutricion normal (n),2007-12-01,17,15,8,8,25,23,48
31402,VILLA RIVERO,desnutricion aguda,nutricion normal (n),2007-12-01,6,9,6,2,12,11,23
10801,VILLA SERRANO,desnutricion aguda,nutricion normal (n),2007-12-01,109,100,132,107,241,207,448
31003,VILLA TUNARI,desnutricion aguda,nutricion normal (n),2007-12-01,244,227,111,135,355,362,717
11001,VILLA VACA GUZMAN (MUYUPAMPA),desnutricion aguda,nutricion normal (n),2007-12-01,50,59,66,64,116,123,239
51501,VILLAZON,desnutricion aguda,nutricion normal (n),2007-12-01,208,179,119,123,327,302,629
30904,VINTO,desnutricion aguda,nutricion normal (n),2007-12-01,160,95,25,35,185,130,315
50602,VITICHI,desnutricion aguda,nutricion normal (n),2007-12-01,77,83,81,68,158,151,309
70201,WARNES,desnutricion aguda,nutricion normal (n),2007-12-01,219,211,112,95,331,306,637
60301,YACUIBA,desnutricion aguda,nutricion normal (n),2007-12-01,361,300,151,154,512,454,966
10602,YAMPARAEZ,desnutricion aguda,nutricion normal (n),2007-12-01,90,83,121,132,211,215,426
70403,YAPACANI,desnutricion aguda,nutricion normal (n),2007-12-01,217,240,132,104,349,344,693
50103,YOCALLA,desnutricion aguda,nutricion normal (n),2007-12-01,43,48,31,19,74,67,141
10102,YOTALA,desnutricion aguda,nutricion normal (n),2007-12-01,79,73,87,90,166,163,329
60402,YUNCHARA,desnutricion aguda,nutricion normal (n),2007-12-01,15,14,24,20,39,34,73
10301,ZUDAÑEZ,desnutricion aguda,nutricion normal (n),2007-12-01,50,56,57,40,107,96,203
