codigo_municipio,municipio,grupo,variable,mes,< de 2 años-H,< de 2 años-M,2 a 4 años-H,2 a 4 años-M,TOTAL-H,TOTAL-M,TOTAL
51302,ACACIO,desnutricion global,desnutricion leve (l),2005-01-01,24,18,53,41,77,59,136
20201,ACHACACHI,desnutricion global,desnutricion leve (l),2005-01-01,42,49,49,68,91,117,208
20104,ACHOCALLA,desnutricion global,desnutricion leve (l),2005-01-01,24,32,8,10,32,42,74
30201,AIQUILE,desnutricion global,desnutricion leve (l),2005-01-01,14,22,12,25,26,47,73
31303,ALALAY,desnutricion global,desnutricion leve (l),2005-01-01,3,4,5,3,8,7,15
10404,ALCALA,desnutricion global,desnutricion leve (l),2005-01-01,9,8,33,31,42,39,81
20202,ANCORAIMES,desnutricion global,desnutricion leve (l),2005-01-01,37,35,44,74,81,109,190
41201,ANDAMARCA,desnutricion global,desnutricion leve (l),2005-01-01,2,2,1,1,3,3,6
40603,ANTEQUERA,desnutricion global,desnutricion leve (l),2005-01-01,2,7,4,3,6,10,16
30402,ANZALDO,desnutricion global,desnutricion leve (l),2005-01-01,1,1,8,5,9,6,15
20701,APOLO,desnutricion global,desnutricion leve (l),2005-01-01,16,12,24,31,40,43,83
51301,ARAMPAMPA,desnutricion global,desnutricion leve (l),2005-01-01,13,12,21,26,34,38,72
30501,ARANI,desnutricion global,desnutricion leve (l),2005-01-01,19,8,4,2,23,10,33
30403,ARBIETO,desnutricion global,desnutricion leve (l),2005-01-01,5,7,8,8,13,15,28
30601,ARQUE,desnutricion global,desnutricion leve (l),2005-01-01,28,35,23,43,51,78,129
50802,ATOCHA,desnutricion global,desnutricion leve (l),2005-01-01,29,30,40,35,69,65,134
20503,AUCAPATA,desnutricion global,desnutricion leve (l),2005-01-01,11,3,2,7,13,10,23
20502,AYATA,desnutricion global,desnutricion leve (l),2005-01-01,25,17,12,19,37,36,73
21303,AYO AYO,desnutricion global,desnutricion leve (l),2005-01-01,7,8,14,6,21,14,35
30301,AYOPAYA (V. DE INDEPENDENCIA),desnutricion global,desnutricion leve (l),2005-01-01,29,30,26,27,55,57,112
10201,AZURDUY,desnutricion global,desnutricion leve (l),2005-01-01,39,57,73,90,112,147,259
21203,BATALLAS,desnutricion global,desnutricion leve (l),2005-01-01,22,11,15,11,37,22,59
80802,BAURES,desnutricion global,desnutricion leve (l),2005-01-01,17,0,17,0,34,0,34
41202,BELEN DE ANDAMARCA,desnutricion global,desnutricion leve (l),2005-01-01,1,1,1,0,2,1,3
50104,BELEN DE URMIRI,desnutricion global,desnutricion leve (l),2005-01-01,3,0,5,7,8,7,15
90104,BELLA FLOR,desnutricion global,desnutricion leve (l),2005-01-01,2,3,4,3,6,6,12
60202,BERMEJO,desnutricion global,desnutricion leve (l),2005-01-01,3,5,0,8,3,13,16
50301,BETANZOS,desnutricion global,desnutricion leve (l),2005-01-01,67,108,113,123,180,231,411
31501,BOLIVAR,desnutricion global,desnutricion leve (l),2005-01-01,25,29,33,32,58,61,119
90103,BOLPEBRA,desnutricion global,desnutricion leve (l),2005-01-01,1,0,2,1,3,1,4
70707,BOYUIBE,desnutricion global,desnutricion leve (l),2005-01-01,5,10,7,3,12,13,25
70401,BUENA VISTA,desnutricion global,desnutricion leve (l),2005-01-01,24,13,25,37,49,50,99
70703,CABEZAS,desnutricion global,desnutricion leve (l),2005-01-01,32,24,21,29,53,53,106
20905,CAIROMA,desnutricion global,desnutricion leve (l),2005-01-01,38,28,33,37,71,65,136
51102,"CAIZA ""D""",desnutricion global,desnutricion leve (l),2005-01-01,21,28,17,38,38,66,104
21003,CAJUATA,desnutricion global,desnutricion leve (l),2005-01-01,18,14,27,19,45,33,78
20303,CALACOTO,desnutricion global,desnutricion leve (l),2005-01-01,4,2,3,5,7,7,14
21304,CALAMARCA,desnutricion global,desnutricion leve (l),2005-01-01,36,37,31,45,67,82,149
10701,CAMARGO,desnutricion global,desnutricion leve (l),2005-01-01,66,59,63,92,129,151,280
10901,CAMATAQUI (C. VILLA ABECIA),desnutricion global,desnutricion leve (l),2005-01-01,7,12,14,13,21,25,46
70706,CAMIRI,desnutricion global,desnutricion leve (l),2005-01-01,64,61,57,47,121,108,229
30701,CAPINOTA,desnutricion global,desnutricion leve (l),2005-01-01,31,34,24,19,55,53,108
20302,CAQUIAVIRI,desnutricion global,desnutricion leve (l),2005-01-01,12,13,7,8,19,21,40
40102,CARACOLLO,desnutricion global,desnutricion leve (l),2005-01-01,31,20,22,25,53,45,98
22001,CARANAVI,desnutricion global,desnutricion leve (l),2005-01-01,71,65,82,89,153,154,307
41503,CARANGAS,desnutricion global,desnutricion leve (l),2005-01-01,0,1,0,1,0,2,2
60302,CARAPARI,desnutricion global,desnutricion leve (l),2005-01-01,11,7,9,10,20,17,37
21902,CATACORA,desnutricion global,desnutricion leve (l),2005-01-01,9,3,8,11,17,14,31
21803,CHACARILLA,desnutricion global,desnutricion leve (l),2005-01-01,1,2,2,0,3,2,5
40201,CHALLAPATA,desnutricion global,desnutricion leve (l),2005-01-01,34,32,43,50,77,82,159
50302,CHAQUI,desnutricion global,desnutricion leve (l),2005-01-01,9,1,8,0,17,1,18
70702,CHARAGUA,desnutricion global,desnutricion leve (l),2005-01-01,48,42,66,55,114,97,211
20305,CHARAÑA,desnutricion global,desnutricion leve (l),2005-01-01,6,8,8,6,14,14,28
50202,CHAYANTA,desnutricion global,desnutricion leve (l),2005-01-01,62,43,45,127,107,170,277
31204,CHIMORE,desnutricion global,desnutricion leve (l),2005-01-01,12,13,17,23,29,36,65
40903,CHIPAYA,desnutricion global,desnutricion leve (l),2005-01-01,0,5,3,5,3,10,13
40302,CHOQUE COTA,desnutricion global,desnutricion leve (l),2005-01-01,1,2,5,1,6,3,9
21101,CHULUMANI (V. DE LA LIBERTAD),desnutricion global,desnutricion leve (l),2005-01-01,9,5,4,4,13,9,22
20501,CHUMA,desnutricion global,desnutricion leve (l),2005-01-01,14,10,17,14,31,24,55
30801,CLIZA,desnutricion global,desnutricion leve (l),2005-01-01,31,29,13,17,44,46,90
90101,COBIJA,desnutricion global,desnutricion leve (l),2005-01-01,38,15,63,27,101,42,143
30101,COCHABAMBA,desnutricion global,desnutricion leve (l),2005-01-01,306,274,170,169,476,443,919
30905,COLCAPIRHUA,desnutricion global,desnutricion leve (l),2005-01-01,23,15,14,20,37,35,72
50901,"COLCHA ""K""",desnutricion global,desnutricion leve (l),2005-01-01,7,7,9,8,16,15,31
21307,COLLANA,desnutricion global,desnutricion leve (l),2005-01-01,2,0,3,0,5,0,5
31002,COLOMI,desnutricion global,desnutricion leve (l),2005-01-01,26,26,18,21,44,47,91
70603,COLPA BELGICA,desnutricion global,desnutricion leve (l),2005-01-01,2,6,10,12,12,18,30
50401,COLQUECHACA,desnutricion global,desnutricion leve (l),2005-01-01,38,47,33,36,71,83,154
21306,COLQUENCHA,desnutricion global,desnutricion leve (l),2005-01-01,23,14,15,20,38,34,72
21004,COLQUIRI,desnutricion global,desnutricion leve (l),2005-01-01,44,38,41,49,85,87,172
20304,COMANCHE,desnutricion global,desnutricion leve (l),2005-01-01,0,2,2,2,2,4,6
71301,COMARAPA,desnutricion global,desnutricion leve (l),2005-01-01,48,34,17,19,65,53,118
20605,COMBAYA,desnutricion global,desnutricion leve (l),2005-01-01,2,2,0,2,2,4,6
71101,CONCEPCION,desnutricion global,desnutricion leve (l),2005-01-01,35,0,1,0,36,0,36
21701,COPACABANA,desnutricion global,desnutricion leve (l),2005-01-01,28,12,21,7,49,19,68
21402,CORIPATA,desnutricion global,desnutricion leve (l),2005-01-01,4,2,3,2,7,4,11
20301,CORO CORO,desnutricion global,desnutricion leve (l),2005-01-01,23,8,13,14,36,22,58
21401,COROICO,desnutricion global,desnutricion leve (l),2005-01-01,13,9,8,6,21,15,36
40301,CORQUE,desnutricion global,desnutricion leve (l),2005-01-01,7,7,11,11,18,18,36
50601,COTAGAITA,desnutricion global,desnutricion leve (l),2005-01-01,73,51,94,93,167,144,311
70102,COTOCA,desnutricion global,desnutricion leve (l),2005-01-01,41,30,21,16,62,46,108
71106,CUATRO CAÑADAS,desnutricion global,desnutricion leve (l),2005-01-01,5,0,15,0,20,0,20
31405,CUCHUMUELA (V. G. VILLARROEL),desnutricion global,desnutricion leve (l),2005-01-01,3,8,4,2,7,10,17
70704,CUEVO,desnutricion global,desnutricion leve (l),2005-01-01,7,12,11,16,18,28,46
10902,CULPINA,desnutricion global,desnutricion leve (l),2005-01-01,77,57,105,109,182,166,348
40401,CURAHUARA DE CARANGAS,desnutricion global,desnutricion leve (l),2005-01-01,7,4,3,7,10,11,21
21602,CURVA,desnutricion global,desnutricion leve (l),2005-01-01,17,4,14,10,31,14,45
20804,DESAGUADERO,desnutricion global,desnutricion leve (l),2005-01-01,8,5,5,1,13,6,19
20105,EL ALTO,desnutricion global,desnutricion leve (l),2005-01-01,974,833,564,567,1538,1400,2938
40103,EL CHORO,desnutricion global,desnutricion leve (l),2005-01-01,0,2,3,3,3,5,8
60502,EL PUENTE(TJA),desnutricion global,desnutricion leve (l),2005-01-01,26,18,38,58,64,76,140
70105,EL TORNO,desnutricion global,desnutricion leve (l),2005-01-01,19,15,22,27,41,42,83
10405,EL VILLAR,desnutricion global,desnutricion leve (l),2005-01-01,13,17,42,36,55,53,108
60601,ENTRE RIOS,desnutricion global,desnutricion leve (l),2005-01-01,25,16,25,31,50,47,97
60601,ENTRE RIOS,desnutricion global,desnutricion leve (l),2005-01-01,67,49,47,35,114,84,198
41101,EUCALIPTUS,desnutricion global,desnutricion leve (l),2005-01-01,1,6,7,4,8,10,18
90503,EUREKA (SANTOS MERCADO),desnutricion global,desnutricion leve (l),2005-01-01,0,0,1,0,1,0,1
80402,EXALTACION,desnutricion global,desnutricion leve (l),2005-01-01,8,1,2,4,10,5,15
71004,FERNANDEZ ALONSO,desnutricion global,desnutricion leve (l),2005-01-01,15,25,18,17,33,42,75
90203,FILADELFIA,desnutricion global,desnutricion leve (l),2005-01-01,2,9,11,8,13,17,30
71002,GENERAL SAAVEDRA,desnutricion global,desnutricion leve (l),2005-01-01,70,1,85,9,155,10,165
21601,GRAL. J.J. PEREZ (CHARAZANI),desnutricion global,desnutricion leve (l),2005-01-01,11,12,12,13,23,25,48
20602,GUANAY,desnutricion global,desnutricion leve (l),2005-01-01,10,16,8,12,18,28,46
20802,GUAQUI,desnutricion global,desnutricion leve (l),2005-01-01,6,5,5,4,11,9,20
70705,GUTIERREZ,desnutricion global,desnutricion leve (l),2005-01-01,69,72,135,131,204,203,407
10502,HUACARETA,desnutricion global,desnutricion leve (l),2005-01-01,21,38,43,58,64,96,160
11002,HUACAYA (VILLA DE HUACAYA),desnutricion global,desnutricion leve (l),2005-01-01,8,8,10,18,18,26,44
40701,HUANUNI,desnutricion global,desnutricion leve (l),2005-01-01,41,29,29,10,70,39,109
80803,HUARACAJE,desnutricion global,desnutricion leve (l),2005-01-01,5,2,0,4,5,6,11
41601,HUAYLLAMARCA,desnutricion global,desnutricion leve (l),2005-01-01,0,2,1,8,1,10,11
21005,ICHOCA,desnutricion global,desnutricion leve (l),2005-01-01,3,10,11,12,14,22,36
10304,ICLA,desnutricion global,desnutricion leve (l),2005-01-01,52,46,115,86,167,132,299
10703,INCAHUASI,desnutricion global,desnutricion leve (l),2005-01-01,69,84,88,101,157,185,342
21001,INQUISIVI,desnutricion global,desnutricion leve (l),2005-01-01,47,24,40,43,87,67,154
21102,IRUPANA (VILLA DE LANZA),desnutricion global,desnutricion leve (l),2005-01-01,11,11,29,22,40,33,73
21501,IXIAMAS,desnutricion global,desnutricion leve (l),2005-01-01,15,9,21,17,36,26,62
20806,JESUS DE MACHACA,desnutricion global,desnutricion leve (l),2005-01-01,8,5,5,9,13,14,27
21105,LA ASUNTA,desnutricion global,desnutricion leve (l),2005-01-01,24,37,24,24,48,61,109
70104,LA GUARDIA,desnutricion global,desnutricion leve (l),2005-01-01,47,38,38,37,85,75,160
20101,LA PAZ,desnutricion global,desnutricion leve (l),2005-01-01,545,538,387,425,932,963,1895
41501,LA RIVERA,desnutricion global,desnutricion leve (l),2005-01-01,0,1,0,0,0,1,1
70701,LAGUNILLAS,desnutricion global,desnutricion leve (l),2005-01-01,23,6,11,15,34,21,55
21202,LAJA,desnutricion global,desnutricion leve (l),2005-01-01,20,13,13,9,33,22,55
10903,LAS CARRERAS,desnutricion global,desnutricion leve (l),2005-01-01,5,9,14,14,19,23,42
21006,LICOMA PAMPA,desnutricion global,desnutricion leve (l),2005-01-01,4,1,3,1,7,2,9
50203,LLALLAGUA,desnutricion global,desnutricion leve (l),2005-01-01,51,41,52,43,103,84,187
51401,LLICA,desnutricion global,desnutricion leve (l),2005-01-01,2,4,1,2,3,6,9
80601,LORETO,desnutricion global,desnutricion leve (l),2005-01-01,2,2,6,5,8,7,15
20901,LURIBAY,desnutricion global,desnutricion leve (l),2005-01-01,20,15,11,18,31,33,64
40702,MACHACAMARCA,desnutricion global,desnutricion leve (l),2005-01-01,3,2,2,2,5,4,9
11003,MACHARETI,desnutricion global,desnutricion leve (l),2005-01-01,26,20,32,32,58,52,110
80801,MAGDALENA,desnutricion global,desnutricion leve (l),2005-01-01,42,14,13,7,55,21,76
70903,MAIRANA,desnutricion global,desnutricion leve (l),2005-01-01,20,0,11,0,31,0,31
20904,MALLA,desnutricion global,desnutricion leve (l),2005-01-01,2,2,2,1,4,3,7
20607,MAPIRI,desnutricion global,desnutricion leve (l),2005-01-01,22,10,12,15,34,25,59
20103,MECAPACA,desnutricion global,desnutricion leve (l),2005-01-01,39,17,28,34,67,51,118
71003,MINEROS,desnutricion global,desnutricion leve (l),2005-01-01,31,25,10,27,41,52,93
31301,MIZQUE,desnutricion global,desnutricion leve (l),2005-01-01,11,14,24,13,35,27,62
20402,MOCOMOCO,desnutricion global,desnutricion leve (l),2005-01-01,19,11,18,30,37,41,78
51002,MOJINETE,desnutricion global,desnutricion leve (l),2005-01-01,2,1,5,6,7,7,14
10303,MOJOCOYA,desnutricion global,desnutricion leve (l),2005-01-01,20,16,34,39,54,55,109
10501,MONTEAGUDO,desnutricion global,desnutricion leve (l),2005-01-01,51,46,81,74,132,120,252
71001,MONTERO,desnutricion global,desnutricion leve (l),2005-01-01,306,47,242,43,548,90,638
70803,MORO MORO,desnutricion global,desnutricion leve (l),2005-01-01,10,3,13,9,23,12,35
30302,MOROCHATA,desnutricion global,desnutricion leve (l),2005-01-01,23,20,9,12,32,32,64
90401,NACEBE (SANTA ROSA DEL ABUNA),desnutricion global,desnutricion leve (l),2005-01-01,0,0,1,0,1,0,1
20307,NAZACARA DE PACAJES,desnutricion global,desnutricion leve (l),2005-01-01,0,0,0,1,0,1,1
90501,NUEVO MANOA (NUEVA ESPERANZA),desnutricion global,desnutricion leve (l),2005-01-01,1,0,2,0,3,0,3
50404,OCURI,desnutricion global,desnutricion leve (l),2005-01-01,44,38,63,70,107,108,215
70202,OKINAWA,desnutricion global,desnutricion leve (l),2005-01-01,23,18,8,10,31,28,59
30203,OMEREQUE,desnutricion global,desnutricion leve (l),2005-01-01,2,0,0,0,2,0,2
40101,ORURO,desnutricion global,desnutricion leve (l),2005-01-01,305,277,193,198,498,475,973
60201,PADCAYA,desnutricion global,desnutricion leve (l),2005-01-01,28,17,21,26,49,43,92
10401,PADILLA,desnutricion global,desnutricion leve (l),2005-01-01,37,34,71,81,108,115,223
70502,PAILON,desnutricion global,desnutricion leve (l),2005-01-01,0,36,28,0,28,36,64
20102,PALCA,desnutricion global,desnutricion leve (l),2005-01-01,51,20,31,9,82,29,111
21104,PALOS BLANCOS,desnutricion global,desnutricion leve (l),2005-01-01,35,57,52,50,87,107,194
40802,PAMPA AULLAGAS,desnutricion global,desnutricion leve (l),2005-01-01,3,1,4,7,7,8,15
70902,PAMPA GRANDE,desnutricion global,desnutricion leve (l),2005-01-01,9,9,6,17,15,26,41
21802,PAPEL PAMPA,desnutricion global,desnutricion leve (l),2005-01-01,2,4,6,5,8,9,17
30202,PASORAPA,desnutricion global,desnutricion leve (l),2005-01-01,1,4,1,4,2,8,10
21305,PATACAMAYA,desnutricion global,desnutricion leve (l),2005-01-01,63,74,44,43,107,117,224
40602,PAZÑA,desnutricion global,desnutricion leve (l),2005-01-01,3,5,5,9,8,14,22
20702,PELECHUCO,desnutricion global,desnutricion leve (l),2005-01-01,17,10,15,17,32,27,59
50403,POCOATA,desnutricion global,desnutricion leve (l),2005-01-01,43,58,82,87,125,145,270
31203,POCONA,desnutricion global,desnutricion leve (l),2005-01-01,12,12,4,1,16,13,29
31202,POJO (CBBA),desnutricion global,desnutricion leve (l),2005-01-01,21,11,28,37,49,48,97
40601,POOPO,desnutricion global,desnutricion leve (l),2005-01-01,3,1,4,0,7,1,8
51203,PORCO,desnutricion global,desnutricion leve (l),2005-01-01,6,8,4,7,10,15,25
10103,POROMA,desnutricion global,desnutricion leve (l),2005-01-01,53,42,59,87,112,129,241
70103,PORONGO,desnutricion global,desnutricion leve (l),2005-01-01,8,6,6,5,14,11,25
70601,PORTACHUELO,desnutricion global,desnutricion leve (l),2005-01-01,17,17,23,21,40,38,78
90102,PORVENIR,desnutricion global,desnutricion leve (l),2005-01-01,4,4,2,9,6,13,19
70804,POSTRER VALLE,desnutricion global,desnutricion leve (l),2005-01-01,4,2,4,2,8,4,12
50101,POTOSI,desnutricion global,desnutricion leve (l),2005-01-01,201,163,132,108,333,271,604
10302,PRESTO,desnutricion global,desnutricion leve (l),2005-01-01,32,32,52,44,84,76,160
70805,PUCARA,desnutricion global,desnutricion leve (l),2005-01-01,2,0,1,1,3,1,4
21201,PUCARANI,desnutricion global,desnutricion leve (l),2005-01-01,16,16,6,3,22,19,41
20401,PUERTO ACOSTA,desnutricion global,desnutricion leve (l),2005-01-01,33,31,41,45,74,76,150
20403,PUERTO CARABUCO,desnutricion global,desnutricion leve (l),2005-01-01,25,32,43,42,68,74,142
90301,PUERTO GONZALO MORENO,desnutricion global,desnutricion leve (l),2005-01-01,2,3,3,3,5,6,11
21204,PUERTO PEREZ,desnutricion global,desnutricion leve (l),2005-01-01,4,0,7,0,11,0,11
90201,PUERTO RICO,desnutricion global,desnutricion leve (l),2005-01-01,4,3,6,6,10,9,19
80703,PUERTO SILES,desnutricion global,desnutricion leve (l),2005-01-01,0,0,1,0,1,0,1
31205,PUERTO VILLARROEL,desnutricion global,desnutricion leve (l),2005-01-01,104,90,90,81,194,171,365
51101,PUNA,desnutricion global,desnutricion leve (l),2005-01-01,39,43,52,56,91,99,190
31401,PUNATA,desnutricion global,desnutricion leve (l),2005-01-01,34,33,27,31,61,64,125
20604,QUIABAYA,desnutricion global,desnutricion leve (l),2005-01-01,8,1,5,10,13,11,24
30901,QUILLACOLLO,desnutricion global,desnutricion leve (l),2005-01-01,37,46,27,45,64,91,155
21002,QUIME,desnutricion global,desnutricion leve (l),2005-01-01,17,13,43,45,60,58,118
70904,QUIRUSILLAS,desnutricion global,desnutricion leve (l),2005-01-01,0,3,5,6,5,9,14
50402,RAVELO,desnutricion global,desnutricion leve (l),2005-01-01,42,20,50,9,92,29,121
80301,REYES,desnutricion global,desnutricion leve (l),2005-01-01,28,24,18,25,46,49,95
80201,RIBERALTA,desnutricion global,desnutricion leve (l),2005-01-01,108,210,122,142,230,352,582
70503,ROBORE,desnutricion global,desnutricion leve (l),2005-01-01,0,37,41,0,41,37,78
80304,RURRENABAQUE,desnutricion global,desnutricion leve (l),2005-01-01,13,25,5,8,18,33,51
40901,SABAYA,desnutricion global,desnutricion leve (l),2005-01-01,3,2,2,5,5,7,12
31001,SACABA,desnutricion global,desnutricion leve (l),2005-01-01,62,55,47,60,109,115,224
30404,SACABAMBA,desnutricion global,desnutricion leve (l),2005-01-01,2,4,0,0,2,4,6
71302,SAIPINA,desnutricion global,desnutricion leve (l),2005-01-01,13,7,4,6,17,13,30
40801,SALINAS DE GARCI MENDOZA,desnutricion global,desnutricion leve (l),2005-01-01,12,15,19,16,31,31,62
70901,SAMAIPATA,desnutricion global,desnutricion leve (l),2005-01-01,25,0,23,1,48,1,49
51601,SAN AGUSTIN,desnutricion global,desnutricion leve (l),2005-01-01,0,2,1,2,1,4,5
80602,SAN ANDRES,desnutricion global,desnutricion leve (l),2005-01-01,5,6,11,1,16,7,23
20805,SAN ANDRES DE MACHACA,desnutricion global,desnutricion leve (l),2005-01-01,5,6,7,5,12,11,23
51003,SAN ANTONIO DE ESMORUCO,desnutricion global,desnutricion leve (l),2005-01-01,3,3,1,2,4,5,9
71105,SAN ANTONIO DE LOMERIO,desnutricion global,desnutricion leve (l),2005-01-01,41,34,48,45,89,79,168
31403,SAN BENITO,desnutricion global,desnutricion leve (l),2005-01-01,9,7,4,7,13,14,27
80302,SAN BORJA,desnutricion global,desnutricion leve (l),2005-01-01,64,66,55,54,119,120,239
21502,SAN BUENA VENTURA,desnutricion global,desnutricion leve (l),2005-01-01,9,18,18,22,27,40,67
70402,SAN CARLOS,desnutricion global,desnutricion leve (l),2005-01-01,44,12,17,9,61,21,82
80501,SAN IGNACIO,desnutricion global,desnutricion leve (l),2005-01-01,52,35,66,45,118,80,198
70301,SAN IGNACIO DE VELASCO,desnutricion global,desnutricion leve (l),2005-01-01,114,99,105,107,219,206,425
80102,SAN JAVIER(BNI),desnutricion global,desnutricion leve (l),2005-01-01,2,8,11,11,13,19,32
71102,SAN JAVIER(STC),desnutricion global,desnutricion leve (l),2005-01-01,18,0,40,0,58,0,58
80701,SAN JOAQUIN,desnutricion global,desnutricion leve (l),2005-01-01,3,4,5,9,8,13,21
70501,SAN JOSE DE CHIQUITOS,desnutricion global,desnutricion leve (l),2005-01-01,24,19,10,8,34,27,61
70404,SAN JUAN DE YAPACANI,desnutricion global,desnutricion leve (l),2005-01-01,7,9,16,12,23,21,44
71104,SAN JULIAN,desnutricion global,desnutricion leve (l),2005-01-01,40,6,37,6,77,12,89
90302,SAN LORENZO(PND),desnutricion global,desnutricion leve (l),2005-01-01,6,3,2,2,8,5,13
60501,SAN LORENZO(TJA),desnutricion global,desnutricion leve (l),2005-01-01,37,33,52,46,89,79,168
10702,SAN LUCAS,desnutricion global,desnutricion leve (l),2005-01-01,184,189,226,252,410,441,851
70302,SAN MIGUEL DE VELASCO,desnutricion global,desnutricion leve (l),2005-01-01,33,27,39,39,72,66,138
51001,SAN PABLO DE LIPEZ,desnutricion global,desnutricion leve (l),2005-01-01,9,7,5,5,14,12,26
71005,SAN PEDRO,desnutricion global,desnutricion leve (l),2005-01-01,34,25,31,39,65,64,129
50501,SAN PEDRO DE BUENA VISTA,desnutricion global,desnutricion leve (l),2005-01-01,38,40,53,52,91,92,183
21801,SAN PEDRO DE CURAHUARA,desnutricion global,desnutricion leve (l),2005-01-01,10,7,13,12,23,19,42
50902,SAN PEDRO DE QUEMES,desnutricion global,desnutricion leve (l),2005-01-01,0,0,0,1,0,1,1
21702,SAN PEDRO DE TIQUINA,desnutricion global,desnutricion leve (l),2005-01-01,6,7,3,5,9,12,21
90202,SAN PEDRO(PND),desnutricion global,desnutricion leve (l),2005-01-01,4,5,0,0,4,5,9
70303,SAN RAFAEL,desnutricion global,desnutricion leve (l),2005-01-01,16,13,11,6,27,19,46
80702,SAN RAMON,desnutricion global,desnutricion leve (l),2005-01-01,4,8,4,2,8,10,18
80702,SAN RAMON,desnutricion global,desnutricion leve (l),2005-01-01,19,0,26,3,45,3,48
80401,SANTA ANA,desnutricion global,desnutricion leve (l),2005-01-01,15,22,11,12,26,34,60
70101,SANTA CRUZ DE LA SIERRA,desnutricion global,desnutricion leve (l),2005-01-01,1657,1114,602,539,2259,1653,3912
80303,SANTA ROSA,desnutricion global,desnutricion leve (l),2005-01-01,13,8,2,3,15,11,26
70602,SANTA ROSA DEL SARA,desnutricion global,desnutricion leve (l),2005-01-01,20,19,16,20,36,39,75
20308,SANTIAGO DE CALLAPA,desnutricion global,desnutricion leve (l),2005-01-01,11,13,18,7,29,20,49
41401,SANTIAGO DE HUARI,desnutricion global,desnutricion leve (l),2005-01-01,11,8,10,9,21,17,38
21901,SANTIAGO DE MACHACA,desnutricion global,desnutricion leve (l),2005-01-01,9,1,1,9,10,10,20
30702,SANTIVAÑES,desnutricion global,desnutricion leve (l),2005-01-01,13,9,8,9,21,18,39
40202,SANTUARIO DE QUILLACAS,desnutricion global,desnutricion leve (l),2005-01-01,5,4,8,6,13,10,23
20902,SAPAHAQUI,desnutricion global,desnutricion leve (l),2005-01-01,10,10,10,16,20,26,46
90303,SENA,desnutricion global,desnutricion leve (l),2005-01-01,3,2,3,3,6,5,11
21301,SICA SICA (VILLA AROMA),desnutricion global,desnutricion leve (l),2005-01-01,32,44,40,45,72,89,161
30703,SICAYA,desnutricion global,desnutricion leve (l),2005-01-01,3,4,1,2,4,6,10
30902,SIPE SIPE,desnutricion global,desnutricion leve (l),2005-01-01,63,50,41,33,104,83,187
10403,SOPACHUY,desnutricion global,desnutricion leve (l),2005-01-01,27,31,44,72,71,103,174
40104,SORACACHI,desnutricion global,desnutricion leve (l),2005-01-01,8,4,24,8,32,12,44
20601,SORATA,desnutricion global,desnutricion leve (l),2005-01-01,31,25,42,43,73,68,141
10101,SUCRE,desnutricion global,desnutricion leve (l),2005-01-01,166,138,162,147,328,285,613
31404,TACACHI,desnutricion global,desnutricion leve (l),2005-01-01,4,5,5,0,9,5,14
20603,TACACOMA,desnutricion global,desnutricion leve (l),2005-01-01,7,8,6,6,13,14,27
50303,TACOBAMBA,desnutricion global,desnutricion leve (l),2005-01-01,4,1,6,1,10,2,12
30602,TACOPAYA,desnutricion global,desnutricion leve (l),2005-01-01,19,21,19,24,38,45,83
51402,TAHUA,desnutricion global,desnutricion leve (l),2005-01-01,1,0,2,2,3,2,5
31101,TAPACARI,desnutricion global,desnutricion leve (l),2005-01-01,63,50,33,21,96,71,167
10601,TARABUCO,desnutricion global,desnutricion leve (l),2005-01-01,125,94,231,216,356,310,666
20807,TARACO,desnutricion global,desnutricion leve (l),2005-01-01,7,9,9,7,16,16,32
30401,TARATA,desnutricion global,desnutricion leve (l),2005-01-01,18,14,11,14,29,28,57
60101,TARIJA,desnutricion global,desnutricion leve (l),2005-01-01,152,189,139,125,291,314,605
10202,TARVITA,desnutricion global,desnutricion leve (l),2005-01-01,61,74,120,162,181,236,417
20608,TEOPONTE,desnutricion global,desnutricion leve (l),2005-01-01,10,15,11,19,21,34,55
20803,TIAWANACU,desnutricion global,desnutricion leve (l),2005-01-01,7,11,8,3,15,14,29
50102,TINGUIPAYA,desnutricion global,desnutricion leve (l),2005-01-01,51,37,31,24,82,61,143
20606,TIPUANI,desnutricion global,desnutricion leve (l),2005-01-01,9,9,2,1,11,10,21
30903,TIQUIPAYA,desnutricion global,desnutricion leve (l),2005-01-01,40,35,24,16,64,51,115
31601,TIRAQUE (CBBA),desnutricion global,desnutricion leve (l),2005-01-01,87,89,71,67,158,156,314
21703,TITO YUPANQUI (PARQUIPUJIO),desnutricion global,desnutricion leve (l),2005-01-01,2,1,4,1,6,2,8
30802,TOCO,desnutricion global,desnutricion leve (l),2005-01-01,5,3,9,14,14,17,31
30803,TOLATA,desnutricion global,desnutricion leve (l),2005-01-01,0,1,1,1,1,2,3
41001,TOLEDO,desnutricion global,desnutricion leve (l),2005-01-01,7,3,1,0,8,3,11
51202,TOMAVE,desnutricion global,desnutricion leve (l),2005-01-01,12,2,9,5,21,7,28
10402,TOMINA,desnutricion global,desnutricion leve (l),2005-01-01,49,45,92,118,141,163,304
50502,TORO TORO,desnutricion global,desnutricion leve (l),2005-01-01,19,55,19,16,38,71,109
31201,TOTORA(CBBA),desnutricion global,desnutricion leve (l),2005-01-01,15,17,5,8,20,25,45
41301,TOTORA(ORR),desnutricion global,desnutricion leve (l),2005-01-01,6,1,5,8,11,9,20
70802,TRIGAL,desnutricion global,desnutricion leve (l),2005-01-01,1,3,1,2,2,5,7
80101,TRINIDAD,desnutricion global,desnutricion leve (l),2005-01-01,151,164,96,73,247,237,484
50801,TUPIZA,desnutricion global,desnutricion leve (l),2005-01-01,63,63,69,70,132,133,265
40402,TURCO,desnutricion global,desnutricion leve (l),2005-01-01,8,5,9,10,17,15,32
50201,UNCIA,desnutricion global,desnutricion leve (l),2005-01-01,29,36,43,28,72,64,136
60401,URIONDO (A. CONCEPCION),desnutricion global,desnutricion leve (l),2005-01-01,42,31,41,31,83,62,145
51201,UYUNI,desnutricion global,desnutricion leve (l),2005-01-01,11,12,19,23,30,35,65
30502,VACAS,desnutricion global,desnutricion leve (l),2005-01-01,23,29,15,19,38,48,86
70801,VALLEGRANDE,desnutricion global,desnutricion leve (l),2005-01-01,18,10,40,12,58,22,80
20801,VIACHA,desnutricion global,desnutricion leve (l),2005-01-01,120,134,48,54,168,188,356
31302,VILA VILA,desnutricion global,desnutricion leve (l),2005-01-01,3,2,2,0,5,2,7
60303,VILLA MONTES,desnutricion global,desnutricion leve (l),2005-01-01,39,32,41,41,80,73,153
90502,VILLA NUEVA (LOMA ALTA),desnutricion global,desnutricion leve (l),2005-01-01,0,1,1,0,1,1,2
31402,VILLA RIVERO,desnutricion global,desnutricion leve (l),2005-01-01,11,5,15,9,26,14,40
10801,VILLA SERRANO,desnutricion global,desnutricion leve (l),2005-01-01,28,23,59,47,87,70,157
31003,VILLA TUNARI,desnutricion global,desnutricion leve (l),2005-01-01,86,109,70,75,156,184,340
11001,VILLA VACA GUZMAN (MUYUPAMPA),desnutricion global,desnutricion leve (l),2005-01-01,30,20,35,55,65,75,140
51501,VILLAZON,desnutricion global,desnutricion leve (l),2005-01-01,74,73,60,88,134,161,295
30904,VINTO,desnutricion global,desnutricion leve (l),2005-01-01,53,0,22,0,75,0,75
50602,VITICHI,desnutricion global,desnutricion leve (l),2005-01-01,33,18,62,35,95,53,148
20306,WALDO BALLIVIAN,desnutricion global,desnutricion leve (l),2005-01-01,2,3,2,2,4,5,9
70201,WARNES,desnutricion global,desnutricion leve (l),2005-01-01,38,45,30,25,68,70,138
20903,YACO,desnutricion global,desnutricion leve (l),2005-01-01,21,15,11,8,32,23,55
60301,YACUIBA,desnutricion global,desnutricion leve (l),2005-01-01,62,73,36,36,98,109,207
10602,YAMPARAEZ,desnutricion global,desnutricion leve (l),2005-01-01,60,60,138,126,198,186,384
21103,YANACACHI,desnutricion global,desnutricion leve (l),2005-01-01,1,5,1,3,2,8,10
70403,YAPACANI,desnutricion global,desnutricion leve (l),2005-01-01,108,66,68,68,176,134,310
50103,YOCALLA,desnutricion global,desnutricion leve (l),2005-01-01,6,3,12,5,18,8,26
10102,YOTALA,desnutricion global,desnutricion leve (l),2005-01-01,40,27,58,66,98,93,191
60402,YUNCHARA,desnutricion global,desnutricion leve (l),2005-01-01,17,10,41,33,58,43,101
10301,ZUDAÑEZ,desnutricion global,desnutricion leve (l),2005-01-01,34,19,63,39,97,58,155
51302,ACACIO,desnutricion global,desnutricion leve (l),2005-02-01,29,22,41,48,70,70,140
20201,ACHACACHI,desnutricion global,desnutricion leve (l),2005-02-01,68,52,74,73,142,125,267
20104,ACHOCALLA,desnutricion global,desnutricion leve (l),2005-02-01,23,19,20,20,43,39,82
30201,AIQUILE,desnutricion global,desnutricion leve (l),2005-02-01,34,20,29,29,63,49,112
31303,ALALAY,desnutricion global,desnutricion leve (l),2005-02-01,12,10,8,8,20,18,38
10404,ALCALA,desnutricion global,desnutricion leve (l),2005-02-01,9,8,35,34,44,42,86
20202,ANCORAIMES,desnutricion global,desnutricion leve (l),2005-02-01,29,21,41,168,70,189,259
41201,ANDAMARCA,desnutricion global,desnutricion leve (l),2005-02-01,6,6,3,11,9,17,26
40603,ANTEQUERA,desnutricion global,desnutricion leve (l),2005-02-01,6,11,7,7,13,18,31
30402,ANZALDO,desnutricion global,desnutricion leve (l),2005-02-01,4,4,7,11,11,15,26
20701,APOLO,desnutricion global,desnutricion leve (l),2005-02-01,24,16,23,25,47,41,88
51301,ARAMPAMPA,desnutricion global,desnutricion leve (l),2005-02-01,14,13,27,23,41,36,77
30501,ARANI,desnutricion global,desnutricion leve (l),2005-02-01,10,7,8,7,18,14,32
30403,ARBIETO,desnutricion global,desnutricion leve (l),2005-02-01,13,5,9,7,22,12,34
30601,ARQUE,desnutricion global,desnutricion leve (l),2005-02-01,30,39,20,23,50,62,112
50802,ATOCHA,desnutricion global,desnutricion leve (l),2005-02-01,28,21,27,27,55,48,103
20503,AUCAPATA,desnutricion global,desnutricion leve (l),2005-02-01,10,4,11,6,21,10,31
20502,AYATA,desnutricion global,desnutricion leve (l),2005-02-01,17,7,20,14,37,21,58
21303,AYO AYO,desnutricion global,desnutricion leve (l),2005-02-01,8,5,8,4,16,9,25
30301,AYOPAYA (V. DE INDEPENDENCIA),desnutricion global,desnutricion leve (l),2005-02-01,49,55,57,50,106,105,211
10201,AZURDUY,desnutricion global,desnutricion leve (l),2005-02-01,26,35,49,74,75,109,184
21203,BATALLAS,desnutricion global,desnutricion leve (l),2005-02-01,12,7,6,6,18,13,31
80802,BAURES,desnutricion global,desnutricion leve (l),2005-02-01,13,0,10,0,23,0,23
41202,BELEN DE ANDAMARCA,desnutricion global,desnutricion leve (l),2005-02-01,0,2,1,3,1,5,6
50104,BELEN DE URMIRI,desnutricion global,desnutricion leve (l),2005-02-01,3,5,7,7,10,12,22
90104,BELLA FLOR,desnutricion global,desnutricion leve (l),2005-02-01,2,2,3,4,5,6,11
60202,BERMEJO,desnutricion global,desnutricion leve (l),2005-02-01,5,5,5,5,10,10,20
50301,BETANZOS,desnutricion global,desnutricion leve (l),2005-02-01,60,54,66,97,126,151,277
31501,BOLIVAR,desnutricion global,desnutricion leve (l),2005-02-01,15,13,14,14,29,27,56
90103,BOLPEBRA,desnutricion global,desnutricion leve (l),2005-02-01,2,0,2,0,4,0,4
70707,BOYUIBE,desnutricion global,desnutricion leve (l),2005-02-01,4,12,8,6,12,18,30
70401,BUENA VISTA,desnutricion global,desnutricion leve (l),2005-02-01,13,11,25,44,38,55,93
70703,CABEZAS,desnutricion global,desnutricion leve (l),2005-02-01,29,26,27,17,56,43,99
20905,CAIROMA,desnutricion global,desnutricion leve (l),2005-02-01,45,48,36,58,81,106,187
51102,"CAIZA ""D""",desnutricion global,desnutricion leve (l),2005-02-01,14,14,29,30,43,44,87
21003,CAJUATA,desnutricion global,desnutricion leve (l),2005-02-01,13,7,13,19,26,26,52
20303,CALACOTO,desnutricion global,desnutricion leve (l),2005-02-01,4,5,6,8,10,13,23
21304,CALAMARCA,desnutricion global,desnutricion leve (l),2005-02-01,84,66,76,119,160,185,345
10701,CAMARGO,desnutricion global,desnutricion leve (l),2005-02-01,39,43,42,54,81,97,178
10901,CAMATAQUI (C. VILLA ABECIA),desnutricion global,desnutricion leve (l),2005-02-01,9,4,9,15,18,19,37
70706,CAMIRI,desnutricion global,desnutricion leve (l),2005-02-01,50,38,36,38,86,76,162
30701,CAPINOTA,desnutricion global,desnutricion leve (l),2005-02-01,26,34,13,22,39,56,95
20302,CAQUIAVIRI,desnutricion global,desnutricion leve (l),2005-02-01,11,8,13,4,24,12,36
40102,CARACOLLO,desnutricion global,desnutricion leve (l),2005-02-01,9,18,16,20,25,38,63
22001,CARANAVI,desnutricion global,desnutricion leve (l),2005-02-01,91,66,68,103,159,169,328
60302,CARAPARI,desnutricion global,desnutricion leve (l),2005-02-01,11,11,11,8,22,19,41
50702,CARIPUYO,desnutricion global,desnutricion leve (l),2005-02-01,12,16,23,32,35,48,83
21902,CATACORA,desnutricion global,desnutricion leve (l),2005-02-01,1,0,0,0,1,0,1
21803,CHACARILLA,desnutricion global,desnutricion leve (l),2005-02-01,0,1,3,3,3,4,7
40201,CHALLAPATA,desnutricion global,desnutricion leve (l),2005-02-01,40,46,37,50,77,96,173
50302,CHAQUI,desnutricion global,desnutricion leve (l),2005-02-01,9,6,17,7,26,13,39
70702,CHARAGUA,desnutricion global,desnutricion leve (l),2005-02-01,55,34,44,55,99,89,188
20305,CHARAÑA,desnutricion global,desnutricion leve (l),2005-02-01,2,1,1,0,3,1,4
50202,CHAYANTA,desnutricion global,desnutricion leve (l),2005-02-01,66,32,47,93,113,125,238
31204,CHIMORE,desnutricion global,desnutricion leve (l),2005-02-01,10,10,9,15,19,25,44
40903,CHIPAYA,desnutricion global,desnutricion leve (l),2005-02-01,0,4,3,2,3,6,9
21101,CHULUMANI (V. DE LA LIBERTAD),desnutricion global,desnutricion leve (l),2005-02-01,6,11,9,11,15,22,37
20501,CHUMA,desnutricion global,desnutricion leve (l),2005-02-01,9,15,13,15,22,30,52
30801,CLIZA,desnutricion global,desnutricion leve (l),2005-02-01,31,16,12,11,43,27,70
90101,COBIJA,desnutricion global,desnutricion leve (l),2005-02-01,30,24,27,37,57,61,118
30101,COCHABAMBA,desnutricion global,desnutricion leve (l),2005-02-01,293,228,141,165,434,393,827
30905,COLCAPIRHUA,desnutricion global,desnutricion leve (l),2005-02-01,17,22,16,14,33,36,69
50901,"COLCHA ""K""",desnutricion global,desnutricion leve (l),2005-02-01,10,11,9,18,19,29,48
21307,COLLANA,desnutricion global,desnutricion leve (l),2005-02-01,1,0,4,3,5,3,8
31002,COLOMI,desnutricion global,desnutricion leve (l),2005-02-01,21,26,17,24,38,50,88
70603,COLPA BELGICA,desnutricion global,desnutricion leve (l),2005-02-01,5,3,7,2,12,5,17
50401,COLQUECHACA,desnutricion global,desnutricion leve (l),2005-02-01,85,76,87,87,172,163,335
21306,COLQUENCHA,desnutricion global,desnutricion leve (l),2005-02-01,18,17,20,20,38,37,75
21004,COLQUIRI,desnutricion global,desnutricion leve (l),2005-02-01,45,38,38,40,83,78,161
20304,COMANCHE,desnutricion global,desnutricion leve (l),2005-02-01,7,4,1,2,8,6,14
71301,COMARAPA,desnutricion global,desnutricion leve (l),2005-02-01,26,21,13,16,39,37,76
20605,COMBAYA,desnutricion global,desnutricion leve (l),2005-02-01,4,3,13,8,17,11,28
71101,CONCEPCION,desnutricion global,desnutricion leve (l),2005-02-01,18,0,12,0,30,0,30
21701,COPACABANA,desnutricion global,desnutricion leve (l),2005-02-01,37,12,11,12,48,24,72
21402,CORIPATA,desnutricion global,desnutricion leve (l),2005-02-01,8,12,1,1,9,13,22
20301,CORO CORO,desnutricion global,desnutricion leve (l),2005-02-01,20,15,29,22,49,37,86
21401,COROICO,desnutricion global,desnutricion leve (l),2005-02-01,4,11,12,9,16,20,36
40301,CORQUE,desnutricion global,desnutricion leve (l),2005-02-01,13,12,7,11,20,23,43
50601,COTAGAITA,desnutricion global,desnutricion leve (l),2005-02-01,20,14,31,21,51,35,86
70102,COTOCA,desnutricion global,desnutricion leve (l),2005-02-01,23,21,9,14,32,35,67
71106,CUATRO CAÑADAS,desnutricion global,desnutricion leve (l),2005-02-01,10,4,8,10,18,14,32
70704,CUEVO,desnutricion global,desnutricion leve (l),2005-02-01,4,7,8,9,12,16,28
10902,CULPINA,desnutricion global,desnutricion leve (l),2005-02-01,90,87,96,116,186,203,389
40401,CURAHUARA DE CARANGAS,desnutricion global,desnutricion leve (l),2005-02-01,7,5,2,4,9,9,18
21602,CURVA,desnutricion global,desnutricion leve (l),2005-02-01,6,1,7,117,13,118,131
20804,DESAGUADERO,desnutricion global,desnutricion leve (l),2005-02-01,2,1,2,3,4,4,8
20105,EL ALTO,desnutricion global,desnutricion leve (l),2005-02-01,947,765,619,554,1566,1319,2885
40103,EL CHORO,desnutricion global,desnutricion leve (l),2005-02-01,1,1,2,0,3,1,4
60502,EL PUENTE(TJA),desnutricion global,desnutricion leve (l),2005-02-01,21,9,28,33,49,42,91
70105,EL TORNO,desnutricion global,desnutricion leve (l),2005-02-01,25,33,26,23,51,56,107
10405,EL VILLAR,desnutricion global,desnutricion leve (l),2005-02-01,11,10,37,37,48,47,95
60601,ENTRE RIOS,desnutricion global,desnutricion leve (l),2005-02-01,16,18,16,16,32,34,66
60601,ENTRE RIOS,desnutricion global,desnutricion leve (l),2005-02-01,51,39,32,37,83,76,159
41101,EUCALIPTUS,desnutricion global,desnutricion leve (l),2005-02-01,4,3,7,2,11,5,16
80402,EXALTACION,desnutricion global,desnutricion leve (l),2005-02-01,7,10,11,8,18,18,36
71004,FERNANDEZ ALONSO,desnutricion global,desnutricion leve (l),2005-02-01,16,26,15,21,31,47,78
90203,FILADELFIA,desnutricion global,desnutricion leve (l),2005-02-01,1,8,1,4,2,12,14
71002,GENERAL SAAVEDRA,desnutricion global,desnutricion leve (l),2005-02-01,64,0,100,0,164,0,164
21601,GRAL. J.J. PEREZ (CHARAZANI),desnutricion global,desnutricion leve (l),2005-02-01,17,21,16,28,33,49,82
20602,GUANAY,desnutricion global,desnutricion leve (l),2005-02-01,19,13,10,12,29,25,54
20802,GUAQUI,desnutricion global,desnutricion leve (l),2005-02-01,3,2,9,2,12,4,16
70705,GUTIERREZ,desnutricion global,desnutricion leve (l),2005-02-01,46,69,109,97,155,166,321
10502,HUACARETA,desnutricion global,desnutricion leve (l),2005-02-01,28,36,49,47,77,83,160
11002,HUACAYA (VILLA DE HUACAYA),desnutricion global,desnutricion leve (l),2005-02-01,4,4,6,5,10,9,19
40501,HUACHACALLA,desnutricion global,desnutricion leve (l),2005-02-01,2,4,2,3,4,7,11
40701,HUANUNI,desnutricion global,desnutricion leve (l),2005-02-01,32,15,25,15,57,30,87
80803,HUARACAJE,desnutricion global,desnutricion leve (l),2005-02-01,6,0,7,4,13,4,17
41601,HUAYLLAMARCA,desnutricion global,desnutricion leve (l),2005-02-01,2,5,2,7,4,12,16
21005,ICHOCA,desnutricion global,desnutricion leve (l),2005-02-01,3,2,2,7,5,9,14
10304,ICLA,desnutricion global,desnutricion leve (l),2005-02-01,61,48,115,93,176,141,317
10703,INCAHUASI,desnutricion global,desnutricion leve (l),2005-02-01,91,102,127,122,218,224,442
90402,INGAVI (HUMAITA),desnutricion global,desnutricion leve (l),2005-02-01,0,0,2,0,2,0,2
21001,INQUISIVI,desnutricion global,desnutricion leve (l),2005-02-01,30,18,34,40,64,58,122
21102,IRUPANA (VILLA DE LANZA),desnutricion global,desnutricion leve (l),2005-02-01,13,10,8,21,21,31,52
21501,IXIAMAS,desnutricion global,desnutricion leve (l),2005-02-01,8,14,12,18,20,32,52
20806,JESUS DE MACHACA,desnutricion global,desnutricion leve (l),2005-02-01,16,10,12,12,28,22,50
21105,LA ASUNTA,desnutricion global,desnutricion leve (l),2005-02-01,26,21,16,24,42,45,87
70104,LA GUARDIA,desnutricion global,desnutricion leve (l),2005-02-01,38,22,22,30,60,52,112
20101,LA PAZ,desnutricion global,desnutricion leve (l),2005-02-01,615,520,395,428,1010,948,1958
41501,LA RIVERA,desnutricion global,desnutricion leve (l),2005-02-01,0,0,2,0,2,0,2
70701,LAGUNILLAS,desnutricion global,desnutricion leve (l),2005-02-01,19,15,24,34,43,49,92
21202,LAJA,desnutricion global,desnutricion leve (l),2005-02-01,25,19,23,24,48,43,91
10903,LAS CARRERAS,desnutricion global,desnutricion leve (l),2005-02-01,8,9,15,7,23,16,39
21006,LICOMA PAMPA,desnutricion global,desnutricion leve (l),2005-02-01,0,1,2,1,2,2,4
50203,LLALLAGUA,desnutricion global,desnutricion leve (l),2005-02-01,48,45,60,67,108,112,220
51401,LLICA,desnutricion global,desnutricion leve (l),2005-02-01,5,11,3,5,8,16,24
80601,LORETO,desnutricion global,desnutricion leve (l),2005-02-01,1,6,5,2,6,8,14
20901,LURIBAY,desnutricion global,desnutricion leve (l),2005-02-01,18,20,17,25,35,45,80
40702,MACHACAMARCA,desnutricion global,desnutricion leve (l),2005-02-01,1,5,3,5,4,10,14
11003,MACHARETI,desnutricion global,desnutricion leve (l),2005-02-01,23,20,41,39,64,59,123
80801,MAGDALENA,desnutricion global,desnutricion leve (l),2005-02-01,27,9,5,5,32,14,46
70903,MAIRANA,desnutricion global,desnutricion leve (l),2005-02-01,16,1,20,0,36,1,37
20904,MALLA,desnutricion global,desnutricion leve (l),2005-02-01,1,2,1,1,2,3,5
20607,MAPIRI,desnutricion global,desnutricion leve (l),2005-02-01,16,15,7,9,23,24,47
20103,MECAPACA,desnutricion global,desnutricion leve (l),2005-02-01,86,37,50,38,136,75,211
71003,MINEROS,desnutricion global,desnutricion leve (l),2005-02-01,39,4,47,4,86,8,94
31301,MIZQUE,desnutricion global,desnutricion leve (l),2005-02-01,31,32,26,38,57,70,127
20402,MOCOMOCO,desnutricion global,desnutricion leve (l),2005-02-01,28,19,24,27,52,46,98
51002,MOJINETE,desnutricion global,desnutricion leve (l),2005-02-01,2,2,3,7,5,9,14
10303,MOJOCOYA,desnutricion global,desnutricion leve (l),2005-02-01,24,24,31,33,55,57,112
10501,MONTEAGUDO,desnutricion global,desnutricion leve (l),2005-02-01,62,48,87,119,149,167,316
71001,MONTERO,desnutricion global,desnutricion leve (l),2005-02-01,207,63,169,67,376,130,506
70803,MORO MORO,desnutricion global,desnutricion leve (l),2005-02-01,8,2,5,8,13,10,23
30302,MOROCHATA,desnutricion global,desnutricion leve (l),2005-02-01,22,15,9,13,31,28,59
90401,NACEBE (SANTA ROSA DEL ABUNA),desnutricion global,desnutricion leve (l),2005-02-01,0,0,2,0,2,0,2
20307,NAZACARA DE PACAJES,desnutricion global,desnutricion leve (l),2005-02-01,0,0,3,1,3,1,4
50404,OCURI,desnutricion global,desnutricion leve (l),2005-02-01,24,25,36,22,60,47,107
70202,OKINAWA,desnutricion global,desnutricion leve (l),2005-02-01,23,15,14,10,37,25,62
30203,OMEREQUE,desnutricion global,desnutricion leve (l),2005-02-01,9,4,1,0,10,4,14
40101,ORURO,desnutricion global,desnutricion leve (l),2005-02-01,255,221,167,179,422,400,822
60201,PADCAYA,desnutricion global,desnutricion leve (l),2005-02-01,15,18,22,32,37,50,87
10401,PADILLA,desnutricion global,desnutricion leve (l),2005-02-01,28,33,77,70,105,103,208
70502,PAILON,desnutricion global,desnutricion leve (l),2005-02-01,0,44,39,0,39,44,83
20102,PALCA,desnutricion global,desnutricion leve (l),2005-02-01,75,40,49,20,124,60,184
21104,PALOS BLANCOS,desnutricion global,desnutricion leve (l),2005-02-01,46,52,59,65,105,117,222
40802,PAMPA AULLAGAS,desnutricion global,desnutricion leve (l),2005-02-01,3,5,3,2,6,7,13
70902,PAMPA GRANDE,desnutricion global,desnutricion leve (l),2005-02-01,10,5,9,7,19,12,31
21802,PAPEL PAMPA,desnutricion global,desnutricion leve (l),2005-02-01,8,5,22,7,30,12,42
30202,PASORAPA,desnutricion global,desnutricion leve (l),2005-02-01,13,11,11,14,24,25,49
21305,PATACAMAYA,desnutricion global,desnutricion leve (l),2005-02-01,45,49,31,46,76,95,171
40602,PAZÑA,desnutricion global,desnutricion leve (l),2005-02-01,8,4,6,5,14,9,23
20702,PELECHUCO,desnutricion global,desnutricion leve (l),2005-02-01,14,13,11,16,25,29,54
50403,POCOATA,desnutricion global,desnutricion leve (l),2005-02-01,47,67,88,86,135,153,288
31203,POCONA,desnutricion global,desnutricion leve (l),2005-02-01,33,35,30,18,63,53,116
31202,POJO (CBBA),desnutricion global,desnutricion leve (l),2005-02-01,14,19,14,10,28,29,57
40601,POOPO,desnutricion global,desnutricion leve (l),2005-02-01,6,0,5,1,11,1,12
51203,PORCO,desnutricion global,desnutricion leve (l),2005-02-01,8,13,5,3,13,16,29
10103,POROMA,desnutricion global,desnutricion leve (l),2005-02-01,57,40,68,57,125,97,222
70103,PORONGO,desnutricion global,desnutricion leve (l),2005-02-01,8,2,3,4,11,6,17
70601,PORTACHUELO,desnutricion global,desnutricion leve (l),2005-02-01,14,16,24,17,38,33,71
90102,PORVENIR,desnutricion global,desnutricion leve (l),2005-02-01,1,2,0,5,1,7,8
70804,POSTRER VALLE,desnutricion global,desnutricion leve (l),2005-02-01,2,1,1,3,3,4,7
50101,POTOSI,desnutricion global,desnutricion leve (l),2005-02-01,162,147,103,73,265,220,485
10302,PRESTO,desnutricion global,desnutricion leve (l),2005-02-01,32,30,38,47,70,77,147
70805,PUCARA,desnutricion global,desnutricion leve (l),2005-02-01,3,2,6,3,9,5,14
21201,PUCARANI,desnutricion global,desnutricion leve (l),2005-02-01,28,17,11,12,39,29,68
20401,PUERTO ACOSTA,desnutricion global,desnutricion leve (l),2005-02-01,35,33,30,51,65,84,149
20403,PUERTO CARABUCO,desnutricion global,desnutricion leve (l),2005-02-01,23,20,41,39,64,59,123
90301,PUERTO GONZALO MORENO,desnutricion global,desnutricion leve (l),2005-02-01,13,7,23,27,36,34,70
21204,PUERTO PEREZ,desnutricion global,desnutricion leve (l),2005-02-01,4,0,0,1,4,1,5
90201,PUERTO RICO,desnutricion global,desnutricion leve (l),2005-02-01,6,7,4,12,10,19,29
80703,PUERTO SILES,desnutricion global,desnutricion leve (l),2005-02-01,8,5,6,8,14,13,27
31205,PUERTO VILLARROEL,desnutricion global,desnutricion leve (l),2005-02-01,104,69,82,98,186,167,353
51101,PUNA,desnutricion global,desnutricion leve (l),2005-02-01,33,74,52,65,85,139,224
31401,PUNATA,desnutricion global,desnutricion leve (l),2005-02-01,20,22,5,12,25,34,59
30901,QUILLACOLLO,desnutricion global,desnutricion leve (l),2005-02-01,49,64,27,71,76,135,211
21002,QUIME,desnutricion global,desnutricion leve (l),2005-02-01,9,15,22,18,31,33,64
70904,QUIRUSILLAS,desnutricion global,desnutricion leve (l),2005-02-01,3,3,0,2,3,5,8
50402,RAVELO,desnutricion global,desnutricion leve (l),2005-02-01,83,57,85,64,168,121,289
80301,REYES,desnutricion global,desnutricion leve (l),2005-02-01,13,17,8,26,21,43,64
80201,RIBERALTA,desnutricion global,desnutricion leve (l),2005-02-01,119,165,124,174,243,339,582
70503,ROBORE,desnutricion global,desnutricion leve (l),2005-02-01,3,40,32,1,35,41,76
80304,RURRENABAQUE,desnutricion global,desnutricion leve (l),2005-02-01,18,10,7,12,25,22,47
40901,SABAYA,desnutricion global,desnutricion leve (l),2005-02-01,0,5,2,3,2,8,10
31001,SACABA,desnutricion global,desnutricion leve (l),2005-02-01,29,22,21,12,50,34,84
30404,SACABAMBA,desnutricion global,desnutricion leve (l),2005-02-01,2,6,5,4,7,10,17
50701,SACACA,desnutricion global,desnutricion leve (l),2005-02-01,111,119,238,231,349,350,699
71302,SAIPINA,desnutricion global,desnutricion leve (l),2005-02-01,7,5,9,15,16,20,36
40801,SALINAS DE GARCI MENDOZA,desnutricion global,desnutricion leve (l),2005-02-01,11,7,7,9,18,16,34
70901,SAMAIPATA,desnutricion global,desnutricion leve (l),2005-02-01,25,0,35,0,60,0,60
51601,SAN AGUSTIN,desnutricion global,desnutricion leve (l),2005-02-01,1,1,0,0,1,1,2
80602,SAN ANDRES,desnutricion global,desnutricion leve (l),2005-02-01,19,20,23,21,42,41,83
20805,SAN ANDRES DE MACHACA,desnutricion global,desnutricion leve (l),2005-02-01,1,2,2,0,3,2,5
51003,SAN ANTONIO DE ESMORUCO,desnutricion global,desnutricion leve (l),2005-02-01,0,2,0,1,0,3,3
71105,SAN ANTONIO DE LOMERIO,desnutricion global,desnutricion leve (l),2005-02-01,52,34,54,57,106,91,197
31403,SAN BENITO,desnutricion global,desnutricion leve (l),2005-02-01,7,7,8,7,15,14,29
80302,SAN BORJA,desnutricion global,desnutricion leve (l),2005-02-01,55,54,37,41,92,95,187
21502,SAN BUENA VENTURA,desnutricion global,desnutricion leve (l),2005-02-01,16,14,14,21,30,35,65
70402,SAN CARLOS,desnutricion global,desnutricion leve (l),2005-02-01,24,17,15,13,39,30,69
80501,SAN IGNACIO,desnutricion global,desnutricion leve (l),2005-02-01,38,39,31,43,69,82,151
70301,SAN IGNACIO DE VELASCO,desnutricion global,desnutricion leve (l),2005-02-01,78,101,81,97,159,198,357
80102,SAN JAVIER(BNI),desnutricion global,desnutricion leve (l),2005-02-01,1,6,6,4,7,10,17
71102,SAN JAVIER(STC),desnutricion global,desnutricion leve (l),2005-02-01,32,0,53,0,85,0,85
80701,SAN JOAQUIN,desnutricion global,desnutricion leve (l),2005-02-01,7,6,7,6,14,12,26
70501,SAN JOSE DE CHIQUITOS,desnutricion global,desnutricion leve (l),2005-02-01,14,17,6,7,20,24,44
70404,SAN JUAN DE YAPACANI,desnutricion global,desnutricion leve (l),2005-02-01,23,11,19,5,42,16,58
71104,SAN JULIAN,desnutricion global,desnutricion leve (l),2005-02-01,49,39,38,24,87,63,150
90302,SAN LORENZO(PND),desnutricion global,desnutricion leve (l),2005-02-01,8,11,12,12,20,23,43
60501,SAN LORENZO(TJA),desnutricion global,desnutricion leve (l),2005-02-01,26,27,37,36,63,63,126
10702,SAN LUCAS,desnutricion global,desnutricion leve (l),2005-02-01,170,171,189,246,359,417,776
70302,SAN MIGUEL DE VELASCO,desnutricion global,desnutricion leve (l),2005-02-01,8,18,25,29,33,47,80
51001,SAN PABLO DE LIPEZ,desnutricion global,desnutricion leve (l),2005-02-01,5,6,2,2,7,8,15
71005,SAN PEDRO,desnutricion global,desnutricion leve (l),2005-02-01,26,14,31,29,57,43,100
50501,SAN PEDRO DE BUENA VISTA,desnutricion global,desnutricion leve (l),2005-02-01,63,38,85,75,148,113,261
21801,SAN PEDRO DE CURAHUARA,desnutricion global,desnutricion leve (l),2005-02-01,5,3,16,9,21,12,33
21702,SAN PEDRO DE TIQUINA,desnutricion global,desnutricion leve (l),2005-02-01,10,7,6,3,16,10,26
90202,SAN PEDRO(PND),desnutricion global,desnutricion leve (l),2005-02-01,1,1,2,0,3,1,4
70303,SAN RAFAEL,desnutricion global,desnutricion leve (l),2005-02-01,15,15,19,23,34,38,72
80702,SAN RAMON,desnutricion global,desnutricion leve (l),2005-02-01,7,12,8,10,15,22,37
80702,SAN RAMON,desnutricion global,desnutricion leve (l),2005-02-01,2,4,3,4,5,8,13
80401,SANTA ANA,desnutricion global,desnutricion leve (l),2005-02-01,19,9,15,14,34,23,57
70101,SANTA CRUZ DE LA SIERRA,desnutricion global,desnutricion leve (l),2005-02-01,1405,1090,587,525,1992,1615,3607
80303,SANTA ROSA,desnutricion global,desnutricion leve (l),2005-02-01,11,11,3,8,14,19,33
70602,SANTA ROSA DEL SARA,desnutricion global,desnutricion leve (l),2005-02-01,25,20,19,18,44,38,82
20308,SANTIAGO DE CALLAPA,desnutricion global,desnutricion leve (l),2005-02-01,4,6,9,7,13,13,26
41401,SANTIAGO DE HUARI,desnutricion global,desnutricion leve (l),2005-02-01,21,5,8,8,29,13,42
21901,SANTIAGO DE MACHACA,desnutricion global,desnutricion leve (l),2005-02-01,5,3,5,9,10,12,22
30702,SANTIVAÑES,desnutricion global,desnutricion leve (l),2005-02-01,11,9,13,19,24,28,52
40202,SANTUARIO DE QUILLACAS,desnutricion global,desnutricion leve (l),2005-02-01,6,1,4,5,10,6,16
20902,SAPAHAQUI,desnutricion global,desnutricion leve (l),2005-02-01,29,27,26,40,55,67,122
90303,SENA,desnutricion global,desnutricion leve (l),2005-02-01,10,8,10,6,20,14,34
21301,SICA SICA (VILLA AROMA),desnutricion global,desnutricion leve (l),2005-02-01,53,49,57,54,110,103,213
30703,SICAYA,desnutricion global,desnutricion leve (l),2005-02-01,7,2,2,1,9,3,12
30902,SIPE SIPE,desnutricion global,desnutricion leve (l),2005-02-01,48,54,54,40,102,94,196
10403,SOPACHUY,desnutricion global,desnutricion leve (l),2005-02-01,10,12,25,37,35,49,84
40104,SORACACHI,desnutricion global,desnutricion leve (l),2005-02-01,3,4,5,9,8,13,21
20601,SORATA,desnutricion global,desnutricion leve (l),2005-02-01,19,20,30,16,49,36,85
10101,SUCRE,desnutricion global,desnutricion leve (l),2005-02-01,155,128,156,152,311,280,591
31404,TACACHI,desnutricion global,desnutricion leve (l),2005-02-01,3,4,2,7,5,11,16
20603,TACACOMA,desnutricion global,desnutricion leve (l),2005-02-01,8,5,10,7,18,12,30
50303,TACOBAMBA,desnutricion global,desnutricion leve (l),2005-02-01,20,5,23,7,43,12,55
30602,TACOPAYA,desnutricion global,desnutricion leve (l),2005-02-01,24,29,41,47,65,76,141
51402,TAHUA,desnutricion global,desnutricion leve (l),2005-02-01,0,0,1,1,1,1,2
31101,TAPACARI,desnutricion global,desnutricion leve (l),2005-02-01,47,38,46,36,93,74,167
10601,TARABUCO,desnutricion global,desnutricion leve (l),2005-02-01,106,107,213,193,319,300,619
20807,TARACO,desnutricion global,desnutricion leve (l),2005-02-01,6,4,9,7,15,11,26
30401,TARATA,desnutricion global,desnutricion leve (l),2005-02-01,12,13,5,9,17,22,39
60101,TARIJA,desnutricion global,desnutricion leve (l),2005-02-01,104,117,78,85,182,202,384
10202,TARVITA,desnutricion global,desnutricion leve (l),2005-02-01,31,32,70,59,101,91,192
20608,TEOPONTE,desnutricion global,desnutricion leve (l),2005-02-01,9,12,9,17,18,29,47
20803,TIAWANACU,desnutricion global,desnutricion leve (l),2005-02-01,7,3,1,0,8,3,11
50102,TINGUIPAYA,desnutricion global,desnutricion leve (l),2005-02-01,30,39,24,35,54,74,128
20606,TIPUANI,desnutricion global,desnutricion leve (l),2005-02-01,7,2,5,0,12,2,14
30903,TIQUIPAYA,desnutricion global,desnutricion leve (l),2005-02-01,43,44,22,19,65,63,128
31601,TIRAQUE (CBBA),desnutricion global,desnutricion leve (l),2005-02-01,57,61,29,31,86,92,178
21703,TITO YUPANQUI (PARQUIPUJIO),desnutricion global,desnutricion leve (l),2005-02-01,2,3,1,5,3,8,11
30802,TOCO,desnutricion global,desnutricion leve (l),2005-02-01,4,4,4,5,8,9,17
30803,TOLATA,desnutricion global,desnutricion leve (l),2005-02-01,2,3,0,0,2,3,5
41001,TOLEDO,desnutricion global,desnutricion leve (l),2005-02-01,4,1,4,3,8,4,12
51202,TOMAVE,desnutricion global,desnutricion leve (l),2005-02-01,22,11,24,10,46,21,67
10402,TOMINA,desnutricion global,desnutricion leve (l),2005-02-01,54,58,103,119,157,177,334
50502,TORO TORO,desnutricion global,desnutricion leve (l),2005-02-01,37,41,43,42,80,83,163
31201,TOTORA(CBBA),desnutricion global,desnutricion leve (l),2005-02-01,22,17,18,22,40,39,79
41301,TOTORA(ORR),desnutricion global,desnutricion leve (l),2005-02-01,6,5,2,5,8,10,18
70802,TRIGAL,desnutricion global,desnutricion leve (l),2005-02-01,0,0,0,3,0,3,3
80101,TRINIDAD,desnutricion global,desnutricion leve (l),2005-02-01,98,102,74,71,172,173,345
50801,TUPIZA,desnutricion global,desnutricion leve (l),2005-02-01,64,79,77,98,141,177,318
40402,TURCO,desnutricion global,desnutricion leve (l),2005-02-01,2,0,4,4,6,4,10
21302,UMALA,desnutricion global,desnutricion leve (l),2005-02-01,20,20,13,14,33,34,67
50201,UNCIA,desnutricion global,desnutricion leve (l),2005-02-01,21,20,27,22,48,42,90
60401,URIONDO (A. CONCEPCION),desnutricion global,desnutricion leve (l),2005-02-01,28,9,56,24,84,33,117
51201,UYUNI,desnutricion global,desnutricion leve (l),2005-02-01,22,20,24,32,46,52,98
30502,VACAS,desnutricion global,desnutricion leve (l),2005-02-01,17,23,21,14,38,37,75
70801,VALLEGRANDE,desnutricion global,desnutricion leve (l),2005-02-01,16,14,27,15,43,29,72
20801,VIACHA,desnutricion global,desnutricion leve (l),2005-02-01,123,112,47,50,170,162,332
31302,VILA VILA,desnutricion global,desnutricion leve (l),2005-02-01,3,2,2,1,5,3,8
60303,VILLA MONTES,desnutricion global,desnutricion leve (l),2005-02-01,23,20,30,22,53,42,95
90502,VILLA NUEVA (LOMA ALTA),desnutricion global,desnutricion leve (l),2005-02-01,0,1,1,1,1,2,3
31402,VILLA RIVERO,desnutricion global,desnutricion leve (l),2005-02-01,10,4,7,9,17,13,30
10801,VILLA SERRANO,desnutricion global,desnutricion leve (l),2005-02-01,57,48,103,96,160,144,304
31003,VILLA TUNARI,desnutricion global,desnutricion leve (l),2005-02-01,85,87,91,89,176,176,352
11001,VILLA VACA GUZMAN (MUYUPAMPA),desnutricion global,desnutricion leve (l),2005-02-01,29,30,57,54,86,84,170
51501,VILLAZON,desnutricion global,desnutricion leve (l),2005-02-01,60,47,55,49,115,96,211
30904,VINTO,desnutricion global,desnutricion leve (l),2005-02-01,33,0,6,0,39,0,39
50602,VITICHI,desnutricion global,desnutricion leve (l),2005-02-01,28,8,53,25,81,33,114
20306,WALDO BALLIVIAN,desnutricion global,desnutricion leve (l),2005-02-01,0,0,0,1,0,1,1
70201,WARNES,desnutricion global,desnutricion leve (l),2005-02-01,53,53,45,33,98,86,184
20903,YACO,desnutricion global,desnutricion leve (l),2005-02-01,15,26,11,12,26,38,64
60301,YACUIBA,desnutricion global,desnutricion leve (l),2005-02-01,39,49,32,42,71,91,162
10602,YAMPARAEZ,desnutricion global,desnutricion leve (l),2005-02-01,48,53,125,92,173,145,318
21103,YANACACHI,desnutricion global,desnutricion leve (l),2005-02-01,6,2,6,13,12,15,27
70403,YAPACANI,desnutricion global,desnutricion leve (l),2005-02-01,77,59,61,57,138,116,254
50103,YOCALLA,desnutricion global,desnutricion leve (l),2005-02-01,11,10,20,31,31,41,72
10102,YOTALA,desnutricion global,desnutricion leve (l),2005-02-01,34,18,57,63,91,81,172
60402,YUNCHARA,desnutricion global,desnutricion leve (l),2005-02-01,16,13,36,30,52,43,95
10301,ZUDAÑEZ,desnutricion global,desnutricion leve (l),2005-02-01,25,22,42,41,67,63,130
51302,ACACIO,desnutricion global,desnutricion leve (l),2005-03-01,27,24,45,40,72,64,136
20201,ACHACACHI,desnutricion global,desnutricion leve (l),2005-03-01,43,45,40,51,83,96,179
20104,ACHOCALLA,desnutricion global,desnutricion leve (l),2005-03-01,22,24,9,10,31,34,65
30201,AIQUILE,desnutricion global,desnutricion leve (l),2005-03-01,45,43,42,57,87,100,187
31303,ALALAY,desnutricion global,desnutricion leve (l),2005-03-01,5,8,8,13,13,21,34
10404,ALCALA,desnutricion global,desnutricion leve (l),2005-03-01,12,12,32,38,44,50,94
20202,ANCORAIMES,desnutricion global,desnutricion leve (l),2005-03-01,46,43,30,753,76,796,872
41201,ANDAMARCA,desnutricion global,desnutricion leve (l),2005-03-01,10,2,14,14,24,16,40
40603,ANTEQUERA,desnutricion global,desnutricion leve (l),2005-03-01,7,6,7,11,14,17,31
30402,ANZALDO,desnutricion global,desnutricion leve (l),2005-03-01,8,11,9,13,17,24,41
20701,APOLO,desnutricion global,desnutricion leve (l),2005-03-01,19,25,11,21,30,46,76
51301,ARAMPAMPA,desnutricion global,desnutricion leve (l),2005-03-01,20,11,31,38,51,49,100
30501,ARANI,desnutricion global,desnutricion leve (l),2005-03-01,36,33,31,30,67,63,130
30403,ARBIETO,desnutricion global,desnutricion leve (l),2005-03-01,9,11,12,15,21,26,47
30601,ARQUE,desnutricion global,desnutricion leve (l),2005-03-01,24,27,24,26,48,53,101
50802,ATOCHA,desnutricion global,desnutricion leve (l),2005-03-01,48,35,59,39,107,74,181
20503,AUCAPATA,desnutricion global,desnutricion leve (l),2005-03-01,5,5,12,10,17,15,32
20502,AYATA,desnutricion global,desnutricion leve (l),2005-03-01,36,24,29,29,65,53,118
21303,AYO AYO,desnutricion global,desnutricion leve (l),2005-03-01,12,8,10,9,22,17,39
30301,AYOPAYA (V. DE INDEPENDENCIA),desnutricion global,desnutricion leve (l),2005-03-01,56,50,62,66,118,116,234
10201,AZURDUY,desnutricion global,desnutricion leve (l),2005-03-01,54,62,125,123,179,185,364
21203,BATALLAS,desnutricion global,desnutricion leve (l),2005-03-01,9,9,8,7,17,16,33
80802,BAURES,desnutricion global,desnutricion leve (l),2005-03-01,20,0,23,0,43,0,43
41202,BELEN DE ANDAMARCA,desnutricion global,desnutricion leve (l),2005-03-01,2,0,2,3,4,3,7
50104,BELEN DE URMIRI,desnutricion global,desnutricion leve (l),2005-03-01,3,4,11,6,14,10,24
90104,BELLA FLOR,desnutricion global,desnutricion leve (l),2005-03-01,3,3,6,4,9,7,16
60202,BERMEJO,desnutricion global,desnutricion leve (l),2005-03-01,20,12,20,15,40,27,67
50301,BETANZOS,desnutricion global,desnutricion leve (l),2005-03-01,87,100,117,127,204,227,431
31501,BOLIVAR,desnutricion global,desnutricion leve (l),2005-03-01,14,13,17,18,31,31,62
90103,BOLPEBRA,desnutricion global,desnutricion leve (l),2005-03-01,8,7,4,5,12,12,24
70707,BOYUIBE,desnutricion global,desnutricion leve (l),2005-03-01,19,10,18,18,37,28,65
70401,BUENA VISTA,desnutricion global,desnutricion leve (l),2005-03-01,23,14,19,20,42,34,76
70703,CABEZAS,desnutricion global,desnutricion leve (l),2005-03-01,18,28,11,21,29,49,78
20905,CAIROMA,desnutricion global,desnutricion leve (l),2005-03-01,47,46,59,75,106,121,227
51102,"CAIZA ""D""",desnutricion global,desnutricion leve (l),2005-03-01,19,22,41,53,60,75,135
21003,CAJUATA,desnutricion global,desnutricion leve (l),2005-03-01,12,12,23,23,35,35,70
20303,CALACOTO,desnutricion global,desnutricion leve (l),2005-03-01,14,14,17,16,31,30,61
21304,CALAMARCA,desnutricion global,desnutricion leve (l),2005-03-01,80,69,65,98,145,167,312
10701,CAMARGO,desnutricion global,desnutricion leve (l),2005-03-01,51,69,61,92,112,161,273
10901,CAMATAQUI (C. VILLA ABECIA),desnutricion global,desnutricion leve (l),2005-03-01,16,6,17,17,33,23,56
70706,CAMIRI,desnutricion global,desnutricion leve (l),2005-03-01,38,38,27,33,65,71,136
30701,CAPINOTA,desnutricion global,desnutricion leve (l),2005-03-01,32,35,28,32,60,67,127
20302,CAQUIAVIRI,desnutricion global,desnutricion leve (l),2005-03-01,18,16,27,17,45,33,78
40102,CARACOLLO,desnutricion global,desnutricion leve (l),2005-03-01,21,14,27,26,48,40,88
22001,CARANAVI,desnutricion global,desnutricion leve (l),2005-03-01,87,91,79,97,166,188,354
60302,CARAPARI,desnutricion global,desnutricion leve (l),2005-03-01,5,8,15,7,20,15,35
50702,CARIPUYO,desnutricion global,desnutricion leve (l),2005-03-01,89,67,133,133,222,200,422
21902,CATACORA,desnutricion global,desnutricion leve (l),2005-03-01,5,2,0,1,5,3,8
21803,CHACARILLA,desnutricion global,desnutricion leve (l),2005-03-01,1,4,6,7,7,11,18
40201,CHALLAPATA,desnutricion global,desnutricion leve (l),2005-03-01,48,55,62,48,110,103,213
50302,CHAQUI,desnutricion global,desnutricion leve (l),2005-03-01,21,19,40,32,61,51,112
70702,CHARAGUA,desnutricion global,desnutricion leve (l),2005-03-01,86,53,57,77,143,130,273
20305,CHARAÑA,desnutricion global,desnutricion leve (l),2005-03-01,5,6,3,7,8,13,21
50202,CHAYANTA,desnutricion global,desnutricion leve (l),2005-03-01,53,20,32,80,85,100,185
31204,CHIMORE,desnutricion global,desnutricion leve (l),2005-03-01,19,13,22,36,41,49,90
40903,CHIPAYA,desnutricion global,desnutricion leve (l),2005-03-01,0,4,2,3,2,7,9
40302,CHOQUE COTA,desnutricion global,desnutricion leve (l),2005-03-01,2,4,4,5,6,9,15
21101,CHULUMANI (V. DE LA LIBERTAD),desnutricion global,desnutricion leve (l),2005-03-01,10,12,4,7,14,19,33
20501,CHUMA,desnutricion global,desnutricion leve (l),2005-03-01,24,29,17,23,41,52,93
30801,CLIZA,desnutricion global,desnutricion leve (l),2005-03-01,33,35,22,18,55,53,108
90101,COBIJA,desnutricion global,desnutricion leve (l),2005-03-01,40,22,37,41,77,63,140
30101,COCHABAMBA,desnutricion global,desnutricion leve (l),2005-03-01,419,368,258,286,677,654,1331
40902,COIPASA,desnutricion global,desnutricion leve (l),2005-03-01,3,2,2,4,5,6,11
30905,COLCAPIRHUA,desnutricion global,desnutricion leve (l),2005-03-01,40,35,27,31,67,66,133
50901,"COLCHA ""K""",desnutricion global,desnutricion leve (l),2005-03-01,21,23,20,24,41,47,88
21307,COLLANA,desnutricion global,desnutricion leve (l),2005-03-01,2,0,2,0,4,0,4
31002,COLOMI,desnutricion global,desnutricion leve (l),2005-03-01,18,26,14,14,32,40,72
70603,COLPA BELGICA,desnutricion global,desnutricion leve (l),2005-03-01,11,10,8,6,19,16,35
50401,COLQUECHACA,desnutricion global,desnutricion leve (l),2005-03-01,117,123,94,97,211,220,431
21306,COLQUENCHA,desnutricion global,desnutricion leve (l),2005-03-01,19,13,7,13,26,26,52
21004,COLQUIRI,desnutricion global,desnutricion leve (l),2005-03-01,38,33,48,43,86,76,162
20304,COMANCHE,desnutricion global,desnutricion leve (l),2005-03-01,5,2,8,13,13,15,28
71301,COMARAPA,desnutricion global,desnutricion leve (l),2005-03-01,40,33,22,31,62,64,126
20605,COMBAYA,desnutricion global,desnutricion leve (l),2005-03-01,3,4,3,4,6,8,14
71101,CONCEPCION,desnutricion global,desnutricion leve (l),2005-03-01,13,0,10,0,23,0,23
21701,COPACABANA,desnutricion global,desnutricion leve (l),2005-03-01,12,12,4,13,16,25,41
21402,CORIPATA,desnutricion global,desnutricion leve (l),2005-03-01,7,14,4,3,11,17,28
20301,CORO CORO,desnutricion global,desnutricion leve (l),2005-03-01,38,23,38,36,76,59,135
21401,COROICO,desnutricion global,desnutricion leve (l),2005-03-01,11,18,12,14,23,32,55
40301,CORQUE,desnutricion global,desnutricion leve (l),2005-03-01,13,18,19,15,32,33,65
50601,COTAGAITA,desnutricion global,desnutricion leve (l),2005-03-01,66,52,88,86,154,138,292
70102,COTOCA,desnutricion global,desnutricion leve (l),2005-03-01,47,40,30,35,77,75,152
71106,CUATRO CAÑADAS,desnutricion global,desnutricion leve (l),2005-03-01,16,3,26,19,42,22,64
31405,CUCHUMUELA (V. G. VILLARROEL),desnutricion global,desnutricion leve (l),2005-03-01,2,3,4,3,6,6,12
70704,CUEVO,desnutricion global,desnutricion leve (l),2005-03-01,2,9,10,14,12,23,35
10902,CULPINA,desnutricion global,desnutricion leve (l),2005-03-01,95,107,138,172,233,279,512
40401,CURAHUARA DE CARANGAS,desnutricion global,desnutricion leve (l),2005-03-01,7,1,4,1,11,2,13
21602,CURVA,desnutricion global,desnutricion leve (l),2005-03-01,14,6,10,9,24,15,39
20804,DESAGUADERO,desnutricion global,desnutricion leve (l),2005-03-01,8,5,4,2,12,7,19
20105,EL ALTO,desnutricion global,desnutricion leve (l),2005-03-01,1268,987,857,760,2125,1747,3872
40103,EL CHORO,desnutricion global,desnutricion leve (l),2005-03-01,0,0,1,0,1,0,1
60502,EL PUENTE(TJA),desnutricion global,desnutricion leve (l),2005-03-01,13,17,32,44,45,61,106
70105,EL TORNO,desnutricion global,desnutricion leve (l),2005-03-01,40,35,45,39,85,74,159
10405,EL VILLAR,desnutricion global,desnutricion leve (l),2005-03-01,15,12,46,42,61,54,115
60601,ENTRE RIOS,desnutricion global,desnutricion leve (l),2005-03-01,25,26,37,48,62,74,136
60601,ENTRE RIOS,desnutricion global,desnutricion leve (l),2005-03-01,64,60,47,43,111,103,214
41101,EUCALIPTUS,desnutricion global,desnutricion leve (l),2005-03-01,6,6,4,5,10,11,21
90503,EUREKA (SANTOS MERCADO),desnutricion global,desnutricion leve (l),2005-03-01,1,1,0,0,1,1,2
80402,EXALTACION,desnutricion global,desnutricion leve (l),2005-03-01,9,10,6,10,15,20,35
71004,FERNANDEZ ALONSO,desnutricion global,desnutricion leve (l),2005-03-01,32,25,21,31,53,56,109
90203,FILADELFIA,desnutricion global,desnutricion leve (l),2005-03-01,10,18,16,19,26,37,63
71002,GENERAL SAAVEDRA,desnutricion global,desnutricion leve (l),2005-03-01,87,0,114,0,201,0,201
21601,GRAL. J.J. PEREZ (CHARAZANI),desnutricion global,desnutricion leve (l),2005-03-01,34,29,34,45,68,74,142
20602,GUANAY,desnutricion global,desnutricion leve (l),2005-03-01,14,15,10,9,24,24,48
20802,GUAQUI,desnutricion global,desnutricion leve (l),2005-03-01,10,3,3,5,13,8,21
70705,GUTIERREZ,desnutricion global,desnutricion leve (l),2005-03-01,70,67,87,106,157,173,330
10502,HUACARETA,desnutricion global,desnutricion leve (l),2005-03-01,24,34,42,57,66,91,157
11002,HUACAYA (VILLA DE HUACAYA),desnutricion global,desnutricion leve (l),2005-03-01,6,10,13,12,19,22,41
40501,HUACHACALLA,desnutricion global,desnutricion leve (l),2005-03-01,0,0,1,3,1,3,4
40701,HUANUNI,desnutricion global,desnutricion leve (l),2005-03-01,45,34,19,30,64,64,128
80803,HUARACAJE,desnutricion global,desnutricion leve (l),2005-03-01,10,1,10,0,20,1,21
41601,HUAYLLAMARCA,desnutricion global,desnutricion leve (l),2005-03-01,3,9,5,4,8,13,21
21005,ICHOCA,desnutricion global,desnutricion leve (l),2005-03-01,8,8,13,16,21,24,45
10304,ICLA,desnutricion global,desnutricion leve (l),2005-03-01,66,49,128,103,194,152,346
10703,INCAHUASI,desnutricion global,desnutricion leve (l),2005-03-01,149,140,157,182,306,322,628
90402,INGAVI (HUMAITA),desnutricion global,desnutricion leve (l),2005-03-01,0,0,1,1,1,1,2
21001,INQUISIVI,desnutricion global,desnutricion leve (l),2005-03-01,39,32,31,28,70,60,130
21102,IRUPANA (VILLA DE LANZA),desnutricion global,desnutricion leve (l),2005-03-01,23,23,22,66,45,89,134
21501,IXIAMAS,desnutricion global,desnutricion leve (l),2005-03-01,10,8,25,19,35,27,62
20806,JESUS DE MACHACA,desnutricion global,desnutricion leve (l),2005-03-01,13,13,9,11,22,24,46
21105,LA ASUNTA,desnutricion global,desnutricion leve (l),2005-03-01,23,36,14,20,37,56,93
70104,LA GUARDIA,desnutricion global,desnutricion leve (l),2005-03-01,41,40,20,37,61,77,138
20101,LA PAZ,desnutricion global,desnutricion leve (l),2005-03-01,956,862,517,603,1473,1465,2938
70701,LAGUNILLAS,desnutricion global,desnutricion leve (l),2005-03-01,40,26,31,43,71,69,140
21202,LAJA,desnutricion global,desnutricion leve (l),2005-03-01,13,16,13,14,26,30,56
10903,LAS CARRERAS,desnutricion global,desnutricion leve (l),2005-03-01,9,12,20,27,29,39,68
21006,LICOMA PAMPA,desnutricion global,desnutricion leve (l),2005-03-01,3,5,7,6,10,11,21
50203,LLALLAGUA,desnutricion global,desnutricion leve (l),2005-03-01,83,56,69,64,152,120,272
51401,LLICA,desnutricion global,desnutricion leve (l),2005-03-01,7,11,3,6,10,17,27
80601,LORETO,desnutricion global,desnutricion leve (l),2005-03-01,2,9,4,3,6,12,18
20901,LURIBAY,desnutricion global,desnutricion leve (l),2005-03-01,34,32,26,47,60,79,139
40702,MACHACAMARCA,desnutricion global,desnutricion leve (l),2005-03-01,7,6,2,3,9,9,18
11003,MACHARETI,desnutricion global,desnutricion leve (l),2005-03-01,11,22,44,41,55,63,118
80801,MAGDALENA,desnutricion global,desnutricion leve (l),2005-03-01,26,9,13,6,39,15,54
70903,MAIRANA,desnutricion global,desnutricion leve (l),2005-03-01,12,0,23,0,35,0,35
20904,MALLA,desnutricion global,desnutricion leve (l),2005-03-01,4,1,10,6,14,7,21
20607,MAPIRI,desnutricion global,desnutricion leve (l),2005-03-01,21,15,9,8,30,23,53
20103,MECAPACA,desnutricion global,desnutricion leve (l),2005-03-01,23,36,25,34,48,70,118
71003,MINEROS,desnutricion global,desnutricion leve (l),2005-03-01,93,0,110,0,203,0,203
31301,MIZQUE,desnutricion global,desnutricion leve (l),2005-03-01,77,66,38,53,115,119,234
20402,MOCOMOCO,desnutricion global,desnutricion leve (l),2005-03-01,38,24,49,62,87,86,173
51002,MOJINETE,desnutricion global,desnutricion leve (l),2005-03-01,3,2,2,4,5,6,11
10303,MOJOCOYA,desnutricion global,desnutricion leve (l),2005-03-01,25,18,41,47,66,65,131
10501,MONTEAGUDO,desnutricion global,desnutricion leve (l),2005-03-01,80,61,101,134,181,195,376
71001,MONTERO,desnutricion global,desnutricion leve (l),2005-03-01,265,67,308,79,573,146,719
70803,MORO MORO,desnutricion global,desnutricion leve (l),2005-03-01,6,6,13,15,19,21,40
30302,MOROCHATA,desnutricion global,desnutricion leve (l),2005-03-01,63,68,44,23,107,91,198
90401,NACEBE (SANTA ROSA DEL ABUNA),desnutricion global,desnutricion leve (l),2005-03-01,0,4,2,1,2,5,7
20307,NAZACARA DE PACAJES,desnutricion global,desnutricion leve (l),2005-03-01,0,0,1,1,1,1,2
90501,NUEVO MANOA (NUEVA ESPERANZA),desnutricion global,desnutricion leve (l),2005-03-01,0,1,0,1,0,2,2
50404,OCURI,desnutricion global,desnutricion leve (l),2005-03-01,101,48,98,53,199,101,300
70202,OKINAWA,desnutricion global,desnutricion leve (l),2005-03-01,24,9,6,12,30,21,51
30203,OMEREQUE,desnutricion global,desnutricion leve (l),2005-03-01,18,18,24,24,42,42,84
40101,ORURO,desnutricion global,desnutricion leve (l),2005-03-01,390,308,238,285,628,593,1221
60201,PADCAYA,desnutricion global,desnutricion leve (l),2005-03-01,20,13,22,39,42,52,94
10401,PADILLA,desnutricion global,desnutricion leve (l),2005-03-01,38,56,108,109,146,165,311
70502,PAILON,desnutricion global,desnutricion leve (l),2005-03-01,0,44,28,1,28,45,73
20102,PALCA,desnutricion global,desnutricion leve (l),2005-03-01,140,58,16,19,156,77,233
21104,PALOS BLANCOS,desnutricion global,desnutricion leve (l),2005-03-01,72,83,87,99,159,182,341
40802,PAMPA AULLAGAS,desnutricion global,desnutricion leve (l),2005-03-01,3,1,2,1,5,2,7
70902,PAMPA GRANDE,desnutricion global,desnutricion leve (l),2005-03-01,14,14,21,18,35,32,67
21802,PAPEL PAMPA,desnutricion global,desnutricion leve (l),2005-03-01,2,4,2,6,4,10,14
30202,PASORAPA,desnutricion global,desnutricion leve (l),2005-03-01,14,7,16,15,30,22,52
21305,PATACAMAYA,desnutricion global,desnutricion leve (l),2005-03-01,38,28,21,31,59,59,118
40602,PAZÑA,desnutricion global,desnutricion leve (l),2005-03-01,7,7,9,9,16,16,32
20702,PELECHUCO,desnutricion global,desnutricion leve (l),2005-03-01,27,29,35,19,62,48,110
50403,POCOATA,desnutricion global,desnutricion leve (l),2005-03-01,75,92,131,112,206,204,410
31203,POCONA,desnutricion global,desnutricion leve (l),2005-03-01,22,16,23,28,45,44,89
31202,POJO (CBBA),desnutricion global,desnutricion leve (l),2005-03-01,44,23,38,37,82,60,142
40601,POOPO,desnutricion global,desnutricion leve (l),2005-03-01,4,3,2,1,6,4,10
51203,PORCO,desnutricion global,desnutricion leve (l),2005-03-01,21,28,13,13,34,41,75
10103,POROMA,desnutricion global,desnutricion leve (l),2005-03-01,71,46,81,101,152,147,299
70103,PORONGO,desnutricion global,desnutricion leve (l),2005-03-01,11,6,4,3,15,9,24
70601,PORTACHUELO,desnutricion global,desnutricion leve (l),2005-03-01,26,21,36,26,62,47,109
90102,PORVENIR,desnutricion global,desnutricion leve (l),2005-03-01,6,3,1,2,7,5,12
70804,POSTRER VALLE,desnutricion global,desnutricion leve (l),2005-03-01,5,7,4,5,9,12,21
50101,POTOSI,desnutricion global,desnutricion leve (l),2005-03-01,274,163,145,136,419,299,718
10302,PRESTO,desnutricion global,desnutricion leve (l),2005-03-01,34,44,62,62,96,106,202
70805,PUCARA,desnutricion global,desnutricion leve (l),2005-03-01,1,0,2,3,3,3,6
21201,PUCARANI,desnutricion global,desnutricion leve (l),2005-03-01,36,17,24,26,60,43,103
20401,PUERTO ACOSTA,desnutricion global,desnutricion leve (l),2005-03-01,61,58,49,60,110,118,228
20403,PUERTO CARABUCO,desnutricion global,desnutricion leve (l),2005-03-01,31,30,57,64,88,94,182
90301,PUERTO GONZALO MORENO,desnutricion global,desnutricion leve (l),2005-03-01,5,10,11,12,16,22,38
21204,PUERTO PEREZ,desnutricion global,desnutricion leve (l),2005-03-01,2,2,9,2,11,4,15
90201,PUERTO RICO,desnutricion global,desnutricion leve (l),2005-03-01,9,7,3,7,12,14,26
80703,PUERTO SILES,desnutricion global,desnutricion leve (l),2005-03-01,0,0,0,2,0,2,2
31205,PUERTO VILLARROEL,desnutricion global,desnutricion leve (l),2005-03-01,145,111,113,145,258,256,514
51101,PUNA,desnutricion global,desnutricion leve (l),2005-03-01,72,91,133,115,205,206,411
31401,PUNATA,desnutricion global,desnutricion leve (l),2005-03-01,49,27,14,25,63,52,115
20604,QUIABAYA,desnutricion global,desnutricion leve (l),2005-03-01,12,10,6,15,18,25,43
30901,QUILLACOLLO,desnutricion global,desnutricion leve (l),2005-03-01,50,68,54,52,104,120,224
21002,QUIME,desnutricion global,desnutricion leve (l),2005-03-01,18,12,17,14,35,26,61
70904,QUIRUSILLAS,desnutricion global,desnutricion leve (l),2005-03-01,2,0,2,1,4,1,5
50402,RAVELO,desnutricion global,desnutricion leve (l),2005-03-01,150,70,188,114,338,184,522
80301,REYES,desnutricion global,desnutricion leve (l),2005-03-01,23,12,33,39,56,51,107
80201,RIBERALTA,desnutricion global,desnutricion leve (l),2005-03-01,227,322,182,193,409,515,924
70503,ROBORE,desnutricion global,desnutricion leve (l),2005-03-01,6,25,22,17,28,42,70
80304,RURRENABAQUE,desnutricion global,desnutricion leve (l),2005-03-01,15,12,19,12,34,24,58
40901,SABAYA,desnutricion global,desnutricion leve (l),2005-03-01,8,5,9,9,17,14,31
31001,SACABA,desnutricion global,desnutricion leve (l),2005-03-01,65,50,65,71,130,121,251
30404,SACABAMBA,desnutricion global,desnutricion leve (l),2005-03-01,7,9,6,10,13,19,32
50701,SACACA,desnutricion global,desnutricion leve (l),2005-03-01,159,133,341,309,500,442,942
71302,SAIPINA,desnutricion global,desnutricion leve (l),2005-03-01,12,12,8,8,20,20,40
40801,SALINAS DE GARCI MENDOZA,desnutricion global,desnutricion leve (l),2005-03-01,15,14,17,15,32,29,61
70901,SAMAIPATA,desnutricion global,desnutricion leve (l),2005-03-01,26,0,29,0,55,0,55
51601,SAN AGUSTIN,desnutricion global,desnutricion leve (l),2005-03-01,2,5,3,9,5,14,19
80602,SAN ANDRES,desnutricion global,desnutricion leve (l),2005-03-01,23,28,23,31,46,59,105
20805,SAN ANDRES DE MACHACA,desnutricion global,desnutricion leve (l),2005-03-01,4,1,2,3,6,4,10
51003,SAN ANTONIO DE ESMORUCO,desnutricion global,desnutricion leve (l),2005-03-01,7,4,6,5,13,9,22
71105,SAN ANTONIO DE LOMERIO,desnutricion global,desnutricion leve (l),2005-03-01,44,26,50,56,94,82,176
31403,SAN BENITO,desnutricion global,desnutricion leve (l),2005-03-01,7,4,15,16,22,20,42
80302,SAN BORJA,desnutricion global,desnutricion leve (l),2005-03-01,93,92,45,46,138,138,276
21502,SAN BUENA VENTURA,desnutricion global,desnutricion leve (l),2005-03-01,12,14,16,24,28,38,66
70402,SAN CARLOS,desnutricion global,desnutricion leve (l),2005-03-01,28,32,18,31,46,63,109
80501,SAN IGNACIO,desnutricion global,desnutricion leve (l),2005-03-01,59,65,66,61,125,126,251
70301,SAN IGNACIO DE VELASCO,desnutricion global,desnutricion leve (l),2005-03-01,195,189,229,218,424,407,831
80102,SAN JAVIER(BNI),desnutricion global,desnutricion leve (l),2005-03-01,7,15,15,5,22,20,42
71102,SAN JAVIER(STC),desnutricion global,desnutricion leve (l),2005-03-01,27,0,48,0,75,0,75
80701,SAN JOAQUIN,desnutricion global,desnutricion leve (l),2005-03-01,5,0,1,5,6,5,11
70501,SAN JOSE DE CHIQUITOS,desnutricion global,desnutricion leve (l),2005-03-01,24,27,14,4,38,31,69
70404,SAN JUAN DE YAPACANI,desnutricion global,desnutricion leve (l),2005-03-01,22,16,18,19,40,35,75
71104,SAN JULIAN,desnutricion global,desnutricion leve (l),2005-03-01,39,34,78,43,117,77,194
90302,SAN LORENZO(PND),desnutricion global,desnutricion leve (l),2005-03-01,5,5,8,11,13,16,29
60501,SAN LORENZO(TJA),desnutricion global,desnutricion leve (l),2005-03-01,46,27,49,60,95,87,182
10702,SAN LUCAS,desnutricion global,desnutricion leve (l),2005-03-01,199,205,225,278,424,483,907
70302,SAN MIGUEL DE VELASCO,desnutricion global,desnutricion leve (l),2005-03-01,27,33,45,39,72,72,144
51001,SAN PABLO DE LIPEZ,desnutricion global,desnutricion leve (l),2005-03-01,7,5,13,12,20,17,37
71005,SAN PEDRO,desnutricion global,desnutricion leve (l),2005-03-01,27,25,18,26,45,51,96
50501,SAN PEDRO DE BUENA VISTA,desnutricion global,desnutricion leve (l),2005-03-01,105,104,179,141,284,245,529
21801,SAN PEDRO DE CURAHUARA,desnutricion global,desnutricion leve (l),2005-03-01,8,7,8,10,16,17,33
50902,SAN PEDRO DE QUEMES,desnutricion global,desnutricion leve (l),2005-03-01,0,1,0,5,0,6,6
21702,SAN PEDRO DE TIQUINA,desnutricion global,desnutricion leve (l),2005-03-01,10,7,3,11,13,18,31
70303,SAN RAFAEL,desnutricion global,desnutricion leve (l),2005-03-01,18,14,13,15,31,29,60
80702,SAN RAMON,desnutricion global,desnutricion leve (l),2005-03-01,5,5,5,3,10,8,18
80702,SAN RAMON,desnutricion global,desnutricion leve (l),2005-03-01,15,8,10,9,25,17,42
80401,SANTA ANA,desnutricion global,desnutricion leve (l),2005-03-01,19,23,15,25,34,48,82
70101,SANTA CRUZ DE LA SIERRA,desnutricion global,desnutricion leve (l),2005-03-01,1755,1308,674,705,2429,2013,4442
80303,SANTA ROSA,desnutricion global,desnutricion leve (l),2005-03-01,16,17,10,15,26,32,58
70602,SANTA ROSA DEL SARA,desnutricion global,desnutricion leve (l),2005-03-01,32,29,28,35,60,64,124
20308,SANTIAGO DE CALLAPA,desnutricion global,desnutricion leve (l),2005-03-01,11,13,29,27,40,40,80
41401,SANTIAGO DE HUARI,desnutricion global,desnutricion leve (l),2005-03-01,11,6,6,11,17,17,34
21901,SANTIAGO DE MACHACA,desnutricion global,desnutricion leve (l),2005-03-01,22,10,22,26,44,36,80
30702,SANTIVAÑES,desnutricion global,desnutricion leve (l),2005-03-01,18,18,33,31,51,49,100
40202,SANTUARIO DE QUILLACAS,desnutricion global,desnutricion leve (l),2005-03-01,4,2,6,6,10,8,18
20902,SAPAHAQUI,desnutricion global,desnutricion leve (l),2005-03-01,12,17,18,27,30,44,74
90303,SENA,desnutricion global,desnutricion leve (l),2005-03-01,7,8,8,9,15,17,32
21301,SICA SICA (VILLA AROMA),desnutricion global,desnutricion leve (l),2005-03-01,40,59,80,86,120,145,265
30703,SICAYA,desnutricion global,desnutricion leve (l),2005-03-01,21,7,16,13,37,20,57
30902,SIPE SIPE,desnutricion global,desnutricion leve (l),2005-03-01,55,57,38,44,93,101,194
10403,SOPACHUY,desnutricion global,desnutricion leve (l),2005-03-01,25,28,64,85,89,113,202
40104,SORACACHI,desnutricion global,desnutricion leve (l),2005-03-01,12,14,15,13,27,27,54
20601,SORATA,desnutricion global,desnutricion leve (l),2005-03-01,29,19,43,36,72,55,127
10101,SUCRE,desnutricion global,desnutricion leve (l),2005-03-01,312,335,367,364,679,699,1378
31404,TACACHI,desnutricion global,desnutricion leve (l),2005-03-01,3,2,3,6,6,8,14
20603,TACACOMA,desnutricion global,desnutricion leve (l),2005-03-01,9,5,13,8,22,13,35
50303,TACOBAMBA,desnutricion global,desnutricion leve (l),2005-03-01,56,33,58,42,114,75,189
30602,TACOPAYA,desnutricion global,desnutricion leve (l),2005-03-01,21,29,24,34,45,63,108
51402,TAHUA,desnutricion global,desnutricion leve (l),2005-03-01,2,1,2,2,4,3,7
31101,TAPACARI,desnutricion global,desnutricion leve (l),2005-03-01,71,81,96,104,167,185,352
10601,TARABUCO,desnutricion global,desnutricion leve (l),2005-03-01,142,114,239,240,381,354,735
20807,TARACO,desnutricion global,desnutricion leve (l),2005-03-01,4,3,7,7,11,10,21
30401,TARATA,desnutricion global,desnutricion leve (l),2005-03-01,24,16,13,8,37,24,61
60101,TARIJA,desnutricion global,desnutricion leve (l),2005-03-01,147,175,145,161,292,336,628
10202,TARVITA,desnutricion global,desnutricion leve (l),2005-03-01,87,66,154,153,241,219,460
20608,TEOPONTE,desnutricion global,desnutricion leve (l),2005-03-01,14,15,10,14,24,29,53
20803,TIAWANACU,desnutricion global,desnutricion leve (l),2005-03-01,7,5,10,3,17,8,25
50102,TINGUIPAYA,desnutricion global,desnutricion leve (l),2005-03-01,99,86,78,115,177,201,378
20606,TIPUANI,desnutricion global,desnutricion leve (l),2005-03-01,10,10,11,5,21,15,36
30903,TIQUIPAYA,desnutricion global,desnutricion leve (l),2005-03-01,19,22,10,10,29,32,61
31601,TIRAQUE (CBBA),desnutricion global,desnutricion leve (l),2005-03-01,98,113,83,97,181,210,391
21703,TITO YUPANQUI (PARQUIPUJIO),desnutricion global,desnutricion leve (l),2005-03-01,1,1,1,1,2,2,4
30802,TOCO,desnutricion global,desnutricion leve (l),2005-03-01,5,3,7,5,12,8,20
41502,TODOS SANTOS,desnutricion global,desnutricion leve (l),2005-03-01,1,0,0,0,1,0,1
30803,TOLATA,desnutricion global,desnutricion leve (l),2005-03-01,3,5,2,5,5,10,15
41001,TOLEDO,desnutricion global,desnutricion leve (l),2005-03-01,6,7,4,9,10,16,26
51202,TOMAVE,desnutricion global,desnutricion leve (l),2005-03-01,33,11,50,25,83,36,119
10402,TOMINA,desnutricion global,desnutricion leve (l),2005-03-01,49,52,78,93,127,145,272
50502,TORO TORO,desnutricion global,desnutricion leve (l),2005-03-01,9,10,9,24,18,34,52
31201,TOTORA(CBBA),desnutricion global,desnutricion leve (l),2005-03-01,34,34,35,32,69,66,135
41301,TOTORA(ORR),desnutricion global,desnutricion leve (l),2005-03-01,8,6,9,13,17,19,36
70802,TRIGAL,desnutricion global,desnutricion leve (l),2005-03-01,2,0,0,4,2,4,6
80101,TRINIDAD,desnutricion global,desnutricion leve (l),2005-03-01,130,99,62,68,192,167,359
50801,TUPIZA,desnutricion global,desnutricion leve (l),2005-03-01,86,92,94,118,180,210,390
40402,TURCO,desnutricion global,desnutricion leve (l),2005-03-01,10,7,15,14,25,21,46
21302,UMALA,desnutricion global,desnutricion leve (l),2005-03-01,22,14,13,16,35,30,65
50201,UNCIA,desnutricion global,desnutricion leve (l),2005-03-01,31,30,34,40,65,70,135
60401,URIONDO (A. CONCEPCION),desnutricion global,desnutricion leve (l),2005-03-01,37,24,53,30,90,54,144
51201,UYUNI,desnutricion global,desnutricion leve (l),2005-03-01,67,56,72,88,139,144,283
30502,VACAS,desnutricion global,desnutricion leve (l),2005-03-01,23,12,17,13,40,25,65
70801,VALLEGRANDE,desnutricion global,desnutricion leve (l),2005-03-01,37,36,61,40,98,76,174
20801,VIACHA,desnutricion global,desnutricion leve (l),2005-03-01,173,156,81,76,254,232,486
31302,VILA VILA,desnutricion global,desnutricion leve (l),2005-03-01,14,10,20,13,34,23,57
60303,VILLA MONTES,desnutricion global,desnutricion leve (l),2005-03-01,42,31,44,39,86,70,156
90502,VILLA NUEVA (LOMA ALTA),desnutricion global,desnutricion leve (l),2005-03-01,2,1,0,0,2,1,3
31402,VILLA RIVERO,desnutricion global,desnutricion leve (l),2005-03-01,12,17,18,8,30,25,55
10801,VILLA SERRANO,desnutricion global,desnutricion leve (l),2005-03-01,49,53,100,77,149,130,279
31003,VILLA TUNARI,desnutricion global,desnutricion leve (l),2005-03-01,168,130,157,133,325,263,588
11001,VILLA VACA GUZMAN (MUYUPAMPA),desnutricion global,desnutricion leve (l),2005-03-01,41,26,70,61,111,87,198
51501,VILLAZON,desnutricion global,desnutricion leve (l),2005-03-01,91,89,80,96,171,185,356
30904,VINTO,desnutricion global,desnutricion leve (l),2005-03-01,58,0,22,0,80,0,80
50602,VITICHI,desnutricion global,desnutricion leve (l),2005-03-01,36,21,59,37,95,58,153
20306,WALDO BALLIVIAN,desnutricion global,desnutricion leve (l),2005-03-01,0,0,2,6,2,6,8
70201,WARNES,desnutricion global,desnutricion leve (l),2005-03-01,52,43,57,48,109,91,200
20903,YACO,desnutricion global,desnutricion leve (l),2005-03-01,25,24,19,19,44,43,87
60301,YACUIBA,desnutricion global,desnutricion leve (l),2005-03-01,37,38,50,44,87,82,169
10602,YAMPARAEZ,desnutricion global,desnutricion leve (l),2005-03-01,59,59,140,127,199,186,385
21103,YANACACHI,desnutricion global,desnutricion leve (l),2005-03-01,3,10,9,10,12,20,32
70403,YAPACANI,desnutricion global,desnutricion leve (l),2005-03-01,91,61,91,75,182,136,318
50103,YOCALLA,desnutricion global,desnutricion leve (l),2005-03-01,11,7,20,20,31,27,58
10102,YOTALA,desnutricion global,desnutricion leve (l),2005-03-01,39,29,77,74,116,103,219
60402,YUNCHARA,desnutricion global,desnutricion leve (l),2005-03-01,14,13,46,35,60,48,108
10301,ZUDAÑEZ,desnutricion global,desnutricion leve (l),2005-03-01,22,23,51,54,73,77,150
51302,ACACIO,desnutricion global,desnutricion leve (l),2005-04-01,27,29,35,34,62,63,125
20201,ACHACACHI,desnutricion global,desnutricion leve (l),2005-04-01,51,53,46,59,97,112,209
20104,ACHOCALLA,desnutricion global,desnutricion leve (l),2005-04-01,20,12,7,15,27,27,54
30201,AIQUILE,desnutricion global,desnutricion leve (l),2005-04-01,30,26,27,22,57,48,105
31303,ALALAY,desnutricion global,desnutricion leve (l),2005-04-01,11,10,7,9,18,19,37
10404,ALCALA,desnutricion global,desnutricion leve (l),2005-04-01,13,12,33,32,46,44,90
20202,ANCORAIMES,desnutricion global,desnutricion leve (l),2005-04-01,22,29,22,28,44,57,101
41201,ANDAMARCA,desnutricion global,desnutricion leve (l),2005-04-01,6,5,5,8,11,13,24
40603,ANTEQUERA,desnutricion global,desnutricion leve (l),2005-04-01,3,8,8,7,11,15,26
30402,ANZALDO,desnutricion global,desnutricion leve (l),2005-04-01,5,5,7,9,12,14,26
20701,APOLO,desnutricion global,desnutricion leve (l),2005-04-01,26,41,44,57,70,98,168
51301,ARAMPAMPA,desnutricion global,desnutricion leve (l),2005-04-01,16,15,28,31,44,46,90
30501,ARANI,desnutricion global,desnutricion leve (l),2005-04-01,25,25,22,24,47,49,96
30403,ARBIETO,desnutricion global,desnutricion leve (l),2005-04-01,12,13,14,10,26,23,49
30601,ARQUE,desnutricion global,desnutricion leve (l),2005-04-01,49,53,68,56,117,109,226
50802,ATOCHA,desnutricion global,desnutricion leve (l),2005-04-01,34,33,41,44,75,77,152
20503,AUCAPATA,desnutricion global,desnutricion leve (l),2005-04-01,4,6,4,6,8,12,20
20502,AYATA,desnutricion global,desnutricion leve (l),2005-04-01,23,27,10,15,33,42,75
21303,AYO AYO,desnutricion global,desnutricion leve (l),2005-04-01,22,19,12,16,34,35,69
30301,AYOPAYA (V. DE INDEPENDENCIA),desnutricion global,desnutricion leve (l),2005-04-01,98,89,107,118,205,207,412
10201,AZURDUY,desnutricion global,desnutricion leve (l),2005-04-01,34,44,74,85,108,129,237
21203,BATALLAS,desnutricion global,desnutricion leve (l),2005-04-01,17,23,11,16,28,39,67
80802,BAURES,desnutricion global,desnutricion leve (l),2005-04-01,16,10,15,8,31,18,49
41202,BELEN DE ANDAMARCA,desnutricion global,desnutricion leve (l),2005-04-01,1,0,1,5,2,5,7
50104,BELEN DE URMIRI,desnutricion global,desnutricion leve (l),2005-04-01,4,0,3,4,7,4,11
90104,BELLA FLOR,desnutricion global,desnutricion leve (l),2005-04-01,4,6,8,3,12,9,21
60202,BERMEJO,desnutricion global,desnutricion leve (l),2005-04-01,4,8,16,10,20,18,38
50301,BETANZOS,desnutricion global,desnutricion leve (l),2005-04-01,72,82,114,115,186,197,383
31501,BOLIVAR,desnutricion global,desnutricion leve (l),2005-04-01,31,43,51,46,82,89,171
90103,BOLPEBRA,desnutricion global,desnutricion leve (l),2005-04-01,0,2,2,3,2,5,7
70707,BOYUIBE,desnutricion global,desnutricion leve (l),2005-04-01,13,4,11,8,24,12,36
70401,BUENA VISTA,desnutricion global,desnutricion leve (l),2005-04-01,29,16,16,18,45,34,79
70703,CABEZAS,desnutricion global,desnutricion leve (l),2005-04-01,14,11,10,11,24,22,46
20905,CAIROMA,desnutricion global,desnutricion leve (l),2005-04-01,47,55,51,75,98,130,228
51102,"CAIZA ""D""",desnutricion global,desnutricion leve (l),2005-04-01,15,19,38,39,53,58,111
21003,CAJUATA,desnutricion global,desnutricion leve (l),2005-04-01,8,11,13,15,21,26,47
20303,CALACOTO,desnutricion global,desnutricion leve (l),2005-04-01,3,3,3,17,6,20,26
21304,CALAMARCA,desnutricion global,desnutricion leve (l),2005-04-01,71,48,50,77,121,125,246
10701,CAMARGO,desnutricion global,desnutricion leve (l),2005-04-01,67,74,93,85,160,159,319
10901,CAMATAQUI (C. VILLA ABECIA),desnutricion global,desnutricion leve (l),2005-04-01,8,11,16,7,24,18,42
70706,CAMIRI,desnutricion global,desnutricion leve (l),2005-04-01,55,33,47,38,102,71,173
30701,CAPINOTA,desnutricion global,desnutricion leve (l),2005-04-01,28,24,22,17,50,41,91
20302,CAQUIAVIRI,desnutricion global,desnutricion leve (l),2005-04-01,8,9,10,12,18,21,39
40102,CARACOLLO,desnutricion global,desnutricion leve (l),2005-04-01,40,37,37,50,77,87,164
22001,CARANAVI,desnutricion global,desnutricion leve (l),2005-04-01,95,72,67,46,162,118,280
60302,CARAPARI,desnutricion global,desnutricion leve (l),2005-04-01,9,8,14,23,23,31,54
50702,CARIPUYO,desnutricion global,desnutricion leve (l),2005-04-01,44,25,76,73,120,98,218
21902,CATACORA,desnutricion global,desnutricion leve (l),2005-04-01,0,0,1,0,1,0,1
21803,CHACARILLA,desnutricion global,desnutricion leve (l),2005-04-01,0,4,3,3,3,7,10
40201,CHALLAPATA,desnutricion global,desnutricion leve (l),2005-04-01,52,57,54,71,106,128,234
50302,CHAQUI,desnutricion global,desnutricion leve (l),2005-04-01,19,15,35,32,54,47,101
70702,CHARAGUA,desnutricion global,desnutricion leve (l),2005-04-01,55,37,38,46,93,83,176
20305,CHARAÑA,desnutricion global,desnutricion leve (l),2005-04-01,7,3,2,4,9,7,16
50202,CHAYANTA,desnutricion global,desnutricion leve (l),2005-04-01,65,19,23,93,88,112,200
31204,CHIMORE,desnutricion global,desnutricion leve (l),2005-04-01,19,10,15,20,34,30,64
40903,CHIPAYA,desnutricion global,desnutricion leve (l),2005-04-01,5,6,5,8,10,14,24
40302,CHOQUE COTA,desnutricion global,desnutricion leve (l),2005-04-01,2,2,1,0,3,2,5
21101,CHULUMANI (V. DE LA LIBERTAD),desnutricion global,desnutricion leve (l),2005-04-01,6,0,3,1,9,1,10
20501,CHUMA,desnutricion global,desnutricion leve (l),2005-04-01,17,8,20,19,37,27,64
30801,CLIZA,desnutricion global,desnutricion leve (l),2005-04-01,43,34,24,17,67,51,118
90101,COBIJA,desnutricion global,desnutricion leve (l),2005-04-01,45,42,40,41,85,83,168
30101,COCHABAMBA,desnutricion global,desnutricion leve (l),2005-04-01,339,317,258,277,597,594,1191
40902,COIPASA,desnutricion global,desnutricion leve (l),2005-04-01,1,2,2,2,3,4,7
30905,COLCAPIRHUA,desnutricion global,desnutricion leve (l),2005-04-01,41,36,23,41,64,77,141
50901,"COLCHA ""K""",desnutricion global,desnutricion leve (l),2005-04-01,34,28,29,31,63,59,122
21307,COLLANA,desnutricion global,desnutricion leve (l),2005-04-01,4,1,6,6,10,7,17
31002,COLOMI,desnutricion global,desnutricion leve (l),2005-04-01,33,31,26,17,59,48,107
70603,COLPA BELGICA,desnutricion global,desnutricion leve (l),2005-04-01,2,6,3,6,5,12,17
50401,COLQUECHACA,desnutricion global,desnutricion leve (l),2005-04-01,106,99,69,48,175,147,322
21306,COLQUENCHA,desnutricion global,desnutricion leve (l),2005-04-01,16,13,9,13,25,26,51
21004,COLQUIRI,desnutricion global,desnutricion leve (l),2005-04-01,41,27,29,36,70,63,133
20304,COMANCHE,desnutricion global,desnutricion leve (l),2005-04-01,7,3,5,4,12,7,19
71301,COMARAPA,desnutricion global,desnutricion leve (l),2005-04-01,39,31,29,28,68,59,127
20605,COMBAYA,desnutricion global,desnutricion leve (l),2005-04-01,2,2,7,10,9,12,21
71101,CONCEPCION,desnutricion global,desnutricion leve (l),2005-04-01,18,0,7,0,25,0,25
21701,COPACABANA,desnutricion global,desnutricion leve (l),2005-04-01,24,16,10,12,34,28,62
21402,CORIPATA,desnutricion global,desnutricion leve (l),2005-04-01,9,3,12,3,21,6,27
20301,CORO CORO,desnutricion global,desnutricion leve (l),2005-04-01,11,7,26,17,37,24,61
21401,COROICO,desnutricion global,desnutricion leve (l),2005-04-01,14,13,11,6,25,19,44
40301,CORQUE,desnutricion global,desnutricion leve (l),2005-04-01,16,18,7,18,23,36,59
50601,COTAGAITA,desnutricion global,desnutricion leve (l),2005-04-01,51,48,85,84,136,132,268
70102,COTOCA,desnutricion global,desnutricion leve (l),2005-04-01,24,28,31,29,55,57,112
71106,CUATRO CAÑADAS,desnutricion global,desnutricion leve (l),2005-04-01,4,4,11,15,15,19,34
31405,CUCHUMUELA (V. G. VILLARROEL),desnutricion global,desnutricion leve (l),2005-04-01,2,2,2,0,4,2,6
70704,CUEVO,desnutricion global,desnutricion leve (l),2005-04-01,2,4,6,8,8,12,20
10902,CULPINA,desnutricion global,desnutricion leve (l),2005-04-01,82,71,82,102,164,173,337
40401,CURAHUARA DE CARANGAS,desnutricion global,desnutricion leve (l),2005-04-01,10,7,17,14,27,21,48
21602,CURVA,desnutricion global,desnutricion leve (l),2005-04-01,10,4,14,6,24,10,34
20804,DESAGUADERO,desnutricion global,desnutricion leve (l),2005-04-01,9,12,12,2,21,14,35
20105,EL ALTO,desnutricion global,desnutricion leve (l),2005-04-01,1173,993,781,820,1954,1813,3767
40103,EL CHORO,desnutricion global,desnutricion leve (l),2005-04-01,1,0,2,1,3,1,4
60502,EL PUENTE(TJA),desnutricion global,desnutricion leve (l),2005-04-01,29,29,52,56,81,85,166
70105,EL TORNO,desnutricion global,desnutricion leve (l),2005-04-01,35,25,38,36,73,61,134
10405,EL VILLAR,desnutricion global,desnutricion leve (l),2005-04-01,8,10,42,41,50,51,101
60601,ENTRE RIOS,desnutricion global,desnutricion leve (l),2005-04-01,42,46,39,34,81,80,161
60601,ENTRE RIOS,desnutricion global,desnutricion leve (l),2005-04-01,14,8,15,18,29,26,55
41101,EUCALIPTUS,desnutricion global,desnutricion leve (l),2005-04-01,11,7,16,16,27,23,50
90503,EUREKA (SANTOS MERCADO),desnutricion global,desnutricion leve (l),2005-04-01,0,1,0,0,0,1,1
80402,EXALTACION,desnutricion global,desnutricion leve (l),2005-04-01,11,13,6,12,17,25,42
71004,FERNANDEZ ALONSO,desnutricion global,desnutricion leve (l),2005-04-01,13,33,13,18,26,51,77
90203,FILADELFIA,desnutricion global,desnutricion leve (l),2005-04-01,1,0,1,1,2,1,3
71002,GENERAL SAAVEDRA,desnutricion global,desnutricion leve (l),2005-04-01,46,0,69,0,115,0,115
21601,GRAL. J.J. PEREZ (CHARAZANI),desnutricion global,desnutricion leve (l),2005-04-01,13,18,10,23,23,41,64
20602,GUANAY,desnutricion global,desnutricion leve (l),2005-04-01,19,18,16,17,35,35,70
20802,GUAQUI,desnutricion global,desnutricion leve (l),2005-04-01,4,7,5,6,9,13,22
80202,GUAYARAMERIN,desnutricion global,desnutricion leve (l),2005-04-01,3,3,0,42,3,45,48
70705,GUTIERREZ,desnutricion global,desnutricion leve (l),2005-04-01,48,54,81,88,129,142,271
10502,HUACARETA,desnutricion global,desnutricion leve (l),2005-04-01,26,26,44,47,70,73,143
11002,HUACAYA (VILLA DE HUACAYA),desnutricion global,desnutricion leve (l),2005-04-01,4,7,18,8,22,15,37
40501,HUACHACALLA,desnutricion global,desnutricion leve (l),2005-04-01,0,3,6,1,6,4,10
40701,HUANUNI,desnutricion global,desnutricion leve (l),2005-04-01,34,20,31,27,65,47,112
80803,HUARACAJE,desnutricion global,desnutricion leve (l),2005-04-01,13,2,6,2,19,4,23
41601,HUAYLLAMARCA,desnutricion global,desnutricion leve (l),2005-04-01,2,4,2,3,4,7,11
21005,ICHOCA,desnutricion global,desnutricion leve (l),2005-04-01,17,12,7,19,24,31,55
10304,ICLA,desnutricion global,desnutricion leve (l),2005-04-01,72,57,125,108,197,165,362
10703,INCAHUASI,desnutricion global,desnutricion leve (l),2005-04-01,97,100,116,121,213,221,434
90402,INGAVI (HUMAITA),desnutricion global,desnutricion leve (l),2005-04-01,6,6,4,4,10,10,20
21001,INQUISIVI,desnutricion global,desnutricion leve (l),2005-04-01,43,39,33,61,76,100,176
21102,IRUPANA (VILLA DE LANZA),desnutricion global,desnutricion leve (l),2005-04-01,16,20,27,27,43,47,90
21501,IXIAMAS,desnutricion global,desnutricion leve (l),2005-04-01,16,7,15,28,31,35,66
20806,JESUS DE MACHACA,desnutricion global,desnutricion leve (l),2005-04-01,7,15,5,3,12,18,30
21105,LA ASUNTA,desnutricion global,desnutricion leve (l),2005-04-01,21,23,11,15,32,38,70
70104,LA GUARDIA,desnutricion global,desnutricion leve (l),2005-04-01,43,29,26,25,69,54,123
20101,LA PAZ,desnutricion global,desnutricion leve (l),2005-04-01,888,768,628,583,1516,1351,2867
70701,LAGUNILLAS,desnutricion global,desnutricion leve (l),2005-04-01,14,23,29,39,43,62,105
21202,LAJA,desnutricion global,desnutricion leve (l),2005-04-01,27,18,13,13,40,31,71
10903,LAS CARRERAS,desnutricion global,desnutricion leve (l),2005-04-01,11,5,7,21,18,26,44
21006,LICOMA PAMPA,desnutricion global,desnutricion leve (l),2005-04-01,1,3,2,2,3,5,8
50203,LLALLAGUA,desnutricion global,desnutricion leve (l),2005-04-01,102,79,89,123,191,202,393
51401,LLICA,desnutricion global,desnutricion leve (l),2005-04-01,17,17,19,13,36,30,66
80601,LORETO,desnutricion global,desnutricion leve (l),2005-04-01,1,6,2,3,3,9,12
20901,LURIBAY,desnutricion global,desnutricion leve (l),2005-04-01,19,20,12,27,31,47,78
40702,MACHACAMARCA,desnutricion global,desnutricion leve (l),2005-04-01,7,7,8,4,15,11,26
11003,MACHARETI,desnutricion global,desnutricion leve (l),2005-04-01,17,10,31,41,48,51,99
80801,MAGDALENA,desnutricion global,desnutricion leve (l),2005-04-01,23,7,12,14,35,21,56
70903,MAIRANA,desnutricion global,desnutricion leve (l),2005-04-01,17,0,18,0,35,0,35
20904,MALLA,desnutricion global,desnutricion leve (l),2005-04-01,5,2,7,6,12,8,20
20607,MAPIRI,desnutricion global,desnutricion leve (l),2005-04-01,33,17,31,27,64,44,108
20103,MECAPACA,desnutricion global,desnutricion leve (l),2005-04-01,25,1,33,0,58,1,59
71003,MINEROS,desnutricion global,desnutricion leve (l),2005-04-01,18,21,24,27,42,48,90
31301,MIZQUE,desnutricion global,desnutricion leve (l),2005-04-01,98,107,73,58,171,165,336
20402,MOCOMOCO,desnutricion global,desnutricion leve (l),2005-04-01,19,20,27,24,46,44,90
51002,MOJINETE,desnutricion global,desnutricion leve (l),2005-04-01,6,3,6,6,12,9,21
10303,MOJOCOYA,desnutricion global,desnutricion leve (l),2005-04-01,27,21,50,40,77,61,138
10501,MONTEAGUDO,desnutricion global,desnutricion leve (l),2005-04-01,55,41,92,103,147,144,291
71001,MONTERO,desnutricion global,desnutricion leve (l),2005-04-01,210,65,208,57,418,122,540
70803,MORO MORO,desnutricion global,desnutricion leve (l),2005-04-01,2,4,19,23,21,27,48
30302,MOROCHATA,desnutricion global,desnutricion leve (l),2005-04-01,74,63,77,76,151,139,290
90401,NACEBE (SANTA ROSA DEL ABUNA),desnutricion global,desnutricion leve (l),2005-04-01,0,2,2,4,2,6,8
20307,NAZACARA DE PACAJES,desnutricion global,desnutricion leve (l),2005-04-01,0,0,0,2,0,2,2
90501,NUEVO MANOA (NUEVA ESPERANZA),desnutricion global,desnutricion leve (l),2005-04-01,2,0,1,0,3,0,3
50404,OCURI,desnutricion global,desnutricion leve (l),2005-04-01,70,73,105,110,175,183,358
70202,OKINAWA,desnutricion global,desnutricion leve (l),2005-04-01,7,15,11,11,18,26,44
30203,OMEREQUE,desnutricion global,desnutricion leve (l),2005-04-01,12,19,16,27,28,46,74
40101,ORURO,desnutricion global,desnutricion leve (l),2005-04-01,309,265,251,231,560,496,1056
60201,PADCAYA,desnutricion global,desnutricion leve (l),2005-04-01,19,16,19,22,38,38,76
10401,PADILLA,desnutricion global,desnutricion leve (l),2005-04-01,26,41,84,104,110,145,255
70502,PAILON,desnutricion global,desnutricion leve (l),2005-04-01,0,32,27,2,27,34,61
20102,PALCA,desnutricion global,desnutricion leve (l),2005-04-01,21,13,16,21,37,34,71
21104,PALOS BLANCOS,desnutricion global,desnutricion leve (l),2005-04-01,37,39,50,48,87,87,174
40802,PAMPA AULLAGAS,desnutricion global,desnutricion leve (l),2005-04-01,9,6,15,5,24,11,35
70902,PAMPA GRANDE,desnutricion global,desnutricion leve (l),2005-04-01,13,5,7,10,20,15,35
21802,PAPEL PAMPA,desnutricion global,desnutricion leve (l),2005-04-01,8,10,9,9,17,19,36
30202,PASORAPA,desnutricion global,desnutricion leve (l),2005-04-01,4,2,9,10,13,12,25
21305,PATACAMAYA,desnutricion global,desnutricion leve (l),2005-04-01,43,51,53,83,96,134,230
40602,PAZÑA,desnutricion global,desnutricion leve (l),2005-04-01,11,12,15,20,26,32,58
20702,PELECHUCO,desnutricion global,desnutricion leve (l),2005-04-01,11,12,15,11,26,23,49
50403,POCOATA,desnutricion global,desnutricion leve (l),2005-04-01,84,107,113,136,197,243,440
31203,POCONA,desnutricion global,desnutricion leve (l),2005-04-01,24,25,47,44,71,69,140
31202,POJO (CBBA),desnutricion global,desnutricion leve (l),2005-04-01,27,27,20,18,47,45,92
40601,POOPO,desnutricion global,desnutricion leve (l),2005-04-01,2,3,2,2,4,5,9
51203,PORCO,desnutricion global,desnutricion leve (l),2005-04-01,15,11,11,7,26,18,44
10103,POROMA,desnutricion global,desnutricion leve (l),2005-04-01,46,44,71,75,117,119,236
70103,PORONGO,desnutricion global,desnutricion leve (l),2005-04-01,11,3,2,2,13,5,18
70601,PORTACHUELO,desnutricion global,desnutricion leve (l),2005-04-01,18,10,29,27,47,37,84
90102,PORVENIR,desnutricion global,desnutricion leve (l),2005-04-01,3,2,8,1,11,3,14
70804,POSTRER VALLE,desnutricion global,desnutricion leve (l),2005-04-01,4,5,4,5,8,10,18
50101,POTOSI,desnutricion global,desnutricion leve (l),2005-04-01,233,172,130,109,363,281,644
10302,PRESTO,desnutricion global,desnutricion leve (l),2005-04-01,26,35,56,46,82,81,163
70805,PUCARA,desnutricion global,desnutricion leve (l),2005-04-01,2,3,10,2,12,5,17
21201,PUCARANI,desnutricion global,desnutricion leve (l),2005-04-01,48,47,56,42,104,89,193
20401,PUERTO ACOSTA,desnutricion global,desnutricion leve (l),2005-04-01,41,60,51,61,92,121,213
20403,PUERTO CARABUCO,desnutricion global,desnutricion leve (l),2005-04-01,22,25,25,30,47,55,102
90301,PUERTO GONZALO MORENO,desnutricion global,desnutricion leve (l),2005-04-01,24,19,19,20,43,39,82
21204,PUERTO PEREZ,desnutricion global,desnutricion leve (l),2005-04-01,11,4,9,7,20,11,31
90201,PUERTO RICO,desnutricion global,desnutricion leve (l),2005-04-01,4,7,3,8,7,15,22
80703,PUERTO SILES,desnutricion global,desnutricion leve (l),2005-04-01,1,0,0,2,1,2,3
31205,PUERTO VILLARROEL,desnutricion global,desnutricion leve (l),2005-04-01,114,107,90,104,204,211,415
51101,PUNA,desnutricion global,desnutricion leve (l),2005-04-01,68,67,97,82,165,149,314
31401,PUNATA,desnutricion global,desnutricion leve (l),2005-04-01,39,21,31,35,70,56,126
20604,QUIABAYA,desnutricion global,desnutricion leve (l),2005-04-01,0,4,2,1,2,5,7
30901,QUILLACOLLO,desnutricion global,desnutricion leve (l),2005-04-01,87,75,56,72,143,147,290
21002,QUIME,desnutricion global,desnutricion leve (l),2005-04-01,22,16,31,22,53,38,91
70904,QUIRUSILLAS,desnutricion global,desnutricion leve (l),2005-04-01,0,1,2,2,2,3,5
50402,RAVELO,desnutricion global,desnutricion leve (l),2005-04-01,182,144,172,174,354,318,672
80301,REYES,desnutricion global,desnutricion leve (l),2005-04-01,34,30,55,65,89,95,184
80201,RIBERALTA,desnutricion global,desnutricion leve (l),2005-04-01,236,301,189,226,425,527,952
70503,ROBORE,desnutricion global,desnutricion leve (l),2005-04-01,18,15,26,19,44,34,78
80304,RURRENABAQUE,desnutricion global,desnutricion leve (l),2005-04-01,10,3,4,3,14,6,20
40901,SABAYA,desnutricion global,desnutricion leve (l),2005-04-01,5,6,6,9,11,15,26
31001,SACABA,desnutricion global,desnutricion leve (l),2005-04-01,79,95,50,63,129,158,287
30404,SACABAMBA,desnutricion global,desnutricion leve (l),2005-04-01,5,5,13,17,18,22,40
50701,SACACA,desnutricion global,desnutricion leve (l),2005-04-01,176,183,287,329,463,512,975
71302,SAIPINA,desnutricion global,desnutricion leve (l),2005-04-01,14,5,5,5,19,10,29
40801,SALINAS DE GARCI MENDOZA,desnutricion global,desnutricion leve (l),2005-04-01,10,13,17,10,27,23,50
70901,SAMAIPATA,desnutricion global,desnutricion leve (l),2005-04-01,22,0,41,0,63,0,63
51601,SAN AGUSTIN,desnutricion global,desnutricion leve (l),2005-04-01,7,5,2,7,9,12,21
80602,SAN ANDRES,desnutricion global,desnutricion leve (l),2005-04-01,17,9,15,20,32,29,61
20805,SAN ANDRES DE MACHACA,desnutricion global,desnutricion leve (l),2005-04-01,2,0,4,0,6,0,6
51003,SAN ANTONIO DE ESMORUCO,desnutricion global,desnutricion leve (l),2005-04-01,4,6,6,5,10,11,21
71105,SAN ANTONIO DE LOMERIO,desnutricion global,desnutricion leve (l),2005-04-01,61,39,52,72,113,111,224
31403,SAN BENITO,desnutricion global,desnutricion leve (l),2005-04-01,20,8,15,26,35,34,69
80302,SAN BORJA,desnutricion global,desnutricion leve (l),2005-04-01,52,51,50,50,102,101,203
21502,SAN BUENA VENTURA,desnutricion global,desnutricion leve (l),2005-04-01,12,18,21,25,33,43,76
70402,SAN CARLOS,desnutricion global,desnutricion leve (l),2005-04-01,24,31,20,20,44,51,95
80501,SAN IGNACIO,desnutricion global,desnutricion leve (l),2005-04-01,52,57,68,67,120,124,244
70301,SAN IGNACIO DE VELASCO,desnutricion global,desnutricion leve (l),2005-04-01,131,143,119,127,250,270,520
80102,SAN JAVIER(BNI),desnutricion global,desnutricion leve (l),2005-04-01,9,7,3,2,12,9,21
71102,SAN JAVIER(STC),desnutricion global,desnutricion leve (l),2005-04-01,5,0,2,0,7,0,7
80701,SAN JOAQUIN,desnutricion global,desnutricion leve (l),2005-04-01,2,5,1,1,3,6,9
70501,SAN JOSE DE CHIQUITOS,desnutricion global,desnutricion leve (l),2005-04-01,27,19,18,18,45,37,82
70404,SAN JUAN DE YAPACANI,desnutricion global,desnutricion leve (l),2005-04-01,13,18,21,17,34,35,69
71104,SAN JULIAN,desnutricion global,desnutricion leve (l),2005-04-01,50,47,56,39,106,86,192
90302,SAN LORENZO(PND),desnutricion global,desnutricion leve (l),2005-04-01,8,8,9,9,17,17,34
60501,SAN LORENZO(TJA),desnutricion global,desnutricion leve (l),2005-04-01,40,35,63,76,103,111,214
10702,SAN LUCAS,desnutricion global,desnutricion leve (l),2005-04-01,194,221,225,265,419,486,905
70302,SAN MIGUEL DE VELASCO,desnutricion global,desnutricion leve (l),2005-04-01,19,19,22,33,41,52,93
51001,SAN PABLO DE LIPEZ,desnutricion global,desnutricion leve (l),2005-04-01,4,7,16,8,20,15,35
71005,SAN PEDRO,desnutricion global,desnutricion leve (l),2005-04-01,18,20,14,19,32,39,71
50501,SAN PEDRO DE BUENA VISTA,desnutricion global,desnutricion leve (l),2005-04-01,66,76,134,123,200,199,399
21801,SAN PEDRO DE CURAHUARA,desnutricion global,desnutricion leve (l),2005-04-01,14,9,20,22,34,31,65
50902,SAN PEDRO DE QUEMES,desnutricion global,desnutricion leve (l),2005-04-01,0,3,1,1,1,4,5
21702,SAN PEDRO DE TIQUINA,desnutricion global,desnutricion leve (l),2005-04-01,9,4,6,4,15,8,23
90202,SAN PEDRO(PND),desnutricion global,desnutricion leve (l),2005-04-01,1,2,0,0,1,2,3
70303,SAN RAFAEL,desnutricion global,desnutricion leve (l),2005-04-01,22,16,17,20,39,36,75
80702,SAN RAMON,desnutricion global,desnutricion leve (l),2005-04-01,3,8,3,3,6,11,17
80702,SAN RAMON,desnutricion global,desnutricion leve (l),2005-04-01,9,12,13,8,22,20,42
80401,SANTA ANA,desnutricion global,desnutricion leve (l),2005-04-01,15,12,13,19,28,31,59
70101,SANTA CRUZ DE LA SIERRA,desnutricion global,desnutricion leve (l),2005-04-01,1589,1082,651,774,2240,1856,4096
80303,SANTA ROSA,desnutricion global,desnutricion leve (l),2005-04-01,23,12,9,9,32,21,53
70602,SANTA ROSA DEL SARA,desnutricion global,desnutricion leve (l),2005-04-01,17,18,17,26,34,44,78
20308,SANTIAGO DE CALLAPA,desnutricion global,desnutricion leve (l),2005-04-01,13,6,12,13,25,19,44
41401,SANTIAGO DE HUARI,desnutricion global,desnutricion leve (l),2005-04-01,9,13,14,13,23,26,49
21901,SANTIAGO DE MACHACA,desnutricion global,desnutricion leve (l),2005-04-01,7,3,1,4,8,7,15
30702,SANTIVAÑES,desnutricion global,desnutricion leve (l),2005-04-01,19,7,16,18,35,25,60
40202,SANTUARIO DE QUILLACAS,desnutricion global,desnutricion leve (l),2005-04-01,8,3,5,6,13,9,22
20902,SAPAHAQUI,desnutricion global,desnutricion leve (l),2005-04-01,23,30,34,37,57,67,124
90303,SENA,desnutricion global,desnutricion leve (l),2005-04-01,2,2,7,1,9,3,12
21301,SICA SICA (VILLA AROMA),desnutricion global,desnutricion leve (l),2005-04-01,37,38,38,34,75,72,147
30703,SICAYA,desnutricion global,desnutricion leve (l),2005-04-01,9,11,15,10,24,21,45
30902,SIPE SIPE,desnutricion global,desnutricion leve (l),2005-04-01,69,63,83,55,152,118,270
10403,SOPACHUY,desnutricion global,desnutricion leve (l),2005-04-01,26,22,58,72,84,94,178
40104,SORACACHI,desnutricion global,desnutricion leve (l),2005-04-01,5,14,37,15,42,29,71
20601,SORATA,desnutricion global,desnutricion leve (l),2005-04-01,25,34,37,49,62,83,145
10101,SUCRE,desnutricion global,desnutricion leve (l),2005-04-01,329,280,384,380,713,660,1373
31404,TACACHI,desnutricion global,desnutricion leve (l),2005-04-01,7,4,2,2,9,6,15
20603,TACACOMA,desnutricion global,desnutricion leve (l),2005-04-01,12,11,8,9,20,20,40
50303,TACOBAMBA,desnutricion global,desnutricion leve (l),2005-04-01,42,20,34,35,76,55,131
30602,TACOPAYA,desnutricion global,desnutricion leve (l),2005-04-01,68,68,81,97,149,165,314
51402,TAHUA,desnutricion global,desnutricion leve (l),2005-04-01,1,1,4,7,5,8,13
31101,TAPACARI,desnutricion global,desnutricion leve (l),2005-04-01,94,84,63,69,157,153,310
10601,TARABUCO,desnutricion global,desnutricion leve (l),2005-04-01,154,114,206,251,360,365,725
20807,TARACO,desnutricion global,desnutricion leve (l),2005-04-01,15,11,4,12,19,23,42
30401,TARATA,desnutricion global,desnutricion leve (l),2005-04-01,16,18,18,12,34,30,64
60101,TARIJA,desnutricion global,desnutricion leve (l),2005-04-01,127,110,143,117,270,227,497
10202,TARVITA,desnutricion global,desnutricion leve (l),2005-04-01,4,3,9,5,13,8,21
20608,TEOPONTE,desnutricion global,desnutricion leve (l),2005-04-01,6,16,5,11,11,27,38
20803,TIAWANACU,desnutricion global,desnutricion leve (l),2005-04-01,7,8,7,2,14,10,24
50102,TINGUIPAYA,desnutricion global,desnutricion leve (l),2005-04-01,50,59,58,51,108,110,218
20606,TIPUANI,desnutricion global,desnutricion leve (l),2005-04-01,2,1,2,1,4,2,6
30903,TIQUIPAYA,desnutricion global,desnutricion leve (l),2005-04-01,73,44,34,34,107,78,185
31601,TIRAQUE (CBBA),desnutricion global,desnutricion leve (l),2005-04-01,89,388,60,69,149,457,606
21703,TITO YUPANQUI (PARQUIPUJIO),desnutricion global,desnutricion leve (l),2005-04-01,3,6,4,2,7,8,15
30802,TOCO,desnutricion global,desnutricion leve (l),2005-04-01,4,1,3,7,7,8,15
30803,TOLATA,desnutricion global,desnutricion leve (l),2005-04-01,2,6,3,1,5,7,12
41001,TOLEDO,desnutricion global,desnutricion leve (l),2005-04-01,10,9,5,7,15,16,31
51202,TOMAVE,desnutricion global,desnutricion leve (l),2005-04-01,22,18,22,17,44,35,79
10402,TOMINA,desnutricion global,desnutricion leve (l),2005-04-01,64,57,104,110,168,167,335
50502,TORO TORO,desnutricion global,desnutricion leve (l),2005-04-01,41,51,43,27,84,78,162
31201,TOTORA(CBBA),desnutricion global,desnutricion leve (l),2005-04-01,41,31,41,48,82,79,161
41301,TOTORA(ORR),desnutricion global,desnutricion leve (l),2005-04-01,9,4,5,10,14,14,28
70802,TRIGAL,desnutricion global,desnutricion leve (l),2005-04-01,2,1,2,1,4,2,6
80101,TRINIDAD,desnutricion global,desnutricion leve (l),2005-04-01,99,88,69,77,168,165,333
50801,TUPIZA,desnutricion global,desnutricion leve (l),2005-04-01,83,66,114,118,197,184,381
40402,TURCO,desnutricion global,desnutricion leve (l),2005-04-01,3,2,8,11,11,13,24
21302,UMALA,desnutricion global,desnutricion leve (l),2005-04-01,14,10,14,14,28,24,52
50201,UNCIA,desnutricion global,desnutricion leve (l),2005-04-01,38,24,44,46,82,70,152
60401,URIONDO (A. CONCEPCION),desnutricion global,desnutricion leve (l),2005-04-01,50,19,75,29,125,48,173
51201,UYUNI,desnutricion global,desnutricion leve (l),2005-04-01,38,35,57,74,95,109,204
30502,VACAS,desnutricion global,desnutricion leve (l),2005-04-01,22,18,24,18,46,36,82
70801,VALLEGRANDE,desnutricion global,desnutricion leve (l),2005-04-01,18,13,37,31,55,44,99
20801,VIACHA,desnutricion global,desnutricion leve (l),2005-04-01,30,32,30,13,60,45,105
31302,VILA VILA,desnutricion global,desnutricion leve (l),2005-04-01,8,10,12,7,20,17,37
60303,VILLA MONTES,desnutricion global,desnutricion leve (l),2005-04-01,32,35,33,32,65,67,132
90502,VILLA NUEVA (LOMA ALTA),desnutricion global,desnutricion leve (l),2005-04-01,1,1,1,0,2,1,3
31402,VILLA RIVERO,desnutricion global,desnutricion leve (l),2005-04-01,13,17,18,19,31,36,67
10801,VILLA SERRANO,desnutricion global,desnutricion leve (l),2005-04-01,62,41,99,99,161,140,301
31003,VILLA TUNARI,desnutricion global,desnutricion leve (l),2005-04-01,152,145,141,158,293,303,596
11001,VILLA VACA GUZMAN (MUYUPAMPA),desnutricion global,desnutricion leve (l),2005-04-01,31,22,36,47,67,69,136
51501,VILLAZON,desnutricion global,desnutricion leve (l),2005-04-01,67,65,77,75,144,140,284
30904,VINTO,desnutricion global,desnutricion leve (l),2005-04-01,23,44,24,16,47,60,107
50602,VITICHI,desnutricion global,desnutricion leve (l),2005-04-01,31,17,82,47,113,64,177
20306,WALDO BALLIVIAN,desnutricion global,desnutricion leve (l),2005-04-01,2,4,1,5,3,9,12
70201,WARNES,desnutricion global,desnutricion leve (l),2005-04-01,26,26,30,27,56,53,109
20903,YACO,desnutricion global,desnutricion leve (l),2005-04-01,10,16,7,15,17,31,48
60301,YACUIBA,desnutricion global,desnutricion leve (l),2005-04-01,24,31,23,25,47,56,103
10602,YAMPARAEZ,desnutricion global,desnutricion leve (l),2005-04-01,61,57,133,124,194,181,375
21103,YANACACHI,desnutricion global,desnutricion leve (l),2005-04-01,2,3,1,2,3,5,8
70403,YAPACANI,desnutricion global,desnutricion leve (l),2005-04-01,74,62,72,53,146,115,261
50103,YOCALLA,desnutricion global,desnutricion leve (l),2005-04-01,5,7,16,9,21,16,37
10102,YOTALA,desnutricion global,desnutricion leve (l),2005-04-01,33,28,56,69,89,97,186
60402,YUNCHARA,desnutricion global,desnutricion leve (l),2005-04-01,38,23,98,58,136,81,217
10301,ZUDAÑEZ,desnutricion global,desnutricion leve (l),2005-04-01,35,24,53,67,88,91,179
51302,ACACIO,desnutricion global,desnutricion leve (l),2005-05-01,26,22,49,34,75,56,131
20201,ACHACACHI,desnutricion global,desnutricion leve (l),2005-05-01,39,38,37,45,76,83,159
20104,ACHOCALLA,desnutricion global,desnutricion leve (l),2005-05-01,4,7,15,14,19,21,40
30201,AIQUILE,desnutricion global,desnutricion leve (l),2005-05-01,28,21,29,30,57,51,108
31303,ALALAY,desnutricion global,desnutricion leve (l),2005-05-01,9,4,4,2,13,6,19
10404,ALCALA,desnutricion global,desnutricion leve (l),2005-05-01,13,14,29,33,42,47,89
20202,ANCORAIMES,desnutricion global,desnutricion leve (l),2005-05-01,35,36,41,47,76,83,159
41201,ANDAMARCA,desnutricion global,desnutricion leve (l),2005-05-01,3,0,5,4,8,4,12
40603,ANTEQUERA,desnutricion global,desnutricion leve (l),2005-05-01,8,6,9,7,17,13,30
30402,ANZALDO,desnutricion global,desnutricion leve (l),2005-05-01,3,7,14,15,17,22,39
20701,APOLO,desnutricion global,desnutricion leve (l),2005-05-01,15,17,23,27,38,44,82
51301,ARAMPAMPA,desnutricion global,desnutricion leve (l),2005-05-01,5,0,8,10,13,10,23
30501,ARANI,desnutricion global,desnutricion leve (l),2005-05-01,15,17,26,31,41,48,89
30403,ARBIETO,desnutricion global,desnutricion leve (l),2005-05-01,7,4,3,7,10,11,21
30601,ARQUE,desnutricion global,desnutricion leve (l),2005-05-01,31,32,38,41,69,73,142
50802,ATOCHA,desnutricion global,desnutricion leve (l),2005-05-01,33,19,33,25,66,44,110
20503,AUCAPATA,desnutricion global,desnutricion leve (l),2005-05-01,17,20,15,22,32,42,74
20502,AYATA,desnutricion global,desnutricion leve (l),2005-05-01,17,18,17,23,34,41,75
21303,AYO AYO,desnutricion global,desnutricion leve (l),2005-05-01,11,10,11,13,22,23,45
30301,AYOPAYA (V. DE INDEPENDENCIA),desnutricion global,desnutricion leve (l),2005-05-01,64,75,47,62,111,137,248
10201,AZURDUY,desnutricion global,desnutricion leve (l),2005-05-01,44,45,88,113,132,158,290
21203,BATALLAS,desnutricion global,desnutricion leve (l),2005-05-01,12,12,9,7,21,19,40
80802,BAURES,desnutricion global,desnutricion leve (l),2005-05-01,4,14,10,1,14,15,29
41202,BELEN DE ANDAMARCA,desnutricion global,desnutricion leve (l),2005-05-01,1,0,1,2,2,2,4
50104,BELEN DE URMIRI,desnutricion global,desnutricion leve (l),2005-05-01,0,0,2,2,2,2,4
90104,BELLA FLOR,desnutricion global,desnutricion leve (l),2005-05-01,5,4,1,10,6,14,20
60202,BERMEJO,desnutricion global,desnutricion leve (l),2005-05-01,5,8,5,16,10,24,34
50301,BETANZOS,desnutricion global,desnutricion leve (l),2005-05-01,79,122,117,124,196,246,442
31501,BOLIVAR,desnutricion global,desnutricion leve (l),2005-05-01,24,34,22,25,46,59,105
90103,BOLPEBRA,desnutricion global,desnutricion leve (l),2005-05-01,0,1,3,2,3,3,6
70707,BOYUIBE,desnutricion global,desnutricion leve (l),2005-05-01,6,8,6,5,12,13,25
70401,BUENA VISTA,desnutricion global,desnutricion leve (l),2005-05-01,10,9,12,15,22,24,46
70703,CABEZAS,desnutricion global,desnutricion leve (l),2005-05-01,20,22,16,15,36,37,73
20905,CAIROMA,desnutricion global,desnutricion leve (l),2005-05-01,50,55,41,71,91,126,217
51102,"CAIZA ""D""",desnutricion global,desnutricion leve (l),2005-05-01,18,19,24,27,42,46,88
21003,CAJUATA,desnutricion global,desnutricion leve (l),2005-05-01,18,10,11,17,29,27,56
20303,CALACOTO,desnutricion global,desnutricion leve (l),2005-05-01,2,3,7,8,9,11,20
21304,CALAMARCA,desnutricion global,desnutricion leve (l),2005-05-01,82,71,73,92,155,163,318
10701,CAMARGO,desnutricion global,desnutricion leve (l),2005-05-01,55,70,94,84,149,154,303
10901,CAMATAQUI (C. VILLA ABECIA),desnutricion global,desnutricion leve (l),2005-05-01,10,6,14,9,24,15,39
70706,CAMIRI,desnutricion global,desnutricion leve (l),2005-05-01,28,20,10,24,38,44,82
30701,CAPINOTA,desnutricion global,desnutricion leve (l),2005-05-01,25,22,22,23,47,45,92
20302,CAQUIAVIRI,desnutricion global,desnutricion leve (l),2005-05-01,19,11,24,19,43,30,73
40102,CARACOLLO,desnutricion global,desnutricion leve (l),2005-05-01,12,7,17,15,29,22,51
22001,CARANAVI,desnutricion global,desnutricion leve (l),2005-05-01,96,86,76,89,172,175,347
41503,CARANGAS,desnutricion global,desnutricion leve (l),2005-05-01,0,1,0,0,0,1,1
60302,CARAPARI,desnutricion global,desnutricion leve (l),2005-05-01,6,7,17,18,23,25,48
50702,CARIPUYO,desnutricion global,desnutricion leve (l),2005-05-01,30,21,35,26,65,47,112
21902,CATACORA,desnutricion global,desnutricion leve (l),2005-05-01,10,1,5,11,15,12,27
21803,CHACARILLA,desnutricion global,desnutricion leve (l),2005-05-01,1,3,5,4,6,7,13
40201,CHALLAPATA,desnutricion global,desnutricion leve (l),2005-05-01,60,53,42,45,102,98,200
50302,CHAQUI,desnutricion global,desnutricion leve (l),2005-05-01,14,16,14,11,28,27,55
70702,CHARAGUA,desnutricion global,desnutricion leve (l),2005-05-01,38,32,30,40,68,72,140
20305,CHARAÑA,desnutricion global,desnutricion leve (l),2005-05-01,7,7,8,11,15,18,33
50202,CHAYANTA,desnutricion global,desnutricion leve (l),2005-05-01,41,27,35,28,76,55,131
31204,CHIMORE,desnutricion global,desnutricion leve (l),2005-05-01,21,21,10,23,31,44,75
40903,CHIPAYA,desnutricion global,desnutricion leve (l),2005-05-01,3,3,3,3,6,6,12
40302,CHOQUE COTA,desnutricion global,desnutricion leve (l),2005-05-01,1,2,4,3,5,5,10
21101,CHULUMANI (V. DE LA LIBERTAD),desnutricion global,desnutricion leve (l),2005-05-01,12,8,3,4,15,12,27
20501,CHUMA,desnutricion global,desnutricion leve (l),2005-05-01,12,19,16,25,28,44,72
30801,CLIZA,desnutricion global,desnutricion leve (l),2005-05-01,47,31,12,15,59,46,105
90101,COBIJA,desnutricion global,desnutricion leve (l),2005-05-01,41,34,20,40,61,74,135
30101,COCHABAMBA,desnutricion global,desnutricion leve (l),2005-05-01,284,253,236,227,520,480,1000
40902,COIPASA,desnutricion global,desnutricion leve (l),2005-05-01,1,3,1,4,2,7,9
30905,COLCAPIRHUA,desnutricion global,desnutricion leve (l),2005-05-01,21,25,16,27,37,52,89
50901,"COLCHA ""K""",desnutricion global,desnutricion leve (l),2005-05-01,24,23,27,39,51,62,113
21307,COLLANA,desnutricion global,desnutricion leve (l),2005-05-01,1,4,6,4,7,8,15
31002,COLOMI,desnutricion global,desnutricion leve (l),2005-05-01,40,27,32,18,72,45,117
70603,COLPA BELGICA,desnutricion global,desnutricion leve (l),2005-05-01,2,4,3,3,5,7,12
50401,COLQUECHACA,desnutricion global,desnutricion leve (l),2005-05-01,89,85,103,62,192,147,339
21306,COLQUENCHA,desnutricion global,desnutricion leve (l),2005-05-01,26,15,22,13,48,28,76
21004,COLQUIRI,desnutricion global,desnutricion leve (l),2005-05-01,38,42,38,41,76,83,159
20304,COMANCHE,desnutricion global,desnutricion leve (l),2005-05-01,3,5,3,3,6,8,14
71301,COMARAPA,desnutricion global,desnutricion leve (l),2005-05-01,27,22,24,21,51,43,94
20605,COMBAYA,desnutricion global,desnutricion leve (l),2005-05-01,4,1,3,3,7,4,11
71101,CONCEPCION,desnutricion global,desnutricion leve (l),2005-05-01,13,0,0,0,13,0,13
21701,COPACABANA,desnutricion global,desnutricion leve (l),2005-05-01,4,6,6,5,10,11,21
21402,CORIPATA,desnutricion global,desnutricion leve (l),2005-05-01,23,12,4,3,27,15,42
20301,CORO CORO,desnutricion global,desnutricion leve (l),2005-05-01,27,16,23,21,50,37,87
21401,COROICO,desnutricion global,desnutricion leve (l),2005-05-01,31,22,19,26,50,48,98
40301,CORQUE,desnutricion global,desnutricion leve (l),2005-05-01,11,13,9,10,20,23,43
50601,COTAGAITA,desnutricion global,desnutricion leve (l),2005-05-01,70,33,93,76,163,109,272
70102,COTOCA,desnutricion global,desnutricion leve (l),2005-05-01,17,23,21,14,38,37,75
71106,CUATRO CAÑADAS,desnutricion global,desnutricion leve (l),2005-05-01,3,1,2,3,5,4,9
31405,CUCHUMUELA (V. G. VILLARROEL),desnutricion global,desnutricion leve (l),2005-05-01,4,2,3,1,7,3,10
70704,CUEVO,desnutricion global,desnutricion leve (l),2005-05-01,3,1,4,9,7,10,17
10902,CULPINA,desnutricion global,desnutricion leve (l),2005-05-01,107,77,107,152,214,229,443
40401,CURAHUARA DE CARANGAS,desnutricion global,desnutricion leve (l),2005-05-01,4,2,6,5,10,7,17
21602,CURVA,desnutricion global,desnutricion leve (l),2005-05-01,6,3,2,1,8,4,12
20804,DESAGUADERO,desnutricion global,desnutricion leve (l),2005-05-01,5,6,1,4,6,10,16
20105,EL ALTO,desnutricion global,desnutricion leve (l),2005-05-01,1052,919,701,609,1753,1528,3281
40103,EL CHORO,desnutricion global,desnutricion leve (l),2005-05-01,3,4,5,3,8,7,15
71503,EL PUENTE(STC),desnutricion global,desnutricion leve (l),2005-05-01,15,13,16,37,31,50,81
60502,EL PUENTE(TJA),desnutricion global,desnutricion leve (l),2005-05-01,18,8,36,38,54,46,100
70105,EL TORNO,desnutricion global,desnutricion leve (l),2005-05-01,13,34,16,27,29,61,90
10405,EL VILLAR,desnutricion global,desnutricion leve (l),2005-05-01,9,14,28,33,37,47,84
60601,ENTRE RIOS,desnutricion global,desnutricion leve (l),2005-05-01,29,33,28,43,57,76,133
60601,ENTRE RIOS,desnutricion global,desnutricion leve (l),2005-05-01,41,49,36,39,77,88,165
41101,EUCALIPTUS,desnutricion global,desnutricion leve (l),2005-05-01,3,6,6,6,9,12,21
90503,EUREKA (SANTOS MERCADO),desnutricion global,desnutricion leve (l),2005-05-01,0,0,0,1,0,1,1
80402,EXALTACION,desnutricion global,desnutricion leve (l),2005-05-01,5,7,5,12,10,19,29
71004,FERNANDEZ ALONSO,desnutricion global,desnutricion leve (l),2005-05-01,13,27,14,30,27,57,84
90203,FILADELFIA,desnutricion global,desnutricion leve (l),2005-05-01,2,2,8,4,10,6,16
71002,GENERAL SAAVEDRA,desnutricion global,desnutricion leve (l),2005-05-01,30,15,52,14,82,29,111
21601,GRAL. J.J. PEREZ (CHARAZANI),desnutricion global,desnutricion leve (l),2005-05-01,14,20,19,21,33,41,74
20602,GUANAY,desnutricion global,desnutricion leve (l),2005-05-01,15,15,24,18,39,33,72
20802,GUAQUI,desnutricion global,desnutricion leve (l),2005-05-01,4,3,4,3,8,6,14
80202,GUAYARAMERIN,desnutricion global,desnutricion leve (l),2005-05-01,42,42,34,34,76,76,152
70705,GUTIERREZ,desnutricion global,desnutricion leve (l),2005-05-01,41,34,64,75,105,109,214
10502,HUACARETA,desnutricion global,desnutricion leve (l),2005-05-01,20,19,20,41,40,60,100
11002,HUACAYA (VILLA DE HUACAYA),desnutricion global,desnutricion leve (l),2005-05-01,2,3,15,7,17,10,27
40501,HUACHACALLA,desnutricion global,desnutricion leve (l),2005-05-01,6,2,2,3,8,5,13
40701,HUANUNI,desnutricion global,desnutricion leve (l),2005-05-01,30,15,13,17,43,32,75
80803,HUARACAJE,desnutricion global,desnutricion leve (l),2005-05-01,10,5,14,0,24,5,29
41601,HUAYLLAMARCA,desnutricion global,desnutricion leve (l),2005-05-01,4,8,6,6,10,14,24
21005,ICHOCA,desnutricion global,desnutricion leve (l),2005-05-01,8,4,11,5,19,9,28
10304,ICLA,desnutricion global,desnutricion leve (l),2005-05-01,58,39,108,97,166,136,302
10703,INCAHUASI,desnutricion global,desnutricion leve (l),2005-05-01,109,118,143,182,252,300,552
90402,INGAVI (HUMAITA),desnutricion global,desnutricion leve (l),2005-05-01,0,0,0,4,0,4,4
21001,INQUISIVI,desnutricion global,desnutricion leve (l),2005-05-01,38,31,30,26,68,57,125
21102,IRUPANA (VILLA DE LANZA),desnutricion global,desnutricion leve (l),2005-05-01,32,17,19,31,51,48,99
21501,IXIAMAS,desnutricion global,desnutricion leve (l),2005-05-01,19,8,27,15,46,23,69
20806,JESUS DE MACHACA,desnutricion global,desnutricion leve (l),2005-05-01,19,12,19,8,38,20,58
21105,LA ASUNTA,desnutricion global,desnutricion leve (l),2005-05-01,26,27,8,11,34,38,72
70104,LA GUARDIA,desnutricion global,desnutricion leve (l),2005-05-01,42,18,26,17,68,35,103
20101,LA PAZ,desnutricion global,desnutricion leve (l),2005-05-01,806,739,534,555,1340,1294,2634
70701,LAGUNILLAS,desnutricion global,desnutricion leve (l),2005-05-01,9,9,27,12,36,21,57
21202,LAJA,desnutricion global,desnutricion leve (l),2005-05-01,24,20,10,7,34,27,61
10903,LAS CARRERAS,desnutricion global,desnutricion leve (l),2005-05-01,4,10,17,11,21,21,42
50203,LLALLAGUA,desnutricion global,desnutricion leve (l),2005-05-01,85,70,176,127,261,197,458
51401,LLICA,desnutricion global,desnutricion leve (l),2005-05-01,1,4,6,4,7,8,15
80601,LORETO,desnutricion global,desnutricion leve (l),2005-05-01,1,2,4,2,5,4,9
20901,LURIBAY,desnutricion global,desnutricion leve (l),2005-05-01,21,27,25,34,46,61,107
40702,MACHACAMARCA,desnutricion global,desnutricion leve (l),2005-05-01,3,5,0,2,3,7,10
11003,MACHARETI,desnutricion global,desnutricion leve (l),2005-05-01,19,20,33,30,52,50,102
80801,MAGDALENA,desnutricion global,desnutricion leve (l),2005-05-01,10,13,8,9,18,22,40
70903,MAIRANA,desnutricion global,desnutricion leve (l),2005-05-01,12,3,4,3,16,6,22
20904,MALLA,desnutricion global,desnutricion leve (l),2005-05-01,5,6,3,7,8,13,21
20607,MAPIRI,desnutricion global,desnutricion leve (l),2005-05-01,14,18,22,18,36,36,72
20103,MECAPACA,desnutricion global,desnutricion leve (l),2005-05-01,26,18,20,14,46,32,78
71003,MINEROS,desnutricion global,desnutricion leve (l),2005-05-01,22,24,11,14,33,38,71
31301,MIZQUE,desnutricion global,desnutricion leve (l),2005-05-01,24,38,19,20,43,58,101
20402,MOCOMOCO,desnutricion global,desnutricion leve (l),2005-05-01,29,21,32,48,61,69,130
51002,MOJINETE,desnutricion global,desnutricion leve (l),2005-05-01,1,0,0,1,1,1,2
10303,MOJOCOYA,desnutricion global,desnutricion leve (l),2005-05-01,31,13,39,37,70,50,120
10501,MONTEAGUDO,desnutricion global,desnutricion leve (l),2005-05-01,48,61,77,103,125,164,289
71001,MONTERO,desnutricion global,desnutricion leve (l),2005-05-01,130,103,61,94,191,197,388
70803,MORO MORO,desnutricion global,desnutricion leve (l),2005-05-01,5,2,9,5,14,7,21
30302,MOROCHATA,desnutricion global,desnutricion leve (l),2005-05-01,44,45,53,53,97,98,195
90401,NACEBE (SANTA ROSA DEL ABUNA),desnutricion global,desnutricion leve (l),2005-05-01,1,3,1,2,2,5,7
20307,NAZACARA DE PACAJES,desnutricion global,desnutricion leve (l),2005-05-01,1,0,1,2,2,2,4
90501,NUEVO MANOA (NUEVA ESPERANZA),desnutricion global,desnutricion leve (l),2005-05-01,1,0,1,1,2,1,3
50404,OCURI,desnutricion global,desnutricion leve (l),2005-05-01,50,30,50,30,100,60,160
70202,OKINAWA,desnutricion global,desnutricion leve (l),2005-05-01,11,8,6,5,17,13,30
30203,OMEREQUE,desnutricion global,desnutricion leve (l),2005-05-01,11,7,8,6,19,13,32
40101,ORURO,desnutricion global,desnutricion leve (l),2005-05-01,314,265,230,252,544,517,1061
60201,PADCAYA,desnutricion global,desnutricion leve (l),2005-05-01,17,15,40,43,57,58,115
10401,PADILLA,desnutricion global,desnutricion leve (l),2005-05-01,35,38,76,88,111,126,237
70502,PAILON,desnutricion global,desnutricion leve (l),2005-05-01,2,50,51,3,53,53,106
20102,PALCA,desnutricion global,desnutricion leve (l),2005-05-01,20,19,12,11,32,30,62
21104,PALOS BLANCOS,desnutricion global,desnutricion leve (l),2005-05-01,60,57,63,63,123,120,243
40802,PAMPA AULLAGAS,desnutricion global,desnutricion leve (l),2005-05-01,10,2,7,4,17,6,23
70902,PAMPA GRANDE,desnutricion global,desnutricion leve (l),2005-05-01,7,13,6,10,13,23,36
21802,PAPEL PAMPA,desnutricion global,desnutricion leve (l),2005-05-01,8,8,2,2,10,10,20
30202,PASORAPA,desnutricion global,desnutricion leve (l),2005-05-01,4,7,9,7,13,14,27
21305,PATACAMAYA,desnutricion global,desnutricion leve (l),2005-05-01,81,78,73,62,154,140,294
40602,PAZÑA,desnutricion global,desnutricion leve (l),2005-05-01,4,14,9,12,13,26,39
20702,PELECHUCO,desnutricion global,desnutricion leve (l),2005-05-01,13,9,10,17,23,26,49
50403,POCOATA,desnutricion global,desnutricion leve (l),2005-05-01,55,81,90,101,145,182,327
31203,POCONA,desnutricion global,desnutricion leve (l),2005-05-01,13,20,14,16,27,36,63
31202,POJO (CBBA),desnutricion global,desnutricion leve (l),2005-05-01,27,25,32,54,59,79,138
40601,POOPO,desnutricion global,desnutricion leve (l),2005-05-01,2,4,6,7,8,11,19
51203,PORCO,desnutricion global,desnutricion leve (l),2005-05-01,11,9,3,5,14,14,28
10103,POROMA,desnutricion global,desnutricion leve (l),2005-05-01,51,53,73,99,124,152,276
70103,PORONGO,desnutricion global,desnutricion leve (l),2005-05-01,11,8,4,1,15,9,24
70601,PORTACHUELO,desnutricion global,desnutricion leve (l),2005-05-01,13,11,18,23,31,34,65
90102,PORVENIR,desnutricion global,desnutricion leve (l),2005-05-01,1,3,4,3,5,6,11
70804,POSTRER VALLE,desnutricion global,desnutricion leve (l),2005-05-01,3,1,8,12,11,13,24
50101,POTOSI,desnutricion global,desnutricion leve (l),2005-05-01,214,169,136,99,350,268,618
10302,PRESTO,desnutricion global,desnutricion leve (l),2005-05-01,35,29,51,57,86,86,172
21201,PUCARANI,desnutricion global,desnutricion leve (l),2005-05-01,29,29,28,26,57,55,112
20401,PUERTO ACOSTA,desnutricion global,desnutricion leve (l),2005-05-01,20,24,20,21,40,45,85
20403,PUERTO CARABUCO,desnutricion global,desnutricion leve (l),2005-05-01,28,29,28,25,56,54,110
90301,PUERTO GONZALO MORENO,desnutricion global,desnutricion leve (l),2005-05-01,7,4,5,4,12,8,20
21204,PUERTO PEREZ,desnutricion global,desnutricion leve (l),2005-05-01,6,2,6,5,12,7,19
90201,PUERTO RICO,desnutricion global,desnutricion leve (l),2005-05-01,5,3,11,7,16,10,26
80703,PUERTO SILES,desnutricion global,desnutricion leve (l),2005-05-01,8,3,4,6,12,9,21
31205,PUERTO VILLARROEL,desnutricion global,desnutricion leve (l),2005-05-01,110,87,83,101,193,188,381
51101,PUNA,desnutricion global,desnutricion leve (l),2005-05-01,82,50,132,62,214,112,326
31401,PUNATA,desnutricion global,desnutricion leve (l),2005-05-01,26,29,23,33,49,62,111
20604,QUIABAYA,desnutricion global,desnutricion leve (l),2005-05-01,2,0,2,1,4,1,5
30901,QUILLACOLLO,desnutricion global,desnutricion leve (l),2005-05-01,97,84,56,57,153,141,294
21002,QUIME,desnutricion global,desnutricion leve (l),2005-05-01,17,13,34,34,51,47,98
70904,QUIRUSILLAS,desnutricion global,desnutricion leve (l),2005-05-01,2,2,0,0,2,2,4
50402,RAVELO,desnutricion global,desnutricion leve (l),2005-05-01,142,124,151,186,293,310,603
80301,REYES,desnutricion global,desnutricion leve (l),2005-05-01,15,15,10,14,25,29,54
80201,RIBERALTA,desnutricion global,desnutricion leve (l),2005-05-01,153,187,110,132,263,319,582
70503,ROBORE,desnutricion global,desnutricion leve (l),2005-05-01,6,12,8,4,14,16,30
80304,RURRENABAQUE,desnutricion global,desnutricion leve (l),2005-05-01,7,8,3,2,10,10,20
40901,SABAYA,desnutricion global,desnutricion leve (l),2005-05-01,4,4,1,4,5,8,13
31001,SACABA,desnutricion global,desnutricion leve (l),2005-05-01,92,88,72,71,164,159,323
30404,SACABAMBA,desnutricion global,desnutricion leve (l),2005-05-01,4,8,10,22,14,30,44
71302,SAIPINA,desnutricion global,desnutricion leve (l),2005-05-01,12,9,15,4,27,13,40
40801,SALINAS DE GARCI MENDOZA,desnutricion global,desnutricion leve (l),2005-05-01,12,15,24,21,36,36,72
70901,SAMAIPATA,desnutricion global,desnutricion leve (l),2005-05-01,9,1,15,0,24,1,25
51601,SAN AGUSTIN,desnutricion global,desnutricion leve (l),2005-05-01,0,2,1,1,1,3,4
80602,SAN ANDRES,desnutricion global,desnutricion leve (l),2005-05-01,17,15,4,7,21,22,43
20805,SAN ANDRES DE MACHACA,desnutricion global,desnutricion leve (l),2005-05-01,5,10,4,4,9,14,23
51003,SAN ANTONIO DE ESMORUCO,desnutricion global,desnutricion leve (l),2005-05-01,0,1,4,2,4,3,7
71105,SAN ANTONIO DE LOMERIO,desnutricion global,desnutricion leve (l),2005-05-01,34,29,56,74,90,103,193
31403,SAN BENITO,desnutricion global,desnutricion leve (l),2005-05-01,14,16,14,28,28,44,72
80302,SAN BORJA,desnutricion global,desnutricion leve (l),2005-05-01,47,45,39,35,86,80,166
21502,SAN BUENA VENTURA,desnutricion global,desnutricion leve (l),2005-05-01,4,14,5,12,9,26,35
70402,SAN CARLOS,desnutricion global,desnutricion leve (l),2005-05-01,13,20,13,12,26,32,58
80501,SAN IGNACIO,desnutricion global,desnutricion leve (l),2005-05-01,34,30,48,30,82,60,142
70301,SAN IGNACIO DE VELASCO,desnutricion global,desnutricion leve (l),2005-05-01,121,109,97,126,218,235,453
80102,SAN JAVIER(BNI),desnutricion global,desnutricion leve (l),2005-05-01,2,3,3,1,5,4,9
71102,SAN JAVIER(STC),desnutricion global,desnutricion leve (l),2005-05-01,2,2,1,0,3,2,5
80701,SAN JOAQUIN,desnutricion global,desnutricion leve (l),2005-05-01,2,4,9,10,11,14,25
70501,SAN JOSE DE CHIQUITOS,desnutricion global,desnutricion leve (l),2005-05-01,24,16,8,14,32,30,62
70404,SAN JUAN DE YAPACANI,desnutricion global,desnutricion leve (l),2005-05-01,17,13,13,10,30,23,53
71104,SAN JULIAN,desnutricion global,desnutricion leve (l),2005-05-01,35,19,69,18,104,37,141
90302,SAN LORENZO(PND),desnutricion global,desnutricion leve (l),2005-05-01,6,3,3,6,9,9,18
60501,SAN LORENZO(TJA),desnutricion global,desnutricion leve (l),2005-05-01,30,32,38,68,68,100,168
10702,SAN LUCAS,desnutricion global,desnutricion leve (l),2005-05-01,163,187,231,278,394,465,859
70302,SAN MIGUEL DE VELASCO,desnutricion global,desnutricion leve (l),2005-05-01,23,24,33,41,56,65,121
51001,SAN PABLO DE LIPEZ,desnutricion global,desnutricion leve (l),2005-05-01,4,2,3,15,7,17,24
71005,SAN PEDRO,desnutricion global,desnutricion leve (l),2005-05-01,13,16,16,25,29,41,70
50501,SAN PEDRO DE BUENA VISTA,desnutricion global,desnutricion leve (l),2005-05-01,79,116,89,88,168,204,372
21801,SAN PEDRO DE CURAHUARA,desnutricion global,desnutricion leve (l),2005-05-01,6,5,9,11,15,16,31
50902,SAN PEDRO DE QUEMES,desnutricion global,desnutricion leve (l),2005-05-01,0,3,0,1,0,4,4
21702,SAN PEDRO DE TIQUINA,desnutricion global,desnutricion leve (l),2005-05-01,2,7,3,5,5,12,17
90202,SAN PEDRO(PND),desnutricion global,desnutricion leve (l),2005-05-01,2,1,2,1,4,2,6
70303,SAN RAFAEL,desnutricion global,desnutricion leve (l),2005-05-01,18,13,22,17,40,30,70
80702,SAN RAMON,desnutricion global,desnutricion leve (l),2005-05-01,4,5,4,2,8,7,15
80702,SAN RAMON,desnutricion global,desnutricion leve (l),2005-05-01,0,0,1,3,1,3,4
80401,SANTA ANA,desnutricion global,desnutricion leve (l),2005-05-01,7,9,5,8,12,17,29
70101,SANTA CRUZ DE LA SIERRA,desnutricion global,desnutricion leve (l),2005-05-01,1201,1020,524,493,1725,1513,3238
80303,SANTA ROSA,desnutricion global,desnutricion leve (l),2005-05-01,16,15,14,14,30,29,59
70602,SANTA ROSA DEL SARA,desnutricion global,desnutricion leve (l),2005-05-01,18,15,18,20,36,35,71
20308,SANTIAGO DE CALLAPA,desnutricion global,desnutricion leve (l),2005-05-01,10,6,9,7,19,13,32
41401,SANTIAGO DE HUARI,desnutricion global,desnutricion leve (l),2005-05-01,18,9,7,10,25,19,44
21901,SANTIAGO DE MACHACA,desnutricion global,desnutricion leve (l),2005-05-01,11,6,14,9,25,15,40
30702,SANTIVAÑES,desnutricion global,desnutricion leve (l),2005-05-01,12,12,22,25,34,37,71
40202,SANTUARIO DE QUILLACAS,desnutricion global,desnutricion leve (l),2005-05-01,7,2,7,12,14,14,28
20902,SAPAHAQUI,desnutricion global,desnutricion leve (l),2005-05-01,7,9,13,16,20,25,45
90303,SENA,desnutricion global,desnutricion leve (l),2005-05-01,30,35,40,31,70,66,136
21301,SICA SICA (VILLA AROMA),desnutricion global,desnutricion leve (l),2005-05-01,62,56,71,86,133,142,275
30703,SICAYA,desnutricion global,desnutricion leve (l),2005-05-01,16,12,20,14,36,26,62
30902,SIPE SIPE,desnutricion global,desnutricion leve (l),2005-05-01,81,90,78,75,159,165,324
10403,SOPACHUY,desnutricion global,desnutricion leve (l),2005-05-01,25,37,47,56,72,93,165
40104,SORACACHI,desnutricion global,desnutricion leve (l),2005-05-01,11,8,19,10,30,18,48
20601,SORATA,desnutricion global,desnutricion leve (l),2005-05-01,23,29,34,38,57,67,124
10101,SUCRE,desnutricion global,desnutricion leve (l),2005-05-01,272,271,342,302,614,573,1187
31404,TACACHI,desnutricion global,desnutricion leve (l),2005-05-01,2,2,0,7,2,9,11
20603,TACACOMA,desnutricion global,desnutricion leve (l),2005-05-01,2,7,2,6,4,13,17
50303,TACOBAMBA,desnutricion global,desnutricion leve (l),2005-05-01,2,1,4,5,6,6,12
30602,TACOPAYA,desnutricion global,desnutricion leve (l),2005-05-01,8,20,26,23,34,43,77
51402,TAHUA,desnutricion global,desnutricion leve (l),2005-05-01,1,2,3,3,4,5,9
31101,TAPACARI,desnutricion global,desnutricion leve (l),2005-05-01,54,57,64,69,118,126,244
10601,TARABUCO,desnutricion global,desnutricion leve (l),2005-05-01,155,132,254,252,409,384,793
20807,TARACO,desnutricion global,desnutricion leve (l),2005-05-01,12,9,6,8,18,17,35
30401,TARATA,desnutricion global,desnutricion leve (l),2005-05-01,21,24,11,9,32,33,65
60101,TARIJA,desnutricion global,desnutricion leve (l),2005-05-01,96,107,86,115,182,222,404
10202,TARVITA,desnutricion global,desnutricion leve (l),2005-05-01,78,98,178,212,256,310,566
20608,TEOPONTE,desnutricion global,desnutricion leve (l),2005-05-01,15,23,22,17,37,40,77
20803,TIAWANACU,desnutricion global,desnutricion leve (l),2005-05-01,15,11,15,10,30,21,51
50102,TINGUIPAYA,desnutricion global,desnutricion leve (l),2005-05-01,53,74,71,56,124,130,254
20606,TIPUANI,desnutricion global,desnutricion leve (l),2005-05-01,13,10,5,7,18,17,35
30903,TIQUIPAYA,desnutricion global,desnutricion leve (l),2005-05-01,8,10,5,6,13,16,29
31601,TIRAQUE (CBBA),desnutricion global,desnutricion leve (l),2005-05-01,77,162,70,72,147,234,381
21703,TITO YUPANQUI (PARQUIPUJIO),desnutricion global,desnutricion leve (l),2005-05-01,3,2,7,3,10,5,15
30802,TOCO,desnutricion global,desnutricion leve (l),2005-05-01,4,1,5,5,9,6,15
30803,TOLATA,desnutricion global,desnutricion leve (l),2005-05-01,5,5,1,2,6,7,13
41001,TOLEDO,desnutricion global,desnutricion leve (l),2005-05-01,9,8,3,4,12,12,24
51202,TOMAVE,desnutricion global,desnutricion leve (l),2005-05-01,48,9,55,20,103,29,132
10402,TOMINA,desnutricion global,desnutricion leve (l),2005-05-01,52,62,88,109,140,171,311
50502,TORO TORO,desnutricion global,desnutricion leve (l),2005-05-01,49,42,41,46,90,88,178
31201,TOTORA(CBBA),desnutricion global,desnutricion leve (l),2005-05-01,27,22,11,16,38,38,76
41301,TOTORA(ORR),desnutricion global,desnutricion leve (l),2005-05-01,5,6,5,6,10,12,22
70802,TRIGAL,desnutricion global,desnutricion leve (l),2005-05-01,1,1,0,1,1,2,3
80101,TRINIDAD,desnutricion global,desnutricion leve (l),2005-05-01,99,98,49,64,148,162,310
50801,TUPIZA,desnutricion global,desnutricion leve (l),2005-05-01,61,71,62,77,123,148,271
40402,TURCO,desnutricion global,desnutricion leve (l),2005-05-01,2,3,10,11,12,14,26
21302,UMALA,desnutricion global,desnutricion leve (l),2005-05-01,0,1,1,1,1,2,3
50201,UNCIA,desnutricion global,desnutricion leve (l),2005-05-01,55,41,58,58,113,99,212
60401,URIONDO (A. CONCEPCION),desnutricion global,desnutricion leve (l),2005-05-01,24,23,46,46,70,69,139
51201,UYUNI,desnutricion global,desnutricion leve (l),2005-05-01,17,16,30,28,47,44,91
30502,VACAS,desnutricion global,desnutricion leve (l),2005-05-01,22,11,8,6,30,17,47
70801,VALLEGRANDE,desnutricion global,desnutricion leve (l),2005-05-01,36,32,28,34,64,66,130
20801,VIACHA,desnutricion global,desnutricion leve (l),2005-05-01,36,44,30,34,66,78,144
31302,VILA VILA,desnutricion global,desnutricion leve (l),2005-05-01,20,6,15,10,35,16,51
60303,VILLA MONTES,desnutricion global,desnutricion leve (l),2005-05-01,25,15,15,15,40,30,70
90502,VILLA NUEVA (LOMA ALTA),desnutricion global,desnutricion leve (l),2005-05-01,2,1,1,1,3,2,5
31402,VILLA RIVERO,desnutricion global,desnutricion leve (l),2005-05-01,15,6,7,3,22,9,31
10801,VILLA SERRANO,desnutricion global,desnutricion leve (l),2005-05-01,65,46,93,88,158,134,292
31003,VILLA TUNARI,desnutricion global,desnutricion leve (l),2005-05-01,110,108,127,119,237,227,464
11001,VILLA VACA GUZMAN (MUYUPAMPA),desnutricion global,desnutricion leve (l),2005-05-01,26,25,50,52,76,77,153
51501,VILLAZON,desnutricion global,desnutricion leve (l),2005-05-01,54,46,60,62,114,108,222
30904,VINTO,desnutricion global,desnutricion leve (l),2005-05-01,9,8,0,2,9,10,19
50602,VITICHI,desnutricion global,desnutricion leve (l),2005-05-01,44,16,74,21,118,37,155
20306,WALDO BALLIVIAN,desnutricion global,desnutricion leve (l),2005-05-01,0,0,4,0,4,0,4
70201,WARNES,desnutricion global,desnutricion leve (l),2005-05-01,38,27,26,23,64,50,114
20903,YACO,desnutricion global,desnutricion leve (l),2005-05-01,10,17,15,16,25,33,58
60301,YACUIBA,desnutricion global,desnutricion leve (l),2005-05-01,24,37,21,23,45,60,105
10602,YAMPARAEZ,desnutricion global,desnutricion leve (l),2005-05-01,61,55,128,104,189,159,348
21103,YANACACHI,desnutricion global,desnutricion leve (l),2005-05-01,9,3,4,5,13,8,21
70403,YAPACANI,desnutricion global,desnutricion leve (l),2005-05-01,49,38,61,39,110,77,187
50103,YOCALLA,desnutricion global,desnutricion leve (l),2005-05-01,6,3,7,5,13,8,21
10102,YOTALA,desnutricion global,desnutricion leve (l),2005-05-01,35,21,60,54,95,75,170
60402,YUNCHARA,desnutricion global,desnutricion leve (l),2005-05-01,14,15,41,31,55,46,101
10301,ZUDAÑEZ,desnutricion global,desnutricion leve (l),2005-05-01,28,36,58,79,86,115,201
51302,ACACIO,desnutricion global,desnutricion leve (l),2005-06-01,20,24,37,49,57,73,130
20201,ACHACACHI,desnutricion global,desnutricion leve (l),2005-06-01,36,47,42,54,78,101,179
20104,ACHOCALLA,desnutricion global,desnutricion leve (l),2005-06-01,11,13,11,14,22,27,49
30201,AIQUILE,desnutricion global,desnutricion leve (l),2005-06-01,16,12,23,26,39,38,77
31303,ALALAY,desnutricion global,desnutricion leve (l),2005-06-01,4,8,0,0,4,8,12
10404,ALCALA,desnutricion global,desnutricion leve (l),2005-06-01,12,13,43,31,55,44,99
20202,ANCORAIMES,desnutricion global,desnutricion leve (l),2005-06-01,28,20,29,32,57,52,109
41201,ANDAMARCA,desnutricion global,desnutricion leve (l),2005-06-01,6,2,6,4,12,6,18
40603,ANTEQUERA,desnutricion global,desnutricion leve (l),2005-06-01,10,11,10,14,20,25,45
30402,ANZALDO,desnutricion global,desnutricion leve (l),2005-06-01,3,7,9,12,12,19,31
20701,APOLO,desnutricion global,desnutricion leve (l),2005-06-01,19,13,20,14,39,27,66
51301,ARAMPAMPA,desnutricion global,desnutricion leve (l),2005-06-01,46,48,73,84,119,132,251
30501,ARANI,desnutricion global,desnutricion leve (l),2005-06-01,10,9,10,8,20,17,37
30403,ARBIETO,desnutricion global,desnutricion leve (l),2005-06-01,13,14,18,17,31,31,62
30601,ARQUE,desnutricion global,desnutricion leve (l),2005-06-01,36,34,18,37,54,71,125
50802,ATOCHA,desnutricion global,desnutricion leve (l),2005-06-01,34,25,43,19,77,44,121
20503,AUCAPATA,desnutricion global,desnutricion leve (l),2005-06-01,9,9,8,10,17,19,36
20502,AYATA,desnutricion global,desnutricion leve (l),2005-06-01,20,8,10,8,30,16,46
21303,AYO AYO,desnutricion global,desnutricion leve (l),2005-06-01,15,13,12,13,27,26,53
30301,AYOPAYA (V. DE INDEPENDENCIA),desnutricion global,desnutricion leve (l),2005-06-01,53,65,56,73,109,138,247
10201,AZURDUY,desnutricion global,desnutricion leve (l),2005-06-01,39,38,72,82,111,120,231
21203,BATALLAS,desnutricion global,desnutricion leve (l),2005-06-01,18,21,13,14,31,35,66
80802,BAURES,desnutricion global,desnutricion leve (l),2005-06-01,5,6,7,6,12,12,24
41202,BELEN DE ANDAMARCA,desnutricion global,desnutricion leve (l),2005-06-01,3,0,2,0,5,0,5
50104,BELEN DE URMIRI,desnutricion global,desnutricion leve (l),2005-06-01,2,3,7,10,9,13,22
90104,BELLA FLOR,desnutricion global,desnutricion leve (l),2005-06-01,2,2,1,2,3,4,7
60202,BERMEJO,desnutricion global,desnutricion leve (l),2005-06-01,10,10,14,22,24,32,56
50301,BETANZOS,desnutricion global,desnutricion leve (l),2005-06-01,87,78,101,116,188,194,382
31501,BOLIVAR,desnutricion global,desnutricion leve (l),2005-06-01,28,23,20,28,48,51,99
90103,BOLPEBRA,desnutricion global,desnutricion leve (l),2005-06-01,2,3,3,0,5,3,8
70707,BOYUIBE,desnutricion global,desnutricion leve (l),2005-06-01,4,8,9,11,13,19,32
70401,BUENA VISTA,desnutricion global,desnutricion leve (l),2005-06-01,19,17,24,29,43,46,89
70703,CABEZAS,desnutricion global,desnutricion leve (l),2005-06-01,21,25,29,34,50,59,109
20905,CAIROMA,desnutricion global,desnutricion leve (l),2005-06-01,47,53,43,59,90,112,202
51102,"CAIZA ""D""",desnutricion global,desnutricion leve (l),2005-06-01,19,18,31,33,50,51,101
21003,CAJUATA,desnutricion global,desnutricion leve (l),2005-06-01,13,11,10,10,23,21,44
20303,CALACOTO,desnutricion global,desnutricion leve (l),2005-06-01,1,3,4,5,5,8,13
21304,CALAMARCA,desnutricion global,desnutricion leve (l),2005-06-01,78,80,65,89,143,169,312
10701,CAMARGO,desnutricion global,desnutricion leve (l),2005-06-01,60,77,73,87,133,164,297
10901,CAMATAQUI (C. VILLA ABECIA),desnutricion global,desnutricion leve (l),2005-06-01,11,15,17,10,28,25,53
70706,CAMIRI,desnutricion global,desnutricion leve (l),2005-06-01,47,40,37,54,84,94,178
30701,CAPINOTA,desnutricion global,desnutricion leve (l),2005-06-01,42,62,79,56,121,118,239
20302,CAQUIAVIRI,desnutricion global,desnutricion leve (l),2005-06-01,5,12,7,12,12,24,36
40102,CARACOLLO,desnutricion global,desnutricion leve (l),2005-06-01,15,12,24,14,39,26,65
22001,CARANAVI,desnutricion global,desnutricion leve (l),2005-06-01,96,82,64,82,160,164,324
41503,CARANGAS,desnutricion global,desnutricion leve (l),2005-06-01,0,2,0,0,0,2,2
60302,CARAPARI,desnutricion global,desnutricion leve (l),2005-06-01,9,9,17,22,26,31,57
50702,CARIPUYO,desnutricion global,desnutricion leve (l),2005-06-01,80,54,98,103,178,157,335
21902,CATACORA,desnutricion global,desnutricion leve (l),2005-06-01,1,0,1,2,2,2,4
21803,CHACARILLA,desnutricion global,desnutricion leve (l),2005-06-01,1,1,4,2,5,3,8
40201,CHALLAPATA,desnutricion global,desnutricion leve (l),2005-06-01,60,66,76,81,136,147,283
50302,CHAQUI,desnutricion global,desnutricion leve (l),2005-06-01,19,16,28,22,47,38,85
70702,CHARAGUA,desnutricion global,desnutricion leve (l),2005-06-01,33,33,23,33,56,66,122
20305,CHARAÑA,desnutricion global,desnutricion leve (l),2005-06-01,2,2,1,2,3,4,7
50202,CHAYANTA,desnutricion global,desnutricion leve (l),2005-06-01,48,34,45,58,93,92,185
31204,CHIMORE,desnutricion global,desnutricion leve (l),2005-06-01,24,21,19,20,43,41,84
40903,CHIPAYA,desnutricion global,desnutricion leve (l),2005-06-01,0,1,4,3,4,4,8
21101,CHULUMANI (V. DE LA LIBERTAD),desnutricion global,desnutricion leve (l),2005-06-01,11,17,5,11,16,28,44
20501,CHUMA,desnutricion global,desnutricion leve (l),2005-06-01,23,16,22,27,45,43,88
30801,CLIZA,desnutricion global,desnutricion leve (l),2005-06-01,57,10,24,5,81,15,96
90101,COBIJA,desnutricion global,desnutricion leve (l),2005-06-01,41,37,39,31,80,68,148
30101,COCHABAMBA,desnutricion global,desnutricion leve (l),2005-06-01,345,284,202,208,547,492,1039
30905,COLCAPIRHUA,desnutricion global,desnutricion leve (l),2005-06-01,83,60,59,67,142,127,269
50901,"COLCHA ""K""",desnutricion global,desnutricion leve (l),2005-06-01,24,32,26,48,50,80,130
21307,COLLANA,desnutricion global,desnutricion leve (l),2005-06-01,9,8,6,5,15,13,28
31002,COLOMI,desnutricion global,desnutricion leve (l),2005-06-01,42,45,27,46,69,91,160
70603,COLPA BELGICA,desnutricion global,desnutricion leve (l),2005-06-01,4,4,3,3,7,7,14
50401,COLQUECHACA,desnutricion global,desnutricion leve (l),2005-06-01,103,93,88,80,191,173,364
21306,COLQUENCHA,desnutricion global,desnutricion leve (l),2005-06-01,42,31,62,53,104,84,188
21004,COLQUIRI,desnutricion global,desnutricion leve (l),2005-06-01,33,32,28,31,61,63,124
20304,COMANCHE,desnutricion global,desnutricion leve (l),2005-06-01,6,3,11,7,17,10,27
71301,COMARAPA,desnutricion global,desnutricion leve (l),2005-06-01,35,13,34,36,69,49,118
20605,COMBAYA,desnutricion global,desnutricion leve (l),2005-06-01,3,5,3,3,6,8,14
71101,CONCEPCION,desnutricion global,desnutricion leve (l),2005-06-01,29,0,6,0,35,0,35
21701,COPACABANA,desnutricion global,desnutricion leve (l),2005-06-01,20,11,6,8,26,19,45
21402,CORIPATA,desnutricion global,desnutricion leve (l),2005-06-01,22,26,14,21,36,47,83
20301,CORO CORO,desnutricion global,desnutricion leve (l),2005-06-01,33,15,29,16,62,31,93
21401,COROICO,desnutricion global,desnutricion leve (l),2005-06-01,19,6,8,6,27,12,39
40301,CORQUE,desnutricion global,desnutricion leve (l),2005-06-01,18,14,12,14,30,28,58
50601,COTAGAITA,desnutricion global,desnutricion leve (l),2005-06-01,40,39,62,67,102,106,208
70102,COTOCA,desnutricion global,desnutricion leve (l),2005-06-01,42,40,16,21,58,61,119
71106,CUATRO CAÑADAS,desnutricion global,desnutricion leve (l),2005-06-01,15,5,26,4,41,9,50
31405,CUCHUMUELA (V. G. VILLARROEL),desnutricion global,desnutricion leve (l),2005-06-01,2,2,2,3,4,5,9
70704,CUEVO,desnutricion global,desnutricion leve (l),2005-06-01,2,0,10,6,12,6,18
10902,CULPINA,desnutricion global,desnutricion leve (l),2005-06-01,102,94,110,153,212,247,459
40401,CURAHUARA DE CARANGAS,desnutricion global,desnutricion leve (l),2005-06-01,8,7,9,5,17,12,29
21602,CURVA,desnutricion global,desnutricion leve (l),2005-06-01,1,0,1,0,2,0,2
20804,DESAGUADERO,desnutricion global,desnutricion leve (l),2005-06-01,6,11,2,0,8,11,19
20105,EL ALTO,desnutricion global,desnutricion leve (l),2005-06-01,1105,928,588,598,1693,1526,3219
40103,EL CHORO,desnutricion global,desnutricion leve (l),2005-06-01,1,1,2,1,3,2,5
60502,EL PUENTE(TJA),desnutricion global,desnutricion leve (l),2005-06-01,17,11,33,26,50,37,87
70105,EL TORNO,desnutricion global,desnutricion leve (l),2005-06-01,30,33,17,20,47,53,100
10405,EL VILLAR,desnutricion global,desnutricion leve (l),2005-06-01,7,15,27,42,34,57,91
60601,ENTRE RIOS,desnutricion global,desnutricion leve (l),2005-06-01,52,65,45,39,97,104,201
60601,ENTRE RIOS,desnutricion global,desnutricion leve (l),2005-06-01,19,25,14,36,33,61,94
41101,EUCALIPTUS,desnutricion global,desnutricion leve (l),2005-06-01,8,5,7,3,15,8,23
80402,EXALTACION,desnutricion global,desnutricion leve (l),2005-06-01,6,8,3,2,9,10,19
71004,FERNANDEZ ALONSO,desnutricion global,desnutricion leve (l),2005-06-01,31,29,23,37,54,66,120
90203,FILADELFIA,desnutricion global,desnutricion leve (l),2005-06-01,2,4,2,2,4,6,10
71002,GENERAL SAAVEDRA,desnutricion global,desnutricion leve (l),2005-06-01,32,33,41,30,73,63,136
21601,GRAL. J.J. PEREZ (CHARAZANI),desnutricion global,desnutricion leve (l),2005-06-01,25,19,24,30,49,49,98
20602,GUANAY,desnutricion global,desnutricion leve (l),2005-06-01,17,18,16,15,33,33,66
20802,GUAQUI,desnutricion global,desnutricion leve (l),2005-06-01,9,5,13,11,22,16,38
80202,GUAYARAMERIN,desnutricion global,desnutricion leve (l),2005-06-01,65,54,40,44,105,98,203
70705,GUTIERREZ,desnutricion global,desnutricion leve (l),2005-06-01,55,28,72,73,127,101,228
10502,HUACARETA,desnutricion global,desnutricion leve (l),2005-06-01,14,15,23,36,37,51,88
11002,HUACAYA (VILLA DE HUACAYA),desnutricion global,desnutricion leve (l),2005-06-01,10,4,15,18,25,22,47
40501,HUACHACALLA,desnutricion global,desnutricion leve (l),2005-06-01,0,0,1,0,1,0,1
40701,HUANUNI,desnutricion global,desnutricion leve (l),2005-06-01,24,28,13,15,37,43,80
80803,HUARACAJE,desnutricion global,desnutricion leve (l),2005-06-01,4,11,8,0,12,11,23
41601,HUAYLLAMARCA,desnutricion global,desnutricion leve (l),2005-06-01,4,5,1,3,5,8,13
21005,ICHOCA,desnutricion global,desnutricion leve (l),2005-06-01,8,8,12,12,20,20,40
10304,ICLA,desnutricion global,desnutricion leve (l),2005-06-01,56,56,139,107,195,163,358
10703,INCAHUASI,desnutricion global,desnutricion leve (l),2005-06-01,110,130,129,168,239,298,537
90402,INGAVI (HUMAITA),desnutricion global,desnutricion leve (l),2005-06-01,2,0,2,2,4,2,6
21001,INQUISIVI,desnutricion global,desnutricion leve (l),2005-06-01,35,26,42,46,77,72,149
21102,IRUPANA (VILLA DE LANZA),desnutricion global,desnutricion leve (l),2005-06-01,43,29,35,36,78,65,143
21501,IXIAMAS,desnutricion global,desnutricion leve (l),2005-06-01,16,7,14,13,30,20,50
20806,JESUS DE MACHACA,desnutricion global,desnutricion leve (l),2005-06-01,15,12,11,9,26,21,47
21105,LA ASUNTA,desnutricion global,desnutricion leve (l),2005-06-01,24,36,12,13,36,49,85
70104,LA GUARDIA,desnutricion global,desnutricion leve (l),2005-06-01,57,39,40,29,97,68,165
20101,LA PAZ,desnutricion global,desnutricion leve (l),2005-06-01,772,667,423,472,1195,1139,2334
70701,LAGUNILLAS,desnutricion global,desnutricion leve (l),2005-06-01,26,24,23,28,49,52,101
21202,LAJA,desnutricion global,desnutricion leve (l),2005-06-01,22,14,16,19,38,33,71
10903,LAS CARRERAS,desnutricion global,desnutricion leve (l),2005-06-01,5,13,22,22,27,35,62
50203,LLALLAGUA,desnutricion global,desnutricion leve (l),2005-06-01,84,69,114,101,198,170,368
51401,LLICA,desnutricion global,desnutricion leve (l),2005-06-01,5,10,4,6,9,16,25
80601,LORETO,desnutricion global,desnutricion leve (l),2005-06-01,5,6,14,7,19,13,32
20901,LURIBAY,desnutricion global,desnutricion leve (l),2005-06-01,27,23,30,51,57,74,131
40702,MACHACAMARCA,desnutricion global,desnutricion leve (l),2005-06-01,6,7,7,2,13,9,22
11003,MACHARETI,desnutricion global,desnutricion leve (l),2005-06-01,17,19,23,39,40,58,98
80801,MAGDALENA,desnutricion global,desnutricion leve (l),2005-06-01,26,8,15,10,41,18,59
70903,MAIRANA,desnutricion global,desnutricion leve (l),2005-06-01,14,5,12,13,26,18,44
20904,MALLA,desnutricion global,desnutricion leve (l),2005-06-01,11,12,22,16,33,28,61
20607,MAPIRI,desnutricion global,desnutricion leve (l),2005-06-01,17,12,13,7,30,19,49
20103,MECAPACA,desnutricion global,desnutricion leve (l),2005-06-01,10,15,14,13,24,28,52
71003,MINEROS,desnutricion global,desnutricion leve (l),2005-06-01,48,24,27,25,75,49,124
31301,MIZQUE,desnutricion global,desnutricion leve (l),2005-06-01,39,57,45,39,84,96,180
20402,MOCOMOCO,desnutricion global,desnutricion leve (l),2005-06-01,20,26,27,35,47,61,108
51002,MOJINETE,desnutricion global,desnutricion leve (l),2005-06-01,6,2,5,2,11,4,15
10303,MOJOCOYA,desnutricion global,desnutricion leve (l),2005-06-01,29,28,49,49,78,77,155
10501,MONTEAGUDO,desnutricion global,desnutricion leve (l),2005-06-01,69,37,93,117,162,154,316
71001,MONTERO,desnutricion global,desnutricion leve (l),2005-06-01,206,169,143,213,349,382,731
70803,MORO MORO,desnutricion global,desnutricion leve (l),2005-06-01,2,4,13,9,15,13,28
30302,MOROCHATA,desnutricion global,desnutricion leve (l),2005-06-01,77,56,52,38,129,94,223
90401,NACEBE (SANTA ROSA DEL ABUNA),desnutricion global,desnutricion leve (l),2005-06-01,1,0,1,1,2,1,3
20307,NAZACARA DE PACAJES,desnutricion global,desnutricion leve (l),2005-06-01,0,0,1,1,1,1,2
90501,NUEVO MANOA (NUEVA ESPERANZA),desnutricion global,desnutricion leve (l),2005-06-01,1,1,2,0,3,1,4
50404,OCURI,desnutricion global,desnutricion leve (l),2005-06-01,46,45,36,41,82,86,168
70202,OKINAWA,desnutricion global,desnutricion leve (l),2005-06-01,12,15,4,3,16,18,34
30203,OMEREQUE,desnutricion global,desnutricion leve (l),2005-06-01,14,17,11,19,25,36,61
40101,ORURO,desnutricion global,desnutricion leve (l),2005-06-01,341,283,234,237,575,520,1095
60201,PADCAYA,desnutricion global,desnutricion leve (l),2005-06-01,21,24,26,40,47,64,111
10401,PADILLA,desnutricion global,desnutricion leve (l),2005-06-01,42,52,92,106,134,158,292
20102,PALCA,desnutricion global,desnutricion leve (l),2005-06-01,14,6,5,6,19,12,31
21104,PALOS BLANCOS,desnutricion global,desnutricion leve (l),2005-06-01,57,51,63,57,120,108,228
40802,PAMPA AULLAGAS,desnutricion global,desnutricion leve (l),2005-06-01,8,11,8,7,16,18,34
70902,PAMPA GRANDE,desnutricion global,desnutricion leve (l),2005-06-01,17,4,9,15,26,19,45
21802,PAPEL PAMPA,desnutricion global,desnutricion leve (l),2005-06-01,7,9,4,3,11,12,23
30202,PASORAPA,desnutricion global,desnutricion leve (l),2005-06-01,7,10,4,8,11,18,29
21305,PATACAMAYA,desnutricion global,desnutricion leve (l),2005-06-01,51,56,33,32,84,88,172
40602,PAZÑA,desnutricion global,desnutricion leve (l),2005-06-01,7,11,12,8,19,19,38
20702,PELECHUCO,desnutricion global,desnutricion leve (l),2005-06-01,20,14,17,20,37,34,71
50403,POCOATA,desnutricion global,desnutricion leve (l),2005-06-01,78,92,116,115,194,207,401
31203,POCONA,desnutricion global,desnutricion leve (l),2005-06-01,21,22,18,21,39,43,82
31202,POJO (CBBA),desnutricion global,desnutricion leve (l),2005-06-01,27,31,32,34,59,65,124
40601,POOPO,desnutricion global,desnutricion leve (l),2005-06-01,2,3,1,2,3,5,8
51203,PORCO,desnutricion global,desnutricion leve (l),2005-06-01,9,5,6,3,15,8,23
10103,POROMA,desnutricion global,desnutricion leve (l),2005-06-01,63,61,91,95,154,156,310
70103,PORONGO,desnutricion global,desnutricion leve (l),2005-06-01,6,3,1,1,7,4,11
70601,PORTACHUELO,desnutricion global,desnutricion leve (l),2005-06-01,28,20,21,24,49,44,93
90102,PORVENIR,desnutricion global,desnutricion leve (l),2005-06-01,0,6,0,1,0,7,7
70804,POSTRER VALLE,desnutricion global,desnutricion leve (l),2005-06-01,0,0,4,8,4,8,12
50101,POTOSI,desnutricion global,desnutricion leve (l),2005-06-01,317,289,202,157,519,446,965
10302,PRESTO,desnutricion global,desnutricion leve (l),2005-06-01,41,43,65,72,106,115,221
70805,PUCARA,desnutricion global,desnutricion leve (l),2005-06-01,1,0,7,9,8,9,17
21201,PUCARANI,desnutricion global,desnutricion leve (l),2005-06-01,38,34,33,38,71,72,143
20401,PUERTO ACOSTA,desnutricion global,desnutricion leve (l),2005-06-01,36,34,48,60,84,94,178
20403,PUERTO CARABUCO,desnutricion global,desnutricion leve (l),2005-06-01,19,25,29,29,48,54,102
90301,PUERTO GONZALO MORENO,desnutricion global,desnutricion leve (l),2005-06-01,15,8,10,15,25,23,48
21204,PUERTO PEREZ,desnutricion global,desnutricion leve (l),2005-06-01,5,3,5,5,10,8,18
71402,PUERTO QUIJARRO,desnutricion global,desnutricion leve (l),2005-06-01,6,0,1,1,7,1,8
90201,PUERTO RICO,desnutricion global,desnutricion leve (l),2005-06-01,12,7,12,10,24,17,41
71401,PUERTO SUAREZ,desnutricion global,desnutricion leve (l),2005-06-01,3,5,0,3,3,8,11
31205,PUERTO VILLARROEL,desnutricion global,desnutricion leve (l),2005-06-01,114,97,99,97,213,194,407
51101,PUNA,desnutricion global,desnutricion leve (l),2005-06-01,89,94,78,105,167,199,366
31401,PUNATA,desnutricion global,desnutricion leve (l),2005-06-01,54,63,14,20,68,83,151
20604,QUIABAYA,desnutricion global,desnutricion leve (l),2005-06-01,8,8,4,3,12,11,23
30901,QUILLACOLLO,desnutricion global,desnutricion leve (l),2005-06-01,29,26,43,24,72,50,122
21002,QUIME,desnutricion global,desnutricion leve (l),2005-06-01,19,20,35,24,54,44,98
70904,QUIRUSILLAS,desnutricion global,desnutricion leve (l),2005-06-01,1,0,0,0,1,0,1
50402,RAVELO,desnutricion global,desnutricion leve (l),2005-06-01,123,107,109,141,232,248,480
80301,REYES,desnutricion global,desnutricion leve (l),2005-06-01,27,32,19,41,46,73,119
80201,RIBERALTA,desnutricion global,desnutricion leve (l),2005-06-01,214,243,146,166,360,409,769
80304,RURRENABAQUE,desnutricion global,desnutricion leve (l),2005-06-01,13,11,3,4,16,15,31
40901,SABAYA,desnutricion global,desnutricion leve (l),2005-06-01,6,4,3,4,9,8,17
31001,SACABA,desnutricion global,desnutricion leve (l),2005-06-01,80,58,41,29,121,87,208
30404,SACABAMBA,desnutricion global,desnutricion leve (l),2005-06-01,10,13,15,16,25,29,54
50701,SACACA,desnutricion global,desnutricion leve (l),2005-06-01,177,186,346,315,523,501,1024
71302,SAIPINA,desnutricion global,desnutricion leve (l),2005-06-01,15,8,12,8,27,16,43
40801,SALINAS DE GARCI MENDOZA,desnutricion global,desnutricion leve (l),2005-06-01,15,13,15,8,30,21,51
70901,SAMAIPATA,desnutricion global,desnutricion leve (l),2005-06-01,13,12,21,17,34,29,63
51601,SAN AGUSTIN,desnutricion global,desnutricion leve (l),2005-06-01,3,4,2,3,5,7,12
80602,SAN ANDRES,desnutricion global,desnutricion leve (l),2005-06-01,15,22,17,18,32,40,72
20805,SAN ANDRES DE MACHACA,desnutricion global,desnutricion leve (l),2005-06-01,1,3,0,1,1,4,5
51003,SAN ANTONIO DE ESMORUCO,desnutricion global,desnutricion leve (l),2005-06-01,2,5,4,4,6,9,15
71105,SAN ANTONIO DE LOMERIO,desnutricion global,desnutricion leve (l),2005-06-01,1,1,3,5,4,6,10
31403,SAN BENITO,desnutricion global,desnutricion leve (l),2005-06-01,15,9,12,8,27,17,44
80302,SAN BORJA,desnutricion global,desnutricion leve (l),2005-06-01,73,63,46,44,119,107,226
21502,SAN BUENA VENTURA,desnutricion global,desnutricion leve (l),2005-06-01,13,17,15,26,28,43,71
70402,SAN CARLOS,desnutricion global,desnutricion leve (l),2005-06-01,30,21,14,20,44,41,85
80501,SAN IGNACIO,desnutricion global,desnutricion leve (l),2005-06-01,43,49,42,41,85,90,175
70301,SAN IGNACIO DE VELASCO,desnutricion global,desnutricion leve (l),2005-06-01,122,130,103,98,225,228,453
80102,SAN JAVIER(BNI),desnutricion global,desnutricion leve (l),2005-06-01,15,8,3,9,18,17,35
71102,SAN JAVIER(STC),desnutricion global,desnutricion leve (l),2005-06-01,1,4,6,3,7,7,14
80701,SAN JOAQUIN,desnutricion global,desnutricion leve (l),2005-06-01,6,9,2,3,8,12,20
70404,SAN JUAN DE YAPACANI,desnutricion global,desnutricion leve (l),2005-06-01,16,13,16,14,32,27,59
71104,SAN JULIAN,desnutricion global,desnutricion leve (l),2005-06-01,36,27,49,42,85,69,154
90302,SAN LORENZO(PND),desnutricion global,desnutricion leve (l),2005-06-01,11,6,5,9,16,15,31
60501,SAN LORENZO(TJA),desnutricion global,desnutricion leve (l),2005-06-01,35,33,43,42,78,75,153
10702,SAN LUCAS,desnutricion global,desnutricion leve (l),2005-06-01,176,199,261,297,437,496,933
71201,SAN MATIAS,desnutricion global,desnutricion leve (l),2005-06-01,7,16,9,11,16,27,43
70302,SAN MIGUEL DE VELASCO,desnutricion global,desnutricion leve (l),2005-06-01,17,18,23,30,40,48,88
51001,SAN PABLO DE LIPEZ,desnutricion global,desnutricion leve (l),2005-06-01,12,11,3,9,15,20,35
71005,SAN PEDRO,desnutricion global,desnutricion leve (l),2005-06-01,29,28,28,32,57,60,117
50501,SAN PEDRO DE BUENA VISTA,desnutricion global,desnutricion leve (l),2005-06-01,95,97,135,116,230,213,443
21801,SAN PEDRO DE CURAHUARA,desnutricion global,desnutricion leve (l),2005-06-01,12,5,21,26,33,31,64
50902,SAN PEDRO DE QUEMES,desnutricion global,desnutricion leve (l),2005-06-01,0,2,0,0,0,2,2
21702,SAN PEDRO DE TIQUINA,desnutricion global,desnutricion leve (l),2005-06-01,11,10,6,10,17,20,37
90202,SAN PEDRO(PND),desnutricion global,desnutricion leve (l),2005-06-01,6,1,3,2,9,3,12
70303,SAN RAFAEL,desnutricion global,desnutricion leve (l),2005-06-01,14,17,16,20,30,37,67
80401,SANTA ANA,desnutricion global,desnutricion leve (l),2005-06-01,18,16,8,11,26,27,53
70101,SANTA CRUZ DE LA SIERRA,desnutricion global,desnutricion leve (l),2005-06-01,1918,1789,740,710,2658,2499,5157
80303,SANTA ROSA,desnutricion global,desnutricion leve (l),2005-06-01,23,17,14,9,37,26,63
70602,SANTA ROSA DEL SARA,desnutricion global,desnutricion leve (l),2005-06-01,22,14,16,27,38,41,79
20308,SANTIAGO DE CALLAPA,desnutricion global,desnutricion leve (l),2005-06-01,8,12,9,9,17,21,38
41401,SANTIAGO DE HUARI,desnutricion global,desnutricion leve (l),2005-06-01,17,18,11,20,28,38,66
21901,SANTIAGO DE MACHACA,desnutricion global,desnutricion leve (l),2005-06-01,15,10,11,12,26,22,48
30702,SANTIVAÑES,desnutricion global,desnutricion leve (l),2005-06-01,8,8,14,13,22,21,43
40202,SANTUARIO DE QUILLACAS,desnutricion global,desnutricion leve (l),2005-06-01,7,2,4,4,11,6,17
20902,SAPAHAQUI,desnutricion global,desnutricion leve (l),2005-06-01,15,18,19,18,34,36,70
90303,SENA,desnutricion global,desnutricion leve (l),2005-06-01,1,5,4,1,5,6,11
21301,SICA SICA (VILLA AROMA),desnutricion global,desnutricion leve (l),2005-06-01,37,50,63,57,100,107,207
30703,SICAYA,desnutricion global,desnutricion leve (l),2005-06-01,18,6,12,12,30,18,48
30902,SIPE SIPE,desnutricion global,desnutricion leve (l),2005-06-01,113,80,81,67,194,147,341
10403,SOPACHUY,desnutricion global,desnutricion leve (l),2005-06-01,15,35,43,62,58,97,155
40104,SORACACHI,desnutricion global,desnutricion leve (l),2005-06-01,12,10,17,12,29,22,51
20601,SORATA,desnutricion global,desnutricion leve (l),2005-06-01,15,30,29,19,44,49,93
10101,SUCRE,desnutricion global,desnutricion leve (l),2005-06-01,364,369,419,425,783,794,1577
31404,TACACHI,desnutricion global,desnutricion leve (l),2005-06-01,1,1,8,2,9,3,12
20603,TACACOMA,desnutricion global,desnutricion leve (l),2005-06-01,7,6,3,3,10,9,19
50303,TACOBAMBA,desnutricion global,desnutricion leve (l),2005-06-01,44,35,55,45,99,80,179
30602,TACOPAYA,desnutricion global,desnutricion leve (l),2005-06-01,33,41,31,42,64,83,147
51402,TAHUA,desnutricion global,desnutricion leve (l),2005-06-01,2,1,2,2,4,3,7
31101,TAPACARI,desnutricion global,desnutricion leve (l),2005-06-01,83,49,77,89,160,138,298
10601,TARABUCO,desnutricion global,desnutricion leve (l),2005-06-01,156,131,255,287,411,418,829
20807,TARACO,desnutricion global,desnutricion leve (l),2005-06-01,6,9,9,14,15,23,38
30401,TARATA,desnutricion global,desnutricion leve (l),2005-06-01,19,7,15,11,34,18,52
60101,TARIJA,desnutricion global,desnutricion leve (l),2005-06-01,208,184,158,205,366,389,755
10202,TARVITA,desnutricion global,desnutricion leve (l),2005-06-01,12,23,10,17,22,40,62
20608,TEOPONTE,desnutricion global,desnutricion leve (l),2005-06-01,14,12,11,10,25,22,47
20803,TIAWANACU,desnutricion global,desnutricion leve (l),2005-06-01,16,11,6,9,22,20,42
50102,TINGUIPAYA,desnutricion global,desnutricion leve (l),2005-06-01,72,48,75,70,147,118,265
20606,TIPUANI,desnutricion global,desnutricion leve (l),2005-06-01,2,14,9,10,11,24,35
30903,TIQUIPAYA,desnutricion global,desnutricion leve (l),2005-06-01,19,14,19,17,38,31,69
31601,TIRAQUE (CBBA),desnutricion global,desnutricion leve (l),2005-06-01,70,43,51,43,121,86,207
21703,TITO YUPANQUI (PARQUIPUJIO),desnutricion global,desnutricion leve (l),2005-06-01,1,1,3,0,4,1,5
30802,TOCO,desnutricion global,desnutricion leve (l),2005-06-01,4,3,8,8,12,11,23
30803,TOLATA,desnutricion global,desnutricion leve (l),2005-06-01,2,6,0,0,2,6,8
41001,TOLEDO,desnutricion global,desnutricion leve (l),2005-06-01,10,9,1,3,11,12,23
51202,TOMAVE,desnutricion global,desnutricion leve (l),2005-06-01,17,9,30,20,47,29,76
10402,TOMINA,desnutricion global,desnutricion leve (l),2005-06-01,47,58,90,97,137,155,292
50502,TORO TORO,desnutricion global,desnutricion leve (l),2005-06-01,73,83,78,97,151,180,331
31201,TOTORA(CBBA),desnutricion global,desnutricion leve (l),2005-06-01,28,34,20,33,48,67,115
41301,TOTORA(ORR),desnutricion global,desnutricion leve (l),2005-06-01,4,5,11,9,15,14,29
70802,TRIGAL,desnutricion global,desnutricion leve (l),2005-06-01,1,0,0,1,1,1,2
80101,TRINIDAD,desnutricion global,desnutricion leve (l),2005-06-01,159,119,104,67,263,186,449
50801,TUPIZA,desnutricion global,desnutricion leve (l),2005-06-01,85,79,112,133,197,212,409
40402,TURCO,desnutricion global,desnutricion leve (l),2005-06-01,2,4,2,4,4,8,12
21302,UMALA,desnutricion global,desnutricion leve (l),2005-06-01,9,7,9,6,18,13,31
50201,UNCIA,desnutricion global,desnutricion leve (l),2005-06-01,24,28,39,42,63,70,133
60401,URIONDO (A. CONCEPCION),desnutricion global,desnutricion leve (l),2005-06-01,23,32,57,63,80,95,175
51201,UYUNI,desnutricion global,desnutricion leve (l),2005-06-01,50,36,55,55,105,91,196
30502,VACAS,desnutricion global,desnutricion leve (l),2005-06-01,15,7,8,6,23,13,36
70801,VALLEGRANDE,desnutricion global,desnutricion leve (l),2005-06-01,18,21,10,25,28,46,74
20801,VIACHA,desnutricion global,desnutricion leve (l),2005-06-01,38,35,17,24,55,59,114
31302,VILA VILA,desnutricion global,desnutricion leve (l),2005-06-01,12,8,13,15,25,23,48
60303,VILLA MONTES,desnutricion global,desnutricion leve (l),2005-06-01,29,44,29,27,58,71,129
90502,VILLA NUEVA (LOMA ALTA),desnutricion global,desnutricion leve (l),2005-06-01,1,3,5,0,6,3,9
31402,VILLA RIVERO,desnutricion global,desnutricion leve (l),2005-06-01,11,9,11,8,22,17,39
10801,VILLA SERRANO,desnutricion global,desnutricion leve (l),2005-06-01,48,44,86,89,134,133,267
31003,VILLA TUNARI,desnutricion global,desnutricion leve (l),2005-06-01,87,103,87,106,174,209,383
11001,VILLA VACA GUZMAN (MUYUPAMPA),desnutricion global,desnutricion leve (l),2005-06-01,23,25,34,41,57,66,123
51501,VILLAZON,desnutricion global,desnutricion leve (l),2005-06-01,88,82,74,102,162,184,346
30904,VINTO,desnutricion global,desnutricion leve (l),2005-06-01,5,7,6,6,11,13,24
50602,VITICHI,desnutricion global,desnutricion leve (l),2005-06-01,25,38,70,49,95,87,182
20306,WALDO BALLIVIAN,desnutricion global,desnutricion leve (l),2005-06-01,5,4,2,10,7,14,21
70201,WARNES,desnutricion global,desnutricion leve (l),2005-06-01,51,59,32,41,83,100,183
20903,YACO,desnutricion global,desnutricion leve (l),2005-06-01,13,27,8,14,21,41,62
60301,YACUIBA,desnutricion global,desnutricion leve (l),2005-06-01,40,40,33,48,73,88,161
10602,YAMPARAEZ,desnutricion global,desnutricion leve (l),2005-06-01,62,50,140,98,202,148,350
21103,YANACACHI,desnutricion global,desnutricion leve (l),2005-06-01,2,2,1,0,3,2,5
70403,YAPACANI,desnutricion global,desnutricion leve (l),2005-06-01,93,59,66,83,159,142,301
50103,YOCALLA,desnutricion global,desnutricion leve (l),2005-06-01,9,13,21,21,30,34,64
10102,YOTALA,desnutricion global,desnutricion leve (l),2005-06-01,28,20,52,60,80,80,160
60402,YUNCHARA,desnutricion global,desnutricion leve (l),2005-06-01,21,20,44,34,65,54,119
10301,ZUDAÑEZ,desnutricion global,desnutricion leve (l),2005-06-01,33,32,46,61,79,93,172
51302,ACACIO,desnutricion global,desnutricion leve (l),2005-07-01,27,20,40,34,67,54,121
20201,ACHACACHI,desnutricion global,desnutricion leve (l),2005-07-01,38,42,54,58,92,100,192
20104,ACHOCALLA,desnutricion global,desnutricion leve (l),2005-07-01,6,5,4,5,10,10,20
30201,AIQUILE,desnutricion global,desnutricion leve (l),2005-07-01,23,32,23,27,46,59,105
31303,ALALAY,desnutricion global,desnutricion leve (l),2005-07-01,25,26,18,21,43,47,90
10404,ALCALA,desnutricion global,desnutricion leve (l),2005-07-01,10,8,29,32,39,40,79
20202,ANCORAIMES,desnutricion global,desnutricion leve (l),2005-07-01,25,23,34,39,59,62,121
41201,ANDAMARCA,desnutricion global,desnutricion leve (l),2005-07-01,4,2,2,0,6,2,8
40603,ANTEQUERA,desnutricion global,desnutricion leve (l),2005-07-01,8,7,12,11,20,18,38
30402,ANZALDO,desnutricion global,desnutricion leve (l),2005-07-01,3,4,6,5,9,9,18
20701,APOLO,desnutricion global,desnutricion leve (l),2005-07-01,24,19,52,48,76,67,143
51301,ARAMPAMPA,desnutricion global,desnutricion leve (l),2005-07-01,16,24,43,39,59,63,122
30501,ARANI,desnutricion global,desnutricion leve (l),2005-07-01,32,11,11,21,43,32,75
30403,ARBIETO,desnutricion global,desnutricion leve (l),2005-07-01,10,7,4,9,14,16,30
30601,ARQUE,desnutricion global,desnutricion leve (l),2005-07-01,50,62,65,72,115,134,249
50802,ATOCHA,desnutricion global,desnutricion leve (l),2005-07-01,29,27,24,23,53,50,103
20503,AUCAPATA,desnutricion global,desnutricion leve (l),2005-07-01,12,12,12,13,24,25,49
20502,AYATA,desnutricion global,desnutricion leve (l),2005-07-01,25,31,27,41,52,72,124
21303,AYO AYO,desnutricion global,desnutricion leve (l),2005-07-01,10,7,17,12,27,19,46
30301,AYOPAYA (V. DE INDEPENDENCIA),desnutricion global,desnutricion leve (l),2005-07-01,53,50,56,43,109,93,202
10201,AZURDUY,desnutricion global,desnutricion leve (l),2005-07-01,41,40,84,114,125,154,279
21203,BATALLAS,desnutricion global,desnutricion leve (l),2005-07-01,11,9,10,17,21,26,47
80802,BAURES,desnutricion global,desnutricion leve (l),2005-07-01,6,7,8,3,14,10,24
41202,BELEN DE ANDAMARCA,desnutricion global,desnutricion leve (l),2005-07-01,3,0,4,7,7,7,14
50104,BELEN DE URMIRI,desnutricion global,desnutricion leve (l),2005-07-01,3,6,4,6,7,12,19
90104,BELLA FLOR,desnutricion global,desnutricion leve (l),2005-07-01,5,3,5,5,10,8,18
60202,BERMEJO,desnutricion global,desnutricion leve (l),2005-07-01,8,14,8,7,16,21,37
50301,BETANZOS,desnutricion global,desnutricion leve (l),2005-07-01,74,65,119,143,193,208,401
31501,BOLIVAR,desnutricion global,desnutricion leve (l),2005-07-01,42,59,49,63,91,122,213
90103,BOLPEBRA,desnutricion global,desnutricion leve (l),2005-07-01,1,2,1,1,2,3,5
70707,BOYUIBE,desnutricion global,desnutricion leve (l),2005-07-01,10,4,9,9,19,13,32
70401,BUENA VISTA,desnutricion global,desnutricion leve (l),2005-07-01,14,8,16,16,30,24,54
70703,CABEZAS,desnutricion global,desnutricion leve (l),2005-07-01,20,7,17,13,37,20,57
20905,CAIROMA,desnutricion global,desnutricion leve (l),2005-07-01,42,49,53,64,95,113,208
51102,"CAIZA ""D""",desnutricion global,desnutricion leve (l),2005-07-01,19,20,31,34,50,54,104
21003,CAJUATA,desnutricion global,desnutricion leve (l),2005-07-01,13,8,23,16,36,24,60
20303,CALACOTO,desnutricion global,desnutricion leve (l),2005-07-01,8,9,4,7,12,16,28
21304,CALAMARCA,desnutricion global,desnutricion leve (l),2005-07-01,67,78,59,62,126,140,266
10701,CAMARGO,desnutricion global,desnutricion leve (l),2005-07-01,33,48,53,85,86,133,219
10901,CAMATAQUI (C. VILLA ABECIA),desnutricion global,desnutricion leve (l),2005-07-01,10,8,21,15,31,23,54
70706,CAMIRI,desnutricion global,desnutricion leve (l),2005-07-01,30,28,21,40,51,68,119
30701,CAPINOTA,desnutricion global,desnutricion leve (l),2005-07-01,28,25,15,19,43,44,87
20302,CAQUIAVIRI,desnutricion global,desnutricion leve (l),2005-07-01,15,18,24,16,39,34,73
40102,CARACOLLO,desnutricion global,desnutricion leve (l),2005-07-01,20,14,25,20,45,34,79
22001,CARANAVI,desnutricion global,desnutricion leve (l),2005-07-01,81,75,59,72,140,147,287
60302,CARAPARI,desnutricion global,desnutricion leve (l),2005-07-01,5,7,12,11,17,18,35
50702,CARIPUYO,desnutricion global,desnutricion leve (l),2005-07-01,59,72,122,94,181,166,347
21902,CATACORA,desnutricion global,desnutricion leve (l),2005-07-01,7,3,5,6,12,9,21
21803,CHACARILLA,desnutricion global,desnutricion leve (l),2005-07-01,3,3,1,2,4,5,9
40201,CHALLAPATA,desnutricion global,desnutricion leve (l),2005-07-01,28,35,38,37,66,72,138
50302,CHAQUI,desnutricion global,desnutricion leve (l),2005-07-01,20,15,31,29,51,44,95
70702,CHARAGUA,desnutricion global,desnutricion leve (l),2005-07-01,27,37,33,47,60,84,144
20305,CHARAÑA,desnutricion global,desnutricion leve (l),2005-07-01,6,4,15,11,21,15,36
50202,CHAYANTA,desnutricion global,desnutricion leve (l),2005-07-01,28,25,40,30,68,55,123
31204,CHIMORE,desnutricion global,desnutricion leve (l),2005-07-01,31,20,13,25,44,45,89
40903,CHIPAYA,desnutricion global,desnutricion leve (l),2005-07-01,2,2,5,4,7,6,13
40302,CHOQUE COTA,desnutricion global,desnutricion leve (l),2005-07-01,4,1,5,2,9,3,12
21101,CHULUMANI (V. DE LA LIBERTAD),desnutricion global,desnutricion leve (l),2005-07-01,26,14,14,16,40,30,70
20501,CHUMA,desnutricion global,desnutricion leve (l),2005-07-01,30,18,41,52,71,70,141
30801,CLIZA,desnutricion global,desnutricion leve (l),2005-07-01,19,13,11,13,30,26,56
90101,COBIJA,desnutricion global,desnutricion leve (l),2005-07-01,34,31,33,42,67,73,140
30101,COCHABAMBA,desnutricion global,desnutricion leve (l),2005-07-01,230,172,138,142,368,314,682
40902,COIPASA,desnutricion global,desnutricion leve (l),2005-07-01,0,2,1,1,1,3,4
30905,COLCAPIRHUA,desnutricion global,desnutricion leve (l),2005-07-01,47,52,42,51,89,103,192
50901,"COLCHA ""K""",desnutricion global,desnutricion leve (l),2005-07-01,20,16,30,26,50,42,92
21307,COLLANA,desnutricion global,desnutricion leve (l),2005-07-01,12,10,10,2,22,12,34
31002,COLOMI,desnutricion global,desnutricion leve (l),2005-07-01,29,35,23,33,52,68,120
70603,COLPA BELGICA,desnutricion global,desnutricion leve (l),2005-07-01,7,4,5,11,12,15,27
50401,COLQUECHACA,desnutricion global,desnutricion leve (l),2005-07-01,79,80,96,91,175,171,346
21306,COLQUENCHA,desnutricion global,desnutricion leve (l),2005-07-01,13,13,15,21,28,34,62
21004,COLQUIRI,desnutricion global,desnutricion leve (l),2005-07-01,48,28,43,36,91,64,155
20304,COMANCHE,desnutricion global,desnutricion leve (l),2005-07-01,9,12,10,10,19,22,41
71301,COMARAPA,desnutricion global,desnutricion leve (l),2005-07-01,32,38,31,32,63,70,133
20605,COMBAYA,desnutricion global,desnutricion leve (l),2005-07-01,7,1,3,1,10,2,12
71101,CONCEPCION,desnutricion global,desnutricion leve (l),2005-07-01,11,6,3,7,14,13,27
21701,COPACABANA,desnutricion global,desnutricion leve (l),2005-07-01,26,11,11,6,37,17,54
21402,CORIPATA,desnutricion global,desnutricion leve (l),2005-07-01,27,32,11,17,38,49,87
20301,CORO CORO,desnutricion global,desnutricion leve (l),2005-07-01,32,23,19,31,51,54,105
21401,COROICO,desnutricion global,desnutricion leve (l),2005-07-01,21,20,18,30,39,50,89
40301,CORQUE,desnutricion global,desnutricion leve (l),2005-07-01,10,9,8,11,18,20,38
50601,COTAGAITA,desnutricion global,desnutricion leve (l),2005-07-01,68,58,105,110,173,168,341
70102,COTOCA,desnutricion global,desnutricion leve (l),2005-07-01,40,38,22,17,62,55,117
71106,CUATRO CAÑADAS,desnutricion global,desnutricion leve (l),2005-07-01,11,7,9,20,20,27,47
31405,CUCHUMUELA (V. G. VILLARROEL),desnutricion global,desnutricion leve (l),2005-07-01,1,6,4,1,5,7,12
70704,CUEVO,desnutricion global,desnutricion leve (l),2005-07-01,7,4,12,11,19,15,34
10902,CULPINA,desnutricion global,desnutricion leve (l),2005-07-01,88,89,106,102,194,191,385
40401,CURAHUARA DE CARANGAS,desnutricion global,desnutricion leve (l),2005-07-01,2,1,5,3,7,4,11
21602,CURVA,desnutricion global,desnutricion leve (l),2005-07-01,1,1,3,1,4,2,6
20804,DESAGUADERO,desnutricion global,desnutricion leve (l),2005-07-01,7,8,3,7,10,15,25
20105,EL ALTO,desnutricion global,desnutricion leve (l),2005-07-01,925,843,526,509,1451,1352,2803
40103,EL CHORO,desnutricion global,desnutricion leve (l),2005-07-01,1,1,2,0,3,1,4
60502,EL PUENTE(TJA),desnutricion global,desnutricion leve (l),2005-07-01,17,13,33,36,50,49,99
70105,EL TORNO,desnutricion global,desnutricion leve (l),2005-07-01,30,30,27,18,57,48,105
10405,EL VILLAR,desnutricion global,desnutricion leve (l),2005-07-01,10,12,29,35,39,47,86
60601,ENTRE RIOS,desnutricion global,desnutricion leve (l),2005-07-01,38,37,25,27,63,64,127
60601,ENTRE RIOS,desnutricion global,desnutricion leve (l),2005-07-01,19,24,23,31,42,55,97
41101,EUCALIPTUS,desnutricion global,desnutricion leve (l),2005-07-01,5,4,12,11,17,15,32
80402,EXALTACION,desnutricion global,desnutricion leve (l),2005-07-01,5,5,4,6,9,11,20
71004,FERNANDEZ ALONSO,desnutricion global,desnutricion leve (l),2005-07-01,23,14,11,19,34,33,67
90203,FILADELFIA,desnutricion global,desnutricion leve (l),2005-07-01,3,3,4,4,7,7,14
71002,GENERAL SAAVEDRA,desnutricion global,desnutricion leve (l),2005-07-01,29,27,72,58,101,85,186
21601,GRAL. J.J. PEREZ (CHARAZANI),desnutricion global,desnutricion leve (l),2005-07-01,36,29,37,33,73,62,135
20602,GUANAY,desnutricion global,desnutricion leve (l),2005-07-01,15,7,11,12,26,19,45
20802,GUAQUI,desnutricion global,desnutricion leve (l),2005-07-01,6,5,3,1,9,6,15
80202,GUAYARAMERIN,desnutricion global,desnutricion leve (l),2005-07-01,50,43,42,58,92,101,193
70705,GUTIERREZ,desnutricion global,desnutricion leve (l),2005-07-01,39,36,90,80,129,116,245
10502,HUACARETA,desnutricion global,desnutricion leve (l),2005-07-01,21,29,28,37,49,66,115
11002,HUACAYA (VILLA DE HUACAYA),desnutricion global,desnutricion leve (l),2005-07-01,7,5,13,10,20,15,35
40501,HUACHACALLA,desnutricion global,desnutricion leve (l),2005-07-01,0,1,1,3,1,4,5
40701,HUANUNI,desnutricion global,desnutricion leve (l),2005-07-01,23,25,32,15,55,40,95
80803,HUARACAJE,desnutricion global,desnutricion leve (l),2005-07-01,7,2,4,0,11,2,13
41601,HUAYLLAMARCA,desnutricion global,desnutricion leve (l),2005-07-01,3,2,5,3,8,5,13
21005,ICHOCA,desnutricion global,desnutricion leve (l),2005-07-01,11,7,19,17,30,24,54
10304,ICLA,desnutricion global,desnutricion leve (l),2005-07-01,72,60,144,107,216,167,383
10703,INCAHUASI,desnutricion global,desnutricion leve (l),2005-07-01,125,106,142,204,267,310,577
90402,INGAVI (HUMAITA),desnutricion global,desnutricion leve (l),2005-07-01,1,2,2,1,3,3,6
21001,INQUISIVI,desnutricion global,desnutricion leve (l),2005-07-01,25,18,27,29,52,47,99
21102,IRUPANA (VILLA DE LANZA),desnutricion global,desnutricion leve (l),2005-07-01,38,42,41,55,79,97,176
21501,IXIAMAS,desnutricion global,desnutricion leve (l),2005-07-01,20,16,18,12,38,28,66
20806,JESUS DE MACHACA,desnutricion global,desnutricion leve (l),2005-07-01,23,22,10,17,33,39,72
21105,LA ASUNTA,desnutricion global,desnutricion leve (l),2005-07-01,42,50,18,19,60,69,129
70104,LA GUARDIA,desnutricion global,desnutricion leve (l),2005-07-01,39,25,22,35,61,60,121
20101,LA PAZ,desnutricion global,desnutricion leve (l),2005-07-01,631,557,368,393,999,950,1949
70701,LAGUNILLAS,desnutricion global,desnutricion leve (l),2005-07-01,11,13,23,27,34,40,74
21202,LAJA,desnutricion global,desnutricion leve (l),2005-07-01,25,19,11,12,36,31,67
10903,LAS CARRERAS,desnutricion global,desnutricion leve (l),2005-07-01,8,12,18,17,26,29,55
50203,LLALLAGUA,desnutricion global,desnutricion leve (l),2005-07-01,81,76,120,151,201,227,428
51401,LLICA,desnutricion global,desnutricion leve (l),2005-07-01,3,5,3,2,6,7,13
80601,LORETO,desnutricion global,desnutricion leve (l),2005-07-01,7,7,3,6,10,13,23
20901,LURIBAY,desnutricion global,desnutricion leve (l),2005-07-01,27,20,26,27,53,47,100
40702,MACHACAMARCA,desnutricion global,desnutricion leve (l),2005-07-01,7,4,2,6,9,10,19
11003,MACHARETI,desnutricion global,desnutricion leve (l),2005-07-01,13,14,22,27,35,41,76
80801,MAGDALENA,desnutricion global,desnutricion leve (l),2005-07-01,14,14,6,5,20,19,39
70903,MAIRANA,desnutricion global,desnutricion leve (l),2005-07-01,2,9,2,12,4,21,25
20904,MALLA,desnutricion global,desnutricion leve (l),2005-07-01,3,7,8,11,11,18,29
20607,MAPIRI,desnutricion global,desnutricion leve (l),2005-07-01,10,22,11,16,21,38,59
20103,MECAPACA,desnutricion global,desnutricion leve (l),2005-07-01,13,14,14,4,27,18,45
71003,MINEROS,desnutricion global,desnutricion leve (l),2005-07-01,34,37,21,28,55,65,120
31301,MIZQUE,desnutricion global,desnutricion leve (l),2005-07-01,47,43,18,24,65,67,132
20402,MOCOMOCO,desnutricion global,desnutricion leve (l),2005-07-01,45,36,53,67,98,103,201
51002,MOJINETE,desnutricion global,desnutricion leve (l),2005-07-01,1,6,4,3,5,9,14
10303,MOJOCOYA,desnutricion global,desnutricion leve (l),2005-07-01,24,18,47,35,71,53,124
10501,MONTEAGUDO,desnutricion global,desnutricion leve (l),2005-07-01,58,54,81,94,139,148,287
71001,MONTERO,desnutricion global,desnutricion leve (l),2005-07-01,194,127,93,111,287,238,525
70803,MORO MORO,desnutricion global,desnutricion leve (l),2005-07-01,3,3,11,10,14,13,27
30302,MOROCHATA,desnutricion global,desnutricion leve (l),2005-07-01,52,36,34,32,86,68,154
20307,NAZACARA DE PACAJES,desnutricion global,desnutricion leve (l),2005-07-01,0,0,0,2,0,2,2
90501,NUEVO MANOA (NUEVA ESPERANZA),desnutricion global,desnutricion leve (l),2005-07-01,2,0,0,0,2,0,2
50404,OCURI,desnutricion global,desnutricion leve (l),2005-07-01,50,67,67,85,117,152,269
70202,OKINAWA,desnutricion global,desnutricion leve (l),2005-07-01,7,14,5,5,12,19,31
30203,OMEREQUE,desnutricion global,desnutricion leve (l),2005-07-01,2,10,13,7,15,17,32
40101,ORURO,desnutricion global,desnutricion leve (l),2005-07-01,280,235,150,150,430,385,815
60201,PADCAYA,desnutricion global,desnutricion leve (l),2005-07-01,19,26,31,36,50,62,112
10401,PADILLA,desnutricion global,desnutricion leve (l),2005-07-01,35,31,80,77,115,108,223
20102,PALCA,desnutricion global,desnutricion leve (l),2005-07-01,7,12,19,23,26,35,61
21104,PALOS BLANCOS,desnutricion global,desnutricion leve (l),2005-07-01,41,38,27,48,68,86,154
40802,PAMPA AULLAGAS,desnutricion global,desnutricion leve (l),2005-07-01,8,4,9,7,17,11,28
70902,PAMPA GRANDE,desnutricion global,desnutricion leve (l),2005-07-01,10,6,8,7,18,13,31
21802,PAPEL PAMPA,desnutricion global,desnutricion leve (l),2005-07-01,2,7,2,4,4,11,15
30202,PASORAPA,desnutricion global,desnutricion leve (l),2005-07-01,6,6,5,8,11,14,25
21305,PATACAMAYA,desnutricion global,desnutricion leve (l),2005-07-01,72,62,34,38,106,100,206
40602,PAZÑA,desnutricion global,desnutricion leve (l),2005-07-01,9,8,6,9,15,17,32
20702,PELECHUCO,desnutricion global,desnutricion leve (l),2005-07-01,11,11,12,9,23,20,43
50403,POCOATA,desnutricion global,desnutricion leve (l),2005-07-01,70,90,93,88,163,178,341
31203,POCONA,desnutricion global,desnutricion leve (l),2005-07-01,23,21,31,33,54,54,108
31202,POJO (CBBA),desnutricion global,desnutricion leve (l),2005-07-01,36,26,38,53,74,79,153
40601,POOPO,desnutricion global,desnutricion leve (l),2005-07-01,2,6,1,2,3,8,11
51203,PORCO,desnutricion global,desnutricion leve (l),2005-07-01,8,9,3,1,11,10,21
10103,POROMA,desnutricion global,desnutricion leve (l),2005-07-01,55,66,91,88,146,154,300
70103,PORONGO,desnutricion global,desnutricion leve (l),2005-07-01,6,1,0,2,6,3,9
70601,PORTACHUELO,desnutricion global,desnutricion leve (l),2005-07-01,21,20,19,16,40,36,76
90102,PORVENIR,desnutricion global,desnutricion leve (l),2005-07-01,4,0,0,0,4,0,4
70804,POSTRER VALLE,desnutricion global,desnutricion leve (l),2005-07-01,3,1,6,10,9,11,20
50101,POTOSI,desnutricion global,desnutricion leve (l),2005-07-01,298,228,171,194,469,422,891
10302,PRESTO,desnutricion global,desnutricion leve (l),2005-07-01,40,36,61,71,101,107,208
70805,PUCARA,desnutricion global,desnutricion leve (l),2005-07-01,0,0,2,4,2,4,6
21201,PUCARANI,desnutricion global,desnutricion leve (l),2005-07-01,43,42,64,55,107,97,204
20401,PUERTO ACOSTA,desnutricion global,desnutricion leve (l),2005-07-01,41,61,42,49,83,110,193
20403,PUERTO CARABUCO,desnutricion global,desnutricion leve (l),2005-07-01,33,35,41,51,74,86,160
90301,PUERTO GONZALO MORENO,desnutricion global,desnutricion leve (l),2005-07-01,7,15,9,10,16,25,41
21204,PUERTO PEREZ,desnutricion global,desnutricion leve (l),2005-07-01,10,9,14,12,24,21,45
90201,PUERTO RICO,desnutricion global,desnutricion leve (l),2005-07-01,8,7,5,14,13,21,34
80703,PUERTO SILES,desnutricion global,desnutricion leve (l),2005-07-01,1,2,1,2,2,4,6
31205,PUERTO VILLARROEL,desnutricion global,desnutricion leve (l),2005-07-01,68,45,66,82,134,127,261
51101,PUNA,desnutricion global,desnutricion leve (l),2005-07-01,85,93,104,109,189,202,391
31401,PUNATA,desnutricion global,desnutricion leve (l),2005-07-01,38,28,23,25,61,53,114
20604,QUIABAYA,desnutricion global,desnutricion leve (l),2005-07-01,3,3,3,2,6,5,11
30901,QUILLACOLLO,desnutricion global,desnutricion leve (l),2005-07-01,51,43,24,29,75,72,147
21002,QUIME,desnutricion global,desnutricion leve (l),2005-07-01,21,14,25,30,46,44,90
70904,QUIRUSILLAS,desnutricion global,desnutricion leve (l),2005-07-01,0,0,2,1,2,1,3
50402,RAVELO,desnutricion global,desnutricion leve (l),2005-07-01,131,122,153,167,284,289,573
80301,REYES,desnutricion global,desnutricion leve (l),2005-07-01,22,15,20,23,42,38,80
80201,RIBERALTA,desnutricion global,desnutricion leve (l),2005-07-01,145,193,83,126,228,319,547
80304,RURRENABAQUE,desnutricion global,desnutricion leve (l),2005-07-01,3,12,5,4,8,16,24
40901,SABAYA,desnutricion global,desnutricion leve (l),2005-07-01,5,4,6,4,11,8,19
31001,SACABA,desnutricion global,desnutricion leve (l),2005-07-01,114,84,102,103,216,187,403
30404,SACABAMBA,desnutricion global,desnutricion leve (l),2005-07-01,11,8,8,7,19,15,34
50701,SACACA,desnutricion global,desnutricion leve (l),2005-07-01,86,95,166,172,252,267,519
71302,SAIPINA,desnutricion global,desnutricion leve (l),2005-07-01,10,10,9,12,19,22,41
40801,SALINAS DE GARCI MENDOZA,desnutricion global,desnutricion leve (l),2005-07-01,14,8,18,14,32,22,54
70901,SAMAIPATA,desnutricion global,desnutricion leve (l),2005-07-01,8,5,15,15,23,20,43
51601,SAN AGUSTIN,desnutricion global,desnutricion leve (l),2005-07-01,1,4,0,1,1,5,6
80602,SAN ANDRES,desnutricion global,desnutricion leve (l),2005-07-01,14,10,7,12,21,22,43
20805,SAN ANDRES DE MACHACA,desnutricion global,desnutricion leve (l),2005-07-01,6,5,4,6,10,11,21
51003,SAN ANTONIO DE ESMORUCO,desnutricion global,desnutricion leve (l),2005-07-01,3,4,7,6,10,10,20
71105,SAN ANTONIO DE LOMERIO,desnutricion global,desnutricion leve (l),2005-07-01,37,20,43,48,80,68,148
31403,SAN BENITO,desnutricion global,desnutricion leve (l),2005-07-01,11,7,6,12,17,19,36
80302,SAN BORJA,desnutricion global,desnutricion leve (l),2005-07-01,75,70,55,75,130,145,275
21502,SAN BUENA VENTURA,desnutricion global,desnutricion leve (l),2005-07-01,17,22,13,34,30,56,86
70402,SAN CARLOS,desnutricion global,desnutricion leve (l),2005-07-01,14,17,8,16,22,33,55
80501,SAN IGNACIO,desnutricion global,desnutricion leve (l),2005-07-01,48,55,62,40,110,95,205
70301,SAN IGNACIO DE VELASCO,desnutricion global,desnutricion leve (l),2005-07-01,102,115,90,120,192,235,427
80102,SAN JAVIER(BNI),desnutricion global,desnutricion leve (l),2005-07-01,14,9,8,7,22,16,38
71102,SAN JAVIER(STC),desnutricion global,desnutricion leve (l),2005-07-01,3,0,3,4,6,4,10
80701,SAN JOAQUIN,desnutricion global,desnutricion leve (l),2005-07-01,1,2,2,3,3,5,8
70404,SAN JUAN DE YAPACANI,desnutricion global,desnutricion leve (l),2005-07-01,15,10,8,18,23,28,51
71104,SAN JULIAN,desnutricion global,desnutricion leve (l),2005-07-01,38,20,64,41,102,61,163
90302,SAN LORENZO(PND),desnutricion global,desnutricion leve (l),2005-07-01,10,4,4,2,14,6,20
60501,SAN LORENZO(TJA),desnutricion global,desnutricion leve (l),2005-07-01,37,27,42,54,79,81,160
10702,SAN LUCAS,desnutricion global,desnutricion leve (l),2005-07-01,154,171,225,245,379,416,795
70302,SAN MIGUEL DE VELASCO,desnutricion global,desnutricion leve (l),2005-07-01,17,16,14,24,31,40,71
51001,SAN PABLO DE LIPEZ,desnutricion global,desnutricion leve (l),2005-07-01,1,1,7,6,8,7,15
71005,SAN PEDRO,desnutricion global,desnutricion leve (l),2005-07-01,10,24,17,14,27,38,65
50501,SAN PEDRO DE BUENA VISTA,desnutricion global,desnutricion leve (l),2005-07-01,70,72,99,88,169,160,329
21801,SAN PEDRO DE CURAHUARA,desnutricion global,desnutricion leve (l),2005-07-01,11,14,17,8,28,22,50
21702,SAN PEDRO DE TIQUINA,desnutricion global,desnutricion leve (l),2005-07-01,13,9,7,5,20,14,34
90202,SAN PEDRO(PND),desnutricion global,desnutricion leve (l),2005-07-01,4,3,2,0,6,3,9
70303,SAN RAFAEL,desnutricion global,desnutricion leve (l),2005-07-01,17,14,14,18,31,32,63
80702,SAN RAMON,desnutricion global,desnutricion leve (l),2005-07-01,10,4,3,5,13,9,22
80401,SANTA ANA,desnutricion global,desnutricion leve (l),2005-07-01,9,9,9,5,18,14,32
70101,SANTA CRUZ DE LA SIERRA,desnutricion global,desnutricion leve (l),2005-07-01,1459,1452,696,706,2155,2158,4313
80303,SANTA ROSA,desnutricion global,desnutricion leve (l),2005-07-01,21,30,21,23,42,53,95
70602,SANTA ROSA DEL SARA,desnutricion global,desnutricion leve (l),2005-07-01,14,10,14,19,28,29,57
20308,SANTIAGO DE CALLAPA,desnutricion global,desnutricion leve (l),2005-07-01,13,11,16,20,29,31,60
41401,SANTIAGO DE HUARI,desnutricion global,desnutricion leve (l),2005-07-01,12,9,9,17,21,26,47
21901,SANTIAGO DE MACHACA,desnutricion global,desnutricion leve (l),2005-07-01,8,11,10,16,18,27,45
30702,SANTIVAÑES,desnutricion global,desnutricion leve (l),2005-07-01,15,11,19,12,34,23,57
40202,SANTUARIO DE QUILLACAS,desnutricion global,desnutricion leve (l),2005-07-01,4,3,3,9,7,12,19
20902,SAPAHAQUI,desnutricion global,desnutricion leve (l),2005-07-01,27,26,20,24,47,50,97
90303,SENA,desnutricion global,desnutricion leve (l),2005-07-01,5,5,10,10,15,15,30
21301,SICA SICA (VILLA AROMA),desnutricion global,desnutricion leve (l),2005-07-01,74,73,83,64,157,137,294
30703,SICAYA,desnutricion global,desnutricion leve (l),2005-07-01,15,6,17,6,32,12,44
30902,SIPE SIPE,desnutricion global,desnutricion leve (l),2005-07-01,100,90,73,74,173,164,337
10403,SOPACHUY,desnutricion global,desnutricion leve (l),2005-07-01,30,43,53,67,83,110,193
40104,SORACACHI,desnutricion global,desnutricion leve (l),2005-07-01,14,11,17,18,31,29,60
20601,SORATA,desnutricion global,desnutricion leve (l),2005-07-01,23,22,23,29,46,51,97
10101,SUCRE,desnutricion global,desnutricion leve (l),2005-07-01,299,247,335,342,634,589,1223
31404,TACACHI,desnutricion global,desnutricion leve (l),2005-07-01,4,6,5,2,9,8,17
20603,TACACOMA,desnutricion global,desnutricion leve (l),2005-07-01,8,5,8,4,16,9,25
50303,TACOBAMBA,desnutricion global,desnutricion leve (l),2005-07-01,10,3,13,11,23,14,37
30602,TACOPAYA,desnutricion global,desnutricion leve (l),2005-07-01,25,38,55,48,80,86,166
51402,TAHUA,desnutricion global,desnutricion leve (l),2005-07-01,2,3,0,0,2,3,5
31101,TAPACARI,desnutricion global,desnutricion leve (l),2005-07-01,69,74,110,89,179,163,342
10601,TARABUCO,desnutricion global,desnutricion leve (l),2005-07-01,146,121,228,242,374,363,737
20807,TARACO,desnutricion global,desnutricion leve (l),2005-07-01,3,5,7,8,10,13,23
30401,TARATA,desnutricion global,desnutricion leve (l),2005-07-01,19,18,14,12,33,30,63
60101,TARIJA,desnutricion global,desnutricion leve (l),2005-07-01,135,126,135,121,270,247,517
10202,TARVITA,desnutricion global,desnutricion leve (l),2005-07-01,76,71,166,184,242,255,497
20608,TEOPONTE,desnutricion global,desnutricion leve (l),2005-07-01,11,23,19,25,30,48,78
20803,TIAWANACU,desnutricion global,desnutricion leve (l),2005-07-01,15,6,12,14,27,20,47
50102,TINGUIPAYA,desnutricion global,desnutricion leve (l),2005-07-01,36,68,61,61,97,129,226
20606,TIPUANI,desnutricion global,desnutricion leve (l),2005-07-01,10,1,1,4,11,5,16
30903,TIQUIPAYA,desnutricion global,desnutricion leve (l),2005-07-01,41,24,26,17,67,41,108
31601,TIRAQUE (CBBA),desnutricion global,desnutricion leve (l),2005-07-01,70,60,48,65,118,125,243
21703,TITO YUPANQUI (PARQUIPUJIO),desnutricion global,desnutricion leve (l),2005-07-01,2,3,2,1,4,4,8
30802,TOCO,desnutricion global,desnutricion leve (l),2005-07-01,4,0,6,3,10,3,13
30803,TOLATA,desnutricion global,desnutricion leve (l),2005-07-01,3,4,1,1,4,5,9
41001,TOLEDO,desnutricion global,desnutricion leve (l),2005-07-01,5,8,4,8,9,16,25
51202,TOMAVE,desnutricion global,desnutricion leve (l),2005-07-01,27,7,18,8,45,15,60
10402,TOMINA,desnutricion global,desnutricion leve (l),2005-07-01,43,51,85,92,128,143,271
50502,TORO TORO,desnutricion global,desnutricion leve (l),2005-07-01,52,58,54,73,106,131,237
31201,TOTORA(CBBA),desnutricion global,desnutricion leve (l),2005-07-01,30,26,20,28,50,54,104
41301,TOTORA(ORR),desnutricion global,desnutricion leve (l),2005-07-01,5,7,13,11,18,18,36
70802,TRIGAL,desnutricion global,desnutricion leve (l),2005-07-01,3,1,0,2,3,3,6
80101,TRINIDAD,desnutricion global,desnutricion leve (l),2005-07-01,103,92,57,52,160,144,304
50801,TUPIZA,desnutricion global,desnutricion leve (l),2005-07-01,72,55,69,85,141,140,281
40402,TURCO,desnutricion global,desnutricion leve (l),2005-07-01,12,12,16,17,28,29,57
21302,UMALA,desnutricion global,desnutricion leve (l),2005-07-01,14,12,19,12,33,24,57
50201,UNCIA,desnutricion global,desnutricion leve (l),2005-07-01,27,24,37,35,64,59,123
60401,URIONDO (A. CONCEPCION),desnutricion global,desnutricion leve (l),2005-07-01,29,29,38,48,67,77,144
51201,UYUNI,desnutricion global,desnutricion leve (l),2005-07-01,17,9,16,27,33,36,69
30502,VACAS,desnutricion global,desnutricion leve (l),2005-07-01,14,8,14,7,28,15,43
70801,VALLEGRANDE,desnutricion global,desnutricion leve (l),2005-07-01,15,19,14,33,29,52,81
20801,VIACHA,desnutricion global,desnutricion leve (l),2005-07-01,41,33,33,25,74,58,132
31302,VILA VILA,desnutricion global,desnutricion leve (l),2005-07-01,12,13,21,17,33,30,63
60303,VILLA MONTES,desnutricion global,desnutricion leve (l),2005-07-01,25,28,24,19,49,47,96
90502,VILLA NUEVA (LOMA ALTA),desnutricion global,desnutricion leve (l),2005-07-01,1,4,1,3,2,7,9
31402,VILLA RIVERO,desnutricion global,desnutricion leve (l),2005-07-01,4,5,5,3,9,8,17
10801,VILLA SERRANO,desnutricion global,desnutricion leve (l),2005-07-01,59,50,113,96,172,146,318
31003,VILLA TUNARI,desnutricion global,desnutricion leve (l),2005-07-01,121,96,82,71,203,167,370
11001,VILLA VACA GUZMAN (MUYUPAMPA),desnutricion global,desnutricion leve (l),2005-07-01,26,22,48,50,74,72,146
51501,VILLAZON,desnutricion global,desnutricion leve (l),2005-07-01,75,59,69,70,144,129,273
30904,VINTO,desnutricion global,desnutricion leve (l),2005-07-01,15,11,5,9,20,20,40
50602,VITICHI,desnutricion global,desnutricion leve (l),2005-07-01,22,23,37,44,59,67,126
20306,WALDO BALLIVIAN,desnutricion global,desnutricion leve (l),2005-07-01,4,6,3,4,7,10,17
70201,WARNES,desnutricion global,desnutricion leve (l),2005-07-01,44,47,30,36,74,83,157
20903,YACO,desnutricion global,desnutricion leve (l),2005-07-01,23,31,19,15,42,46,88
60301,YACUIBA,desnutricion global,desnutricion leve (l),2005-07-01,43,39,35,35,78,74,152
10602,YAMPARAEZ,desnutricion global,desnutricion leve (l),2005-07-01,65,47,136,101,201,148,349
21103,YANACACHI,desnutricion global,desnutricion leve (l),2005-07-01,6,3,0,1,6,4,10
70403,YAPACANI,desnutricion global,desnutricion leve (l),2005-07-01,74,46,52,63,126,109,235
50103,YOCALLA,desnutricion global,desnutricion leve (l),2005-07-01,4,5,14,12,18,17,35
10102,YOTALA,desnutricion global,desnutricion leve (l),2005-07-01,18,34,62,60,80,94,174
60402,YUNCHARA,desnutricion global,desnutricion leve (l),2005-07-01,17,12,35,29,52,41,93
10301,ZUDAÑEZ,desnutricion global,desnutricion leve (l),2005-07-01,33,30,50,55,83,85,168
51302,ACACIO,desnutricion global,desnutricion leve (l),2005-08-01,27,31,70,57,97,88,185
20201,ACHACACHI,desnutricion global,desnutricion leve (l),2005-08-01,41,50,56,91,97,141,238
20104,ACHOCALLA,desnutricion global,desnutricion leve (l),2005-08-01,6,7,7,7,13,14,27
30201,AIQUILE,desnutricion global,desnutricion leve (l),2005-08-01,46,41,34,33,80,74,154
31303,ALALAY,desnutricion global,desnutricion leve (l),2005-08-01,7,6,0,4,7,10,17
10404,ALCALA,desnutricion global,desnutricion leve (l),2005-08-01,17,11,37,30,54,41,95
20202,ANCORAIMES,desnutricion global,desnutricion leve (l),2005-08-01,25,21,27,36,52,57,109
41201,ANDAMARCA,desnutricion global,desnutricion leve (l),2005-08-01,5,4,8,6,13,10,23
40603,ANTEQUERA,desnutricion global,desnutricion leve (l),2005-08-01,7,12,9,6,16,18,34
30402,ANZALDO,desnutricion global,desnutricion leve (l),2005-08-01,4,4,15,15,19,19,38
20701,APOLO,desnutricion global,desnutricion leve (l),2005-08-01,57,44,44,50,101,94,195
51301,ARAMPAMPA,desnutricion global,desnutricion leve (l),2005-08-01,17,32,45,51,62,83,145
30501,ARANI,desnutricion global,desnutricion leve (l),2005-08-01,67,52,6,7,73,59,132
30403,ARBIETO,desnutricion global,desnutricion leve (l),2005-08-01,6,8,6,11,12,19,31
30601,ARQUE,desnutricion global,desnutricion leve (l),2005-08-01,31,34,22,24,53,58,111
50802,ATOCHA,desnutricion global,desnutricion leve (l),2005-08-01,21,19,17,23,38,42,80
20503,AUCAPATA,desnutricion global,desnutricion leve (l),2005-08-01,20,17,20,18,40,35,75
20502,AYATA,desnutricion global,desnutricion leve (l),2005-08-01,35,28,25,35,60,63,123
21303,AYO AYO,desnutricion global,desnutricion leve (l),2005-08-01,15,8,15,13,30,21,51
30301,AYOPAYA (V. DE INDEPENDENCIA),desnutricion global,desnutricion leve (l),2005-08-01,49,38,73,78,122,116,238
10201,AZURDUY,desnutricion global,desnutricion leve (l),2005-08-01,34,45,71,81,105,126,231
21203,BATALLAS,desnutricion global,desnutricion leve (l),2005-08-01,27,12,9,8,36,20,56
80802,BAURES,desnutricion global,desnutricion leve (l),2005-08-01,7,8,6,8,13,16,29
41202,BELEN DE ANDAMARCA,desnutricion global,desnutricion leve (l),2005-08-01,2,0,5,1,7,1,8
50104,BELEN DE URMIRI,desnutricion global,desnutricion leve (l),2005-08-01,6,0,5,7,11,7,18
90104,BELLA FLOR,desnutricion global,desnutricion leve (l),2005-08-01,11,6,7,8,18,14,32
60202,BERMEJO,desnutricion global,desnutricion leve (l),2005-08-01,9,7,14,18,23,25,48
50301,BETANZOS,desnutricion global,desnutricion leve (l),2005-08-01,124,94,141,176,265,270,535
31501,BOLIVAR,desnutricion global,desnutricion leve (l),2005-08-01,35,32,37,34,72,66,138
90103,BOLPEBRA,desnutricion global,desnutricion leve (l),2005-08-01,0,2,2,3,2,5,7
70707,BOYUIBE,desnutricion global,desnutricion leve (l),2005-08-01,5,2,9,5,14,7,21
70401,BUENA VISTA,desnutricion global,desnutricion leve (l),2005-08-01,15,13,17,28,32,41,73
70703,CABEZAS,desnutricion global,desnutricion leve (l),2005-08-01,23,27,27,12,50,39,89
20905,CAIROMA,desnutricion global,desnutricion leve (l),2005-08-01,58,68,65,113,123,181,304
51102,"CAIZA ""D""",desnutricion global,desnutricion leve (l),2005-08-01,18,20,48,50,66,70,136
21003,CAJUATA,desnutricion global,desnutricion leve (l),2005-08-01,24,16,13,23,37,39,76
20303,CALACOTO,desnutricion global,desnutricion leve (l),2005-08-01,4,8,8,5,12,13,25
21304,CALAMARCA,desnutricion global,desnutricion leve (l),2005-08-01,79,78,50,97,129,175,304
10701,CAMARGO,desnutricion global,desnutricion leve (l),2005-08-01,73,74,74,86,147,160,307
10901,CAMATAQUI (C. VILLA ABECIA),desnutricion global,desnutricion leve (l),2005-08-01,9,6,18,14,27,20,47
70706,CAMIRI,desnutricion global,desnutricion leve (l),2005-08-01,38,35,33,40,71,75,146
30701,CAPINOTA,desnutricion global,desnutricion leve (l),2005-08-01,24,18,18,26,42,44,86
20302,CAQUIAVIRI,desnutricion global,desnutricion leve (l),2005-08-01,9,12,14,20,23,32,55
40102,CARACOLLO,desnutricion global,desnutricion leve (l),2005-08-01,24,14,26,32,50,46,96
22001,CARANAVI,desnutricion global,desnutricion leve (l),2005-08-01,115,110,83,118,198,228,426
41503,CARANGAS,desnutricion global,desnutricion leve (l),2005-08-01,0,0,1,0,1,0,1
60302,CARAPARI,desnutricion global,desnutricion leve (l),2005-08-01,12,4,17,16,29,20,49
50702,CARIPUYO,desnutricion global,desnutricion leve (l),2005-08-01,61,45,92,81,153,126,279
21902,CATACORA,desnutricion global,desnutricion leve (l),2005-08-01,4,0,5,3,9,3,12
21803,CHACARILLA,desnutricion global,desnutricion leve (l),2005-08-01,2,1,0,1,2,2,4
40201,CHALLAPATA,desnutricion global,desnutricion leve (l),2005-08-01,76,57,58,67,134,124,258
50302,CHAQUI,desnutricion global,desnutricion leve (l),2005-08-01,20,19,33,40,53,59,112
70702,CHARAGUA,desnutricion global,desnutricion leve (l),2005-08-01,34,37,28,41,62,78,140
20305,CHARAÑA,desnutricion global,desnutricion leve (l),2005-08-01,3,5,2,1,5,6,11
50202,CHAYANTA,desnutricion global,desnutricion leve (l),2005-08-01,46,34,74,60,120,94,214
31204,CHIMORE,desnutricion global,desnutricion leve (l),2005-08-01,52,41,22,34,74,75,149
40903,CHIPAYA,desnutricion global,desnutricion leve (l),2005-08-01,1,4,8,10,9,14,23
40302,CHOQUE COTA,desnutricion global,desnutricion leve (l),2005-08-01,2,2,1,1,3,3,6
21101,CHULUMANI (V. DE LA LIBERTAD),desnutricion global,desnutricion leve (l),2005-08-01,15,11,14,6,29,17,46
20501,CHUMA,desnutricion global,desnutricion leve (l),2005-08-01,19,20,21,17,40,37,77
30801,CLIZA,desnutricion global,desnutricion leve (l),2005-08-01,28,41,13,11,41,52,93
90101,COBIJA,desnutricion global,desnutricion leve (l),2005-08-01,65,60,54,64,119,124,243
30101,COCHABAMBA,desnutricion global,desnutricion leve (l),2005-08-01,309,270,210,217,519,487,1006
40902,COIPASA,desnutricion global,desnutricion leve (l),2005-08-01,1,2,2,2,3,4,7
30905,COLCAPIRHUA,desnutricion global,desnutricion leve (l),2005-08-01,57,45,26,19,83,64,147
50901,"COLCHA ""K""",desnutricion global,desnutricion leve (l),2005-08-01,21,24,21,28,42,52,94
21307,COLLANA,desnutricion global,desnutricion leve (l),2005-08-01,3,5,12,5,15,10,25
31002,COLOMI,desnutricion global,desnutricion leve (l),2005-08-01,40,42,37,44,77,86,163
70603,COLPA BELGICA,desnutricion global,desnutricion leve (l),2005-08-01,9,9,8,12,17,21,38
50401,COLQUECHACA,desnutricion global,desnutricion leve (l),2005-08-01,95,78,72,82,167,160,327
21306,COLQUENCHA,desnutricion global,desnutricion leve (l),2005-08-01,14,17,18,12,32,29,61
21004,COLQUIRI,desnutricion global,desnutricion leve (l),2005-08-01,38,33,24,32,62,65,127
20304,COMANCHE,desnutricion global,desnutricion leve (l),2005-08-01,1,3,3,3,4,6,10
71301,COMARAPA,desnutricion global,desnutricion leve (l),2005-08-01,38,33,27,47,65,80,145
20605,COMBAYA,desnutricion global,desnutricion leve (l),2005-08-01,7,4,8,9,15,13,28
71101,CONCEPCION,desnutricion global,desnutricion leve (l),2005-08-01,13,9,1,5,14,14,28
21701,COPACABANA,desnutricion global,desnutricion leve (l),2005-08-01,12,19,13,14,25,33,58
21402,CORIPATA,desnutricion global,desnutricion leve (l),2005-08-01,17,14,15,13,32,27,59
20301,CORO CORO,desnutricion global,desnutricion leve (l),2005-08-01,25,20,36,24,61,44,105
21401,COROICO,desnutricion global,desnutricion leve (l),2005-08-01,19,20,16,22,35,42,77
40301,CORQUE,desnutricion global,desnutricion leve (l),2005-08-01,14,11,9,15,23,26,49
50601,COTAGAITA,desnutricion global,desnutricion leve (l),2005-08-01,51,40,61,67,112,107,219
70102,COTOCA,desnutricion global,desnutricion leve (l),2005-08-01,45,28,26,25,71,53,124
71106,CUATRO CAÑADAS,desnutricion global,desnutricion leve (l),2005-08-01,4,4,12,22,16,26,42
31405,CUCHUMUELA (V. G. VILLARROEL),desnutricion global,desnutricion leve (l),2005-08-01,2,0,3,4,5,4,9
70704,CUEVO,desnutricion global,desnutricion leve (l),2005-08-01,4,6,5,4,9,10,19
10902,CULPINA,desnutricion global,desnutricion leve (l),2005-08-01,106,105,143,150,249,255,504
40401,CURAHUARA DE CARANGAS,desnutricion global,desnutricion leve (l),2005-08-01,17,3,14,22,31,25,56
21602,CURVA,desnutricion global,desnutricion leve (l),2005-08-01,3,0,5,0,8,0,8
20804,DESAGUADERO,desnutricion global,desnutricion leve (l),2005-08-01,9,7,9,7,18,14,32
20105,EL ALTO,desnutricion global,desnutricion leve (l),2005-08-01,1238,966,772,765,2010,1731,3741
40103,EL CHORO,desnutricion global,desnutricion leve (l),2005-08-01,2,0,7,6,9,6,15
60502,EL PUENTE(TJA),desnutricion global,desnutricion leve (l),2005-08-01,23,21,41,43,64,64,128
70105,EL TORNO,desnutricion global,desnutricion leve (l),2005-08-01,40,59,39,41,79,100,179
10405,EL VILLAR,desnutricion global,desnutricion leve (l),2005-08-01,11,9,35,33,46,42,88
60601,ENTRE RIOS,desnutricion global,desnutricion leve (l),2005-08-01,15,24,30,38,45,62,107
60601,ENTRE RIOS,desnutricion global,desnutricion leve (l),2005-08-01,41,44,48,46,89,90,179
41101,EUCALIPTUS,desnutricion global,desnutricion leve (l),2005-08-01,3,14,9,12,12,26,38
90503,EUREKA (SANTOS MERCADO),desnutricion global,desnutricion leve (l),2005-08-01,0,0,0,1,0,1,1
80402,EXALTACION,desnutricion global,desnutricion leve (l),2005-08-01,7,7,10,13,17,20,37
71004,FERNANDEZ ALONSO,desnutricion global,desnutricion leve (l),2005-08-01,20,26,21,27,41,53,94
90203,FILADELFIA,desnutricion global,desnutricion leve (l),2005-08-01,1,3,1,3,2,6,8
71002,GENERAL SAAVEDRA,desnutricion global,desnutricion leve (l),2005-08-01,57,33,38,36,95,69,164
21601,GRAL. J.J. PEREZ (CHARAZANI),desnutricion global,desnutricion leve (l),2005-08-01,18,25,24,29,42,54,96
20602,GUANAY,desnutricion global,desnutricion leve (l),2005-08-01,25,28,12,12,37,40,77
20802,GUAQUI,desnutricion global,desnutricion leve (l),2005-08-01,9,6,4,4,13,10,23
80202,GUAYARAMERIN,desnutricion global,desnutricion leve (l),2005-08-01,64,61,38,60,102,121,223
70705,GUTIERREZ,desnutricion global,desnutricion leve (l),2005-08-01,52,40,75,77,127,117,244
10502,HUACARETA,desnutricion global,desnutricion leve (l),2005-08-01,24,24,28,29,52,53,105
11002,HUACAYA (VILLA DE HUACAYA),desnutricion global,desnutricion leve (l),2005-08-01,6,6,4,10,10,16,26
40501,HUACHACALLA,desnutricion global,desnutricion leve (l),2005-08-01,5,4,2,5,7,9,16
40701,HUANUNI,desnutricion global,desnutricion leve (l),2005-08-01,34,24,24,23,58,47,105
80803,HUARACAJE,desnutricion global,desnutricion leve (l),2005-08-01,7,6,5,4,12,10,22
41601,HUAYLLAMARCA,desnutricion global,desnutricion leve (l),2005-08-01,2,1,3,3,5,4,9
21005,ICHOCA,desnutricion global,desnutricion leve (l),2005-08-01,11,14,14,10,25,24,49
10304,ICLA,desnutricion global,desnutricion leve (l),2005-08-01,59,47,98,92,157,139,296
10703,INCAHUASI,desnutricion global,desnutricion leve (l),2005-08-01,146,136,143,184,289,320,609
90402,INGAVI (HUMAITA),desnutricion global,desnutricion leve (l),2005-08-01,2,3,4,3,6,6,12
21001,INQUISIVI,desnutricion global,desnutricion leve (l),2005-08-01,40,33,34,41,74,74,148
21102,IRUPANA (VILLA DE LANZA),desnutricion global,desnutricion leve (l),2005-08-01,19,22,28,32,47,54,101
21501,IXIAMAS,desnutricion global,desnutricion leve (l),2005-08-01,16,13,16,15,32,28,60
20806,JESUS DE MACHACA,desnutricion global,desnutricion leve (l),2005-08-01,18,19,21,23,39,42,81
21105,LA ASUNTA,desnutricion global,desnutricion leve (l),2005-08-01,29,17,11,11,40,28,68
70104,LA GUARDIA,desnutricion global,desnutricion leve (l),2005-08-01,30,19,26,29,56,48,104
20101,LA PAZ,desnutricion global,desnutricion leve (l),2005-08-01,821,674,517,554,1338,1228,2566
41501,LA RIVERA,desnutricion global,desnutricion leve (l),2005-08-01,0,0,1,0,1,0,1
70701,LAGUNILLAS,desnutricion global,desnutricion leve (l),2005-08-01,11,14,17,23,28,37,65
21202,LAJA,desnutricion global,desnutricion leve (l),2005-08-01,13,16,25,25,38,41,79
10903,LAS CARRERAS,desnutricion global,desnutricion leve (l),2005-08-01,5,10,14,21,19,31,50
50203,LLALLAGUA,desnutricion global,desnutricion leve (l),2005-08-01,122,123,187,186,309,309,618
51401,LLICA,desnutricion global,desnutricion leve (l),2005-08-01,2,7,8,4,10,11,21
80601,LORETO,desnutricion global,desnutricion leve (l),2005-08-01,5,4,4,3,9,7,16
20901,LURIBAY,desnutricion global,desnutricion leve (l),2005-08-01,25,21,24,25,49,46,95
40702,MACHACAMARCA,desnutricion global,desnutricion leve (l),2005-08-01,6,6,1,3,7,9,16
11003,MACHARETI,desnutricion global,desnutricion leve (l),2005-08-01,25,16,35,47,60,63,123
80801,MAGDALENA,desnutricion global,desnutricion leve (l),2005-08-01,14,14,3,11,17,25,42
70903,MAIRANA,desnutricion global,desnutricion leve (l),2005-08-01,8,12,10,18,18,30,48
20904,MALLA,desnutricion global,desnutricion leve (l),2005-08-01,9,18,23,18,32,36,68
20607,MAPIRI,desnutricion global,desnutricion leve (l),2005-08-01,11,12,9,14,20,26,46
20103,MECAPACA,desnutricion global,desnutricion leve (l),2005-08-01,17,9,10,8,27,17,44
71003,MINEROS,desnutricion global,desnutricion leve (l),2005-08-01,37,35,17,20,54,55,109
31301,MIZQUE,desnutricion global,desnutricion leve (l),2005-08-01,53,73,59,61,112,134,246
20402,MOCOMOCO,desnutricion global,desnutricion leve (l),2005-08-01,21,14,28,34,49,48,97
51002,MOJINETE,desnutricion global,desnutricion leve (l),2005-08-01,3,5,8,6,11,11,22
10303,MOJOCOYA,desnutricion global,desnutricion leve (l),2005-08-01,31,27,41,48,72,75,147
10501,MONTEAGUDO,desnutricion global,desnutricion leve (l),2005-08-01,70,47,107,105,177,152,329
71001,MONTERO,desnutricion global,desnutricion leve (l),2005-08-01,206,146,132,151,338,297,635
70803,MORO MORO,desnutricion global,desnutricion leve (l),2005-08-01,10,6,15,12,25,18,43
30302,MOROCHATA,desnutricion global,desnutricion leve (l),2005-08-01,73,61,98,77,171,138,309
90401,NACEBE (SANTA ROSA DEL ABUNA),desnutricion global,desnutricion leve (l),2005-08-01,5,0,1,0,6,0,6
90501,NUEVO MANOA (NUEVA ESPERANZA),desnutricion global,desnutricion leve (l),2005-08-01,2,0,3,2,5,2,7
50404,OCURI,desnutricion global,desnutricion leve (l),2005-08-01,68,55,68,72,136,127,263
70202,OKINAWA,desnutricion global,desnutricion leve (l),2005-08-01,10,8,5,14,15,22,37
30203,OMEREQUE,desnutricion global,desnutricion leve (l),2005-08-01,16,13,22,21,38,34,72
40101,ORURO,desnutricion global,desnutricion leve (l),2005-08-01,365,281,229,222,594,503,1097
60201,PADCAYA,desnutricion global,desnutricion leve (l),2005-08-01,21,26,34,49,55,75,130
10401,PADILLA,desnutricion global,desnutricion leve (l),2005-08-01,37,50,87,95,124,145,269
20102,PALCA,desnutricion global,desnutricion leve (l),2005-08-01,12,8,9,14,21,22,43
21104,PALOS BLANCOS,desnutricion global,desnutricion leve (l),2005-08-01,38,50,54,62,92,112,204
40802,PAMPA AULLAGAS,desnutricion global,desnutricion leve (l),2005-08-01,8,7,11,10,19,17,36
70902,PAMPA GRANDE,desnutricion global,desnutricion leve (l),2005-08-01,11,7,6,11,17,18,35
21802,PAPEL PAMPA,desnutricion global,desnutricion leve (l),2005-08-01,7,10,5,12,12,22,34
30202,PASORAPA,desnutricion global,desnutricion leve (l),2005-08-01,17,15,16,19,33,34,67
21305,PATACAMAYA,desnutricion global,desnutricion leve (l),2005-08-01,79,77,68,50,147,127,274
40602,PAZÑA,desnutricion global,desnutricion leve (l),2005-08-01,8,2,8,15,16,17,33
20702,PELECHUCO,desnutricion global,desnutricion leve (l),2005-08-01,27,22,15,18,42,40,82
50403,POCOATA,desnutricion global,desnutricion leve (l),2005-08-01,56,85,69,75,125,160,285
31203,POCONA,desnutricion global,desnutricion leve (l),2005-08-01,35,22,37,52,72,74,146
31202,POJO (CBBA),desnutricion global,desnutricion leve (l),2005-08-01,27,22,33,27,60,49,109
40601,POOPO,desnutricion global,desnutricion leve (l),2005-08-01,2,3,3,2,5,5,10
51203,PORCO,desnutricion global,desnutricion leve (l),2005-08-01,18,14,9,13,27,27,54
10103,POROMA,desnutricion global,desnutricion leve (l),2005-08-01,70,61,103,98,173,159,332
70103,PORONGO,desnutricion global,desnutricion leve (l),2005-08-01,3,2,3,4,6,6,12
70601,PORTACHUELO,desnutricion global,desnutricion leve (l),2005-08-01,30,23,17,39,47,62,109
90102,PORVENIR,desnutricion global,desnutricion leve (l),2005-08-01,0,4,1,4,1,8,9
70804,POSTRER VALLE,desnutricion global,desnutricion leve (l),2005-08-01,2,3,12,17,14,20,34
50101,POTOSI,desnutricion global,desnutricion leve (l),2005-08-01,363,271,194,181,557,452,1009
10302,PRESTO,desnutricion global,desnutricion leve (l),2005-08-01,46,48,60,73,106,121,227
70805,PUCARA,desnutricion global,desnutricion leve (l),2005-08-01,1,2,6,4,7,6,13
21201,PUCARANI,desnutricion global,desnutricion leve (l),2005-08-01,46,46,81,59,127,105,232
20401,PUERTO ACOSTA,desnutricion global,desnutricion leve (l),2005-08-01,35,27,21,45,56,72,128
20403,PUERTO CARABUCO,desnutricion global,desnutricion leve (l),2005-08-01,28,17,23,31,51,48,99
90301,PUERTO GONZALO MORENO,desnutricion global,desnutricion leve (l),2005-08-01,12,12,9,14,21,26,47
21204,PUERTO PEREZ,desnutricion global,desnutricion leve (l),2005-08-01,12,4,16,6,28,10,38
90201,PUERTO RICO,desnutricion global,desnutricion leve (l),2005-08-01,7,11,8,17,15,28,43
80703,PUERTO SILES,desnutricion global,desnutricion leve (l),2005-08-01,0,1,1,2,1,3,4
31205,PUERTO VILLARROEL,desnutricion global,desnutricion leve (l),2005-08-01,80,78,73,86,153,164,317
51101,PUNA,desnutricion global,desnutricion leve (l),2005-08-01,80,79,111,114,191,193,384
31401,PUNATA,desnutricion global,desnutricion leve (l),2005-08-01,45,37,32,26,77,63,140
20604,QUIABAYA,desnutricion global,desnutricion leve (l),2005-08-01,3,1,7,3,10,4,14
30901,QUILLACOLLO,desnutricion global,desnutricion leve (l),2005-08-01,61,45,46,53,107,98,205
21002,QUIME,desnutricion global,desnutricion leve (l),2005-08-01,7,12,24,18,31,30,61
50402,RAVELO,desnutricion global,desnutricion leve (l),2005-08-01,140,128,149,156,289,284,573
80301,REYES,desnutricion global,desnutricion leve (l),2005-08-01,48,37,59,76,107,113,220
80201,RIBERALTA,desnutricion global,desnutricion leve (l),2005-08-01,211,258,128,162,339,420,759
80304,RURRENABAQUE,desnutricion global,desnutricion leve (l),2005-08-01,8,17,3,5,11,22,33
40901,SABAYA,desnutricion global,desnutricion leve (l),2005-08-01,4,5,2,5,6,10,16
31001,SACABA,desnutricion global,desnutricion leve (l),2005-08-01,92,63,58,48,150,111,261
30404,SACABAMBA,desnutricion global,desnutricion leve (l),2005-08-01,12,9,16,17,28,26,54
50701,SACACA,desnutricion global,desnutricion leve (l),2005-08-01,143,179,311,289,454,468,922
71302,SAIPINA,desnutricion global,desnutricion leve (l),2005-08-01,9,11,7,14,16,25,41
40801,SALINAS DE GARCI MENDOZA,desnutricion global,desnutricion leve (l),2005-08-01,17,16,17,15,34,31,65
70901,SAMAIPATA,desnutricion global,desnutricion leve (l),2005-08-01,15,8,11,18,26,26,52
51601,SAN AGUSTIN,desnutricion global,desnutricion leve (l),2005-08-01,0,3,0,2,0,5,5
80602,SAN ANDRES,desnutricion global,desnutricion leve (l),2005-08-01,28,18,13,19,41,37,78
20805,SAN ANDRES DE MACHACA,desnutricion global,desnutricion leve (l),2005-08-01,8,5,4,8,12,13,25
51003,SAN ANTONIO DE ESMORUCO,desnutricion global,desnutricion leve (l),2005-08-01,1,1,4,2,5,3,8
71105,SAN ANTONIO DE LOMERIO,desnutricion global,desnutricion leve (l),2005-08-01,32,33,53,63,85,96,181
31403,SAN BENITO,desnutricion global,desnutricion leve (l),2005-08-01,9,10,9,17,18,27,45
80302,SAN BORJA,desnutricion global,desnutricion leve (l),2005-08-01,88,66,54,52,142,118,260
21502,SAN BUENA VENTURA,desnutricion global,desnutricion leve (l),2005-08-01,19,17,19,21,38,38,76
70402,SAN CARLOS,desnutricion global,desnutricion leve (l),2005-08-01,19,24,16,26,35,50,85
80501,SAN IGNACIO,desnutricion global,desnutricion leve (l),2005-08-01,67,55,56,76,123,131,254
70301,SAN IGNACIO DE VELASCO,desnutricion global,desnutricion leve (l),2005-08-01,123,143,108,135,231,278,509
80102,SAN JAVIER(BNI),desnutricion global,desnutricion leve (l),2005-08-01,9,10,17,14,26,24,50
71102,SAN JAVIER(STC),desnutricion global,desnutricion leve (l),2005-08-01,3,2,0,3,3,5,8
80701,SAN JOAQUIN,desnutricion global,desnutricion leve (l),2005-08-01,1,2,3,7,4,9,13
70404,SAN JUAN DE YAPACANI,desnutricion global,desnutricion leve (l),2005-08-01,13,16,11,15,24,31,55
71104,SAN JULIAN,desnutricion global,desnutricion leve (l),2005-08-01,32,27,47,55,79,82,161
90302,SAN LORENZO(PND),desnutricion global,desnutricion leve (l),2005-08-01,9,16,10,16,19,32,51
60501,SAN LORENZO(TJA),desnutricion global,desnutricion leve (l),2005-08-01,46,49,70,65,116,114,230
10702,SAN LUCAS,desnutricion global,desnutricion leve (l),2005-08-01,221,232,248,330,469,562,1031
70302,SAN MIGUEL DE VELASCO,desnutricion global,desnutricion leve (l),2005-08-01,14,20,27,39,41,59,100
51001,SAN PABLO DE LIPEZ,desnutricion global,desnutricion leve (l),2005-08-01,8,11,9,6,17,17,34
71005,SAN PEDRO,desnutricion global,desnutricion leve (l),2005-08-01,12,21,19,24,31,45,76
50501,SAN PEDRO DE BUENA VISTA,desnutricion global,desnutricion leve (l),2005-08-01,112,116,151,129,263,245,508
21801,SAN PEDRO DE CURAHUARA,desnutricion global,desnutricion leve (l),2005-08-01,14,7,11,16,25,23,48
50902,SAN PEDRO DE QUEMES,desnutricion global,desnutricion leve (l),2005-08-01,0,1,0,0,0,1,1
21702,SAN PEDRO DE TIQUINA,desnutricion global,desnutricion leve (l),2005-08-01,7,5,6,12,13,17,30
90202,SAN PEDRO(PND),desnutricion global,desnutricion leve (l),2005-08-01,4,12,7,12,11,24,35
70303,SAN RAFAEL,desnutricion global,desnutricion leve (l),2005-08-01,21,15,15,13,36,28,64
80702,SAN RAMON,desnutricion global,desnutricion leve (l),2005-08-01,6,3,5,3,11,6,17
80702,SAN RAMON,desnutricion global,desnutricion leve (l),2005-08-01,3,3,4,4,7,7,14
80401,SANTA ANA,desnutricion global,desnutricion leve (l),2005-08-01,18,13,5,4,23,17,40
70101,SANTA CRUZ DE LA SIERRA,desnutricion global,desnutricion leve (l),2005-08-01,1714,1628,609,726,2323,2354,4677
80303,SANTA ROSA,desnutricion global,desnutricion leve (l),2005-08-01,10,4,9,2,19,6,25
70602,SANTA ROSA DEL SARA,desnutricion global,desnutricion leve (l),2005-08-01,18,11,13,14,31,25,56
20308,SANTIAGO DE CALLAPA,desnutricion global,desnutricion leve (l),2005-08-01,5,5,16,9,21,14,35
41401,SANTIAGO DE HUARI,desnutricion global,desnutricion leve (l),2005-08-01,16,5,12,14,28,19,47
21901,SANTIAGO DE MACHACA,desnutricion global,desnutricion leve (l),2005-08-01,5,9,2,2,7,11,18
30702,SANTIVAÑES,desnutricion global,desnutricion leve (l),2005-08-01,16,11,26,22,42,33,75
40202,SANTUARIO DE QUILLACAS,desnutricion global,desnutricion leve (l),2005-08-01,4,3,3,3,7,6,13
20902,SAPAHAQUI,desnutricion global,desnutricion leve (l),2005-08-01,21,26,30,23,51,49,100
90303,SENA,desnutricion global,desnutricion leve (l),2005-08-01,2,8,3,5,5,13,18
21301,SICA SICA (VILLA AROMA),desnutricion global,desnutricion leve (l),2005-08-01,65,48,47,55,112,103,215
30703,SICAYA,desnutricion global,desnutricion leve (l),2005-08-01,22,14,22,14,44,28,72
30902,SIPE SIPE,desnutricion global,desnutricion leve (l),2005-08-01,131,85,114,103,245,188,433
10403,SOPACHUY,desnutricion global,desnutricion leve (l),2005-08-01,23,42,42,59,65,101,166
40104,SORACACHI,desnutricion global,desnutricion leve (l),2005-08-01,10,13,16,15,26,28,54
20601,SORATA,desnutricion global,desnutricion leve (l),2005-08-01,31,42,34,37,65,79,144
10101,SUCRE,desnutricion global,desnutricion leve (l),2005-08-01,379,364,464,458,843,822,1665
31404,TACACHI,desnutricion global,desnutricion leve (l),2005-08-01,4,2,1,5,5,7,12
20603,TACACOMA,desnutricion global,desnutricion leve (l),2005-08-01,11,19,18,8,29,27,56
50303,TACOBAMBA,desnutricion global,desnutricion leve (l),2005-08-01,36,32,49,34,85,66,151
30602,TACOPAYA,desnutricion global,desnutricion leve (l),2005-08-01,39,50,49,61,88,111,199
51402,TAHUA,desnutricion global,desnutricion leve (l),2005-08-01,1,1,2,4,3,5,8
31101,TAPACARI,desnutricion global,desnutricion leve (l),2005-08-01,54,46,33,29,87,75,162
10601,TARABUCO,desnutricion global,desnutricion leve (l),2005-08-01,136,121,231,253,367,374,741
20807,TARACO,desnutricion global,desnutricion leve (l),2005-08-01,6,8,5,13,11,21,32
30401,TARATA,desnutricion global,desnutricion leve (l),2005-08-01,16,9,11,14,27,23,50
60101,TARIJA,desnutricion global,desnutricion leve (l),2005-08-01,230,188,163,198,393,386,779
10202,TARVITA,desnutricion global,desnutricion leve (l),2005-08-01,14,13,22,19,36,32,68
20608,TEOPONTE,desnutricion global,desnutricion leve (l),2005-08-01,12,18,13,14,25,32,57
20803,TIAWANACU,desnutricion global,desnutricion leve (l),2005-08-01,17,4,10,7,27,11,38
50102,TINGUIPAYA,desnutricion global,desnutricion leve (l),2005-08-01,93,60,82,83,175,143,318
20606,TIPUANI,desnutricion global,desnutricion leve (l),2005-08-01,15,7,5,3,20,10,30
30903,TIQUIPAYA,desnutricion global,desnutricion leve (l),2005-08-01,61,37,39,29,100,66,166
31601,TIRAQUE (CBBA),desnutricion global,desnutricion leve (l),2005-08-01,91,68,30,44,121,112,233
21703,TITO YUPANQUI (PARQUIPUJIO),desnutricion global,desnutricion leve (l),2005-08-01,6,1,3,4,9,5,14
30802,TOCO,desnutricion global,desnutricion leve (l),2005-08-01,4,3,9,8,13,11,24
30803,TOLATA,desnutricion global,desnutricion leve (l),2005-08-01,2,4,2,3,4,7,11
41001,TOLEDO,desnutricion global,desnutricion leve (l),2005-08-01,8,4,6,5,14,9,23
51202,TOMAVE,desnutricion global,desnutricion leve (l),2005-08-01,63,14,76,25,139,39,178
10402,TOMINA,desnutricion global,desnutricion leve (l),2005-08-01,53,48,86,119,139,167,306
50502,TORO TORO,desnutricion global,desnutricion leve (l),2005-08-01,60,49,58,71,118,120,238
31201,TOTORA(CBBA),desnutricion global,desnutricion leve (l),2005-08-01,27,46,22,44,49,90,139
41301,TOTORA(ORR),desnutricion global,desnutricion leve (l),2005-08-01,2,4,4,3,6,7,13
70802,TRIGAL,desnutricion global,desnutricion leve (l),2005-08-01,2,0,1,1,3,1,4
80101,TRINIDAD,desnutricion global,desnutricion leve (l),2005-08-01,137,121,93,77,230,198,428
50801,TUPIZA,desnutricion global,desnutricion leve (l),2005-08-01,68,76,82,104,150,180,330
40402,TURCO,desnutricion global,desnutricion leve (l),2005-08-01,1,2,4,3,5,5,10
21302,UMALA,desnutricion global,desnutricion leve (l),2005-08-01,14,9,17,17,31,26,57
50201,UNCIA,desnutricion global,desnutricion leve (l),2005-08-01,22,21,23,16,45,37,82
60401,URIONDO (A. CONCEPCION),desnutricion global,desnutricion leve (l),2005-08-01,37,42,37,40,74,82,156
51201,UYUNI,desnutricion global,desnutricion leve (l),2005-08-01,34,43,37,60,71,103,174
30502,VACAS,desnutricion global,desnutricion leve (l),2005-08-01,23,14,25,15,48,29,77
70801,VALLEGRANDE,desnutricion global,desnutricion leve (l),2005-08-01,20,26,19,20,39,46,85
20801,VIACHA,desnutricion global,desnutricion leve (l),2005-08-01,34,51,49,45,83,96,179
31302,VILA VILA,desnutricion global,desnutricion leve (l),2005-08-01,12,11,10,12,22,23,45
60303,VILLA MONTES,desnutricion global,desnutricion leve (l),2005-08-01,32,25,24,24,56,49,105
90502,VILLA NUEVA (LOMA ALTA),desnutricion global,desnutricion leve (l),2005-08-01,3,6,5,4,8,10,18
31402,VILLA RIVERO,desnutricion global,desnutricion leve (l),2005-08-01,17,9,9,13,26,22,48
10801,VILLA SERRANO,desnutricion global,desnutricion leve (l),2005-08-01,54,43,92,92,146,135,281
31003,VILLA TUNARI,desnutricion global,desnutricion leve (l),2005-08-01,136,108,145,135,281,243,524
11001,VILLA VACA GUZMAN (MUYUPAMPA),desnutricion global,desnutricion leve (l),2005-08-01,26,23,40,45,66,68,134
51501,VILLAZON,desnutricion global,desnutricion leve (l),2005-08-01,68,89,71,88,139,177,316
30904,VINTO,desnutricion global,desnutricion leve (l),2005-08-01,54,7,17,3,71,10,81
50602,VITICHI,desnutricion global,desnutricion leve (l),2005-08-01,22,28,39,37,61,65,126
20306,WALDO BALLIVIAN,desnutricion global,desnutricion leve (l),2005-08-01,3,4,5,7,8,11,19
70201,WARNES,desnutricion global,desnutricion leve (l),2005-08-01,61,56,51,43,112,99,211
20903,YACO,desnutricion global,desnutricion leve (l),2005-08-01,18,15,18,15,36,30,66
60301,YACUIBA,desnutricion global,desnutricion leve (l),2005-08-01,44,37,30,45,74,82,156
10602,YAMPARAEZ,desnutricion global,desnutricion leve (l),2005-08-01,49,52,123,94,172,146,318
21103,YANACACHI,desnutricion global,desnutricion leve (l),2005-08-01,0,0,0,1,0,1,1
70403,YAPACANI,desnutricion global,desnutricion leve (l),2005-08-01,64,63,46,54,110,117,227
50103,YOCALLA,desnutricion global,desnutricion leve (l),2005-08-01,8,5,12,14,20,19,39
10102,YOTALA,desnutricion global,desnutricion leve (l),2005-08-01,23,29,51,53,74,82,156
60402,YUNCHARA,desnutricion global,desnutricion leve (l),2005-08-01,25,29,58,38,83,67,150
10301,ZUDAÑEZ,desnutricion global,desnutricion leve (l),2005-08-01,40,40,46,72,86,112,198
51302,ACACIO,desnutricion global,desnutricion leve (l),2005-09-01,25,26,31,39,56,65,121
20201,ACHACACHI,desnutricion global,desnutricion leve (l),2005-09-01,34,50,45,63,79,113,192
20104,ACHOCALLA,desnutricion global,desnutricion leve (l),2005-09-01,6,5,8,16,14,21,35
30201,AIQUILE,desnutricion global,desnutricion leve (l),2005-09-01,31,31,40,46,71,77,148
31303,ALALAY,desnutricion global,desnutricion leve (l),2005-09-01,12,21,15,10,27,31,58
10404,ALCALA,desnutricion global,desnutricion leve (l),2005-09-01,12,6,38,31,50,37,87
20202,ANCORAIMES,desnutricion global,desnutricion leve (l),2005-09-01,30,28,44,52,74,80,154
41201,ANDAMARCA,desnutricion global,desnutricion leve (l),2005-09-01,8,7,6,11,14,18,32
40603,ANTEQUERA,desnutricion global,desnutricion leve (l),2005-09-01,4,3,4,7,8,10,18
30402,ANZALDO,desnutricion global,desnutricion leve (l),2005-09-01,3,5,8,7,11,12,23
20701,APOLO,desnutricion global,desnutricion leve (l),2005-09-01,38,42,24,43,62,85,147
51301,ARAMPAMPA,desnutricion global,desnutricion leve (l),2005-09-01,26,25,28,29,54,54,108
30501,ARANI,desnutricion global,desnutricion leve (l),2005-09-01,28,32,27,35,55,67,122
30403,ARBIETO,desnutricion global,desnutricion leve (l),2005-09-01,4,4,5,9,9,13,22
30601,ARQUE,desnutricion global,desnutricion leve (l),2005-09-01,23,22,3,8,26,30,56
50802,ATOCHA,desnutricion global,desnutricion leve (l),2005-09-01,25,23,24,26,49,49,98
20503,AUCAPATA,desnutricion global,desnutricion leve (l),2005-09-01,6,4,7,16,13,20,33
20502,AYATA,desnutricion global,desnutricion leve (l),2005-09-01,36,22,32,38,68,60,128
21303,AYO AYO,desnutricion global,desnutricion leve (l),2005-09-01,14,4,7,8,21,12,33
30301,AYOPAYA (V. DE INDEPENDENCIA),desnutricion global,desnutricion leve (l),2005-09-01,48,37,51,50,99,87,186
10201,AZURDUY,desnutricion global,desnutricion leve (l),2005-09-01,48,66,88,120,136,186,322
21203,BATALLAS,desnutricion global,desnutricion leve (l),2005-09-01,7,4,5,3,12,7,19
80802,BAURES,desnutricion global,desnutricion leve (l),2005-09-01,11,9,5,4,16,13,29
41202,BELEN DE ANDAMARCA,desnutricion global,desnutricion leve (l),2005-09-01,3,0,0,0,3,0,3
50104,BELEN DE URMIRI,desnutricion global,desnutricion leve (l),2005-09-01,3,4,7,9,10,13,23
90104,BELLA FLOR,desnutricion global,desnutricion leve (l),2005-09-01,5,1,1,2,6,3,9
60202,BERMEJO,desnutricion global,desnutricion leve (l),2005-09-01,10,8,9,14,19,22,41
50301,BETANZOS,desnutricion global,desnutricion leve (l),2005-09-01,104,103,163,154,267,257,524
31501,BOLIVAR,desnutricion global,desnutricion leve (l),2005-09-01,45,50,47,53,92,103,195
90103,BOLPEBRA,desnutricion global,desnutricion leve (l),2005-09-01,5,3,4,4,9,7,16
70707,BOYUIBE,desnutricion global,desnutricion leve (l),2005-09-01,12,5,15,18,27,23,50
70401,BUENA VISTA,desnutricion global,desnutricion leve (l),2005-09-01,11,7,9,13,20,20,40
70703,CABEZAS,desnutricion global,desnutricion leve (l),2005-09-01,13,11,22,18,35,29,64
20905,CAIROMA,desnutricion global,desnutricion leve (l),2005-09-01,36,61,41,58,77,119,196
51102,"CAIZA ""D""",desnutricion global,desnutricion leve (l),2005-09-01,20,22,33,45,53,67,120
21003,CAJUATA,desnutricion global,desnutricion leve (l),2005-09-01,15,11,12,17,27,28,55
20303,CALACOTO,desnutricion global,desnutricion leve (l),2005-09-01,7,10,9,15,16,25,41
21304,CALAMARCA,desnutricion global,desnutricion leve (l),2005-09-01,75,76,68,96,143,172,315
10701,CAMARGO,desnutricion global,desnutricion leve (l),2005-09-01,52,54,67,90,119,144,263
10901,CAMATAQUI (C. VILLA ABECIA),desnutricion global,desnutricion leve (l),2005-09-01,8,4,18,15,26,19,45
70706,CAMIRI,desnutricion global,desnutricion leve (l),2005-09-01,36,22,19,29,55,51,106
30701,CAPINOTA,desnutricion global,desnutricion leve (l),2005-09-01,28,22,91,86,119,108,227
20302,CAQUIAVIRI,desnutricion global,desnutricion leve (l),2005-09-01,13,15,19,22,32,37,69
40102,CARACOLLO,desnutricion global,desnutricion leve (l),2005-09-01,29,15,24,13,53,28,81
22001,CARANAVI,desnutricion global,desnutricion leve (l),2005-09-01,64,82,53,77,117,159,276
41503,CARANGAS,desnutricion global,desnutricion leve (l),2005-09-01,1,1,1,2,2,3,5
60302,CARAPARI,desnutricion global,desnutricion leve (l),2005-09-01,2,4,9,6,11,10,21
50702,CARIPUYO,desnutricion global,desnutricion leve (l),2005-09-01,62,60,99,104,161,164,325
21902,CATACORA,desnutricion global,desnutricion leve (l),2005-09-01,4,0,2,4,6,4,10
21803,CHACARILLA,desnutricion global,desnutricion leve (l),2005-09-01,7,5,8,14,15,19,34
40201,CHALLAPATA,desnutricion global,desnutricion leve (l),2005-09-01,65,52,30,28,95,80,175
50302,CHAQUI,desnutricion global,desnutricion leve (l),2005-09-01,15,13,30,35,45,48,93
70702,CHARAGUA,desnutricion global,desnutricion leve (l),2005-09-01,32,44,51,49,83,93,176
20305,CHARAÑA,desnutricion global,desnutricion leve (l),2005-09-01,8,6,8,13,16,19,35
50202,CHAYANTA,desnutricion global,desnutricion leve (l),2005-09-01,38,37,54,55,92,92,184
31204,CHIMORE,desnutricion global,desnutricion leve (l),2005-09-01,37,22,15,35,52,57,109
40903,CHIPAYA,desnutricion global,desnutricion leve (l),2005-09-01,3,2,4,3,7,5,12
40302,CHOQUE COTA,desnutricion global,desnutricion leve (l),2005-09-01,3,3,0,1,3,4,7
21101,CHULUMANI (V. DE LA LIBERTAD),desnutricion global,desnutricion leve (l),2005-09-01,10,6,1,8,11,14,25
20501,CHUMA,desnutricion global,desnutricion leve (l),2005-09-01,19,19,19,12,38,31,69
30801,CLIZA,desnutricion global,desnutricion leve (l),2005-09-01,32,27,20,21,52,48,100
90101,COBIJA,desnutricion global,desnutricion leve (l),2005-09-01,47,31,38,59,85,90,175
30101,COCHABAMBA,desnutricion global,desnutricion leve (l),2005-09-01,275,237,229,225,504,462,966
40902,COIPASA,desnutricion global,desnutricion leve (l),2005-09-01,0,0,0,1,0,1,1
30905,COLCAPIRHUA,desnutricion global,desnutricion leve (l),2005-09-01,52,49,48,36,100,85,185
50901,"COLCHA ""K""",desnutricion global,desnutricion leve (l),2005-09-01,24,25,25,29,49,54,103
21307,COLLANA,desnutricion global,desnutricion leve (l),2005-09-01,2,4,5,6,7,10,17
31002,COLOMI,desnutricion global,desnutricion leve (l),2005-09-01,42,47,30,37,72,84,156
70603,COLPA BELGICA,desnutricion global,desnutricion leve (l),2005-09-01,5,7,3,4,8,11,19
50401,COLQUECHACA,desnutricion global,desnutricion leve (l),2005-09-01,81,105,104,125,185,230,415
21306,COLQUENCHA,desnutricion global,desnutricion leve (l),2005-09-01,13,17,21,17,34,34,68
21004,COLQUIRI,desnutricion global,desnutricion leve (l),2005-09-01,21,31,29,24,50,55,105
20304,COMANCHE,desnutricion global,desnutricion leve (l),2005-09-01,16,11,13,23,29,34,63
71301,COMARAPA,desnutricion global,desnutricion leve (l),2005-09-01,30,34,24,24,54,58,112
20605,COMBAYA,desnutricion global,desnutricion leve (l),2005-09-01,5,5,10,8,15,13,28
71101,CONCEPCION,desnutricion global,desnutricion leve (l),2005-09-01,8,10,4,4,12,14,26
21701,COPACABANA,desnutricion global,desnutricion leve (l),2005-09-01,22,17,18,43,40,60,100
21402,CORIPATA,desnutricion global,desnutricion leve (l),2005-09-01,7,22,8,10,15,32,47
20301,CORO CORO,desnutricion global,desnutricion leve (l),2005-09-01,38,20,26,31,64,51,115
21401,COROICO,desnutricion global,desnutricion leve (l),2005-09-01,13,16,35,27,48,43,91
40301,CORQUE,desnutricion global,desnutricion leve (l),2005-09-01,6,10,14,10,20,20,40
50601,COTAGAITA,desnutricion global,desnutricion leve (l),2005-09-01,65,40,75,86,140,126,266
70102,COTOCA,desnutricion global,desnutricion leve (l),2005-09-01,30,25,18,25,48,50,98
71106,CUATRO CAÑADAS,desnutricion global,desnutricion leve (l),2005-09-01,7,26,12,22,19,48,67
31405,CUCHUMUELA (V. G. VILLARROEL),desnutricion global,desnutricion leve (l),2005-09-01,4,4,4,1,8,5,13
70704,CUEVO,desnutricion global,desnutricion leve (l),2005-09-01,4,4,3,5,7,9,16
10902,CULPINA,desnutricion global,desnutricion leve (l),2005-09-01,94,77,86,122,180,199,379
40401,CURAHUARA DE CARANGAS,desnutricion global,desnutricion leve (l),2005-09-01,4,4,9,7,13,11,24
21602,CURVA,desnutricion global,desnutricion leve (l),2005-09-01,1,1,7,2,8,3,11
20804,DESAGUADERO,desnutricion global,desnutricion leve (l),2005-09-01,8,6,5,4,13,10,23
20105,EL ALTO,desnutricion global,desnutricion leve (l),2005-09-01,1030,900,780,706,1810,1606,3416
40103,EL CHORO,desnutricion global,desnutricion leve (l),2005-09-01,2,1,7,5,9,6,15
60502,EL PUENTE(TJA),desnutricion global,desnutricion leve (l),2005-09-01,24,25,52,58,76,83,159
70105,EL TORNO,desnutricion global,desnutricion leve (l),2005-09-01,31,37,40,28,71,65,136
10405,EL VILLAR,desnutricion global,desnutricion leve (l),2005-09-01,6,18,30,42,36,60,96
60601,ENTRE RIOS,desnutricion global,desnutricion leve (l),2005-09-01,40,45,39,50,79,95,174
60601,ENTRE RIOS,desnutricion global,desnutricion leve (l),2005-09-01,23,23,48,43,71,66,137
40502,ESCARA,desnutricion global,desnutricion leve (l),2005-09-01,1,0,1,1,2,1,3
41101,EUCALIPTUS,desnutricion global,desnutricion leve (l),2005-09-01,12,8,11,9,23,17,40
90503,EUREKA (SANTOS MERCADO),desnutricion global,desnutricion leve (l),2005-09-01,0,2,0,0,0,2,2
80402,EXALTACION,desnutricion global,desnutricion leve (l),2005-09-01,5,4,6,15,11,19,30
71004,FERNANDEZ ALONSO,desnutricion global,desnutricion leve (l),2005-09-01,14,24,10,23,24,47,71
90203,FILADELFIA,desnutricion global,desnutricion leve (l),2005-09-01,3,3,5,6,8,9,17
71002,GENERAL SAAVEDRA,desnutricion global,desnutricion leve (l),2005-09-01,23,36,42,33,65,69,134
21601,GRAL. J.J. PEREZ (CHARAZANI),desnutricion global,desnutricion leve (l),2005-09-01,27,22,29,31,56,53,109
20602,GUANAY,desnutricion global,desnutricion leve (l),2005-09-01,24,29,18,41,42,70,112
20802,GUAQUI,desnutricion global,desnutricion leve (l),2005-09-01,7,5,7,2,14,7,21
80202,GUAYARAMERIN,desnutricion global,desnutricion leve (l),2005-09-01,53,32,31,32,84,64,148
70705,GUTIERREZ,desnutricion global,desnutricion leve (l),2005-09-01,41,33,60,58,101,91,192
10502,HUACARETA,desnutricion global,desnutricion leve (l),2005-09-01,20,22,23,38,43,60,103
11002,HUACAYA (VILLA DE HUACAYA),desnutricion global,desnutricion leve (l),2005-09-01,8,7,14,22,22,29,51
40501,HUACHACALLA,desnutricion global,desnutricion leve (l),2005-09-01,0,1,0,1,0,2,2
40701,HUANUNI,desnutricion global,desnutricion leve (l),2005-09-01,30,25,34,19,64,44,108
80803,HUARACAJE,desnutricion global,desnutricion leve (l),2005-09-01,7,1,4,8,11,9,20
41601,HUAYLLAMARCA,desnutricion global,desnutricion leve (l),2005-09-01,5,2,2,6,7,8,15
21005,ICHOCA,desnutricion global,desnutricion leve (l),2005-09-01,10,18,18,18,28,36,64
10304,ICLA,desnutricion global,desnutricion leve (l),2005-09-01,34,33,66,61,100,94,194
10703,INCAHUASI,desnutricion global,desnutricion leve (l),2005-09-01,112,101,101,138,213,239,452
90402,INGAVI (HUMAITA),desnutricion global,desnutricion leve (l),2005-09-01,1,1,0,0,1,1,2
21001,INQUISIVI,desnutricion global,desnutricion leve (l),2005-09-01,31,33,34,28,65,61,126
21102,IRUPANA (VILLA DE LANZA),desnutricion global,desnutricion leve (l),2005-09-01,16,21,26,36,42,57,99
21501,IXIAMAS,desnutricion global,desnutricion leve (l),2005-09-01,13,17,13,7,26,24,50
20806,JESUS DE MACHACA,desnutricion global,desnutricion leve (l),2005-09-01,14,17,4,12,18,29,47
21105,LA ASUNTA,desnutricion global,desnutricion leve (l),2005-09-01,21,30,13,13,34,43,77
70104,LA GUARDIA,desnutricion global,desnutricion leve (l),2005-09-01,27,18,20,32,47,50,97
20101,LA PAZ,desnutricion global,desnutricion leve (l),2005-09-01,679,555,447,499,1126,1054,2180
70701,LAGUNILLAS,desnutricion global,desnutricion leve (l),2005-09-01,15,20,29,28,44,48,92
21202,LAJA,desnutricion global,desnutricion leve (l),2005-09-01,27,26,16,17,43,43,86
10903,LAS CARRERAS,desnutricion global,desnutricion leve (l),2005-09-01,12,10,14,12,26,22,48
21006,LICOMA PAMPA,desnutricion global,desnutricion leve (l),2005-09-01,1,1,0,2,1,3,4
50203,LLALLAGUA,desnutricion global,desnutricion leve (l),2005-09-01,81,66,110,90,191,156,347
51401,LLICA,desnutricion global,desnutricion leve (l),2005-09-01,0,4,5,4,5,8,13
80601,LORETO,desnutricion global,desnutricion leve (l),2005-09-01,4,5,6,9,10,14,24
20901,LURIBAY,desnutricion global,desnutricion leve (l),2005-09-01,18,26,23,44,41,70,111
40702,MACHACAMARCA,desnutricion global,desnutricion leve (l),2005-09-01,4,6,6,1,10,7,17
11003,MACHARETI,desnutricion global,desnutricion leve (l),2005-09-01,14,10,25,20,39,30,69
80801,MAGDALENA,desnutricion global,desnutricion leve (l),2005-09-01,12,3,7,8,19,11,30
70903,MAIRANA,desnutricion global,desnutricion leve (l),2005-09-01,8,9,3,5,11,14,25
20904,MALLA,desnutricion global,desnutricion leve (l),2005-09-01,9,14,22,20,31,34,65
20607,MAPIRI,desnutricion global,desnutricion leve (l),2005-09-01,12,10,10,17,22,27,49
20103,MECAPACA,desnutricion global,desnutricion leve (l),2005-09-01,25,10,21,17,46,27,73
71003,MINEROS,desnutricion global,desnutricion leve (l),2005-09-01,25,21,17,14,42,35,77
31301,MIZQUE,desnutricion global,desnutricion leve (l),2005-09-01,28,28,27,22,55,50,105
20402,MOCOMOCO,desnutricion global,desnutricion leve (l),2005-09-01,43,35,49,46,92,81,173
51002,MOJINETE,desnutricion global,desnutricion leve (l),2005-09-01,2,2,2,1,4,3,7
10303,MOJOCOYA,desnutricion global,desnutricion leve (l),2005-09-01,32,25,39,45,71,70,141
10501,MONTEAGUDO,desnutricion global,desnutricion leve (l),2005-09-01,70,59,112,114,182,173,355
71001,MONTERO,desnutricion global,desnutricion leve (l),2005-09-01,178,135,116,171,294,306,600
70803,MORO MORO,desnutricion global,desnutricion leve (l),2005-09-01,4,0,10,7,14,7,21
30302,MOROCHATA,desnutricion global,desnutricion leve (l),2005-09-01,73,65,76,49,149,114,263
90401,NACEBE (SANTA ROSA DEL ABUNA),desnutricion global,desnutricion leve (l),2005-09-01,2,1,5,0,7,1,8
20307,NAZACARA DE PACAJES,desnutricion global,desnutricion leve (l),2005-09-01,0,0,3,0,3,0,3
90501,NUEVO MANOA (NUEVA ESPERANZA),desnutricion global,desnutricion leve (l),2005-09-01,2,0,3,5,5,5,10
50404,OCURI,desnutricion global,desnutricion leve (l),2005-09-01,79,77,102,106,181,183,364
70202,OKINAWA,desnutricion global,desnutricion leve (l),2005-09-01,8,8,6,1,14,9,23
30203,OMEREQUE,desnutricion global,desnutricion leve (l),2005-09-01,11,15,11,21,22,36,58
40101,ORURO,desnutricion global,desnutricion leve (l),2005-09-01,340,266,226,218,566,484,1050
60201,PADCAYA,desnutricion global,desnutricion leve (l),2005-09-01,31,21,26,49,57,70,127
10401,PADILLA,desnutricion global,desnutricion leve (l),2005-09-01,38,49,87,89,125,138,263
20102,PALCA,desnutricion global,desnutricion leve (l),2005-09-01,20,16,10,13,30,29,59
21104,PALOS BLANCOS,desnutricion global,desnutricion leve (l),2005-09-01,33,42,37,45,70,87,157
40802,PAMPA AULLAGAS,desnutricion global,desnutricion leve (l),2005-09-01,4,4,7,5,11,9,20
70902,PAMPA GRANDE,desnutricion global,desnutricion leve (l),2005-09-01,12,12,8,17,20,29,49
21802,PAPEL PAMPA,desnutricion global,desnutricion leve (l),2005-09-01,5,7,0,1,5,8,13
30202,PASORAPA,desnutricion global,desnutricion leve (l),2005-09-01,12,14,19,18,31,32,63
21305,PATACAMAYA,desnutricion global,desnutricion leve (l),2005-09-01,47,58,43,48,90,106,196
40602,PAZÑA,desnutricion global,desnutricion leve (l),2005-09-01,6,4,9,14,15,18,33
20702,PELECHUCO,desnutricion global,desnutricion leve (l),2005-09-01,15,10,12,8,27,18,45
50403,POCOATA,desnutricion global,desnutricion leve (l),2005-09-01,61,78,91,125,152,203,355
31203,POCONA,desnutricion global,desnutricion leve (l),2005-09-01,21,16,25,25,46,41,87
31202,POJO (CBBA),desnutricion global,desnutricion leve (l),2005-09-01,42,34,31,58,73,92,165
40601,POOPO,desnutricion global,desnutricion leve (l),2005-09-01,2,8,13,14,15,22,37
51203,PORCO,desnutricion global,desnutricion leve (l),2005-09-01,4,4,5,1,9,5,14
10103,POROMA,desnutricion global,desnutricion leve (l),2005-09-01,82,62,106,102,188,164,352
70103,PORONGO,desnutricion global,desnutricion leve (l),2005-09-01,7,5,2,1,9,6,15
70601,PORTACHUELO,desnutricion global,desnutricion leve (l),2005-09-01,20,8,9,13,29,21,50
90102,PORVENIR,desnutricion global,desnutricion leve (l),2005-09-01,0,5,3,4,3,9,12
70804,POSTRER VALLE,desnutricion global,desnutricion leve (l),2005-09-01,1,6,1,4,2,10,12
50101,POTOSI,desnutricion global,desnutricion leve (l),2005-09-01,264,220,207,212,471,432,903
10302,PRESTO,desnutricion global,desnutricion leve (l),2005-09-01,57,48,70,95,127,143,270
70805,PUCARA,desnutricion global,desnutricion leve (l),2005-09-01,1,1,3,3,4,4,8
21201,PUCARANI,desnutricion global,desnutricion leve (l),2005-09-01,40,41,55,73,95,114,209
20401,PUERTO ACOSTA,desnutricion global,desnutricion leve (l),2005-09-01,22,41,41,40,63,81,144
20403,PUERTO CARABUCO,desnutricion global,desnutricion leve (l),2005-09-01,12,22,24,26,36,48,84
90301,PUERTO GONZALO MORENO,desnutricion global,desnutricion leve (l),2005-09-01,11,13,10,17,21,30,51
21204,PUERTO PEREZ,desnutricion global,desnutricion leve (l),2005-09-01,3,2,6,6,9,8,17
90201,PUERTO RICO,desnutricion global,desnutricion leve (l),2005-09-01,13,19,16,13,29,32,61
80703,PUERTO SILES,desnutricion global,desnutricion leve (l),2005-09-01,0,3,1,1,1,4,5
31205,PUERTO VILLARROEL,desnutricion global,desnutricion leve (l),2005-09-01,61,45,72,69,133,114,247
51101,PUNA,desnutricion global,desnutricion leve (l),2005-09-01,100,96,117,153,217,249,466
31401,PUNATA,desnutricion global,desnutricion leve (l),2005-09-01,52,53,37,35,89,88,177
20604,QUIABAYA,desnutricion global,desnutricion leve (l),2005-09-01,5,3,3,3,8,6,14
30901,QUILLACOLLO,desnutricion global,desnutricion leve (l),2005-09-01,34,33,28,38,62,71,133
21002,QUIME,desnutricion global,desnutricion leve (l),2005-09-01,25,11,30,21,55,32,87
70904,QUIRUSILLAS,desnutricion global,desnutricion leve (l),2005-09-01,0,0,0,3,0,3,3
50402,RAVELO,desnutricion global,desnutricion leve (l),2005-09-01,141,109,140,160,281,269,550
80301,REYES,desnutricion global,desnutricion leve (l),2005-09-01,26,29,19,26,45,55,100
80201,RIBERALTA,desnutricion global,desnutricion leve (l),2005-09-01,166,201,119,134,285,335,620
80304,RURRENABAQUE,desnutricion global,desnutricion leve (l),2005-09-01,11,8,7,11,18,19,37
40901,SABAYA,desnutricion global,desnutricion leve (l),2005-09-01,4,3,6,1,10,4,14
31001,SACABA,desnutricion global,desnutricion leve (l),2005-09-01,90,81,86,89,176,170,346
30404,SACABAMBA,desnutricion global,desnutricion leve (l),2005-09-01,17,9,30,23,47,32,79
50701,SACACA,desnutricion global,desnutricion leve (l),2005-09-01,140,141,241,220,381,361,742
71302,SAIPINA,desnutricion global,desnutricion leve (l),2005-09-01,10,9,8,4,18,13,31
40801,SALINAS DE GARCI MENDOZA,desnutricion global,desnutricion leve (l),2005-09-01,20,8,17,15,37,23,60
70901,SAMAIPATA,desnutricion global,desnutricion leve (l),2005-09-01,8,6,18,9,26,15,41
51601,SAN AGUSTIN,desnutricion global,desnutricion leve (l),2005-09-01,1,4,4,4,5,8,13
80602,SAN ANDRES,desnutricion global,desnutricion leve (l),2005-09-01,11,10,17,13,28,23,51
20805,SAN ANDRES DE MACHACA,desnutricion global,desnutricion leve (l),2005-09-01,6,7,2,2,8,9,17
51003,SAN ANTONIO DE ESMORUCO,desnutricion global,desnutricion leve (l),2005-09-01,1,4,2,1,3,5,8
71105,SAN ANTONIO DE LOMERIO,desnutricion global,desnutricion leve (l),2005-09-01,27,16,42,41,69,57,126
31403,SAN BENITO,desnutricion global,desnutricion leve (l),2005-09-01,13,9,9,5,22,14,36
80302,SAN BORJA,desnutricion global,desnutricion leve (l),2005-09-01,64,72,47,49,111,121,232
21502,SAN BUENA VENTURA,desnutricion global,desnutricion leve (l),2005-09-01,17,19,11,19,28,38,66
70402,SAN CARLOS,desnutricion global,desnutricion leve (l),2005-09-01,17,13,13,9,30,22,52
80501,SAN IGNACIO,desnutricion global,desnutricion leve (l),2005-09-01,51,52,49,34,100,86,186
70301,SAN IGNACIO DE VELASCO,desnutricion global,desnutricion leve (l),2005-09-01,108,129,116,146,224,275,499
80102,SAN JAVIER(BNI),desnutricion global,desnutricion leve (l),2005-09-01,9,12,13,7,22,19,41
71102,SAN JAVIER(STC),desnutricion global,desnutricion leve (l),2005-09-01,4,6,3,3,7,9,16
80701,SAN JOAQUIN,desnutricion global,desnutricion leve (l),2005-09-01,4,6,3,4,7,10,17
70501,SAN JOSE DE CHIQUITOS,desnutricion global,desnutricion leve (l),2005-09-01,2,2,1,0,3,2,5
70404,SAN JUAN DE YAPACANI,desnutricion global,desnutricion leve (l),2005-09-01,5,4,15,10,20,14,34
71104,SAN JULIAN,desnutricion global,desnutricion leve (l),2005-09-01,12,18,24,32,36,50,86
90302,SAN LORENZO(PND),desnutricion global,desnutricion leve (l),2005-09-01,3,5,6,3,9,8,17
60501,SAN LORENZO(TJA),desnutricion global,desnutricion leve (l),2005-09-01,34,32,56,47,90,79,169
10702,SAN LUCAS,desnutricion global,desnutricion leve (l),2005-09-01,191,198,242,299,433,497,930
70302,SAN MIGUEL DE VELASCO,desnutricion global,desnutricion leve (l),2005-09-01,11,16,9,11,20,27,47
51001,SAN PABLO DE LIPEZ,desnutricion global,desnutricion leve (l),2005-09-01,8,8,8,5,16,13,29
71005,SAN PEDRO,desnutricion global,desnutricion leve (l),2005-09-01,12,14,15,10,27,24,51
50501,SAN PEDRO DE BUENA VISTA,desnutricion global,desnutricion leve (l),2005-09-01,123,121,147,142,270,263,533
21801,SAN PEDRO DE CURAHUARA,desnutricion global,desnutricion leve (l),2005-09-01,6,1,5,9,11,10,21
50902,SAN PEDRO DE QUEMES,desnutricion global,desnutricion leve (l),2005-09-01,0,3,0,1,0,4,4
21702,SAN PEDRO DE TIQUINA,desnutricion global,desnutricion leve (l),2005-09-01,13,5,10,8,23,13,36
90202,SAN PEDRO(PND),desnutricion global,desnutricion leve (l),2005-09-01,1,1,2,1,3,2,5
70303,SAN RAFAEL,desnutricion global,desnutricion leve (l),2005-09-01,17,15,9,16,26,31,57
80702,SAN RAMON,desnutricion global,desnutricion leve (l),2005-09-01,8,3,6,4,14,7,21
80401,SANTA ANA,desnutricion global,desnutricion leve (l),2005-09-01,18,11,12,11,30,22,52
70101,SANTA CRUZ DE LA SIERRA,desnutricion global,desnutricion leve (l),2005-09-01,468,413,233,288,701,701,1402
80303,SANTA ROSA,desnutricion global,desnutricion leve (l),2005-09-01,3,0,0,0,3,0,3
70602,SANTA ROSA DEL SARA,desnutricion global,desnutricion leve (l),2005-09-01,12,12,15,21,27,33,60
20308,SANTIAGO DE CALLAPA,desnutricion global,desnutricion leve (l),2005-09-01,21,13,14,21,35,34,69
41401,SANTIAGO DE HUARI,desnutricion global,desnutricion leve (l),2005-09-01,7,6,11,18,18,24,42
21901,SANTIAGO DE MACHACA,desnutricion global,desnutricion leve (l),2005-09-01,13,8,18,11,31,19,50
30702,SANTIVAÑES,desnutricion global,desnutricion leve (l),2005-09-01,10,8,20,18,30,26,56
40202,SANTUARIO DE QUILLACAS,desnutricion global,desnutricion leve (l),2005-09-01,7,3,11,4,18,7,25
20902,SAPAHAQUI,desnutricion global,desnutricion leve (l),2005-09-01,17,17,11,19,28,36,64
90303,SENA,desnutricion global,desnutricion leve (l),2005-09-01,12,9,8,12,20,21,41
21301,SICA SICA (VILLA AROMA),desnutricion global,desnutricion leve (l),2005-09-01,68,57,57,62,125,119,244
30703,SICAYA,desnutricion global,desnutricion leve (l),2005-09-01,15,9,21,31,36,40,76
30902,SIPE SIPE,desnutricion global,desnutricion leve (l),2005-09-01,108,67,79,82,187,149,336
10403,SOPACHUY,desnutricion global,desnutricion leve (l),2005-09-01,22,35,64,69,86,104,190
40104,SORACACHI,desnutricion global,desnutricion leve (l),2005-09-01,8,18,23,22,31,40,71
20601,SORATA,desnutricion global,desnutricion leve (l),2005-09-01,12,15,35,47,47,62,109
10101,SUCRE,desnutricion global,desnutricion leve (l),2005-09-01,350,283,291,361,641,644,1285
31404,TACACHI,desnutricion global,desnutricion leve (l),2005-09-01,4,6,4,6,8,12,20
20603,TACACOMA,desnutricion global,desnutricion leve (l),2005-09-01,2,2,6,7,8,9,17
50303,TACOBAMBA,desnutricion global,desnutricion leve (l),2005-09-01,35,34,26,14,61,48,109
30602,TACOPAYA,desnutricion global,desnutricion leve (l),2005-09-01,41,46,40,42,81,88,169
51402,TAHUA,desnutricion global,desnutricion leve (l),2005-09-01,2,1,1,2,3,3,6
31101,TAPACARI,desnutricion global,desnutricion leve (l),2005-09-01,60,70,80,82,140,152,292
10601,TARABUCO,desnutricion global,desnutricion leve (l),2005-09-01,137,106,230,239,367,345,712
20807,TARACO,desnutricion global,desnutricion leve (l),2005-09-01,7,3,4,9,11,12,23
30401,TARATA,desnutricion global,desnutricion leve (l),2005-09-01,18,14,12,18,30,32,62
60101,TARIJA,desnutricion global,desnutricion leve (l),2005-09-01,154,126,155,146,309,272,581
10202,TARVITA,desnutricion global,desnutricion leve (l),2005-09-01,90,83,161,183,251,266,517
20608,TEOPONTE,desnutricion global,desnutricion leve (l),2005-09-01,17,14,16,22,33,36,69
20803,TIAWANACU,desnutricion global,desnutricion leve (l),2005-09-01,13,9,9,10,22,19,41
50102,TINGUIPAYA,desnutricion global,desnutricion leve (l),2005-09-01,60,73,83,85,143,158,301
20606,TIPUANI,desnutricion global,desnutricion leve (l),2005-09-01,6,7,7,6,13,13,26
30903,TIQUIPAYA,desnutricion global,desnutricion leve (l),2005-09-01,21,30,17,13,38,43,81
31601,TIRAQUE (CBBA),desnutricion global,desnutricion leve (l),2005-09-01,73,77,78,81,151,158,309
21703,TITO YUPANQUI (PARQUIPUJIO),desnutricion global,desnutricion leve (l),2005-09-01,0,3,4,2,4,5,9
30802,TOCO,desnutricion global,desnutricion leve (l),2005-09-01,5,11,15,4,20,15,35
30803,TOLATA,desnutricion global,desnutricion leve (l),2005-09-01,0,1,0,1,0,2,2
41001,TOLEDO,desnutricion global,desnutricion leve (l),2005-09-01,6,5,11,8,17,13,30
51202,TOMAVE,desnutricion global,desnutricion leve (l),2005-09-01,24,19,44,27,68,46,114
10402,TOMINA,desnutricion global,desnutricion leve (l),2005-09-01,55,58,99,98,154,156,310
50502,TORO TORO,desnutricion global,desnutricion leve (l),2005-09-01,60,41,75,56,135,97,232
31201,TOTORA(CBBA),desnutricion global,desnutricion leve (l),2005-09-01,33,33,15,15,48,48,96
41301,TOTORA(ORR),desnutricion global,desnutricion leve (l),2005-09-01,4,3,9,11,13,14,27
70802,TRIGAL,desnutricion global,desnutricion leve (l),2005-09-01,1,0,0,0,1,0,1
80101,TRINIDAD,desnutricion global,desnutricion leve (l),2005-09-01,107,91,59,69,166,160,326
50801,TUPIZA,desnutricion global,desnutricion leve (l),2005-09-01,51,55,62,85,113,140,253
40402,TURCO,desnutricion global,desnutricion leve (l),2005-09-01,7,5,6,15,13,20,33
21302,UMALA,desnutricion global,desnutricion leve (l),2005-09-01,8,6,7,4,15,10,25
50201,UNCIA,desnutricion global,desnutricion leve (l),2005-09-01,55,29,49,44,104,73,177
60401,URIONDO (A. CONCEPCION),desnutricion global,desnutricion leve (l),2005-09-01,32,17,31,38,63,55,118
51201,UYUNI,desnutricion global,desnutricion leve (l),2005-09-01,42,23,43,44,85,67,152
30502,VACAS,desnutricion global,desnutricion leve (l),2005-09-01,26,14,15,10,41,24,65
70801,VALLEGRANDE,desnutricion global,desnutricion leve (l),2005-09-01,23,14,19,21,42,35,77
20801,VIACHA,desnutricion global,desnutricion leve (l),2005-09-01,38,49,34,45,72,94,166
31302,VILA VILA,desnutricion global,desnutricion leve (l),2005-09-01,11,7,5,2,16,9,25
60303,VILLA MONTES,desnutricion global,desnutricion leve (l),2005-09-01,24,24,21,21,45,45,90
90502,VILLA NUEVA (LOMA ALTA),desnutricion global,desnutricion leve (l),2005-09-01,3,9,1,2,4,11,15
31402,VILLA RIVERO,desnutricion global,desnutricion leve (l),2005-09-01,17,15,22,22,39,37,76
10801,VILLA SERRANO,desnutricion global,desnutricion leve (l),2005-09-01,70,50,102,104,172,154,326
31003,VILLA TUNARI,desnutricion global,desnutricion leve (l),2005-09-01,95,94,72,87,167,181,348
11001,VILLA VACA GUZMAN (MUYUPAMPA),desnutricion global,desnutricion leve (l),2005-09-01,21,23,47,54,68,77,145
51501,VILLAZON,desnutricion global,desnutricion leve (l),2005-09-01,69,60,48,72,117,132,249
30904,VINTO,desnutricion global,desnutricion leve (l),2005-09-01,22,13,4,8,26,21,47
50602,VITICHI,desnutricion global,desnutricion leve (l),2005-09-01,38,33,67,48,105,81,186
20306,WALDO BALLIVIAN,desnutricion global,desnutricion leve (l),2005-09-01,5,5,2,2,7,7,14
70201,WARNES,desnutricion global,desnutricion leve (l),2005-09-01,45,46,32,44,77,90,167
20903,YACO,desnutricion global,desnutricion leve (l),2005-09-01,20,28,11,11,31,39,70
60301,YACUIBA,desnutricion global,desnutricion leve (l),2005-09-01,30,39,31,30,61,69,130
10602,YAMPARAEZ,desnutricion global,desnutricion leve (l),2005-09-01,44,43,115,94,159,137,296
21103,YANACACHI,desnutricion global,desnutricion leve (l),2005-09-01,1,0,0,1,1,1,2
70403,YAPACANI,desnutricion global,desnutricion leve (l),2005-09-01,60,62,49,40,109,102,211
50103,YOCALLA,desnutricion global,desnutricion leve (l),2005-09-01,11,5,14,27,25,32,57
10102,YOTALA,desnutricion global,desnutricion leve (l),2005-09-01,20,27,50,57,70,84,154
60402,YUNCHARA,desnutricion global,desnutricion leve (l),2005-09-01,26,15,49,47,75,62,137
10301,ZUDAÑEZ,desnutricion global,desnutricion leve (l),2005-09-01,28,34,57,67,85,101,186
51302,ACACIO,desnutricion global,desnutricion leve (l),2005-10-01,31,22,33,43,64,65,129
20201,ACHACACHI,desnutricion global,desnutricion leve (l),2005-10-01,47,46,48,68,95,114,209
20104,ACHOCALLA,desnutricion global,desnutricion leve (l),2005-10-01,11,17,15,10,26,27,53
30201,AIQUILE,desnutricion global,desnutricion leve (l),2005-10-01,32,23,21,36,53,59,112
31303,ALALAY,desnutricion global,desnutricion leve (l),2005-10-01,11,14,6,9,17,23,40
10404,ALCALA,desnutricion global,desnutricion leve (l),2005-10-01,15,13,34,30,49,43,92
20202,ANCORAIMES,desnutricion global,desnutricion leve (l),2005-10-01,34,29,24,42,58,71,129
41201,ANDAMARCA,desnutricion global,desnutricion leve (l),2005-10-01,9,3,16,13,25,16,41
40603,ANTEQUERA,desnutricion global,desnutricion leve (l),2005-10-01,10,5,6,4,16,9,25
30402,ANZALDO,desnutricion global,desnutricion leve (l),2005-10-01,7,10,14,13,21,23,44
20701,APOLO,desnutricion global,desnutricion leve (l),2005-10-01,33,35,53,64,86,99,185
51301,ARAMPAMPA,desnutricion global,desnutricion leve (l),2005-10-01,10,14,13,18,23,32,55
30501,ARANI,desnutricion global,desnutricion leve (l),2005-10-01,17,26,20,22,37,48,85
30403,ARBIETO,desnutricion global,desnutricion leve (l),2005-10-01,11,14,8,6,19,20,39
30601,ARQUE,desnutricion global,desnutricion leve (l),2005-10-01,40,37,50,49,90,86,176
71501,ASCENCION DE GUARAYOS,desnutricion global,desnutricion leve (l),2005-10-01,78,60,108,103,186,163,349
50802,ATOCHA,desnutricion global,desnutricion leve (l),2005-10-01,29,30,27,16,56,46,102
20503,AUCAPATA,desnutricion global,desnutricion leve (l),2005-10-01,17,11,6,8,23,19,42
20502,AYATA,desnutricion global,desnutricion leve (l),2005-10-01,5,8,18,12,23,20,43
21303,AYO AYO,desnutricion global,desnutricion leve (l),2005-10-01,13,9,20,19,33,28,61
30301,AYOPAYA (V. DE INDEPENDENCIA),desnutricion global,desnutricion leve (l),2005-10-01,58,61,70,70,128,131,259
10201,AZURDUY,desnutricion global,desnutricion leve (l),2005-10-01,33,48,58,65,91,113,204
21203,BATALLAS,desnutricion global,desnutricion leve (l),2005-10-01,22,13,12,17,34,30,64
80802,BAURES,desnutricion global,desnutricion leve (l),2005-10-01,9,8,4,12,13,20,33
41202,BELEN DE ANDAMARCA,desnutricion global,desnutricion leve (l),2005-10-01,2,2,4,0,6,2,8
50104,BELEN DE URMIRI,desnutricion global,desnutricion leve (l),2005-10-01,3,5,6,6,9,11,20
90104,BELLA FLOR,desnutricion global,desnutricion leve (l),2005-10-01,2,5,4,5,6,10,16
60202,BERMEJO,desnutricion global,desnutricion leve (l),2005-10-01,7,20,24,26,31,46,77
50301,BETANZOS,desnutricion global,desnutricion leve (l),2005-10-01,95,109,117,135,212,244,456
31501,BOLIVAR,desnutricion global,desnutricion leve (l),2005-10-01,36,25,21,23,57,48,105
90103,BOLPEBRA,desnutricion global,desnutricion leve (l),2005-10-01,3,3,4,18,7,21,28
70707,BOYUIBE,desnutricion global,desnutricion leve (l),2005-10-01,2,5,3,2,5,7,12
70401,BUENA VISTA,desnutricion global,desnutricion leve (l),2005-10-01,9,13,18,22,27,35,62
70703,CABEZAS,desnutricion global,desnutricion leve (l),2005-10-01,25,28,28,21,53,49,102
20905,CAIROMA,desnutricion global,desnutricion leve (l),2005-10-01,46,64,67,77,113,141,254
51102,"CAIZA ""D""",desnutricion global,desnutricion leve (l),2005-10-01,15,16,21,19,36,35,71
21003,CAJUATA,desnutricion global,desnutricion leve (l),2005-10-01,19,9,11,20,30,29,59
20303,CALACOTO,desnutricion global,desnutricion leve (l),2005-10-01,7,4,6,8,13,12,25
21304,CALAMARCA,desnutricion global,desnutricion leve (l),2005-10-01,78,76,63,75,141,151,292
10701,CAMARGO,desnutricion global,desnutricion leve (l),2005-10-01,47,53,55,72,102,125,227
10901,CAMATAQUI (C. VILLA ABECIA),desnutricion global,desnutricion leve (l),2005-10-01,8,12,24,27,32,39,71
70706,CAMIRI,desnutricion global,desnutricion leve (l),2005-10-01,48,42,37,43,85,85,170
30701,CAPINOTA,desnutricion global,desnutricion leve (l),2005-10-01,17,15,12,16,29,31,60
20302,CAQUIAVIRI,desnutricion global,desnutricion leve (l),2005-10-01,17,18,12,14,29,32,61
40102,CARACOLLO,desnutricion global,desnutricion leve (l),2005-10-01,47,33,63,52,110,85,195
22001,CARANAVI,desnutricion global,desnutricion leve (l),2005-10-01,74,81,58,84,132,165,297
41503,CARANGAS,desnutricion global,desnutricion leve (l),2005-10-01,2,0,0,0,2,0,2
60302,CARAPARI,desnutricion global,desnutricion leve (l),2005-10-01,6,16,12,8,18,24,42
50702,CARIPUYO,desnutricion global,desnutricion leve (l),2005-10-01,42,44,58,58,100,102,202
71403,CARMEN RIVERO TORREZ,desnutricion global,desnutricion leve (l),2005-10-01,6,1,3,2,9,3,12
21902,CATACORA,desnutricion global,desnutricion leve (l),2005-10-01,0,0,1,1,1,1,2
21803,CHACARILLA,desnutricion global,desnutricion leve (l),2005-10-01,3,3,3,4,6,7,13
40201,CHALLAPATA,desnutricion global,desnutricion leve (l),2005-10-01,52,56,60,66,112,122,234
50302,CHAQUI,desnutricion global,desnutricion leve (l),2005-10-01,23,21,28,28,51,49,100
70702,CHARAGUA,desnutricion global,desnutricion leve (l),2005-10-01,38,40,30,32,68,72,140
20305,CHARAÑA,desnutricion global,desnutricion leve (l),2005-10-01,1,3,2,4,3,7,10
50202,CHAYANTA,desnutricion global,desnutricion leve (l),2005-10-01,41,47,65,68,106,115,221
31204,CHIMORE,desnutricion global,desnutricion leve (l),2005-10-01,32,22,16,16,48,38,86
40903,CHIPAYA,desnutricion global,desnutricion leve (l),2005-10-01,3,5,10,10,13,15,28
40302,CHOQUE COTA,desnutricion global,desnutricion leve (l),2005-10-01,2,3,4,1,6,4,10
21101,CHULUMANI (V. DE LA LIBERTAD),desnutricion global,desnutricion leve (l),2005-10-01,16,17,5,11,21,28,49
20501,CHUMA,desnutricion global,desnutricion leve (l),2005-10-01,17,10,10,21,27,31,58
30801,CLIZA,desnutricion global,desnutricion leve (l),2005-10-01,36,17,19,16,55,33,88
90101,COBIJA,desnutricion global,desnutricion leve (l),2005-10-01,37,34,23,35,60,69,129
30101,COCHABAMBA,desnutricion global,desnutricion leve (l),2005-10-01,307,285,251,300,558,585,1143
40902,COIPASA,desnutricion global,desnutricion leve (l),2005-10-01,0,0,2,0,2,0,2
30905,COLCAPIRHUA,desnutricion global,desnutricion leve (l),2005-10-01,50,47,38,48,88,95,183
50901,"COLCHA ""K""",desnutricion global,desnutricion leve (l),2005-10-01,17,20,21,26,38,46,84
21307,COLLANA,desnutricion global,desnutricion leve (l),2005-10-01,3,5,3,6,6,11,17
31002,COLOMI,desnutricion global,desnutricion leve (l),2005-10-01,36,47,32,36,68,83,151
70603,COLPA BELGICA,desnutricion global,desnutricion leve (l),2005-10-01,5,6,3,8,8,14,22
50401,COLQUECHACA,desnutricion global,desnutricion leve (l),2005-10-01,112,131,171,143,283,274,557
21306,COLQUENCHA,desnutricion global,desnutricion leve (l),2005-10-01,25,24,25,19,50,43,93
21004,COLQUIRI,desnutricion global,desnutricion leve (l),2005-10-01,25,31,32,35,57,66,123
20304,COMANCHE,desnutricion global,desnutricion leve (l),2005-10-01,2,2,6,6,8,8,16
71301,COMARAPA,desnutricion global,desnutricion leve (l),2005-10-01,24,22,33,26,57,48,105
20605,COMBAYA,desnutricion global,desnutricion leve (l),2005-10-01,10,6,6,10,16,16,32
71101,CONCEPCION,desnutricion global,desnutricion leve (l),2005-10-01,13,18,8,6,21,24,45
21701,COPACABANA,desnutricion global,desnutricion leve (l),2005-10-01,16,21,22,15,38,36,74
21402,CORIPATA,desnutricion global,desnutricion leve (l),2005-10-01,39,5,15,15,54,20,74
20301,CORO CORO,desnutricion global,desnutricion leve (l),2005-10-01,23,19,29,26,52,45,97
21401,COROICO,desnutricion global,desnutricion leve (l),2005-10-01,21,31,32,24,53,55,108
40301,CORQUE,desnutricion global,desnutricion leve (l),2005-10-01,12,13,7,13,19,26,45
50601,COTAGAITA,desnutricion global,desnutricion leve (l),2005-10-01,72,52,69,73,141,125,266
70102,COTOCA,desnutricion global,desnutricion leve (l),2005-10-01,34,40,20,26,54,66,120
71106,CUATRO CAÑADAS,desnutricion global,desnutricion leve (l),2005-10-01,21,12,5,13,26,25,51
31405,CUCHUMUELA (V. G. VILLARROEL),desnutricion global,desnutricion leve (l),2005-10-01,5,2,3,1,8,3,11
70704,CUEVO,desnutricion global,desnutricion leve (l),2005-10-01,8,9,8,7,16,16,32
10902,CULPINA,desnutricion global,desnutricion leve (l),2005-10-01,76,69,97,118,173,187,360
40401,CURAHUARA DE CARANGAS,desnutricion global,desnutricion leve (l),2005-10-01,6,9,20,15,26,24,50
21602,CURVA,desnutricion global,desnutricion leve (l),2005-10-01,2,1,2,1,4,2,6
20804,DESAGUADERO,desnutricion global,desnutricion leve (l),2005-10-01,9,12,5,5,14,17,31
20105,EL ALTO,desnutricion global,desnutricion leve (l),2005-10-01,924,898,688,643,1612,1541,3153
40103,EL CHORO,desnutricion global,desnutricion leve (l),2005-10-01,1,3,2,1,3,4,7
71503,EL PUENTE(STC),desnutricion global,desnutricion leve (l),2005-10-01,21,12,16,29,37,41,78
60502,EL PUENTE(TJA),desnutricion global,desnutricion leve (l),2005-10-01,22,31,51,60,73,91,164
70105,EL TORNO,desnutricion global,desnutricion leve (l),2005-10-01,27,26,15,30,42,56,98
10405,EL VILLAR,desnutricion global,desnutricion leve (l),2005-10-01,11,10,31,41,42,51,93
60601,ENTRE RIOS,desnutricion global,desnutricion leve (l),2005-10-01,46,32,40,47,86,79,165
60601,ENTRE RIOS,desnutricion global,desnutricion leve (l),2005-10-01,23,31,36,44,59,75,134
40502,ESCARA,desnutricion global,desnutricion leve (l),2005-10-01,2,2,0,1,2,3,5
41101,EUCALIPTUS,desnutricion global,desnutricion leve (l),2005-10-01,10,3,11,12,21,15,36
90503,EUREKA (SANTOS MERCADO),desnutricion global,desnutricion leve (l),2005-10-01,0,0,2,1,2,1,3
80402,EXALTACION,desnutricion global,desnutricion leve (l),2005-10-01,7,7,6,8,13,15,28
71004,FERNANDEZ ALONSO,desnutricion global,desnutricion leve (l),2005-10-01,15,22,10,22,25,44,69
90203,FILADELFIA,desnutricion global,desnutricion leve (l),2005-10-01,2,2,1,2,3,4,7
71002,GENERAL SAAVEDRA,desnutricion global,desnutricion leve (l),2005-10-01,14,13,20,14,34,27,61
21601,GRAL. J.J. PEREZ (CHARAZANI),desnutricion global,desnutricion leve (l),2005-10-01,11,24,19,20,30,44,74
20602,GUANAY,desnutricion global,desnutricion leve (l),2005-10-01,18,27,19,32,37,59,96
20802,GUAQUI,desnutricion global,desnutricion leve (l),2005-10-01,11,5,8,5,19,10,29
80202,GUAYARAMERIN,desnutricion global,desnutricion leve (l),2005-10-01,69,66,49,54,118,120,238
70705,GUTIERREZ,desnutricion global,desnutricion leve (l),2005-10-01,60,47,91,90,151,137,288
10502,HUACARETA,desnutricion global,desnutricion leve (l),2005-10-01,26,30,36,24,62,54,116
11002,HUACAYA (VILLA DE HUACAYA),desnutricion global,desnutricion leve (l),2005-10-01,5,5,14,21,19,26,45
40501,HUACHACALLA,desnutricion global,desnutricion leve (l),2005-10-01,1,5,6,3,7,8,15
40701,HUANUNI,desnutricion global,desnutricion leve (l),2005-10-01,31,19,24,21,55,40,95
80803,HUARACAJE,desnutricion global,desnutricion leve (l),2005-10-01,6,5,2,6,8,11,19
41601,HUAYLLAMARCA,desnutricion global,desnutricion leve (l),2005-10-01,2,6,1,3,3,9,12
21005,ICHOCA,desnutricion global,desnutricion leve (l),2005-10-01,15,22,16,19,31,41,72
10304,ICLA,desnutricion global,desnutricion leve (l),2005-10-01,55,39,120,100,175,139,314
10703,INCAHUASI,desnutricion global,desnutricion leve (l),2005-10-01,81,74,83,93,164,167,331
90402,INGAVI (HUMAITA),desnutricion global,desnutricion leve (l),2005-10-01,1,0,0,0,1,0,1
21001,INQUISIVI,desnutricion global,desnutricion leve (l),2005-10-01,22,22,14,16,36,38,74
21102,IRUPANA (VILLA DE LANZA),desnutricion global,desnutricion leve (l),2005-10-01,26,29,36,35,62,64,126
21501,IXIAMAS,desnutricion global,desnutricion leve (l),2005-10-01,18,21,18,14,36,35,71
20806,JESUS DE MACHACA,desnutricion global,desnutricion leve (l),2005-10-01,16,24,17,26,33,50,83
21105,LA ASUNTA,desnutricion global,desnutricion leve (l),2005-10-01,28,18,7,8,35,26,61
70104,LA GUARDIA,desnutricion global,desnutricion leve (l),2005-10-01,25,29,28,29,53,58,111
20101,LA PAZ,desnutricion global,desnutricion leve (l),2005-10-01,663,599,459,440,1122,1039,2161
70701,LAGUNILLAS,desnutricion global,desnutricion leve (l),2005-10-01,19,25,34,30,53,55,108
21202,LAJA,desnutricion global,desnutricion leve (l),2005-10-01,15,17,14,19,29,36,65
10903,LAS CARRERAS,desnutricion global,desnutricion leve (l),2005-10-01,6,4,19,19,25,23,48
21006,LICOMA PAMPA,desnutricion global,desnutricion leve (l),2005-10-01,0,2,0,0,0,2,2
50203,LLALLAGUA,desnutricion global,desnutricion leve (l),2005-10-01,49,43,80,98,129,141,270
51401,LLICA,desnutricion global,desnutricion leve (l),2005-10-01,1,3,10,5,11,8,19
80601,LORETO,desnutricion global,desnutricion leve (l),2005-10-01,8,6,7,5,15,11,26
20901,LURIBAY,desnutricion global,desnutricion leve (l),2005-10-01,27,22,16,36,43,58,101
40702,MACHACAMARCA,desnutricion global,desnutricion leve (l),2005-10-01,3,10,8,9,11,19,30
11003,MACHARETI,desnutricion global,desnutricion leve (l),2005-10-01,12,16,34,38,46,54,100
80801,MAGDALENA,desnutricion global,desnutricion leve (l),2005-10-01,14,14,9,13,23,27,50
70903,MAIRANA,desnutricion global,desnutricion leve (l),2005-10-01,6,10,12,17,18,27,45
20904,MALLA,desnutricion global,desnutricion leve (l),2005-10-01,6,9,9,15,15,24,39
20607,MAPIRI,desnutricion global,desnutricion leve (l),2005-10-01,22,24,12,23,34,47,81
20103,MECAPACA,desnutricion global,desnutricion leve (l),2005-10-01,21,15,14,22,35,37,72
71003,MINEROS,desnutricion global,desnutricion leve (l),2005-10-01,35,31,16,12,51,43,94
31301,MIZQUE,desnutricion global,desnutricion leve (l),2005-10-01,38,42,45,39,83,81,164
20402,MOCOMOCO,desnutricion global,desnutricion leve (l),2005-10-01,18,28,29,37,47,65,112
51002,MOJINETE,desnutricion global,desnutricion leve (l),2005-10-01,1,2,3,7,4,9,13
10303,MOJOCOYA,desnutricion global,desnutricion leve (l),2005-10-01,28,14,37,40,65,54,119
10501,MONTEAGUDO,desnutricion global,desnutricion leve (l),2005-10-01,62,64,118,121,180,185,365
71001,MONTERO,desnutricion global,desnutricion leve (l),2005-10-01,176,148,131,149,307,297,604
70803,MORO MORO,desnutricion global,desnutricion leve (l),2005-10-01,2,3,12,16,14,19,33
30302,MOROCHATA,desnutricion global,desnutricion leve (l),2005-10-01,44,43,64,71,108,114,222
90401,NACEBE (SANTA ROSA DEL ABUNA),desnutricion global,desnutricion leve (l),2005-10-01,0,1,7,3,7,4,11
90501,NUEVO MANOA (NUEVA ESPERANZA),desnutricion global,desnutricion leve (l),2005-10-01,1,2,2,0,3,2,5
50404,OCURI,desnutricion global,desnutricion leve (l),2005-10-01,56,60,75,63,131,123,254
70202,OKINAWA,desnutricion global,desnutricion leve (l),2005-10-01,5,10,6,3,11,13,24
30203,OMEREQUE,desnutricion global,desnutricion leve (l),2005-10-01,10,14,15,26,25,40,65
40101,ORURO,desnutricion global,desnutricion leve (l),2005-10-01,335,263,233,227,568,490,1058
60201,PADCAYA,desnutricion global,desnutricion leve (l),2005-10-01,26,20,21,33,47,53,100
10401,PADILLA,desnutricion global,desnutricion leve (l),2005-10-01,35,44,73,88,108,132,240
20102,PALCA,desnutricion global,desnutricion leve (l),2005-10-01,15,8,10,3,25,11,36
21104,PALOS BLANCOS,desnutricion global,desnutricion leve (l),2005-10-01,53,49,36,35,89,84,173
40802,PAMPA AULLAGAS,desnutricion global,desnutricion leve (l),2005-10-01,10,9,11,18,21,27,48
70902,PAMPA GRANDE,desnutricion global,desnutricion leve (l),2005-10-01,7,6,8,4,15,10,25
21802,PAPEL PAMPA,desnutricion global,desnutricion leve (l),2005-10-01,6,7,7,10,13,17,30
30202,PASORAPA,desnutricion global,desnutricion leve (l),2005-10-01,16,15,21,18,37,33,70
21305,PATACAMAYA,desnutricion global,desnutricion leve (l),2005-10-01,61,44,37,35,98,79,177
40602,PAZÑA,desnutricion global,desnutricion leve (l),2005-10-01,16,11,11,23,27,34,61
20702,PELECHUCO,desnutricion global,desnutricion leve (l),2005-10-01,10,7,14,14,24,21,45
50403,POCOATA,desnutricion global,desnutricion leve (l),2005-10-01,66,101,90,106,156,207,363
31203,POCONA,desnutricion global,desnutricion leve (l),2005-10-01,23,26,32,35,55,61,116
31202,POJO (CBBA),desnutricion global,desnutricion leve (l),2005-10-01,12,13,9,16,21,29,50
40601,POOPO,desnutricion global,desnutricion leve (l),2005-10-01,5,3,2,4,7,7,14
51203,PORCO,desnutricion global,desnutricion leve (l),2005-10-01,7,5,11,8,18,13,31
10103,POROMA,desnutricion global,desnutricion leve (l),2005-10-01,64,40,80,73,144,113,257
70103,PORONGO,desnutricion global,desnutricion leve (l),2005-10-01,7,3,4,3,11,6,17
70601,PORTACHUELO,desnutricion global,desnutricion leve (l),2005-10-01,23,17,21,10,44,27,71
90102,PORVENIR,desnutricion global,desnutricion leve (l),2005-10-01,2,6,0,3,2,9,11
70804,POSTRER VALLE,desnutricion global,desnutricion leve (l),2005-10-01,3,2,4,6,7,8,15
50101,POTOSI,desnutricion global,desnutricion leve (l),2005-10-01,327,286,231,252,558,538,1096
10302,PRESTO,desnutricion global,desnutricion leve (l),2005-10-01,39,38,42,69,81,107,188
70805,PUCARA,desnutricion global,desnutricion leve (l),2005-10-01,4,0,11,13,15,13,28
21201,PUCARANI,desnutricion global,desnutricion leve (l),2005-10-01,45,48,57,46,102,94,196
20401,PUERTO ACOSTA,desnutricion global,desnutricion leve (l),2005-10-01,49,48,51,70,100,118,218
20403,PUERTO CARABUCO,desnutricion global,desnutricion leve (l),2005-10-01,35,19,27,39,62,58,120
90301,PUERTO GONZALO MORENO,desnutricion global,desnutricion leve (l),2005-10-01,18,19,34,31,52,50,102
21204,PUERTO PEREZ,desnutricion global,desnutricion leve (l),2005-10-01,3,2,15,11,18,13,31
71402,PUERTO QUIJARRO,desnutricion global,desnutricion leve (l),2005-10-01,3,4,3,4,6,8,14
90201,PUERTO RICO,desnutricion global,desnutricion leve (l),2005-10-01,8,14,15,24,23,38,61
80703,PUERTO SILES,desnutricion global,desnutricion leve (l),2005-10-01,2,2,0,2,2,4,6
71401,PUERTO SUAREZ,desnutricion global,desnutricion leve (l),2005-10-01,17,13,9,5,26,18,44
31205,PUERTO VILLARROEL,desnutricion global,desnutricion leve (l),2005-10-01,90,96,103,102,193,198,391
51101,PUNA,desnutricion global,desnutricion leve (l),2005-10-01,75,73,116,102,191,175,366
31401,PUNATA,desnutricion global,desnutricion leve (l),2005-10-01,43,35,17,29,60,64,124
20604,QUIABAYA,desnutricion global,desnutricion leve (l),2005-10-01,2,2,1,2,3,4,7
30901,QUILLACOLLO,desnutricion global,desnutricion leve (l),2005-10-01,102,97,94,105,196,202,398
21002,QUIME,desnutricion global,desnutricion leve (l),2005-10-01,17,33,24,24,41,57,98
70904,QUIRUSILLAS,desnutricion global,desnutricion leve (l),2005-10-01,3,4,0,3,3,7,10
50402,RAVELO,desnutricion global,desnutricion leve (l),2005-10-01,156,150,143,172,299,322,621
80301,REYES,desnutricion global,desnutricion leve (l),2005-10-01,14,15,15,17,29,32,61
80201,RIBERALTA,desnutricion global,desnutricion leve (l),2005-10-01,216,276,159,189,375,465,840
70503,ROBORE,desnutricion global,desnutricion leve (l),2005-10-01,2,2,2,1,4,3,7
80304,RURRENABAQUE,desnutricion global,desnutricion leve (l),2005-10-01,14,10,6,6,20,16,36
40901,SABAYA,desnutricion global,desnutricion leve (l),2005-10-01,6,5,2,5,8,10,18
31001,SACABA,desnutricion global,desnutricion leve (l),2005-10-01,77,80,44,57,121,137,258
30404,SACABAMBA,desnutricion global,desnutricion leve (l),2005-10-01,6,8,11,10,17,18,35
50701,SACACA,desnutricion global,desnutricion leve (l),2005-10-01,121,129,230,216,351,345,696
71302,SAIPINA,desnutricion global,desnutricion leve (l),2005-10-01,5,13,9,8,14,21,35
40801,SALINAS DE GARCI MENDOZA,desnutricion global,desnutricion leve (l),2005-10-01,15,22,28,23,43,45,88
70901,SAMAIPATA,desnutricion global,desnutricion leve (l),2005-10-01,16,20,12,15,28,35,63
51601,SAN AGUSTIN,desnutricion global,desnutricion leve (l),2005-10-01,0,4,3,1,3,5,8
80602,SAN ANDRES,desnutricion global,desnutricion leve (l),2005-10-01,22,18,8,11,30,29,59
20805,SAN ANDRES DE MACHACA,desnutricion global,desnutricion leve (l),2005-10-01,5,5,4,6,9,11,20
51003,SAN ANTONIO DE ESMORUCO,desnutricion global,desnutricion leve (l),2005-10-01,0,1,4,4,4,5,9
71105,SAN ANTONIO DE LOMERIO,desnutricion global,desnutricion leve (l),2005-10-01,8,11,8,8,16,19,35
31403,SAN BENITO,desnutricion global,desnutricion leve (l),2005-10-01,9,13,29,33,38,46,84
80302,SAN BORJA,desnutricion global,desnutricion leve (l),2005-10-01,62,57,65,63,127,120,247
21502,SAN BUENA VENTURA,desnutricion global,desnutricion leve (l),2005-10-01,11,12,15,14,26,26,52
70402,SAN CARLOS,desnutricion global,desnutricion leve (l),2005-10-01,20,14,6,9,26,23,49
80501,SAN IGNACIO,desnutricion global,desnutricion leve (l),2005-10-01,43,52,61,54,104,106,210
70301,SAN IGNACIO DE VELASCO,desnutricion global,desnutricion leve (l),2005-10-01,100,134,96,112,196,246,442
80102,SAN JAVIER(BNI),desnutricion global,desnutricion leve (l),2005-10-01,4,9,2,6,6,15,21
71102,SAN JAVIER(STC),desnutricion global,desnutricion leve (l),2005-10-01,4,6,3,2,7,8,15
80701,SAN JOAQUIN,desnutricion global,desnutricion leve (l),2005-10-01,0,3,1,1,1,4,5
70501,SAN JOSE DE CHIQUITOS,desnutricion global,desnutricion leve (l),2005-10-01,0,2,1,0,1,2,3
70404,SAN JUAN DE YAPACANI,desnutricion global,desnutricion leve (l),2005-10-01,9,5,6,5,15,10,25
71104,SAN JULIAN,desnutricion global,desnutricion leve (l),2005-10-01,27,27,43,46,70,73,143
90302,SAN LORENZO(PND),desnutricion global,desnutricion leve (l),2005-10-01,16,15,23,26,39,41,80
60501,SAN LORENZO(TJA),desnutricion global,desnutricion leve (l),2005-10-01,49,36,78,66,127,102,229
10702,SAN LUCAS,desnutricion global,desnutricion leve (l),2005-10-01,162,199,254,283,416,482,898
70302,SAN MIGUEL DE VELASCO,desnutricion global,desnutricion leve (l),2005-10-01,15,33,17,33,32,66,98
51001,SAN PABLO DE LIPEZ,desnutricion global,desnutricion leve (l),2005-10-01,3,1,6,7,9,8,17
71005,SAN PEDRO,desnutricion global,desnutricion leve (l),2005-10-01,20,18,8,17,28,35,63
50501,SAN PEDRO DE BUENA VISTA,desnutricion global,desnutricion leve (l),2005-10-01,73,77,121,144,194,221,415
21801,SAN PEDRO DE CURAHUARA,desnutricion global,desnutricion leve (l),2005-10-01,16,14,13,22,29,36,65
50902,SAN PEDRO DE QUEMES,desnutricion global,desnutricion leve (l),2005-10-01,0,1,0,1,0,2,2
21702,SAN PEDRO DE TIQUINA,desnutricion global,desnutricion leve (l),2005-10-01,7,2,3,7,10,9,19
90202,SAN PEDRO(PND),desnutricion global,desnutricion leve (l),2005-10-01,3,14,7,15,10,29,39
70303,SAN RAFAEL,desnutricion global,desnutricion leve (l),2005-10-01,12,11,9,8,21,19,40
80702,SAN RAMON,desnutricion global,desnutricion leve (l),2005-10-01,7,5,5,2,12,7,19
80401,SANTA ANA,desnutricion global,desnutricion leve (l),2005-10-01,13,17,10,6,23,23,46
70101,SANTA CRUZ DE LA SIERRA,desnutricion global,desnutricion leve (l),2005-10-01,455,450,242,264,697,714,1411
80303,SANTA ROSA,desnutricion global,desnutricion leve (l),2005-10-01,7,6,6,7,13,13,26
70602,SANTA ROSA DEL SARA,desnutricion global,desnutricion leve (l),2005-10-01,11,11,12,15,23,26,49
20308,SANTIAGO DE CALLAPA,desnutricion global,desnutricion leve (l),2005-10-01,7,9,16,11,23,20,43
41401,SANTIAGO DE HUARI,desnutricion global,desnutricion leve (l),2005-10-01,12,9,35,24,47,33,80
21901,SANTIAGO DE MACHACA,desnutricion global,desnutricion leve (l),2005-10-01,6,6,6,6,12,12,24
30702,SANTIVAÑES,desnutricion global,desnutricion leve (l),2005-10-01,3,11,16,14,19,25,44
40202,SANTUARIO DE QUILLACAS,desnutricion global,desnutricion leve (l),2005-10-01,7,3,8,7,15,10,25
20902,SAPAHAQUI,desnutricion global,desnutricion leve (l),2005-10-01,27,28,42,47,69,75,144
90303,SENA,desnutricion global,desnutricion leve (l),2005-10-01,7,10,2,15,9,25,34
21301,SICA SICA (VILLA AROMA),desnutricion global,desnutricion leve (l),2005-10-01,39,44,38,37,77,81,158
30703,SICAYA,desnutricion global,desnutricion leve (l),2005-10-01,11,3,5,6,16,9,25
30902,SIPE SIPE,desnutricion global,desnutricion leve (l),2005-10-01,106,89,105,93,211,182,393
10403,SOPACHUY,desnutricion global,desnutricion leve (l),2005-10-01,18,32,47,45,65,77,142
40104,SORACACHI,desnutricion global,desnutricion leve (l),2005-10-01,21,22,34,34,55,56,111
20601,SORATA,desnutricion global,desnutricion leve (l),2005-10-01,30,40,46,79,76,119,195
10101,SUCRE,desnutricion global,desnutricion leve (l),2005-10-01,306,273,380,417,686,690,1376
31404,TACACHI,desnutricion global,desnutricion leve (l),2005-10-01,7,4,5,3,12,7,19
20603,TACACOMA,desnutricion global,desnutricion leve (l),2005-10-01,1,2,2,0,3,2,5
30602,TACOPAYA,desnutricion global,desnutricion leve (l),2005-10-01,42,57,44,51,86,108,194
51402,TAHUA,desnutricion global,desnutricion leve (l),2005-10-01,2,0,0,2,2,2,4
31101,TAPACARI,desnutricion global,desnutricion leve (l),2005-10-01,66,49,55,66,121,115,236
10601,TARABUCO,desnutricion global,desnutricion leve (l),2005-10-01,135,108,221,247,356,355,711
20807,TARACO,desnutricion global,desnutricion leve (l),2005-10-01,2,0,0,3,2,3,5
30401,TARATA,desnutricion global,desnutricion leve (l),2005-10-01,20,14,14,13,34,27,61
60101,TARIJA,desnutricion global,desnutricion leve (l),2005-10-01,148,167,151,162,299,329,628
10202,TARVITA,desnutricion global,desnutricion leve (l),2005-10-01,27,30,11,26,38,56,94
20608,TEOPONTE,desnutricion global,desnutricion leve (l),2005-10-01,6,10,6,12,12,22,34
20803,TIAWANACU,desnutricion global,desnutricion leve (l),2005-10-01,17,7,13,7,30,14,44
50102,TINGUIPAYA,desnutricion global,desnutricion leve (l),2005-10-01,57,95,71,60,128,155,283
20606,TIPUANI,desnutricion global,desnutricion leve (l),2005-10-01,4,6,2,6,6,12,18
30903,TIQUIPAYA,desnutricion global,desnutricion leve (l),2005-10-01,42,37,55,45,97,82,179
31601,TIRAQUE (CBBA),desnutricion global,desnutricion leve (l),2005-10-01,79,84,75,86,154,170,324
21703,TITO YUPANQUI (PARQUIPUJIO),desnutricion global,desnutricion leve (l),2005-10-01,4,1,5,1,9,2,11
30802,TOCO,desnutricion global,desnutricion leve (l),2005-10-01,1,5,11,5,12,10,22
30803,TOLATA,desnutricion global,desnutricion leve (l),2005-10-01,0,2,2,1,2,3,5
41001,TOLEDO,desnutricion global,desnutricion leve (l),2005-10-01,7,9,15,16,22,25,47
51202,TOMAVE,desnutricion global,desnutricion leve (l),2005-10-01,23,18,29,28,52,46,98
10402,TOMINA,desnutricion global,desnutricion leve (l),2005-10-01,46,44,70,104,116,148,264
50502,TORO TORO,desnutricion global,desnutricion leve (l),2005-10-01,45,43,47,45,92,88,180
31201,TOTORA(CBBA),desnutricion global,desnutricion leve (l),2005-10-01,47,27,41,33,88,60,148
41301,TOTORA(ORR),desnutricion global,desnutricion leve (l),2005-10-01,0,0,2,4,2,4,6
70802,TRIGAL,desnutricion global,desnutricion leve (l),2005-10-01,1,0,0,4,1,4,5
80101,TRINIDAD,desnutricion global,desnutricion leve (l),2005-10-01,104,95,87,52,191,147,338
50801,TUPIZA,desnutricion global,desnutricion leve (l),2005-10-01,44,51,70,81,114,132,246
40402,TURCO,desnutricion global,desnutricion leve (l),2005-10-01,1,2,6,3,7,5,12
21302,UMALA,desnutricion global,desnutricion leve (l),2005-10-01,15,8,15,19,30,27,57
50201,UNCIA,desnutricion global,desnutricion leve (l),2005-10-01,52,58,52,63,104,121,225
60401,URIONDO (A. CONCEPCION),desnutricion global,desnutricion leve (l),2005-10-01,38,30,27,37,65,67,132
71502,URUBICHA,desnutricion global,desnutricion leve (l),2005-10-01,39,42,70,78,109,120,229
51201,UYUNI,desnutricion global,desnutricion leve (l),2005-10-01,14,6,11,11,25,17,42
30502,VACAS,desnutricion global,desnutricion leve (l),2005-10-01,34,25,19,25,53,50,103
70801,VALLEGRANDE,desnutricion global,desnutricion leve (l),2005-10-01,23,25,21,34,44,59,103
20801,VIACHA,desnutricion global,desnutricion leve (l),2005-10-01,44,43,34,44,78,87,165
31302,VILA VILA,desnutricion global,desnutricion leve (l),2005-10-01,14,15,25,19,39,34,73
60303,VILLA MONTES,desnutricion global,desnutricion leve (l),2005-10-01,40,24,26,40,66,64,130
31402,VILLA RIVERO,desnutricion global,desnutricion leve (l),2005-10-01,16,17,18,17,34,34,68
10801,VILLA SERRANO,desnutricion global,desnutricion leve (l),2005-10-01,68,42,104,99,172,141,313
31003,VILLA TUNARI,desnutricion global,desnutricion leve (l),2005-10-01,132,102,101,141,233,243,476
11001,VILLA VACA GUZMAN (MUYUPAMPA),desnutricion global,desnutricion leve (l),2005-10-01,34,23,62,44,96,67,163
51501,VILLAZON,desnutricion global,desnutricion leve (l),2005-10-01,63,45,57,54,120,99,219
30904,VINTO,desnutricion global,desnutricion leve (l),2005-10-01,25,14,17,11,42,25,67
50602,VITICHI,desnutricion global,desnutricion leve (l),2005-10-01,26,34,85,47,111,81,192
20306,WALDO BALLIVIAN,desnutricion global,desnutricion leve (l),2005-10-01,10,13,2,1,12,14,26
70201,WARNES,desnutricion global,desnutricion leve (l),2005-10-01,66,48,37,47,103,95,198
20903,YACO,desnutricion global,desnutricion leve (l),2005-10-01,26,29,19,26,45,55,100
60301,YACUIBA,desnutricion global,desnutricion leve (l),2005-10-01,42,47,46,49,88,96,184
10602,YAMPARAEZ,desnutricion global,desnutricion leve (l),2005-10-01,37,40,129,103,166,143,309
21103,YANACACHI,desnutricion global,desnutricion leve (l),2005-10-01,1,1,1,3,2,4,6
70403,YAPACANI,desnutricion global,desnutricion leve (l),2005-10-01,56,55,49,48,105,103,208
50103,YOCALLA,desnutricion global,desnutricion leve (l),2005-10-01,6,4,18,10,24,14,38
10102,YOTALA,desnutricion global,desnutricion leve (l),2005-10-01,26,30,57,59,83,89,172
60402,YUNCHARA,desnutricion global,desnutricion leve (l),2005-10-01,25,26,66,57,91,83,174
10301,ZUDAÑEZ,desnutricion global,desnutricion leve (l),2005-10-01,28,27,45,52,73,79,152
51302,ACACIO,desnutricion global,desnutricion leve (l),2005-11-01,31,22,40,46,71,68,139
20201,ACHACACHI,desnutricion global,desnutricion leve (l),2005-11-01,31,47,32,39,63,86,149
20104,ACHOCALLA,desnutricion global,desnutricion leve (l),2005-11-01,3,12,11,6,14,18,32
30201,AIQUILE,desnutricion global,desnutricion leve (l),2005-11-01,37,26,25,32,62,58,120
31303,ALALAY,desnutricion global,desnutricion leve (l),2005-11-01,9,12,10,12,19,24,43
10404,ALCALA,desnutricion global,desnutricion leve (l),2005-11-01,14,20,33,26,47,46,93
20202,ANCORAIMES,desnutricion global,desnutricion leve (l),2005-11-01,23,14,37,48,60,62,122
41201,ANDAMARCA,desnutricion global,desnutricion leve (l),2005-11-01,10,8,13,17,23,25,48
40603,ANTEQUERA,desnutricion global,desnutricion leve (l),2005-11-01,6,4,4,5,10,9,19
30402,ANZALDO,desnutricion global,desnutricion leve (l),2005-11-01,14,18,11,9,25,27,52
20701,APOLO,desnutricion global,desnutricion leve (l),2005-11-01,38,43,45,51,83,94,177
51301,ARAMPAMPA,desnutricion global,desnutricion leve (l),2005-11-01,26,29,41,29,67,58,125
30501,ARANI,desnutricion global,desnutricion leve (l),2005-11-01,18,17,27,22,45,39,84
30403,ARBIETO,desnutricion global,desnutricion leve (l),2005-11-01,9,5,8,14,17,19,36
30601,ARQUE,desnutricion global,desnutricion leve (l),2005-11-01,38,54,39,38,77,92,169
71501,ASCENCION DE GUARAYOS,desnutricion global,desnutricion leve (l),2005-11-01,0,0,1,0,1,0,1
50802,ATOCHA,desnutricion global,desnutricion leve (l),2005-11-01,26,27,22,17,48,44,92
20503,AUCAPATA,desnutricion global,desnutricion leve (l),2005-11-01,9,2,8,5,17,7,24
20502,AYATA,desnutricion global,desnutricion leve (l),2005-11-01,36,31,42,49,78,80,158
21303,AYO AYO,desnutricion global,desnutricion leve (l),2005-11-01,10,9,10,6,20,15,35
30301,AYOPAYA (V. DE INDEPENDENCIA),desnutricion global,desnutricion leve (l),2005-11-01,58,38,53,43,111,81,192
10201,AZURDUY,desnutricion global,desnutricion leve (l),2005-11-01,36,40,60,96,96,136,232
21203,BATALLAS,desnutricion global,desnutricion leve (l),2005-11-01,17,15,7,7,24,22,46
80802,BAURES,desnutricion global,desnutricion leve (l),2005-11-01,10,12,7,6,17,18,35
41202,BELEN DE ANDAMARCA,desnutricion global,desnutricion leve (l),2005-11-01,2,1,6,3,8,4,12
50104,BELEN DE URMIRI,desnutricion global,desnutricion leve (l),2005-11-01,8,5,14,14,22,19,41
90104,BELLA FLOR,desnutricion global,desnutricion leve (l),2005-11-01,7,6,6,4,13,10,23
60202,BERMEJO,desnutricion global,desnutricion leve (l),2005-11-01,24,25,22,30,46,55,101
50301,BETANZOS,desnutricion global,desnutricion leve (l),2005-11-01,104,103,152,173,256,276,532
31501,BOLIVAR,desnutricion global,desnutricion leve (l),2005-11-01,47,45,54,50,101,95,196
90103,BOLPEBRA,desnutricion global,desnutricion leve (l),2005-11-01,3,1,1,3,4,4,8
70707,BOYUIBE,desnutricion global,desnutricion leve (l),2005-11-01,3,3,10,6,13,9,22
70401,BUENA VISTA,desnutricion global,desnutricion leve (l),2005-11-01,28,22,32,34,60,56,116
70703,CABEZAS,desnutricion global,desnutricion leve (l),2005-11-01,20,25,24,27,44,52,96
20905,CAIROMA,desnutricion global,desnutricion leve (l),2005-11-01,37,53,46,65,83,118,201
51102,"CAIZA ""D""",desnutricion global,desnutricion leve (l),2005-11-01,24,43,58,62,82,105,187
21003,CAJUATA,desnutricion global,desnutricion leve (l),2005-11-01,22,11,11,19,33,30,63
20303,CALACOTO,desnutricion global,desnutricion leve (l),2005-11-01,16,11,20,9,36,20,56
21304,CALAMARCA,desnutricion global,desnutricion leve (l),2005-11-01,65,55,56,62,121,117,238
10701,CAMARGO,desnutricion global,desnutricion leve (l),2005-11-01,62,70,72,76,134,146,280
10901,CAMATAQUI (C. VILLA ABECIA),desnutricion global,desnutricion leve (l),2005-11-01,14,6,26,18,40,24,64
70706,CAMIRI,desnutricion global,desnutricion leve (l),2005-11-01,51,55,41,67,92,122,214
30701,CAPINOTA,desnutricion global,desnutricion leve (l),2005-11-01,42,49,33,32,75,81,156
20302,CAQUIAVIRI,desnutricion global,desnutricion leve (l),2005-11-01,14,18,17,22,31,40,71
40102,CARACOLLO,desnutricion global,desnutricion leve (l),2005-11-01,37,21,38,27,75,48,123
22001,CARANAVI,desnutricion global,desnutricion leve (l),2005-11-01,77,84,75,92,152,176,328
41503,CARANGAS,desnutricion global,desnutricion leve (l),2005-11-01,0,0,0,2,0,2,2
60302,CARAPARI,desnutricion global,desnutricion leve (l),2005-11-01,10,11,12,14,22,25,47
50702,CARIPUYO,desnutricion global,desnutricion leve (l),2005-11-01,63,57,106,108,169,165,334
21902,CATACORA,desnutricion global,desnutricion leve (l),2005-11-01,0,1,3,3,3,4,7
21803,CHACARILLA,desnutricion global,desnutricion leve (l),2005-11-01,7,7,14,7,21,14,35
40201,CHALLAPATA,desnutricion global,desnutricion leve (l),2005-11-01,56,52,55,69,111,121,232
50302,CHAQUI,desnutricion global,desnutricion leve (l),2005-11-01,24,28,41,51,65,79,144
70702,CHARAGUA,desnutricion global,desnutricion leve (l),2005-11-01,35,39,15,41,50,80,130
20305,CHARAÑA,desnutricion global,desnutricion leve (l),2005-11-01,6,4,9,13,15,17,32
50202,CHAYANTA,desnutricion global,desnutricion leve (l),2005-11-01,44,27,51,42,95,69,164
31204,CHIMORE,desnutricion global,desnutricion leve (l),2005-11-01,32,36,32,33,64,69,133
40903,CHIPAYA,desnutricion global,desnutricion leve (l),2005-11-01,5,4,10,10,15,14,29
40302,CHOQUE COTA,desnutricion global,desnutricion leve (l),2005-11-01,1,3,2,2,3,5,8
21101,CHULUMANI (V. DE LA LIBERTAD),desnutricion global,desnutricion leve (l),2005-11-01,15,16,17,10,32,26,58
20501,CHUMA,desnutricion global,desnutricion leve (l),2005-11-01,29,26,25,28,54,54,108
30801,CLIZA,desnutricion global,desnutricion leve (l),2005-11-01,36,41,26,23,62,64,126
90101,COBIJA,desnutricion global,desnutricion leve (l),2005-11-01,55,68,53,79,108,147,255
30101,COCHABAMBA,desnutricion global,desnutricion leve (l),2005-11-01,463,377,342,363,805,740,1545
30905,COLCAPIRHUA,desnutricion global,desnutricion leve (l),2005-11-01,72,47,45,45,117,92,209
50901,"COLCHA ""K""",desnutricion global,desnutricion leve (l),2005-11-01,21,15,27,31,48,46,94
21307,COLLANA,desnutricion global,desnutricion leve (l),2005-11-01,0,2,2,0,2,2,4
31002,COLOMI,desnutricion global,desnutricion leve (l),2005-11-01,56,46,22,30,78,76,154
70603,COLPA BELGICA,desnutricion global,desnutricion leve (l),2005-11-01,7,7,2,5,9,12,21
50401,COLQUECHACA,desnutricion global,desnutricion leve (l),2005-11-01,106,92,69,87,175,179,354
21306,COLQUENCHA,desnutricion global,desnutricion leve (l),2005-11-01,6,21,9,15,15,36,51
21004,COLQUIRI,desnutricion global,desnutricion leve (l),2005-11-01,41,45,38,43,79,88,167
20304,COMANCHE,desnutricion global,desnutricion leve (l),2005-11-01,2,6,1,5,3,11,14
71301,COMARAPA,desnutricion global,desnutricion leve (l),2005-11-01,38,52,40,38,78,90,168
20605,COMBAYA,desnutricion global,desnutricion leve (l),2005-11-01,5,4,8,2,13,6,19
71101,CONCEPCION,desnutricion global,desnutricion leve (l),2005-11-01,8,9,4,20,12,29,41
21701,COPACABANA,desnutricion global,desnutricion leve (l),2005-11-01,20,7,15,20,35,27,62
21402,CORIPATA,desnutricion global,desnutricion leve (l),2005-11-01,10,22,14,20,24,42,66
20301,CORO CORO,desnutricion global,desnutricion leve (l),2005-11-01,18,24,22,15,40,39,79
21401,COROICO,desnutricion global,desnutricion leve (l),2005-11-01,21,25,15,16,36,41,77
40301,CORQUE,desnutricion global,desnutricion leve (l),2005-11-01,25,16,13,20,38,36,74
50601,COTAGAITA,desnutricion global,desnutricion leve (l),2005-11-01,69,59,93,77,162,136,298
70102,COTOCA,desnutricion global,desnutricion leve (l),2005-11-01,50,67,21,30,71,97,168
71106,CUATRO CAÑADAS,desnutricion global,desnutricion leve (l),2005-11-01,22,16,22,15,44,31,75
31405,CUCHUMUELA (V. G. VILLARROEL),desnutricion global,desnutricion leve (l),2005-11-01,8,7,10,5,18,12,30
70704,CUEVO,desnutricion global,desnutricion leve (l),2005-11-01,4,9,5,6,9,15,24
10902,CULPINA,desnutricion global,desnutricion leve (l),2005-11-01,93,103,111,145,204,248,452
40401,CURAHUARA DE CARANGAS,desnutricion global,desnutricion leve (l),2005-11-01,5,4,5,6,10,10,20
21602,CURVA,desnutricion global,desnutricion leve (l),2005-11-01,3,2,1,3,4,5,9
20804,DESAGUADERO,desnutricion global,desnutricion leve (l),2005-11-01,7,6,6,3,13,9,22
20105,EL ALTO,desnutricion global,desnutricion leve (l),2005-11-01,1191,989,794,741,1985,1730,3715
40103,EL CHORO,desnutricion global,desnutricion leve (l),2005-11-01,2,2,6,5,8,7,15
71503,EL PUENTE(STC),desnutricion global,desnutricion leve (l),2005-11-01,9,13,20,34,29,47,76
60502,EL PUENTE(TJA),desnutricion global,desnutricion leve (l),2005-11-01,38,38,74,101,112,139,251
70105,EL TORNO,desnutricion global,desnutricion leve (l),2005-11-01,39,41,37,40,76,81,157
10405,EL VILLAR,desnutricion global,desnutricion leve (l),2005-11-01,8,15,29,34,37,49,86
60601,ENTRE RIOS,desnutricion global,desnutricion leve (l),2005-11-01,37,29,40,60,77,89,166
60601,ENTRE RIOS,desnutricion global,desnutricion leve (l),2005-11-01,61,51,48,52,109,103,212
40502,ESCARA,desnutricion global,desnutricion leve (l),2005-11-01,0,0,1,0,1,0,1
41101,EUCALIPTUS,desnutricion global,desnutricion leve (l),2005-11-01,9,7,14,12,23,19,42
90503,EUREKA (SANTOS MERCADO),desnutricion global,desnutricion leve (l),2005-11-01,2,1,2,2,4,3,7
80402,EXALTACION,desnutricion global,desnutricion leve (l),2005-11-01,10,5,4,10,14,15,29
71004,FERNANDEZ ALONSO,desnutricion global,desnutricion leve (l),2005-11-01,21,20,11,18,32,38,70
90203,FILADELFIA,desnutricion global,desnutricion leve (l),2005-11-01,3,4,3,7,6,11,17
71002,GENERAL SAAVEDRA,desnutricion global,desnutricion leve (l),2005-11-01,18,18,29,39,47,57,104
21601,GRAL. J.J. PEREZ (CHARAZANI),desnutricion global,desnutricion leve (l),2005-11-01,42,26,39,38,81,64,145
20602,GUANAY,desnutricion global,desnutricion leve (l),2005-11-01,35,33,21,45,56,78,134
20802,GUAQUI,desnutricion global,desnutricion leve (l),2005-11-01,2,7,3,7,5,14,19
80202,GUAYARAMERIN,desnutricion global,desnutricion leve (l),2005-11-01,72,80,42,45,114,125,239
70705,GUTIERREZ,desnutricion global,desnutricion leve (l),2005-11-01,31,42,64,76,95,118,213
10502,HUACARETA,desnutricion global,desnutricion leve (l),2005-11-01,23,22,29,26,52,48,100
11002,HUACAYA (VILLA DE HUACAYA),desnutricion global,desnutricion leve (l),2005-11-01,8,4,22,18,30,22,52
40501,HUACHACALLA,desnutricion global,desnutricion leve (l),2005-11-01,1,2,2,2,3,4,7
40701,HUANUNI,desnutricion global,desnutricion leve (l),2005-11-01,38,22,22,29,60,51,111
80803,HUARACAJE,desnutricion global,desnutricion leve (l),2005-11-01,8,8,4,11,12,19,31
41601,HUAYLLAMARCA,desnutricion global,desnutricion leve (l),2005-11-01,1,4,1,8,2,12,14
21005,ICHOCA,desnutricion global,desnutricion leve (l),2005-11-01,13,27,16,26,29,53,82
10304,ICLA,desnutricion global,desnutricion leve (l),2005-11-01,62,70,121,97,183,167,350
10703,INCAHUASI,desnutricion global,desnutricion leve (l),2005-11-01,97,97,113,151,210,248,458
21001,INQUISIVI,desnutricion global,desnutricion leve (l),2005-11-01,16,24,13,31,29,55,84
21102,IRUPANA (VILLA DE LANZA),desnutricion global,desnutricion leve (l),2005-11-01,15,21,24,31,39,52,91
21501,IXIAMAS,desnutricion global,desnutricion leve (l),2005-11-01,16,11,11,5,27,16,43
20806,JESUS DE MACHACA,desnutricion global,desnutricion leve (l),2005-11-01,23,20,10,14,33,34,67
21105,LA ASUNTA,desnutricion global,desnutricion leve (l),2005-11-01,24,19,13,6,37,25,62
70104,LA GUARDIA,desnutricion global,desnutricion leve (l),2005-11-01,58,45,39,40,97,85,182
20101,LA PAZ,desnutricion global,desnutricion leve (l),2005-11-01,798,698,539,627,1337,1325,2662
70701,LAGUNILLAS,desnutricion global,desnutricion leve (l),2005-11-01,18,22,24,44,42,66,108
21202,LAJA,desnutricion global,desnutricion leve (l),2005-11-01,13,14,13,11,26,25,51
10903,LAS CARRERAS,desnutricion global,desnutricion leve (l),2005-11-01,7,10,22,31,29,41,70
21006,LICOMA PAMPA,desnutricion global,desnutricion leve (l),2005-11-01,1,1,0,1,1,2,3
50203,LLALLAGUA,desnutricion global,desnutricion leve (l),2005-11-01,63,111,171,166,234,277,511
51401,LLICA,desnutricion global,desnutricion leve (l),2005-11-01,3,5,14,8,17,13,30
80601,LORETO,desnutricion global,desnutricion leve (l),2005-11-01,4,8,5,7,9,15,24
20901,LURIBAY,desnutricion global,desnutricion leve (l),2005-11-01,31,31,22,35,53,66,119
40702,MACHACAMARCA,desnutricion global,desnutricion leve (l),2005-11-01,5,4,6,3,11,7,18
11003,MACHARETI,desnutricion global,desnutricion leve (l),2005-11-01,10,6,28,30,38,36,74
80801,MAGDALENA,desnutricion global,desnutricion leve (l),2005-11-01,20,17,14,12,34,29,63
70903,MAIRANA,desnutricion global,desnutricion leve (l),2005-11-01,9,22,11,10,20,32,52
20904,MALLA,desnutricion global,desnutricion leve (l),2005-11-01,12,18,26,21,38,39,77
20607,MAPIRI,desnutricion global,desnutricion leve (l),2005-11-01,13,12,10,15,23,27,50
20103,MECAPACA,desnutricion global,desnutricion leve (l),2005-11-01,19,6,19,14,38,20,58
71003,MINEROS,desnutricion global,desnutricion leve (l),2005-11-01,43,26,30,27,73,53,126
31301,MIZQUE,desnutricion global,desnutricion leve (l),2005-11-01,44,39,34,48,78,87,165
20402,MOCOMOCO,desnutricion global,desnutricion leve (l),2005-11-01,43,33,40,28,83,61,144
51002,MOJINETE,desnutricion global,desnutricion leve (l),2005-11-01,4,2,6,4,10,6,16
10303,MOJOCOYA,desnutricion global,desnutricion leve (l),2005-11-01,31,19,36,38,67,57,124
10501,MONTEAGUDO,desnutricion global,desnutricion leve (l),2005-11-01,71,64,120,134,191,198,389
71001,MONTERO,desnutricion global,desnutricion leve (l),2005-11-01,213,215,163,196,376,411,787
70803,MORO MORO,desnutricion global,desnutricion leve (l),2005-11-01,7,1,3,8,10,9,19
30302,MOROCHATA,desnutricion global,desnutricion leve (l),2005-11-01,43,54,60,50,103,104,207
90401,NACEBE (SANTA ROSA DEL ABUNA),desnutricion global,desnutricion leve (l),2005-11-01,2,1,0,0,2,1,3
90501,NUEVO MANOA (NUEVA ESPERANZA),desnutricion global,desnutricion leve (l),2005-11-01,2,2,13,7,15,9,24
50404,OCURI,desnutricion global,desnutricion leve (l),2005-11-01,71,59,82,102,153,161,314
70202,OKINAWA,desnutricion global,desnutricion leve (l),2005-11-01,6,16,4,10,10,26,36
30203,OMEREQUE,desnutricion global,desnutricion leve (l),2005-11-01,6,20,10,9,16,29,45
40101,ORURO,desnutricion global,desnutricion leve (l),2005-11-01,365,270,240,232,605,502,1107
60201,PADCAYA,desnutricion global,desnutricion leve (l),2005-11-01,26,25,37,35,63,60,123
10401,PADILLA,desnutricion global,desnutricion leve (l),2005-11-01,28,37,57,68,85,105,190
70502,PAILON,desnutricion global,desnutricion leve (l),2005-11-01,0,2,0,1,0,3,3
20102,PALCA,desnutricion global,desnutricion leve (l),2005-11-01,15,12,13,14,28,26,54
21104,PALOS BLANCOS,desnutricion global,desnutricion leve (l),2005-11-01,54,56,52,51,106,107,213
40802,PAMPA AULLAGAS,desnutricion global,desnutricion leve (l),2005-11-01,5,10,10,10,15,20,35
70902,PAMPA GRANDE,desnutricion global,desnutricion leve (l),2005-11-01,10,8,9,12,19,20,39
21802,PAPEL PAMPA,desnutricion global,desnutricion leve (l),2005-11-01,2,4,1,0,3,4,7
30202,PASORAPA,desnutricion global,desnutricion leve (l),2005-11-01,12,17,16,16,28,33,61
21305,PATACAMAYA,desnutricion global,desnutricion leve (l),2005-11-01,44,50,40,52,84,102,186
40602,PAZÑA,desnutricion global,desnutricion leve (l),2005-11-01,7,6,7,11,14,17,31
20702,PELECHUCO,desnutricion global,desnutricion leve (l),2005-11-01,15,11,14,10,29,21,50
50403,POCOATA,desnutricion global,desnutricion leve (l),2005-11-01,79,94,78,91,157,185,342
31203,POCONA,desnutricion global,desnutricion leve (l),2005-11-01,20,18,31,41,51,59,110
31202,POJO (CBBA),desnutricion global,desnutricion leve (l),2005-11-01,27,44,39,70,66,114,180
40601,POOPO,desnutricion global,desnutricion leve (l),2005-11-01,6,6,10,10,16,16,32
51203,PORCO,desnutricion global,desnutricion leve (l),2005-11-01,14,23,22,23,36,46,82
10103,POROMA,desnutricion global,desnutricion leve (l),2005-11-01,68,72,90,105,158,177,335
70103,PORONGO,desnutricion global,desnutricion leve (l),2005-11-01,8,2,3,1,11,3,14
70601,PORTACHUELO,desnutricion global,desnutricion leve (l),2005-11-01,16,21,22,20,38,41,79
90102,PORVENIR,desnutricion global,desnutricion leve (l),2005-11-01,2,5,3,4,5,9,14
70804,POSTRER VALLE,desnutricion global,desnutricion leve (l),2005-11-01,0,0,2,2,2,2,4
50101,POTOSI,desnutricion global,desnutricion leve (l),2005-11-01,376,287,235,190,611,477,1088
10302,PRESTO,desnutricion global,desnutricion leve (l),2005-11-01,51,36,59,70,110,106,216
70805,PUCARA,desnutricion global,desnutricion leve (l),2005-11-01,2,2,2,5,4,7,11
21201,PUCARANI,desnutricion global,desnutricion leve (l),2005-11-01,48,42,63,45,111,87,198
20401,PUERTO ACOSTA,desnutricion global,desnutricion leve (l),2005-11-01,50,48,55,70,105,118,223
20403,PUERTO CARABUCO,desnutricion global,desnutricion leve (l),2005-11-01,20,26,25,28,45,54,99
90301,PUERTO GONZALO MORENO,desnutricion global,desnutricion leve (l),2005-11-01,15,14,26,18,41,32,73
21204,PUERTO PEREZ,desnutricion global,desnutricion leve (l),2005-11-01,13,5,15,9,28,14,42
90201,PUERTO RICO,desnutricion global,desnutricion leve (l),2005-11-01,7,7,15,18,22,25,47
80703,PUERTO SILES,desnutricion global,desnutricion leve (l),2005-11-01,12,3,3,5,15,8,23
71401,PUERTO SUAREZ,desnutricion global,desnutricion leve (l),2005-11-01,16,29,22,6,38,35,73
31205,PUERTO VILLARROEL,desnutricion global,desnutricion leve (l),2005-11-01,113,96,100,128,213,224,437
51101,PUNA,desnutricion global,desnutricion leve (l),2005-11-01,99,101,117,130,216,231,447
31401,PUNATA,desnutricion global,desnutricion leve (l),2005-11-01,40,45,29,34,69,79,148
20604,QUIABAYA,desnutricion global,desnutricion leve (l),2005-11-01,3,3,3,3,6,6,12
30901,QUILLACOLLO,desnutricion global,desnutricion leve (l),2005-11-01,121,78,105,79,226,157,383
21002,QUIME,desnutricion global,desnutricion leve (l),2005-11-01,22,15,24,21,46,36,82
70904,QUIRUSILLAS,desnutricion global,desnutricion leve (l),2005-11-01,0,2,1,3,1,5,6
50402,RAVELO,desnutricion global,desnutricion leve (l),2005-11-01,162,136,173,185,335,321,656
80301,REYES,desnutricion global,desnutricion leve (l),2005-11-01,14,16,12,13,26,29,55
80201,RIBERALTA,desnutricion global,desnutricion leve (l),2005-11-01,232,273,154,149,386,422,808
70503,ROBORE,desnutricion global,desnutricion leve (l),2005-11-01,2,1,1,0,3,1,4
80304,RURRENABAQUE,desnutricion global,desnutricion leve (l),2005-11-01,12,15,8,15,20,30,50
40901,SABAYA,desnutricion global,desnutricion leve (l),2005-11-01,6,3,4,2,10,5,15
31001,SACABA,desnutricion global,desnutricion leve (l),2005-11-01,171,139,136,126,307,265,572
30404,SACABAMBA,desnutricion global,desnutricion leve (l),2005-11-01,12,17,9,13,21,30,51
50701,SACACA,desnutricion global,desnutricion leve (l),2005-11-01,199,164,328,331,527,495,1022
71302,SAIPINA,desnutricion global,desnutricion leve (l),2005-11-01,8,10,8,10,16,20,36
40801,SALINAS DE GARCI MENDOZA,desnutricion global,desnutricion leve (l),2005-11-01,16,18,25,22,41,40,81
70901,SAMAIPATA,desnutricion global,desnutricion leve (l),2005-11-01,12,13,11,18,23,31,54
51601,SAN AGUSTIN,desnutricion global,desnutricion leve (l),2005-11-01,2,5,5,5,7,10,17
80602,SAN ANDRES,desnutricion global,desnutricion leve (l),2005-11-01,26,16,12,24,38,40,78
20805,SAN ANDRES DE MACHACA,desnutricion global,desnutricion leve (l),2005-11-01,18,6,8,7,26,13,39
51003,SAN ANTONIO DE ESMORUCO,desnutricion global,desnutricion leve (l),2005-11-01,0,2,2,3,2,5,7
71105,SAN ANTONIO DE LOMERIO,desnutricion global,desnutricion leve (l),2005-11-01,30,27,36,48,66,75,141
31403,SAN BENITO,desnutricion global,desnutricion leve (l),2005-11-01,17,20,15,15,32,35,67
80302,SAN BORJA,desnutricion global,desnutricion leve (l),2005-11-01,80,59,52,73,132,132,264
21502,SAN BUENA VENTURA,desnutricion global,desnutricion leve (l),2005-11-01,31,6,12,28,43,34,77
70402,SAN CARLOS,desnutricion global,desnutricion leve (l),2005-11-01,27,22,13,17,40,39,79
80501,SAN IGNACIO,desnutricion global,desnutricion leve (l),2005-11-01,55,41,66,64,121,105,226
70301,SAN IGNACIO DE VELASCO,desnutricion global,desnutricion leve (l),2005-11-01,102,127,108,122,210,249,459
80102,SAN JAVIER(BNI),desnutricion global,desnutricion leve (l),2005-11-01,8,6,7,7,15,13,28
71102,SAN JAVIER(STC),desnutricion global,desnutricion leve (l),2005-11-01,4,7,5,3,9,10,19
80701,SAN JOAQUIN,desnutricion global,desnutricion leve (l),2005-11-01,1,1,4,2,5,3,8
70404,SAN JUAN DE YAPACANI,desnutricion global,desnutricion leve (l),2005-11-01,5,17,16,8,21,25,46
71104,SAN JULIAN,desnutricion global,desnutricion leve (l),2005-11-01,30,34,57,74,87,108,195
90302,SAN LORENZO(PND),desnutricion global,desnutricion leve (l),2005-11-01,10,3,2,8,12,11,23
60501,SAN LORENZO(TJA),desnutricion global,desnutricion leve (l),2005-11-01,27,26,63,44,90,70,160
10702,SAN LUCAS,desnutricion global,desnutricion leve (l),2005-11-01,189,212,283,314,472,526,998
70302,SAN MIGUEL DE VELASCO,desnutricion global,desnutricion leve (l),2005-11-01,21,22,25,47,46,69,115
51001,SAN PABLO DE LIPEZ,desnutricion global,desnutricion leve (l),2005-11-01,13,7,8,6,21,13,34
71005,SAN PEDRO,desnutricion global,desnutricion leve (l),2005-11-01,26,23,15,17,41,40,81
50501,SAN PEDRO DE BUENA VISTA,desnutricion global,desnutricion leve (l),2005-11-01,100,115,149,137,249,252,501
21801,SAN PEDRO DE CURAHUARA,desnutricion global,desnutricion leve (l),2005-11-01,11,8,14,15,25,23,48
21702,SAN PEDRO DE TIQUINA,desnutricion global,desnutricion leve (l),2005-11-01,6,5,5,8,11,13,24
90202,SAN PEDRO(PND),desnutricion global,desnutricion leve (l),2005-11-01,0,1,2,3,2,4,6
70303,SAN RAFAEL,desnutricion global,desnutricion leve (l),2005-11-01,18,16,28,20,46,36,82
80702,SAN RAMON,desnutricion global,desnutricion leve (l),2005-11-01,10,8,6,9,16,17,33
80702,SAN RAMON,desnutricion global,desnutricion leve (l),2005-11-01,7,8,5,8,12,16,28
80401,SANTA ANA,desnutricion global,desnutricion leve (l),2005-11-01,11,19,7,10,18,29,47
70101,SANTA CRUZ DE LA SIERRA,desnutricion global,desnutricion leve (l),2005-11-01,638,591,360,359,998,950,1948
80303,SANTA ROSA,desnutricion global,desnutricion leve (l),2005-11-01,18,14,13,15,31,29,60
70602,SANTA ROSA DEL SARA,desnutricion global,desnutricion leve (l),2005-11-01,22,15,17,15,39,30,69
20308,SANTIAGO DE CALLAPA,desnutricion global,desnutricion leve (l),2005-11-01,10,8,10,3,20,11,31
41401,SANTIAGO DE HUARI,desnutricion global,desnutricion leve (l),2005-11-01,11,7,9,13,20,20,40
21901,SANTIAGO DE MACHACA,desnutricion global,desnutricion leve (l),2005-11-01,3,2,1,2,4,4,8
30702,SANTIVAÑES,desnutricion global,desnutricion leve (l),2005-11-01,2,5,7,14,9,19,28
40202,SANTUARIO DE QUILLACAS,desnutricion global,desnutricion leve (l),2005-11-01,7,3,7,7,14,10,24
20902,SAPAHAQUI,desnutricion global,desnutricion leve (l),2005-11-01,25,18,31,39,56,57,113
90303,SENA,desnutricion global,desnutricion leve (l),2005-11-01,9,16,8,11,17,27,44
21301,SICA SICA (VILLA AROMA),desnutricion global,desnutricion leve (l),2005-11-01,47,54,44,61,91,115,206
30703,SICAYA,desnutricion global,desnutricion leve (l),2005-11-01,12,11,11,8,23,19,42
30902,SIPE SIPE,desnutricion global,desnutricion leve (l),2005-11-01,134,116,149,141,283,257,540
10403,SOPACHUY,desnutricion global,desnutricion leve (l),2005-11-01,15,23,41,58,56,81,137
40104,SORACACHI,desnutricion global,desnutricion leve (l),2005-11-01,24,25,34,31,58,56,114
20601,SORATA,desnutricion global,desnutricion leve (l),2005-11-01,22,27,30,29,52,56,108
10101,SUCRE,desnutricion global,desnutricion leve (l),2005-11-01,352,327,407,458,759,785,1544
31404,TACACHI,desnutricion global,desnutricion leve (l),2005-11-01,7,5,4,3,11,8,19
20603,TACACOMA,desnutricion global,desnutricion leve (l),2005-11-01,5,0,6,3,11,3,14
50303,TACOBAMBA,desnutricion global,desnutricion leve (l),2005-11-01,61,76,81,42,142,118,260
30602,TACOPAYA,desnutricion global,desnutricion leve (l),2005-11-01,50,50,51,53,101,103,204
51402,TAHUA,desnutricion global,desnutricion leve (l),2005-11-01,2,0,0,2,2,2,4
31101,TAPACARI,desnutricion global,desnutricion leve (l),2005-11-01,66,59,69,78,135,137,272
10601,TARABUCO,desnutricion global,desnutricion leve (l),2005-11-01,124,126,241,235,365,361,726
20807,TARACO,desnutricion global,desnutricion leve (l),2005-11-01,2,2,2,5,4,7,11
30401,TARATA,desnutricion global,desnutricion leve (l),2005-11-01,11,10,9,11,20,21,41
60101,TARIJA,desnutricion global,desnutricion leve (l),2005-11-01,185,169,145,171,330,340,670
10202,TARVITA,desnutricion global,desnutricion leve (l),2005-11-01,58,60,111,133,169,193,362
20608,TEOPONTE,desnutricion global,desnutricion leve (l),2005-11-01,16,12,7,6,23,18,41
20803,TIAWANACU,desnutricion global,desnutricion leve (l),2005-11-01,15,9,16,15,31,24,55
50102,TINGUIPAYA,desnutricion global,desnutricion leve (l),2005-11-01,41,64,55,40,96,104,200
20606,TIPUANI,desnutricion global,desnutricion leve (l),2005-11-01,11,14,8,7,19,21,40
30903,TIQUIPAYA,desnutricion global,desnutricion leve (l),2005-11-01,30,32,12,25,42,57,99
31601,TIRAQUE (CBBA),desnutricion global,desnutricion leve (l),2005-11-01,110,87,73,104,183,191,374
21703,TITO YUPANQUI (PARQUIPUJIO),desnutricion global,desnutricion leve (l),2005-11-01,1,3,4,4,5,7,12
30802,TOCO,desnutricion global,desnutricion leve (l),2005-11-01,8,8,13,8,21,16,37
30803,TOLATA,desnutricion global,desnutricion leve (l),2005-11-01,5,7,2,1,7,8,15
41001,TOLEDO,desnutricion global,desnutricion leve (l),2005-11-01,9,11,7,12,16,23,39
51202,TOMAVE,desnutricion global,desnutricion leve (l),2005-11-01,37,25,53,33,90,58,148
10402,TOMINA,desnutricion global,desnutricion leve (l),2005-11-01,57,46,80,98,137,144,281
50502,TORO TORO,desnutricion global,desnutricion leve (l),2005-11-01,53,35,48,64,101,99,200
31201,TOTORA(CBBA),desnutricion global,desnutricion leve (l),2005-11-01,28,24,10,14,38,38,76
41301,TOTORA(ORR),desnutricion global,desnutricion leve (l),2005-11-01,5,8,13,19,18,27,45
70802,TRIGAL,desnutricion global,desnutricion leve (l),2005-11-01,1,0,0,2,1,2,3
80101,TRINIDAD,desnutricion global,desnutricion leve (l),2005-11-01,167,95,86,86,253,181,434
50801,TUPIZA,desnutricion global,desnutricion leve (l),2005-11-01,65,62,76,88,141,150,291
40402,TURCO,desnutricion global,desnutricion leve (l),2005-11-01,7,7,6,2,13,9,22
21302,UMALA,desnutricion global,desnutricion leve (l),2005-11-01,7,9,5,5,12,14,26
50201,UNCIA,desnutricion global,desnutricion leve (l),2005-11-01,47,44,81,59,128,103,231
60401,URIONDO (A. CONCEPCION),desnutricion global,desnutricion leve (l),2005-11-01,29,48,60,61,89,109,198
71502,URUBICHA,desnutricion global,desnutricion leve (l),2005-11-01,0,1,2,2,2,3,5
51201,UYUNI,desnutricion global,desnutricion leve (l),2005-11-01,50,37,61,58,111,95,206
30502,VACAS,desnutricion global,desnutricion leve (l),2005-11-01,24,18,19,10,43,28,71
70801,VALLEGRANDE,desnutricion global,desnutricion leve (l),2005-11-01,21,28,18,34,39,62,101
20801,VIACHA,desnutricion global,desnutricion leve (l),2005-11-01,49,52,21,40,70,92,162
31302,VILA VILA,desnutricion global,desnutricion leve (l),2005-11-01,7,10,14,10,21,20,41
60303,VILLA MONTES,desnutricion global,desnutricion leve (l),2005-11-01,48,40,40,20,88,60,148
90502,VILLA NUEVA (LOMA ALTA),desnutricion global,desnutricion leve (l),2005-11-01,2,5,7,10,9,15,24
31402,VILLA RIVERO,desnutricion global,desnutricion leve (l),2005-11-01,17,15,10,16,27,31,58
10801,VILLA SERRANO,desnutricion global,desnutricion leve (l),2005-11-01,59,52,100,100,159,152,311
31003,VILLA TUNARI,desnutricion global,desnutricion leve (l),2005-11-01,153,164,113,145,266,309,575
11001,VILLA VACA GUZMAN (MUYUPAMPA),desnutricion global,desnutricion leve (l),2005-11-01,29,29,62,79,91,108,199
51501,VILLAZON,desnutricion global,desnutricion leve (l),2005-11-01,86,78,77,87,163,165,328
30904,VINTO,desnutricion global,desnutricion leve (l),2005-11-01,41,22,19,3,60,25,85
50602,VITICHI,desnutricion global,desnutricion leve (l),2005-11-01,37,30,63,61,100,91,191
20306,WALDO BALLIVIAN,desnutricion global,desnutricion leve (l),2005-11-01,7,3,3,7,10,10,20
70201,WARNES,desnutricion global,desnutricion leve (l),2005-11-01,69,63,47,58,116,121,237
20903,YACO,desnutricion global,desnutricion leve (l),2005-11-01,25,29,25,25,50,54,104
60301,YACUIBA,desnutricion global,desnutricion leve (l),2005-11-01,35,47,33,46,68,93,161
10602,YAMPARAEZ,desnutricion global,desnutricion leve (l),2005-11-01,42,36,125,115,167,151,318
21103,YANACACHI,desnutricion global,desnutricion leve (l),2005-11-01,1,4,2,2,3,6,9
70403,YAPACANI,desnutricion global,desnutricion leve (l),2005-11-01,96,62,77,52,173,114,287
50103,YOCALLA,desnutricion global,desnutricion leve (l),2005-11-01,5,7,7,16,12,23,35
10102,YOTALA,desnutricion global,desnutricion leve (l),2005-11-01,22,28,59,56,81,84,165
60402,YUNCHARA,desnutricion global,desnutricion leve (l),2005-11-01,17,17,61,58,78,75,153
10301,ZUDAÑEZ,desnutricion global,desnutricion leve (l),2005-11-01,40,37,56,78,96,115,211
51302,ACACIO,desnutricion global,desnutricion leve (l),2005-12-01,24,20,45,44,69,64,133
20201,ACHACACHI,desnutricion global,desnutricion leve (l),2005-12-01,42,28,26,36,68,64,132
20104,ACHOCALLA,desnutricion global,desnutricion leve (l),2005-12-01,3,13,13,14,16,27,43
30201,AIQUILE,desnutricion global,desnutricion leve (l),2005-12-01,17,11,25,13,42,24,66
31303,ALALAY,desnutricion global,desnutricion leve (l),2005-12-01,1,4,0,0,1,4,5
10404,ALCALA,desnutricion global,desnutricion leve (l),2005-12-01,12,14,32,23,44,37,81
20202,ANCORAIMES,desnutricion global,desnutricion leve (l),2005-12-01,8,11,10,19,18,30,48
41201,ANDAMARCA,desnutricion global,desnutricion leve (l),2005-12-01,11,6,5,9,16,15,31
40603,ANTEQUERA,desnutricion global,desnutricion leve (l),2005-12-01,2,3,6,1,8,4,12
30402,ANZALDO,desnutricion global,desnutricion leve (l),2005-12-01,4,4,6,6,10,10,20
20701,APOLO,desnutricion global,desnutricion leve (l),2005-12-01,26,23,30,34,56,57,113
51301,ARAMPAMPA,desnutricion global,desnutricion leve (l),2005-12-01,21,21,31,37,52,58,110
30501,ARANI,desnutricion global,desnutricion leve (l),2005-12-01,20,18,10,8,30,26,56
30403,ARBIETO,desnutricion global,desnutricion leve (l),2005-12-01,11,10,13,11,24,21,45
30601,ARQUE,desnutricion global,desnutricion leve (l),2005-12-01,42,40,43,43,85,83,168
50802,ATOCHA,desnutricion global,desnutricion leve (l),2005-12-01,28,26,28,29,56,55,111
20503,AUCAPATA,desnutricion global,desnutricion leve (l),2005-12-01,6,8,7,16,13,24,37
20502,AYATA,desnutricion global,desnutricion leve (l),2005-12-01,27,23,34,31,61,54,115
21303,AYO AYO,desnutricion global,desnutricion leve (l),2005-12-01,16,11,19,12,35,23,58
30301,AYOPAYA (V. DE INDEPENDENCIA),desnutricion global,desnutricion leve (l),2005-12-01,41,35,52,47,93,82,175
10201,AZURDUY,desnutricion global,desnutricion leve (l),2005-12-01,23,36,64,91,87,127,214
21203,BATALLAS,desnutricion global,desnutricion leve (l),2005-12-01,12,11,6,4,18,15,33
80802,BAURES,desnutricion global,desnutricion leve (l),2005-12-01,8,5,2,3,10,8,18
41202,BELEN DE ANDAMARCA,desnutricion global,desnutricion leve (l),2005-12-01,2,1,4,4,6,5,11
50104,BELEN DE URMIRI,desnutricion global,desnutricion leve (l),2005-12-01,10,3,7,9,17,12,29
90104,BELLA FLOR,desnutricion global,desnutricion leve (l),2005-12-01,10,14,8,12,18,26,44
60202,BERMEJO,desnutricion global,desnutricion leve (l),2005-12-01,5,3,15,3,20,6,26
50301,BETANZOS,desnutricion global,desnutricion leve (l),2005-12-01,89,89,107,135,196,224,420
31501,BOLIVAR,desnutricion global,desnutricion leve (l),2005-12-01,51,39,40,55,91,94,185
90103,BOLPEBRA,desnutricion global,desnutricion leve (l),2005-12-01,1,0,1,0,2,0,2
70707,BOYUIBE,desnutricion global,desnutricion leve (l),2005-12-01,3,1,2,6,5,7,12
70401,BUENA VISTA,desnutricion global,desnutricion leve (l),2005-12-01,6,7,12,7,18,14,32
70703,CABEZAS,desnutricion global,desnutricion leve (l),2005-12-01,9,8,5,5,14,13,27
20905,CAIROMA,desnutricion global,desnutricion leve (l),2005-12-01,40,44,30,48,70,92,162
51102,"CAIZA ""D""",desnutricion global,desnutricion leve (l),2005-12-01,16,18,20,20,36,38,74
21003,CAJUATA,desnutricion global,desnutricion leve (l),2005-12-01,4,6,7,11,11,17,28
20303,CALACOTO,desnutricion global,desnutricion leve (l),2005-12-01,9,4,7,9,16,13,29
21304,CALAMARCA,desnutricion global,desnutricion leve (l),2005-12-01,68,58,57,59,125,117,242
10701,CAMARGO,desnutricion global,desnutricion leve (l),2005-12-01,49,45,57,79,106,124,230
10901,CAMATAQUI (C. VILLA ABECIA),desnutricion global,desnutricion leve (l),2005-12-01,9,13,17,14,26,27,53
70706,CAMIRI,desnutricion global,desnutricion leve (l),2005-12-01,43,23,69,88,112,111,223
30701,CAPINOTA,desnutricion global,desnutricion leve (l),2005-12-01,33,27,28,31,61,58,119
20302,CAQUIAVIRI,desnutricion global,desnutricion leve (l),2005-12-01,7,11,5,8,12,19,31
40102,CARACOLLO,desnutricion global,desnutricion leve (l),2005-12-01,14,12,34,20,48,32,80
22001,CARANAVI,desnutricion global,desnutricion leve (l),2005-12-01,81,84,50,70,131,154,285
41503,CARANGAS,desnutricion global,desnutricion leve (l),2005-12-01,1,0,0,0,1,0,1
60302,CARAPARI,desnutricion global,desnutricion leve (l),2005-12-01,5,7,24,15,29,22,51
50702,CARIPUYO,desnutricion global,desnutricion leve (l),2005-12-01,25,18,42,43,67,61,128
21803,CHACARILLA,desnutricion global,desnutricion leve (l),2005-12-01,3,0,0,5,3,5,8
40201,CHALLAPATA,desnutricion global,desnutricion leve (l),2005-12-01,53,44,56,48,109,92,201
50302,CHAQUI,desnutricion global,desnutricion leve (l),2005-12-01,25,19,27,27,52,46,98
70702,CHARAGUA,desnutricion global,desnutricion leve (l),2005-12-01,38,34,44,26,82,60,142
20305,CHARAÑA,desnutricion global,desnutricion leve (l),2005-12-01,3,0,4,3,7,3,10
50202,CHAYANTA,desnutricion global,desnutricion leve (l),2005-12-01,38,30,61,42,99,72,171
31204,CHIMORE,desnutricion global,desnutricion leve (l),2005-12-01,27,41,28,17,55,58,113
40903,CHIPAYA,desnutricion global,desnutricion leve (l),2005-12-01,3,4,4,2,7,6,13
40302,CHOQUE COTA,desnutricion global,desnutricion leve (l),2005-12-01,2,1,1,0,3,1,4
21101,CHULUMANI (V. DE LA LIBERTAD),desnutricion global,desnutricion leve (l),2005-12-01,6,10,0,3,6,13,19
20501,CHUMA,desnutricion global,desnutricion leve (l),2005-12-01,19,17,13,35,32,52,84
30801,CLIZA,desnutricion global,desnutricion leve (l),2005-12-01,23,19,11,18,34,37,71
90101,COBIJA,desnutricion global,desnutricion leve (l),2005-12-01,42,33,47,45,89,78,167
30101,COCHABAMBA,desnutricion global,desnutricion leve (l),2005-12-01,345,306,231,243,576,549,1125
30905,COLCAPIRHUA,desnutricion global,desnutricion leve (l),2005-12-01,37,40,31,20,68,60,128
50901,"COLCHA ""K""",desnutricion global,desnutricion leve (l),2005-12-01,23,24,21,35,44,59,103
21307,COLLANA,desnutricion global,desnutricion leve (l),2005-12-01,1,4,2,2,3,6,9
31002,COLOMI,desnutricion global,desnutricion leve (l),2005-12-01,38,28,13,24,51,52,103
70603,COLPA BELGICA,desnutricion global,desnutricion leve (l),2005-12-01,18,4,9,5,27,9,36
50401,COLQUECHACA,desnutricion global,desnutricion leve (l),2005-12-01,83,71,128,158,211,229,440
21306,COLQUENCHA,desnutricion global,desnutricion leve (l),2005-12-01,13,17,19,17,32,34,66
21004,COLQUIRI,desnutricion global,desnutricion leve (l),2005-12-01,27,35,44,35,71,70,141
20304,COMANCHE,desnutricion global,desnutricion leve (l),2005-12-01,3,4,3,4,6,8,14
71301,COMARAPA,desnutricion global,desnutricion leve (l),2005-12-01,26,29,16,16,42,45,87
20605,COMBAYA,desnutricion global,desnutricion leve (l),2005-12-01,5,5,10,6,15,11,26
71101,CONCEPCION,desnutricion global,desnutricion leve (l),2005-12-01,7,5,17,12,24,17,41
21701,COPACABANA,desnutricion global,desnutricion leve (l),2005-12-01,9,15,14,10,23,25,48
21402,CORIPATA,desnutricion global,desnutricion leve (l),2005-12-01,17,9,11,10,28,19,47
20301,CORO CORO,desnutricion global,desnutricion leve (l),2005-12-01,27,14,24,13,51,27,78
21401,COROICO,desnutricion global,desnutricion leve (l),2005-12-01,15,14,15,21,30,35,65
40301,CORQUE,desnutricion global,desnutricion leve (l),2005-12-01,10,5,4,5,14,10,24
50601,COTAGAITA,desnutricion global,desnutricion leve (l),2005-12-01,72,54,77,88,149,142,291
70102,COTOCA,desnutricion global,desnutricion leve (l),2005-12-01,46,30,16,19,62,49,111
71106,CUATRO CAÑADAS,desnutricion global,desnutricion leve (l),2005-12-01,16,8,9,13,25,21,46
31405,CUCHUMUELA (V. G. VILLARROEL),desnutricion global,desnutricion leve (l),2005-12-01,2,2,2,0,4,2,6
70704,CUEVO,desnutricion global,desnutricion leve (l),2005-12-01,0,5,7,3,7,8,15
10902,CULPINA,desnutricion global,desnutricion leve (l),2005-12-01,89,101,118,117,207,218,425
40401,CURAHUARA DE CARANGAS,desnutricion global,desnutricion leve (l),2005-12-01,6,3,11,11,17,14,31
21602,CURVA,desnutricion global,desnutricion leve (l),2005-12-01,7,5,18,14,25,19,44
20804,DESAGUADERO,desnutricion global,desnutricion leve (l),2005-12-01,4,6,1,1,5,7,12
20105,EL ALTO,desnutricion global,desnutricion leve (l),2005-12-01,818,686,492,486,1310,1172,2482
40103,EL CHORO,desnutricion global,desnutricion leve (l),2005-12-01,4,3,2,1,6,4,10
60502,EL PUENTE(TJA),desnutricion global,desnutricion leve (l),2005-12-01,6,19,35,74,41,93,134
70105,EL TORNO,desnutricion global,desnutricion leve (l),2005-12-01,32,32,38,22,70,54,124
10405,EL VILLAR,desnutricion global,desnutricion leve (l),2005-12-01,7,10,27,38,34,48,82
60601,ENTRE RIOS,desnutricion global,desnutricion leve (l),2005-12-01,24,24,41,46,65,70,135
60601,ENTRE RIOS,desnutricion global,desnutricion leve (l),2005-12-01,49,44,48,30,97,74,171
40502,ESCARA,desnutricion global,desnutricion leve (l),2005-12-01,0,1,0,0,0,1,1
41101,EUCALIPTUS,desnutricion global,desnutricion leve (l),2005-12-01,3,4,5,1,8,5,13
80402,EXALTACION,desnutricion global,desnutricion leve (l),2005-12-01,2,2,2,4,4,6,10
71004,FERNANDEZ ALONSO,desnutricion global,desnutricion leve (l),2005-12-01,16,16,5,17,21,33,54
90203,FILADELFIA,desnutricion global,desnutricion leve (l),2005-12-01,4,3,5,3,9,6,15
71002,GENERAL SAAVEDRA,desnutricion global,desnutricion leve (l),2005-12-01,15,20,16,23,31,43,74
21601,GRAL. J.J. PEREZ (CHARAZANI),desnutricion global,desnutricion leve (l),2005-12-01,15,18,26,32,41,50,91
20602,GUANAY,desnutricion global,desnutricion leve (l),2005-12-01,13,13,17,14,30,27,57
20802,GUAQUI,desnutricion global,desnutricion leve (l),2005-12-01,5,3,4,3,9,6,15
80202,GUAYARAMERIN,desnutricion global,desnutricion leve (l),2005-12-01,53,53,35,47,88,100,188
70705,GUTIERREZ,desnutricion global,desnutricion leve (l),2005-12-01,39,39,97,86,136,125,261
10502,HUACARETA,desnutricion global,desnutricion leve (l),2005-12-01,24,22,24,23,48,45,93
11002,HUACAYA (VILLA DE HUACAYA),desnutricion global,desnutricion leve (l),2005-12-01,6,6,18,15,24,21,45
40501,HUACHACALLA,desnutricion global,desnutricion leve (l),2005-12-01,0,1,0,0,0,1,1
40701,HUANUNI,desnutricion global,desnutricion leve (l),2005-12-01,29,19,18,23,47,42,89
80803,HUARACAJE,desnutricion global,desnutricion leve (l),2005-12-01,2,6,0,2,2,8,10
41601,HUAYLLAMARCA,desnutricion global,desnutricion leve (l),2005-12-01,0,3,2,3,2,6,8
21005,ICHOCA,desnutricion global,desnutricion leve (l),2005-12-01,9,8,13,9,22,17,39
10304,ICLA,desnutricion global,desnutricion leve (l),2005-12-01,70,59,131,107,201,166,367
10703,INCAHUASI,desnutricion global,desnutricion leve (l),2005-12-01,98,86,116,142,214,228,442
90402,INGAVI (HUMAITA),desnutricion global,desnutricion leve (l),2005-12-01,2,2,6,1,8,3,11
21001,INQUISIVI,desnutricion global,desnutricion leve (l),2005-12-01,42,37,52,40,94,77,171
21102,IRUPANA (VILLA DE LANZA),desnutricion global,desnutricion leve (l),2005-12-01,6,12,12,20,18,32,50
21501,IXIAMAS,desnutricion global,desnutricion leve (l),2005-12-01,8,7,16,10,24,17,41
20806,JESUS DE MACHACA,desnutricion global,desnutricion leve (l),2005-12-01,25,21,15,12,40,33,73
21105,LA ASUNTA,desnutricion global,desnutricion leve (l),2005-12-01,17,11,8,10,25,21,46
70104,LA GUARDIA,desnutricion global,desnutricion leve (l),2005-12-01,37,38,25,29,62,67,129
20101,LA PAZ,desnutricion global,desnutricion leve (l),2005-12-01,509,502,306,329,815,831,1646
70701,LAGUNILLAS,desnutricion global,desnutricion leve (l),2005-12-01,10,12,24,24,34,36,70
21202,LAJA,desnutricion global,desnutricion leve (l),2005-12-01,12,9,12,8,24,17,41
10903,LAS CARRERAS,desnutricion global,desnutricion leve (l),2005-12-01,9,14,26,37,35,51,86
21006,LICOMA PAMPA,desnutricion global,desnutricion leve (l),2005-12-01,4,2,1,0,5,2,7
50203,LLALLAGUA,desnutricion global,desnutricion leve (l),2005-12-01,59,38,54,58,113,96,209
51401,LLICA,desnutricion global,desnutricion leve (l),2005-12-01,1,2,5,4,6,6,12
80601,LORETO,desnutricion global,desnutricion leve (l),2005-12-01,4,5,7,8,11,13,24
20901,LURIBAY,desnutricion global,desnutricion leve (l),2005-12-01,28,28,30,41,58,69,127
40702,MACHACAMARCA,desnutricion global,desnutricion leve (l),2005-12-01,1,4,2,1,3,5,8
11003,MACHARETI,desnutricion global,desnutricion leve (l),2005-12-01,12,22,27,32,39,54,93
80801,MAGDALENA,desnutricion global,desnutricion leve (l),2005-12-01,2,5,6,3,8,8,16
70903,MAIRANA,desnutricion global,desnutricion leve (l),2005-12-01,7,6,8,4,15,10,25
20904,MALLA,desnutricion global,desnutricion leve (l),2005-12-01,5,6,14,15,19,21,40
20607,MAPIRI,desnutricion global,desnutricion leve (l),2005-12-01,19,19,9,6,28,25,53
20103,MECAPACA,desnutricion global,desnutricion leve (l),2005-12-01,14,10,16,12,30,22,52
71003,MINEROS,desnutricion global,desnutricion leve (l),2005-12-01,23,22,11,21,34,43,77
31301,MIZQUE,desnutricion global,desnutricion leve (l),2005-12-01,39,37,42,30,81,67,148
20402,MOCOMOCO,desnutricion global,desnutricion leve (l),2005-12-01,17,13,20,16,37,29,66
51002,MOJINETE,desnutricion global,desnutricion leve (l),2005-12-01,1,2,4,2,5,4,9
10303,MOJOCOYA,desnutricion global,desnutricion leve (l),2005-12-01,20,21,31,35,51,56,107
10501,MONTEAGUDO,desnutricion global,desnutricion leve (l),2005-12-01,65,43,93,94,158,137,295
71001,MONTERO,desnutricion global,desnutricion leve (l),2005-12-01,200,165,139,141,339,306,645
70803,MORO MORO,desnutricion global,desnutricion leve (l),2005-12-01,5,0,3,4,8,4,12
30302,MOROCHATA,desnutricion global,desnutricion leve (l),2005-12-01,44,33,38,44,82,77,159
90401,NACEBE (SANTA ROSA DEL ABUNA),desnutricion global,desnutricion leve (l),2005-12-01,1,1,2,1,3,2,5
90501,NUEVO MANOA (NUEVA ESPERANZA),desnutricion global,desnutricion leve (l),2005-12-01,7,5,12,4,19,9,28
50404,OCURI,desnutricion global,desnutricion leve (l),2005-12-01,51,55,97,91,148,146,294
70202,OKINAWA,desnutricion global,desnutricion leve (l),2005-12-01,4,13,4,8,8,21,29
30203,OMEREQUE,desnutricion global,desnutricion leve (l),2005-12-01,2,4,8,8,10,12,22
40101,ORURO,desnutricion global,desnutricion leve (l),2005-12-01,305,259,188,179,493,438,931
60201,PADCAYA,desnutricion global,desnutricion leve (l),2005-12-01,17,20,22,38,39,58,97
10401,PADILLA,desnutricion global,desnutricion leve (l),2005-12-01,37,57,106,97,143,154,297
20102,PALCA,desnutricion global,desnutricion leve (l),2005-12-01,13,10,3,1,16,11,27
21104,PALOS BLANCOS,desnutricion global,desnutricion leve (l),2005-12-01,48,45,47,50,95,95,190
40802,PAMPA AULLAGAS,desnutricion global,desnutricion leve (l),2005-12-01,5,5,7,7,12,12,24
70902,PAMPA GRANDE,desnutricion global,desnutricion leve (l),2005-12-01,10,12,3,6,13,18,31
21802,PAPEL PAMPA,desnutricion global,desnutricion leve (l),2005-12-01,7,11,5,7,12,18,30
30202,PASORAPA,desnutricion global,desnutricion leve (l),2005-12-01,14,14,13,16,27,30,57
21305,PATACAMAYA,desnutricion global,desnutricion leve (l),2005-12-01,16,20,19,16,35,36,71
40602,PAZÑA,desnutricion global,desnutricion leve (l),2005-12-01,11,2,11,10,22,12,34
20702,PELECHUCO,desnutricion global,desnutricion leve (l),2005-12-01,15,7,14,13,29,20,49
50403,POCOATA,desnutricion global,desnutricion leve (l),2005-12-01,46,60,86,91,132,151,283
31203,POCONA,desnutricion global,desnutricion leve (l),2005-12-01,29,16,53,45,82,61,143
31202,POJO (CBBA),desnutricion global,desnutricion leve (l),2005-12-01,11,7,10,11,21,18,39
40601,POOPO,desnutricion global,desnutricion leve (l),2005-12-01,6,8,5,8,11,16,27
51203,PORCO,desnutricion global,desnutricion leve (l),2005-12-01,12,13,9,8,21,21,42
10103,POROMA,desnutricion global,desnutricion leve (l),2005-12-01,52,58,71,74,123,132,255
70103,PORONGO,desnutricion global,desnutricion leve (l),2005-12-01,0,3,0,4,0,7,7
70601,PORTACHUELO,desnutricion global,desnutricion leve (l),2005-12-01,18,13,25,22,43,35,78
90102,PORVENIR,desnutricion global,desnutricion leve (l),2005-12-01,2,3,2,5,4,8,12
70804,POSTRER VALLE,desnutricion global,desnutricion leve (l),2005-12-01,4,2,1,3,5,5,10
50101,POTOSI,desnutricion global,desnutricion leve (l),2005-12-01,298,231,152,127,450,358,808
10302,PRESTO,desnutricion global,desnutricion leve (l),2005-12-01,34,33,56,39,90,72,162
70805,PUCARA,desnutricion global,desnutricion leve (l),2005-12-01,0,1,5,5,5,6,11
21201,PUCARANI,desnutricion global,desnutricion leve (l),2005-12-01,30,33,25,22,55,55,110
20401,PUERTO ACOSTA,desnutricion global,desnutricion leve (l),2005-12-01,22,26,14,21,36,47,83
20403,PUERTO CARABUCO,desnutricion global,desnutricion leve (l),2005-12-01,17,19,15,21,32,40,72
90301,PUERTO GONZALO MORENO,desnutricion global,desnutricion leve (l),2005-12-01,21,20,21,20,42,40,82
21204,PUERTO PEREZ,desnutricion global,desnutricion leve (l),2005-12-01,3,4,7,4,10,8,18
90201,PUERTO RICO,desnutricion global,desnutricion leve (l),2005-12-01,3,2,8,6,11,8,19
31205,PUERTO VILLARROEL,desnutricion global,desnutricion leve (l),2005-12-01,64,71,51,63,115,134,249
51101,PUNA,desnutricion global,desnutricion leve (l),2005-12-01,39,54,87,77,126,131,257
31401,PUNATA,desnutricion global,desnutricion leve (l),2005-12-01,39,57,38,28,77,85,162
20604,QUIABAYA,desnutricion global,desnutricion leve (l),2005-12-01,1,1,1,0,2,1,3
30901,QUILLACOLLO,desnutricion global,desnutricion leve (l),2005-12-01,107,82,75,81,182,163,345
21002,QUIME,desnutricion global,desnutricion leve (l),2005-12-01,11,9,11,7,22,16,38
70904,QUIRUSILLAS,desnutricion global,desnutricion leve (l),2005-12-01,0,2,0,3,0,5,5
50402,RAVELO,desnutricion global,desnutricion leve (l),2005-12-01,113,108,122,127,235,235,470
80301,REYES,desnutricion global,desnutricion leve (l),2005-12-01,20,25,24,16,44,41,85
80201,RIBERALTA,desnutricion global,desnutricion leve (l),2005-12-01,174,223,114,127,288,350,638
80304,RURRENABAQUE,desnutricion global,desnutricion leve (l),2005-12-01,11,13,6,6,17,19,36
40901,SABAYA,desnutricion global,desnutricion leve (l),2005-12-01,4,3,1,5,5,8,13
31001,SACABA,desnutricion global,desnutricion leve (l),2005-12-01,92,80,71,77,163,157,320
30404,SACABAMBA,desnutricion global,desnutricion leve (l),2005-12-01,9,19,7,11,16,30,46
50701,SACACA,desnutricion global,desnutricion leve (l),2005-12-01,182,178,318,291,500,469,969
71302,SAIPINA,desnutricion global,desnutricion leve (l),2005-12-01,8,11,8,15,16,26,42
40801,SALINAS DE GARCI MENDOZA,desnutricion global,desnutricion leve (l),2005-12-01,15,10,11,12,26,22,48
70901,SAMAIPATA,desnutricion global,desnutricion leve (l),2005-12-01,14,11,18,7,32,18,50
51601,SAN AGUSTIN,desnutricion global,desnutricion leve (l),2005-12-01,2,4,0,12,2,16,18
80602,SAN ANDRES,desnutricion global,desnutricion leve (l),2005-12-01,11,13,12,8,23,21,44
20805,SAN ANDRES DE MACHACA,desnutricion global,desnutricion leve (l),2005-12-01,5,5,1,7,6,12,18
51003,SAN ANTONIO DE ESMORUCO,desnutricion global,desnutricion leve (l),2005-12-01,0,0,2,0,2,0,2
71105,SAN ANTONIO DE LOMERIO,desnutricion global,desnutricion leve (l),2005-12-01,21,18,39,40,60,58,118
31403,SAN BENITO,desnutricion global,desnutricion leve (l),2005-12-01,18,10,34,31,52,41,93
80302,SAN BORJA,desnutricion global,desnutricion leve (l),2005-12-01,74,57,33,48,107,105,212
21502,SAN BUENA VENTURA,desnutricion global,desnutricion leve (l),2005-12-01,11,13,20,20,31,33,64
70402,SAN CARLOS,desnutricion global,desnutricion leve (l),2005-12-01,20,18,12,15,32,33,65
80501,SAN IGNACIO,desnutricion global,desnutricion leve (l),2005-12-01,24,30,40,30,64,60,124
70301,SAN IGNACIO DE VELASCO,desnutricion global,desnutricion leve (l),2005-12-01,94,111,77,92,171,203,374
80102,SAN JAVIER(BNI),desnutricion global,desnutricion leve (l),2005-12-01,6,5,4,8,10,13,23
80701,SAN JOAQUIN,desnutricion global,desnutricion leve (l),2005-12-01,1,0,3,3,4,3,7
70404,SAN JUAN DE YAPACANI,desnutricion global,desnutricion leve (l),2005-12-01,7,7,12,10,19,17,36
71104,SAN JULIAN,desnutricion global,desnutricion leve (l),2005-12-01,8,11,11,11,19,22,41
90302,SAN LORENZO(PND),desnutricion global,desnutricion leve (l),2005-12-01,16,15,14,18,30,33,63
60501,SAN LORENZO(TJA),desnutricion global,desnutricion leve (l),2005-12-01,22,23,35,40,57,63,120
10702,SAN LUCAS,desnutricion global,desnutricion leve (l),2005-12-01,185,197,245,273,430,470,900
70302,SAN MIGUEL DE VELASCO,desnutricion global,desnutricion leve (l),2005-12-01,13,7,9,18,22,25,47
51001,SAN PABLO DE LIPEZ,desnutricion global,desnutricion leve (l),2005-12-01,3,9,14,16,17,25,42
71005,SAN PEDRO,desnutricion global,desnutricion leve (l),2005-12-01,30,31,16,32,46,63,109
50501,SAN PEDRO DE BUENA VISTA,desnutricion global,desnutricion leve (l),2005-12-01,93,83,135,111,228,194,422
21801,SAN PEDRO DE CURAHUARA,desnutricion global,desnutricion leve (l),2005-12-01,2,5,2,2,4,7,11
50902,SAN PEDRO DE QUEMES,desnutricion global,desnutricion leve (l),2005-12-01,0,2,0,1,0,3,3
21702,SAN PEDRO DE TIQUINA,desnutricion global,desnutricion leve (l),2005-12-01,4,1,1,4,5,5,10
90202,SAN PEDRO(PND),desnutricion global,desnutricion leve (l),2005-12-01,3,6,6,12,9,18,27
70303,SAN RAFAEL,desnutricion global,desnutricion leve (l),2005-12-01,11,8,3,7,14,15,29
80702,SAN RAMON,desnutricion global,desnutricion leve (l),2005-12-01,5,6,2,2,7,8,15
80702,SAN RAMON,desnutricion global,desnutricion leve (l),2005-12-01,5,4,3,1,8,5,13
80401,SANTA ANA,desnutricion global,desnutricion leve (l),2005-12-01,7,10,3,7,10,17,27
70101,SANTA CRUZ DE LA SIERRA,desnutricion global,desnutricion leve (l),2005-12-01,488,424,238,321,726,745,1471
80303,SANTA ROSA,desnutricion global,desnutricion leve (l),2005-12-01,22,17,17,11,39,28,67
70602,SANTA ROSA DEL SARA,desnutricion global,desnutricion leve (l),2005-12-01,20,9,14,24,34,33,67
20308,SANTIAGO DE CALLAPA,desnutricion global,desnutricion leve (l),2005-12-01,0,4,5,2,5,6,11
41401,SANTIAGO DE HUARI,desnutricion global,desnutricion leve (l),2005-12-01,8,4,11,12,19,16,35
21901,SANTIAGO DE MACHACA,desnutricion global,desnutricion leve (l),2005-12-01,7,4,13,9,20,13,33
30702,SANTIVAÑES,desnutricion global,desnutricion leve (l),2005-12-01,15,11,19,15,34,26,60
40202,SANTUARIO DE QUILLACAS,desnutricion global,desnutricion leve (l),2005-12-01,9,7,9,9,18,16,34
20902,SAPAHAQUI,desnutricion global,desnutricion leve (l),2005-12-01,27,25,28,26,55,51,106
90303,SENA,desnutricion global,desnutricion leve (l),2005-12-01,6,7,1,2,7,9,16
21301,SICA SICA (VILLA AROMA),desnutricion global,desnutricion leve (l),2005-12-01,20,26,15,13,35,39,74
30703,SICAYA,desnutricion global,desnutricion leve (l),2005-12-01,12,5,4,4,16,9,25
30902,SIPE SIPE,desnutricion global,desnutricion leve (l),2005-12-01,71,73,34,29,105,102,207
10403,SOPACHUY,desnutricion global,desnutricion leve (l),2005-12-01,12,10,21,18,33,28,61
40104,SORACACHI,desnutricion global,desnutricion leve (l),2005-12-01,10,10,18,17,28,27,55
20601,SORATA,desnutricion global,desnutricion leve (l),2005-12-01,12,21,21,23,33,44,77
10101,SUCRE,desnutricion global,desnutricion leve (l),2005-12-01,245,188,217,235,462,423,885
31404,TACACHI,desnutricion global,desnutricion leve (l),2005-12-01,3,4,2,5,5,9,14
20603,TACACOMA,desnutricion global,desnutricion leve (l),2005-12-01,4,2,2,1,6,3,9
50303,TACOBAMBA,desnutricion global,desnutricion leve (l),2005-12-01,12,18,18,8,30,26,56
30602,TACOPAYA,desnutricion global,desnutricion leve (l),2005-12-01,36,47,44,58,80,105,185
51402,TAHUA,desnutricion global,desnutricion leve (l),2005-12-01,2,0,0,1,2,1,3
31101,TAPACARI,desnutricion global,desnutricion leve (l),2005-12-01,47,47,36,36,83,83,166
10601,TARABUCO,desnutricion global,desnutricion leve (l),2005-12-01,143,122,248,237,391,359,750
20807,TARACO,desnutricion global,desnutricion leve (l),2005-12-01,1,1,0,2,1,3,4
30401,TARATA,desnutricion global,desnutricion leve (l),2005-12-01,4,12,3,4,7,16,23
60101,TARIJA,desnutricion global,desnutricion leve (l),2005-12-01,145,126,116,145,261,271,532
10202,TARVITA,desnutricion global,desnutricion leve (l),2005-12-01,23,20,49,51,72,71,143
20608,TEOPONTE,desnutricion global,desnutricion leve (l),2005-12-01,4,6,0,1,4,7,11
20803,TIAWANACU,desnutricion global,desnutricion leve (l),2005-12-01,4,2,1,2,5,4,9
50102,TINGUIPAYA,desnutricion global,desnutricion leve (l),2005-12-01,39,43,53,55,92,98,190
20606,TIPUANI,desnutricion global,desnutricion leve (l),2005-12-01,12,6,5,4,17,10,27
30903,TIQUIPAYA,desnutricion global,desnutricion leve (l),2005-12-01,33,26,27,17,60,43,103
31601,TIRAQUE (CBBA),desnutricion global,desnutricion leve (l),2005-12-01,73,79,56,38,129,117,246
21703,TITO YUPANQUI (PARQUIPUJIO),desnutricion global,desnutricion leve (l),2005-12-01,1,2,2,0,3,2,5
30802,TOCO,desnutricion global,desnutricion leve (l),2005-12-01,3,4,2,2,5,6,11
30803,TOLATA,desnutricion global,desnutricion leve (l),2005-12-01,2,4,0,1,2,5,7
41001,TOLEDO,desnutricion global,desnutricion leve (l),2005-12-01,6,4,3,4,9,8,17
51202,TOMAVE,desnutricion global,desnutricion leve (l),2005-12-01,35,28,47,28,82,56,138
10402,TOMINA,desnutricion global,desnutricion leve (l),2005-12-01,62,42,77,109,139,151,290
50502,TORO TORO,desnutricion global,desnutricion leve (l),2005-12-01,58,48,78,96,136,144,280
31201,TOTORA(CBBA),desnutricion global,desnutricion leve (l),2005-12-01,26,18,27,12,53,30,83
41301,TOTORA(ORR),desnutricion global,desnutricion leve (l),2005-12-01,3,4,8,7,11,11,22
70802,TRIGAL,desnutricion global,desnutricion leve (l),2005-12-01,1,0,0,1,1,1,2
80101,TRINIDAD,desnutricion global,desnutricion leve (l),2005-12-01,111,81,51,53,162,134,296
50801,TUPIZA,desnutricion global,desnutricion leve (l),2005-12-01,62,67,97,102,159,169,328
40402,TURCO,desnutricion global,desnutricion leve (l),2005-12-01,0,0,1,1,1,1,2
21302,UMALA,desnutricion global,desnutricion leve (l),2005-12-01,10,3,12,16,22,19,41
50201,UNCIA,desnutricion global,desnutricion leve (l),2005-12-01,35,34,65,57,100,91,191
60401,URIONDO (A. CONCEPCION),desnutricion global,desnutricion leve (l),2005-12-01,25,28,33,51,58,79,137
51201,UYUNI,desnutricion global,desnutricion leve (l),2005-12-01,23,18,20,23,43,41,84
30502,VACAS,desnutricion global,desnutricion leve (l),2005-12-01,22,13,12,21,34,34,68
70801,VALLEGRANDE,desnutricion global,desnutricion leve (l),2005-12-01,11,16,16,12,27,28,55
20801,VIACHA,desnutricion global,desnutricion leve (l),2005-12-01,32,26,25,27,57,53,110
31302,VILA VILA,desnutricion global,desnutricion leve (l),2005-12-01,7,8,8,11,15,19,34
60303,VILLA MONTES,desnutricion global,desnutricion leve (l),2005-12-01,30,21,21,20,51,41,92
90502,VILLA NUEVA (LOMA ALTA),desnutricion global,desnutricion leve (l),2005-12-01,5,4,1,4,6,8,14
31402,VILLA RIVERO,desnutricion global,desnutricion leve (l),2005-12-01,5,7,4,9,9,16,25
10801,VILLA SERRANO,desnutricion global,desnutricion leve (l),2005-12-01,60,32,104,108,164,140,304
31003,VILLA TUNARI,desnutricion global,desnutricion leve (l),2005-12-01,121,120,131,153,252,273,525
11001,VILLA VACA GUZMAN (MUYUPAMPA),desnutricion global,desnutricion leve (l),2005-12-01,26,22,52,59,78,81,159
51501,VILLAZON,desnutricion global,desnutricion leve (l),2005-12-01,72,72,49,59,121,131,252
30904,VINTO,desnutricion global,desnutricion leve (l),2005-12-01,30,34,14,10,44,44,88
50602,VITICHI,desnutricion global,desnutricion leve (l),2005-12-01,12,19,10,33,22,52,74
20306,WALDO BALLIVIAN,desnutricion global,desnutricion leve (l),2005-12-01,5,3,0,3,5,6,11
70201,WARNES,desnutricion global,desnutricion leve (l),2005-12-01,53,55,30,45,83,100,183
20903,YACO,desnutricion global,desnutricion leve (l),2005-12-01,25,25,10,16,35,41,76
60301,YACUIBA,desnutricion global,desnutricion leve (l),2005-12-01,55,50,44,47,99,97,196
10602,YAMPARAEZ,desnutricion global,desnutricion leve (l),2005-12-01,54,38,114,114,168,152,320
21103,YANACACHI,desnutricion global,desnutricion leve (l),2005-12-01,0,0,0,2,0,2,2
70403,YAPACANI,desnutricion global,desnutricion leve (l),2005-12-01,76,59,44,59,120,118,238
50103,YOCALLA,desnutricion global,desnutricion leve (l),2005-12-01,3,8,11,16,14,24,38
10102,YOTALA,desnutricion global,desnutricion leve (l),2005-12-01,18,26,38,53,56,79,135
60402,YUNCHARA,desnutricion global,desnutricion leve (l),2005-12-01,13,20,56,38,69,58,127
10301,ZUDAÑEZ,desnutricion global,desnutricion leve (l),2005-12-01,28,25,51,58,79,83,162
51302,ACACIO,desnutricion global,desnutricion leve (l),2006-01-01,23,10,18,28,41,38,79
20201,ACHACACHI,desnutricion global,desnutricion leve (l),2006-01-01,38,38,47,65,85,103,188
20104,ACHOCALLA,desnutricion global,desnutricion leve (l),2006-01-01,6,4,4,8,10,12,22
30201,AIQUILE,desnutricion global,desnutricion leve (l),2006-01-01,31,28,13,29,44,57,101
31303,ALALAY,desnutricion global,desnutricion leve (l),2006-01-01,0,4,0,2,0,6,6
10404,ALCALA,desnutricion global,desnutricion leve (l),2006-01-01,12,13,32,24,44,37,81
20202,ANCORAIMES,desnutricion global,desnutricion leve (l),2006-01-01,31,36,46,71,77,107,184
41201,ANDAMARCA,desnutricion global,desnutricion leve (l),2006-01-01,3,0,5,2,8,2,10
30402,ANZALDO,desnutricion global,desnutricion leve (l),2006-01-01,9,5,11,9,20,14,34
20701,APOLO,desnutricion global,desnutricion leve (l),2006-01-01,19,23,17,15,36,38,74
51301,ARAMPAMPA,desnutricion global,desnutricion leve (l),2006-01-01,12,16,24,24,36,40,76
30501,ARANI,desnutricion global,desnutricion leve (l),2006-01-01,3,6,9,6,12,12,24
30403,ARBIETO,desnutricion global,desnutricion leve (l),2006-01-01,9,5,4,10,13,15,28
30601,ARQUE,desnutricion global,desnutricion leve (l),2006-01-01,29,30,23,25,52,55,107
50802,ATOCHA,desnutricion global,desnutricion leve (l),2006-01-01,30,30,33,24,63,54,117
20503,AUCAPATA,desnutricion global,desnutricion leve (l),2006-01-01,12,4,10,2,22,6,28
20502,AYATA,desnutricion global,desnutricion leve (l),2006-01-01,31,21,18,26,49,47,96
21303,AYO AYO,desnutricion global,desnutricion leve (l),2006-01-01,15,3,10,3,25,6,31
30301,AYOPAYA (V. DE INDEPENDENCIA),desnutricion global,desnutricion leve (l),2006-01-01,50,31,58,38,108,69,177
10201,AZURDUY,desnutricion global,desnutricion leve (l),2006-01-01,29,33,64,70,93,103,196
21203,BATALLAS,desnutricion global,desnutricion leve (l),2006-01-01,19,14,8,7,27,21,48
80802,BAURES,desnutricion global,desnutricion leve (l),2006-01-01,4,8,4,6,8,14,22
41202,BELEN DE ANDAMARCA,desnutricion global,desnutricion leve (l),2006-01-01,1,1,4,0,5,1,6
50104,BELEN DE URMIRI,desnutricion global,desnutricion leve (l),2006-01-01,2,2,4,5,6,7,13
90104,BELLA FLOR,desnutricion global,desnutricion leve (l),2006-01-01,5,5,1,5,6,10,16
60202,BERMEJO,desnutricion global,desnutricion leve (l),2006-01-01,10,9,6,4,16,13,29
50301,BETANZOS,desnutricion global,desnutricion leve (l),2006-01-01,64,78,126,133,190,211,401
31501,BOLIVAR,desnutricion global,desnutricion leve (l),2006-01-01,43,40,45,39,88,79,167
90103,BOLPEBRA,desnutricion global,desnutricion leve (l),2006-01-01,1,2,1,3,2,5,7
70707,BOYUIBE,desnutricion global,desnutricion leve (l),2006-01-01,5,8,4,7,9,15,24
70401,BUENA VISTA,desnutricion global,desnutricion leve (l),2006-01-01,19,8,11,21,30,29,59
70703,CABEZAS,desnutricion global,desnutricion leve (l),2006-01-01,21,23,38,14,59,37,96
20905,CAIROMA,desnutricion global,desnutricion leve (l),2006-01-01,41,47,36,43,77,90,167
51102,"CAIZA ""D""",desnutricion global,desnutricion leve (l),2006-01-01,10,13,30,24,40,37,77
21003,CAJUATA,desnutricion global,desnutricion leve (l),2006-01-01,16,14,15,23,31,37,68
20303,CALACOTO,desnutricion global,desnutricion leve (l),2006-01-01,8,7,4,14,12,21,33
21304,CALAMARCA,desnutricion global,desnutricion leve (l),2006-01-01,88,64,50,65,138,129,267
10701,CAMARGO,desnutricion global,desnutricion leve (l),2006-01-01,53,45,58,71,111,116,227
10901,CAMATAQUI (C. VILLA ABECIA),desnutricion global,desnutricion leve (l),2006-01-01,9,8,20,23,29,31,60
70706,CAMIRI,desnutricion global,desnutricion leve (l),2006-01-01,45,36,45,41,90,77,167
30701,CAPINOTA,desnutricion global,desnutricion leve (l),2006-01-01,27,33,18,20,45,53,98
20302,CAQUIAVIRI,desnutricion global,desnutricion leve (l),2006-01-01,4,6,5,6,9,12,21
40102,CARACOLLO,desnutricion global,desnutricion leve (l),2006-01-01,12,2,9,11,21,13,34
22001,CARANAVI,desnutricion global,desnutricion leve (l),2006-01-01,78,65,48,74,126,139,265
60302,CARAPARI,desnutricion global,desnutricion leve (l),2006-01-01,13,7,9,10,22,17,39
50702,CARIPUYO,desnutricion global,desnutricion leve (l),2006-01-01,32,37,64,59,96,96,192
71403,CARMEN RIVERO TORREZ,desnutricion global,desnutricion leve (l),2006-01-01,2,4,3,3,5,7,12
21902,CATACORA,desnutricion global,desnutricion leve (l),2006-01-01,0,0,2,0,2,0,2
21803,CHACARILLA,desnutricion global,desnutricion leve (l),2006-01-01,0,0,0,2,0,2,2
40201,CHALLAPATA,desnutricion global,desnutricion leve (l),2006-01-01,33,34,42,46,75,80,155
50302,CHAQUI,desnutricion global,desnutricion leve (l),2006-01-01,14,16,15,25,29,41,70
70702,CHARAGUA,desnutricion global,desnutricion leve (l),2006-01-01,55,42,35,51,90,93,183
20305,CHARAÑA,desnutricion global,desnutricion leve (l),2006-01-01,4,3,2,9,6,12,18
50202,CHAYANTA,desnutricion global,desnutricion leve (l),2006-01-01,29,20,42,48,71,68,139
31204,CHIMORE,desnutricion global,desnutricion leve (l),2006-01-01,11,31,18,15,29,46,75
40903,CHIPAYA,desnutricion global,desnutricion leve (l),2006-01-01,4,3,3,6,7,9,16
40302,CHOQUE COTA,desnutricion global,desnutricion leve (l),2006-01-01,1,2,1,3,2,5,7
21101,CHULUMANI (V. DE LA LIBERTAD),desnutricion global,desnutricion leve (l),2006-01-01,5,3,5,7,10,10,20
20501,CHUMA,desnutricion global,desnutricion leve (l),2006-01-01,22,16,21,28,43,44,87
30801,CLIZA,desnutricion global,desnutricion leve (l),2006-01-01,23,21,12,15,35,36,71
90101,COBIJA,desnutricion global,desnutricion leve (l),2006-01-01,56,45,32,51,88,96,184
30101,COCHABAMBA,desnutricion global,desnutricion leve (l),2006-01-01,293,292,214,226,507,518,1025
30905,COLCAPIRHUA,desnutricion global,desnutricion leve (l),2006-01-01,36,39,31,37,67,76,143
50901,"COLCHA ""K""",desnutricion global,desnutricion leve (l),2006-01-01,4,11,3,19,7,30,37
21307,COLLANA,desnutricion global,desnutricion leve (l),2006-01-01,2,1,0,4,2,5,7
31002,COLOMI,desnutricion global,desnutricion leve (l),2006-01-01,40,19,23,32,63,51,114
70603,COLPA BELGICA,desnutricion global,desnutricion leve (l),2006-01-01,7,3,7,6,14,9,23
50401,COLQUECHACA,desnutricion global,desnutricion leve (l),2006-01-01,52,58,61,68,113,126,239
21306,COLQUENCHA,desnutricion global,desnutricion leve (l),2006-01-01,15,17,37,20,52,37,89
21004,COLQUIRI,desnutricion global,desnutricion leve (l),2006-01-01,40,36,32,37,72,73,145
20304,COMANCHE,desnutricion global,desnutricion leve (l),2006-01-01,4,1,1,0,5,1,6
71301,COMARAPA,desnutricion global,desnutricion leve (l),2006-01-01,39,29,28,22,67,51,118
20605,COMBAYA,desnutricion global,desnutricion leve (l),2006-01-01,1,1,3,0,4,1,5
71101,CONCEPCION,desnutricion global,desnutricion leve (l),2006-01-01,13,7,2,4,15,11,26
21701,COPACABANA,desnutricion global,desnutricion leve (l),2006-01-01,16,12,9,22,25,34,59
21402,CORIPATA,desnutricion global,desnutricion leve (l),2006-01-01,22,10,14,10,36,20,56
20301,CORO CORO,desnutricion global,desnutricion leve (l),2006-01-01,12,8,21,22,33,30,63
21401,COROICO,desnutricion global,desnutricion leve (l),2006-01-01,15,17,16,9,31,26,57
40301,CORQUE,desnutricion global,desnutricion leve (l),2006-01-01,11,7,11,11,22,18,40
50601,COTAGAITA,desnutricion global,desnutricion leve (l),2006-01-01,53,46,59,64,112,110,222
70102,COTOCA,desnutricion global,desnutricion leve (l),2006-01-01,48,42,21,16,69,58,127
71106,CUATRO CAÑADAS,desnutricion global,desnutricion leve (l),2006-01-01,16,15,17,19,33,34,67
31405,CUCHUMUELA (V. G. VILLARROEL),desnutricion global,desnutricion leve (l),2006-01-01,6,1,3,2,9,3,12
70704,CUEVO,desnutricion global,desnutricion leve (l),2006-01-01,5,14,10,6,15,20,35
10902,CULPINA,desnutricion global,desnutricion leve (l),2006-01-01,68,58,78,78,146,136,282
40401,CURAHUARA DE CARANGAS,desnutricion global,desnutricion leve (l),2006-01-01,6,3,8,5,14,8,22
21602,CURVA,desnutricion global,desnutricion leve (l),2006-01-01,3,0,5,0,8,0,8
20804,DESAGUADERO,desnutricion global,desnutricion leve (l),2006-01-01,5,4,12,5,17,9,26
20105,EL ALTO,desnutricion global,desnutricion leve (l),2006-01-01,876,708,493,504,1369,1212,2581
40103,EL CHORO,desnutricion global,desnutricion leve (l),2006-01-01,1,0,2,2,3,2,5
71503,EL PUENTE(STC),desnutricion global,desnutricion leve (l),2006-01-01,10,12,11,17,21,29,50
60502,EL PUENTE(TJA),desnutricion global,desnutricion leve (l),2006-01-01,10,14,39,41,49,55,104
70105,EL TORNO,desnutricion global,desnutricion leve (l),2006-01-01,27,30,20,34,47,64,111
10405,EL VILLAR,desnutricion global,desnutricion leve (l),2006-01-01,6,17,16,36,22,53,75
60601,ENTRE RIOS,desnutricion global,desnutricion leve (l),2006-01-01,20,21,33,33,53,54,107
60601,ENTRE RIOS,desnutricion global,desnutricion leve (l),2006-01-01,41,42,58,41,99,83,182
40502,ESCARA,desnutricion global,desnutricion leve (l),2006-01-01,0,0,0,1,0,1,1
41101,EUCALIPTUS,desnutricion global,desnutricion leve (l),2006-01-01,2,3,3,3,5,6,11
90503,EUREKA (SANTOS MERCADO),desnutricion global,desnutricion leve (l),2006-01-01,0,2,4,1,4,3,7
80402,EXALTACION,desnutricion global,desnutricion leve (l),2006-01-01,8,2,2,8,10,10,20
71004,FERNANDEZ ALONSO,desnutricion global,desnutricion leve (l),2006-01-01,6,18,24,15,30,33,63
90203,FILADELFIA,desnutricion global,desnutricion leve (l),2006-01-01,3,4,4,15,7,19,26
71002,GENERAL SAAVEDRA,desnutricion global,desnutricion leve (l),2006-01-01,20,19,20,28,40,47,87
21601,GRAL. J.J. PEREZ (CHARAZANI),desnutricion global,desnutricion leve (l),2006-01-01,15,26,22,29,37,55,92
20602,GUANAY,desnutricion global,desnutricion leve (l),2006-01-01,15,15,12,17,27,32,59
20802,GUAQUI,desnutricion global,desnutricion leve (l),2006-01-01,7,7,5,3,12,10,22
80202,GUAYARAMERIN,desnutricion global,desnutricion leve (l),2006-01-01,66,61,34,59,100,120,220
70705,GUTIERREZ,desnutricion global,desnutricion leve (l),2006-01-01,23,41,78,84,101,125,226
10502,HUACARETA,desnutricion global,desnutricion leve (l),2006-01-01,22,14,31,33,53,47,100
11002,HUACAYA (VILLA DE HUACAYA),desnutricion global,desnutricion leve (l),2006-01-01,6,4,12,19,18,23,41
40501,HUACHACALLA,desnutricion global,desnutricion leve (l),2006-01-01,0,0,1,2,1,2,3
40701,HUANUNI,desnutricion global,desnutricion leve (l),2006-01-01,35,21,24,11,59,32,91
80803,HUARACAJE,desnutricion global,desnutricion leve (l),2006-01-01,3,6,4,5,7,11,18
41601,HUAYLLAMARCA,desnutricion global,desnutricion leve (l),2006-01-01,3,3,4,6,7,9,16
21005,ICHOCA,desnutricion global,desnutricion leve (l),2006-01-01,9,10,11,15,20,25,45
10304,ICLA,desnutricion global,desnutricion leve (l),2006-01-01,65,47,118,100,183,147,330
10703,INCAHUASI,desnutricion global,desnutricion leve (l),2006-01-01,91,87,111,138,202,225,427
90402,INGAVI (HUMAITA),desnutricion global,desnutricion leve (l),2006-01-01,0,0,2,4,2,4,6
21001,INQUISIVI,desnutricion global,desnutricion leve (l),2006-01-01,34,46,32,52,66,98,164
21102,IRUPANA (VILLA DE LANZA),desnutricion global,desnutricion leve (l),2006-01-01,12,21,10,29,22,50,72
21501,IXIAMAS,desnutricion global,desnutricion leve (l),2006-01-01,16,13,6,10,22,23,45
20806,JESUS DE MACHACA,desnutricion global,desnutricion leve (l),2006-01-01,11,18,7,16,18,34,52
21105,LA ASUNTA,desnutricion global,desnutricion leve (l),2006-01-01,19,13,10,12,29,25,54
70104,LA GUARDIA,desnutricion global,desnutricion leve (l),2006-01-01,59,59,39,40,98,99,197
20101,LA PAZ,desnutricion global,desnutricion leve (l),2006-01-01,672,572,358,375,1030,947,1977
70701,LAGUNILLAS,desnutricion global,desnutricion leve (l),2006-01-01,8,17,16,17,24,34,58
21202,LAJA,desnutricion global,desnutricion leve (l),2006-01-01,14,10,14,10,28,20,48
10903,LAS CARRERAS,desnutricion global,desnutricion leve (l),2006-01-01,5,4,23,18,28,22,50
21006,LICOMA PAMPA,desnutricion global,desnutricion leve (l),2006-01-01,7,3,13,9,20,12,32
50203,LLALLAGUA,desnutricion global,desnutricion leve (l),2006-01-01,29,51,65,63,94,114,208
51401,LLICA,desnutricion global,desnutricion leve (l),2006-01-01,1,2,0,5,1,7,8
80601,LORETO,desnutricion global,desnutricion leve (l),2006-01-01,3,1,1,6,4,7,11
20901,LURIBAY,desnutricion global,desnutricion leve (l),2006-01-01,25,17,20,18,45,35,80
40702,MACHACAMARCA,desnutricion global,desnutricion leve (l),2006-01-01,2,3,1,5,3,8,11
11003,MACHARETI,desnutricion global,desnutricion leve (l),2006-01-01,14,17,40,36,54,53,107
80801,MAGDALENA,desnutricion global,desnutricion leve (l),2006-01-01,13,16,9,5,22,21,43
70903,MAIRANA,desnutricion global,desnutricion leve (l),2006-01-01,4,6,4,8,8,14,22
20904,MALLA,desnutricion global,desnutricion leve (l),2006-01-01,13,13,17,16,30,29,59
20607,MAPIRI,desnutricion global,desnutricion leve (l),2006-01-01,11,8,5,2,16,10,26
20103,MECAPACA,desnutricion global,desnutricion leve (l),2006-01-01,20,14,18,13,38,27,65
71003,MINEROS,desnutricion global,desnutricion leve (l),2006-01-01,34,27,10,20,44,47,91
31301,MIZQUE,desnutricion global,desnutricion leve (l),2006-01-01,39,31,35,51,74,82,156
20402,MOCOMOCO,desnutricion global,desnutricion leve (l),2006-01-01,18,7,27,32,45,39,84
51002,MOJINETE,desnutricion global,desnutricion leve (l),2006-01-01,0,4,0,1,0,5,5
10303,MOJOCOYA,desnutricion global,desnutricion leve (l),2006-01-01,21,22,30,29,51,51,102
10501,MONTEAGUDO,desnutricion global,desnutricion leve (l),2006-01-01,56,60,86,99,142,159,301
71001,MONTERO,desnutricion global,desnutricion leve (l),2006-01-01,188,174,123,132,311,306,617
70803,MORO MORO,desnutricion global,desnutricion leve (l),2006-01-01,1,0,1,2,2,2,4
30302,MOROCHATA,desnutricion global,desnutricion leve (l),2006-01-01,47,32,37,35,84,67,151
90401,NACEBE (SANTA ROSA DEL ABUNA),desnutricion global,desnutricion leve (l),2006-01-01,2,0,3,0,5,0,5
20307,NAZACARA DE PACAJES,desnutricion global,desnutricion leve (l),2006-01-01,0,0,2,1,2,1,3
90501,NUEVO MANOA (NUEVA ESPERANZA),desnutricion global,desnutricion leve (l),2006-01-01,9,3,11,7,20,10,30
50404,OCURI,desnutricion global,desnutricion leve (l),2006-01-01,37,59,81,91,118,150,268
70202,OKINAWA,desnutricion global,desnutricion leve (l),2006-01-01,5,11,7,12,12,23,35
30203,OMEREQUE,desnutricion global,desnutricion leve (l),2006-01-01,9,11,10,14,19,25,44
40101,ORURO,desnutricion global,desnutricion leve (l),2006-01-01,274,222,162,173,436,395,831
60201,PADCAYA,desnutricion global,desnutricion leve (l),2006-01-01,17,22,26,34,43,56,99
10401,PADILLA,desnutricion global,desnutricion leve (l),2006-01-01,28,41,70,70,98,111,209
70502,PAILON,desnutricion global,desnutricion leve (l),2006-01-01,0,33,34,1,34,34,68
20102,PALCA,desnutricion global,desnutricion leve (l),2006-01-01,4,10,7,2,11,12,23
21104,PALOS BLANCOS,desnutricion global,desnutricion leve (l),2006-01-01,39,39,29,30,68,69,137
40802,PAMPA AULLAGAS,desnutricion global,desnutricion leve (l),2006-01-01,5,1,3,5,8,6,14
70902,PAMPA GRANDE,desnutricion global,desnutricion leve (l),2006-01-01,9,4,10,10,19,14,33
21802,PAPEL PAMPA,desnutricion global,desnutricion leve (l),2006-01-01,1,0,2,0,3,0,3
30202,PASORAPA,desnutricion global,desnutricion leve (l),2006-01-01,9,11,8,8,17,19,36
21305,PATACAMAYA,desnutricion global,desnutricion leve (l),2006-01-01,39,40,23,27,62,67,129
40602,PAZÑA,desnutricion global,desnutricion leve (l),2006-01-01,11,6,5,1,16,7,23
20702,PELECHUCO,desnutricion global,desnutricion leve (l),2006-01-01,13,6,16,7,29,13,42
50403,POCOATA,desnutricion global,desnutricion leve (l),2006-01-01,30,53,47,61,77,114,191
31203,POCONA,desnutricion global,desnutricion leve (l),2006-01-01,19,17,15,9,34,26,60
31202,POJO (CBBA),desnutricion global,desnutricion leve (l),2006-01-01,9,7,10,7,19,14,33
40601,POOPO,desnutricion global,desnutricion leve (l),2006-01-01,6,3,4,4,10,7,17
51203,PORCO,desnutricion global,desnutricion leve (l),2006-01-01,8,11,8,3,16,14,30
10103,POROMA,desnutricion global,desnutricion leve (l),2006-01-01,28,28,43,41,71,69,140
70103,PORONGO,desnutricion global,desnutricion leve (l),2006-01-01,3,4,5,6,8,10,18
70601,PORTACHUELO,desnutricion global,desnutricion leve (l),2006-01-01,25,23,26,22,51,45,96
90102,PORVENIR,desnutricion global,desnutricion leve (l),2006-01-01,3,9,2,6,5,15,20
70804,POSTRER VALLE,desnutricion global,desnutricion leve (l),2006-01-01,3,2,4,4,7,6,13
50101,POTOSI,desnutricion global,desnutricion leve (l),2006-01-01,330,254,134,138,464,392,856
10302,PRESTO,desnutricion global,desnutricion leve (l),2006-01-01,34,24,48,58,82,82,164
70805,PUCARA,desnutricion global,desnutricion leve (l),2006-01-01,1,0,1,4,2,4,6
21201,PUCARANI,desnutricion global,desnutricion leve (l),2006-01-01,28,27,22,23,50,50,100
20401,PUERTO ACOSTA,desnutricion global,desnutricion leve (l),2006-01-01,24,38,38,44,62,82,144
20403,PUERTO CARABUCO,desnutricion global,desnutricion leve (l),2006-01-01,20,25,27,41,47,66,113
90301,PUERTO GONZALO MORENO,desnutricion global,desnutricion leve (l),2006-01-01,4,7,9,7,13,14,27
21204,PUERTO PEREZ,desnutricion global,desnutricion leve (l),2006-01-01,4,4,13,12,17,16,33
71402,PUERTO QUIJARRO,desnutricion global,desnutricion leve (l),2006-01-01,13,11,10,7,23,18,41
90201,PUERTO RICO,desnutricion global,desnutricion leve (l),2006-01-01,10,6,3,11,13,17,30
71401,PUERTO SUAREZ,desnutricion global,desnutricion leve (l),2006-01-01,15,13,11,14,26,27,53
31205,PUERTO VILLARROEL,desnutricion global,desnutricion leve (l),2006-01-01,99,86,75,95,174,181,355
51101,PUNA,desnutricion global,desnutricion leve (l),2006-01-01,45,62,80,72,125,134,259
31401,PUNATA,desnutricion global,desnutricion leve (l),2006-01-01,30,40,17,13,47,53,100
20604,QUIABAYA,desnutricion global,desnutricion leve (l),2006-01-01,0,2,2,0,2,2,4
30901,QUILLACOLLO,desnutricion global,desnutricion leve (l),2006-01-01,90,64,46,52,136,116,252
21002,QUIME,desnutricion global,desnutricion leve (l),2006-01-01,26,9,33,28,59,37,96
70904,QUIRUSILLAS,desnutricion global,desnutricion leve (l),2006-01-01,0,1,1,1,1,2,3
50402,RAVELO,desnutricion global,desnutricion leve (l),2006-01-01,52,37,54,59,106,96,202
80301,REYES,desnutricion global,desnutricion leve (l),2006-01-01,21,23,16,17,37,40,77
80201,RIBERALTA,desnutricion global,desnutricion leve (l),2006-01-01,173,236,106,135,279,371,650
70503,ROBORE,desnutricion global,desnutricion leve (l),2006-01-01,13,21,6,8,19,29,48
80304,RURRENABAQUE,desnutricion global,desnutricion leve (l),2006-01-01,3,15,6,8,9,23,32
40901,SABAYA,desnutricion global,desnutricion leve (l),2006-01-01,3,0,1,2,4,2,6
31001,SACABA,desnutricion global,desnutricion leve (l),2006-01-01,95,81,105,76,200,157,357
30404,SACABAMBA,desnutricion global,desnutricion leve (l),2006-01-01,14,10,5,9,19,19,38
50701,SACACA,desnutricion global,desnutricion leve (l),2006-01-01,61,58,105,117,166,175,341
71302,SAIPINA,desnutricion global,desnutricion leve (l),2006-01-01,10,10,9,12,19,22,41
40801,SALINAS DE GARCI MENDOZA,desnutricion global,desnutricion leve (l),2006-01-01,8,7,7,17,15,24,39
70901,SAMAIPATA,desnutricion global,desnutricion leve (l),2006-01-01,13,8,11,10,24,18,42
51601,SAN AGUSTIN,desnutricion global,desnutricion leve (l),2006-01-01,3,3,3,0,6,3,9
80602,SAN ANDRES,desnutricion global,desnutricion leve (l),2006-01-01,16,12,10,10,26,22,48
20805,SAN ANDRES DE MACHACA,desnutricion global,desnutricion leve (l),2006-01-01,0,6,6,5,6,11,17
51003,SAN ANTONIO DE ESMORUCO,desnutricion global,desnutricion leve (l),2006-01-01,0,1,0,1,0,2,2
71105,SAN ANTONIO DE LOMERIO,desnutricion global,desnutricion leve (l),2006-01-01,18,32,29,25,47,57,104
31403,SAN BENITO,desnutricion global,desnutricion leve (l),2006-01-01,10,19,24,21,34,40,74
80302,SAN BORJA,desnutricion global,desnutricion leve (l),2006-01-01,48,47,27,33,75,80,155
21502,SAN BUENA VENTURA,desnutricion global,desnutricion leve (l),2006-01-01,10,5,14,10,24,15,39
70402,SAN CARLOS,desnutricion global,desnutricion leve (l),2006-01-01,21,23,12,21,33,44,77
80501,SAN IGNACIO,desnutricion global,desnutricion leve (l),2006-01-01,33,33,40,27,73,60,133
70301,SAN IGNACIO DE VELASCO,desnutricion global,desnutricion leve (l),2006-01-01,93,105,132,139,225,244,469
80102,SAN JAVIER(BNI),desnutricion global,desnutricion leve (l),2006-01-01,5,3,2,4,7,7,14
80701,SAN JOAQUIN,desnutricion global,desnutricion leve (l),2006-01-01,0,1,5,5,5,6,11
70501,SAN JOSE DE CHIQUITOS,desnutricion global,desnutricion leve (l),2006-01-01,28,32,25,16,53,48,101
70404,SAN JUAN DE YAPACANI,desnutricion global,desnutricion leve (l),2006-01-01,7,9,7,10,14,19,33
71104,SAN JULIAN,desnutricion global,desnutricion leve (l),2006-01-01,9,11,16,13,25,24,49
90302,SAN LORENZO(PND),desnutricion global,desnutricion leve (l),2006-01-01,6,10,5,2,11,12,23
60501,SAN LORENZO(TJA),desnutricion global,desnutricion leve (l),2006-01-01,24,30,38,43,62,73,135
10702,SAN LUCAS,desnutricion global,desnutricion leve (l),2006-01-01,154,172,195,255,349,427,776
71201,SAN MATIAS,desnutricion global,desnutricion leve (l),2006-01-01,7,17,7,10,14,27,41
70302,SAN MIGUEL DE VELASCO,desnutricion global,desnutricion leve (l),2006-01-01,10,20,8,17,18,37,55
51001,SAN PABLO DE LIPEZ,desnutricion global,desnutricion leve (l),2006-01-01,4,0,3,3,7,3,10
71005,SAN PEDRO,desnutricion global,desnutricion leve (l),2006-01-01,28,30,16,21,44,51,95
50501,SAN PEDRO DE BUENA VISTA,desnutricion global,desnutricion leve (l),2006-01-01,49,41,59,60,108,101,209
21801,SAN PEDRO DE CURAHUARA,desnutricion global,desnutricion leve (l),2006-01-01,11,3,12,8,23,11,34
21702,SAN PEDRO DE TIQUINA,desnutricion global,desnutricion leve (l),2006-01-01,5,1,4,4,9,5,14
90202,SAN PEDRO(PND),desnutricion global,desnutricion leve (l),2006-01-01,2,4,5,7,7,11,18
70303,SAN RAFAEL,desnutricion global,desnutricion leve (l),2006-01-01,23,20,24,15,47,35,82
80702,SAN RAMON,desnutricion global,desnutricion leve (l),2006-01-01,7,4,2,5,9,9,18
80401,SANTA ANA,desnutricion global,desnutricion leve (l),2006-01-01,9,10,8,7,17,17,34
70101,SANTA CRUZ DE LA SIERRA,desnutricion global,desnutricion leve (l),2006-01-01,553,500,308,361,861,861,1722
80303,SANTA ROSA,desnutricion global,desnutricion leve (l),2006-01-01,10,11,6,13,16,24,40
70602,SANTA ROSA DEL SARA,desnutricion global,desnutricion leve (l),2006-01-01,19,15,7,16,26,31,57
20308,SANTIAGO DE CALLAPA,desnutricion global,desnutricion leve (l),2006-01-01,4,7,10,8,14,15,29
41401,SANTIAGO DE HUARI,desnutricion global,desnutricion leve (l),2006-01-01,8,7,4,19,12,26,38
21901,SANTIAGO DE MACHACA,desnutricion global,desnutricion leve (l),2006-01-01,3,2,2,3,5,5,10
30702,SANTIVAÑES,desnutricion global,desnutricion leve (l),2006-01-01,7,21,9,15,16,36,52
40202,SANTUARIO DE QUILLACAS,desnutricion global,desnutricion leve (l),2006-01-01,2,3,2,1,4,4,8
20902,SAPAHAQUI,desnutricion global,desnutricion leve (l),2006-01-01,15,20,28,28,43,48,91
90303,SENA,desnutricion global,desnutricion leve (l),2006-01-01,7,9,9,3,16,12,28
21301,SICA SICA (VILLA AROMA),desnutricion global,desnutricion leve (l),2006-01-01,52,41,41,47,93,88,181
30703,SICAYA,desnutricion global,desnutricion leve (l),2006-01-01,16,3,1,3,17,6,23
30902,SIPE SIPE,desnutricion global,desnutricion leve (l),2006-01-01,73,42,34,30,107,72,179
10403,SOPACHUY,desnutricion global,desnutricion leve (l),2006-01-01,23,31,45,68,68,99,167
40104,SORACACHI,desnutricion global,desnutricion leve (l),2006-01-01,5,5,13,11,18,16,34
20601,SORATA,desnutricion global,desnutricion leve (l),2006-01-01,27,17,22,23,49,40,89
10101,SUCRE,desnutricion global,desnutricion leve (l),2006-01-01,201,175,181,232,382,407,789
31404,TACACHI,desnutricion global,desnutricion leve (l),2006-01-01,1,3,0,0,1,3,4
20603,TACACOMA,desnutricion global,desnutricion leve (l),2006-01-01,3,4,5,3,8,7,15
50303,TACOBAMBA,desnutricion global,desnutricion leve (l),2006-01-01,9,10,14,11,23,21,44
30602,TACOPAYA,desnutricion global,desnutricion leve (l),2006-01-01,17,30,13,29,30,59,89
51402,TAHUA,desnutricion global,desnutricion leve (l),2006-01-01,0,0,1,1,1,1,2
31101,TAPACARI,desnutricion global,desnutricion leve (l),2006-01-01,47,47,39,47,86,94,180
10601,TARABUCO,desnutricion global,desnutricion leve (l),2006-01-01,103,98,199,197,302,295,597
20807,TARACO,desnutricion global,desnutricion leve (l),2006-01-01,1,3,0,5,1,8,9
30401,TARATA,desnutricion global,desnutricion leve (l),2006-01-01,17,11,11,8,28,19,47
60101,TARIJA,desnutricion global,desnutricion leve (l),2006-01-01,154,151,105,137,259,288,547
10202,TARVITA,desnutricion global,desnutricion leve (l),2006-01-01,54,60,91,124,145,184,329
20608,TEOPONTE,desnutricion global,desnutricion leve (l),2006-01-01,0,3,3,4,3,7,10
20803,TIAWANACU,desnutricion global,desnutricion leve (l),2006-01-01,8,7,7,6,15,13,28
50102,TINGUIPAYA,desnutricion global,desnutricion leve (l),2006-01-01,46,54,58,43,104,97,201
20606,TIPUANI,desnutricion global,desnutricion leve (l),2006-01-01,14,12,9,12,23,24,47
30903,TIQUIPAYA,desnutricion global,desnutricion leve (l),2006-01-01,34,37,33,22,67,59,126
31601,TIRAQUE (CBBA),desnutricion global,desnutricion leve (l),2006-01-01,103,60,73,60,176,120,296
21703,TITO YUPANQUI (PARQUIPUJIO),desnutricion global,desnutricion leve (l),2006-01-01,2,1,4,1,6,2,8
30802,TOCO,desnutricion global,desnutricion leve (l),2006-01-01,6,6,3,5,9,11,20
30803,TOLATA,desnutricion global,desnutricion leve (l),2006-01-01,2,9,0,2,2,11,13
41001,TOLEDO,desnutricion global,desnutricion leve (l),2006-01-01,5,2,3,2,8,4,12
51202,TOMAVE,desnutricion global,desnutricion leve (l),2006-01-01,7,6,14,5,21,11,32
10402,TOMINA,desnutricion global,desnutricion leve (l),2006-01-01,35,40,58,71,93,111,204
50502,TORO TORO,desnutricion global,desnutricion leve (l),2006-01-01,64,57,46,47,110,104,214
31201,TOTORA(CBBA),desnutricion global,desnutricion leve (l),2006-01-01,17,21,11,24,28,45,73
41301,TOTORA(ORR),desnutricion global,desnutricion leve (l),2006-01-01,5,3,9,5,14,8,22
70802,TRIGAL,desnutricion global,desnutricion leve (l),2006-01-01,2,5,2,3,4,8,12
80101,TRINIDAD,desnutricion global,desnutricion leve (l),2006-01-01,87,86,55,53,142,139,281
50801,TUPIZA,desnutricion global,desnutricion leve (l),2006-01-01,40,40,56,70,96,110,206
40402,TURCO,desnutricion global,desnutricion leve (l),2006-01-01,6,4,2,3,8,7,15
21302,UMALA,desnutricion global,desnutricion leve (l),2006-01-01,4,4,3,8,7,12,19
50201,UNCIA,desnutricion global,desnutricion leve (l),2006-01-01,31,13,28,15,59,28,87
60401,URIONDO (A. CONCEPCION),desnutricion global,desnutricion leve (l),2006-01-01,47,40,35,33,82,73,155
51201,UYUNI,desnutricion global,desnutricion leve (l),2006-01-01,10,8,4,14,14,22,36
30502,VACAS,desnutricion global,desnutricion leve (l),2006-01-01,18,13,9,13,27,26,53
70801,VALLEGRANDE,desnutricion global,desnutricion leve (l),2006-01-01,17,17,14,20,31,37,68
20801,VIACHA,desnutricion global,desnutricion leve (l),2006-01-01,39,29,27,23,66,52,118
31302,VILA VILA,desnutricion global,desnutricion leve (l),2006-01-01,2,1,3,1,5,2,7
60303,VILLA MONTES,desnutricion global,desnutricion leve (l),2006-01-01,36,42,33,29,69,71,140
90502,VILLA NUEVA (LOMA ALTA),desnutricion global,desnutricion leve (l),2006-01-01,4,3,2,2,6,5,11
31402,VILLA RIVERO,desnutricion global,desnutricion leve (l),2006-01-01,7,6,10,7,17,13,30
10801,VILLA SERRANO,desnutricion global,desnutricion leve (l),2006-01-01,45,35,86,86,131,121,252
31003,VILLA TUNARI,desnutricion global,desnutricion leve (l),2006-01-01,64,70,82,82,146,152,298
11001,VILLA VACA GUZMAN (MUYUPAMPA),desnutricion global,desnutricion leve (l),2006-01-01,25,20,35,47,60,67,127
51501,VILLAZON,desnutricion global,desnutricion leve (l),2006-01-01,83,59,76,66,159,125,284
30904,VINTO,desnutricion global,desnutricion leve (l),2006-01-01,27,21,4,3,31,24,55
50602,VITICHI,desnutricion global,desnutricion leve (l),2006-01-01,31,30,60,61,91,91,182
20306,WALDO BALLIVIAN,desnutricion global,desnutricion leve (l),2006-01-01,2,5,3,0,5,5,10
70201,WARNES,desnutricion global,desnutricion leve (l),2006-01-01,61,57,39,71,100,128,228
20903,YACO,desnutricion global,desnutricion leve (l),2006-01-01,20,25,11,18,31,43,74
60301,YACUIBA,desnutricion global,desnutricion leve (l),2006-01-01,37,42,34,34,71,76,147
10602,YAMPARAEZ,desnutricion global,desnutricion leve (l),2006-01-01,27,23,87,73,114,96,210
21103,YANACACHI,desnutricion global,desnutricion leve (l),2006-01-01,1,2,3,2,4,4,8
70403,YAPACANI,desnutricion global,desnutricion leve (l),2006-01-01,73,77,54,43,127,120,247
50103,YOCALLA,desnutricion global,desnutricion leve (l),2006-01-01,6,8,8,8,14,16,30
10102,YOTALA,desnutricion global,desnutricion leve (l),2006-01-01,14,16,21,32,35,48,83
60402,YUNCHARA,desnutricion global,desnutricion leve (l),2006-01-01,15,10,26,25,41,35,76
10301,ZUDAÑEZ,desnutricion global,desnutricion leve (l),2006-01-01,28,25,45,58,73,83,156
51302,ACACIO,desnutricion global,desnutricion leve (l),2006-02-01,28,32,57,65,85,97,182
20201,ACHACACHI,desnutricion global,desnutricion leve (l),2006-02-01,41,45,41,48,82,93,175
20104,ACHOCALLA,desnutricion global,desnutricion leve (l),2006-02-01,9,7,10,12,19,19,38
30201,AIQUILE,desnutricion global,desnutricion leve (l),2006-02-01,31,28,22,26,53,54,107
31303,ALALAY,desnutricion global,desnutricion leve (l),2006-02-01,6,3,2,1,8,4,12
10404,ALCALA,desnutricion global,desnutricion leve (l),2006-02-01,11,12,38,31,49,43,92
20202,ANCORAIMES,desnutricion global,desnutricion leve (l),2006-02-01,24,24,35,41,59,65,124
41201,ANDAMARCA,desnutricion global,desnutricion leve (l),2006-02-01,5,7,12,17,17,24,41
30402,ANZALDO,desnutricion global,desnutricion leve (l),2006-02-01,6,6,7,15,13,21,34
20701,APOLO,desnutricion global,desnutricion leve (l),2006-02-01,41,45,50,56,91,101,192
51301,ARAMPAMPA,desnutricion global,desnutricion leve (l),2006-02-01,16,16,16,14,32,30,62
30501,ARANI,desnutricion global,desnutricion leve (l),2006-02-01,18,16,10,22,28,38,66
30403,ARBIETO,desnutricion global,desnutricion leve (l),2006-02-01,15,10,13,23,28,33,61
30601,ARQUE,desnutricion global,desnutricion leve (l),2006-02-01,22,38,41,55,63,93,156
71501,ASCENCION DE GUARAYOS,desnutricion global,desnutricion leve (l),2006-02-01,112,84,132,143,244,227,471
50802,ATOCHA,desnutricion global,desnutricion leve (l),2006-02-01,65,49,58,41,123,90,213
20503,AUCAPATA,desnutricion global,desnutricion leve (l),2006-02-01,13,14,10,22,23,36,59
20502,AYATA,desnutricion global,desnutricion leve (l),2006-02-01,26,11,33,37,59,48,107
21303,AYO AYO,desnutricion global,desnutricion leve (l),2006-02-01,17,8,8,9,25,17,42
30301,AYOPAYA (V. DE INDEPENDENCIA),desnutricion global,desnutricion leve (l),2006-02-01,64,47,67,68,131,115,246
10201,AZURDUY,desnutricion global,desnutricion leve (l),2006-02-01,30,36,61,74,91,110,201
21203,BATALLAS,desnutricion global,desnutricion leve (l),2006-02-01,23,25,9,22,32,47,79
80802,BAURES,desnutricion global,desnutricion leve (l),2006-02-01,9,7,6,7,15,14,29
41202,BELEN DE ANDAMARCA,desnutricion global,desnutricion leve (l),2006-02-01,3,3,4,0,7,3,10
50104,BELEN DE URMIRI,desnutricion global,desnutricion leve (l),2006-02-01,4,4,6,7,10,11,21
90104,BELLA FLOR,desnutricion global,desnutricion leve (l),2006-02-01,2,9,9,9,11,18,29
60202,BERMEJO,desnutricion global,desnutricion leve (l),2006-02-01,14,11,13,16,27,27,54
50301,BETANZOS,desnutricion global,desnutricion leve (l),2006-02-01,73,81,132,126,205,207,412
31501,BOLIVAR,desnutricion global,desnutricion leve (l),2006-02-01,20,19,15,23,35,42,77
90103,BOLPEBRA,desnutricion global,desnutricion leve (l),2006-02-01,3,5,3,3,6,8,14
70707,BOYUIBE,desnutricion global,desnutricion leve (l),2006-02-01,15,3,19,13,34,16,50
70401,BUENA VISTA,desnutricion global,desnutricion leve (l),2006-02-01,7,5,8,17,15,22,37
70703,CABEZAS,desnutricion global,desnutricion leve (l),2006-02-01,26,54,39,16,65,70,135
20905,CAIROMA,desnutricion global,desnutricion leve (l),2006-02-01,69,63,53,52,122,115,237
51102,"CAIZA ""D""",desnutricion global,desnutricion leve (l),2006-02-01,14,19,31,26,45,45,90
21003,CAJUATA,desnutricion global,desnutricion leve (l),2006-02-01,16,14,7,10,23,24,47
20303,CALACOTO,desnutricion global,desnutricion leve (l),2006-02-01,9,8,15,8,24,16,40
21304,CALAMARCA,desnutricion global,desnutricion leve (l),2006-02-01,77,52,46,53,123,105,228
10701,CAMARGO,desnutricion global,desnutricion leve (l),2006-02-01,69,65,89,104,158,169,327
10901,CAMATAQUI (C. VILLA ABECIA),desnutricion global,desnutricion leve (l),2006-02-01,5,7,14,17,19,24,43
70706,CAMIRI,desnutricion global,desnutricion leve (l),2006-02-01,56,44,43,48,99,92,191
30701,CAPINOTA,desnutricion global,desnutricion leve (l),2006-02-01,31,29,20,21,51,50,101
20302,CAQUIAVIRI,desnutricion global,desnutricion leve (l),2006-02-01,14,12,10,12,24,24,48
40102,CARACOLLO,desnutricion global,desnutricion leve (l),2006-02-01,38,22,31,26,69,48,117
22001,CARANAVI,desnutricion global,desnutricion leve (l),2006-02-01,75,89,71,90,146,179,325
60302,CARAPARI,desnutricion global,desnutricion leve (l),2006-02-01,13,8,13,14,26,22,48
50702,CARIPUYO,desnutricion global,desnutricion leve (l),2006-02-01,25,25,37,39,62,64,126
71403,CARMEN RIVERO TORREZ,desnutricion global,desnutricion leve (l),2006-02-01,4,8,6,1,10,9,19
21902,CATACORA,desnutricion global,desnutricion leve (l),2006-02-01,4,2,1,4,5,6,11
21803,CHACARILLA,desnutricion global,desnutricion leve (l),2006-02-01,5,6,7,5,12,11,23
40201,CHALLAPATA,desnutricion global,desnutricion leve (l),2006-02-01,42,47,47,55,89,102,191
50302,CHAQUI,desnutricion global,desnutricion leve (l),2006-02-01,13,12,29,19,42,31,73
70702,CHARAGUA,desnutricion global,desnutricion leve (l),2006-02-01,52,56,49,46,101,102,203
20305,CHARAÑA,desnutricion global,desnutricion leve (l),2006-02-01,3,1,2,3,5,4,9
50202,CHAYANTA,desnutricion global,desnutricion leve (l),2006-02-01,37,30,64,62,101,92,193
31204,CHIMORE,desnutricion global,desnutricion leve (l),2006-02-01,15,24,13,13,28,37,65
40903,CHIPAYA,desnutricion global,desnutricion leve (l),2006-02-01,7,0,8,1,15,1,16
40302,CHOQUE COTA,desnutricion global,desnutricion leve (l),2006-02-01,1,4,1,1,2,5,7
21101,CHULUMANI (V. DE LA LIBERTAD),desnutricion global,desnutricion leve (l),2006-02-01,6,6,6,7,12,13,25
20501,CHUMA,desnutricion global,desnutricion leve (l),2006-02-01,17,24,31,39,48,63,111
30801,CLIZA,desnutricion global,desnutricion leve (l),2006-02-01,29,15,10,9,39,24,63
90101,COBIJA,desnutricion global,desnutricion leve (l),2006-02-01,34,35,23,34,57,69,126
30101,COCHABAMBA,desnutricion global,desnutricion leve (l),2006-02-01,334,319,253,255,587,574,1161
30905,COLCAPIRHUA,desnutricion global,desnutricion leve (l),2006-02-01,25,35,15,29,40,64,104
50901,"COLCHA ""K""",desnutricion global,desnutricion leve (l),2006-02-01,10,10,17,25,27,35,62
21307,COLLANA,desnutricion global,desnutricion leve (l),2006-02-01,2,4,1,2,3,6,9
31002,COLOMI,desnutricion global,desnutricion leve (l),2006-02-01,46,24,32,36,78,60,138
70603,COLPA BELGICA,desnutricion global,desnutricion leve (l),2006-02-01,4,4,2,5,6,9,15
50401,COLQUECHACA,desnutricion global,desnutricion leve (l),2006-02-01,104,87,93,108,197,195,392
21306,COLQUENCHA,desnutricion global,desnutricion leve (l),2006-02-01,21,15,41,38,62,53,115
21004,COLQUIRI,desnutricion global,desnutricion leve (l),2006-02-01,41,45,37,38,78,83,161
20304,COMANCHE,desnutricion global,desnutricion leve (l),2006-02-01,1,2,2,6,3,8,11
71301,COMARAPA,desnutricion global,desnutricion leve (l),2006-02-01,20,29,32,25,52,54,106
20605,COMBAYA,desnutricion global,desnutricion leve (l),2006-02-01,6,4,7,6,13,10,23
71101,CONCEPCION,desnutricion global,desnutricion leve (l),2006-02-01,28,13,3,9,31,22,53
21701,COPACABANA,desnutricion global,desnutricion leve (l),2006-02-01,32,21,24,35,56,56,112
21402,CORIPATA,desnutricion global,desnutricion leve (l),2006-02-01,15,13,23,17,38,30,68
20301,CORO CORO,desnutricion global,desnutricion leve (l),2006-02-01,20,10,21,30,41,40,81
21401,COROICO,desnutricion global,desnutricion leve (l),2006-02-01,12,14,19,18,31,32,63
40301,CORQUE,desnutricion global,desnutricion leve (l),2006-02-01,6,3,7,7,13,10,23
50601,COTAGAITA,desnutricion global,desnutricion leve (l),2006-02-01,84,60,72,76,156,136,292
70102,COTOCA,desnutricion global,desnutricion leve (l),2006-02-01,23,37,10,11,33,48,81
71106,CUATRO CAÑADAS,desnutricion global,desnutricion leve (l),2006-02-01,12,5,11,14,23,19,42
31405,CUCHUMUELA (V. G. VILLARROEL),desnutricion global,desnutricion leve (l),2006-02-01,14,8,14,9,28,17,45
70704,CUEVO,desnutricion global,desnutricion leve (l),2006-02-01,5,14,6,9,11,23,34
10902,CULPINA,desnutricion global,desnutricion leve (l),2006-02-01,68,75,89,80,157,155,312
40401,CURAHUARA DE CARANGAS,desnutricion global,desnutricion leve (l),2006-02-01,4,4,8,3,12,7,19
21602,CURVA,desnutricion global,desnutricion leve (l),2006-02-01,6,7,7,7,13,14,27
20804,DESAGUADERO,desnutricion global,desnutricion leve (l),2006-02-01,3,4,4,2,7,6,13
20105,EL ALTO,desnutricion global,desnutricion leve (l),2006-02-01,978,810,606,561,1584,1371,2955
40103,EL CHORO,desnutricion global,desnutricion leve (l),2006-02-01,3,4,4,3,7,7,14
71503,EL PUENTE(STC),desnutricion global,desnutricion leve (l),2006-02-01,14,29,26,24,40,53,93
60502,EL PUENTE(TJA),desnutricion global,desnutricion leve (l),2006-02-01,16,22,53,54,69,76,145
70105,EL TORNO,desnutricion global,desnutricion leve (l),2006-02-01,31,22,20,36,51,58,109
10405,EL VILLAR,desnutricion global,desnutricion leve (l),2006-02-01,4,9,25,21,29,30,59
60601,ENTRE RIOS,desnutricion global,desnutricion leve (l),2006-02-01,27,31,53,47,80,78,158
60601,ENTRE RIOS,desnutricion global,desnutricion leve (l),2006-02-01,29,38,39,46,68,84,152
40502,ESCARA,desnutricion global,desnutricion leve (l),2006-02-01,0,1,1,0,1,1,2
41101,EUCALIPTUS,desnutricion global,desnutricion leve (l),2006-02-01,8,3,12,10,20,13,33
90503,EUREKA (SANTOS MERCADO),desnutricion global,desnutricion leve (l),2006-02-01,1,0,0,0,1,0,1
80402,EXALTACION,desnutricion global,desnutricion leve (l),2006-02-01,10,2,5,11,15,13,28
71004,FERNANDEZ ALONSO,desnutricion global,desnutricion leve (l),2006-02-01,14,10,16,11,30,21,51
90203,FILADELFIA,desnutricion global,desnutricion leve (l),2006-02-01,3,2,4,4,7,6,13
71002,GENERAL SAAVEDRA,desnutricion global,desnutricion leve (l),2006-02-01,28,21,21,37,49,58,107
21601,GRAL. J.J. PEREZ (CHARAZANI),desnutricion global,desnutricion leve (l),2006-02-01,27,32,35,43,62,75,137
20602,GUANAY,desnutricion global,desnutricion leve (l),2006-02-01,21,19,23,33,44,52,96
20802,GUAQUI,desnutricion global,desnutricion leve (l),2006-02-01,7,6,10,3,17,9,26
80202,GUAYARAMERIN,desnutricion global,desnutricion leve (l),2006-02-01,50,40,42,53,92,93,185
70705,GUTIERREZ,desnutricion global,desnutricion leve (l),2006-02-01,44,47,81,75,125,122,247
10502,HUACARETA,desnutricion global,desnutricion leve (l),2006-02-01,16,24,34,27,50,51,101
11002,HUACAYA (VILLA DE HUACAYA),desnutricion global,desnutricion leve (l),2006-02-01,10,1,6,7,16,8,24
40501,HUACHACALLA,desnutricion global,desnutricion leve (l),2006-02-01,1,3,3,1,4,4,8
40701,HUANUNI,desnutricion global,desnutricion leve (l),2006-02-01,37,17,26,21,63,38,101
80803,HUARACAJE,desnutricion global,desnutricion leve (l),2006-02-01,3,3,5,2,8,5,13
41601,HUAYLLAMARCA,desnutricion global,desnutricion leve (l),2006-02-01,1,2,3,2,4,4,8
21005,ICHOCA,desnutricion global,desnutricion leve (l),2006-02-01,10,9,13,7,23,16,39
10304,ICLA,desnutricion global,desnutricion leve (l),2006-02-01,61,52,252,116,313,168,481
10703,INCAHUASI,desnutricion global,desnutricion leve (l),2006-02-01,91,93,106,144,197,237,434
90402,INGAVI (HUMAITA),desnutricion global,desnutricion leve (l),2006-02-01,9,5,5,5,14,10,24
21001,INQUISIVI,desnutricion global,desnutricion leve (l),2006-02-01,38,33,40,45,78,78,156
21102,IRUPANA (VILLA DE LANZA),desnutricion global,desnutricion leve (l),2006-02-01,10,13,22,18,32,31,63
21501,IXIAMAS,desnutricion global,desnutricion leve (l),2006-02-01,24,16,8,13,32,29,61
20806,JESUS DE MACHACA,desnutricion global,desnutricion leve (l),2006-02-01,11,20,21,28,32,48,80
21105,LA ASUNTA,desnutricion global,desnutricion leve (l),2006-02-01,21,24,12,14,33,38,71
70104,LA GUARDIA,desnutricion global,desnutricion leve (l),2006-02-01,69,71,37,50,106,121,227
20101,LA PAZ,desnutricion global,desnutricion leve (l),2006-02-01,658,548,397,403,1055,951,2006
70701,LAGUNILLAS,desnutricion global,desnutricion leve (l),2006-02-01,15,18,18,22,33,40,73
21202,LAJA,desnutricion global,desnutricion leve (l),2006-02-01,9,9,13,13,22,22,44
10903,LAS CARRERAS,desnutricion global,desnutricion leve (l),2006-02-01,3,8,17,28,20,36,56
50203,LLALLAGUA,desnutricion global,desnutricion leve (l),2006-02-01,64,59,82,91,146,150,296
51401,LLICA,desnutricion global,desnutricion leve (l),2006-02-01,0,0,1,2,1,2,3
80601,LORETO,desnutricion global,desnutricion leve (l),2006-02-01,5,21,3,4,8,25,33
20901,LURIBAY,desnutricion global,desnutricion leve (l),2006-02-01,20,20,24,31,44,51,95
40702,MACHACAMARCA,desnutricion global,desnutricion leve (l),2006-02-01,4,3,1,2,5,5,10
11003,MACHARETI,desnutricion global,desnutricion leve (l),2006-02-01,19,15,35,48,54,63,117
80801,MAGDALENA,desnutricion global,desnutricion leve (l),2006-02-01,6,14,10,11,16,25,41
70903,MAIRANA,desnutricion global,desnutricion leve (l),2006-02-01,11,13,16,11,27,24,51
20904,MALLA,desnutricion global,desnutricion leve (l),2006-02-01,10,6,10,15,20,21,41
20607,MAPIRI,desnutricion global,desnutricion leve (l),2006-02-01,14,15,7,12,21,27,48
20103,MECAPACA,desnutricion global,desnutricion leve (l),2006-02-01,19,14,24,28,43,42,85
71003,MINEROS,desnutricion global,desnutricion leve (l),2006-02-01,31,23,20,17,51,40,91
31301,MIZQUE,desnutricion global,desnutricion leve (l),2006-02-01,70,68,80,75,150,143,293
20402,MOCOMOCO,desnutricion global,desnutricion leve (l),2006-02-01,39,35,38,39,77,74,151
51002,MOJINETE,desnutricion global,desnutricion leve (l),2006-02-01,6,5,10,10,16,15,31
10303,MOJOCOYA,desnutricion global,desnutricion leve (l),2006-02-01,22,15,39,41,61,56,117
10501,MONTEAGUDO,desnutricion global,desnutricion leve (l),2006-02-01,63,48,98,100,161,148,309
71001,MONTERO,desnutricion global,desnutricion leve (l),2006-02-01,202,158,110,130,312,288,600
70803,MORO MORO,desnutricion global,desnutricion leve (l),2006-02-01,6,5,10,7,16,12,28
30302,MOROCHATA,desnutricion global,desnutricion leve (l),2006-02-01,35,42,41,52,76,94,170
90401,NACEBE (SANTA ROSA DEL ABUNA),desnutricion global,desnutricion leve (l),2006-02-01,0,1,1,0,1,1,2
50404,OCURI,desnutricion global,desnutricion leve (l),2006-02-01,60,71,86,94,146,165,311
70202,OKINAWA,desnutricion global,desnutricion leve (l),2006-02-01,8,14,7,8,15,22,37
30203,OMEREQUE,desnutricion global,desnutricion leve (l),2006-02-01,6,8,10,5,16,13,29
40101,ORURO,desnutricion global,desnutricion leve (l),2006-02-01,240,244,165,171,405,415,820
60201,PADCAYA,desnutricion global,desnutricion leve (l),2006-02-01,23,19,34,38,57,57,114
10401,PADILLA,desnutricion global,desnutricion leve (l),2006-02-01,39,38,72,76,111,114,225
70502,PAILON,desnutricion global,desnutricion leve (l),2006-02-01,1,45,22,0,23,45,68
20102,PALCA,desnutricion global,desnutricion leve (l),2006-02-01,8,9,4,9,12,18,30
21104,PALOS BLANCOS,desnutricion global,desnutricion leve (l),2006-02-01,74,66,45,48,119,114,233
40802,PAMPA AULLAGAS,desnutricion global,desnutricion leve (l),2006-02-01,9,3,7,11,16,14,30
70902,PAMPA GRANDE,desnutricion global,desnutricion leve (l),2006-02-01,3,3,4,8,7,11,18
21802,PAPEL PAMPA,desnutricion global,desnutricion leve (l),2006-02-01,1,2,1,5,2,7,9
30202,PASORAPA,desnutricion global,desnutricion leve (l),2006-02-01,11,14,17,13,28,27,55
21305,PATACAMAYA,desnutricion global,desnutricion leve (l),2006-02-01,62,54,25,42,87,96,183
40602,PAZÑA,desnutricion global,desnutricion leve (l),2006-02-01,10,4,4,7,14,11,25
20702,PELECHUCO,desnutricion global,desnutricion leve (l),2006-02-01,13,11,15,11,28,22,50
50403,POCOATA,desnutricion global,desnutricion leve (l),2006-02-01,38,62,64,76,102,138,240
31203,POCONA,desnutricion global,desnutricion leve (l),2006-02-01,28,17,38,48,66,65,131
31202,POJO (CBBA),desnutricion global,desnutricion leve (l),2006-02-01,14,18,7,11,21,29,50
40601,POOPO,desnutricion global,desnutricion leve (l),2006-02-01,8,5,9,5,17,10,27
51203,PORCO,desnutricion global,desnutricion leve (l),2006-02-01,11,9,7,12,18,21,39
10103,POROMA,desnutricion global,desnutricion leve (l),2006-02-01,39,56,51,52,90,108,198
70103,PORONGO,desnutricion global,desnutricion leve (l),2006-02-01,3,6,2,1,5,7,12
70601,PORTACHUELO,desnutricion global,desnutricion leve (l),2006-02-01,36,22,25,24,61,46,107
90102,PORVENIR,desnutricion global,desnutricion leve (l),2006-02-01,0,0,2,4,2,4,6
70804,POSTRER VALLE,desnutricion global,desnutricion leve (l),2006-02-01,7,2,6,6,13,8,21
50101,POTOSI,desnutricion global,desnutricion leve (l),2006-02-01,280,242,175,175,455,417,872
10302,PRESTO,desnutricion global,desnutricion leve (l),2006-02-01,41,33,49,50,90,83,173
70805,PUCARA,desnutricion global,desnutricion leve (l),2006-02-01,0,3,7,5,7,8,15
21201,PUCARANI,desnutricion global,desnutricion leve (l),2006-02-01,28,377,44,40,72,417,489
20401,PUERTO ACOSTA,desnutricion global,desnutricion leve (l),2006-02-01,42,49,41,68,83,117,200
20403,PUERTO CARABUCO,desnutricion global,desnutricion leve (l),2006-02-01,27,11,18,30,45,41,86
90301,PUERTO GONZALO MORENO,desnutricion global,desnutricion leve (l),2006-02-01,8,5,4,7,12,12,24
21204,PUERTO PEREZ,desnutricion global,desnutricion leve (l),2006-02-01,6,8,11,7,17,15,32
71402,PUERTO QUIJARRO,desnutricion global,desnutricion leve (l),2006-02-01,9,9,9,5,18,14,32
90201,PUERTO RICO,desnutricion global,desnutricion leve (l),2006-02-01,4,7,4,20,8,27,35
80703,PUERTO SILES,desnutricion global,desnutricion leve (l),2006-02-01,8,2,6,7,14,9,23
71401,PUERTO SUAREZ,desnutricion global,desnutricion leve (l),2006-02-01,13,17,5,11,18,28,46
31205,PUERTO VILLARROEL,desnutricion global,desnutricion leve (l),2006-02-01,87,83,93,73,180,156,336
51101,PUNA,desnutricion global,desnutricion leve (l),2006-02-01,65,70,74,81,139,151,290
31401,PUNATA,desnutricion global,desnutricion leve (l),2006-02-01,35,43,22,34,57,77,134
20604,QUIABAYA,desnutricion global,desnutricion leve (l),2006-02-01,5,7,4,4,9,11,20
30901,QUILLACOLLO,desnutricion global,desnutricion leve (l),2006-02-01,99,64,66,69,165,133,298
21002,QUIME,desnutricion global,desnutricion leve (l),2006-02-01,29,8,24,15,53,23,76
70904,QUIRUSILLAS,desnutricion global,desnutricion leve (l),2006-02-01,1,2,1,0,2,2,4
50402,RAVELO,desnutricion global,desnutricion leve (l),2006-02-01,88,81,98,126,186,207,393
80301,REYES,desnutricion global,desnutricion leve (l),2006-02-01,16,17,10,5,26,22,48
80201,RIBERALTA,desnutricion global,desnutricion leve (l),2006-02-01,173,229,78,116,251,345,596
70503,ROBORE,desnutricion global,desnutricion leve (l),2006-02-01,10,24,15,23,25,47,72
80304,RURRENABAQUE,desnutricion global,desnutricion leve (l),2006-02-01,19,21,15,15,34,36,70
40901,SABAYA,desnutricion global,desnutricion leve (l),2006-02-01,7,2,3,0,10,2,12
31001,SACABA,desnutricion global,desnutricion leve (l),2006-02-01,107,74,54,75,161,149,310
30404,SACABAMBA,desnutricion global,desnutricion leve (l),2006-02-01,22,21,17,27,39,48,87
50701,SACACA,desnutricion global,desnutricion leve (l),2006-02-01,175,148,352,321,527,469,996
71302,SAIPINA,desnutricion global,desnutricion leve (l),2006-02-01,4,5,4,3,8,8,16
40801,SALINAS DE GARCI MENDOZA,desnutricion global,desnutricion leve (l),2006-02-01,16,20,13,17,29,37,66
70901,SAMAIPATA,desnutricion global,desnutricion leve (l),2006-02-01,12,6,16,20,28,26,54
51601,SAN AGUSTIN,desnutricion global,desnutricion leve (l),2006-02-01,0,1,0,3,0,4,4
80602,SAN ANDRES,desnutricion global,desnutricion leve (l),2006-02-01,15,11,4,14,19,25,44
20805,SAN ANDRES DE MACHACA,desnutricion global,desnutricion leve (l),2006-02-01,2,0,1,0,3,0,3
51003,SAN ANTONIO DE ESMORUCO,desnutricion global,desnutricion leve (l),2006-02-01,0,1,1,0,1,1,2
71105,SAN ANTONIO DE LOMERIO,desnutricion global,desnutricion leve (l),2006-02-01,31,16,24,32,55,48,103
31403,SAN BENITO,desnutricion global,desnutricion leve (l),2006-02-01,10,8,8,9,18,17,35
80302,SAN BORJA,desnutricion global,desnutricion leve (l),2006-02-01,70,77,38,47,108,124,232
21502,SAN BUENA VENTURA,desnutricion global,desnutricion leve (l),2006-02-01,22,12,12,8,34,20,54
70402,SAN CARLOS,desnutricion global,desnutricion leve (l),2006-02-01,29,21,23,22,52,43,95
80501,SAN IGNACIO,desnutricion global,desnutricion leve (l),2006-02-01,58,60,60,57,118,117,235
70301,SAN IGNACIO DE VELASCO,desnutricion global,desnutricion leve (l),2006-02-01,104,137,110,129,214,266,480
80102,SAN JAVIER(BNI),desnutricion global,desnutricion leve (l),2006-02-01,2,2,1,3,3,5,8
71102,SAN JAVIER(STC),desnutricion global,desnutricion leve (l),2006-02-01,10,8,0,0,10,8,18
80701,SAN JOAQUIN,desnutricion global,desnutricion leve (l),2006-02-01,6,10,7,13,13,23,36
70501,SAN JOSE DE CHIQUITOS,desnutricion global,desnutricion leve (l),2006-02-01,21,30,13,21,34,51,85
70404,SAN JUAN DE YAPACANI,desnutricion global,desnutricion leve (l),2006-02-01,9,7,7,11,16,18,34
71104,SAN JULIAN,desnutricion global,desnutricion leve (l),2006-02-01,9,7,13,9,22,16,38
90302,SAN LORENZO(PND),desnutricion global,desnutricion leve (l),2006-02-01,6,5,12,11,18,16,34
60501,SAN LORENZO(TJA),desnutricion global,desnutricion leve (l),2006-02-01,27,22,53,68,80,90,170
10702,SAN LUCAS,desnutricion global,desnutricion leve (l),2006-02-01,194,166,196,244,390,410,800
71201,SAN MATIAS,desnutricion global,desnutricion leve (l),2006-02-01,11,11,8,9,19,20,39
70302,SAN MIGUEL DE VELASCO,desnutricion global,desnutricion leve (l),2006-02-01,23,26,20,20,43,46,89
51001,SAN PABLO DE LIPEZ,desnutricion global,desnutricion leve (l),2006-02-01,4,6,4,7,8,13,21
71005,SAN PEDRO,desnutricion global,desnutricion leve (l),2006-02-01,22,36,16,25,38,61,99
50501,SAN PEDRO DE BUENA VISTA,desnutricion global,desnutricion leve (l),2006-02-01,51,42,72,47,123,89,212
21801,SAN PEDRO DE CURAHUARA,desnutricion global,desnutricion leve (l),2006-02-01,2,3,2,4,4,7,11
21702,SAN PEDRO DE TIQUINA,desnutricion global,desnutricion leve (l),2006-02-01,2,1,7,4,9,5,14
90202,SAN PEDRO(PND),desnutricion global,desnutricion leve (l),2006-02-01,0,1,1,0,1,1,2
70303,SAN RAFAEL,desnutricion global,desnutricion leve (l),2006-02-01,6,7,10,13,16,20,36
80702,SAN RAMON,desnutricion global,desnutricion leve (l),2006-02-01,5,6,2,1,7,7,14
80401,SANTA ANA,desnutricion global,desnutricion leve (l),2006-02-01,10,12,9,6,19,18,37
70101,SANTA CRUZ DE LA SIERRA,desnutricion global,desnutricion leve (l),2006-02-01,542,597,250,317,792,914,1706
80303,SANTA ROSA,desnutricion global,desnutricion leve (l),2006-02-01,0,0,2,2,2,2,4
70602,SANTA ROSA DEL SARA,desnutricion global,desnutricion leve (l),2006-02-01,26,20,21,26,47,46,93
20308,SANTIAGO DE CALLAPA,desnutricion global,desnutricion leve (l),2006-02-01,7,10,9,8,16,18,34
41401,SANTIAGO DE HUARI,desnutricion global,desnutricion leve (l),2006-02-01,9,9,18,29,27,38,65
21901,SANTIAGO DE MACHACA,desnutricion global,desnutricion leve (l),2006-02-01,6,5,2,7,8,12,20
30702,SANTIVAÑES,desnutricion global,desnutricion leve (l),2006-02-01,6,8,13,12,19,20,39
40202,SANTUARIO DE QUILLACAS,desnutricion global,desnutricion leve (l),2006-02-01,5,6,5,3,10,9,19
20902,SAPAHAQUI,desnutricion global,desnutricion leve (l),2006-02-01,16,15,24,41,40,56,96
90303,SENA,desnutricion global,desnutricion leve (l),2006-02-01,1,3,0,2,1,5,6
21301,SICA SICA (VILLA AROMA),desnutricion global,desnutricion leve (l),2006-02-01,51,51,30,32,81,83,164
30703,SICAYA,desnutricion global,desnutricion leve (l),2006-02-01,10,4,3,4,13,8,21
30902,SIPE SIPE,desnutricion global,desnutricion leve (l),2006-02-01,89,57,62,45,151,102,253
10403,SOPACHUY,desnutricion global,desnutricion leve (l),2006-02-01,5,9,23,27,28,36,64
40104,SORACACHI,desnutricion global,desnutricion leve (l),2006-02-01,7,12,8,8,15,20,35
20601,SORATA,desnutricion global,desnutricion leve (l),2006-02-01,18,19,65,28,83,47,130
10101,SUCRE,desnutricion global,desnutricion leve (l),2006-02-01,295,258,306,337,601,595,1196
31404,TACACHI,desnutricion global,desnutricion leve (l),2006-02-01,2,0,0,0,2,0,2
20603,TACACOMA,desnutricion global,desnutricion leve (l),2006-02-01,5,6,9,7,14,13,27
50303,TACOBAMBA,desnutricion global,desnutricion leve (l),2006-02-01,15,13,21,17,36,30,66
30602,TACOPAYA,desnutricion global,desnutricion leve (l),2006-02-01,34,27,51,54,85,81,166
51402,TAHUA,desnutricion global,desnutricion leve (l),2006-02-01,0,0,2,0,2,0,2
31101,TAPACARI,desnutricion global,desnutricion leve (l),2006-02-01,46,64,50,46,96,110,206
10601,TARABUCO,desnutricion global,desnutricion leve (l),2006-02-01,119,98,222,227,341,325,666
20807,TARACO,desnutricion global,desnutricion leve (l),2006-02-01,0,0,4,3,4,3,7
30401,TARATA,desnutricion global,desnutricion leve (l),2006-02-01,5,12,16,8,21,20,41
60101,TARIJA,desnutricion global,desnutricion leve (l),2006-02-01,152,151,147,158,299,309,608
10202,TARVITA,desnutricion global,desnutricion leve (l),2006-02-01,24,16,41,61,65,77,142
20608,TEOPONTE,desnutricion global,desnutricion leve (l),2006-02-01,4,14,13,10,17,24,41
20803,TIAWANACU,desnutricion global,desnutricion leve (l),2006-02-01,5,4,3,4,8,8,16
50102,TINGUIPAYA,desnutricion global,desnutricion leve (l),2006-02-01,71,53,57,73,128,126,254
20606,TIPUANI,desnutricion global,desnutricion leve (l),2006-02-01,15,11,6,10,21,21,42
30903,TIQUIPAYA,desnutricion global,desnutricion leve (l),2006-02-01,39,22,30,33,69,55,124
31601,TIRAQUE (CBBA),desnutricion global,desnutricion leve (l),2006-02-01,105,76,51,45,156,121,277
21703,TITO YUPANQUI (PARQUIPUJIO),desnutricion global,desnutricion leve (l),2006-02-01,0,2,5,2,5,4,9
30802,TOCO,desnutricion global,desnutricion leve (l),2006-02-01,4,1,10,5,14,6,20
30803,TOLATA,desnutricion global,desnutricion leve (l),2006-02-01,4,4,3,1,7,5,12
41001,TOLEDO,desnutricion global,desnutricion leve (l),2006-02-01,5,3,3,5,8,8,16
51202,TOMAVE,desnutricion global,desnutricion leve (l),2006-02-01,23,22,40,41,63,63,126
10402,TOMINA,desnutricion global,desnutricion leve (l),2006-02-01,51,51,72,98,123,149,272
50502,TORO TORO,desnutricion global,desnutricion leve (l),2006-02-01,64,55,56,60,120,115,235
31201,TOTORA(CBBA),desnutricion global,desnutricion leve (l),2006-02-01,28,36,26,35,54,71,125
41301,TOTORA(ORR),desnutricion global,desnutricion leve (l),2006-02-01,5,4,5,3,10,7,17
70802,TRIGAL,desnutricion global,desnutricion leve (l),2006-02-01,2,1,1,0,3,1,4
80101,TRINIDAD,desnutricion global,desnutricion leve (l),2006-02-01,163,92,51,60,214,152,366
50801,TUPIZA,desnutricion global,desnutricion leve (l),2006-02-01,69,71,78,99,147,170,317
40402,TURCO,desnutricion global,desnutricion leve (l),2006-02-01,3,8,9,7,12,15,27
21302,UMALA,desnutricion global,desnutricion leve (l),2006-02-01,16,10,10,16,26,26,52
50201,UNCIA,desnutricion global,desnutricion leve (l),2006-02-01,35,37,37,59,72,96,168
60401,URIONDO (A. CONCEPCION),desnutricion global,desnutricion leve (l),2006-02-01,31,23,32,40,63,63,126
71502,URUBICHA,desnutricion global,desnutricion leve (l),2006-02-01,50,47,62,67,112,114,226
51201,UYUNI,desnutricion global,desnutricion leve (l),2006-02-01,25,24,23,24,48,48,96
30502,VACAS,desnutricion global,desnutricion leve (l),2006-02-01,15,17,17,28,32,45,77
70801,VALLEGRANDE,desnutricion global,desnutricion leve (l),2006-02-01,29,21,13,24,42,45,87
20801,VIACHA,desnutricion global,desnutricion leve (l),2006-02-01,33,23,19,28,52,51,103
31302,VILA VILA,desnutricion global,desnutricion leve (l),2006-02-01,5,7,7,7,12,14,26
60303,VILLA MONTES,desnutricion global,desnutricion leve (l),2006-02-01,47,42,34,34,81,76,157
90502,VILLA NUEVA (LOMA ALTA),desnutricion global,desnutricion leve (l),2006-02-01,3,2,1,0,4,2,6
31402,VILLA RIVERO,desnutricion global,desnutricion leve (l),2006-02-01,16,6,9,12,25,18,43
10801,VILLA SERRANO,desnutricion global,desnutricion leve (l),2006-02-01,37,37,85,80,122,117,239
31003,VILLA TUNARI,desnutricion global,desnutricion leve (l),2006-02-01,124,125,113,112,237,237,474
11001,VILLA VACA GUZMAN (MUYUPAMPA),desnutricion global,desnutricion leve (l),2006-02-01,22,14,35,37,57,51,108
51501,VILLAZON,desnutricion global,desnutricion leve (l),2006-02-01,49,55,61,66,110,121,231
30904,VINTO,desnutricion global,desnutricion leve (l),2006-02-01,0,0,1,1,1,1,2
50602,VITICHI,desnutricion global,desnutricion leve (l),2006-02-01,28,52,113,77,141,129,270
20306,WALDO BALLIVIAN,desnutricion global,desnutricion leve (l),2006-02-01,2,6,5,7,7,13,20
70201,WARNES,desnutricion global,desnutricion leve (l),2006-02-01,90,64,54,53,144,117,261
20903,YACO,desnutricion global,desnutricion leve (l),2006-02-01,25,23,16,25,41,48,89
60301,YACUIBA,desnutricion global,desnutricion leve (l),2006-02-01,45,63,46,34,91,97,188
10602,YAMPARAEZ,desnutricion global,desnutricion leve (l),2006-02-01,34,43,109,106,143,149,292
21103,YANACACHI,desnutricion global,desnutricion leve (l),2006-02-01,1,1,0,1,1,2,3
70403,YAPACANI,desnutricion global,desnutricion leve (l),2006-02-01,112,55,74,36,186,91,277
50103,YOCALLA,desnutricion global,desnutricion leve (l),2006-02-01,7,11,10,23,17,34,51
10102,YOTALA,desnutricion global,desnutricion leve (l),2006-02-01,22,18,32,34,54,52,106
60402,YUNCHARA,desnutricion global,desnutricion leve (l),2006-02-01,24,26,65,55,89,81,170
10301,ZUDAÑEZ,desnutricion global,desnutricion leve (l),2006-02-01,35,22,52,66,87,88,175
51302,ACACIO,desnutricion global,desnutricion leve (l),2006-03-01,25,14,36,33,61,47,108
20201,ACHACACHI,desnutricion global,desnutricion leve (l),2006-03-01,31,37,30,46,61,83,144
20104,ACHOCALLA,desnutricion global,desnutricion leve (l),2006-03-01,7,5,6,8,13,13,26
30201,AIQUILE,desnutricion global,desnutricion leve (l),2006-03-01,32,33,29,42,61,75,136
31303,ALALAY,desnutricion global,desnutricion leve (l),2006-03-01,18,22,12,11,30,33,63
10404,ALCALA,desnutricion global,desnutricion leve (l),2006-03-01,10,13,21,23,31,36,67
20202,ANCORAIMES,desnutricion global,desnutricion leve (l),2006-03-01,25,26,21,20,46,46,92
41201,ANDAMARCA,desnutricion global,desnutricion leve (l),2006-03-01,1,9,16,14,17,23,40
30402,ANZALDO,desnutricion global,desnutricion leve (l),2006-03-01,7,10,4,1,11,11,22
20701,APOLO,desnutricion global,desnutricion leve (l),2006-03-01,25,35,24,38,49,73,122
51301,ARAMPAMPA,desnutricion global,desnutricion leve (l),2006-03-01,27,20,32,37,59,57,116
30501,ARANI,desnutricion global,desnutricion leve (l),2006-03-01,19,27,25,39,44,66,110
30403,ARBIETO,desnutricion global,desnutricion leve (l),2006-03-01,14,10,17,15,31,25,56
30601,ARQUE,desnutricion global,desnutricion leve (l),2006-03-01,32,41,28,33,60,74,134
71501,ASCENCION DE GUARAYOS,desnutricion global,desnutricion leve (l),2006-03-01,2,2,4,5,6,7,13
50802,ATOCHA,desnutricion global,desnutricion leve (l),2006-03-01,53,37,64,51,117,88,205
20503,AUCAPATA,desnutricion global,desnutricion leve (l),2006-03-01,13,12,8,7,21,19,40
20502,AYATA,desnutricion global,desnutricion leve (l),2006-03-01,32,24,15,21,47,45,92
21303,AYO AYO,desnutricion global,desnutricion leve (l),2006-03-01,9,4,10,8,19,12,31
30301,AYOPAYA (V. DE INDEPENDENCIA),desnutricion global,desnutricion leve (l),2006-03-01,57,40,73,94,130,134,264
10201,AZURDUY,desnutricion global,desnutricion leve (l),2006-03-01,57,77,84,141,141,218,359
21203,BATALLAS,desnutricion global,desnutricion leve (l),2006-03-01,20,11,5,8,25,19,44
80802,BAURES,desnutricion global,desnutricion leve (l),2006-03-01,8,8,4,14,12,22,34
41202,BELEN DE ANDAMARCA,desnutricion global,desnutricion leve (l),2006-03-01,2,2,5,1,7,3,10
50104,BELEN DE URMIRI,desnutricion global,desnutricion leve (l),2006-03-01,7,11,16,14,23,25,48
90104,BELLA FLOR,desnutricion global,desnutricion leve (l),2006-03-01,6,6,11,10,17,16,33
60202,BERMEJO,desnutricion global,desnutricion leve (l),2006-03-01,15,8,12,24,27,32,59
50301,BETANZOS,desnutricion global,desnutricion leve (l),2006-03-01,98,93,137,168,235,261,496
31501,BOLIVAR,desnutricion global,desnutricion leve (l),2006-03-01,39,56,46,53,85,109,194
90103,BOLPEBRA,desnutricion global,desnutricion leve (l),2006-03-01,2,2,0,4,2,6,8
70707,BOYUIBE,desnutricion global,desnutricion leve (l),2006-03-01,7,3,9,10,16,13,29
70401,BUENA VISTA,desnutricion global,desnutricion leve (l),2006-03-01,13,11,11,12,24,23,47
70703,CABEZAS,desnutricion global,desnutricion leve (l),2006-03-01,22,35,33,34,55,69,124
20905,CAIROMA,desnutricion global,desnutricion leve (l),2006-03-01,54,54,39,59,93,113,206
51102,"CAIZA ""D""",desnutricion global,desnutricion leve (l),2006-03-01,26,16,32,30,58,46,104
21003,CAJUATA,desnutricion global,desnutricion leve (l),2006-03-01,17,13,21,22,38,35,73
20303,CALACOTO,desnutricion global,desnutricion leve (l),2006-03-01,15,18,18,22,33,40,73
21304,CALAMARCA,desnutricion global,desnutricion leve (l),2006-03-01,81,54,74,66,155,120,275
10701,CAMARGO,desnutricion global,desnutricion leve (l),2006-03-01,39,53,61,81,100,134,234
10901,CAMATAQUI (C. VILLA ABECIA),desnutricion global,desnutricion leve (l),2006-03-01,7,5,18,15,25,20,45
70706,CAMIRI,desnutricion global,desnutricion leve (l),2006-03-01,68,67,52,76,120,143,263
30701,CAPINOTA,desnutricion global,desnutricion leve (l),2006-03-01,24,27,31,40,55,67,122
20302,CAQUIAVIRI,desnutricion global,desnutricion leve (l),2006-03-01,10,12,11,15,21,27,48
40102,CARACOLLO,desnutricion global,desnutricion leve (l),2006-03-01,18,36,21,16,39,52,91
22001,CARANAVI,desnutricion global,desnutricion leve (l),2006-03-01,91,87,94,81,185,168,353
60302,CARAPARI,desnutricion global,desnutricion leve (l),2006-03-01,13,6,21,9,34,15,49
50702,CARIPUYO,desnutricion global,desnutricion leve (l),2006-03-01,38,62,100,109,138,171,309
71403,CARMEN RIVERO TORREZ,desnutricion global,desnutricion leve (l),2006-03-01,4,7,3,4,7,11,18
21902,CATACORA,desnutricion global,desnutricion leve (l),2006-03-01,5,7,11,8,16,15,31
21803,CHACARILLA,desnutricion global,desnutricion leve (l),2006-03-01,0,0,1,2,1,2,3
40201,CHALLAPATA,desnutricion global,desnutricion leve (l),2006-03-01,57,50,48,62,105,112,217
50302,CHAQUI,desnutricion global,desnutricion leve (l),2006-03-01,19,29,44,38,63,67,130
70702,CHARAGUA,desnutricion global,desnutricion leve (l),2006-03-01,57,69,50,61,107,130,237
20305,CHARAÑA,desnutricion global,desnutricion leve (l),2006-03-01,5,1,8,7,13,8,21
50202,CHAYANTA,desnutricion global,desnutricion leve (l),2006-03-01,23,23,45,40,68,63,131
31204,CHIMORE,desnutricion global,desnutricion leve (l),2006-03-01,53,39,34,28,87,67,154
40903,CHIPAYA,desnutricion global,desnutricion leve (l),2006-03-01,6,8,1,3,7,11,18
40302,CHOQUE COTA,desnutricion global,desnutricion leve (l),2006-03-01,2,5,2,1,4,6,10
21101,CHULUMANI (V. DE LA LIBERTAD),desnutricion global,desnutricion leve (l),2006-03-01,29,19,13,11,42,30,72
20501,CHUMA,desnutricion global,desnutricion leve (l),2006-03-01,31,26,36,39,67,65,132
30801,CLIZA,desnutricion global,desnutricion leve (l),2006-03-01,35,27,25,21,60,48,108
90101,COBIJA,desnutricion global,desnutricion leve (l),2006-03-01,50,36,44,38,94,74,168
30101,COCHABAMBA,desnutricion global,desnutricion leve (l),2006-03-01,497,484,466,345,963,829,1792
40902,COIPASA,desnutricion global,desnutricion leve (l),2006-03-01,0,2,2,2,2,4,6
30905,COLCAPIRHUA,desnutricion global,desnutricion leve (l),2006-03-01,78,74,53,56,131,130,261
50901,"COLCHA ""K""",desnutricion global,desnutricion leve (l),2006-03-01,27,22,26,32,53,54,107
21307,COLLANA,desnutricion global,desnutricion leve (l),2006-03-01,3,3,10,3,13,6,19
31002,COLOMI,desnutricion global,desnutricion leve (l),2006-03-01,57,27,37,42,94,69,163
70603,COLPA BELGICA,desnutricion global,desnutricion leve (l),2006-03-01,13,9,4,11,17,20,37
50401,COLQUECHACA,desnutricion global,desnutricion leve (l),2006-03-01,108,117,93,82,201,199,400
21306,COLQUENCHA,desnutricion global,desnutricion leve (l),2006-03-01,26,21,19,30,45,51,96
21004,COLQUIRI,desnutricion global,desnutricion leve (l),2006-03-01,35,34,30,27,65,61,126
20304,COMANCHE,desnutricion global,desnutricion leve (l),2006-03-01,6,4,8,7,14,11,25
71301,COMARAPA,desnutricion global,desnutricion leve (l),2006-03-01,39,42,53,40,92,82,174
20605,COMBAYA,desnutricion global,desnutricion leve (l),2006-03-01,4,4,10,6,14,10,24
71101,CONCEPCION,desnutricion global,desnutricion leve (l),2006-03-01,79,53,21,41,100,94,194
21701,COPACABANA,desnutricion global,desnutricion leve (l),2006-03-01,18,24,34,16,52,40,92
21402,CORIPATA,desnutricion global,desnutricion leve (l),2006-03-01,7,8,9,10,16,18,34
20301,CORO CORO,desnutricion global,desnutricion leve (l),2006-03-01,15,11,15,18,30,29,59
21401,COROICO,desnutricion global,desnutricion leve (l),2006-03-01,17,22,14,24,31,46,77
40301,CORQUE,desnutricion global,desnutricion leve (l),2006-03-01,8,13,12,9,20,22,42
50601,COTAGAITA,desnutricion global,desnutricion leve (l),2006-03-01,77,59,90,68,167,127,294
70102,COTOCA,desnutricion global,desnutricion leve (l),2006-03-01,56,60,29,25,85,85,170
71106,CUATRO CAÑADAS,desnutricion global,desnutricion leve (l),2006-03-01,7,9,12,15,19,24,43
31405,CUCHUMUELA (V. G. VILLARROEL),desnutricion global,desnutricion leve (l),2006-03-01,7,1,9,2,16,3,19
70704,CUEVO,desnutricion global,desnutricion leve (l),2006-03-01,6,9,5,19,11,28,39
10902,CULPINA,desnutricion global,desnutricion leve (l),2006-03-01,98,90,103,119,201,209,410
40401,CURAHUARA DE CARANGAS,desnutricion global,desnutricion leve (l),2006-03-01,12,10,14,17,26,27,53
21602,CURVA,desnutricion global,desnutricion leve (l),2006-03-01,11,11,16,12,27,23,50
20804,DESAGUADERO,desnutricion global,desnutricion leve (l),2006-03-01,14,5,9,6,23,11,34
20105,EL ALTO,desnutricion global,desnutricion leve (l),2006-03-01,1245,1099,846,832,2091,1931,4022
40103,EL CHORO,desnutricion global,desnutricion leve (l),2006-03-01,9,4,5,5,14,9,23
71503,EL PUENTE(STC),desnutricion global,desnutricion leve (l),2006-03-01,48,59,45,65,93,124,217
60502,EL PUENTE(TJA),desnutricion global,desnutricion leve (l),2006-03-01,25,21,48,65,73,86,159
70105,EL TORNO,desnutricion global,desnutricion leve (l),2006-03-01,26,35,33,33,59,68,127
10405,EL VILLAR,desnutricion global,desnutricion leve (l),2006-03-01,4,12,24,39,28,51,79
60601,ENTRE RIOS,desnutricion global,desnutricion leve (l),2006-03-01,36,38,49,60,85,98,183
60601,ENTRE RIOS,desnutricion global,desnutricion leve (l),2006-03-01,54,55,50,35,104,90,194
40502,ESCARA,desnutricion global,desnutricion leve (l),2006-03-01,0,0,2,2,2,2,4
41101,EUCALIPTUS,desnutricion global,desnutricion leve (l),2006-03-01,9,5,16,12,25,17,42
90503,EUREKA (SANTOS MERCADO),desnutricion global,desnutricion leve (l),2006-03-01,0,4,2,0,2,4,6
80402,EXALTACION,desnutricion global,desnutricion leve (l),2006-03-01,4,3,5,4,9,7,16
71004,FERNANDEZ ALONSO,desnutricion global,desnutricion leve (l),2006-03-01,22,22,18,28,40,50,90
90203,FILADELFIA,desnutricion global,desnutricion leve (l),2006-03-01,5,9,12,20,17,29,46
71002,GENERAL SAAVEDRA,desnutricion global,desnutricion leve (l),2006-03-01,39,29,27,41,66,70,136
21601,GRAL. J.J. PEREZ (CHARAZANI),desnutricion global,desnutricion leve (l),2006-03-01,41,38,38,34,79,72,151
20602,GUANAY,desnutricion global,desnutricion leve (l),2006-03-01,24,34,19,23,43,57,100
20802,GUAQUI,desnutricion global,desnutricion leve (l),2006-03-01,5,13,7,5,12,18,30
80202,GUAYARAMERIN,desnutricion global,desnutricion leve (l),2006-03-01,51,46,52,48,103,94,197
70705,GUTIERREZ,desnutricion global,desnutricion leve (l),2006-03-01,37,33,69,75,106,108,214
10502,HUACARETA,desnutricion global,desnutricion leve (l),2006-03-01,22,19,25,44,47,63,110
11002,HUACAYA (VILLA DE HUACAYA),desnutricion global,desnutricion leve (l),2006-03-01,8,8,19,19,27,27,54
40501,HUACHACALLA,desnutricion global,desnutricion leve (l),2006-03-01,1,3,4,2,5,5,10
40701,HUANUNI,desnutricion global,desnutricion leve (l),2006-03-01,35,29,31,30,66,59,125
80803,HUARACAJE,desnutricion global,desnutricion leve (l),2006-03-01,4,4,2,6,6,10,16
41601,HUAYLLAMARCA,desnutricion global,desnutricion leve (l),2006-03-01,2,2,4,2,6,4,10
21005,ICHOCA,desnutricion global,desnutricion leve (l),2006-03-01,9,12,16,13,25,25,50
10304,ICLA,desnutricion global,desnutricion leve (l),2006-03-01,50,46,119,105,169,151,320
10703,INCAHUASI,desnutricion global,desnutricion leve (l),2006-03-01,100,107,110,105,210,212,422
90402,INGAVI (HUMAITA),desnutricion global,desnutricion leve (l),2006-03-01,6,6,8,7,14,13,27
21001,INQUISIVI,desnutricion global,desnutricion leve (l),2006-03-01,37,30,46,67,83,97,180
21102,IRUPANA (VILLA DE LANZA),desnutricion global,desnutricion leve (l),2006-03-01,18,9,34,25,52,34,86
21501,IXIAMAS,desnutricion global,desnutricion leve (l),2006-03-01,15,13,11,11,26,24,50
20806,JESUS DE MACHACA,desnutricion global,desnutricion leve (l),2006-03-01,10,20,14,13,24,33,57
21105,LA ASUNTA,desnutricion global,desnutricion leve (l),2006-03-01,19,19,25,24,44,43,87
70104,LA GUARDIA,desnutricion global,desnutricion leve (l),2006-03-01,71,77,37,45,108,122,230
20101,LA PAZ,desnutricion global,desnutricion leve (l),2006-03-01,853,748,529,562,1382,1310,2692
70701,LAGUNILLAS,desnutricion global,desnutricion leve (l),2006-03-01,18,20,30,45,48,65,113
21202,LAJA,desnutricion global,desnutricion leve (l),2006-03-01,19,13,14,13,33,26,59
10903,LAS CARRERAS,desnutricion global,desnutricion leve (l),2006-03-01,7,3,19,24,26,27,53
21006,LICOMA PAMPA,desnutricion global,desnutricion leve (l),2006-03-01,3,2,5,9,8,11,19
50203,LLALLAGUA,desnutricion global,desnutricion leve (l),2006-03-01,74,56,81,88,155,144,299
51401,LLICA,desnutricion global,desnutricion leve (l),2006-03-01,6,5,3,11,9,16,25
80601,LORETO,desnutricion global,desnutricion leve (l),2006-03-01,5,7,2,9,7,16,23
20901,LURIBAY,desnutricion global,desnutricion leve (l),2006-03-01,19,27,30,40,49,67,116
40702,MACHACAMARCA,desnutricion global,desnutricion leve (l),2006-03-01,13,5,11,12,24,17,41
11003,MACHARETI,desnutricion global,desnutricion leve (l),2006-03-01,21,11,32,33,53,44,97
80801,MAGDALENA,desnutricion global,desnutricion leve (l),2006-03-01,16,14,8,5,24,19,43
70903,MAIRANA,desnutricion global,desnutricion leve (l),2006-03-01,16,11,7,12,23,23,46
20904,MALLA,desnutricion global,desnutricion leve (l),2006-03-01,17,9,19,22,36,31,67
20607,MAPIRI,desnutricion global,desnutricion leve (l),2006-03-01,10,5,4,4,14,9,23
20103,MECAPACA,desnutricion global,desnutricion leve (l),2006-03-01,26,12,11,17,37,29,66
71003,MINEROS,desnutricion global,desnutricion leve (l),2006-03-01,44,55,26,22,70,77,147
31301,MIZQUE,desnutricion global,desnutricion leve (l),2006-03-01,50,51,59,55,109,106,215
20402,MOCOMOCO,desnutricion global,desnutricion leve (l),2006-03-01,35,20,35,20,70,40,110
10303,MOJOCOYA,desnutricion global,desnutricion leve (l),2006-03-01,24,27,39,44,63,71,134
10501,MONTEAGUDO,desnutricion global,desnutricion leve (l),2006-03-01,58,58,126,137,184,195,379
71001,MONTERO,desnutricion global,desnutricion leve (l),2006-03-01,266,222,172,188,438,410,848
70803,MORO MORO,desnutricion global,desnutricion leve (l),2006-03-01,5,2,6,8,11,10,21
30302,MOROCHATA,desnutricion global,desnutricion leve (l),2006-03-01,44,40,42,39,86,79,165
90401,NACEBE (SANTA ROSA DEL ABUNA),desnutricion global,desnutricion leve (l),2006-03-01,3,1,2,0,5,1,6
20307,NAZACARA DE PACAJES,desnutricion global,desnutricion leve (l),2006-03-01,0,0,2,1,2,1,3
90501,NUEVO MANOA (NUEVA ESPERANZA),desnutricion global,desnutricion leve (l),2006-03-01,0,0,1,0,1,0,1
50404,OCURI,desnutricion global,desnutricion leve (l),2006-03-01,88,82,93,98,181,180,361
70202,OKINAWA,desnutricion global,desnutricion leve (l),2006-03-01,14,22,9,23,23,45,68
30203,OMEREQUE,desnutricion global,desnutricion leve (l),2006-03-01,1,4,4,2,5,6,11
40101,ORURO,desnutricion global,desnutricion leve (l),2006-03-01,424,411,317,299,741,710,1451
60201,PADCAYA,desnutricion global,desnutricion leve (l),2006-03-01,21,28,36,50,57,78,135
10401,PADILLA,desnutricion global,desnutricion leve (l),2006-03-01,32,43,93,109,125,152,277
70502,PAILON,desnutricion global,desnutricion leve (l),2006-03-01,0,68,44,0,44,68,112
20102,PALCA,desnutricion global,desnutricion leve (l),2006-03-01,12,8,9,5,21,13,34
21104,PALOS BLANCOS,desnutricion global,desnutricion leve (l),2006-03-01,57,69,48,73,105,142,247
40802,PAMPA AULLAGAS,desnutricion global,desnutricion leve (l),2006-03-01,5,6,7,7,12,13,25
70902,PAMPA GRANDE,desnutricion global,desnutricion leve (l),2006-03-01,5,11,12,18,17,29,46
21802,PAPEL PAMPA,desnutricion global,desnutricion leve (l),2006-03-01,6,8,3,6,9,14,23
30202,PASORAPA,desnutricion global,desnutricion leve (l),2006-03-01,11,13,12,9,23,22,45
21305,PATACAMAYA,desnutricion global,desnutricion leve (l),2006-03-01,55,64,43,27,98,91,189
40602,PAZÑA,desnutricion global,desnutricion leve (l),2006-03-01,13,13,8,14,21,27,48
20702,PELECHUCO,desnutricion global,desnutricion leve (l),2006-03-01,13,7,19,13,32,20,52
50403,POCOATA,desnutricion global,desnutricion leve (l),2006-03-01,59,71,69,88,128,159,287
31203,POCONA,desnutricion global,desnutricion leve (l),2006-03-01,22,10,16,18,38,28,66
31202,POJO (CBBA),desnutricion global,desnutricion leve (l),2006-03-01,39,51,46,43,85,94,179
40601,POOPO,desnutricion global,desnutricion leve (l),2006-03-01,14,8,21,15,35,23,58
51203,PORCO,desnutricion global,desnutricion leve (l),2006-03-01,17,22,11,10,28,32,60
10103,POROMA,desnutricion global,desnutricion leve (l),2006-03-01,76,80,77,71,153,151,304
70103,PORONGO,desnutricion global,desnutricion leve (l),2006-03-01,4,2,5,4,9,6,15
70601,PORTACHUELO,desnutricion global,desnutricion leve (l),2006-03-01,42,35,45,32,87,67,154
90102,PORVENIR,desnutricion global,desnutricion leve (l),2006-03-01,6,8,5,9,11,17,28
70804,POSTRER VALLE,desnutricion global,desnutricion leve (l),2006-03-01,2,3,5,8,7,11,18
50101,POTOSI,desnutricion global,desnutricion leve (l),2006-03-01,369,341,248,250,617,591,1208
10302,PRESTO,desnutricion global,desnutricion leve (l),2006-03-01,54,31,59,59,113,90,203
70805,PUCARA,desnutricion global,desnutricion leve (l),2006-03-01,1,2,2,2,3,4,7
21201,PUCARANI,desnutricion global,desnutricion leve (l),2006-03-01,43,59,41,31,84,90,174
20401,PUERTO ACOSTA,desnutricion global,desnutricion leve (l),2006-03-01,40,46,63,67,103,113,216
20403,PUERTO CARABUCO,desnutricion global,desnutricion leve (l),2006-03-01,25,41,27,57,52,98,150
90301,PUERTO GONZALO MORENO,desnutricion global,desnutricion leve (l),2006-03-01,10,21,20,28,30,49,79
21204,PUERTO PEREZ,desnutricion global,desnutricion leve (l),2006-03-01,4,0,3,5,7,5,12
71402,PUERTO QUIJARRO,desnutricion global,desnutricion leve (l),2006-03-01,21,25,7,15,28,40,68
90201,PUERTO RICO,desnutricion global,desnutricion leve (l),2006-03-01,11,14,10,23,21,37,58
80703,PUERTO SILES,desnutricion global,desnutricion leve (l),2006-03-01,2,1,3,2,5,3,8
71401,PUERTO SUAREZ,desnutricion global,desnutricion leve (l),2006-03-01,22,22,11,10,33,32,65
31205,PUERTO VILLARROEL,desnutricion global,desnutricion leve (l),2006-03-01,140,139,132,104,272,243,515
51101,PUNA,desnutricion global,desnutricion leve (l),2006-03-01,90,98,121,148,211,246,457
31401,PUNATA,desnutricion global,desnutricion leve (l),2006-03-01,45,64,33,40,78,104,182
20604,QUIABAYA,desnutricion global,desnutricion leve (l),2006-03-01,0,1,1,1,1,2,3
30901,QUILLACOLLO,desnutricion global,desnutricion leve (l),2006-03-01,134,111,103,101,237,212,449
21002,QUIME,desnutricion global,desnutricion leve (l),2006-03-01,28,20,26,16,54,36,90
70904,QUIRUSILLAS,desnutricion global,desnutricion leve (l),2006-03-01,2,1,1,1,3,2,5
50402,RAVELO,desnutricion global,desnutricion leve (l),2006-03-01,105,87,116,140,221,227,448
80301,REYES,desnutricion global,desnutricion leve (l),2006-03-01,20,22,23,24,43,46,89
80201,RIBERALTA,desnutricion global,desnutricion leve (l),2006-03-01,201,232,149,182,350,414,764
70503,ROBORE,desnutricion global,desnutricion leve (l),2006-03-01,28,21,36,50,64,71,135
80304,RURRENABAQUE,desnutricion global,desnutricion leve (l),2006-03-01,32,29,26,20,58,49,107
40901,SABAYA,desnutricion global,desnutricion leve (l),2006-03-01,4,4,10,10,14,14,28
31001,SACABA,desnutricion global,desnutricion leve (l),2006-03-01,175,139,118,90,293,229,522
30404,SACABAMBA,desnutricion global,desnutricion leve (l),2006-03-01,17,11,9,16,26,27,53
50701,SACACA,desnutricion global,desnutricion leve (l),2006-03-01,125,132,176,176,301,308,609
71302,SAIPINA,desnutricion global,desnutricion leve (l),2006-03-01,9,19,12,17,21,36,57
40801,SALINAS DE GARCI MENDOZA,desnutricion global,desnutricion leve (l),2006-03-01,20,24,29,26,49,50,99
70901,SAMAIPATA,desnutricion global,desnutricion leve (l),2006-03-01,15,7,15,16,30,23,53
51601,SAN AGUSTIN,desnutricion global,desnutricion leve (l),2006-03-01,5,6,6,13,11,19,30
80602,SAN ANDRES,desnutricion global,desnutricion leve (l),2006-03-01,10,6,9,19,19,25,44
20805,SAN ANDRES DE MACHACA,desnutricion global,desnutricion leve (l),2006-03-01,4,5,9,10,13,15,28
51003,SAN ANTONIO DE ESMORUCO,desnutricion global,desnutricion leve (l),2006-03-01,7,6,9,4,16,10,26
71105,SAN ANTONIO DE LOMERIO,desnutricion global,desnutricion leve (l),2006-03-01,39,35,47,64,86,99,185
31403,SAN BENITO,desnutricion global,desnutricion leve (l),2006-03-01,13,17,10,16,23,33,56
80302,SAN BORJA,desnutricion global,desnutricion leve (l),2006-03-01,86,94,52,56,138,150,288
21502,SAN BUENA VENTURA,desnutricion global,desnutricion leve (l),2006-03-01,14,11,12,30,26,41,67
70402,SAN CARLOS,desnutricion global,desnutricion leve (l),2006-03-01,25,26,16,22,41,48,89
80501,SAN IGNACIO,desnutricion global,desnutricion leve (l),2006-03-01,51,60,72,70,123,130,253
70301,SAN IGNACIO DE VELASCO,desnutricion global,desnutricion leve (l),2006-03-01,146,187,151,189,297,376,673
80102,SAN JAVIER(BNI),desnutricion global,desnutricion leve (l),2006-03-01,2,7,2,2,4,9,13
71102,SAN JAVIER(STC),desnutricion global,desnutricion leve (l),2006-03-01,1,1,0,0,1,1,2
80701,SAN JOAQUIN,desnutricion global,desnutricion leve (l),2006-03-01,4,7,10,7,14,14,28
70501,SAN JOSE DE CHIQUITOS,desnutricion global,desnutricion leve (l),2006-03-01,46,46,27,33,73,79,152
70404,SAN JUAN DE YAPACANI,desnutricion global,desnutricion leve (l),2006-03-01,12,13,9,9,21,22,43
71104,SAN JULIAN,desnutricion global,desnutricion leve (l),2006-03-01,68,124,37,38,105,162,267
90302,SAN LORENZO(PND),desnutricion global,desnutricion leve (l),2006-03-01,2,2,3,1,5,3,8
60501,SAN LORENZO(TJA),desnutricion global,desnutricion leve (l),2006-03-01,49,52,78,75,127,127,254
10702,SAN LUCAS,desnutricion global,desnutricion leve (l),2006-03-01,245,203,259,318,504,521,1025
71201,SAN MATIAS,desnutricion global,desnutricion leve (l),2006-03-01,26,30,18,27,44,57,101
70302,SAN MIGUEL DE VELASCO,desnutricion global,desnutricion leve (l),2006-03-01,31,15,16,17,47,32,79
51001,SAN PABLO DE LIPEZ,desnutricion global,desnutricion leve (l),2006-03-01,3,3,11,7,14,10,24
71005,SAN PEDRO,desnutricion global,desnutricion leve (l),2006-03-01,34,29,18,20,52,49,101
50501,SAN PEDRO DE BUENA VISTA,desnutricion global,desnutricion leve (l),2006-03-01,78,73,94,110,172,183,355
21801,SAN PEDRO DE CURAHUARA,desnutricion global,desnutricion leve (l),2006-03-01,7,5,4,5,11,10,21
50902,SAN PEDRO DE QUEMES,desnutricion global,desnutricion leve (l),2006-03-01,1,1,0,1,1,2,3
21702,SAN PEDRO DE TIQUINA,desnutricion global,desnutricion leve (l),2006-03-01,6,10,9,9,15,19,34
70303,SAN RAFAEL,desnutricion global,desnutricion leve (l),2006-03-01,18,14,21,20,39,34,73
80702,SAN RAMON,desnutricion global,desnutricion leve (l),2006-03-01,4,5,1,8,5,13,18
80401,SANTA ANA,desnutricion global,desnutricion leve (l),2006-03-01,17,21,12,12,29,33,62
70101,SANTA CRUZ DE LA SIERRA,desnutricion global,desnutricion leve (l),2006-03-01,749,827,421,527,1170,1354,2524
80303,SANTA ROSA,desnutricion global,desnutricion leve (l),2006-03-01,5,15,4,6,9,21,30
70602,SANTA ROSA DEL SARA,desnutricion global,desnutricion leve (l),2006-03-01,18,25,37,23,55,48,103
20308,SANTIAGO DE CALLAPA,desnutricion global,desnutricion leve (l),2006-03-01,4,8,15,8,19,16,35
41401,SANTIAGO DE HUARI,desnutricion global,desnutricion leve (l),2006-03-01,7,8,7,17,14,25,39
21901,SANTIAGO DE MACHACA,desnutricion global,desnutricion leve (l),2006-03-01,7,4,8,3,15,7,22
30702,SANTIVAÑES,desnutricion global,desnutricion leve (l),2006-03-01,10,15,13,10,23,25,48
40202,SANTUARIO DE QUILLACAS,desnutricion global,desnutricion leve (l),2006-03-01,8,5,6,7,14,12,26
20902,SAPAHAQUI,desnutricion global,desnutricion leve (l),2006-03-01,28,25,33,34,61,59,120
90303,SENA,desnutricion global,desnutricion leve (l),2006-03-01,3,11,4,8,7,19,26
21301,SICA SICA (VILLA AROMA),desnutricion global,desnutricion leve (l),2006-03-01,62,58,54,45,116,103,219
30703,SICAYA,desnutricion global,desnutricion leve (l),2006-03-01,19,8,25,11,44,19,63
30902,SIPE SIPE,desnutricion global,desnutricion leve (l),2006-03-01,110,118,101,83,211,201,412
10403,SOPACHUY,desnutricion global,desnutricion leve (l),2006-03-01,14,32,35,58,49,90,139
40104,SORACACHI,desnutricion global,desnutricion leve (l),2006-03-01,21,18,26,30,47,48,95
20601,SORATA,desnutricion global,desnutricion leve (l),2006-03-01,25,19,14,21,39,40,79
10101,SUCRE,desnutricion global,desnutricion leve (l),2006-03-01,345,332,330,358,675,690,1365
31404,TACACHI,desnutricion global,desnutricion leve (l),2006-03-01,0,1,0,0,0,1,1
20603,TACACOMA,desnutricion global,desnutricion leve (l),2006-03-01,6,2,6,8,12,10,22
50303,TACOBAMBA,desnutricion global,desnutricion leve (l),2006-03-01,32,38,33,27,65,65,130
30602,TACOPAYA,desnutricion global,desnutricion leve (l),2006-03-01,27,28,26,51,53,79,132
51402,TAHUA,desnutricion global,desnutricion leve (l),2006-03-01,1,1,2,1,3,2,5
31101,TAPACARI,desnutricion global,desnutricion leve (l),2006-03-01,84,95,79,79,163,174,337
10601,TARABUCO,desnutricion global,desnutricion leve (l),2006-03-01,91,95,153,182,244,277,521
20807,TARACO,desnutricion global,desnutricion leve (l),2006-03-01,0,1,8,4,8,5,13
30401,TARATA,desnutricion global,desnutricion leve (l),2006-03-01,4,1,4,5,8,6,14
60101,TARIJA,desnutricion global,desnutricion leve (l),2006-03-01,222,184,161,198,383,382,765
10202,TARVITA,desnutricion global,desnutricion leve (l),2006-03-01,66,93,135,154,201,247,448
20608,TEOPONTE,desnutricion global,desnutricion leve (l),2006-03-01,15,7,8,9,23,16,39
20803,TIAWANACU,desnutricion global,desnutricion leve (l),2006-03-01,14,8,12,7,26,15,41
50102,TINGUIPAYA,desnutricion global,desnutricion leve (l),2006-03-01,63,52,82,75,145,127,272
20606,TIPUANI,desnutricion global,desnutricion leve (l),2006-03-01,4,5,10,7,14,12,26
30903,TIQUIPAYA,desnutricion global,desnutricion leve (l),2006-03-01,64,58,49,50,113,108,221
31601,TIRAQUE (CBBA),desnutricion global,desnutricion leve (l),2006-03-01,137,86,108,108,245,194,439
21703,TITO YUPANQUI (PARQUIPUJIO),desnutricion global,desnutricion leve (l),2006-03-01,1,1,1,4,2,5,7
30802,TOCO,desnutricion global,desnutricion leve (l),2006-03-01,10,4,19,8,29,12,41
30803,TOLATA,desnutricion global,desnutricion leve (l),2006-03-01,9,10,2,4,11,14,25
41001,TOLEDO,desnutricion global,desnutricion leve (l),2006-03-01,7,9,11,18,18,27,45
51202,TOMAVE,desnutricion global,desnutricion leve (l),2006-03-01,34,18,33,16,67,34,101
10402,TOMINA,desnutricion global,desnutricion leve (l),2006-03-01,59,43,84,113,143,156,299
50502,TORO TORO,desnutricion global,desnutricion leve (l),2006-03-01,65,69,97,109,162,178,340
31201,TOTORA(CBBA),desnutricion global,desnutricion leve (l),2006-03-01,61,50,35,39,96,89,185
41301,TOTORA(ORR),desnutricion global,desnutricion leve (l),2006-03-01,5,5,15,4,20,9,29
70802,TRIGAL,desnutricion global,desnutricion leve (l),2006-03-01,2,2,1,1,3,3,6
80101,TRINIDAD,desnutricion global,desnutricion leve (l),2006-03-01,160,176,91,113,251,289,540
50801,TUPIZA,desnutricion global,desnutricion leve (l),2006-03-01,105,113,123,166,228,279,507
40402,TURCO,desnutricion global,desnutricion leve (l),2006-03-01,5,9,11,10,16,19,35
21302,UMALA,desnutricion global,desnutricion leve (l),2006-03-01,14,12,29,17,43,29,72
50201,UNCIA,desnutricion global,desnutricion leve (l),2006-03-01,53,51,49,57,102,108,210
60401,URIONDO (A. CONCEPCION),desnutricion global,desnutricion leve (l),2006-03-01,27,25,42,62,69,87,156
51201,UYUNI,desnutricion global,desnutricion leve (l),2006-03-01,82,54,50,62,132,116,248
30502,VACAS,desnutricion global,desnutricion leve (l),2006-03-01,18,12,16,9,34,21,55
70801,VALLEGRANDE,desnutricion global,desnutricion leve (l),2006-03-01,23,22,24,29,47,51,98
20801,VIACHA,desnutricion global,desnutricion leve (l),2006-03-01,44,25,35,25,79,50,129
31302,VILA VILA,desnutricion global,desnutricion leve (l),2006-03-01,17,14,18,19,35,33,68
60303,VILLA MONTES,desnutricion global,desnutricion leve (l),2006-03-01,49,58,56,47,105,105,210
90502,VILLA NUEVA (LOMA ALTA),desnutricion global,desnutricion leve (l),2006-03-01,2,5,10,8,12,13,25
31402,VILLA RIVERO,desnutricion global,desnutricion leve (l),2006-03-01,11,15,17,9,28,24,52
10801,VILLA SERRANO,desnutricion global,desnutricion leve (l),2006-03-01,40,40,118,102,158,142,300
31003,VILLA TUNARI,desnutricion global,desnutricion leve (l),2006-03-01,130,116,100,125,230,241,471
11001,VILLA VACA GUZMAN (MUYUPAMPA),desnutricion global,desnutricion leve (l),2006-03-01,25,32,50,68,75,100,175
51501,VILLAZON,desnutricion global,desnutricion leve (l),2006-03-01,101,83,90,100,191,183,374
30904,VINTO,desnutricion global,desnutricion leve (l),2006-03-01,10,9,1,1,11,10,21
50602,VITICHI,desnutricion global,desnutricion leve (l),2006-03-01,32,26,81,52,113,78,191
20306,WALDO BALLIVIAN,desnutricion global,desnutricion leve (l),2006-03-01,5,7,1,2,6,9,15
70201,WARNES,desnutricion global,desnutricion leve (l),2006-03-01,84,91,42,41,126,132,258
20903,YACO,desnutricion global,desnutricion leve (l),2006-03-01,22,23,22,18,44,41,85
60301,YACUIBA,desnutricion global,desnutricion leve (l),2006-03-01,67,77,64,77,131,154,285
10602,YAMPARAEZ,desnutricion global,desnutricion leve (l),2006-03-01,35,28,95,95,130,123,253
21103,YANACACHI,desnutricion global,desnutricion leve (l),2006-03-01,2,2,1,2,3,4,7
70403,YAPACANI,desnutricion global,desnutricion leve (l),2006-03-01,86,76,76,68,162,144,306
50103,YOCALLA,desnutricion global,desnutricion leve (l),2006-03-01,2,4,3,2,5,6,11
10102,YOTALA,desnutricion global,desnutricion leve (l),2006-03-01,40,35,59,52,99,87,186
60402,YUNCHARA,desnutricion global,desnutricion leve (l),2006-03-01,23,22,42,41,65,63,128
10301,ZUDAÑEZ,desnutricion global,desnutricion leve (l),2006-03-01,32,33,36,63,68,96,164
51302,ACACIO,desnutricion global,desnutricion leve (l),2006-04-01,24,18,32,38,56,56,112
20201,ACHACACHI,desnutricion global,desnutricion leve (l),2006-04-01,33,36,31,41,64,77,141
20104,ACHOCALLA,desnutricion global,desnutricion leve (l),2006-04-01,11,13,8,16,19,29,48
30201,AIQUILE,desnutricion global,desnutricion leve (l),2006-04-01,28,20,17,17,45,37,82
31303,ALALAY,desnutricion global,desnutricion leve (l),2006-04-01,11,12,8,10,19,22,41
10404,ALCALA,desnutricion global,desnutricion leve (l),2006-04-01,24,9,32,29,56,38,94
20202,ANCORAIMES,desnutricion global,desnutricion leve (l),2006-04-01,30,25,36,49,66,74,140
41201,ANDAMARCA,desnutricion global,desnutricion leve (l),2006-04-01,8,7,20,16,28,23,51
40603,ANTEQUERA,desnutricion global,desnutricion leve (l),2006-04-01,5,8,7,6,12,14,26
30402,ANZALDO,desnutricion global,desnutricion leve (l),2006-04-01,10,16,11,22,21,38,59
20701,APOLO,desnutricion global,desnutricion leve (l),2006-04-01,38,29,38,51,76,80,156
51301,ARAMPAMPA,desnutricion global,desnutricion leve (l),2006-04-01,18,14,13,22,31,36,67
30501,ARANI,desnutricion global,desnutricion leve (l),2006-04-01,24,18,13,7,37,25,62
30403,ARBIETO,desnutricion global,desnutricion leve (l),2006-04-01,7,7,15,13,22,20,42
30601,ARQUE,desnutricion global,desnutricion leve (l),2006-04-01,34,51,28,31,62,82,144
71501,ASCENCION DE GUARAYOS,desnutricion global,desnutricion leve (l),2006-04-01,74,72,103,125,177,197,374
50802,ATOCHA,desnutricion global,desnutricion leve (l),2006-04-01,37,34,35,26,72,60,132
20503,AUCAPATA,desnutricion global,desnutricion leve (l),2006-04-01,22,17,20,16,42,33,75
20502,AYATA,desnutricion global,desnutricion leve (l),2006-04-01,23,22,14,13,37,35,72
21303,AYO AYO,desnutricion global,desnutricion leve (l),2006-04-01,11,7,8,4,19,11,30
30301,AYOPAYA (V. DE INDEPENDENCIA),desnutricion global,desnutricion leve (l),2006-04-01,53,48,68,71,121,119,240
10201,AZURDUY,desnutricion global,desnutricion leve (l),2006-04-01,52,51,85,111,137,162,299
21203,BATALLAS,desnutricion global,desnutricion leve (l),2006-04-01,9,4,5,6,14,10,24
80802,BAURES,desnutricion global,desnutricion leve (l),2006-04-01,6,5,2,8,8,13,21
41202,BELEN DE ANDAMARCA,desnutricion global,desnutricion leve (l),2006-04-01,2,2,1,0,3,2,5
50104,BELEN DE URMIRI,desnutricion global,desnutricion leve (l),2006-04-01,4,5,5,7,9,12,21
90104,BELLA FLOR,desnutricion global,desnutricion leve (l),2006-04-01,3,7,6,8,9,15,24
60202,BERMEJO,desnutricion global,desnutricion leve (l),2006-04-01,10,10,14,20,24,30,54
50301,BETANZOS,desnutricion global,desnutricion leve (l),2006-04-01,62,64,80,99,142,163,305
31501,BOLIVAR,desnutricion global,desnutricion leve (l),2006-04-01,30,25,21,15,51,40,91
90103,BOLPEBRA,desnutricion global,desnutricion leve (l),2006-04-01,5,3,6,4,11,7,18
70707,BOYUIBE,desnutricion global,desnutricion leve (l),2006-04-01,12,8,18,9,30,17,47
70401,BUENA VISTA,desnutricion global,desnutricion leve (l),2006-04-01,16,13,16,22,32,35,67
70703,CABEZAS,desnutricion global,desnutricion leve (l),2006-04-01,30,31,22,21,52,52,104
20905,CAIROMA,desnutricion global,desnutricion leve (l),2006-04-01,55,58,48,70,103,128,231
51102,"CAIZA ""D""",desnutricion global,desnutricion leve (l),2006-04-01,23,17,31,30,54,47,101
21003,CAJUATA,desnutricion global,desnutricion leve (l),2006-04-01,20,11,4,11,24,22,46
20303,CALACOTO,desnutricion global,desnutricion leve (l),2006-04-01,13,10,12,13,25,23,48
21304,CALAMARCA,desnutricion global,desnutricion leve (l),2006-04-01,70,54,60,60,130,114,244
10701,CAMARGO,desnutricion global,desnutricion leve (l),2006-04-01,49,70,71,94,120,164,284
10901,CAMATAQUI (C. VILLA ABECIA),desnutricion global,desnutricion leve (l),2006-04-01,11,6,20,21,31,27,58
70706,CAMIRI,desnutricion global,desnutricion leve (l),2006-04-01,45,37,52,59,97,96,193
30701,CAPINOTA,desnutricion global,desnutricion leve (l),2006-04-01,28,26,41,36,69,62,131
20302,CAQUIAVIRI,desnutricion global,desnutricion leve (l),2006-04-01,6,9,5,12,11,21,32
40102,CARACOLLO,desnutricion global,desnutricion leve (l),2006-04-01,21,25,24,28,45,53,98
22001,CARANAVI,desnutricion global,desnutricion leve (l),2006-04-01,78,100,54,62,132,162,294
60302,CARAPARI,desnutricion global,desnutricion leve (l),2006-04-01,10,9,7,7,17,16,33
50702,CARIPUYO,desnutricion global,desnutricion leve (l),2006-04-01,31,34,25,41,56,75,131
71403,CARMEN RIVERO TORREZ,desnutricion global,desnutricion leve (l),2006-04-01,5,7,6,9,11,16,27
21902,CATACORA,desnutricion global,desnutricion leve (l),2006-04-01,1,2,1,0,2,2,4
21803,CHACARILLA,desnutricion global,desnutricion leve (l),2006-04-01,1,7,1,9,2,16,18
40201,CHALLAPATA,desnutricion global,desnutricion leve (l),2006-04-01,64,42,56,84,120,126,246
50302,CHAQUI,desnutricion global,desnutricion leve (l),2006-04-01,24,10,14,21,38,31,69
70702,CHARAGUA,desnutricion global,desnutricion leve (l),2006-04-01,46,41,36,35,82,76,158
20305,CHARAÑA,desnutricion global,desnutricion leve (l),2006-04-01,5,3,4,1,9,4,13
50202,CHAYANTA,desnutricion global,desnutricion leve (l),2006-04-01,46,43,65,56,111,99,210
31204,CHIMORE,desnutricion global,desnutricion leve (l),2006-04-01,35,20,25,27,60,47,107
40903,CHIPAYA,desnutricion global,desnutricion leve (l),2006-04-01,5,6,9,2,14,8,22
40302,CHOQUE COTA,desnutricion global,desnutricion leve (l),2006-04-01,0,0,1,0,1,0,1
21101,CHULUMANI (V. DE LA LIBERTAD),desnutricion global,desnutricion leve (l),2006-04-01,17,21,5,14,22,35,57
20501,CHUMA,desnutricion global,desnutricion leve (l),2006-04-01,18,20,19,18,37,38,75
30801,CLIZA,desnutricion global,desnutricion leve (l),2006-04-01,17,14,6,7,23,21,44
90101,COBIJA,desnutricion global,desnutricion leve (l),2006-04-01,29,35,33,30,62,65,127
30101,COCHABAMBA,desnutricion global,desnutricion leve (l),2006-04-01,341,340,264,254,605,594,1199
40902,COIPASA,desnutricion global,desnutricion leve (l),2006-04-01,1,0,0,3,1,3,4
30905,COLCAPIRHUA,desnutricion global,desnutricion leve (l),2006-04-01,69,53,44,42,113,95,208
50901,"COLCHA ""K""",desnutricion global,desnutricion leve (l),2006-04-01,24,26,20,26,44,52,96
21307,COLLANA,desnutricion global,desnutricion leve (l),2006-04-01,4,3,3,4,7,7,14
31002,COLOMI,desnutricion global,desnutricion leve (l),2006-04-01,36,40,26,33,62,73,135
70603,COLPA BELGICA,desnutricion global,desnutricion leve (l),2006-04-01,11,9,6,7,17,16,33
50401,COLQUECHACA,desnutricion global,desnutricion leve (l),2006-04-01,59,68,58,70,117,138,255
21306,COLQUENCHA,desnutricion global,desnutricion leve (l),2006-04-01,11,10,18,20,29,30,59
21004,COLQUIRI,desnutricion global,desnutricion leve (l),2006-04-01,43,54,42,33,85,87,172
20304,COMANCHE,desnutricion global,desnutricion leve (l),2006-04-01,5,2,2,7,7,9,16
71301,COMARAPA,desnutricion global,desnutricion leve (l),2006-04-01,10,22,17,17,27,39,66
20605,COMBAYA,desnutricion global,desnutricion leve (l),2006-04-01,1,3,5,5,6,8,14
71101,CONCEPCION,desnutricion global,desnutricion leve (l),2006-04-01,35,34,19,16,54,50,104
21701,COPACABANA,desnutricion global,desnutricion leve (l),2006-04-01,22,16,12,14,34,30,64
21402,CORIPATA,desnutricion global,desnutricion leve (l),2006-04-01,2,9,17,12,19,21,40
20301,CORO CORO,desnutricion global,desnutricion leve (l),2006-04-01,29,16,24,26,53,42,95
21401,COROICO,desnutricion global,desnutricion leve (l),2006-04-01,10,8,23,6,33,14,47
40301,CORQUE,desnutricion global,desnutricion leve (l),2006-04-01,8,12,16,10,24,22,46
50601,COTAGAITA,desnutricion global,desnutricion leve (l),2006-04-01,91,66,79,101,170,167,337
70102,COTOCA,desnutricion global,desnutricion leve (l),2006-04-01,49,42,15,24,64,66,130
71106,CUATRO CAÑADAS,desnutricion global,desnutricion leve (l),2006-04-01,9,7,21,13,30,20,50
31405,CUCHUMUELA (V. G. VILLARROEL),desnutricion global,desnutricion leve (l),2006-04-01,8,2,5,9,13,11,24
70704,CUEVO,desnutricion global,desnutricion leve (l),2006-04-01,8,10,8,10,16,20,36
10902,CULPINA,desnutricion global,desnutricion leve (l),2006-04-01,83,65,67,84,150,149,299
40401,CURAHUARA DE CARANGAS,desnutricion global,desnutricion leve (l),2006-04-01,9,6,18,12,27,18,45
21602,CURVA,desnutricion global,desnutricion leve (l),2006-04-01,5,6,8,8,13,14,27
20804,DESAGUADERO,desnutricion global,desnutricion leve (l),2006-04-01,12,10,6,5,18,15,33
20105,EL ALTO,desnutricion global,desnutricion leve (l),2006-04-01,1044,876,776,749,1820,1625,3445
40103,EL CHORO,desnutricion global,desnutricion leve (l),2006-04-01,3,0,3,5,6,5,11
71503,EL PUENTE(STC),desnutricion global,desnutricion leve (l),2006-04-01,22,19,19,24,41,43,84
60502,EL PUENTE(TJA),desnutricion global,desnutricion leve (l),2006-04-01,15,19,42,43,57,62,119
70105,EL TORNO,desnutricion global,desnutricion leve (l),2006-04-01,14,35,23,22,37,57,94
10405,EL VILLAR,desnutricion global,desnutricion leve (l),2006-04-01,9,11,19,35,28,46,74
60601,ENTRE RIOS,desnutricion global,desnutricion leve (l),2006-04-01,26,34,37,34,63,68,131
60601,ENTRE RIOS,desnutricion global,desnutricion leve (l),2006-04-01,21,20,26,42,47,62,109
40502,ESCARA,desnutricion global,desnutricion leve (l),2006-04-01,0,1,0,0,0,1,1
41101,EUCALIPTUS,desnutricion global,desnutricion leve (l),2006-04-01,8,1,12,7,20,8,28
90503,EUREKA (SANTOS MERCADO),desnutricion global,desnutricion leve (l),2006-04-01,0,0,0,2,0,2,2
80402,EXALTACION,desnutricion global,desnutricion leve (l),2006-04-01,11,5,1,4,12,9,21
71004,FERNANDEZ ALONSO,desnutricion global,desnutricion leve (l),2006-04-01,16,10,8,15,24,25,49
90203,FILADELFIA,desnutricion global,desnutricion leve (l),2006-04-01,2,4,1,7,3,11,14
71002,GENERAL SAAVEDRA,desnutricion global,desnutricion leve (l),2006-04-01,30,35,32,40,62,75,137
21601,GRAL. J.J. PEREZ (CHARAZANI),desnutricion global,desnutricion leve (l),2006-04-01,30,16,22,30,52,46,98
20602,GUANAY,desnutricion global,desnutricion leve (l),2006-04-01,26,13,31,26,57,39,96
20802,GUAQUI,desnutricion global,desnutricion leve (l),2006-04-01,10,5,3,4,13,9,22
80202,GUAYARAMERIN,desnutricion global,desnutricion leve (l),2006-04-01,52,58,68,44,120,102,222
70705,GUTIERREZ,desnutricion global,desnutricion leve (l),2006-04-01,32,30,64,88,96,118,214
10502,HUACARETA,desnutricion global,desnutricion leve (l),2006-04-01,20,27,24,35,44,62,106
11002,HUACAYA (VILLA DE HUACAYA),desnutricion global,desnutricion leve (l),2006-04-01,8,5,13,21,21,26,47
40501,HUACHACALLA,desnutricion global,desnutricion leve (l),2006-04-01,0,1,0,0,0,1,1
40701,HUANUNI,desnutricion global,desnutricion leve (l),2006-04-01,34,29,27,32,61,61,122
80803,HUARACAJE,desnutricion global,desnutricion leve (l),2006-04-01,5,6,8,6,13,12,25
41601,HUAYLLAMARCA,desnutricion global,desnutricion leve (l),2006-04-01,2,3,0,1,2,4,6
21005,ICHOCA,desnutricion global,desnutricion leve (l),2006-04-01,12,14,25,13,37,27,64
10304,ICLA,desnutricion global,desnutricion leve (l),2006-04-01,60,52,141,136,201,188,389
10703,INCAHUASI,desnutricion global,desnutricion leve (l),2006-04-01,88,103,89,110,177,213,390
90402,INGAVI (HUMAITA),desnutricion global,desnutricion leve (l),2006-04-01,4,0,7,0,11,0,11
21001,INQUISIVI,desnutricion global,desnutricion leve (l),2006-04-01,40,52,48,58,88,110,198
21102,IRUPANA (VILLA DE LANZA),desnutricion global,desnutricion leve (l),2006-04-01,27,16,30,28,57,44,101
21501,IXIAMAS,desnutricion global,desnutricion leve (l),2006-04-01,18,16,18,9,36,25,61
20806,JESUS DE MACHACA,desnutricion global,desnutricion leve (l),2006-04-01,21,12,15,19,36,31,67
21105,LA ASUNTA,desnutricion global,desnutricion leve (l),2006-04-01,32,24,26,12,58,36,94
70104,LA GUARDIA,desnutricion global,desnutricion leve (l),2006-04-01,73,54,29,44,102,98,200
20101,LA PAZ,desnutricion global,desnutricion leve (l),2006-04-01,645,563,429,435,1074,998,2072
41501,LA RIVERA,desnutricion global,desnutricion leve (l),2006-04-01,0,0,1,0,1,0,1
70701,LAGUNILLAS,desnutricion global,desnutricion leve (l),2006-04-01,19,15,18,31,37,46,83
21202,LAJA,desnutricion global,desnutricion leve (l),2006-04-01,15,15,12,9,27,24,51
10903,LAS CARRERAS,desnutricion global,desnutricion leve (l),2006-04-01,8,7,14,25,22,32,54
21006,LICOMA PAMPA,desnutricion global,desnutricion leve (l),2006-04-01,3,2,2,1,5,3,8
50203,LLALLAGUA,desnutricion global,desnutricion leve (l),2006-04-01,59,52,48,47,107,99,206
51401,LLICA,desnutricion global,desnutricion leve (l),2006-04-01,6,5,4,6,10,11,21
80601,LORETO,desnutricion global,desnutricion leve (l),2006-04-01,5,2,2,5,7,7,14
20901,LURIBAY,desnutricion global,desnutricion leve (l),2006-04-01,22,24,21,30,43,54,97
40702,MACHACAMARCA,desnutricion global,desnutricion leve (l),2006-04-01,6,2,4,8,10,10,20
11003,MACHARETI,desnutricion global,desnutricion leve (l),2006-04-01,16,10,23,28,39,38,77
80801,MAGDALENA,desnutricion global,desnutricion leve (l),2006-04-01,17,9,16,7,33,16,49
70903,MAIRANA,desnutricion global,desnutricion leve (l),2006-04-01,5,2,4,6,9,8,17
20904,MALLA,desnutricion global,desnutricion leve (l),2006-04-01,13,9,22,15,35,24,59
20607,MAPIRI,desnutricion global,desnutricion leve (l),2006-04-01,22,25,18,24,40,49,89
20103,MECAPACA,desnutricion global,desnutricion leve (l),2006-04-01,11,21,16,11,27,32,59
71003,MINEROS,desnutricion global,desnutricion leve (l),2006-04-01,42,34,18,25,60,59,119
31301,MIZQUE,desnutricion global,desnutricion leve (l),2006-04-01,62,72,47,49,109,121,230
20402,MOCOMOCO,desnutricion global,desnutricion leve (l),2006-04-01,25,24,39,34,64,58,122
51002,MOJINETE,desnutricion global,desnutricion leve (l),2006-04-01,3,0,0,4,3,4,7
10303,MOJOCOYA,desnutricion global,desnutricion leve (l),2006-04-01,26,21,41,40,67,61,128
10501,MONTEAGUDO,desnutricion global,desnutricion leve (l),2006-04-01,62,48,94,109,156,157,313
71001,MONTERO,desnutricion global,desnutricion leve (l),2006-04-01,196,188,162,146,358,334,692
70803,MORO MORO,desnutricion global,desnutricion leve (l),2006-04-01,4,2,7,6,11,8,19
30302,MOROCHATA,desnutricion global,desnutricion leve (l),2006-04-01,37,45,35,29,72,74,146
90401,NACEBE (SANTA ROSA DEL ABUNA),desnutricion global,desnutricion leve (l),2006-04-01,1,0,5,3,6,3,9
20307,NAZACARA DE PACAJES,desnutricion global,desnutricion leve (l),2006-04-01,0,0,0,2,0,2,2
90501,NUEVO MANOA (NUEVA ESPERANZA),desnutricion global,desnutricion leve (l),2006-04-01,0,1,0,0,0,1,1
50404,OCURI,desnutricion global,desnutricion leve (l),2006-04-01,70,60,74,72,144,132,276
70202,OKINAWA,desnutricion global,desnutricion leve (l),2006-04-01,9,10,13,13,22,23,45
30203,OMEREQUE,desnutricion global,desnutricion leve (l),2006-04-01,5,10,9,5,14,15,29
40101,ORURO,desnutricion global,desnutricion leve (l),2006-04-01,328,308,269,235,597,543,1140
60201,PADCAYA,desnutricion global,desnutricion leve (l),2006-04-01,12,15,35,49,47,64,111
10401,PADILLA,desnutricion global,desnutricion leve (l),2006-04-01,38,37,77,93,115,130,245
70502,PAILON,desnutricion global,desnutricion leve (l),2006-04-01,0,56,34,6,34,62,96
20102,PALCA,desnutricion global,desnutricion leve (l),2006-04-01,5,15,3,7,8,22,30
21104,PALOS BLANCOS,desnutricion global,desnutricion leve (l),2006-04-01,52,44,37,39,89,83,172
40802,PAMPA AULLAGAS,desnutricion global,desnutricion leve (l),2006-04-01,3,8,5,10,8,18,26
70902,PAMPA GRANDE,desnutricion global,desnutricion leve (l),2006-04-01,4,8,9,11,13,19,32
21802,PAPEL PAMPA,desnutricion global,desnutricion leve (l),2006-04-01,8,3,3,1,11,4,15
30202,PASORAPA,desnutricion global,desnutricion leve (l),2006-04-01,10,8,14,11,24,19,43
21305,PATACAMAYA,desnutricion global,desnutricion leve (l),2006-04-01,42,82,41,49,83,131,214
40602,PAZÑA,desnutricion global,desnutricion leve (l),2006-04-01,11,5,11,14,22,19,41
20702,PELECHUCO,desnutricion global,desnutricion leve (l),2006-04-01,12,5,14,8,26,13,39
50403,POCOATA,desnutricion global,desnutricion leve (l),2006-04-01,70,77,68,87,138,164,302
31203,POCONA,desnutricion global,desnutricion leve (l),2006-04-01,25,16,25,30,50,46,96
31202,POJO (CBBA),desnutricion global,desnutricion leve (l),2006-04-01,14,23,25,19,39,42,81
40601,POOPO,desnutricion global,desnutricion leve (l),2006-04-01,14,12,6,7,20,19,39
51203,PORCO,desnutricion global,desnutricion leve (l),2006-04-01,10,14,22,26,32,40,72
10103,POROMA,desnutricion global,desnutricion leve (l),2006-04-01,35,52,75,69,110,121,231
70103,PORONGO,desnutricion global,desnutricion leve (l),2006-04-01,5,1,2,0,7,1,8
70601,PORTACHUELO,desnutricion global,desnutricion leve (l),2006-04-01,13,17,26,14,39,31,70
90102,PORVENIR,desnutricion global,desnutricion leve (l),2006-04-01,7,5,9,7,16,12,28
70804,POSTRER VALLE,desnutricion global,desnutricion leve (l),2006-04-01,1,2,6,7,7,9,16
50101,POTOSI,desnutricion global,desnutricion leve (l),2006-04-01,336,255,218,182,554,437,991
10302,PRESTO,desnutricion global,desnutricion leve (l),2006-04-01,38,30,44,50,82,80,162
70805,PUCARA,desnutricion global,desnutricion leve (l),2006-04-01,2,1,8,5,10,6,16
21201,PUCARANI,desnutricion global,desnutricion leve (l),2006-04-01,31,41,25,13,56,54,110
20401,PUERTO ACOSTA,desnutricion global,desnutricion leve (l),2006-04-01,28,26,37,32,65,58,123
20403,PUERTO CARABUCO,desnutricion global,desnutricion leve (l),2006-04-01,15,16,12,21,27,37,64
90301,PUERTO GONZALO MORENO,desnutricion global,desnutricion leve (l),2006-04-01,13,5,3,11,16,16,32
21204,PUERTO PEREZ,desnutricion global,desnutricion leve (l),2006-04-01,5,4,9,5,14,9,23
71402,PUERTO QUIJARRO,desnutricion global,desnutricion leve (l),2006-04-01,14,14,4,9,18,23,41
90201,PUERTO RICO,desnutricion global,desnutricion leve (l),2006-04-01,3,3,7,9,10,12,22
80703,PUERTO SILES,desnutricion global,desnutricion leve (l),2006-04-01,10,6,4,4,14,10,24
71401,PUERTO SUAREZ,desnutricion global,desnutricion leve (l),2006-04-01,12,20,9,8,21,28,49
31205,PUERTO VILLARROEL,desnutricion global,desnutricion leve (l),2006-04-01,55,66,53,36,108,102,210
51101,PUNA,desnutricion global,desnutricion leve (l),2006-04-01,77,72,103,82,180,154,334
31401,PUNATA,desnutricion global,desnutricion leve (l),2006-04-01,29,43,16,21,45,64,109
20604,QUIABAYA,desnutricion global,desnutricion leve (l),2006-04-01,6,3,6,2,12,5,17
30901,QUILLACOLLO,desnutricion global,desnutricion leve (l),2006-04-01,88,75,76,71,164,146,310
21002,QUIME,desnutricion global,desnutricion leve (l),2006-04-01,18,15,20,17,38,32,70
70904,QUIRUSILLAS,desnutricion global,desnutricion leve (l),2006-04-01,2,0,1,3,3,3,6
50402,RAVELO,desnutricion global,desnutricion leve (l),2006-04-01,108,118,140,151,248,269,517
80301,REYES,desnutricion global,desnutricion leve (l),2006-04-01,19,26,27,16,46,42,88
80201,RIBERALTA,desnutricion global,desnutricion leve (l),2006-04-01,166,215,87,100,253,315,568
70503,ROBORE,desnutricion global,desnutricion leve (l),2006-04-01,14,17,11,17,25,34,59
80304,RURRENABAQUE,desnutricion global,desnutricion leve (l),2006-04-01,5,9,3,10,8,19,27
40901,SABAYA,desnutricion global,desnutricion leve (l),2006-04-01,7,2,1,3,8,5,13
31001,SACABA,desnutricion global,desnutricion leve (l),2006-04-01,93,76,57,65,150,141,291
30404,SACABAMBA,desnutricion global,desnutricion leve (l),2006-04-01,16,9,12,18,28,27,55
50701,SACACA,desnutricion global,desnutricion leve (l),2006-04-01,102,89,175,192,277,281,558
71302,SAIPINA,desnutricion global,desnutricion leve (l),2006-04-01,6,9,12,13,18,22,40
40801,SALINAS DE GARCI MENDOZA,desnutricion global,desnutricion leve (l),2006-04-01,10,11,19,20,29,31,60
70901,SAMAIPATA,desnutricion global,desnutricion leve (l),2006-04-01,15,14,15,16,30,30,60
51601,SAN AGUSTIN,desnutricion global,desnutricion leve (l),2006-04-01,2,0,4,2,6,2,8
80602,SAN ANDRES,desnutricion global,desnutricion leve (l),2006-04-01,16,12,5,18,21,30,51
20805,SAN ANDRES DE MACHACA,desnutricion global,desnutricion leve (l),2006-04-01,1,1,5,0,6,1,7
51003,SAN ANTONIO DE ESMORUCO,desnutricion global,desnutricion leve (l),2006-04-01,6,2,2,2,8,4,12
71105,SAN ANTONIO DE LOMERIO,desnutricion global,desnutricion leve (l),2006-04-01,23,24,36,30,59,54,113
31403,SAN BENITO,desnutricion global,desnutricion leve (l),2006-04-01,13,17,25,16,38,33,71
80302,SAN BORJA,desnutricion global,desnutricion leve (l),2006-04-01,72,56,23,47,95,103,198
21502,SAN BUENA VENTURA,desnutricion global,desnutricion leve (l),2006-04-01,10,17,8,10,18,27,45
70402,SAN CARLOS,desnutricion global,desnutricion leve (l),2006-04-01,24,22,14,17,38,39,77
80501,SAN IGNACIO,desnutricion global,desnutricion leve (l),2006-04-01,48,33,32,40,80,73,153
70301,SAN IGNACIO DE VELASCO,desnutricion global,desnutricion leve (l),2006-04-01,102,125,99,121,201,246,447
80102,SAN JAVIER(BNI),desnutricion global,desnutricion leve (l),2006-04-01,5,3,3,6,8,9,17
71102,SAN JAVIER(STC),desnutricion global,desnutricion leve (l),2006-04-01,0,1,1,1,1,2,3
80701,SAN JOAQUIN,desnutricion global,desnutricion leve (l),2006-04-01,3,7,1,4,4,11,15
70501,SAN JOSE DE CHIQUITOS,desnutricion global,desnutricion leve (l),2006-04-01,15,21,16,20,31,41,72
70404,SAN JUAN DE YAPACANI,desnutricion global,desnutricion leve (l),2006-04-01,19,7,6,9,25,16,41
71104,SAN JULIAN,desnutricion global,desnutricion leve (l),2006-04-01,28,34,44,46,72,80,152
90302,SAN LORENZO(PND),desnutricion global,desnutricion leve (l),2006-04-01,14,6,12,13,26,19,45
60501,SAN LORENZO(TJA),desnutricion global,desnutricion leve (l),2006-04-01,47,44,52,74,99,118,217
10702,SAN LUCAS,desnutricion global,desnutricion leve (l),2006-04-01,228,200,256,293,484,493,977
71201,SAN MATIAS,desnutricion global,desnutricion leve (l),2006-04-01,7,7,20,9,27,16,43
70302,SAN MIGUEL DE VELASCO,desnutricion global,desnutricion leve (l),2006-04-01,22,8,4,6,26,14,40
51001,SAN PABLO DE LIPEZ,desnutricion global,desnutricion leve (l),2006-04-01,4,10,5,4,9,14,23
71005,SAN PEDRO,desnutricion global,desnutricion leve (l),2006-04-01,15,18,21,24,36,42,78
50501,SAN PEDRO DE BUENA VISTA,desnutricion global,desnutricion leve (l),2006-04-01,66,77,113,108,179,185,364
21801,SAN PEDRO DE CURAHUARA,desnutricion global,desnutricion leve (l),2006-04-01,3,1,2,8,5,9,14
50902,SAN PEDRO DE QUEMES,desnutricion global,desnutricion leve (l),2006-04-01,0,1,0,0,0,1,1
21702,SAN PEDRO DE TIQUINA,desnutricion global,desnutricion leve (l),2006-04-01,3,2,3,6,6,8,14
90202,SAN PEDRO(PND),desnutricion global,desnutricion leve (l),2006-04-01,4,3,10,4,14,7,21
70303,SAN RAFAEL,desnutricion global,desnutricion leve (l),2006-04-01,11,11,9,8,20,19,39
80702,SAN RAMON,desnutricion global,desnutricion leve (l),2006-04-01,3,4,1,4,4,8,12
80401,SANTA ANA,desnutricion global,desnutricion leve (l),2006-04-01,6,16,4,4,10,20,30
70101,SANTA CRUZ DE LA SIERRA,desnutricion global,desnutricion leve (l),2006-04-01,536,566,305,335,841,901,1742
80303,SANTA ROSA,desnutricion global,desnutricion leve (l),2006-04-01,11,10,1,3,12,13,25
70602,SANTA ROSA DEL SARA,desnutricion global,desnutricion leve (l),2006-04-01,24,17,16,28,40,45,85
20308,SANTIAGO DE CALLAPA,desnutricion global,desnutricion leve (l),2006-04-01,11,4,8,6,19,10,29
41401,SANTIAGO DE HUARI,desnutricion global,desnutricion leve (l),2006-04-01,9,8,18,20,27,28,55
21901,SANTIAGO DE MACHACA,desnutricion global,desnutricion leve (l),2006-04-01,2,3,1,1,3,4,7
30702,SANTIVAÑES,desnutricion global,desnutricion leve (l),2006-04-01,14,12,24,23,38,35,73
40202,SANTUARIO DE QUILLACAS,desnutricion global,desnutricion leve (l),2006-04-01,4,1,4,10,8,11,19
20902,SAPAHAQUI,desnutricion global,desnutricion leve (l),2006-04-01,29,13,20,30,49,43,92
90303,SENA,desnutricion global,desnutricion leve (l),2006-04-01,2,7,2,2,4,9,13
21301,SICA SICA (VILLA AROMA),desnutricion global,desnutricion leve (l),2006-04-01,29,37,18,23,47,60,107
30703,SICAYA,desnutricion global,desnutricion leve (l),2006-04-01,14,12,8,7,22,19,41
30902,SIPE SIPE,desnutricion global,desnutricion leve (l),2006-04-01,88,80,66,49,154,129,283
10403,SOPACHUY,desnutricion global,desnutricion leve (l),2006-04-01,15,10,18,25,33,35,68
40104,SORACACHI,desnutricion global,desnutricion leve (l),2006-04-01,12,14,16,20,28,34,62
20601,SORATA,desnutricion global,desnutricion leve (l),2006-04-01,17,17,13,13,30,30,60
10101,SUCRE,desnutricion global,desnutricion leve (l),2006-04-01,326,239,283,319,609,558,1167
31404,TACACHI,desnutricion global,desnutricion leve (l),2006-04-01,1,1,1,2,2,3,5
20603,TACACOMA,desnutricion global,desnutricion leve (l),2006-04-01,6,3,1,2,7,5,12
50303,TACOBAMBA,desnutricion global,desnutricion leve (l),2006-04-01,24,30,28,18,52,48,100
30602,TACOPAYA,desnutricion global,desnutricion leve (l),2006-04-01,42,43,65,80,107,123,230
51402,TAHUA,desnutricion global,desnutricion leve (l),2006-04-01,3,0,1,3,4,3,7
31101,TAPACARI,desnutricion global,desnutricion leve (l),2006-04-01,56,52,22,31,78,83,161
10601,TARABUCO,desnutricion global,desnutricion leve (l),2006-04-01,117,102,200,243,317,345,662
20807,TARACO,desnutricion global,desnutricion leve (l),2006-04-01,5,1,1,2,6,3,9
30401,TARATA,desnutricion global,desnutricion leve (l),2006-04-01,19,16,6,12,25,28,53
60101,TARIJA,desnutricion global,desnutricion leve (l),2006-04-01,153,170,130,155,283,325,608
10202,TARVITA,desnutricion global,desnutricion leve (l),2006-04-01,17,26,42,31,59,57,116
20608,TEOPONTE,desnutricion global,desnutricion leve (l),2006-04-01,1,7,6,3,7,10,17
20803,TIAWANACU,desnutricion global,desnutricion leve (l),2006-04-01,10,9,7,5,17,14,31
50102,TINGUIPAYA,desnutricion global,desnutricion leve (l),2006-04-01,62,52,45,41,107,93,200
20606,TIPUANI,desnutricion global,desnutricion leve (l),2006-04-01,12,3,6,11,18,14,32
30903,TIQUIPAYA,desnutricion global,desnutricion leve (l),2006-04-01,41,34,44,40,85,74,159
31601,TIRAQUE (CBBA),desnutricion global,desnutricion leve (l),2006-04-01,88,118,64,45,152,163,315
21703,TITO YUPANQUI (PARQUIPUJIO),desnutricion global,desnutricion leve (l),2006-04-01,0,3,4,3,4,6,10
30802,TOCO,desnutricion global,desnutricion leve (l),2006-04-01,6,1,5,9,11,10,21
30803,TOLATA,desnutricion global,desnutricion leve (l),2006-04-01,0,6,1,0,1,6,7
41001,TOLEDO,desnutricion global,desnutricion leve (l),2006-04-01,5,5,5,9,10,14,24
51202,TOMAVE,desnutricion global,desnutricion leve (l),2006-04-01,33,9,30,11,63,20,83
10402,TOMINA,desnutricion global,desnutricion leve (l),2006-04-01,72,51,84,104,156,155,311
50502,TORO TORO,desnutricion global,desnutricion leve (l),2006-04-01,54,47,58,80,112,127,239
31201,TOTORA(CBBA),desnutricion global,desnutricion leve (l),2006-04-01,48,40,28,34,76,74,150
41301,TOTORA(ORR),desnutricion global,desnutricion leve (l),2006-04-01,3,5,4,3,7,8,15
70802,TRIGAL,desnutricion global,desnutricion leve (l),2006-04-01,1,3,1,1,2,4,6
80101,TRINIDAD,desnutricion global,desnutricion leve (l),2006-04-01,124,81,64,49,188,130,318
50801,TUPIZA,desnutricion global,desnutricion leve (l),2006-04-01,51,45,59,78,110,123,233
40402,TURCO,desnutricion global,desnutricion leve (l),2006-04-01,1,0,5,2,6,2,8
21302,UMALA,desnutricion global,desnutricion leve (l),2006-04-01,8,13,10,8,18,21,39
50201,UNCIA,desnutricion global,desnutricion leve (l),2006-04-01,37,31,46,50,83,81,164
60401,URIONDO (A. CONCEPCION),desnutricion global,desnutricion leve (l),2006-04-01,15,26,30,38,45,64,109
71502,URUBICHA,desnutricion global,desnutricion leve (l),2006-04-01,61,55,80,88,141,143,284
51201,UYUNI,desnutricion global,desnutricion leve (l),2006-04-01,41,22,30,27,71,49,120
30502,VACAS,desnutricion global,desnutricion leve (l),2006-04-01,22,19,15,14,37,33,70
70801,VALLEGRANDE,desnutricion global,desnutricion leve (l),2006-04-01,21,16,12,20,33,36,69
20801,VIACHA,desnutricion global,desnutricion leve (l),2006-04-01,32,27,23,29,55,56,111
31302,VILA VILA,desnutricion global,desnutricion leve (l),2006-04-01,7,4,13,11,20,15,35
60303,VILLA MONTES,desnutricion global,desnutricion leve (l),2006-04-01,24,27,27,32,51,59,110
90502,VILLA NUEVA (LOMA ALTA),desnutricion global,desnutricion leve (l),2006-04-01,2,1,0,1,2,2,4
31402,VILLA RIVERO,desnutricion global,desnutricion leve (l),2006-04-01,10,14,23,21,33,35,68
10801,VILLA SERRANO,desnutricion global,desnutricion leve (l),2006-04-01,49,48,87,111,136,159,295
31003,VILLA TUNARI,desnutricion global,desnutricion leve (l),2006-04-01,117,91,108,114,225,205,430
11001,VILLA VACA GUZMAN (MUYUPAMPA),desnutricion global,desnutricion leve (l),2006-04-01,26,30,38,49,64,79,143
51501,VILLAZON,desnutricion global,desnutricion leve (l),2006-04-01,66,67,49,57,115,124,239
30904,VINTO,desnutricion global,desnutricion leve (l),2006-04-01,12,24,7,13,19,37,56
50602,VITICHI,desnutricion global,desnutricion leve (l),2006-04-01,21,44,99,61,120,105,225
20306,WALDO BALLIVIAN,desnutricion global,desnutricion leve (l),2006-04-01,3,11,7,6,10,17,27
70201,WARNES,desnutricion global,desnutricion leve (l),2006-04-01,81,82,32,39,113,121,234
20903,YACO,desnutricion global,desnutricion leve (l),2006-04-01,19,22,13,25,32,47,79
60301,YACUIBA,desnutricion global,desnutricion leve (l),2006-04-01,30,51,46,40,76,91,167
10602,YAMPARAEZ,desnutricion global,desnutricion leve (l),2006-04-01,40,26,97,94,137,120,257
21103,YANACACHI,desnutricion global,desnutricion leve (l),2006-04-01,3,6,7,7,10,13,23
70403,YAPACANI,desnutricion global,desnutricion leve (l),2006-04-01,108,85,46,49,154,134,288
50103,YOCALLA,desnutricion global,desnutricion leve (l),2006-04-01,6,4,4,6,10,10,20
10102,YOTALA,desnutricion global,desnutricion leve (l),2006-04-01,29,23,49,51,78,74,152
60402,YUNCHARA,desnutricion global,desnutricion leve (l),2006-04-01,36,27,58,58,94,85,179
10301,ZUDAÑEZ,desnutricion global,desnutricion leve (l),2006-04-01,32,31,46,62,78,93,171
51302,ACACIO,desnutricion global,desnutricion leve (l),2006-05-01,16,15,35,29,51,44,95
20201,ACHACACHI,desnutricion global,desnutricion leve (l),2006-05-01,31,44,22,46,53,90,143
20104,ACHOCALLA,desnutricion global,desnutricion leve (l),2006-05-01,4,7,17,13,21,20,41
30201,AIQUILE,desnutricion global,desnutricion leve (l),2006-05-01,11,13,18,17,29,30,59
31303,ALALAY,desnutricion global,desnutricion leve (l),2006-05-01,13,7,5,10,18,17,35
10404,ALCALA,desnutricion global,desnutricion leve (l),2006-05-01,16,13,37,30,53,43,96
20202,ANCORAIMES,desnutricion global,desnutricion leve (l),2006-05-01,9,5,8,15,17,20,37
41201,ANDAMARCA,desnutricion global,desnutricion leve (l),2006-05-01,5,3,6,10,11,13,24
40603,ANTEQUERA,desnutricion global,desnutricion leve (l),2006-05-01,7,3,4,1,11,4,15
30402,ANZALDO,desnutricion global,desnutricion leve (l),2006-05-01,6,11,9,21,15,32,47
20701,APOLO,desnutricion global,desnutricion leve (l),2006-05-01,33,29,46,62,79,91,170
51301,ARAMPAMPA,desnutricion global,desnutricion leve (l),2006-05-01,29,18,21,33,50,51,101
30501,ARANI,desnutricion global,desnutricion leve (l),2006-05-01,12,17,29,19,41,36,77
30403,ARBIETO,desnutricion global,desnutricion leve (l),2006-05-01,10,6,14,12,24,18,42
30601,ARQUE,desnutricion global,desnutricion leve (l),2006-05-01,22,48,30,41,52,89,141
50802,ATOCHA,desnutricion global,desnutricion leve (l),2006-05-01,32,32,37,30,69,62,131
20503,AUCAPATA,desnutricion global,desnutricion leve (l),2006-05-01,11,13,14,12,25,25,50
20502,AYATA,desnutricion global,desnutricion leve (l),2006-05-01,38,45,47,37,85,82,167
21303,AYO AYO,desnutricion global,desnutricion leve (l),2006-05-01,16,9,7,3,23,12,35
30301,AYOPAYA (V. DE INDEPENDENCIA),desnutricion global,desnutricion leve (l),2006-05-01,53,58,74,70,127,128,255
10201,AZURDUY,desnutricion global,desnutricion leve (l),2006-05-01,41,60,91,113,132,173,305
21203,BATALLAS,desnutricion global,desnutricion leve (l),2006-05-01,15,12,6,3,21,15,36
80802,BAURES,desnutricion global,desnutricion leve (l),2006-05-01,9,9,3,3,12,12,24
41202,BELEN DE ANDAMARCA,desnutricion global,desnutricion leve (l),2006-05-01,5,2,3,2,8,4,12
50104,BELEN DE URMIRI,desnutricion global,desnutricion leve (l),2006-05-01,5,8,11,9,16,17,33
90104,BELLA FLOR,desnutricion global,desnutricion leve (l),2006-05-01,2,3,2,2,4,5,9
60202,BERMEJO,desnutricion global,desnutricion leve (l),2006-05-01,14,14,21,17,35,31,66
50301,BETANZOS,desnutricion global,desnutricion leve (l),2006-05-01,105,86,152,142,257,228,485
31501,BOLIVAR,desnutricion global,desnutricion leve (l),2006-05-01,48,53,66,67,114,120,234
90103,BOLPEBRA,desnutricion global,desnutricion leve (l),2006-05-01,1,2,0,3,1,5,6
70707,BOYUIBE,desnutricion global,desnutricion leve (l),2006-05-01,8,4,11,4,19,8,27
70401,BUENA VISTA,desnutricion global,desnutricion leve (l),2006-05-01,5,9,6,7,11,16,27
70703,CABEZAS,desnutricion global,desnutricion leve (l),2006-05-01,23,14,26,13,49,27,76
20905,CAIROMA,desnutricion global,desnutricion leve (l),2006-05-01,50,50,40,49,90,99,189
51102,"CAIZA ""D""",desnutricion global,desnutricion leve (l),2006-05-01,20,18,31,29,51,47,98
21003,CAJUATA,desnutricion global,desnutricion leve (l),2006-05-01,18,11,17,17,35,28,63
20303,CALACOTO,desnutricion global,desnutricion leve (l),2006-05-01,19,15,16,21,35,36,71
21304,CALAMARCA,desnutricion global,desnutricion leve (l),2006-05-01,63,64,57,54,120,118,238
10701,CAMARGO,desnutricion global,desnutricion leve (l),2006-05-01,72,75,84,113,156,188,344
10901,CAMATAQUI (C. VILLA ABECIA),desnutricion global,desnutricion leve (l),2006-05-01,5,6,9,11,14,17,31
70706,CAMIRI,desnutricion global,desnutricion leve (l),2006-05-01,35,24,41,57,76,81,157
30701,CAPINOTA,desnutricion global,desnutricion leve (l),2006-05-01,39,37,44,47,83,84,167
20302,CAQUIAVIRI,desnutricion global,desnutricion leve (l),2006-05-01,7,14,16,22,23,36,59
40102,CARACOLLO,desnutricion global,desnutricion leve (l),2006-05-01,15,7,11,10,26,17,43
22001,CARANAVI,desnutricion global,desnutricion leve (l),2006-05-01,83,88,61,84,144,172,316
41503,CARANGAS,desnutricion global,desnutricion leve (l),2006-05-01,0,1,0,0,0,1,1
60302,CARAPARI,desnutricion global,desnutricion leve (l),2006-05-01,7,6,17,18,24,24,48
50702,CARIPUYO,desnutricion global,desnutricion leve (l),2006-05-01,50,54,87,98,137,152,289
71403,CARMEN RIVERO TORREZ,desnutricion global,desnutricion leve (l),2006-05-01,5,8,5,6,10,14,24
21902,CATACORA,desnutricion global,desnutricion leve (l),2006-05-01,5,4,7,2,12,6,18
21803,CHACARILLA,desnutricion global,desnutricion leve (l),2006-05-01,3,3,2,4,5,7,12
40201,CHALLAPATA,desnutricion global,desnutricion leve (l),2006-05-01,76,62,65,72,141,134,275
50302,CHAQUI,desnutricion global,desnutricion leve (l),2006-05-01,21,14,32,36,53,50,103
70702,CHARAGUA,desnutricion global,desnutricion leve (l),2006-05-01,36,29,21,20,57,49,106
20305,CHARAÑA,desnutricion global,desnutricion leve (l),2006-05-01,17,20,11,7,28,27,55
50202,CHAYANTA,desnutricion global,desnutricion leve (l),2006-05-01,44,46,52,79,96,125,221
31204,CHIMORE,desnutricion global,desnutricion leve (l),2006-05-01,31,29,26,33,57,62,119
40903,CHIPAYA,desnutricion global,desnutricion leve (l),2006-05-01,2,7,12,3,14,10,24
40302,CHOQUE COTA,desnutricion global,desnutricion leve (l),2006-05-01,2,1,2,2,4,3,7
21101,CHULUMANI (V. DE LA LIBERTAD),desnutricion global,desnutricion leve (l),2006-05-01,17,16,2,8,19,24,43
20501,CHUMA,desnutricion global,desnutricion leve (l),2006-05-01,35,30,29,36,64,66,130
30801,CLIZA,desnutricion global,desnutricion leve (l),2006-05-01,22,17,15,18,37,35,72
90101,COBIJA,desnutricion global,desnutricion leve (l),2006-05-01,28,26,29,38,57,64,121
30101,COCHABAMBA,desnutricion global,desnutricion leve (l),2006-05-01,460,398,340,359,800,757,1557
40902,COIPASA,desnutricion global,desnutricion leve (l),2006-05-01,0,0,1,1,1,1,2
30905,COLCAPIRHUA,desnutricion global,desnutricion leve (l),2006-05-01,84,68,42,47,126,115,241
50901,"COLCHA ""K""",desnutricion global,desnutricion leve (l),2006-05-01,24,22,26,31,50,53,103
21307,COLLANA,desnutricion global,desnutricion leve (l),2006-05-01,1,6,4,4,5,10,15
31002,COLOMI,desnutricion global,desnutricion leve (l),2006-05-01,49,29,27,30,76,59,135
70603,COLPA BELGICA,desnutricion global,desnutricion leve (l),2006-05-01,7,3,4,5,11,8,19
50401,COLQUECHACA,desnutricion global,desnutricion leve (l),2006-05-01,74,64,88,64,162,128,290
21306,COLQUENCHA,desnutricion global,desnutricion leve (l),2006-05-01,7,11,21,24,28,35,63
21004,COLQUIRI,desnutricion global,desnutricion leve (l),2006-05-01,36,46,28,31,64,77,141
20304,COMANCHE,desnutricion global,desnutricion leve (l),2006-05-01,11,8,12,13,23,21,44
71301,COMARAPA,desnutricion global,desnutricion leve (l),2006-05-01,35,25,14,19,49,44,93
20605,COMBAYA,desnutricion global,desnutricion leve (l),2006-05-01,3,10,10,9,13,19,32
71101,CONCEPCION,desnutricion global,desnutricion leve (l),2006-05-01,3,6,3,3,6,9,15
21701,COPACABANA,desnutricion global,desnutricion leve (l),2006-05-01,19,20,25,16,44,36,80
21402,CORIPATA,desnutricion global,desnutricion leve (l),2006-05-01,5,4,4,2,9,6,15
20301,CORO CORO,desnutricion global,desnutricion leve (l),2006-05-01,27,31,23,38,50,69,119
21401,COROICO,desnutricion global,desnutricion leve (l),2006-05-01,14,11,14,19,28,30,58
40301,CORQUE,desnutricion global,desnutricion leve (l),2006-05-01,14,5,5,9,19,14,33
50601,COTAGAITA,desnutricion global,desnutricion leve (l),2006-05-01,80,71,75,55,155,126,281
70102,COTOCA,desnutricion global,desnutricion leve (l),2006-05-01,26,32,22,19,48,51,99
71106,CUATRO CAÑADAS,desnutricion global,desnutricion leve (l),2006-05-01,6,7,9,8,15,15,30
31405,CUCHUMUELA (V. G. VILLARROEL),desnutricion global,desnutricion leve (l),2006-05-01,7,1,2,2,9,3,12
70704,CUEVO,desnutricion global,desnutricion leve (l),2006-05-01,4,3,3,5,7,8,15
10902,CULPINA,desnutricion global,desnutricion leve (l),2006-05-01,104,110,114,133,218,243,461
40401,CURAHUARA DE CARANGAS,desnutricion global,desnutricion leve (l),2006-05-01,4,11,8,6,12,17,29
21602,CURVA,desnutricion global,desnutricion leve (l),2006-05-01,10,6,4,5,14,11,25
20804,DESAGUADERO,desnutricion global,desnutricion leve (l),2006-05-01,18,12,6,6,24,18,42
20105,EL ALTO,desnutricion global,desnutricion leve (l),2006-05-01,1346,1125,994,986,2340,2111,4451
40103,EL CHORO,desnutricion global,desnutricion leve (l),2006-05-01,1,1,1,0,2,1,3
71503,EL PUENTE(STC),desnutricion global,desnutricion leve (l),2006-05-01,13,19,12,11,25,30,55
60502,EL PUENTE(TJA),desnutricion global,desnutricion leve (l),2006-05-01,14,20,28,32,42,52,94
70105,EL TORNO,desnutricion global,desnutricion leve (l),2006-05-01,26,40,25,30,51,70,121
10405,EL VILLAR,desnutricion global,desnutricion leve (l),2006-05-01,6,13,23,38,29,51,80
60601,ENTRE RIOS,desnutricion global,desnutricion leve (l),2006-05-01,39,37,33,42,72,79,151
60601,ENTRE RIOS,desnutricion global,desnutricion leve (l),2006-05-01,23,30,30,40,53,70,123
40502,ESCARA,desnutricion global,desnutricion leve (l),2006-05-01,1,3,1,1,2,4,6
41101,EUCALIPTUS,desnutricion global,desnutricion leve (l),2006-05-01,4,7,15,8,19,15,34
90503,EUREKA (SANTOS MERCADO),desnutricion global,desnutricion leve (l),2006-05-01,4,2,1,3,5,5,10
80402,EXALTACION,desnutricion global,desnutricion leve (l),2006-05-01,7,14,16,21,23,35,58
71004,FERNANDEZ ALONSO,desnutricion global,desnutricion leve (l),2006-05-01,19,19,9,17,28,36,64
90203,FILADELFIA,desnutricion global,desnutricion leve (l),2006-05-01,5,4,5,12,10,16,26
71002,GENERAL SAAVEDRA,desnutricion global,desnutricion leve (l),2006-05-01,4,5,2,10,6,15,21
21601,GRAL. J.J. PEREZ (CHARAZANI),desnutricion global,desnutricion leve (l),2006-05-01,37,39,46,46,83,85,168
20602,GUANAY,desnutricion global,desnutricion leve (l),2006-05-01,21,22,40,16,61,38,99
20802,GUAQUI,desnutricion global,desnutricion leve (l),2006-05-01,5,4,2,6,7,10,17
80202,GUAYARAMERIN,desnutricion global,desnutricion leve (l),2006-05-01,61,55,51,60,112,115,227
70705,GUTIERREZ,desnutricion global,desnutricion leve (l),2006-05-01,21,17,49,39,70,56,126
10502,HUACARETA,desnutricion global,desnutricion leve (l),2006-05-01,16,17,27,41,43,58,101
11002,HUACAYA (VILLA DE HUACAYA),desnutricion global,desnutricion leve (l),2006-05-01,12,4,13,10,25,14,39
40501,HUACHACALLA,desnutricion global,desnutricion leve (l),2006-05-01,2,3,1,4,3,7,10
40701,HUANUNI,desnutricion global,desnutricion leve (l),2006-05-01,49,52,33,38,82,90,172
80803,HUARACAJE,desnutricion global,desnutricion leve (l),2006-05-01,3,1,7,3,10,4,14
41601,HUAYLLAMARCA,desnutricion global,desnutricion leve (l),2006-05-01,2,3,2,7,4,10,14
21005,ICHOCA,desnutricion global,desnutricion leve (l),2006-05-01,9,11,15,15,24,26,50
10304,ICLA,desnutricion global,desnutricion leve (l),2006-05-01,86,65,182,153,268,218,486
10703,INCAHUASI,desnutricion global,desnutricion leve (l),2006-05-01,93,109,81,176,174,285,459
90402,INGAVI (HUMAITA),desnutricion global,desnutricion leve (l),2006-05-01,1,0,2,0,3,0,3
21001,INQUISIVI,desnutricion global,desnutricion leve (l),2006-05-01,84,66,98,114,182,180,362
21102,IRUPANA (VILLA DE LANZA),desnutricion global,desnutricion leve (l),2006-05-01,12,10,22,37,34,47,81
21501,IXIAMAS,desnutricion global,desnutricion leve (l),2006-05-01,27,19,27,14,54,33,87
20806,JESUS DE MACHACA,desnutricion global,desnutricion leve (l),2006-05-01,18,24,16,25,34,49,83
21105,LA ASUNTA,desnutricion global,desnutricion leve (l),2006-05-01,26,34,4,10,30,44,74
70104,LA GUARDIA,desnutricion global,desnutricion leve (l),2006-05-01,57,65,21,34,78,99,177
20101,LA PAZ,desnutricion global,desnutricion leve (l),2006-05-01,952,866,684,696,1636,1562,3198
41501,LA RIVERA,desnutricion global,desnutricion leve (l),2006-05-01,0,0,1,0,1,0,1
70701,LAGUNILLAS,desnutricion global,desnutricion leve (l),2006-05-01,17,28,23,51,40,79,119
21202,LAJA,desnutricion global,desnutricion leve (l),2006-05-01,17,18,6,6,23,24,47
10903,LAS CARRERAS,desnutricion global,desnutricion leve (l),2006-05-01,8,7,24,29,32,36,68
21006,LICOMA PAMPA,desnutricion global,desnutricion leve (l),2006-05-01,9,1,3,12,12,13,25
50203,LLALLAGUA,desnutricion global,desnutricion leve (l),2006-05-01,76,65,99,114,175,179,354
51401,LLICA,desnutricion global,desnutricion leve (l),2006-05-01,2,10,7,15,9,25,34
80601,LORETO,desnutricion global,desnutricion leve (l),2006-05-01,3,4,2,7,5,11,16
20901,LURIBAY,desnutricion global,desnutricion leve (l),2006-05-01,25,23,32,47,57,70,127
40702,MACHACAMARCA,desnutricion global,desnutricion leve (l),2006-05-01,1,2,1,2,2,4,6
11003,MACHARETI,desnutricion global,desnutricion leve (l),2006-05-01,18,6,18,27,36,33,69
80801,MAGDALENA,desnutricion global,desnutricion leve (l),2006-05-01,13,9,6,9,19,18,37
70903,MAIRANA,desnutricion global,desnutricion leve (l),2006-05-01,8,4,6,2,14,6,20
20904,MALLA,desnutricion global,desnutricion leve (l),2006-05-01,13,8,6,17,19,25,44
20607,MAPIRI,desnutricion global,desnutricion leve (l),2006-05-01,13,12,11,3,24,15,39
20103,MECAPACA,desnutricion global,desnutricion leve (l),2006-05-01,13,8,22,21,35,29,64
71003,MINEROS,desnutricion global,desnutricion leve (l),2006-05-01,41,47,19,17,60,64,124
31301,MIZQUE,desnutricion global,desnutricion leve (l),2006-05-01,56,46,32,46,88,92,180
20402,MOCOMOCO,desnutricion global,desnutricion leve (l),2006-05-01,36,36,43,29,79,65,144
51002,MOJINETE,desnutricion global,desnutricion leve (l),2006-05-01,1,1,4,4,5,5,10
10303,MOJOCOYA,desnutricion global,desnutricion leve (l),2006-05-01,27,25,54,60,81,85,166
10501,MONTEAGUDO,desnutricion global,desnutricion leve (l),2006-05-01,86,72,119,124,205,196,401
71001,MONTERO,desnutricion global,desnutricion leve (l),2006-05-01,162,169,105,126,267,295,562
70803,MORO MORO,desnutricion global,desnutricion leve (l),2006-05-01,1,4,7,3,8,7,15
30302,MOROCHATA,desnutricion global,desnutricion leve (l),2006-05-01,63,53,34,40,97,93,190
90401,NACEBE (SANTA ROSA DEL ABUNA),desnutricion global,desnutricion leve (l),2006-05-01,0,0,3,0,3,0,3
90501,NUEVO MANOA (NUEVA ESPERANZA),desnutricion global,desnutricion leve (l),2006-05-01,5,0,3,0,8,0,8
50404,OCURI,desnutricion global,desnutricion leve (l),2006-05-01,71,72,65,69,136,141,277
70202,OKINAWA,desnutricion global,desnutricion leve (l),2006-05-01,3,8,5,7,8,15,23
30203,OMEREQUE,desnutricion global,desnutricion leve (l),2006-05-01,9,12,5,7,14,19,33
40101,ORURO,desnutricion global,desnutricion leve (l),2006-05-01,374,300,273,245,647,545,1192
60201,PADCAYA,desnutricion global,desnutricion leve (l),2006-05-01,32,33,35,46,67,79,146
10401,PADILLA,desnutricion global,desnutricion leve (l),2006-05-01,41,30,87,94,128,124,252
70502,PAILON,desnutricion global,desnutricion leve (l),2006-05-01,2,47,31,1,33,48,81
20102,PALCA,desnutricion global,desnutricion leve (l),2006-05-01,25,14,15,12,40,26,66
21104,PALOS BLANCOS,desnutricion global,desnutricion leve (l),2006-05-01,52,52,43,70,95,122,217
40802,PAMPA AULLAGAS,desnutricion global,desnutricion leve (l),2006-05-01,4,5,13,9,17,14,31
70902,PAMPA GRANDE,desnutricion global,desnutricion leve (l),2006-05-01,3,5,2,8,5,13,18
21802,PAPEL PAMPA,desnutricion global,desnutricion leve (l),2006-05-01,5,6,7,6,12,12,24
30202,PASORAPA,desnutricion global,desnutricion leve (l),2006-05-01,22,16,19,20,41,36,77
21305,PATACAMAYA,desnutricion global,desnutricion leve (l),2006-05-01,55,72,41,48,96,120,216
40602,PAZÑA,desnutricion global,desnutricion leve (l),2006-05-01,10,7,11,5,21,12,33
20702,PELECHUCO,desnutricion global,desnutricion leve (l),2006-05-01,13,17,21,25,34,42,76
50403,POCOATA,desnutricion global,desnutricion leve (l),2006-05-01,49,65,82,92,131,157,288
31203,POCONA,desnutricion global,desnutricion leve (l),2006-05-01,41,27,37,32,78,59,137
31202,POJO (CBBA),desnutricion global,desnutricion leve (l),2006-05-01,25,29,30,27,55,56,111
40601,POOPO,desnutricion global,desnutricion leve (l),2006-05-01,10,6,8,11,18,17,35
51203,PORCO,desnutricion global,desnutricion leve (l),2006-05-01,15,14,34,30,49,44,93
10103,POROMA,desnutricion global,desnutricion leve (l),2006-05-01,91,96,139,125,230,221,451
70103,PORONGO,desnutricion global,desnutricion leve (l),2006-05-01,1,1,0,0,1,1,2
70601,PORTACHUELO,desnutricion global,desnutricion leve (l),2006-05-01,32,26,21,14,53,40,93
90102,PORVENIR,desnutricion global,desnutricion leve (l),2006-05-01,8,7,6,5,14,12,26
70804,POSTRER VALLE,desnutricion global,desnutricion leve (l),2006-05-01,1,2,1,5,2,7,9
50101,POTOSI,desnutricion global,desnutricion leve (l),2006-05-01,395,292,225,214,620,506,1126
10302,PRESTO,desnutricion global,desnutricion leve (l),2006-05-01,43,34,68,72,111,106,217
70805,PUCARA,desnutricion global,desnutricion leve (l),2006-05-01,0,0,1,0,1,0,1
21201,PUCARANI,desnutricion global,desnutricion leve (l),2006-05-01,28,33,34,15,62,48,110
20401,PUERTO ACOSTA,desnutricion global,desnutricion leve (l),2006-05-01,35,40,25,35,60,75,135
20403,PUERTO CARABUCO,desnutricion global,desnutricion leve (l),2006-05-01,22,26,22,30,44,56,100
90301,PUERTO GONZALO MORENO,desnutricion global,desnutricion leve (l),2006-05-01,8,6,11,12,19,18,37
21204,PUERTO PEREZ,desnutricion global,desnutricion leve (l),2006-05-01,7,4,9,8,16,12,28
71402,PUERTO QUIJARRO,desnutricion global,desnutricion leve (l),2006-05-01,14,9,7,6,21,15,36
90201,PUERTO RICO,desnutricion global,desnutricion leve (l),2006-05-01,8,6,16,13,24,19,43
80703,PUERTO SILES,desnutricion global,desnutricion leve (l),2006-05-01,2,2,0,0,2,2,4
71401,PUERTO SUAREZ,desnutricion global,desnutricion leve (l),2006-05-01,16,16,5,7,21,23,44
31205,PUERTO VILLARROEL,desnutricion global,desnutricion leve (l),2006-05-01,75,66,61,46,136,112,248
51101,PUNA,desnutricion global,desnutricion leve (l),2006-05-01,98,93,142,129,240,222,462
31401,PUNATA,desnutricion global,desnutricion leve (l),2006-05-01,35,46,33,36,68,82,150
20604,QUIABAYA,desnutricion global,desnutricion leve (l),2006-05-01,3,3,1,0,4,3,7
30901,QUILLACOLLO,desnutricion global,desnutricion leve (l),2006-05-01,75,62,45,66,120,128,248
21002,QUIME,desnutricion global,desnutricion leve (l),2006-05-01,16,19,23,27,39,46,85
70904,QUIRUSILLAS,desnutricion global,desnutricion leve (l),2006-05-01,0,0,0,3,0,3,3
50402,RAVELO,desnutricion global,desnutricion leve (l),2006-05-01,139,130,192,179,331,309,640
80301,REYES,desnutricion global,desnutricion leve (l),2006-05-01,21,34,27,28,48,62,110
80201,RIBERALTA,desnutricion global,desnutricion leve (l),2006-05-01,173,225,114,108,287,333,620
70503,ROBORE,desnutricion global,desnutricion leve (l),2006-05-01,14,20,13,14,27,34,61
80304,RURRENABAQUE,desnutricion global,desnutricion leve (l),2006-05-01,9,6,6,6,15,12,27
40901,SABAYA,desnutricion global,desnutricion leve (l),2006-05-01,2,4,1,4,3,8,11
31001,SACABA,desnutricion global,desnutricion leve (l),2006-05-01,159,131,115,124,274,255,529
30404,SACABAMBA,desnutricion global,desnutricion leve (l),2006-05-01,19,11,7,2,26,13,39
50701,SACACA,desnutricion global,desnutricion leve (l),2006-05-01,134,135,244,199,378,334,712
71302,SAIPINA,desnutricion global,desnutricion leve (l),2006-05-01,10,11,12,11,22,22,44
40801,SALINAS DE GARCI MENDOZA,desnutricion global,desnutricion leve (l),2006-05-01,29,22,37,32,66,54,120
70901,SAMAIPATA,desnutricion global,desnutricion leve (l),2006-05-01,16,5,13,13,29,18,47
51601,SAN AGUSTIN,desnutricion global,desnutricion leve (l),2006-05-01,8,1,8,10,16,11,27
80602,SAN ANDRES,desnutricion global,desnutricion leve (l),2006-05-01,12,11,6,6,18,17,35
20805,SAN ANDRES DE MACHACA,desnutricion global,desnutricion leve (l),2006-05-01,10,6,8,8,18,14,32
51003,SAN ANTONIO DE ESMORUCO,desnutricion global,desnutricion leve (l),2006-05-01,7,12,0,12,7,24,31
71105,SAN ANTONIO DE LOMERIO,desnutricion global,desnutricion leve (l),2006-05-01,24,32,33,41,57,73,130
31403,SAN BENITO,desnutricion global,desnutricion leve (l),2006-05-01,14,15,19,21,33,36,69
80302,SAN BORJA,desnutricion global,desnutricion leve (l),2006-05-01,88,84,54,60,142,144,286
21502,SAN BUENA VENTURA,desnutricion global,desnutricion leve (l),2006-05-01,17,16,11,19,28,35,63
70402,SAN CARLOS,desnutricion global,desnutricion leve (l),2006-05-01,21,9,16,11,37,20,57
80501,SAN IGNACIO,desnutricion global,desnutricion leve (l),2006-05-01,80,86,83,82,163,168,331
70301,SAN IGNACIO DE VELASCO,desnutricion global,desnutricion leve (l),2006-05-01,124,122,92,122,216,244,460
80102,SAN JAVIER(BNI),desnutricion global,desnutricion leve (l),2006-05-01,4,4,5,1,9,5,14
71102,SAN JAVIER(STC),desnutricion global,desnutricion leve (l),2006-05-01,6,5,0,0,6,5,11
80701,SAN JOAQUIN,desnutricion global,desnutricion leve (l),2006-05-01,5,5,10,6,15,11,26
70501,SAN JOSE DE CHIQUITOS,desnutricion global,desnutricion leve (l),2006-05-01,13,17,19,17,32,34,66
70404,SAN JUAN DE YAPACANI,desnutricion global,desnutricion leve (l),2006-05-01,9,8,5,2,14,10,24
71104,SAN JULIAN,desnutricion global,desnutricion leve (l),2006-05-01,11,7,6,13,17,20,37
90302,SAN LORENZO(PND),desnutricion global,desnutricion leve (l),2006-05-01,4,4,7,6,11,10,21
60501,SAN LORENZO(TJA),desnutricion global,desnutricion leve (l),2006-05-01,36,39,65,68,101,107,208
10702,SAN LUCAS,desnutricion global,desnutricion leve (l),2006-05-01,290,239,280,371,570,610,1180
71201,SAN MATIAS,desnutricion global,desnutricion leve (l),2006-05-01,19,15,22,18,41,33,74
70302,SAN MIGUEL DE VELASCO,desnutricion global,desnutricion leve (l),2006-05-01,19,13,9,17,28,30,58
51001,SAN PABLO DE LIPEZ,desnutricion global,desnutricion leve (l),2006-05-01,6,6,13,12,19,18,37
71005,SAN PEDRO,desnutricion global,desnutricion leve (l),2006-05-01,29,27,10,16,39,43,82
50501,SAN PEDRO DE BUENA VISTA,desnutricion global,desnutricion leve (l),2006-05-01,131,120,138,164,269,284,553
21801,SAN PEDRO DE CURAHUARA,desnutricion global,desnutricion leve (l),2006-05-01,8,7,6,4,14,11,25
50902,SAN PEDRO DE QUEMES,desnutricion global,desnutricion leve (l),2006-05-01,0,1,1,0,1,1,2
21702,SAN PEDRO DE TIQUINA,desnutricion global,desnutricion leve (l),2006-05-01,12,1,4,4,16,5,21
90202,SAN PEDRO(PND),desnutricion global,desnutricion leve (l),2006-05-01,1,0,0,0,1,0,1
70303,SAN RAFAEL,desnutricion global,desnutricion leve (l),2006-05-01,9,9,6,6,15,15,30
80702,SAN RAMON,desnutricion global,desnutricion leve (l),2006-05-01,1,4,1,3,2,7,9
80702,SAN RAMON,desnutricion global,desnutricion leve (l),2006-05-01,5,3,1,6,6,9,15
80401,SANTA ANA,desnutricion global,desnutricion leve (l),2006-05-01,9,18,12,12,21,30,51
70101,SANTA CRUZ DE LA SIERRA,desnutricion global,desnutricion leve (l),2006-05-01,469,459,244,220,713,679,1392
80303,SANTA ROSA,desnutricion global,desnutricion leve (l),2006-05-01,17,23,12,16,29,39,68
70602,SANTA ROSA DEL SARA,desnutricion global,desnutricion leve (l),2006-05-01,22,24,11,18,33,42,75
20308,SANTIAGO DE CALLAPA,desnutricion global,desnutricion leve (l),2006-05-01,8,15,16,19,24,34,58
41401,SANTIAGO DE HUARI,desnutricion global,desnutricion leve (l),2006-05-01,16,18,21,29,37,47,84
21901,SANTIAGO DE MACHACA,desnutricion global,desnutricion leve (l),2006-05-01,9,5,15,17,24,22,46
30702,SANTIVAÑES,desnutricion global,desnutricion leve (l),2006-05-01,7,16,7,7,14,23,37
40202,SANTUARIO DE QUILLACAS,desnutricion global,desnutricion leve (l),2006-05-01,3,4,7,16,10,20,30
20902,SAPAHAQUI,desnutricion global,desnutricion leve (l),2006-05-01,46,39,46,45,92,84,176
90303,SENA,desnutricion global,desnutricion leve (l),2006-05-01,13,10,14,8,27,18,45
21301,SICA SICA (VILLA AROMA),desnutricion global,desnutricion leve (l),2006-05-01,31,41,31,26,62,67,129
30703,SICAYA,desnutricion global,desnutricion leve (l),2006-05-01,20,2,7,8,27,10,37
30902,SIPE SIPE,desnutricion global,desnutricion leve (l),2006-05-01,93,88,71,62,164,150,314
10403,SOPACHUY,desnutricion global,desnutricion leve (l),2006-05-01,34,30,57,84,91,114,205
40104,SORACACHI,desnutricion global,desnutricion leve (l),2006-05-01,14,22,27,29,41,51,92
20601,SORATA,desnutricion global,desnutricion leve (l),2006-05-01,24,20,17,19,41,39,80
10101,SUCRE,desnutricion global,desnutricion leve (l),2006-05-01,322,275,353,353,675,628,1303
31404,TACACHI,desnutricion global,desnutricion leve (l),2006-05-01,2,1,1,3,3,4,7
20603,TACACOMA,desnutricion global,desnutricion leve (l),2006-05-01,8,3,6,9,14,12,26
50303,TACOBAMBA,desnutricion global,desnutricion leve (l),2006-05-01,34,47,54,41,88,88,176
30602,TACOPAYA,desnutricion global,desnutricion leve (l),2006-05-01,23,15,23,33,46,48,94
51402,TAHUA,desnutricion global,desnutricion leve (l),2006-05-01,1,0,3,3,4,3,7
31101,TAPACARI,desnutricion global,desnutricion leve (l),2006-05-01,65,56,53,49,118,105,223
10601,TARABUCO,desnutricion global,desnutricion leve (l),2006-05-01,95,85,187,203,282,288,570
20807,TARACO,desnutricion global,desnutricion leve (l),2006-05-01,1,2,0,2,1,4,5
30401,TARATA,desnutricion global,desnutricion leve (l),2006-05-01,20,19,14,8,34,27,61
60101,TARIJA,desnutricion global,desnutricion leve (l),2006-05-01,228,204,211,218,439,422,861
10202,TARVITA,desnutricion global,desnutricion leve (l),2006-05-01,69,77,143,153,212,230,442
20608,TEOPONTE,desnutricion global,desnutricion leve (l),2006-05-01,7,9,10,11,17,20,37
20803,TIAWANACU,desnutricion global,desnutricion leve (l),2006-05-01,24,11,26,23,50,34,84
50102,TINGUIPAYA,desnutricion global,desnutricion leve (l),2006-05-01,98,103,114,84,212,187,399
20606,TIPUANI,desnutricion global,desnutricion leve (l),2006-05-01,9,6,11,6,20,12,32
30903,TIQUIPAYA,desnutricion global,desnutricion leve (l),2006-05-01,61,50,52,60,113,110,223
31601,TIRAQUE (CBBA),desnutricion global,desnutricion leve (l),2006-05-01,99,99,75,80,174,179,353
21703,TITO YUPANQUI (PARQUIPUJIO),desnutricion global,desnutricion leve (l),2006-05-01,2,1,3,1,5,2,7
30802,TOCO,desnutricion global,desnutricion leve (l),2006-05-01,4,2,7,3,11,5,16
30803,TOLATA,desnutricion global,desnutricion leve (l),2006-05-01,1,2,3,2,4,4,8
41001,TOLEDO,desnutricion global,desnutricion leve (l),2006-05-01,10,16,12,16,22,32,54
51202,TOMAVE,desnutricion global,desnutricion leve (l),2006-05-01,64,15,55,9,119,24,143
10402,TOMINA,desnutricion global,desnutricion leve (l),2006-05-01,68,43,89,101,157,144,301
50502,TORO TORO,desnutricion global,desnutricion leve (l),2006-05-01,75,73,67,100,142,173,315
31201,TOTORA(CBBA),desnutricion global,desnutricion leve (l),2006-05-01,28,32,19,24,47,56,103
41301,TOTORA(ORR),desnutricion global,desnutricion leve (l),2006-05-01,2,5,7,9,9,14,23
70802,TRIGAL,desnutricion global,desnutricion leve (l),2006-05-01,1,2,0,0,1,2,3
80101,TRINIDAD,desnutricion global,desnutricion leve (l),2006-05-01,92,101,64,82,156,183,339
50801,TUPIZA,desnutricion global,desnutricion leve (l),2006-05-01,90,71,78,97,168,168,336
40402,TURCO,desnutricion global,desnutricion leve (l),2006-05-01,5,1,6,5,11,6,17
21302,UMALA,desnutricion global,desnutricion leve (l),2006-05-01,6,6,8,2,14,8,22
50201,UNCIA,desnutricion global,desnutricion leve (l),2006-05-01,41,29,52,36,93,65,158
60401,URIONDO (A. CONCEPCION),desnutricion global,desnutricion leve (l),2006-05-01,19,15,41,32,60,47,107
51201,UYUNI,desnutricion global,desnutricion leve (l),2006-05-01,32,32,34,28,66,60,126
30502,VACAS,desnutricion global,desnutricion leve (l),2006-05-01,15,8,14,10,29,18,47
70801,VALLEGRANDE,desnutricion global,desnutricion leve (l),2006-05-01,23,16,8,17,31,33,64
20801,VIACHA,desnutricion global,desnutricion leve (l),2006-05-01,51,42,48,29,99,71,170
31302,VILA VILA,desnutricion global,desnutricion leve (l),2006-05-01,3,1,5,11,8,12,20
60303,VILLA MONTES,desnutricion global,desnutricion leve (l),2006-05-01,32,33,33,43,65,76,141
90502,VILLA NUEVA (LOMA ALTA),desnutricion global,desnutricion leve (l),2006-05-01,2,2,2,6,4,8,12
31402,VILLA RIVERO,desnutricion global,desnutricion leve (l),2006-05-01,5,14,20,10,25,24,49
10801,VILLA SERRANO,desnutricion global,desnutricion leve (l),2006-05-01,62,54,111,135,173,189,362
31003,VILLA TUNARI,desnutricion global,desnutricion leve (l),2006-05-01,94,92,131,107,225,199,424
11001,VILLA VACA GUZMAN (MUYUPAMPA),desnutricion global,desnutricion leve (l),2006-05-01,24,26,40,56,64,82,146
51501,VILLAZON,desnutricion global,desnutricion leve (l),2006-05-01,96,73,72,81,168,154,322
30904,VINTO,desnutricion global,desnutricion leve (l),2006-05-01,30,26,20,18,50,44,94
50602,VITICHI,desnutricion global,desnutricion leve (l),2006-05-01,32,43,53,47,85,90,175
20306,WALDO BALLIVIAN,desnutricion global,desnutricion leve (l),2006-05-01,4,4,3,5,7,9,16
70201,WARNES,desnutricion global,desnutricion leve (l),2006-05-01,35,58,21,30,56,88,144
20903,YACO,desnutricion global,desnutricion leve (l),2006-05-01,18,19,19,25,37,44,81
60301,YACUIBA,desnutricion global,desnutricion leve (l),2006-05-01,34,33,29,27,63,60,123
10602,YAMPARAEZ,desnutricion global,desnutricion leve (l),2006-05-01,36,30,108,106,144,136,280
21103,YANACACHI,desnutricion global,desnutricion leve (l),2006-05-01,6,3,5,3,11,6,17
70403,YAPACANI,desnutricion global,desnutricion leve (l),2006-05-01,104,89,47,38,151,127,278
50103,YOCALLA,desnutricion global,desnutricion leve (l),2006-05-01,11,9,17,27,28,36,64
10102,YOTALA,desnutricion global,desnutricion leve (l),2006-05-01,27,28,34,49,61,77,138
60402,YUNCHARA,desnutricion global,desnutricion leve (l),2006-05-01,28,24,50,37,78,61,139
10301,ZUDAÑEZ,desnutricion global,desnutricion leve (l),2006-05-01,35,36,64,72,99,108,207
51302,ACACIO,desnutricion global,desnutricion leve (l),2006-06-01,29,25,31,43,60,68,128
20201,ACHACACHI,desnutricion global,desnutricion leve (l),2006-06-01,32,28,24,37,56,65,121
20104,ACHOCALLA,desnutricion global,desnutricion leve (l),2006-06-01,7,8,9,3,16,11,27
30201,AIQUILE,desnutricion global,desnutricion leve (l),2006-06-01,23,19,15,25,38,44,82
31303,ALALAY,desnutricion global,desnutricion leve (l),2006-06-01,13,7,14,22,27,29,56
10404,ALCALA,desnutricion global,desnutricion leve (l),2006-06-01,13,12,36,35,49,47,96
20202,ANCORAIMES,desnutricion global,desnutricion leve (l),2006-06-01,25,24,33,35,58,59,117
41201,ANDAMARCA,desnutricion global,desnutricion leve (l),2006-06-01,6,9,9,10,15,19,34
40603,ANTEQUERA,desnutricion global,desnutricion leve (l),2006-06-01,11,9,8,5,19,14,33
30402,ANZALDO,desnutricion global,desnutricion leve (l),2006-06-01,3,5,10,7,13,12,25
20701,APOLO,desnutricion global,desnutricion leve (l),2006-06-01,28,29,32,37,60,66,126
51301,ARAMPAMPA,desnutricion global,desnutricion leve (l),2006-06-01,23,19,26,15,49,34,83
30501,ARANI,desnutricion global,desnutricion leve (l),2006-06-01,11,6,3,10,14,16,30
30403,ARBIETO,desnutricion global,desnutricion leve (l),2006-06-01,13,5,14,13,27,18,45
30601,ARQUE,desnutricion global,desnutricion leve (l),2006-06-01,26,29,31,39,57,68,125
71501,ASCENCION DE GUARAYOS,desnutricion global,desnutricion leve (l),2006-06-01,85,81,106,128,191,209,400
50802,ATOCHA,desnutricion global,desnutricion leve (l),2006-06-01,26,20,35,27,61,47,108
20503,AUCAPATA,desnutricion global,desnutricion leve (l),2006-06-01,22,12,13,15,35,27,62
20502,AYATA,desnutricion global,desnutricion leve (l),2006-06-01,16,14,19,21,35,35,70
21303,AYO AYO,desnutricion global,desnutricion leve (l),2006-06-01,11,12,12,8,23,20,43
30301,AYOPAYA (V. DE INDEPENDENCIA),desnutricion global,desnutricion leve (l),2006-06-01,59,51,77,62,136,113,249
10201,AZURDUY,desnutricion global,desnutricion leve (l),2006-06-01,44,66,105,129,149,195,344
21203,BATALLAS,desnutricion global,desnutricion leve (l),2006-06-01,29,19,7,13,36,32,68
80802,BAURES,desnutricion global,desnutricion leve (l),2006-06-01,4,8,4,6,8,14,22
41202,BELEN DE ANDAMARCA,desnutricion global,desnutricion leve (l),2006-06-01,1,3,4,4,5,7,12
50104,BELEN DE URMIRI,desnutricion global,desnutricion leve (l),2006-06-01,5,3,7,10,12,13,25
90104,BELLA FLOR,desnutricion global,desnutricion leve (l),2006-06-01,1,3,3,3,4,6,10
60202,BERMEJO,desnutricion global,desnutricion leve (l),2006-06-01,11,15,21,15,32,30,62
50301,BETANZOS,desnutricion global,desnutricion leve (l),2006-06-01,64,83,84,94,148,177,325
31501,BOLIVAR,desnutricion global,desnutricion leve (l),2006-06-01,37,36,18,28,55,64,119
90103,BOLPEBRA,desnutricion global,desnutricion leve (l),2006-06-01,0,0,2,3,2,3,5
70707,BOYUIBE,desnutricion global,desnutricion leve (l),2006-06-01,9,4,16,4,25,8,33
70401,BUENA VISTA,desnutricion global,desnutricion leve (l),2006-06-01,14,7,10,15,24,22,46
70703,CABEZAS,desnutricion global,desnutricion leve (l),2006-06-01,17,13,20,13,37,26,63
20905,CAIROMA,desnutricion global,desnutricion leve (l),2006-06-01,49,47,39,55,88,102,190
51102,"CAIZA ""D""",desnutricion global,desnutricion leve (l),2006-06-01,23,19,28,26,51,45,96
21003,CAJUATA,desnutricion global,desnutricion leve (l),2006-06-01,18,11,6,17,24,28,52
20303,CALACOTO,desnutricion global,desnutricion leve (l),2006-06-01,15,11,17,9,32,20,52
21304,CALAMARCA,desnutricion global,desnutricion leve (l),2006-06-01,58,53,60,71,118,124,242
10701,CAMARGO,desnutricion global,desnutricion leve (l),2006-06-01,56,55,71,73,127,128,255
10901,CAMATAQUI (C. VILLA ABECIA),desnutricion global,desnutricion leve (l),2006-06-01,12,7,21,19,33,26,59
70706,CAMIRI,desnutricion global,desnutricion leve (l),2006-06-01,36,31,32,49,68,80,148
30701,CAPINOTA,desnutricion global,desnutricion leve (l),2006-06-01,35,29,46,49,81,78,159
20302,CAQUIAVIRI,desnutricion global,desnutricion leve (l),2006-06-01,3,5,4,5,7,10,17
40102,CARACOLLO,desnutricion global,desnutricion leve (l),2006-06-01,12,11,24,29,36,40,76
22001,CARANAVI,desnutricion global,desnutricion leve (l),2006-06-01,78,81,42,69,120,150,270
60302,CARAPARI,desnutricion global,desnutricion leve (l),2006-06-01,6,12,19,19,25,31,56
50702,CARIPUYO,desnutricion global,desnutricion leve (l),2006-06-01,36,36,36,61,72,97,169
71403,CARMEN RIVERO TORREZ,desnutricion global,desnutricion leve (l),2006-06-01,5,12,3,6,8,18,26
21902,CATACORA,desnutricion global,desnutricion leve (l),2006-06-01,1,0,0,0,1,0,1
21803,CHACARILLA,desnutricion global,desnutricion leve (l),2006-06-01,7,2,3,10,10,12,22
40201,CHALLAPATA,desnutricion global,desnutricion leve (l),2006-06-01,48,46,28,32,76,78,154
50302,CHAQUI,desnutricion global,desnutricion leve (l),2006-06-01,14,7,22,19,36,26,62
70702,CHARAGUA,desnutricion global,desnutricion leve (l),2006-06-01,35,36,33,36,68,72,140
20305,CHARAÑA,desnutricion global,desnutricion leve (l),2006-06-01,3,6,2,2,5,8,13
50202,CHAYANTA,desnutricion global,desnutricion leve (l),2006-06-01,52,58,101,115,153,173,326
31204,CHIMORE,desnutricion global,desnutricion leve (l),2006-06-01,20,22,15,10,35,32,67
40903,CHIPAYA,desnutricion global,desnutricion leve (l),2006-06-01,2,5,4,6,6,11,17
40302,CHOQUE COTA,desnutricion global,desnutricion leve (l),2006-06-01,0,3,0,0,0,3,3
21101,CHULUMANI (V. DE LA LIBERTAD),desnutricion global,desnutricion leve (l),2006-06-01,6,9,5,2,11,11,22
20501,CHUMA,desnutricion global,desnutricion leve (l),2006-06-01,19,13,23,23,42,36,78
30801,CLIZA,desnutricion global,desnutricion leve (l),2006-06-01,12,14,7,7,19,21,40
90101,COBIJA,desnutricion global,desnutricion leve (l),2006-06-01,37,34,51,78,88,112,200
30101,COCHABAMBA,desnutricion global,desnutricion leve (l),2006-06-01,324,325,223,234,547,559,1106
30905,COLCAPIRHUA,desnutricion global,desnutricion leve (l),2006-06-01,48,31,25,31,73,62,135
50901,"COLCHA ""K""",desnutricion global,desnutricion leve (l),2006-06-01,22,27,26,41,48,68,116
21307,COLLANA,desnutricion global,desnutricion leve (l),2006-06-01,5,2,4,7,9,9,18
31002,COLOMI,desnutricion global,desnutricion leve (l),2006-06-01,42,42,37,34,79,76,155
70603,COLPA BELGICA,desnutricion global,desnutricion leve (l),2006-06-01,4,4,8,7,12,11,23
50401,COLQUECHACA,desnutricion global,desnutricion leve (l),2006-06-01,152,139,207,170,359,309,668
21306,COLQUENCHA,desnutricion global,desnutricion leve (l),2006-06-01,14,11,13,15,27,26,53
21004,COLQUIRI,desnutricion global,desnutricion leve (l),2006-06-01,35,32,24,28,59,60,119
20304,COMANCHE,desnutricion global,desnutricion leve (l),2006-06-01,4,0,11,6,15,6,21
71301,COMARAPA,desnutricion global,desnutricion leve (l),2006-06-01,19,16,13,17,32,33,65
20605,COMBAYA,desnutricion global,desnutricion leve (l),2006-06-01,3,2,1,0,4,2,6
71101,CONCEPCION,desnutricion global,desnutricion leve (l),2006-06-01,12,1,1,2,13,3,16
21701,COPACABANA,desnutricion global,desnutricion leve (l),2006-06-01,18,24,22,24,40,48,88
21402,CORIPATA,desnutricion global,desnutricion leve (l),2006-06-01,9,10,8,4,17,14,31
20301,CORO CORO,desnutricion global,desnutricion leve (l),2006-06-01,28,28,27,21,55,49,104
21401,COROICO,desnutricion global,desnutricion leve (l),2006-06-01,17,15,21,17,38,32,70
40301,CORQUE,desnutricion global,desnutricion leve (l),2006-06-01,9,12,9,4,18,16,34
50601,COTAGAITA,desnutricion global,desnutricion leve (l),2006-06-01,58,67,88,66,146,133,279
70102,COTOCA,desnutricion global,desnutricion leve (l),2006-06-01,44,47,12,34,56,81,137
71106,CUATRO CAÑADAS,desnutricion global,desnutricion leve (l),2006-06-01,11,11,16,15,27,26,53
31405,CUCHUMUELA (V. G. VILLARROEL),desnutricion global,desnutricion leve (l),2006-06-01,1,1,2,0,3,1,4
70704,CUEVO,desnutricion global,desnutricion leve (l),2006-06-01,12,13,7,19,19,32,51
10902,CULPINA,desnutricion global,desnutricion leve (l),2006-06-01,99,76,109,98,208,174,382
40401,CURAHUARA DE CARANGAS,desnutricion global,desnutricion leve (l),2006-06-01,10,7,15,10,25,17,42
21602,CURVA,desnutricion global,desnutricion leve (l),2006-06-01,3,5,5,2,8,7,15
20804,DESAGUADERO,desnutricion global,desnutricion leve (l),2006-06-01,11,6,8,6,19,12,31
20105,EL ALTO,desnutricion global,desnutricion leve (l),2006-06-01,976,840,643,596,1619,1436,3055
40103,EL CHORO,desnutricion global,desnutricion leve (l),2006-06-01,7,3,3,3,10,6,16
71503,EL PUENTE(STC),desnutricion global,desnutricion leve (l),2006-06-01,22,23,22,17,44,40,84
60502,EL PUENTE(TJA),desnutricion global,desnutricion leve (l),2006-06-01,18,17,29,40,47,57,104
70105,EL TORNO,desnutricion global,desnutricion leve (l),2006-06-01,23,15,26,20,49,35,84
10405,EL VILLAR,desnutricion global,desnutricion leve (l),2006-06-01,7,9,20,25,27,34,61
60601,ENTRE RIOS,desnutricion global,desnutricion leve (l),2006-06-01,39,31,49,53,88,84,172
60601,ENTRE RIOS,desnutricion global,desnutricion leve (l),2006-06-01,22,32,28,38,50,70,120
40502,ESCARA,desnutricion global,desnutricion leve (l),2006-06-01,0,1,1,0,1,1,2
41101,EUCALIPTUS,desnutricion global,desnutricion leve (l),2006-06-01,3,2,10,7,13,9,22
90503,EUREKA (SANTOS MERCADO),desnutricion global,desnutricion leve (l),2006-06-01,2,0,1,0,3,0,3
80402,EXALTACION,desnutricion global,desnutricion leve (l),2006-06-01,8,0,3,9,11,9,20
71004,FERNANDEZ ALONSO,desnutricion global,desnutricion leve (l),2006-06-01,17,18,6,24,23,42,65
90203,FILADELFIA,desnutricion global,desnutricion leve (l),2006-06-01,1,1,1,1,2,2,4
71002,GENERAL SAAVEDRA,desnutricion global,desnutricion leve (l),2006-06-01,19,18,11,9,30,27,57
21601,GRAL. J.J. PEREZ (CHARAZANI),desnutricion global,desnutricion leve (l),2006-06-01,20,31,28,25,48,56,104
20602,GUANAY,desnutricion global,desnutricion leve (l),2006-06-01,20,24,21,26,41,50,91
20802,GUAQUI,desnutricion global,desnutricion leve (l),2006-06-01,10,6,7,10,17,16,33
80202,GUAYARAMERIN,desnutricion global,desnutricion leve (l),2006-06-01,56,46,40,34,96,80,176
70705,GUTIERREZ,desnutricion global,desnutricion leve (l),2006-06-01,29,27,69,71,98,98,196
10502,HUACARETA,desnutricion global,desnutricion leve (l),2006-06-01,18,17,16,38,34,55,89
11002,HUACAYA (VILLA DE HUACAYA),desnutricion global,desnutricion leve (l),2006-06-01,13,6,9,15,22,21,43
40501,HUACHACALLA,desnutricion global,desnutricion leve (l),2006-06-01,4,3,1,3,5,6,11
40701,HUANUNI,desnutricion global,desnutricion leve (l),2006-06-01,17,24,8,14,25,38,63
80803,HUARACAJE,desnutricion global,desnutricion leve (l),2006-06-01,6,9,6,4,12,13,25
41601,HUAYLLAMARCA,desnutricion global,desnutricion leve (l),2006-06-01,3,4,4,2,7,6,13
21005,ICHOCA,desnutricion global,desnutricion leve (l),2006-06-01,19,11,11,17,30,28,58
10304,ICLA,desnutricion global,desnutricion leve (l),2006-06-01,48,49,100,95,148,144,292
10703,INCAHUASI,desnutricion global,desnutricion leve (l),2006-06-01,95,93,99,126,194,219,413
90402,INGAVI (HUMAITA),desnutricion global,desnutricion leve (l),2006-06-01,5,2,5,3,10,5,15
21001,INQUISIVI,desnutricion global,desnutricion leve (l),2006-06-01,40,28,37,36,77,64,141
21102,IRUPANA (VILLA DE LANZA),desnutricion global,desnutricion leve (l),2006-06-01,21,19,22,26,43,45,88
21501,IXIAMAS,desnutricion global,desnutricion leve (l),2006-06-01,8,12,8,10,16,22,38
20806,JESUS DE MACHACA,desnutricion global,desnutricion leve (l),2006-06-01,14,31,14,22,28,53,81
21105,LA ASUNTA,desnutricion global,desnutricion leve (l),2006-06-01,44,43,15,16,59,59,118
70104,LA GUARDIA,desnutricion global,desnutricion leve (l),2006-06-01,42,37,20,29,62,66,128
20101,LA PAZ,desnutricion global,desnutricion leve (l),2006-06-01,668,660,425,424,1093,1084,2177
41501,LA RIVERA,desnutricion global,desnutricion leve (l),2006-06-01,0,0,1,0,1,0,1
70701,LAGUNILLAS,desnutricion global,desnutricion leve (l),2006-06-01,15,15,29,29,44,44,88
21202,LAJA,desnutricion global,desnutricion leve (l),2006-06-01,17,17,6,9,23,26,49
10903,LAS CARRERAS,desnutricion global,desnutricion leve (l),2006-06-01,4,9,22,25,26,34,60
21006,LICOMA PAMPA,desnutricion global,desnutricion leve (l),2006-06-01,9,9,13,18,22,27,49
50203,LLALLAGUA,desnutricion global,desnutricion leve (l),2006-06-01,133,102,172,215,305,317,622
51401,LLICA,desnutricion global,desnutricion leve (l),2006-06-01,5,7,6,3,11,10,21
80601,LORETO,desnutricion global,desnutricion leve (l),2006-06-01,4,2,1,17,5,19,24
20901,LURIBAY,desnutricion global,desnutricion leve (l),2006-06-01,18,12,17,19,35,31,66
40702,MACHACAMARCA,desnutricion global,desnutricion leve (l),2006-06-01,1,0,1,1,2,1,3
11003,MACHARETI,desnutricion global,desnutricion leve (l),2006-06-01,19,7,28,25,47,32,79
80801,MAGDALENA,desnutricion global,desnutricion leve (l),2006-06-01,19,10,11,7,30,17,47
70903,MAIRANA,desnutricion global,desnutricion leve (l),2006-06-01,11,6,8,9,19,15,34
20904,MALLA,desnutricion global,desnutricion leve (l),2006-06-01,19,8,19,21,38,29,67
20607,MAPIRI,desnutricion global,desnutricion leve (l),2006-06-01,15,12,10,4,25,16,41
20103,MECAPACA,desnutricion global,desnutricion leve (l),2006-06-01,20,15,21,25,41,40,81
71003,MINEROS,desnutricion global,desnutricion leve (l),2006-06-01,38,28,12,19,50,47,97
31301,MIZQUE,desnutricion global,desnutricion leve (l),2006-06-01,23,31,23,32,46,63,109
20402,MOCOMOCO,desnutricion global,desnutricion leve (l),2006-06-01,36,22,29,53,65,75,140
51002,MOJINETE,desnutricion global,desnutricion leve (l),2006-06-01,1,1,2,0,3,1,4
10303,MOJOCOYA,desnutricion global,desnutricion leve (l),2006-06-01,33,25,48,46,81,71,152
10501,MONTEAGUDO,desnutricion global,desnutricion leve (l),2006-06-01,49,37,95,83,144,120,264
71001,MONTERO,desnutricion global,desnutricion leve (l),2006-06-01,113,137,77,108,190,245,435
70803,MORO MORO,desnutricion global,desnutricion leve (l),2006-06-01,0,1,2,0,2,1,3
30302,MOROCHATA,desnutricion global,desnutricion leve (l),2006-06-01,30,44,32,28,62,72,134
90401,NACEBE (SANTA ROSA DEL ABUNA),desnutricion global,desnutricion leve (l),2006-06-01,4,0,4,1,8,1,9
50404,OCURI,desnutricion global,desnutricion leve (l),2006-06-01,86,93,123,102,209,195,404
70202,OKINAWA,desnutricion global,desnutricion leve (l),2006-06-01,5,7,4,4,9,11,20
30203,OMEREQUE,desnutricion global,desnutricion leve (l),2006-06-01,6,5,8,7,14,12,26
40101,ORURO,desnutricion global,desnutricion leve (l),2006-06-01,305,264,191,174,496,438,934
60201,PADCAYA,desnutricion global,desnutricion leve (l),2006-06-01,28,20,26,49,54,69,123
10401,PADILLA,desnutricion global,desnutricion leve (l),2006-06-01,34,29,74,84,108,113,221
70502,PAILON,desnutricion global,desnutricion leve (l),2006-06-01,1,19,14,0,15,19,34
20102,PALCA,desnutricion global,desnutricion leve (l),2006-06-01,3,5,10,3,13,8,21
21104,PALOS BLANCOS,desnutricion global,desnutricion leve (l),2006-06-01,26,25,24,24,50,49,99
40802,PAMPA AULLAGAS,desnutricion global,desnutricion leve (l),2006-06-01,4,5,7,11,11,16,27
70902,PAMPA GRANDE,desnutricion global,desnutricion leve (l),2006-06-01,4,2,2,4,6,6,12
21802,PAPEL PAMPA,desnutricion global,desnutricion leve (l),2006-06-01,0,3,0,3,0,6,6
30202,PASORAPA,desnutricion global,desnutricion leve (l),2006-06-01,16,6,15,12,31,18,49
21305,PATACAMAYA,desnutricion global,desnutricion leve (l),2006-06-01,40,53,21,38,61,91,152
40602,PAZÑA,desnutricion global,desnutricion leve (l),2006-06-01,5,11,12,21,17,32,49
20702,PELECHUCO,desnutricion global,desnutricion leve (l),2006-06-01,9,10,11,14,20,24,44
50403,POCOATA,desnutricion global,desnutricion leve (l),2006-06-01,84,71,94,130,178,201,379
31203,POCONA,desnutricion global,desnutricion leve (l),2006-06-01,29,19,15,21,44,40,84
31202,POJO (CBBA),desnutricion global,desnutricion leve (l),2006-06-01,14,8,16,22,30,30,60
40601,POOPO,desnutricion global,desnutricion leve (l),2006-06-01,0,6,7,8,7,14,21
51203,PORCO,desnutricion global,desnutricion leve (l),2006-06-01,13,19,17,14,30,33,63
10103,POROMA,desnutricion global,desnutricion leve (l),2006-06-01,60,71,74,90,134,161,295
70103,PORONGO,desnutricion global,desnutricion leve (l),2006-06-01,4,1,1,0,5,1,6
70601,PORTACHUELO,desnutricion global,desnutricion leve (l),2006-06-01,21,15,18,18,39,33,72
90102,PORVENIR,desnutricion global,desnutricion leve (l),2006-06-01,3,5,5,7,8,12,20
70804,POSTRER VALLE,desnutricion global,desnutricion leve (l),2006-06-01,5,4,6,12,11,16,27
50101,POTOSI,desnutricion global,desnutricion leve (l),2006-06-01,300,254,154,136,454,390,844
10302,PRESTO,desnutricion global,desnutricion leve (l),2006-06-01,24,30,37,43,61,73,134
70805,PUCARA,desnutricion global,desnutricion leve (l),2006-06-01,2,2,4,4,6,6,12
21201,PUCARANI,desnutricion global,desnutricion leve (l),2006-06-01,27,34,17,22,44,56,100
20401,PUERTO ACOSTA,desnutricion global,desnutricion leve (l),2006-06-01,27,40,23,24,50,64,114
20403,PUERTO CARABUCO,desnutricion global,desnutricion leve (l),2006-06-01,17,10,15,25,32,35,67
90301,PUERTO GONZALO MORENO,desnutricion global,desnutricion leve (l),2006-06-01,17,15,17,16,34,31,65
21204,PUERTO PEREZ,desnutricion global,desnutricion leve (l),2006-06-01,8,4,3,3,11,7,18
71402,PUERTO QUIJARRO,desnutricion global,desnutricion leve (l),2006-06-01,9,11,4,7,13,18,31
90201,PUERTO RICO,desnutricion global,desnutricion leve (l),2006-06-01,16,14,8,13,24,27,51
80703,PUERTO SILES,desnutricion global,desnutricion leve (l),2006-06-01,1,1,0,0,1,1,2
71401,PUERTO SUAREZ,desnutricion global,desnutricion leve (l),2006-06-01,10,7,3,8,13,15,28
31205,PUERTO VILLARROEL,desnutricion global,desnutricion leve (l),2006-06-01,66,59,40,55,106,114,220
51101,PUNA,desnutricion global,desnutricion leve (l),2006-06-01,81,75,111,100,192,175,367
31401,PUNATA,desnutricion global,desnutricion leve (l),2006-06-01,30,33,19,25,49,58,107
20604,QUIABAYA,desnutricion global,desnutricion leve (l),2006-06-01,1,1,1,2,2,3,5
30901,QUILLACOLLO,desnutricion global,desnutricion leve (l),2006-06-01,48,44,48,56,96,100,196
21002,QUIME,desnutricion global,desnutricion leve (l),2006-06-01,31,12,22,13,53,25,78
70904,QUIRUSILLAS,desnutricion global,desnutricion leve (l),2006-06-01,1,1,4,2,5,3,8
50402,RAVELO,desnutricion global,desnutricion leve (l),2006-06-01,115,130,155,145,270,275,545
80301,REYES,desnutricion global,desnutricion leve (l),2006-06-01,22,26,19,23,41,49,90
80201,RIBERALTA,desnutricion global,desnutricion leve (l),2006-06-01,316,278,146,179,462,457,919
70503,ROBORE,desnutricion global,desnutricion leve (l),2006-06-01,19,23,6,15,25,38,63
80304,RURRENABAQUE,desnutricion global,desnutricion leve (l),2006-06-01,9,14,5,10,14,24,38
40901,SABAYA,desnutricion global,desnutricion leve (l),2006-06-01,5,6,2,7,7,13,20
31001,SACABA,desnutricion global,desnutricion leve (l),2006-06-01,91,76,49,57,140,133,273
30404,SACABAMBA,desnutricion global,desnutricion leve (l),2006-06-01,10,9,6,11,16,20,36
50701,SACACA,desnutricion global,desnutricion leve (l),2006-06-01,125,133,200,204,325,337,662
71302,SAIPINA,desnutricion global,desnutricion leve (l),2006-06-01,8,6,10,7,18,13,31
40801,SALINAS DE GARCI MENDOZA,desnutricion global,desnutricion leve (l),2006-06-01,13,18,9,12,22,30,52
70901,SAMAIPATA,desnutricion global,desnutricion leve (l),2006-06-01,14,13,10,16,24,29,53
51601,SAN AGUSTIN,desnutricion global,desnutricion leve (l),2006-06-01,6,2,9,4,15,6,21
80602,SAN ANDRES,desnutricion global,desnutricion leve (l),2006-06-01,14,16,5,6,19,22,41
20805,SAN ANDRES DE MACHACA,desnutricion global,desnutricion leve (l),2006-06-01,6,2,7,4,13,6,19
51003,SAN ANTONIO DE ESMORUCO,desnutricion global,desnutricion leve (l),2006-06-01,0,0,4,3,4,3,7
71105,SAN ANTONIO DE LOMERIO,desnutricion global,desnutricion leve (l),2006-06-01,23,27,39,38,62,65,127
31403,SAN BENITO,desnutricion global,desnutricion leve (l),2006-06-01,15,13,17,20,32,33,65
80302,SAN BORJA,desnutricion global,desnutricion leve (l),2006-06-01,65,63,44,40,109,103,212
21502,SAN BUENA VENTURA,desnutricion global,desnutricion leve (l),2006-06-01,11,10,12,16,23,26,49
70402,SAN CARLOS,desnutricion global,desnutricion leve (l),2006-06-01,12,15,9,15,21,30,51
80501,SAN IGNACIO,desnutricion global,desnutricion leve (l),2006-06-01,56,43,47,51,103,94,197
70301,SAN IGNACIO DE VELASCO,desnutricion global,desnutricion leve (l),2006-06-01,88,109,67,107,155,216,371
80102,SAN JAVIER(BNI),desnutricion global,desnutricion leve (l),2006-06-01,3,4,3,3,6,7,13
71102,SAN JAVIER(STC),desnutricion global,desnutricion leve (l),2006-06-01,3,1,1,2,4,3,7
80701,SAN JOAQUIN,desnutricion global,desnutricion leve (l),2006-06-01,2,1,4,8,6,9,15
70501,SAN JOSE DE CHIQUITOS,desnutricion global,desnutricion leve (l),2006-06-01,19,17,8,21,27,38,65
70404,SAN JUAN DE YAPACANI,desnutricion global,desnutricion leve (l),2006-06-01,5,8,1,4,6,12,18
71104,SAN JULIAN,desnutricion global,desnutricion leve (l),2006-06-01,27,24,35,47,62,71,133
90302,SAN LORENZO(PND),desnutricion global,desnutricion leve (l),2006-06-01,12,11,12,22,24,33,57
60501,SAN LORENZO(TJA),desnutricion global,desnutricion leve (l),2006-06-01,51,53,64,74,115,127,242
10702,SAN LUCAS,desnutricion global,desnutricion leve (l),2006-06-01,208,205,254,280,462,485,947
71201,SAN MATIAS,desnutricion global,desnutricion leve (l),2006-06-01,13,14,10,13,23,27,50
70302,SAN MIGUEL DE VELASCO,desnutricion global,desnutricion leve (l),2006-06-01,26,24,27,28,53,52,105
51001,SAN PABLO DE LIPEZ,desnutricion global,desnutricion leve (l),2006-06-01,7,8,8,7,15,15,30
71005,SAN PEDRO,desnutricion global,desnutricion leve (l),2006-06-01,17,16,10,22,27,38,65
50501,SAN PEDRO DE BUENA VISTA,desnutricion global,desnutricion leve (l),2006-06-01,148,97,168,163,316,260,576
21801,SAN PEDRO DE CURAHUARA,desnutricion global,desnutricion leve (l),2006-06-01,3,5,2,5,5,10,15
21702,SAN PEDRO DE TIQUINA,desnutricion global,desnutricion leve (l),2006-06-01,2,6,5,4,7,10,17
90202,SAN PEDRO(PND),desnutricion global,desnutricion leve (l),2006-06-01,4,7,2,11,6,18,24
70303,SAN RAFAEL,desnutricion global,desnutricion leve (l),2006-06-01,12,9,6,14,18,23,41
80702,SAN RAMON,desnutricion global,desnutricion leve (l),2006-06-01,7,3,4,4,11,7,18
80702,SAN RAMON,desnutricion global,desnutricion leve (l),2006-06-01,10,6,1,1,11,7,18
80401,SANTA ANA,desnutricion global,desnutricion leve (l),2006-06-01,8,19,8,11,16,30,46
70101,SANTA CRUZ DE LA SIERRA,desnutricion global,desnutricion leve (l),2006-06-01,414,410,168,187,582,597,1179
80303,SANTA ROSA,desnutricion global,desnutricion leve (l),2006-06-01,10,13,1,6,11,19,30
70602,SANTA ROSA DEL SARA,desnutricion global,desnutricion leve (l),2006-06-01,13,12,8,12,21,24,45
20308,SANTIAGO DE CALLAPA,desnutricion global,desnutricion leve (l),2006-06-01,8,8,8,13,16,21,37
41401,SANTIAGO DE HUARI,desnutricion global,desnutricion leve (l),2006-06-01,12,17,21,19,33,36,69
21901,SANTIAGO DE MACHACA,desnutricion global,desnutricion leve (l),2006-06-01,5,0,3,2,8,2,10
30702,SANTIVAÑES,desnutricion global,desnutricion leve (l),2006-06-01,8,17,22,21,30,38,68
40202,SANTUARIO DE QUILLACAS,desnutricion global,desnutricion leve (l),2006-06-01,5,5,7,6,12,11,23
20902,SAPAHAQUI,desnutricion global,desnutricion leve (l),2006-06-01,29,17,13,35,42,52,94
90303,SENA,desnutricion global,desnutricion leve (l),2006-06-01,8,3,7,6,15,9,24
21301,SICA SICA (VILLA AROMA),desnutricion global,desnutricion leve (l),2006-06-01,51,41,32,26,83,67,150
30703,SICAYA,desnutricion global,desnutricion leve (l),2006-06-01,12,1,0,8,12,9,21
30902,SIPE SIPE,desnutricion global,desnutricion leve (l),2006-06-01,55,54,29,21,84,75,159
10403,SOPACHUY,desnutricion global,desnutricion leve (l),2006-06-01,24,23,39,53,63,76,139
40104,SORACACHI,desnutricion global,desnutricion leve (l),2006-06-01,7,10,8,7,15,17,32
20601,SORATA,desnutricion global,desnutricion leve (l),2006-06-01,11,14,17,25,28,39,67
10101,SUCRE,desnutricion global,desnutricion leve (l),2006-06-01,296,259,272,345,568,604,1172
31404,TACACHI,desnutricion global,desnutricion leve (l),2006-06-01,0,1,1,0,1,1,2
20603,TACACOMA,desnutricion global,desnutricion leve (l),2006-06-01,7,3,6,6,13,9,22
50303,TACOBAMBA,desnutricion global,desnutricion leve (l),2006-06-01,20,19,16,17,36,36,72
30602,TACOPAYA,desnutricion global,desnutricion leve (l),2006-06-01,23,24,42,52,65,76,141
51402,TAHUA,desnutricion global,desnutricion leve (l),2006-06-01,0,0,0,1,0,1,1
31101,TAPACARI,desnutricion global,desnutricion leve (l),2006-06-01,61,65,48,52,109,117,226
10601,TARABUCO,desnutricion global,desnutricion leve (l),2006-06-01,117,108,232,237,349,345,694
20807,TARACO,desnutricion global,desnutricion leve (l),2006-06-01,3,5,7,2,10,7,17
30401,TARATA,desnutricion global,desnutricion leve (l),2006-06-01,9,11,10,6,19,17,36
60101,TARIJA,desnutricion global,desnutricion leve (l),2006-06-01,140,148,159,140,299,288,587
10202,TARVITA,desnutricion global,desnutricion leve (l),2006-06-01,31,30,33,34,64,64,128
20608,TEOPONTE,desnutricion global,desnutricion leve (l),2006-06-01,5,5,1,5,6,10,16
20803,TIAWANACU,desnutricion global,desnutricion leve (l),2006-06-01,13,6,5,3,18,9,27
50102,TINGUIPAYA,desnutricion global,desnutricion leve (l),2006-06-01,39,51,85,56,124,107,231
20606,TIPUANI,desnutricion global,desnutricion leve (l),2006-06-01,15,9,5,6,20,15,35
30903,TIQUIPAYA,desnutricion global,desnutricion leve (l),2006-06-01,23,35,15,22,38,57,95
31601,TIRAQUE (CBBA),desnutricion global,desnutricion leve (l),2006-06-01,50,57,70,66,120,123,243
21703,TITO YUPANQUI (PARQUIPUJIO),desnutricion global,desnutricion leve (l),2006-06-01,0,0,3,2,3,2,5
30802,TOCO,desnutricion global,desnutricion leve (l),2006-06-01,5,5,7,13,12,18,30
30803,TOLATA,desnutricion global,desnutricion leve (l),2006-06-01,0,1,4,1,4,2,6
41001,TOLEDO,desnutricion global,desnutricion leve (l),2006-06-01,9,5,2,4,11,9,20
51202,TOMAVE,desnutricion global,desnutricion leve (l),2006-06-01,40,11,30,24,70,35,105
10402,TOMINA,desnutricion global,desnutricion leve (l),2006-06-01,65,49,87,109,152,158,310
50502,TORO TORO,desnutricion global,desnutricion leve (l),2006-06-01,62,69,92,100,154,169,323
31201,TOTORA(CBBA),desnutricion global,desnutricion leve (l),2006-06-01,21,19,21,30,42,49,91
41301,TOTORA(ORR),desnutricion global,desnutricion leve (l),2006-06-01,1,6,5,3,6,9,15
70802,TRIGAL,desnutricion global,desnutricion leve (l),2006-06-01,0,1,1,0,1,1,2
80101,TRINIDAD,desnutricion global,desnutricion leve (l),2006-06-01,114,90,56,61,170,151,321
50801,TUPIZA,desnutricion global,desnutricion leve (l),2006-06-01,58,71,72,91,130,162,292
40402,TURCO,desnutricion global,desnutricion leve (l),2006-06-01,2,3,4,3,6,6,12
21302,UMALA,desnutricion global,desnutricion leve (l),2006-06-01,20,19,19,25,39,44,83
50201,UNCIA,desnutricion global,desnutricion leve (l),2006-06-01,54,47,79,68,133,115,248
60401,URIONDO (A. CONCEPCION),desnutricion global,desnutricion leve (l),2006-06-01,14,11,30,31,44,42,86
71502,URUBICHA,desnutricion global,desnutricion leve (l),2006-06-01,41,41,61,54,102,95,197
51201,UYUNI,desnutricion global,desnutricion leve (l),2006-06-01,43,24,35,36,78,60,138
30502,VACAS,desnutricion global,desnutricion leve (l),2006-06-01,20,13,22,29,42,42,84
70801,VALLEGRANDE,desnutricion global,desnutricion leve (l),2006-06-01,13,8,13,10,26,18,44
20801,VIACHA,desnutricion global,desnutricion leve (l),2006-06-01,35,27,25,25,60,52,112
31302,VILA VILA,desnutricion global,desnutricion leve (l),2006-06-01,14,9,27,8,41,17,58
60303,VILLA MONTES,desnutricion global,desnutricion leve (l),2006-06-01,24,19,22,16,46,35,81
90502,VILLA NUEVA (LOMA ALTA),desnutricion global,desnutricion leve (l),2006-06-01,1,1,2,1,3,2,5
31402,VILLA RIVERO,desnutricion global,desnutricion leve (l),2006-06-01,7,19,17,26,24,45,69
10801,VILLA SERRANO,desnutricion global,desnutricion leve (l),2006-06-01,43,49,94,98,137,147,284
31003,VILLA TUNARI,desnutricion global,desnutricion leve (l),2006-06-01,104,101,103,101,207,202,409
11001,VILLA VACA GUZMAN (MUYUPAMPA),desnutricion global,desnutricion leve (l),2006-06-01,20,16,16,34,36,50,86
51501,VILLAZON,desnutricion global,desnutricion leve (l),2006-06-01,59,54,63,58,122,112,234
30904,VINTO,desnutricion global,desnutricion leve (l),2006-06-01,44,52,9,16,53,68,121
50602,VITICHI,desnutricion global,desnutricion leve (l),2006-06-01,73,27,125,61,198,88,286
20306,WALDO BALLIVIAN,desnutricion global,desnutricion leve (l),2006-06-01,5,4,5,5,10,9,19
70201,WARNES,desnutricion global,desnutricion leve (l),2006-06-01,100,84,41,44,141,128,269
20903,YACO,desnutricion global,desnutricion leve (l),2006-06-01,22,24,18,36,40,60,100
60301,YACUIBA,desnutricion global,desnutricion leve (l),2006-06-01,45,49,48,47,93,96,189
10602,YAMPARAEZ,desnutricion global,desnutricion leve (l),2006-06-01,37,29,113,102,150,131,281
21103,YANACACHI,desnutricion global,desnutricion leve (l),2006-06-01,4,0,0,2,4,2,6
70403,YAPACANI,desnutricion global,desnutricion leve (l),2006-06-01,66,55,33,33,99,88,187
50103,YOCALLA,desnutricion global,desnutricion leve (l),2006-06-01,6,8,17,16,23,24,47
10102,YOTALA,desnutricion global,desnutricion leve (l),2006-06-01,25,26,41,59,66,85,151
60402,YUNCHARA,desnutricion global,desnutricion leve (l),2006-06-01,29,26,65,47,94,73,167
10301,ZUDAÑEZ,desnutricion global,desnutricion leve (l),2006-06-01,38,30,58,75,96,105,201
51302,ACACIO,desnutricion global,desnutricion leve (l),2006-07-01,13,21,27,29,40,50,90
20201,ACHACACHI,desnutricion global,desnutricion leve (l),2006-07-01,29,30,38,33,67,63,130
20104,ACHOCALLA,desnutricion global,desnutricion leve (l),2006-07-01,7,8,4,5,11,13,24
30201,AIQUILE,desnutricion global,desnutricion leve (l),2006-07-01,20,30,22,20,42,50,92
31303,ALALAY,desnutricion global,desnutricion leve (l),2006-07-01,3,3,5,3,8,6,14
10404,ALCALA,desnutricion global,desnutricion leve (l),2006-07-01,20,12,26,25,46,37,83
20202,ANCORAIMES,desnutricion global,desnutricion leve (l),2006-07-01,24,26,36,41,60,67,127
41201,ANDAMARCA,desnutricion global,desnutricion leve (l),2006-07-01,5,4,6,3,11,7,18
40603,ANTEQUERA,desnutricion global,desnutricion leve (l),2006-07-01,7,4,4,3,11,7,18
30402,ANZALDO,desnutricion global,desnutricion leve (l),2006-07-01,7,3,14,9,21,12,33
20701,APOLO,desnutricion global,desnutricion leve (l),2006-07-01,20,23,26,31,46,54,100
51301,ARAMPAMPA,desnutricion global,desnutricion leve (l),2006-07-01,21,23,25,18,46,41,87
30501,ARANI,desnutricion global,desnutricion leve (l),2006-07-01,30,20,23,23,53,43,96
30403,ARBIETO,desnutricion global,desnutricion leve (l),2006-07-01,6,12,6,3,12,15,27
30601,ARQUE,desnutricion global,desnutricion leve (l),2006-07-01,69,60,30,54,99,114,213
50802,ATOCHA,desnutricion global,desnutricion leve (l),2006-07-01,15,20,29,24,44,44,88
20503,AUCAPATA,desnutricion global,desnutricion leve (l),2006-07-01,4,3,6,2,10,5,15
20502,AYATA,desnutricion global,desnutricion leve (l),2006-07-01,7,20,9,11,16,31,47
21303,AYO AYO,desnutricion global,desnutricion leve (l),2006-07-01,9,14,5,1,14,15,29
30301,AYOPAYA (V. DE INDEPENDENCIA),desnutricion global,desnutricion leve (l),2006-07-01,51,50,46,41,97,91,188
10201,AZURDUY,desnutricion global,desnutricion leve (l),2006-07-01,50,56,88,99,138,155,293
21203,BATALLAS,desnutricion global,desnutricion leve (l),2006-07-01,16,15,10,10,26,25,51
80802,BAURES,desnutricion global,desnutricion leve (l),2006-07-01,10,6,9,14,19,20,39
50104,BELEN DE URMIRI,desnutricion global,desnutricion leve (l),2006-07-01,5,1,5,6,10,7,17
90104,BELLA FLOR,desnutricion global,desnutricion leve (l),2006-07-01,0,4,6,3,6,7,13
60202,BERMEJO,desnutricion global,desnutricion leve (l),2006-07-01,6,11,12,7,18,18,36
50301,BETANZOS,desnutricion global,desnutricion leve (l),2006-07-01,83,93,132,136,215,229,444
31501,BOLIVAR,desnutricion global,desnutricion leve (l),2006-07-01,43,33,35,40,78,73,151
90103,BOLPEBRA,desnutricion global,desnutricion leve (l),2006-07-01,3,3,4,3,7,6,13
70707,BOYUIBE,desnutricion global,desnutricion leve (l),2006-07-01,6,6,7,9,13,15,28
70401,BUENA VISTA,desnutricion global,desnutricion leve (l),2006-07-01,7,7,8,9,15,16,31
70703,CABEZAS,desnutricion global,desnutricion leve (l),2006-07-01,22,10,8,10,30,20,50
20905,CAIROMA,desnutricion global,desnutricion leve (l),2006-07-01,46,26,28,47,74,73,147
51102,"CAIZA ""D""",desnutricion global,desnutricion leve (l),2006-07-01,24,23,29,27,53,50,103
21003,CAJUATA,desnutricion global,desnutricion leve (l),2006-07-01,26,14,23,12,49,26,75
20303,CALACOTO,desnutricion global,desnutricion leve (l),2006-07-01,8,12,9,13,17,25,42
21304,CALAMARCA,desnutricion global,desnutricion leve (l),2006-07-01,72,50,53,63,125,113,238
10701,CAMARGO,desnutricion global,desnutricion leve (l),2006-07-01,75,87,81,95,156,182,338
10901,CAMATAQUI (C. VILLA ABECIA),desnutricion global,desnutricion leve (l),2006-07-01,10,10,10,14,20,24,44
70706,CAMIRI,desnutricion global,desnutricion leve (l),2006-07-01,38,58,43,60,81,118,199
30701,CAPINOTA,desnutricion global,desnutricion leve (l),2006-07-01,48,52,33,22,81,74,155
20302,CAQUIAVIRI,desnutricion global,desnutricion leve (l),2006-07-01,7,6,4,7,11,13,24
40102,CARACOLLO,desnutricion global,desnutricion leve (l),2006-07-01,17,19,8,11,25,30,55
22001,CARANAVI,desnutricion global,desnutricion leve (l),2006-07-01,56,63,47,64,103,127,230
41503,CARANGAS,desnutricion global,desnutricion leve (l),2006-07-01,0,2,0,0,0,2,2
60302,CARAPARI,desnutricion global,desnutricion leve (l),2006-07-01,5,6,17,8,22,14,36
50702,CARIPUYO,desnutricion global,desnutricion leve (l),2006-07-01,35,41,64,90,99,131,230
71403,CARMEN RIVERO TORREZ,desnutricion global,desnutricion leve (l),2006-07-01,11,2,4,9,15,11,26
21902,CATACORA,desnutricion global,desnutricion leve (l),2006-07-01,9,8,12,3,21,11,32
21803,CHACARILLA,desnutricion global,desnutricion leve (l),2006-07-01,1,2,3,7,4,9,13
40201,CHALLAPATA,desnutricion global,desnutricion leve (l),2006-07-01,26,24,25,31,51,55,106
50302,CHAQUI,desnutricion global,desnutricion leve (l),2006-07-01,17,9,20,28,37,37,74
70702,CHARAGUA,desnutricion global,desnutricion leve (l),2006-07-01,32,44,39,41,71,85,156
20305,CHARAÑA,desnutricion global,desnutricion leve (l),2006-07-01,4,6,8,2,12,8,20
50202,CHAYANTA,desnutricion global,desnutricion leve (l),2006-07-01,53,46,67,87,120,133,253
31204,CHIMORE,desnutricion global,desnutricion leve (l),2006-07-01,18,22,14,19,32,41,73
40302,CHOQUE COTA,desnutricion global,desnutricion leve (l),2006-07-01,1,1,2,6,3,7,10
21101,CHULUMANI (V. DE LA LIBERTAD),desnutricion global,desnutricion leve (l),2006-07-01,11,9,1,2,12,11,23
20501,CHUMA,desnutricion global,desnutricion leve (l),2006-07-01,23,19,34,34,57,53,110
30801,CLIZA,desnutricion global,desnutricion leve (l),2006-07-01,23,18,21,24,44,42,86
90101,COBIJA,desnutricion global,desnutricion leve (l),2006-07-01,49,53,40,48,89,101,190
30101,COCHABAMBA,desnutricion global,desnutricion leve (l),2006-07-01,307,255,186,153,493,408,901
40902,COIPASA,desnutricion global,desnutricion leve (l),2006-07-01,0,0,0,2,0,2,2
30905,COLCAPIRHUA,desnutricion global,desnutricion leve (l),2006-07-01,45,55,40,26,85,81,166
50901,"COLCHA ""K""",desnutricion global,desnutricion leve (l),2006-07-01,13,21,15,15,28,36,64
21307,COLLANA,desnutricion global,desnutricion leve (l),2006-07-01,1,1,2,3,3,4,7
31002,COLOMI,desnutricion global,desnutricion leve (l),2006-07-01,36,28,23,34,59,62,121
70603,COLPA BELGICA,desnutricion global,desnutricion leve (l),2006-07-01,7,4,7,10,14,14,28
50401,COLQUECHACA,desnutricion global,desnutricion leve (l),2006-07-01,65,71,51,37,116,108,224
21306,COLQUENCHA,desnutricion global,desnutricion leve (l),2006-07-01,19,10,18,15,37,25,62
21004,COLQUIRI,desnutricion global,desnutricion leve (l),2006-07-01,40,37,34,41,74,78,152
20304,COMANCHE,desnutricion global,desnutricion leve (l),2006-07-01,6,3,4,4,10,7,17
71301,COMARAPA,desnutricion global,desnutricion leve (l),2006-07-01,10,15,9,21,19,36,55
20605,COMBAYA,desnutricion global,desnutricion leve (l),2006-07-01,3,3,11,4,14,7,21
71101,CONCEPCION,desnutricion global,desnutricion leve (l),2006-07-01,9,4,3,5,12,9,21
21701,COPACABANA,desnutricion global,desnutricion leve (l),2006-07-01,24,9,15,26,39,35,74
21402,CORIPATA,desnutricion global,desnutricion leve (l),2006-07-01,7,14,4,8,11,22,33
20301,CORO CORO,desnutricion global,desnutricion leve (l),2006-07-01,16,16,33,17,49,33,82
21401,COROICO,desnutricion global,desnutricion leve (l),2006-07-01,14,13,6,8,20,21,41
40301,CORQUE,desnutricion global,desnutricion leve (l),2006-07-01,1,5,6,8,7,13,20
50601,COTAGAITA,desnutricion global,desnutricion leve (l),2006-07-01,65,34,61,63,126,97,223
70102,COTOCA,desnutricion global,desnutricion leve (l),2006-07-01,28,40,22,28,50,68,118
71106,CUATRO CAÑADAS,desnutricion global,desnutricion leve (l),2006-07-01,11,4,5,12,16,16,32
31405,CUCHUMUELA (V. G. VILLARROEL),desnutricion global,desnutricion leve (l),2006-07-01,8,1,2,4,10,5,15
70704,CUEVO,desnutricion global,desnutricion leve (l),2006-07-01,11,9,7,12,18,21,39
10902,CULPINA,desnutricion global,desnutricion leve (l),2006-07-01,96,86,95,100,191,186,377
40401,CURAHUARA DE CARANGAS,desnutricion global,desnutricion leve (l),2006-07-01,5,3,6,4,11,7,18
21602,CURVA,desnutricion global,desnutricion leve (l),2006-07-01,3,4,5,1,8,5,13
20804,DESAGUADERO,desnutricion global,desnutricion leve (l),2006-07-01,3,1,5,1,8,2,10
20105,EL ALTO,desnutricion global,desnutricion leve (l),2006-07-01,815,751,506,498,1321,1249,2570
40103,EL CHORO,desnutricion global,desnutricion leve (l),2006-07-01,1,4,1,0,2,4,6
71503,EL PUENTE(STC),desnutricion global,desnutricion leve (l),2006-07-01,10,20,9,11,19,31,50
60502,EL PUENTE(TJA),desnutricion global,desnutricion leve (l),2006-07-01,17,15,25,48,42,63,105
70105,EL TORNO,desnutricion global,desnutricion leve (l),2006-07-01,48,25,26,24,74,49,123
10405,EL VILLAR,desnutricion global,desnutricion leve (l),2006-07-01,3,10,26,29,29,39,68
60601,ENTRE RIOS,desnutricion global,desnutricion leve (l),2006-07-01,38,27,27,38,65,65,130
60601,ENTRE RIOS,desnutricion global,desnutricion leve (l),2006-07-01,24,22,26,39,50,61,111
40502,ESCARA,desnutricion global,desnutricion leve (l),2006-07-01,0,1,0,1,0,2,2
41101,EUCALIPTUS,desnutricion global,desnutricion leve (l),2006-07-01,4,4,14,5,18,9,27
90503,EUREKA (SANTOS MERCADO),desnutricion global,desnutricion leve (l),2006-07-01,0,1,1,2,1,3,4
80402,EXALTACION,desnutricion global,desnutricion leve (l),2006-07-01,0,3,4,4,4,7,11
71004,FERNANDEZ ALONSO,desnutricion global,desnutricion leve (l),2006-07-01,23,27,15,21,38,48,86
90203,FILADELFIA,desnutricion global,desnutricion leve (l),2006-07-01,3,4,5,8,8,12,20
71002,GENERAL SAAVEDRA,desnutricion global,desnutricion leve (l),2006-07-01,24,22,10,8,34,30,64
21601,GRAL. J.J. PEREZ (CHARAZANI),desnutricion global,desnutricion leve (l),2006-07-01,30,35,30,25,60,60,120
20602,GUANAY,desnutricion global,desnutricion leve (l),2006-07-01,26,32,19,20,45,52,97
20802,GUAQUI,desnutricion global,desnutricion leve (l),2006-07-01,6,10,5,4,11,14,25
80202,GUAYARAMERIN,desnutricion global,desnutricion leve (l),2006-07-01,42,55,42,40,84,95,179
70705,GUTIERREZ,desnutricion global,desnutricion leve (l),2006-07-01,33,31,58,69,91,100,191
10502,HUACARETA,desnutricion global,desnutricion leve (l),2006-07-01,16,12,20,30,36,42,78
11002,HUACAYA (VILLA DE HUACAYA),desnutricion global,desnutricion leve (l),2006-07-01,11,7,10,16,21,23,44
40501,HUACHACALLA,desnutricion global,desnutricion leve (l),2006-07-01,2,0,2,0,4,0,4
40701,HUANUNI,desnutricion global,desnutricion leve (l),2006-07-01,16,14,16,20,32,34,66
80803,HUARACAJE,desnutricion global,desnutricion leve (l),2006-07-01,3,4,4,2,7,6,13
41601,HUAYLLAMARCA,desnutricion global,desnutricion leve (l),2006-07-01,2,2,0,3,2,5,7
21005,ICHOCA,desnutricion global,desnutricion leve (l),2006-07-01,11,9,15,26,26,35,61
10304,ICLA,desnutricion global,desnutricion leve (l),2006-07-01,60,66,114,114,174,180,354
10703,INCAHUASI,desnutricion global,desnutricion leve (l),2006-07-01,74,62,80,91,154,153,307
21001,INQUISIVI,desnutricion global,desnutricion leve (l),2006-07-01,37,28,38,51,75,79,154
21102,IRUPANA (VILLA DE LANZA),desnutricion global,desnutricion leve (l),2006-07-01,17,23,19,31,36,54,90
21501,IXIAMAS,desnutricion global,desnutricion leve (l),2006-07-01,13,17,18,22,31,39,70
20806,JESUS DE MACHACA,desnutricion global,desnutricion leve (l),2006-07-01,24,13,11,20,35,33,68
21105,LA ASUNTA,desnutricion global,desnutricion leve (l),2006-07-01,31,18,8,5,39,23,62
70104,LA GUARDIA,desnutricion global,desnutricion leve (l),2006-07-01,55,51,32,30,87,81,168
20101,LA PAZ,desnutricion global,desnutricion leve (l),2006-07-01,545,566,363,363,908,929,1837
70701,LAGUNILLAS,desnutricion global,desnutricion leve (l),2006-07-01,7,10,23,29,30,39,69
21202,LAJA,desnutricion global,desnutricion leve (l),2006-07-01,19,17,15,5,34,22,56
10903,LAS CARRERAS,desnutricion global,desnutricion leve (l),2006-07-01,7,2,13,10,20,12,32
21006,LICOMA PAMPA,desnutricion global,desnutricion leve (l),2006-07-01,3,1,1,2,4,3,7
50203,LLALLAGUA,desnutricion global,desnutricion leve (l),2006-07-01,91,93,173,125,264,218,482
51401,LLICA,desnutricion global,desnutricion leve (l),2006-07-01,5,8,10,6,15,14,29
80601,LORETO,desnutricion global,desnutricion leve (l),2006-07-01,2,4,0,7,2,11,13
20901,LURIBAY,desnutricion global,desnutricion leve (l),2006-07-01,21,17,30,28,51,45,96
40702,MACHACAMARCA,desnutricion global,desnutricion leve (l),2006-07-01,0,1,2,1,2,2,4
11003,MACHARETI,desnutricion global,desnutricion leve (l),2006-07-01,8,9,23,24,31,33,64
80801,MAGDALENA,desnutricion global,desnutricion leve (l),2006-07-01,3,10,8,2,11,12,23
70903,MAIRANA,desnutricion global,desnutricion leve (l),2006-07-01,6,7,5,2,11,9,20
20904,MALLA,desnutricion global,desnutricion leve (l),2006-07-01,12,11,20,15,32,26,58
20607,MAPIRI,desnutricion global,desnutricion leve (l),2006-07-01,9,20,18,29,27,49,76
20103,MECAPACA,desnutricion global,desnutricion leve (l),2006-07-01,15,14,18,16,33,30,63
71003,MINEROS,desnutricion global,desnutricion leve (l),2006-07-01,29,26,13,20,42,46,88
31301,MIZQUE,desnutricion global,desnutricion leve (l),2006-07-01,47,60,45,64,92,124,216
20402,MOCOMOCO,desnutricion global,desnutricion leve (l),2006-07-01,27,27,29,25,56,52,108
51002,MOJINETE,desnutricion global,desnutricion leve (l),2006-07-01,2,3,2,2,4,5,9
10303,MOJOCOYA,desnutricion global,desnutricion leve (l),2006-07-01,21,17,32,27,53,44,97
10501,MONTEAGUDO,desnutricion global,desnutricion leve (l),2006-07-01,57,56,98,112,155,168,323
71001,MONTERO,desnutricion global,desnutricion leve (l),2006-07-01,144,136,147,130,291,266,557
70803,MORO MORO,desnutricion global,desnutricion leve (l),2006-07-01,1,1,4,1,5,2,7
30302,MOROCHATA,desnutricion global,desnutricion leve (l),2006-07-01,64,50,43,53,107,103,210
90501,NUEVO MANOA (NUEVA ESPERANZA),desnutricion global,desnutricion leve (l),2006-07-01,2,1,0,1,2,2,4
50404,OCURI,desnutricion global,desnutricion leve (l),2006-07-01,75,80,69,80,144,160,304
70202,OKINAWA,desnutricion global,desnutricion leve (l),2006-07-01,10,22,7,12,17,34,51
30203,OMEREQUE,desnutricion global,desnutricion leve (l),2006-07-01,4,9,10,4,14,13,27
40101,ORURO,desnutricion global,desnutricion leve (l),2006-07-01,296,261,168,174,464,435,899
60201,PADCAYA,desnutricion global,desnutricion leve (l),2006-07-01,30,35,43,49,73,84,157
10401,PADILLA,desnutricion global,desnutricion leve (l),2006-07-01,32,27,63,90,95,117,212
20102,PALCA,desnutricion global,desnutricion leve (l),2006-07-01,19,21,6,8,25,29,54
21104,PALOS BLANCOS,desnutricion global,desnutricion leve (l),2006-07-01,28,26,21,29,49,55,104
40802,PAMPA AULLAGAS,desnutricion global,desnutricion leve (l),2006-07-01,6,5,10,13,16,18,34
70902,PAMPA GRANDE,desnutricion global,desnutricion leve (l),2006-07-01,6,9,7,8,13,17,30
21802,PAPEL PAMPA,desnutricion global,desnutricion leve (l),2006-07-01,4,8,2,2,6,10,16
30202,PASORAPA,desnutricion global,desnutricion leve (l),2006-07-01,25,11,17,21,42,32,74
21305,PATACAMAYA,desnutricion global,desnutricion leve (l),2006-07-01,74,78,42,53,116,131,247
40602,PAZÑA,desnutricion global,desnutricion leve (l),2006-07-01,5,6,9,10,14,16,30
20702,PELECHUCO,desnutricion global,desnutricion leve (l),2006-07-01,3,7,6,2,9,9,18
50403,POCOATA,desnutricion global,desnutricion leve (l),2006-07-01,58,63,49,62,107,125,232
31203,POCONA,desnutricion global,desnutricion leve (l),2006-07-01,24,22,50,40,74,62,136
31202,POJO (CBBA),desnutricion global,desnutricion leve (l),2006-07-01,36,41,46,38,82,79,161
40601,POOPO,desnutricion global,desnutricion leve (l),2006-07-01,8,8,5,9,13,17,30
51203,PORCO,desnutricion global,desnutricion leve (l),2006-07-01,18,19,9,12,27,31,58
10103,POROMA,desnutricion global,desnutricion leve (l),2006-07-01,64,67,86,64,150,131,281
70103,PORONGO,desnutricion global,desnutricion leve (l),2006-07-01,3,0,2,1,5,1,6
70601,PORTACHUELO,desnutricion global,desnutricion leve (l),2006-07-01,17,13,17,19,34,32,66
90102,PORVENIR,desnutricion global,desnutricion leve (l),2006-07-01,9,12,11,11,20,23,43
70804,POSTRER VALLE,desnutricion global,desnutricion leve (l),2006-07-01,2,3,6,8,8,11,19
50101,POTOSI,desnutricion global,desnutricion leve (l),2006-07-01,316,230,164,122,480,352,832
10302,PRESTO,desnutricion global,desnutricion leve (l),2006-07-01,29,39,46,48,75,87,162
70805,PUCARA,desnutricion global,desnutricion leve (l),2006-07-01,1,1,0,0,1,1,2
21201,PUCARANI,desnutricion global,desnutricion leve (l),2006-07-01,25,37,11,14,36,51,87
20401,PUERTO ACOSTA,desnutricion global,desnutricion leve (l),2006-07-01,35,39,46,48,81,87,168
20403,PUERTO CARABUCO,desnutricion global,desnutricion leve (l),2006-07-01,32,29,19,34,51,63,114
90301,PUERTO GONZALO MORENO,desnutricion global,desnutricion leve (l),2006-07-01,14,12,8,7,22,19,41
21204,PUERTO PEREZ,desnutricion global,desnutricion leve (l),2006-07-01,9,5,3,17,12,22,34
71402,PUERTO QUIJARRO,desnutricion global,desnutricion leve (l),2006-07-01,16,8,4,9,20,17,37
90201,PUERTO RICO,desnutricion global,desnutricion leve (l),2006-07-01,5,8,8,14,13,22,35
80703,PUERTO SILES,desnutricion global,desnutricion leve (l),2006-07-01,4,5,6,5,10,10,20
71401,PUERTO SUAREZ,desnutricion global,desnutricion leve (l),2006-07-01,13,15,8,8,21,23,44
31205,PUERTO VILLARROEL,desnutricion global,desnutricion leve (l),2006-07-01,50,63,45,40,95,103,198
51101,PUNA,desnutricion global,desnutricion leve (l),2006-07-01,107,102,149,141,256,243,499
31401,PUNATA,desnutricion global,desnutricion leve (l),2006-07-01,29,29,33,19,62,48,110
20604,QUIABAYA,desnutricion global,desnutricion leve (l),2006-07-01,4,5,6,8,10,13,23
30901,QUILLACOLLO,desnutricion global,desnutricion leve (l),2006-07-01,51,45,36,41,87,86,173
21002,QUIME,desnutricion global,desnutricion leve (l),2006-07-01,13,11,31,15,44,26,70
70904,QUIRUSILLAS,desnutricion global,desnutricion leve (l),2006-07-01,0,0,2,3,2,3,5
50402,RAVELO,desnutricion global,desnutricion leve (l),2006-07-01,95,96,96,134,191,230,421
80301,REYES,desnutricion global,desnutricion leve (l),2006-07-01,11,19,19,22,30,41,71
80201,RIBERALTA,desnutricion global,desnutricion leve (l),2006-07-01,204,308,139,177,343,485,828
80304,RURRENABAQUE,desnutricion global,desnutricion leve (l),2006-07-01,18,9,11,9,29,18,47
40901,SABAYA,desnutricion global,desnutricion leve (l),2006-07-01,4,4,1,5,5,9,14
31001,SACABA,desnutricion global,desnutricion leve (l),2006-07-01,132,83,94,82,226,165,391
30404,SACABAMBA,desnutricion global,desnutricion leve (l),2006-07-01,5,6,4,9,9,15,24
50701,SACACA,desnutricion global,desnutricion leve (l),2006-07-01,107,121,160,165,267,286,553
71302,SAIPINA,desnutricion global,desnutricion leve (l),2006-07-01,7,11,7,12,14,23,37
40801,SALINAS DE GARCI MENDOZA,desnutricion global,desnutricion leve (l),2006-07-01,15,18,16,7,31,25,56
70901,SAMAIPATA,desnutricion global,desnutricion leve (l),2006-07-01,6,4,2,6,8,10,18
51601,SAN AGUSTIN,desnutricion global,desnutricion leve (l),2006-07-01,5,3,1,3,6,6,12
80602,SAN ANDRES,desnutricion global,desnutricion leve (l),2006-07-01,14,21,7,12,21,33,54
20805,SAN ANDRES DE MACHACA,desnutricion global,desnutricion leve (l),2006-07-01,5,3,3,7,8,10,18
51003,SAN ANTONIO DE ESMORUCO,desnutricion global,desnutricion leve (l),2006-07-01,3,4,6,3,9,7,16
71105,SAN ANTONIO DE LOMERIO,desnutricion global,desnutricion leve (l),2006-07-01,26,50,45,48,71,98,169
31403,SAN BENITO,desnutricion global,desnutricion leve (l),2006-07-01,5,9,7,6,12,15,27
80302,SAN BORJA,desnutricion global,desnutricion leve (l),2006-07-01,58,55,50,63,108,118,226
21502,SAN BUENA VENTURA,desnutricion global,desnutricion leve (l),2006-07-01,17,17,10,14,27,31,58
70402,SAN CARLOS,desnutricion global,desnutricion leve (l),2006-07-01,27,13,8,21,35,34,69
80501,SAN IGNACIO,desnutricion global,desnutricion leve (l),2006-07-01,57,37,54,63,111,100,211
70301,SAN IGNACIO DE VELASCO,desnutricion global,desnutricion leve (l),2006-07-01,67,86,67,80,134,166,300
80102,SAN JAVIER(BNI),desnutricion global,desnutricion leve (l),2006-07-01,2,2,1,1,3,3,6
80701,SAN JOAQUIN,desnutricion global,desnutricion leve (l),2006-07-01,5,1,6,5,11,6,17
70404,SAN JUAN DE YAPACANI,desnutricion global,desnutricion leve (l),2006-07-01,17,14,9,9,26,23,49
71104,SAN JULIAN,desnutricion global,desnutricion leve (l),2006-07-01,19,22,29,34,48,56,104
60501,SAN LORENZO(TJA),desnutricion global,desnutricion leve (l),2006-07-01,48,33,49,48,97,81,178
10702,SAN LUCAS,desnutricion global,desnutricion leve (l),2006-07-01,193,179,203,215,396,394,790
71201,SAN MATIAS,desnutricion global,desnutricion leve (l),2006-07-01,8,9,17,20,25,29,54
70302,SAN MIGUEL DE VELASCO,desnutricion global,desnutricion leve (l),2006-07-01,23,11,10,14,33,25,58
51001,SAN PABLO DE LIPEZ,desnutricion global,desnutricion leve (l),2006-07-01,2,7,4,2,6,9,15
71005,SAN PEDRO,desnutricion global,desnutricion leve (l),2006-07-01,18,18,11,19,29,37,66
50501,SAN PEDRO DE BUENA VISTA,desnutricion global,desnutricion leve (l),2006-07-01,49,63,63,55,112,118,230
21801,SAN PEDRO DE CURAHUARA,desnutricion global,desnutricion leve (l),2006-07-01,7,7,10,7,17,14,31
50902,SAN PEDRO DE QUEMES,desnutricion global,desnutricion leve (l),2006-07-01,1,0,0,1,1,1,2
21702,SAN PEDRO DE TIQUINA,desnutricion global,desnutricion leve (l),2006-07-01,5,8,5,7,10,15,25
90202,SAN PEDRO(PND),desnutricion global,desnutricion leve (l),2006-07-01,1,0,0,0,1,0,1
70303,SAN RAFAEL,desnutricion global,desnutricion leve (l),2006-07-01,16,8,7,7,23,15,38
80702,SAN RAMON,desnutricion global,desnutricion leve (l),2006-07-01,7,7,1,7,8,14,22
80401,SANTA ANA,desnutricion global,desnutricion leve (l),2006-07-01,6,14,8,8,14,22,36
70101,SANTA CRUZ DE LA SIERRA,desnutricion global,desnutricion leve (l),2006-07-01,424,398,229,223,653,621,1274
80303,SANTA ROSA,desnutricion global,desnutricion leve (l),2006-07-01,7,11,3,0,10,11,21
70602,SANTA ROSA DEL SARA,desnutricion global,desnutricion leve (l),2006-07-01,18,12,21,19,39,31,70
20308,SANTIAGO DE CALLAPA,desnutricion global,desnutricion leve (l),2006-07-01,10,9,5,4,15,13,28
41401,SANTIAGO DE HUARI,desnutricion global,desnutricion leve (l),2006-07-01,16,8,14,14,30,22,52
21901,SANTIAGO DE MACHACA,desnutricion global,desnutricion leve (l),2006-07-01,2,1,0,0,2,1,3
30702,SANTIVAÑES,desnutricion global,desnutricion leve (l),2006-07-01,4,6,7,5,11,11,22
40202,SANTUARIO DE QUILLACAS,desnutricion global,desnutricion leve (l),2006-07-01,3,6,8,8,11,14,25
20902,SAPAHAQUI,desnutricion global,desnutricion leve (l),2006-07-01,34,34,26,39,60,73,133
21301,SICA SICA (VILLA AROMA),desnutricion global,desnutricion leve (l),2006-07-01,52,41,42,34,94,75,169
30703,SICAYA,desnutricion global,desnutricion leve (l),2006-07-01,9,6,8,5,17,11,28
30902,SIPE SIPE,desnutricion global,desnutricion leve (l),2006-07-01,52,54,31,41,83,95,178
10403,SOPACHUY,desnutricion global,desnutricion leve (l),2006-07-01,29,32,51,70,80,102,182
40104,SORACACHI,desnutricion global,desnutricion leve (l),2006-07-01,22,17,14,12,36,29,65
20601,SORATA,desnutricion global,desnutricion leve (l),2006-07-01,21,20,26,24,47,44,91
10101,SUCRE,desnutricion global,desnutricion leve (l),2006-07-01,318,269,218,322,536,591,1127
31404,TACACHI,desnutricion global,desnutricion leve (l),2006-07-01,1,2,0,0,1,2,3
20603,TACACOMA,desnutricion global,desnutricion leve (l),2006-07-01,1,3,3,0,4,3,7
50303,TACOBAMBA,desnutricion global,desnutricion leve (l),2006-07-01,19,29,22,17,41,46,87
30602,TACOPAYA,desnutricion global,desnutricion leve (l),2006-07-01,28,31,39,52,67,83,150
51402,TAHUA,desnutricion global,desnutricion leve (l),2006-07-01,1,0,1,1,2,1,3
31101,TAPACARI,desnutricion global,desnutricion leve (l),2006-07-01,122,112,84,81,206,193,399
10601,TARABUCO,desnutricion global,desnutricion leve (l),2006-07-01,112,87,182,199,294,286,580
20807,TARACO,desnutricion global,desnutricion leve (l),2006-07-01,0,0,4,4,4,4,8
30401,TARATA,desnutricion global,desnutricion leve (l),2006-07-01,11,11,2,9,13,20,33
60101,TARIJA,desnutricion global,desnutricion leve (l),2006-07-01,124,134,107,143,231,277,508
10202,TARVITA,desnutricion global,desnutricion leve (l),2006-07-01,69,81,140,171,209,252,461
20608,TEOPONTE,desnutricion global,desnutricion leve (l),2006-07-01,12,16,11,10,23,26,49
20803,TIAWANACU,desnutricion global,desnutricion leve (l),2006-07-01,14,6,2,6,16,12,28
50102,TINGUIPAYA,desnutricion global,desnutricion leve (l),2006-07-01,86,105,95,101,181,206,387
20606,TIPUANI,desnutricion global,desnutricion leve (l),2006-07-01,3,5,3,4,6,9,15
30903,TIQUIPAYA,desnutricion global,desnutricion leve (l),2006-07-01,26,19,16,20,42,39,81
31601,TIRAQUE (CBBA),desnutricion global,desnutricion leve (l),2006-07-01,69,87,47,58,116,145,261
21703,TITO YUPANQUI (PARQUIPUJIO),desnutricion global,desnutricion leve (l),2006-07-01,1,5,4,3,5,8,13
30802,TOCO,desnutricion global,desnutricion leve (l),2006-07-01,9,4,6,2,15,6,21
30803,TOLATA,desnutricion global,desnutricion leve (l),2006-07-01,0,1,1,2,1,3,4
41001,TOLEDO,desnutricion global,desnutricion leve (l),2006-07-01,10,7,7,15,17,22,39
51202,TOMAVE,desnutricion global,desnutricion leve (l),2006-07-01,29,4,19,12,48,16,64
10402,TOMINA,desnutricion global,desnutricion leve (l),2006-07-01,63,47,80,95,143,142,285
50502,TORO TORO,desnutricion global,desnutricion leve (l),2006-07-01,59,40,41,42,100,82,182
31201,TOTORA(CBBA),desnutricion global,desnutricion leve (l),2006-07-01,29,24,19,15,48,39,87
41301,TOTORA(ORR),desnutricion global,desnutricion leve (l),2006-07-01,7,14,11,8,18,22,40
70802,TRIGAL,desnutricion global,desnutricion leve (l),2006-07-01,1,1,1,1,2,2,4
80101,TRINIDAD,desnutricion global,desnutricion leve (l),2006-07-01,96,91,81,43,177,134,311
50801,TUPIZA,desnutricion global,desnutricion leve (l),2006-07-01,73,72,74,102,147,174,321
40402,TURCO,desnutricion global,desnutricion leve (l),2006-07-01,1,3,3,6,4,9,13
21302,UMALA,desnutricion global,desnutricion leve (l),2006-07-01,6,8,8,6,14,14,28
50201,UNCIA,desnutricion global,desnutricion leve (l),2006-07-01,58,46,66,57,124,103,227
60401,URIONDO (A. CONCEPCION),desnutricion global,desnutricion leve (l),2006-07-01,22,25,32,39,54,64,118
71502,URUBICHA,desnutricion global,desnutricion leve (l),2006-07-01,2,0,6,4,8,4,12
51201,UYUNI,desnutricion global,desnutricion leve (l),2006-07-01,18,14,13,16,31,30,61
30502,VACAS,desnutricion global,desnutricion leve (l),2006-07-01,18,19,11,8,29,27,56
70801,VALLEGRANDE,desnutricion global,desnutricion leve (l),2006-07-01,12,24,16,18,28,42,70
20801,VIACHA,desnutricion global,desnutricion leve (l),2006-07-01,23,32,16,14,39,46,85
31302,VILA VILA,desnutricion global,desnutricion leve (l),2006-07-01,7,6,5,4,12,10,22
60303,VILLA MONTES,desnutricion global,desnutricion leve (l),2006-07-01,14,19,24,17,38,36,74
90502,VILLA NUEVA (LOMA ALTA),desnutricion global,desnutricion leve (l),2006-07-01,6,1,4,7,10,8,18
31402,VILLA RIVERO,desnutricion global,desnutricion leve (l),2006-07-01,4,5,16,14,20,19,39
10801,VILLA SERRANO,desnutricion global,desnutricion leve (l),2006-07-01,56,47,92,89,148,136,284
31003,VILLA TUNARI,desnutricion global,desnutricion leve (l),2006-07-01,69,71,67,66,136,137,273
11001,VILLA VACA GUZMAN (MUYUPAMPA),desnutricion global,desnutricion leve (l),2006-07-01,21,26,27,42,48,68,116
51501,VILLAZON,desnutricion global,desnutricion leve (l),2006-07-01,46,51,36,50,82,101,183
30904,VINTO,desnutricion global,desnutricion leve (l),2006-07-01,45,20,5,16,50,36,86
50602,VITICHI,desnutricion global,desnutricion leve (l),2006-07-01,20,23,42,41,62,64,126
20306,WALDO BALLIVIAN,desnutricion global,desnutricion leve (l),2006-07-01,2,10,4,2,6,12,18
70201,WARNES,desnutricion global,desnutricion leve (l),2006-07-01,41,63,42,46,83,109,192
20903,YACO,desnutricion global,desnutricion leve (l),2006-07-01,20,25,15,29,35,54,89
60301,YACUIBA,desnutricion global,desnutricion leve (l),2006-07-01,23,22,21,23,44,45,89
10602,YAMPARAEZ,desnutricion global,desnutricion leve (l),2006-07-01,42,34,100,93,142,127,269
21103,YANACACHI,desnutricion global,desnutricion leve (l),2006-07-01,3,1,1,3,4,4,8
70403,YAPACANI,desnutricion global,desnutricion leve (l),2006-07-01,38,39,12,28,50,67,117
50103,YOCALLA,desnutricion global,desnutricion leve (l),2006-07-01,2,3,7,16,9,19,28
10102,YOTALA,desnutricion global,desnutricion leve (l),2006-07-01,28,21,54,44,82,65,147
60402,YUNCHARA,desnutricion global,desnutricion leve (l),2006-07-01,18,19,43,34,61,53,114
10301,ZUDAÑEZ,desnutricion global,desnutricion leve (l),2006-07-01,36,30,40,64,76,94,170
51302,ACACIO,desnutricion global,desnutricion leve (l),2006-08-01,32,32,43,57,75,89,164
20201,ACHACACHI,desnutricion global,desnutricion leve (l),2006-08-01,39,47,33,36,72,83,155
20104,ACHOCALLA,desnutricion global,desnutricion leve (l),2006-08-01,6,3,5,9,11,12,23
30201,AIQUILE,desnutricion global,desnutricion leve (l),2006-08-01,35,34,28,36,63,70,133
10404,ALCALA,desnutricion global,desnutricion leve (l),2006-08-01,14,15,30,28,44,43,87
20202,ANCORAIMES,desnutricion global,desnutricion leve (l),2006-08-01,25,25,44,50,69,75,144
41201,ANDAMARCA,desnutricion global,desnutricion leve (l),2006-08-01,7,7,10,21,17,28,45
40603,ANTEQUERA,desnutricion global,desnutricion leve (l),2006-08-01,4,4,8,13,12,17,29
30402,ANZALDO,desnutricion global,desnutricion leve (l),2006-08-01,12,5,38,14,50,19,69
20701,APOLO,desnutricion global,desnutricion leve (l),2006-08-01,21,16,38,32,59,48,107
51301,ARAMPAMPA,desnutricion global,desnutricion leve (l),2006-08-01,46,27,36,36,82,63,145
30501,ARANI,desnutricion global,desnutricion leve (l),2006-08-01,9,13,9,8,18,21,39
30403,ARBIETO,desnutricion global,desnutricion leve (l),2006-08-01,18,14,12,10,30,24,54
30601,ARQUE,desnutricion global,desnutricion leve (l),2006-08-01,34,33,33,42,67,75,142
71501,ASCENCION DE GUARAYOS,desnutricion global,desnutricion leve (l),2006-08-01,61,63,103,128,164,191,355
50802,ATOCHA,desnutricion global,desnutricion leve (l),2006-08-01,27,15,27,22,54,37,91
20503,AUCAPATA,desnutricion global,desnutricion leve (l),2006-08-01,9,12,10,9,19,21,40
20502,AYATA,desnutricion global,desnutricion leve (l),2006-08-01,25,26,21,16,46,42,88
21303,AYO AYO,desnutricion global,desnutricion leve (l),2006-08-01,19,17,5,3,24,20,44
30301,AYOPAYA (V. DE INDEPENDENCIA),desnutricion global,desnutricion leve (l),2006-08-01,59,45,62,63,121,108,229
10201,AZURDUY,desnutricion global,desnutricion leve (l),2006-08-01,63,61,81,110,144,171,315
21203,BATALLAS,desnutricion global,desnutricion leve (l),2006-08-01,25,20,14,17,39,37,76
80802,BAURES,desnutricion global,desnutricion leve (l),2006-08-01,11,8,11,13,22,21,43
41202,BELEN DE ANDAMARCA,desnutricion global,desnutricion leve (l),2006-08-01,2,3,9,4,11,7,18
50104,BELEN DE URMIRI,desnutricion global,desnutricion leve (l),2006-08-01,7,7,9,8,16,15,31
90104,BELLA FLOR,desnutricion global,desnutricion leve (l),2006-08-01,6,13,9,13,15,26,41
60202,BERMEJO,desnutricion global,desnutricion leve (l),2006-08-01,6,7,4,6,10,13,23
50301,BETANZOS,desnutricion global,desnutricion leve (l),2006-08-01,81,87,102,142,183,229,412
31501,BOLIVAR,desnutricion global,desnutricion leve (l),2006-08-01,41,30,20,28,61,58,119
90103,BOLPEBRA,desnutricion global,desnutricion leve (l),2006-08-01,2,3,6,5,8,8,16
70707,BOYUIBE,desnutricion global,desnutricion leve (l),2006-08-01,13,7,15,11,28,18,46
70401,BUENA VISTA,desnutricion global,desnutricion leve (l),2006-08-01,20,5,10,6,30,11,41
70703,CABEZAS,desnutricion global,desnutricion leve (l),2006-08-01,22,17,17,13,39,30,69
20905,CAIROMA,desnutricion global,desnutricion leve (l),2006-08-01,46,33,46,67,92,100,192
51102,"CAIZA ""D""",desnutricion global,desnutricion leve (l),2006-08-01,16,29,25,29,41,58,99
21003,CAJUATA,desnutricion global,desnutricion leve (l),2006-08-01,15,21,7,11,22,32,54
20303,CALACOTO,desnutricion global,desnutricion leve (l),2006-08-01,9,9,16,17,25,26,51
21304,CALAMARCA,desnutricion global,desnutricion leve (l),2006-08-01,65,60,68,64,133,124,257
10701,CAMARGO,desnutricion global,desnutricion leve (l),2006-08-01,60,73,77,98,137,171,308
10901,CAMATAQUI (C. VILLA ABECIA),desnutricion global,desnutricion leve (l),2006-08-01,12,12,13,17,25,29,54
70706,CAMIRI,desnutricion global,desnutricion leve (l),2006-08-01,31,62,46,49,77,111,188
30701,CAPINOTA,desnutricion global,desnutricion leve (l),2006-08-01,33,42,48,48,81,90,171
20302,CAQUIAVIRI,desnutricion global,desnutricion leve (l),2006-08-01,9,12,6,8,15,20,35
40102,CARACOLLO,desnutricion global,desnutricion leve (l),2006-08-01,21,17,27,21,48,38,86
22001,CARANAVI,desnutricion global,desnutricion leve (l),2006-08-01,68,79,47,65,115,144,259
41503,CARANGAS,desnutricion global,desnutricion leve (l),2006-08-01,2,3,1,1,3,4,7
60302,CARAPARI,desnutricion global,desnutricion leve (l),2006-08-01,10,11,8,7,18,18,36
50702,CARIPUYO,desnutricion global,desnutricion leve (l),2006-08-01,40,53,58,89,98,142,240
71403,CARMEN RIVERO TORREZ,desnutricion global,desnutricion leve (l),2006-08-01,5,8,4,1,9,9,18
21902,CATACORA,desnutricion global,desnutricion leve (l),2006-08-01,0,2,2,1,2,3,5
21803,CHACARILLA,desnutricion global,desnutricion leve (l),2006-08-01,5,4,6,9,11,13,24
40201,CHALLAPATA,desnutricion global,desnutricion leve (l),2006-08-01,59,45,43,52,102,97,199
50302,CHAQUI,desnutricion global,desnutricion leve (l),2006-08-01,22,17,19,29,41,46,87
70702,CHARAGUA,desnutricion global,desnutricion leve (l),2006-08-01,28,28,21,33,49,61,110
20305,CHARAÑA,desnutricion global,desnutricion leve (l),2006-08-01,1,0,0,0,1,0,1
50202,CHAYANTA,desnutricion global,desnutricion leve (l),2006-08-01,40,43,60,70,100,113,213
31204,CHIMORE,desnutricion global,desnutricion leve (l),2006-08-01,29,5,12,20,41,25,66
40903,CHIPAYA,desnutricion global,desnutricion leve (l),2006-08-01,4,0,2,3,6,3,9
40302,CHOQUE COTA,desnutricion global,desnutricion leve (l),2006-08-01,1,4,1,2,2,6,8
21101,CHULUMANI (V. DE LA LIBERTAD),desnutricion global,desnutricion leve (l),2006-08-01,9,14,2,2,11,16,27
20501,CHUMA,desnutricion global,desnutricion leve (l),2006-08-01,28,31,26,31,54,62,116
30801,CLIZA,desnutricion global,desnutricion leve (l),2006-08-01,23,31,10,32,33,63,96
90101,COBIJA,desnutricion global,desnutricion leve (l),2006-08-01,40,35,29,38,69,73,142
30101,COCHABAMBA,desnutricion global,desnutricion leve (l),2006-08-01,373,421,248,252,621,673,1294
40902,COIPASA,desnutricion global,desnutricion leve (l),2006-08-01,0,0,0,1,0,1,1
30905,COLCAPIRHUA,desnutricion global,desnutricion leve (l),2006-08-01,47,46,22,29,69,75,144
50901,"COLCHA ""K""",desnutricion global,desnutricion leve (l),2006-08-01,20,29,15,20,35,49,84
21307,COLLANA,desnutricion global,desnutricion leve (l),2006-08-01,6,2,2,3,8,5,13
31002,COLOMI,desnutricion global,desnutricion leve (l),2006-08-01,42,45,30,31,72,76,148
70603,COLPA BELGICA,desnutricion global,desnutricion leve (l),2006-08-01,2,7,4,5,6,12,18
50401,COLQUECHACA,desnutricion global,desnutricion leve (l),2006-08-01,69,73,86,72,155,145,300
21306,COLQUENCHA,desnutricion global,desnutricion leve (l),2006-08-01,10,17,30,24,40,41,81
21004,COLQUIRI,desnutricion global,desnutricion leve (l),2006-08-01,42,29,31,29,73,58,131
20304,COMANCHE,desnutricion global,desnutricion leve (l),2006-08-01,5,3,6,10,11,13,24
71301,COMARAPA,desnutricion global,desnutricion leve (l),2006-08-01,23,20,15,26,38,46,84
20605,COMBAYA,desnutricion global,desnutricion leve (l),2006-08-01,5,4,6,3,11,7,18
71101,CONCEPCION,desnutricion global,desnutricion leve (l),2006-08-01,21,16,23,21,44,37,81
21701,COPACABANA,desnutricion global,desnutricion leve (l),2006-08-01,16,16,16,8,32,24,56
21402,CORIPATA,desnutricion global,desnutricion leve (l),2006-08-01,9,14,11,7,20,21,41
20301,CORO CORO,desnutricion global,desnutricion leve (l),2006-08-01,21,25,24,17,45,42,87
21401,COROICO,desnutricion global,desnutricion leve (l),2006-08-01,27,17,21,20,48,37,85
40301,CORQUE,desnutricion global,desnutricion leve (l),2006-08-01,11,13,10,10,21,23,44
50601,COTAGAITA,desnutricion global,desnutricion leve (l),2006-08-01,85,89,109,88,194,177,371
70102,COTOCA,desnutricion global,desnutricion leve (l),2006-08-01,58,30,33,16,91,46,137
71106,CUATRO CAÑADAS,desnutricion global,desnutricion leve (l),2006-08-01,11,9,6,11,17,20,37
31405,CUCHUMUELA (V. G. VILLARROEL),desnutricion global,desnutricion leve (l),2006-08-01,16,12,7,6,23,18,41
70704,CUEVO,desnutricion global,desnutricion leve (l),2006-08-01,8,5,3,7,11,12,23
10902,CULPINA,desnutricion global,desnutricion leve (l),2006-08-01,91,81,104,107,195,188,383
40401,CURAHUARA DE CARANGAS,desnutricion global,desnutricion leve (l),2006-08-01,14,13,15,18,29,31,60
21602,CURVA,desnutricion global,desnutricion leve (l),2006-08-01,7,11,9,9,16,20,36
20804,DESAGUADERO,desnutricion global,desnutricion leve (l),2006-08-01,9,8,9,8,18,16,34
20105,EL ALTO,desnutricion global,desnutricion leve (l),2006-08-01,1071,919,567,651,1638,1570,3208
40103,EL CHORO,desnutricion global,desnutricion leve (l),2006-08-01,5,1,2,4,7,5,12
71503,EL PUENTE(STC),desnutricion global,desnutricion leve (l),2006-08-01,6,6,10,4,16,10,26
60502,EL PUENTE(TJA),desnutricion global,desnutricion leve (l),2006-08-01,18,16,42,46,60,62,122
70105,EL TORNO,desnutricion global,desnutricion leve (l),2006-08-01,26,17,35,25,61,42,103
10405,EL VILLAR,desnutricion global,desnutricion leve (l),2006-08-01,8,10,23,31,31,41,72
60601,ENTRE RIOS,desnutricion global,desnutricion leve (l),2006-08-01,27,31,24,29,51,60,111
60601,ENTRE RIOS,desnutricion global,desnutricion leve (l),2006-08-01,38,55,44,55,82,110,192
41101,EUCALIPTUS,desnutricion global,desnutricion leve (l),2006-08-01,5,6,11,4,16,10,26
90503,EUREKA (SANTOS MERCADO),desnutricion global,desnutricion leve (l),2006-08-01,4,4,4,0,8,4,12
80402,EXALTACION,desnutricion global,desnutricion leve (l),2006-08-01,4,6,4,2,8,8,16
71004,FERNANDEZ ALONSO,desnutricion global,desnutricion leve (l),2006-08-01,22,15,16,25,38,40,78
90203,FILADELFIA,desnutricion global,desnutricion leve (l),2006-08-01,10,13,4,13,14,26,40
71002,GENERAL SAAVEDRA,desnutricion global,desnutricion leve (l),2006-08-01,45,36,27,24,72,60,132
21601,GRAL. J.J. PEREZ (CHARAZANI),desnutricion global,desnutricion leve (l),2006-08-01,42,30,18,20,60,50,110
20602,GUANAY,desnutricion global,desnutricion leve (l),2006-08-01,23,14,20,27,43,41,84
20802,GUAQUI,desnutricion global,desnutricion leve (l),2006-08-01,8,9,9,6,17,15,32
80202,GUAYARAMERIN,desnutricion global,desnutricion leve (l),2006-08-01,62,58,35,42,97,100,197
70705,GUTIERREZ,desnutricion global,desnutricion leve (l),2006-08-01,31,32,64,47,95,79,174
10502,HUACARETA,desnutricion global,desnutricion leve (l),2006-08-01,35,42,26,33,61,75,136
11002,HUACAYA (VILLA DE HUACAYA),desnutricion global,desnutricion leve (l),2006-08-01,9,5,8,7,17,12,29
40701,HUANUNI,desnutricion global,desnutricion leve (l),2006-08-01,45,28,28,30,73,58,131
80803,HUARACAJE,desnutricion global,desnutricion leve (l),2006-08-01,5,5,3,4,8,9,17
41601,HUAYLLAMARCA,desnutricion global,desnutricion leve (l),2006-08-01,4,5,2,4,6,9,15
21005,ICHOCA,desnutricion global,desnutricion leve (l),2006-08-01,9,11,16,13,25,24,49
10304,ICLA,desnutricion global,desnutricion leve (l),2006-08-01,70,66,129,119,199,185,384
10703,INCAHUASI,desnutricion global,desnutricion leve (l),2006-08-01,117,120,137,152,254,272,526
90402,INGAVI (HUMAITA),desnutricion global,desnutricion leve (l),2006-08-01,1,2,4,3,5,5,10
21001,INQUISIVI,desnutricion global,desnutricion leve (l),2006-08-01,43,26,37,48,80,74,154
21102,IRUPANA (VILLA DE LANZA),desnutricion global,desnutricion leve (l),2006-08-01,19,22,26,32,45,54,99
21501,IXIAMAS,desnutricion global,desnutricion leve (l),2006-08-01,21,10,16,16,37,26,63
20806,JESUS DE MACHACA,desnutricion global,desnutricion leve (l),2006-08-01,28,17,20,28,48,45,93
21105,LA ASUNTA,desnutricion global,desnutricion leve (l),2006-08-01,25,26,7,13,32,39,71
70104,LA GUARDIA,desnutricion global,desnutricion leve (l),2006-08-01,56,43,20,20,76,63,139
20101,LA PAZ,desnutricion global,desnutricion leve (l),2006-08-01,756,729,478,480,1234,1209,2443
70701,LAGUNILLAS,desnutricion global,desnutricion leve (l),2006-08-01,14,18,21,22,35,40,75
21202,LAJA,desnutricion global,desnutricion leve (l),2006-08-01,24,14,11,12,35,26,61
10903,LAS CARRERAS,desnutricion global,desnutricion leve (l),2006-08-01,6,3,15,22,21,25,46
21006,LICOMA PAMPA,desnutricion global,desnutricion leve (l),2006-08-01,3,4,4,3,7,7,14
50203,LLALLAGUA,desnutricion global,desnutricion leve (l),2006-08-01,83,88,100,122,183,210,393
51401,LLICA,desnutricion global,desnutricion leve (l),2006-08-01,4,5,4,4,8,9,17
80601,LORETO,desnutricion global,desnutricion leve (l),2006-08-01,2,6,0,1,2,7,9
20901,LURIBAY,desnutricion global,desnutricion leve (l),2006-08-01,33,34,23,41,56,75,131
40702,MACHACAMARCA,desnutricion global,desnutricion leve (l),2006-08-01,0,0,2,1,2,1,3
11003,MACHARETI,desnutricion global,desnutricion leve (l),2006-08-01,14,12,22,29,36,41,77
80801,MAGDALENA,desnutricion global,desnutricion leve (l),2006-08-01,17,9,19,9,36,18,54
70903,MAIRANA,desnutricion global,desnutricion leve (l),2006-08-01,6,7,5,8,11,15,26
20904,MALLA,desnutricion global,desnutricion leve (l),2006-08-01,21,11,29,31,50,42,92
20607,MAPIRI,desnutricion global,desnutricion leve (l),2006-08-01,11,24,14,19,25,43,68
20103,MECAPACA,desnutricion global,desnutricion leve (l),2006-08-01,13,10,26,17,39,27,66
71003,MINEROS,desnutricion global,desnutricion leve (l),2006-08-01,33,32,11,14,44,46,90
31301,MIZQUE,desnutricion global,desnutricion leve (l),2006-08-01,67,50,48,52,115,102,217
20402,MOCOMOCO,desnutricion global,desnutricion leve (l),2006-08-01,44,27,52,60,96,87,183
51002,MOJINETE,desnutricion global,desnutricion leve (l),2006-08-01,2,4,5,7,7,11,18
10303,MOJOCOYA,desnutricion global,desnutricion leve (l),2006-08-01,21,25,42,50,63,75,138
10501,MONTEAGUDO,desnutricion global,desnutricion leve (l),2006-08-01,66,52,88,84,154,136,290
71001,MONTERO,desnutricion global,desnutricion leve (l),2006-08-01,150,142,121,108,271,250,521
70803,MORO MORO,desnutricion global,desnutricion leve (l),2006-08-01,5,4,1,7,6,11,17
30302,MOROCHATA,desnutricion global,desnutricion leve (l),2006-08-01,48,36,34,37,82,73,155
50404,OCURI,desnutricion global,desnutricion leve (l),2006-08-01,75,84,93,89,168,173,341
70202,OKINAWA,desnutricion global,desnutricion leve (l),2006-08-01,5,9,5,9,10,18,28
30203,OMEREQUE,desnutricion global,desnutricion leve (l),2006-08-01,10,14,11,20,21,34,55
40101,ORURO,desnutricion global,desnutricion leve (l),2006-08-01,337,334,239,228,576,562,1138
60201,PADCAYA,desnutricion global,desnutricion leve (l),2006-08-01,23,17,25,34,48,51,99
10401,PADILLA,desnutricion global,desnutricion leve (l),2006-08-01,47,27,81,99,128,126,254
70502,PAILON,desnutricion global,desnutricion leve (l),2006-08-01,0,42,19,1,19,43,62
20102,PALCA,desnutricion global,desnutricion leve (l),2006-08-01,10,7,21,15,31,22,53
21104,PALOS BLANCOS,desnutricion global,desnutricion leve (l),2006-08-01,34,27,41,41,75,68,143
40802,PAMPA AULLAGAS,desnutricion global,desnutricion leve (l),2006-08-01,8,9,13,13,21,22,43
70902,PAMPA GRANDE,desnutricion global,desnutricion leve (l),2006-08-01,9,7,8,8,17,15,32
21802,PAPEL PAMPA,desnutricion global,desnutricion leve (l),2006-08-01,3,10,5,9,8,19,27
30202,PASORAPA,desnutricion global,desnutricion leve (l),2006-08-01,16,12,11,23,27,35,62
21305,PATACAMAYA,desnutricion global,desnutricion leve (l),2006-08-01,52,65,22,48,74,113,187
40602,PAZÑA,desnutricion global,desnutricion leve (l),2006-08-01,8,7,7,18,15,25,40
20702,PELECHUCO,desnutricion global,desnutricion leve (l),2006-08-01,17,10,13,14,30,24,54
50403,POCOATA,desnutricion global,desnutricion leve (l),2006-08-01,61,86,41,62,102,148,250
31203,POCONA,desnutricion global,desnutricion leve (l),2006-08-01,18,13,31,11,49,24,73
31202,POJO (CBBA),desnutricion global,desnutricion leve (l),2006-08-01,20,11,10,12,30,23,53
40601,POOPO,desnutricion global,desnutricion leve (l),2006-08-01,7,5,1,5,8,10,18
51203,PORCO,desnutricion global,desnutricion leve (l),2006-08-01,17,17,6,14,23,31,54
10103,POROMA,desnutricion global,desnutricion leve (l),2006-08-01,83,104,79,93,162,197,359
70103,PORONGO,desnutricion global,desnutricion leve (l),2006-08-01,5,3,6,5,11,8,19
70601,PORTACHUELO,desnutricion global,desnutricion leve (l),2006-08-01,16,18,21,20,37,38,75
90102,PORVENIR,desnutricion global,desnutricion leve (l),2006-08-01,9,25,33,31,42,56,98
70804,POSTRER VALLE,desnutricion global,desnutricion leve (l),2006-08-01,4,5,2,7,6,12,18
50101,POTOSI,desnutricion global,desnutricion leve (l),2006-08-01,346,285,202,173,548,458,1006
10302,PRESTO,desnutricion global,desnutricion leve (l),2006-08-01,44,40,53,58,97,98,195
70805,PUCARA,desnutricion global,desnutricion leve (l),2006-08-01,3,3,6,9,9,12,21
21201,PUCARANI,desnutricion global,desnutricion leve (l),2006-08-01,48,57,26,30,74,87,161
20401,PUERTO ACOSTA,desnutricion global,desnutricion leve (l),2006-08-01,56,56,48,60,104,116,220
20403,PUERTO CARABUCO,desnutricion global,desnutricion leve (l),2006-08-01,26,20,17,20,43,40,83
90301,PUERTO GONZALO MORENO,desnutricion global,desnutricion leve (l),2006-08-01,20,15,8,8,28,23,51
21204,PUERTO PEREZ,desnutricion global,desnutricion leve (l),2006-08-01,2,8,4,6,6,14,20
71402,PUERTO QUIJARRO,desnutricion global,desnutricion leve (l),2006-08-01,14,2,4,4,18,6,24
90201,PUERTO RICO,desnutricion global,desnutricion leve (l),2006-08-01,2,9,0,3,2,12,14
71401,PUERTO SUAREZ,desnutricion global,desnutricion leve (l),2006-08-01,9,15,4,11,13,26,39
31205,PUERTO VILLARROEL,desnutricion global,desnutricion leve (l),2006-08-01,89,87,105,107,194,194,388
51101,PUNA,desnutricion global,desnutricion leve (l),2006-08-01,94,91,121,145,215,236,451
31401,PUNATA,desnutricion global,desnutricion leve (l),2006-08-01,39,37,29,26,68,63,131
20604,QUIABAYA,desnutricion global,desnutricion leve (l),2006-08-01,4,0,0,1,4,1,5
30901,QUILLACOLLO,desnutricion global,desnutricion leve (l),2006-08-01,63,49,46,50,109,99,208
21002,QUIME,desnutricion global,desnutricion leve (l),2006-08-01,18,11,20,13,38,24,62
70904,QUIRUSILLAS,desnutricion global,desnutricion leve (l),2006-08-01,2,0,4,9,6,9,15
50402,RAVELO,desnutricion global,desnutricion leve (l),2006-08-01,139,160,154,162,293,322,615
80301,REYES,desnutricion global,desnutricion leve (l),2006-08-01,32,11,13,12,45,23,68
80201,RIBERALTA,desnutricion global,desnutricion leve (l),2006-08-01,280,311,101,115,381,426,807
70503,ROBORE,desnutricion global,desnutricion leve (l),2006-08-01,10,14,7,13,17,27,44
80304,RURRENABAQUE,desnutricion global,desnutricion leve (l),2006-08-01,5,27,1,5,6,32,38
40901,SABAYA,desnutricion global,desnutricion leve (l),2006-08-01,6,8,1,4,7,12,19
31001,SACABA,desnutricion global,desnutricion leve (l),2006-08-01,110,103,47,61,157,164,321
30404,SACABAMBA,desnutricion global,desnutricion leve (l),2006-08-01,11,8,5,6,16,14,30
50701,SACACA,desnutricion global,desnutricion leve (l),2006-08-01,185,192,341,287,526,479,1005
71302,SAIPINA,desnutricion global,desnutricion leve (l),2006-08-01,7,9,16,13,23,22,45
40801,SALINAS DE GARCI MENDOZA,desnutricion global,desnutricion leve (l),2006-08-01,18,13,22,17,40,30,70
70901,SAMAIPATA,desnutricion global,desnutricion leve (l),2006-08-01,8,5,8,6,16,11,27
51601,SAN AGUSTIN,desnutricion global,desnutricion leve (l),2006-08-01,4,4,3,10,7,14,21
80602,SAN ANDRES,desnutricion global,desnutricion leve (l),2006-08-01,20,6,15,27,35,33,68
20805,SAN ANDRES DE MACHACA,desnutricion global,desnutricion leve (l),2006-08-01,8,3,6,6,14,9,23
51003,SAN ANTONIO DE ESMORUCO,desnutricion global,desnutricion leve (l),2006-08-01,3,3,3,1,6,4,10
71105,SAN ANTONIO DE LOMERIO,desnutricion global,desnutricion leve (l),2006-08-01,29,37,52,48,81,85,166
31403,SAN BENITO,desnutricion global,desnutricion leve (l),2006-08-01,8,21,14,14,22,35,57
80302,SAN BORJA,desnutricion global,desnutricion leve (l),2006-08-01,84,69,66,74,150,143,293
21502,SAN BUENA VENTURA,desnutricion global,desnutricion leve (l),2006-08-01,7,12,13,14,20,26,46
70402,SAN CARLOS,desnutricion global,desnutricion leve (l),2006-08-01,31,30,9,17,40,47,87
80501,SAN IGNACIO,desnutricion global,desnutricion leve (l),2006-08-01,37,39,58,56,95,95,190
70301,SAN IGNACIO DE VELASCO,desnutricion global,desnutricion leve (l),2006-08-01,97,113,104,87,201,200,401
80102,SAN JAVIER(BNI),desnutricion global,desnutricion leve (l),2006-08-01,5,5,7,2,12,7,19
80701,SAN JOAQUIN,desnutricion global,desnutricion leve (l),2006-08-01,2,2,5,7,7,9,16
70501,SAN JOSE DE CHIQUITOS,desnutricion global,desnutricion leve (l),2006-08-01,13,19,10,10,23,29,52
70404,SAN JUAN DE YAPACANI,desnutricion global,desnutricion leve (l),2006-08-01,11,10,12,10,23,20,43
71104,SAN JULIAN,desnutricion global,desnutricion leve (l),2006-08-01,22,15,32,35,54,50,104
90302,SAN LORENZO(PND),desnutricion global,desnutricion leve (l),2006-08-01,7,5,9,9,16,14,30
60501,SAN LORENZO(TJA),desnutricion global,desnutricion leve (l),2006-08-01,33,23,62,61,95,84,179
10702,SAN LUCAS,desnutricion global,desnutricion leve (l),2006-08-01,225,203,233,287,458,490,948
71201,SAN MATIAS,desnutricion global,desnutricion leve (l),2006-08-01,5,14,16,10,21,24,45
70302,SAN MIGUEL DE VELASCO,desnutricion global,desnutricion leve (l),2006-08-01,22,16,15,23,37,39,76
51001,SAN PABLO DE LIPEZ,desnutricion global,desnutricion leve (l),2006-08-01,6,7,6,13,12,20,32
71005,SAN PEDRO,desnutricion global,desnutricion leve (l),2006-08-01,9,17,13,22,22,39,61
50501,SAN PEDRO DE BUENA VISTA,desnutricion global,desnutricion leve (l),2006-08-01,118,104,173,163,291,267,558
21801,SAN PEDRO DE CURAHUARA,desnutricion global,desnutricion leve (l),2006-08-01,5,6,6,8,11,14,25
21702,SAN PEDRO DE TIQUINA,desnutricion global,desnutricion leve (l),2006-08-01,1,8,7,3,8,11,19
90202,SAN PEDRO(PND),desnutricion global,desnutricion leve (l),2006-08-01,2,6,5,4,7,10,17
70303,SAN RAFAEL,desnutricion global,desnutricion leve (l),2006-08-01,17,9,9,3,26,12,38
80702,SAN RAMON,desnutricion global,desnutricion leve (l),2006-08-01,9,4,4,4,13,8,21
80401,SANTA ANA,desnutricion global,desnutricion leve (l),2006-08-01,9,19,4,12,13,31,44
70101,SANTA CRUZ DE LA SIERRA,desnutricion global,desnutricion leve (l),2006-08-01,456,444,187,215,643,659,1302
80303,SANTA ROSA,desnutricion global,desnutricion leve (l),2006-08-01,16,11,4,4,20,15,35
70602,SANTA ROSA DEL SARA,desnutricion global,desnutricion leve (l),2006-08-01,13,14,13,16,26,30,56
20308,SANTIAGO DE CALLAPA,desnutricion global,desnutricion leve (l),2006-08-01,6,11,10,7,16,18,34
41401,SANTIAGO DE HUARI,desnutricion global,desnutricion leve (l),2006-08-01,21,13,23,22,44,35,79
21901,SANTIAGO DE MACHACA,desnutricion global,desnutricion leve (l),2006-08-01,5,3,3,7,8,10,18
30702,SANTIVAÑES,desnutricion global,desnutricion leve (l),2006-08-01,6,14,19,19,25,33,58
40202,SANTUARIO DE QUILLACAS,desnutricion global,desnutricion leve (l),2006-08-01,4,4,1,5,5,9,14
20902,SAPAHAQUI,desnutricion global,desnutricion leve (l),2006-08-01,35,33,24,34,59,67,126
90303,SENA,desnutricion global,desnutricion leve (l),2006-08-01,12,4,12,13,24,17,41
21301,SICA SICA (VILLA AROMA),desnutricion global,desnutricion leve (l),2006-08-01,56,52,44,41,100,93,193
30703,SICAYA,desnutricion global,desnutricion leve (l),2006-08-01,9,7,10,3,19,10,29
30902,SIPE SIPE,desnutricion global,desnutricion leve (l),2006-08-01,80,76,66,50,146,126,272
10403,SOPACHUY,desnutricion global,desnutricion leve (l),2006-08-01,30,27,56,68,86,95,181
40104,SORACACHI,desnutricion global,desnutricion leve (l),2006-08-01,17,21,24,23,41,44,85
20601,SORATA,desnutricion global,desnutricion leve (l),2006-08-01,27,16,21,21,48,37,85
10101,SUCRE,desnutricion global,desnutricion leve (l),2006-08-01,352,299,288,286,640,585,1225
31404,TACACHI,desnutricion global,desnutricion leve (l),2006-08-01,1,3,1,1,2,4,6
20603,TACACOMA,desnutricion global,desnutricion leve (l),2006-08-01,5,5,8,4,13,9,22
50303,TACOBAMBA,desnutricion global,desnutricion leve (l),2006-08-01,29,29,21,21,50,50,100
30602,TACOPAYA,desnutricion global,desnutricion leve (l),2006-08-01,27,15,31,38,58,53,111
51402,TAHUA,desnutricion global,desnutricion leve (l),2006-08-01,1,0,0,0,1,0,1
31101,TAPACARI,desnutricion global,desnutricion leve (l),2006-08-01,82,57,59,44,141,101,242
10601,TARABUCO,desnutricion global,desnutricion leve (l),2006-08-01,126,120,199,202,325,322,647
20807,TARACO,desnutricion global,desnutricion leve (l),2006-08-01,0,1,4,2,4,3,7
30401,TARATA,desnutricion global,desnutricion leve (l),2006-08-01,38,36,14,13,52,49,101
60101,TARIJA,desnutricion global,desnutricion leve (l),2006-08-01,134,144,115,141,249,285,534
10202,TARVITA,desnutricion global,desnutricion leve (l),2006-08-01,42,57,69,40,111,97,208
20608,TEOPONTE,desnutricion global,desnutricion leve (l),2006-08-01,11,6,15,14,26,20,46
20803,TIAWANACU,desnutricion global,desnutricion leve (l),2006-08-01,10,13,4,4,14,17,31
50102,TINGUIPAYA,desnutricion global,desnutricion leve (l),2006-08-01,63,84,78,86,141,170,311
20606,TIPUANI,desnutricion global,desnutricion leve (l),2006-08-01,6,9,7,6,13,15,28
30903,TIQUIPAYA,desnutricion global,desnutricion leve (l),2006-08-01,30,28,26,23,56,51,107
31601,TIRAQUE (CBBA),desnutricion global,desnutricion leve (l),2006-08-01,107,83,77,86,184,169,353
21703,TITO YUPANQUI (PARQUIPUJIO),desnutricion global,desnutricion leve (l),2006-08-01,0,1,3,2,3,3,6
30802,TOCO,desnutricion global,desnutricion leve (l),2006-08-01,14,5,10,7,24,12,36
30803,TOLATA,desnutricion global,desnutricion leve (l),2006-08-01,4,4,1,1,5,5,10
41001,TOLEDO,desnutricion global,desnutricion leve (l),2006-08-01,7,4,9,6,16,10,26
51202,TOMAVE,desnutricion global,desnutricion leve (l),2006-08-01,20,50,16,41,36,91,127
10402,TOMINA,desnutricion global,desnutricion leve (l),2006-08-01,70,44,73,112,143,156,299
50502,TORO TORO,desnutricion global,desnutricion leve (l),2006-08-01,72,67,42,53,114,120,234
31201,TOTORA(CBBA),desnutricion global,desnutricion leve (l),2006-08-01,33,25,24,28,57,53,110
41301,TOTORA(ORR),desnutricion global,desnutricion leve (l),2006-08-01,6,7,11,6,17,13,30
70802,TRIGAL,desnutricion global,desnutricion leve (l),2006-08-01,2,0,2,3,4,3,7
80101,TRINIDAD,desnutricion global,desnutricion leve (l),2006-08-01,99,66,38,29,137,95,232
50801,TUPIZA,desnutricion global,desnutricion leve (l),2006-08-01,100,65,72,89,172,154,326
40402,TURCO,desnutricion global,desnutricion leve (l),2006-08-01,3,5,7,4,10,9,19
21302,UMALA,desnutricion global,desnutricion leve (l),2006-08-01,15,13,5,12,20,25,45
50201,UNCIA,desnutricion global,desnutricion leve (l),2006-08-01,59,60,58,62,117,122,239
60401,URIONDO (A. CONCEPCION),desnutricion global,desnutricion leve (l),2006-08-01,24,12,48,47,72,59,131
71502,URUBICHA,desnutricion global,desnutricion leve (l),2006-08-01,16,23,33,37,49,60,109
51201,UYUNI,desnutricion global,desnutricion leve (l),2006-08-01,29,21,28,31,57,52,109
30502,VACAS,desnutricion global,desnutricion leve (l),2006-08-01,34,25,16,18,50,43,93
70801,VALLEGRANDE,desnutricion global,desnutricion leve (l),2006-08-01,23,18,26,15,49,33,82
20801,VIACHA,desnutricion global,desnutricion leve (l),2006-08-01,35,25,22,27,57,52,109
31302,VILA VILA,desnutricion global,desnutricion leve (l),2006-08-01,17,9,16,23,33,32,65
60303,VILLA MONTES,desnutricion global,desnutricion leve (l),2006-08-01,14,17,18,18,32,35,67
90502,VILLA NUEVA (LOMA ALTA),desnutricion global,desnutricion leve (l),2006-08-01,3,5,3,3,6,8,14
31402,VILLA RIVERO,desnutricion global,desnutricion leve (l),2006-08-01,15,19,29,23,44,42,86
10801,VILLA SERRANO,desnutricion global,desnutricion leve (l),2006-08-01,46,49,84,96,130,145,275
31003,VILLA TUNARI,desnutricion global,desnutricion leve (l),2006-08-01,136,103,111,134,247,237,484
11001,VILLA VACA GUZMAN (MUYUPAMPA),desnutricion global,desnutricion leve (l),2006-08-01,17,30,24,33,41,63,104
51501,VILLAZON,desnutricion global,desnutricion leve (l),2006-08-01,64,48,46,74,110,122,232
30904,VINTO,desnutricion global,desnutricion leve (l),2006-08-01,50,21,11,12,61,33,94
50602,VITICHI,desnutricion global,desnutricion leve (l),2006-08-01,70,45,92,65,162,110,272
20306,WALDO BALLIVIAN,desnutricion global,desnutricion leve (l),2006-08-01,3,11,5,3,8,14,22
70201,WARNES,desnutricion global,desnutricion leve (l),2006-08-01,68,77,52,43,120,120,240
20903,YACO,desnutricion global,desnutricion leve (l),2006-08-01,18,28,24,32,42,60,102
60301,YACUIBA,desnutricion global,desnutricion leve (l),2006-08-01,39,29,40,43,79,72,151
10602,YAMPARAEZ,desnutricion global,desnutricion leve (l),2006-08-01,42,29,94,93,136,122,258
21103,YANACACHI,desnutricion global,desnutricion leve (l),2006-08-01,4,1,4,1,8,2,10
70403,YAPACANI,desnutricion global,desnutricion leve (l),2006-08-01,41,51,33,24,74,75,149
50103,YOCALLA,desnutricion global,desnutricion leve (l),2006-08-01,5,6,7,8,12,14,26
10102,YOTALA,desnutricion global,desnutricion leve (l),2006-08-01,24,21,45,55,69,76,145
60402,YUNCHARA,desnutricion global,desnutricion leve (l),2006-08-01,30,19,67,58,97,77,174
10301,ZUDAÑEZ,desnutricion global,desnutricion leve (l),2006-08-01,27,31,35,70,62,101,163
51302,ACACIO,desnutricion global,desnutricion leve (l),2006-09-01,10,20,25,26,35,46,81
20201,ACHACACHI,desnutricion global,desnutricion leve (l),2006-09-01,37,51,41,53,78,104,182
20104,ACHOCALLA,desnutricion global,desnutricion leve (l),2006-09-01,6,5,7,5,13,10,23
30201,AIQUILE,desnutricion global,desnutricion leve (l),2006-09-01,24,32,27,33,51,65,116
10404,ALCALA,desnutricion global,desnutricion leve (l),2006-09-01,10,15,31,24,41,39,80
20202,ANCORAIMES,desnutricion global,desnutricion leve (l),2006-09-01,23,19,18,29,41,48,89
41201,ANDAMARCA,desnutricion global,desnutricion leve (l),2006-09-01,4,9,9,11,13,20,33
40603,ANTEQUERA,desnutricion global,desnutricion leve (l),2006-09-01,3,3,3,3,6,6,12
30402,ANZALDO,desnutricion global,desnutricion leve (l),2006-09-01,8,12,23,14,31,26,57
20701,APOLO,desnutricion global,desnutricion leve (l),2006-09-01,28,29,32,38,60,67,127
51301,ARAMPAMPA,desnutricion global,desnutricion leve (l),2006-09-01,27,20,23,30,50,50,100
30501,ARANI,desnutricion global,desnutricion leve (l),2006-09-01,15,13,6,10,21,23,44
30403,ARBIETO,desnutricion global,desnutricion leve (l),2006-09-01,8,8,5,4,13,12,25
30601,ARQUE,desnutricion global,desnutricion leve (l),2006-09-01,35,41,31,61,66,102,168
50802,ATOCHA,desnutricion global,desnutricion leve (l),2006-09-01,17,24,22,13,39,37,76
20503,AUCAPATA,desnutricion global,desnutricion leve (l),2006-09-01,10,7,7,14,17,21,38
20502,AYATA,desnutricion global,desnutricion leve (l),2006-09-01,29,24,20,26,49,50,99
21303,AYO AYO,desnutricion global,desnutricion leve (l),2006-09-01,13,15,4,3,17,18,35
30301,AYOPAYA (V. DE INDEPENDENCIA),desnutricion global,desnutricion leve (l),2006-09-01,60,51,63,66,123,117,240
10201,AZURDUY,desnutricion global,desnutricion leve (l),2006-09-01,47,74,94,104,141,178,319
21203,BATALLAS,desnutricion global,desnutricion leve (l),2006-09-01,17,23,6,15,23,38,61
80802,BAURES,desnutricion global,desnutricion leve (l),2006-09-01,5,9,7,12,12,21,33
41202,BELEN DE ANDAMARCA,desnutricion global,desnutricion leve (l),2006-09-01,2,2,1,4,3,6,9
50104,BELEN DE URMIRI,desnutricion global,desnutricion leve (l),2006-09-01,6,4,9,7,15,11,26
90104,BELLA FLOR,desnutricion global,desnutricion leve (l),2006-09-01,2,10,7,6,9,16,25
60202,BERMEJO,desnutricion global,desnutricion leve (l),2006-09-01,8,8,9,11,17,19,36
50301,BETANZOS,desnutricion global,desnutricion leve (l),2006-09-01,87,109,120,122,207,231,438
31501,BOLIVAR,desnutricion global,desnutricion leve (l),2006-09-01,64,69,70,78,134,147,281
90103,BOLPEBRA,desnutricion global,desnutricion leve (l),2006-09-01,0,5,1,8,1,13,14
70707,BOYUIBE,desnutricion global,desnutricion leve (l),2006-09-01,3,3,4,7,7,10,17
70401,BUENA VISTA,desnutricion global,desnutricion leve (l),2006-09-01,7,6,4,11,11,17,28
70703,CABEZAS,desnutricion global,desnutricion leve (l),2006-09-01,18,14,11,6,29,20,49
20905,CAIROMA,desnutricion global,desnutricion leve (l),2006-09-01,57,39,43,55,100,94,194
51102,"CAIZA ""D""",desnutricion global,desnutricion leve (l),2006-09-01,22,21,34,35,56,56,112
21003,CAJUATA,desnutricion global,desnutricion leve (l),2006-09-01,23,23,19,22,42,45,87
20303,CALACOTO,desnutricion global,desnutricion leve (l),2006-09-01,7,6,9,10,16,16,32
21304,CALAMARCA,desnutricion global,desnutricion leve (l),2006-09-01,52,47,49,48,101,95,196
10701,CAMARGO,desnutricion global,desnutricion leve (l),2006-09-01,54,70,76,90,130,160,290
10901,CAMATAQUI (C. VILLA ABECIA),desnutricion global,desnutricion leve (l),2006-09-01,13,5,16,11,29,16,45
70706,CAMIRI,desnutricion global,desnutricion leve (l),2006-09-01,51,60,50,63,101,123,224
30701,CAPINOTA,desnutricion global,desnutricion leve (l),2006-09-01,37,43,53,58,90,101,191
20302,CAQUIAVIRI,desnutricion global,desnutricion leve (l),2006-09-01,2,9,8,12,10,21,31
40102,CARACOLLO,desnutricion global,desnutricion leve (l),2006-09-01,14,17,23,10,37,27,64
22001,CARANAVI,desnutricion global,desnutricion leve (l),2006-09-01,84,80,69,78,153,158,311
41503,CARANGAS,desnutricion global,desnutricion leve (l),2006-09-01,1,3,2,1,3,4,7
60302,CARAPARI,desnutricion global,desnutricion leve (l),2006-09-01,7,8,21,6,28,14,42
50702,CARIPUYO,desnutricion global,desnutricion leve (l),2006-09-01,42,29,54,70,96,99,195
71403,CARMEN RIVERO TORREZ,desnutricion global,desnutricion leve (l),2006-09-01,10,4,1,4,11,8,19
21902,CATACORA,desnutricion global,desnutricion leve (l),2006-09-01,6,4,5,6,11,10,21
21803,CHACARILLA,desnutricion global,desnutricion leve (l),2006-09-01,4,3,7,7,11,10,21
40201,CHALLAPATA,desnutricion global,desnutricion leve (l),2006-09-01,48,37,28,52,76,89,165
50302,CHAQUI,desnutricion global,desnutricion leve (l),2006-09-01,31,22,19,33,50,55,105
70702,CHARAGUA,desnutricion global,desnutricion leve (l),2006-09-01,32,30,48,43,80,73,153
20305,CHARAÑA,desnutricion global,desnutricion leve (l),2006-09-01,2,3,2,2,4,5,9
50202,CHAYANTA,desnutricion global,desnutricion leve (l),2006-09-01,45,42,70,62,115,104,219
31204,CHIMORE,desnutricion global,desnutricion leve (l),2006-09-01,19,30,18,28,37,58,95
40903,CHIPAYA,desnutricion global,desnutricion leve (l),2006-09-01,2,6,7,6,9,12,21
40302,CHOQUE COTA,desnutricion global,desnutricion leve (l),2006-09-01,1,2,7,7,8,9,17
21101,CHULUMANI (V. DE LA LIBERTAD),desnutricion global,desnutricion leve (l),2006-09-01,7,9,3,3,10,12,22
20501,CHUMA,desnutricion global,desnutricion leve (l),2006-09-01,35,28,28,27,63,55,118
30801,CLIZA,desnutricion global,desnutricion leve (l),2006-09-01,11,21,9,12,20,33,53
90101,COBIJA,desnutricion global,desnutricion leve (l),2006-09-01,45,26,39,44,84,70,154
30101,COCHABAMBA,desnutricion global,desnutricion leve (l),2006-09-01,318,333,227,223,545,556,1101
40902,COIPASA,desnutricion global,desnutricion leve (l),2006-09-01,1,1,2,3,3,4,7
30905,COLCAPIRHUA,desnutricion global,desnutricion leve (l),2006-09-01,30,37,33,24,63,61,124
50901,"COLCHA ""K""",desnutricion global,desnutricion leve (l),2006-09-01,10,11,12,13,22,24,46
21307,COLLANA,desnutricion global,desnutricion leve (l),2006-09-01,6,3,5,4,11,7,18
31002,COLOMI,desnutricion global,desnutricion leve (l),2006-09-01,49,49,33,36,82,85,167
70603,COLPA BELGICA,desnutricion global,desnutricion leve (l),2006-09-01,6,7,1,2,7,9,16
50401,COLQUECHACA,desnutricion global,desnutricion leve (l),2006-09-01,94,92,76,83,170,175,345
21306,COLQUENCHA,desnutricion global,desnutricion leve (l),2006-09-01,18,13,17,15,35,28,63
21004,COLQUIRI,desnutricion global,desnutricion leve (l),2006-09-01,50,54,27,31,77,85,162
20304,COMANCHE,desnutricion global,desnutricion leve (l),2006-09-01,3,1,2,7,5,8,13
71301,COMARAPA,desnutricion global,desnutricion leve (l),2006-09-01,18,24,13,19,31,43,74
20605,COMBAYA,desnutricion global,desnutricion leve (l),2006-09-01,8,7,2,7,10,14,24
71101,CONCEPCION,desnutricion global,desnutricion leve (l),2006-09-01,10,11,7,10,17,21,38
21701,COPACABANA,desnutricion global,desnutricion leve (l),2006-09-01,12,15,17,13,29,28,57
21402,CORIPATA,desnutricion global,desnutricion leve (l),2006-09-01,10,7,12,5,22,12,34
20301,CORO CORO,desnutricion global,desnutricion leve (l),2006-09-01,21,17,14,23,35,40,75
21401,COROICO,desnutricion global,desnutricion leve (l),2006-09-01,21,21,25,24,46,45,91
40301,CORQUE,desnutricion global,desnutricion leve (l),2006-09-01,7,11,14,12,21,23,44
50601,COTAGAITA,desnutricion global,desnutricion leve (l),2006-09-01,60,52,45,42,105,94,199
70102,COTOCA,desnutricion global,desnutricion leve (l),2006-09-01,28,40,16,10,44,50,94
71106,CUATRO CAÑADAS,desnutricion global,desnutricion leve (l),2006-09-01,12,14,18,16,30,30,60
31405,CUCHUMUELA (V. G. VILLARROEL),desnutricion global,desnutricion leve (l),2006-09-01,1,1,5,1,6,2,8
70704,CUEVO,desnutricion global,desnutricion leve (l),2006-09-01,12,9,12,17,24,26,50
10902,CULPINA,desnutricion global,desnutricion leve (l),2006-09-01,110,82,114,119,224,201,425
40401,CURAHUARA DE CARANGAS,desnutricion global,desnutricion leve (l),2006-09-01,6,9,8,3,14,12,26
21602,CURVA,desnutricion global,desnutricion leve (l),2006-09-01,4,7,9,7,13,14,27
20804,DESAGUADERO,desnutricion global,desnutricion leve (l),2006-09-01,9,4,2,2,11,6,17
20105,EL ALTO,desnutricion global,desnutricion leve (l),2006-09-01,961,764,611,615,1572,1379,2951
40103,EL CHORO,desnutricion global,desnutricion leve (l),2006-09-01,9,1,4,3,13,4,17
71503,EL PUENTE(STC),desnutricion global,desnutricion leve (l),2006-09-01,17,22,6,9,23,31,54
60502,EL PUENTE(TJA),desnutricion global,desnutricion leve (l),2006-09-01,15,18,32,47,47,65,112
70105,EL TORNO,desnutricion global,desnutricion leve (l),2006-09-01,34,21,28,36,62,57,119
10405,EL VILLAR,desnutricion global,desnutricion leve (l),2006-09-01,5,15,20,33,25,48,73
60601,ENTRE RIOS,desnutricion global,desnutricion leve (l),2006-09-01,35,25,29,38,64,63,127
60601,ENTRE RIOS,desnutricion global,desnutricion leve (l),2006-09-01,29,28,37,41,66,69,135
40502,ESCARA,desnutricion global,desnutricion leve (l),2006-09-01,1,0,0,0,1,0,1
40505,ESMERALDA,desnutricion global,desnutricion leve (l),2006-09-01,0,0,1,1,1,1,2
41101,EUCALIPTUS,desnutricion global,desnutricion leve (l),2006-09-01,7,7,20,6,27,13,40
90503,EUREKA (SANTOS MERCADO),desnutricion global,desnutricion leve (l),2006-09-01,2,8,3,3,5,11,16
80402,EXALTACION,desnutricion global,desnutricion leve (l),2006-09-01,12,8,6,7,18,15,33
71004,FERNANDEZ ALONSO,desnutricion global,desnutricion leve (l),2006-09-01,19,10,28,24,47,34,81
90203,FILADELFIA,desnutricion global,desnutricion leve (l),2006-09-01,1,1,1,4,2,5,7
71002,GENERAL SAAVEDRA,desnutricion global,desnutricion leve (l),2006-09-01,24,28,17,12,41,40,81
21601,GRAL. J.J. PEREZ (CHARAZANI),desnutricion global,desnutricion leve (l),2006-09-01,39,33,40,42,79,75,154
20602,GUANAY,desnutricion global,desnutricion leve (l),2006-09-01,22,20,19,19,41,39,80
20802,GUAQUI,desnutricion global,desnutricion leve (l),2006-09-01,6,8,7,4,13,12,25
80202,GUAYARAMERIN,desnutricion global,desnutricion leve (l),2006-09-01,44,32,35,36,79,68,147
70705,GUTIERREZ,desnutricion global,desnutricion leve (l),2006-09-01,32,35,62,76,94,111,205
10502,HUACARETA,desnutricion global,desnutricion leve (l),2006-09-01,24,19,19,40,43,59,102
11002,HUACAYA (VILLA DE HUACAYA),desnutricion global,desnutricion leve (l),2006-09-01,8,4,16,12,24,16,40
40501,HUACHACALLA,desnutricion global,desnutricion leve (l),2006-09-01,1,0,1,1,2,1,3
40701,HUANUNI,desnutricion global,desnutricion leve (l),2006-09-01,38,31,33,28,71,59,130
80803,HUARACAJE,desnutricion global,desnutricion leve (l),2006-09-01,6,2,7,2,13,4,17
41601,HUAYLLAMARCA,desnutricion global,desnutricion leve (l),2006-09-01,8,7,4,9,12,16,28
21005,ICHOCA,desnutricion global,desnutricion leve (l),2006-09-01,28,15,21,29,49,44,93
10304,ICLA,desnutricion global,desnutricion leve (l),2006-09-01,57,60,121,104,178,164,342
10703,INCAHUASI,desnutricion global,desnutricion leve (l),2006-09-01,106,103,117,121,223,224,447
21001,INQUISIVI,desnutricion global,desnutricion leve (l),2006-09-01,42,37,41,39,83,76,159
21102,IRUPANA (VILLA DE LANZA),desnutricion global,desnutricion leve (l),2006-09-01,22,18,29,42,51,60,111
21501,IXIAMAS,desnutricion global,desnutricion leve (l),2006-09-01,9,19,13,14,22,33,55
20806,JESUS DE MACHACA,desnutricion global,desnutricion leve (l),2006-09-01,33,21,26,24,59,45,104
21105,LA ASUNTA,desnutricion global,desnutricion leve (l),2006-09-01,17,25,14,12,31,37,68
70104,LA GUARDIA,desnutricion global,desnutricion leve (l),2006-09-01,41,32,24,29,65,61,126
20101,LA PAZ,desnutricion global,desnutricion leve (l),2006-09-01,658,593,390,441,1048,1034,2082
70701,LAGUNILLAS,desnutricion global,desnutricion leve (l),2006-09-01,11,19,32,33,43,52,95
21202,LAJA,desnutricion global,desnutricion leve (l),2006-09-01,19,11,9,12,28,23,51
10903,LAS CARRERAS,desnutricion global,desnutricion leve (l),2006-09-01,4,7,17,20,21,27,48
21006,LICOMA PAMPA,desnutricion global,desnutricion leve (l),2006-09-01,8,5,9,4,17,9,26
50203,LLALLAGUA,desnutricion global,desnutricion leve (l),2006-09-01,78,80,113,96,191,176,367
51401,LLICA,desnutricion global,desnutricion leve (l),2006-09-01,2,3,8,3,10,6,16
80601,LORETO,desnutricion global,desnutricion leve (l),2006-09-01,1,1,0,0,1,1,2
20901,LURIBAY,desnutricion global,desnutricion leve (l),2006-09-01,23,33,21,35,44,68,112
40702,MACHACAMARCA,desnutricion global,desnutricion leve (l),2006-09-01,2,2,0,2,2,4,6
11003,MACHARETI,desnutricion global,desnutricion leve (l),2006-09-01,19,10,30,29,49,39,88
80801,MAGDALENA,desnutricion global,desnutricion leve (l),2006-09-01,8,11,6,8,14,19,33
70903,MAIRANA,desnutricion global,desnutricion leve (l),2006-09-01,3,9,5,7,8,16,24
20904,MALLA,desnutricion global,desnutricion leve (l),2006-09-01,14,4,26,17,40,21,61
20607,MAPIRI,desnutricion global,desnutricion leve (l),2006-09-01,6,3,6,7,12,10,22
20103,MECAPACA,desnutricion global,desnutricion leve (l),2006-09-01,16,14,12,20,28,34,62
71003,MINEROS,desnutricion global,desnutricion leve (l),2006-09-01,22,22,5,11,27,33,60
31301,MIZQUE,desnutricion global,desnutricion leve (l),2006-09-01,55,54,38,47,93,101,194
20402,MOCOMOCO,desnutricion global,desnutricion leve (l),2006-09-01,35,33,29,31,64,64,128
51002,MOJINETE,desnutricion global,desnutricion leve (l),2006-09-01,4,3,3,2,7,5,12
10303,MOJOCOYA,desnutricion global,desnutricion leve (l),2006-09-01,31,28,46,50,77,78,155
10501,MONTEAGUDO,desnutricion global,desnutricion leve (l),2006-09-01,57,63,101,103,158,166,324
71001,MONTERO,desnutricion global,desnutricion leve (l),2006-09-01,127,106,111,112,238,218,456
70803,MORO MORO,desnutricion global,desnutricion leve (l),2006-09-01,3,2,3,2,6,4,10
30302,MOROCHATA,desnutricion global,desnutricion leve (l),2006-09-01,44,41,56,54,100,95,195
90401,NACEBE (SANTA ROSA DEL ABUNA),desnutricion global,desnutricion leve (l),2006-09-01,0,2,1,2,1,4,5
90501,NUEVO MANOA (NUEVA ESPERANZA),desnutricion global,desnutricion leve (l),2006-09-01,4,3,1,1,5,4,9
50404,OCURI,desnutricion global,desnutricion leve (l),2006-09-01,83,87,75,76,158,163,321
70202,OKINAWA,desnutricion global,desnutricion leve (l),2006-09-01,12,12,6,14,18,26,44
30203,OMEREQUE,desnutricion global,desnutricion leve (l),2006-09-01,8,7,4,6,12,13,25
40101,ORURO,desnutricion global,desnutricion leve (l),2006-09-01,292,293,195,160,487,453,940
60201,PADCAYA,desnutricion global,desnutricion leve (l),2006-09-01,30,32,41,41,71,73,144
10401,PADILLA,desnutricion global,desnutricion leve (l),2006-09-01,35,21,58,66,93,87,180
70502,PAILON,desnutricion global,desnutricion leve (l),2006-09-01,0,20,17,0,17,20,37
20102,PALCA,desnutricion global,desnutricion leve (l),2006-09-01,23,23,7,14,30,37,67
21104,PALOS BLANCOS,desnutricion global,desnutricion leve (l),2006-09-01,24,20,26,40,50,60,110
40802,PAMPA AULLAGAS,desnutricion global,desnutricion leve (l),2006-09-01,6,6,8,10,14,16,30
70902,PAMPA GRANDE,desnutricion global,desnutricion leve (l),2006-09-01,5,5,3,9,8,14,22
21802,PAPEL PAMPA,desnutricion global,desnutricion leve (l),2006-09-01,8,4,4,3,12,7,19
30202,PASORAPA,desnutricion global,desnutricion leve (l),2006-09-01,6,2,9,12,15,14,29
21305,PATACAMAYA,desnutricion global,desnutricion leve (l),2006-09-01,35,35,24,18,59,53,112
40602,PAZÑA,desnutricion global,desnutricion leve (l),2006-09-01,9,8,10,8,19,16,35
20702,PELECHUCO,desnutricion global,desnutricion leve (l),2006-09-01,7,16,11,11,18,27,45
50403,POCOATA,desnutricion global,desnutricion leve (l),2006-09-01,71,77,80,96,151,173,324
31203,POCONA,desnutricion global,desnutricion leve (l),2006-09-01,30,32,28,37,58,69,127
31202,POJO (CBBA),desnutricion global,desnutricion leve (l),2006-09-01,27,37,33,36,60,73,133
40601,POOPO,desnutricion global,desnutricion leve (l),2006-09-01,5,5,2,2,7,7,14
51203,PORCO,desnutricion global,desnutricion leve (l),2006-09-01,23,25,7,13,30,38,68
10103,POROMA,desnutricion global,desnutricion leve (l),2006-09-01,81,89,86,101,167,190,357
70103,PORONGO,desnutricion global,desnutricion leve (l),2006-09-01,3,3,1,5,4,8,12
70601,PORTACHUELO,desnutricion global,desnutricion leve (l),2006-09-01,9,8,13,12,22,20,42
90102,PORVENIR,desnutricion global,desnutricion leve (l),2006-09-01,3,5,11,16,14,21,35
70804,POSTRER VALLE,desnutricion global,desnutricion leve (l),2006-09-01,5,1,1,9,6,10,16
50101,POTOSI,desnutricion global,desnutricion leve (l),2006-09-01,360,256,232,183,592,439,1031
10302,PRESTO,desnutricion global,desnutricion leve (l),2006-09-01,36,33,39,44,75,77,152
70805,PUCARA,desnutricion global,desnutricion leve (l),2006-09-01,3,0,2,0,5,0,5
21201,PUCARANI,desnutricion global,desnutricion leve (l),2006-09-01,38,51,21,21,59,72,131
20401,PUERTO ACOSTA,desnutricion global,desnutricion leve (l),2006-09-01,45,52,59,67,104,119,223
20403,PUERTO CARABUCO,desnutricion global,desnutricion leve (l),2006-09-01,31,32,23,41,54,73,127
90301,PUERTO GONZALO MORENO,desnutricion global,desnutricion leve (l),2006-09-01,14,14,8,9,22,23,45
21204,PUERTO PEREZ,desnutricion global,desnutricion leve (l),2006-09-01,7,8,6,3,13,11,24
71402,PUERTO QUIJARRO,desnutricion global,desnutricion leve (l),2006-09-01,12,6,4,5,16,11,27
90201,PUERTO RICO,desnutricion global,desnutricion leve (l),2006-09-01,2,6,0,2,2,8,10
80703,PUERTO SILES,desnutricion global,desnutricion leve (l),2006-09-01,7,9,13,5,20,14,34
71401,PUERTO SUAREZ,desnutricion global,desnutricion leve (l),2006-09-01,8,14,3,8,11,22,33
31205,PUERTO VILLARROEL,desnutricion global,desnutricion leve (l),2006-09-01,80,76,77,88,157,164,321
51101,PUNA,desnutricion global,desnutricion leve (l),2006-09-01,108,103,127,136,235,239,474
31401,PUNATA,desnutricion global,desnutricion leve (l),2006-09-01,28,40,17,27,45,67,112
20604,QUIABAYA,desnutricion global,desnutricion leve (l),2006-09-01,4,1,4,1,8,2,10
30901,QUILLACOLLO,desnutricion global,desnutricion leve (l),2006-09-01,40,37,33,38,73,75,148
21002,QUIME,desnutricion global,desnutricion leve (l),2006-09-01,15,13,15,13,30,26,56
70904,QUIRUSILLAS,desnutricion global,desnutricion leve (l),2006-09-01,2,1,2,1,4,2,6
50402,RAVELO,desnutricion global,desnutricion leve (l),2006-09-01,141,133,176,167,317,300,617
80301,REYES,desnutricion global,desnutricion leve (l),2006-09-01,18,16,30,20,48,36,84
80201,RIBERALTA,desnutricion global,desnutricion leve (l),2006-09-01,211,279,96,118,307,397,704
70503,ROBORE,desnutricion global,desnutricion leve (l),2006-09-01,18,35,10,16,28,51,79
80304,RURRENABAQUE,desnutricion global,desnutricion leve (l),2006-09-01,15,19,8,9,23,28,51
40901,SABAYA,desnutricion global,desnutricion leve (l),2006-09-01,6,9,3,12,9,21,30
31001,SACABA,desnutricion global,desnutricion leve (l),2006-09-01,126,99,87,89,213,188,401
30404,SACABAMBA,desnutricion global,desnutricion leve (l),2006-09-01,7,14,23,21,30,35,65
50701,SACACA,desnutricion global,desnutricion leve (l),2006-09-01,169,159,196,215,365,374,739
71302,SAIPINA,desnutricion global,desnutricion leve (l),2006-09-01,5,5,11,8,16,13,29
40801,SALINAS DE GARCI MENDOZA,desnutricion global,desnutricion leve (l),2006-09-01,18,20,24,16,42,36,78
70901,SAMAIPATA,desnutricion global,desnutricion leve (l),2006-09-01,13,5,4,6,17,11,28
51601,SAN AGUSTIN,desnutricion global,desnutricion leve (l),2006-09-01,4,4,8,6,12,10,22
80602,SAN ANDRES,desnutricion global,desnutricion leve (l),2006-09-01,2,7,4,6,6,13,19
20805,SAN ANDRES DE MACHACA,desnutricion global,desnutricion leve (l),2006-09-01,10,3,3,10,13,13,26
51003,SAN ANTONIO DE ESMORUCO,desnutricion global,desnutricion leve (l),2006-09-01,4,3,4,2,8,5,13
71105,SAN ANTONIO DE LOMERIO,desnutricion global,desnutricion leve (l),2006-09-01,31,29,40,43,71,72,143
31403,SAN BENITO,desnutricion global,desnutricion leve (l),2006-09-01,28,38,13,12,41,50,91
80302,SAN BORJA,desnutricion global,desnutricion leve (l),2006-09-01,40,65,33,40,73,105,178
21502,SAN BUENA VENTURA,desnutricion global,desnutricion leve (l),2006-09-01,12,6,6,10,18,16,34
70402,SAN CARLOS,desnutricion global,desnutricion leve (l),2006-09-01,25,24,14,12,39,36,75
80501,SAN IGNACIO,desnutricion global,desnutricion leve (l),2006-09-01,65,46,56,33,121,79,200
70301,SAN IGNACIO DE VELASCO,desnutricion global,desnutricion leve (l),2006-09-01,102,118,102,137,204,255,459
80102,SAN JAVIER(BNI),desnutricion global,desnutricion leve (l),2006-09-01,3,6,10,2,13,8,21
71102,SAN JAVIER(STC),desnutricion global,desnutricion leve (l),2006-09-01,1,5,0,3,1,8,9
80701,SAN JOAQUIN,desnutricion global,desnutricion leve (l),2006-09-01,1,1,6,5,7,6,13
70501,SAN JOSE DE CHIQUITOS,desnutricion global,desnutricion leve (l),2006-09-01,8,19,11,10,19,29,48
70404,SAN JUAN DE YAPACANI,desnutricion global,desnutricion leve (l),2006-09-01,7,14,5,3,12,17,29
71104,SAN JULIAN,desnutricion global,desnutricion leve (l),2006-09-01,26,18,27,33,53,51,104
90302,SAN LORENZO(PND),desnutricion global,desnutricion leve (l),2006-09-01,3,0,5,1,8,1,9
60501,SAN LORENZO(TJA),desnutricion global,desnutricion leve (l),2006-09-01,42,31,60,67,102,98,200
10702,SAN LUCAS,desnutricion global,desnutricion leve (l),2006-09-01,209,202,273,265,482,467,949
71201,SAN MATIAS,desnutricion global,desnutricion leve (l),2006-09-01,14,8,16,18,30,26,56
70302,SAN MIGUEL DE VELASCO,desnutricion global,desnutricion leve (l),2006-09-01,6,5,12,13,18,18,36
51001,SAN PABLO DE LIPEZ,desnutricion global,desnutricion leve (l),2006-09-01,6,10,20,25,26,35,61
71005,SAN PEDRO,desnutricion global,desnutricion leve (l),2006-09-01,17,13,5,10,22,23,45
50501,SAN PEDRO DE BUENA VISTA,desnutricion global,desnutricion leve (l),2006-09-01,110,118,146,145,256,263,519
21801,SAN PEDRO DE CURAHUARA,desnutricion global,desnutricion leve (l),2006-09-01,2,4,2,7,4,11,15
50902,SAN PEDRO DE QUEMES,desnutricion global,desnutricion leve (l),2006-09-01,0,1,1,1,1,2,3
21702,SAN PEDRO DE TIQUINA,desnutricion global,desnutricion leve (l),2006-09-01,2,3,2,1,4,4,8
90202,SAN PEDRO(PND),desnutricion global,desnutricion leve (l),2006-09-01,2,0,0,0,2,0,2
70303,SAN RAFAEL,desnutricion global,desnutricion leve (l),2006-09-01,17,16,9,18,26,34,60
80702,SAN RAMON,desnutricion global,desnutricion leve (l),2006-09-01,6,7,6,3,12,10,22
80401,SANTA ANA,desnutricion global,desnutricion leve (l),2006-09-01,12,12,15,18,27,30,57
70101,SANTA CRUZ DE LA SIERRA,desnutricion global,desnutricion leve (l),2006-09-01,415,398,159,195,574,593,1167
80303,SANTA ROSA,desnutricion global,desnutricion leve (l),2006-09-01,12,17,5,7,17,24,41
70602,SANTA ROSA DEL SARA,desnutricion global,desnutricion leve (l),2006-09-01,19,13,13,15,32,28,60
20308,SANTIAGO DE CALLAPA,desnutricion global,desnutricion leve (l),2006-09-01,8,8,10,7,18,15,33
41401,SANTIAGO DE HUARI,desnutricion global,desnutricion leve (l),2006-09-01,23,16,21,22,44,38,82
21901,SANTIAGO DE MACHACA,desnutricion global,desnutricion leve (l),2006-09-01,0,0,1,1,1,1,2
30702,SANTIVAÑES,desnutricion global,desnutricion leve (l),2006-09-01,10,22,37,35,47,57,104
40202,SANTUARIO DE QUILLACAS,desnutricion global,desnutricion leve (l),2006-09-01,7,5,9,8,16,13,29
20902,SAPAHAQUI,desnutricion global,desnutricion leve (l),2006-09-01,43,33,18,34,61,67,128
90303,SENA,desnutricion global,desnutricion leve (l),2006-09-01,13,6,9,3,22,9,31
21301,SICA SICA (VILLA AROMA),desnutricion global,desnutricion leve (l),2006-09-01,63,60,40,39,103,99,202
30703,SICAYA,desnutricion global,desnutricion leve (l),2006-09-01,19,11,12,6,31,17,48
30902,SIPE SIPE,desnutricion global,desnutricion leve (l),2006-09-01,74,65,45,53,119,118,237
10403,SOPACHUY,desnutricion global,desnutricion leve (l),2006-09-01,33,49,57,80,90,129,219
40104,SORACACHI,desnutricion global,desnutricion leve (l),2006-09-01,27,33,17,25,44,58,102
20601,SORATA,desnutricion global,desnutricion leve (l),2006-09-01,13,20,17,15,30,35,65
10101,SUCRE,desnutricion global,desnutricion leve (l),2006-09-01,336,293,260,327,596,620,1216
31404,TACACHI,desnutricion global,desnutricion leve (l),2006-09-01,1,1,1,4,2,5,7
20603,TACACOMA,desnutricion global,desnutricion leve (l),2006-09-01,2,6,4,4,6,10,16
50303,TACOBAMBA,desnutricion global,desnutricion leve (l),2006-09-01,31,21,36,34,67,55,122
30602,TACOPAYA,desnutricion global,desnutricion leve (l),2006-09-01,29,35,30,55,59,90,149
51402,TAHUA,desnutricion global,desnutricion leve (l),2006-09-01,0,0,3,2,3,2,5
31101,TAPACARI,desnutricion global,desnutricion leve (l),2006-09-01,117,118,118,115,235,233,468
10601,TARABUCO,desnutricion global,desnutricion leve (l),2006-09-01,112,95,160,180,272,275,547
20807,TARACO,desnutricion global,desnutricion leve (l),2006-09-01,2,1,3,1,5,2,7
30401,TARATA,desnutricion global,desnutricion leve (l),2006-09-01,7,12,8,3,15,15,30
60101,TARIJA,desnutricion global,desnutricion leve (l),2006-09-01,146,114,123,130,269,244,513
10202,TARVITA,desnutricion global,desnutricion leve (l),2006-09-01,78,74,113,143,191,217,408
20608,TEOPONTE,desnutricion global,desnutricion leve (l),2006-09-01,6,9,9,10,15,19,34
20803,TIAWANACU,desnutricion global,desnutricion leve (l),2006-09-01,18,10,14,5,32,15,47
50102,TINGUIPAYA,desnutricion global,desnutricion leve (l),2006-09-01,66,60,56,74,122,134,256
20606,TIPUANI,desnutricion global,desnutricion leve (l),2006-09-01,9,10,4,9,13,19,32
30903,TIQUIPAYA,desnutricion global,desnutricion leve (l),2006-09-01,24,16,20,23,44,39,83
31601,TIRAQUE (CBBA),desnutricion global,desnutricion leve (l),2006-09-01,78,83,81,66,159,149,308
21703,TITO YUPANQUI (PARQUIPUJIO),desnutricion global,desnutricion leve (l),2006-09-01,1,3,3,4,4,7,11
30802,TOCO,desnutricion global,desnutricion leve (l),2006-09-01,9,5,5,3,14,8,22
30803,TOLATA,desnutricion global,desnutricion leve (l),2006-09-01,9,4,2,4,11,8,19
41001,TOLEDO,desnutricion global,desnutricion leve (l),2006-09-01,11,7,9,3,20,10,30
51202,TOMAVE,desnutricion global,desnutricion leve (l),2006-09-01,32,10,30,7,62,17,79
10402,TOMINA,desnutricion global,desnutricion leve (l),2006-09-01,67,48,85,109,152,157,309
50502,TORO TORO,desnutricion global,desnutricion leve (l),2006-09-01,86,78,96,105,182,183,365
31201,TOTORA(CBBA),desnutricion global,desnutricion leve (l),2006-09-01,44,34,28,23,72,57,129
41301,TOTORA(ORR),desnutricion global,desnutricion leve (l),2006-09-01,7,8,4,3,11,11,22
70802,TRIGAL,desnutricion global,desnutricion leve (l),2006-09-01,1,1,2,1,3,2,5
80101,TRINIDAD,desnutricion global,desnutricion leve (l),2006-09-01,86,69,62,57,148,126,274
50801,TUPIZA,desnutricion global,desnutricion leve (l),2006-09-01,60,69,47,91,107,160,267
40402,TURCO,desnutricion global,desnutricion leve (l),2006-09-01,6,2,9,5,15,7,22
21302,UMALA,desnutricion global,desnutricion leve (l),2006-09-01,10,11,8,10,18,21,39
50201,UNCIA,desnutricion global,desnutricion leve (l),2006-09-01,49,49,62,62,111,111,222
60401,URIONDO (A. CONCEPCION),desnutricion global,desnutricion leve (l),2006-09-01,20,18,37,50,57,68,125
71502,URUBICHA,desnutricion global,desnutricion leve (l),2006-09-01,7,2,2,8,9,10,19
51201,UYUNI,desnutricion global,desnutricion leve (l),2006-09-01,23,23,32,32,55,55,110
30502,VACAS,desnutricion global,desnutricion leve (l),2006-09-01,17,21,13,13,30,34,64
70801,VALLEGRANDE,desnutricion global,desnutricion leve (l),2006-09-01,14,24,11,29,25,53,78
20801,VIACHA,desnutricion global,desnutricion leve (l),2006-09-01,27,25,19,20,46,45,91
31302,VILA VILA,desnutricion global,desnutricion leve (l),2006-09-01,2,11,6,7,8,18,26
60303,VILLA MONTES,desnutricion global,desnutricion leve (l),2006-09-01,20,19,21,24,41,43,84
90502,VILLA NUEVA (LOMA ALTA),desnutricion global,desnutricion leve (l),2006-09-01,5,12,6,5,11,17,28
31402,VILLA RIVERO,desnutricion global,desnutricion leve (l),2006-09-01,0,7,5,4,5,11,16
10801,VILLA SERRANO,desnutricion global,desnutricion leve (l),2006-09-01,43,38,94,111,137,149,286
31003,VILLA TUNARI,desnutricion global,desnutricion leve (l),2006-09-01,78,85,63,74,141,159,300
11001,VILLA VACA GUZMAN (MUYUPAMPA),desnutricion global,desnutricion leve (l),2006-09-01,37,24,43,48,80,72,152
51501,VILLAZON,desnutricion global,desnutricion leve (l),2006-09-01,71,67,47,54,118,121,239
30904,VINTO,desnutricion global,desnutricion leve (l),2006-09-01,8,19,8,8,16,27,43
50602,VITICHI,desnutricion global,desnutricion leve (l),2006-09-01,31,41,38,39,69,80,149
20306,WALDO BALLIVIAN,desnutricion global,desnutricion leve (l),2006-09-01,4,8,1,5,5,13,18
70201,WARNES,desnutricion global,desnutricion leve (l),2006-09-01,46,50,25,36,71,86,157
20903,YACO,desnutricion global,desnutricion leve (l),2006-09-01,28,34,24,29,52,63,115
60301,YACUIBA,desnutricion global,desnutricion leve (l),2006-09-01,63,60,46,57,109,117,226
10602,YAMPARAEZ,desnutricion global,desnutricion leve (l),2006-09-01,41,32,92,102,133,134,267
21103,YANACACHI,desnutricion global,desnutricion leve (l),2006-09-01,4,1,5,4,9,5,14
70403,YAPACANI,desnutricion global,desnutricion leve (l),2006-09-01,40,38,25,24,65,62,127
50103,YOCALLA,desnutricion global,desnutricion leve (l),2006-09-01,5,4,5,8,10,12,22
10102,YOTALA,desnutricion global,desnutricion leve (l),2006-09-01,29,32,41,47,70,79,149
60402,YUNCHARA,desnutricion global,desnutricion leve (l),2006-09-01,10,13,24,19,34,32,66
10301,ZUDAÑEZ,desnutricion global,desnutricion leve (l),2006-09-01,33,28,46,71,79,99,178
51302,ACACIO,desnutricion global,desnutricion leve (l),2006-10-01,42,29,48,52,90,81,171
20201,ACHACACHI,desnutricion global,desnutricion leve (l),2006-10-01,53,57,27,49,80,106,186
20104,ACHOCALLA,desnutricion global,desnutricion leve (l),2006-10-01,13,12,5,7,18,19,37
30201,AIQUILE,desnutricion global,desnutricion leve (l),2006-10-01,20,14,17,20,37,34,71
10404,ALCALA,desnutricion global,desnutricion leve (l),2006-10-01,15,17,32,27,47,44,91
20202,ANCORAIMES,desnutricion global,desnutricion leve (l),2006-10-01,27,23,27,29,54,52,106
41201,ANDAMARCA,desnutricion global,desnutricion leve (l),2006-10-01,5,2,5,11,10,13,23
40603,ANTEQUERA,desnutricion global,desnutricion leve (l),2006-10-01,6,3,3,5,9,8,17
30402,ANZALDO,desnutricion global,desnutricion leve (l),2006-10-01,5,8,14,19,19,27,46
20701,APOLO,desnutricion global,desnutricion leve (l),2006-10-01,26,23,32,38,58,61,119
51301,ARAMPAMPA,desnutricion global,desnutricion leve (l),2006-10-01,24,16,26,35,50,51,101
30501,ARANI,desnutricion global,desnutricion leve (l),2006-10-01,11,23,16,23,27,46,73
30403,ARBIETO,desnutricion global,desnutricion leve (l),2006-10-01,8,4,3,8,11,12,23
30601,ARQUE,desnutricion global,desnutricion leve (l),2006-10-01,37,41,53,72,90,113,203
71501,ASCENCION DE GUARAYOS,desnutricion global,desnutricion leve (l),2006-10-01,64,68,86,94,150,162,312
50802,ATOCHA,desnutricion global,desnutricion leve (l),2006-10-01,22,14,22,21,44,35,79
20503,AUCAPATA,desnutricion global,desnutricion leve (l),2006-10-01,11,2,23,14,34,16,50
20502,AYATA,desnutricion global,desnutricion leve (l),2006-10-01,32,31,23,18,55,49,104
21303,AYO AYO,desnutricion global,desnutricion leve (l),2006-10-01,13,10,5,4,18,14,32
30301,AYOPAYA (V. DE INDEPENDENCIA),desnutricion global,desnutricion leve (l),2006-10-01,58,83,93,109,151,192,343
10201,AZURDUY,desnutricion global,desnutricion leve (l),2006-10-01,50,63,72,95,122,158,280
21203,BATALLAS,desnutricion global,desnutricion leve (l),2006-10-01,21,22,15,8,36,30,66
80802,BAURES,desnutricion global,desnutricion leve (l),2006-10-01,8,4,9,6,17,10,27
41202,BELEN DE ANDAMARCA,desnutricion global,desnutricion leve (l),2006-10-01,4,3,5,3,9,6,15
50104,BELEN DE URMIRI,desnutricion global,desnutricion leve (l),2006-10-01,4,7,4,4,8,11,19
90104,BELLA FLOR,desnutricion global,desnutricion leve (l),2006-10-01,10,7,2,7,12,14,26
60202,BERMEJO,desnutricion global,desnutricion leve (l),2006-10-01,3,11,6,5,9,16,25
50301,BETANZOS,desnutricion global,desnutricion leve (l),2006-10-01,79,91,115,115,194,206,400
31501,BOLIVAR,desnutricion global,desnutricion leve (l),2006-10-01,58,60,59,77,117,137,254
90103,BOLPEBRA,desnutricion global,desnutricion leve (l),2006-10-01,9,6,9,8,18,14,32
70707,BOYUIBE,desnutricion global,desnutricion leve (l),2006-10-01,5,3,10,6,15,9,24
70401,BUENA VISTA,desnutricion global,desnutricion leve (l),2006-10-01,8,14,4,7,12,21,33
70703,CABEZAS,desnutricion global,desnutricion leve (l),2006-10-01,20,17,16,19,36,36,72
20905,CAIROMA,desnutricion global,desnutricion leve (l),2006-10-01,48,39,45,61,93,100,193
51102,"CAIZA ""D""",desnutricion global,desnutricion leve (l),2006-10-01,27,13,40,33,67,46,113
21003,CAJUATA,desnutricion global,desnutricion leve (l),2006-10-01,24,20,17,17,41,37,78
20303,CALACOTO,desnutricion global,desnutricion leve (l),2006-10-01,10,10,17,29,27,39,66
21304,CALAMARCA,desnutricion global,desnutricion leve (l),2006-10-01,59,64,61,68,120,132,252
10701,CAMARGO,desnutricion global,desnutricion leve (l),2006-10-01,42,64,54,86,96,150,246
10901,CAMATAQUI (C. VILLA ABECIA),desnutricion global,desnutricion leve (l),2006-10-01,7,12,10,12,17,24,41
70706,CAMIRI,desnutricion global,desnutricion leve (l),2006-10-01,34,44,48,69,82,113,195
30701,CAPINOTA,desnutricion global,desnutricion leve (l),2006-10-01,21,38,53,52,74,90,164
20302,CAQUIAVIRI,desnutricion global,desnutricion leve (l),2006-10-01,6,16,5,7,11,23,34
40102,CARACOLLO,desnutricion global,desnutricion leve (l),2006-10-01,23,24,35,34,58,58,116
22001,CARANAVI,desnutricion global,desnutricion leve (l),2006-10-01,88,101,71,76,159,177,336
41503,CARANGAS,desnutricion global,desnutricion leve (l),2006-10-01,2,1,1,4,3,5,8
60302,CARAPARI,desnutricion global,desnutricion leve (l),2006-10-01,7,6,17,13,24,19,43
50702,CARIPUYO,desnutricion global,desnutricion leve (l),2006-10-01,44,31,50,72,94,103,197
71403,CARMEN RIVERO TORREZ,desnutricion global,desnutricion leve (l),2006-10-01,1,2,2,1,3,3,6
21803,CHACARILLA,desnutricion global,desnutricion leve (l),2006-10-01,6,4,4,5,10,9,19
40201,CHALLAPATA,desnutricion global,desnutricion leve (l),2006-10-01,50,55,49,54,99,109,208
50302,CHAQUI,desnutricion global,desnutricion leve (l),2006-10-01,14,18,24,41,38,59,97
70702,CHARAGUA,desnutricion global,desnutricion leve (l),2006-10-01,36,45,42,49,78,94,172
20305,CHARAÑA,desnutricion global,desnutricion leve (l),2006-10-01,3,7,0,5,3,12,15
50202,CHAYANTA,desnutricion global,desnutricion leve (l),2006-10-01,47,50,107,98,154,148,302
31204,CHIMORE,desnutricion global,desnutricion leve (l),2006-10-01,27,39,20,19,47,58,105
40903,CHIPAYA,desnutricion global,desnutricion leve (l),2006-10-01,0,3,1,10,1,13,14
21101,CHULUMANI (V. DE LA LIBERTAD),desnutricion global,desnutricion leve (l),2006-10-01,6,10,5,3,11,13,24
20501,CHUMA,desnutricion global,desnutricion leve (l),2006-10-01,19,12,15,21,34,33,67
30801,CLIZA,desnutricion global,desnutricion leve (l),2006-10-01,20,23,17,29,37,52,89
90101,COBIJA,desnutricion global,desnutricion leve (l),2006-10-01,35,36,28,28,63,64,127
30101,COCHABAMBA,desnutricion global,desnutricion leve (l),2006-10-01,312,342,249,235,561,577,1138
40902,COIPASA,desnutricion global,desnutricion leve (l),2006-10-01,1,0,0,2,1,2,3
30905,COLCAPIRHUA,desnutricion global,desnutricion leve (l),2006-10-01,54,57,40,53,94,110,204
50901,"COLCHA ""K""",desnutricion global,desnutricion leve (l),2006-10-01,11,15,23,9,34,24,58
21307,COLLANA,desnutricion global,desnutricion leve (l),2006-10-01,2,4,2,1,4,5,9
31002,COLOMI,desnutricion global,desnutricion leve (l),2006-10-01,47,30,32,25,79,55,134
70603,COLPA BELGICA,desnutricion global,desnutricion leve (l),2006-10-01,5,6,4,5,9,11,20
50401,COLQUECHACA,desnutricion global,desnutricion leve (l),2006-10-01,90,85,97,104,187,189,376
21306,COLQUENCHA,desnutricion global,desnutricion leve (l),2006-10-01,23,25,21,20,44,45,89
21004,COLQUIRI,desnutricion global,desnutricion leve (l),2006-10-01,51,44,27,47,78,91,169
20304,COMANCHE,desnutricion global,desnutricion leve (l),2006-10-01,2,0,1,3,3,3,6
71301,COMARAPA,desnutricion global,desnutricion leve (l),2006-10-01,26,30,16,30,42,60,102
20605,COMBAYA,desnutricion global,desnutricion leve (l),2006-10-01,7,5,4,5,11,10,21
71101,CONCEPCION,desnutricion global,desnutricion leve (l),2006-10-01,18,12,8,2,26,14,40
21701,COPACABANA,desnutricion global,desnutricion leve (l),2006-10-01,19,25,18,17,37,42,79
21402,CORIPATA,desnutricion global,desnutricion leve (l),2006-10-01,8,5,5,3,13,8,21
20301,CORO CORO,desnutricion global,desnutricion leve (l),2006-10-01,16,21,31,28,47,49,96
21401,COROICO,desnutricion global,desnutricion leve (l),2006-10-01,23,15,22,21,45,36,81
40301,CORQUE,desnutricion global,desnutricion leve (l),2006-10-01,10,8,6,21,16,29,45
50601,COTAGAITA,desnutricion global,desnutricion leve (l),2006-10-01,80,67,90,75,170,142,312
70102,COTOCA,desnutricion global,desnutricion leve (l),2006-10-01,29,47,19,19,48,66,114
71106,CUATRO CAÑADAS,desnutricion global,desnutricion leve (l),2006-10-01,5,10,4,4,9,14,23
31405,CUCHUMUELA (V. G. VILLARROEL),desnutricion global,desnutricion leve (l),2006-10-01,8,5,4,5,12,10,22
70704,CUEVO,desnutricion global,desnutricion leve (l),2006-10-01,11,12,7,10,18,22,40
10902,CULPINA,desnutricion global,desnutricion leve (l),2006-10-01,100,97,102,118,202,215,417
40401,CURAHUARA DE CARANGAS,desnutricion global,desnutricion leve (l),2006-10-01,10,10,18,16,28,26,54
21602,CURVA,desnutricion global,desnutricion leve (l),2006-10-01,4,4,12,7,16,11,27
20804,DESAGUADERO,desnutricion global,desnutricion leve (l),2006-10-01,4,6,3,1,7,7,14
20105,EL ALTO,desnutricion global,desnutricion leve (l),2006-10-01,988,801,641,640,1629,1441,3070
40103,EL CHORO,desnutricion global,desnutricion leve (l),2006-10-01,4,5,6,9,10,14,24
71503,EL PUENTE(STC),desnutricion global,desnutricion leve (l),2006-10-01,6,13,6,14,12,27,39
60502,EL PUENTE(TJA),desnutricion global,desnutricion leve (l),2006-10-01,14,13,34,55,48,68,116
70105,EL TORNO,desnutricion global,desnutricion leve (l),2006-10-01,31,25,25,23,56,48,104
10405,EL VILLAR,desnutricion global,desnutricion leve (l),2006-10-01,12,12,24,36,36,48,84
60601,ENTRE RIOS,desnutricion global,desnutricion leve (l),2006-10-01,25,33,38,41,63,74,137
60601,ENTRE RIOS,desnutricion global,desnutricion leve (l),2006-10-01,34,30,41,64,75,94,169
40502,ESCARA,desnutricion global,desnutricion leve (l),2006-10-01,0,0,1,1,1,1,2
40505,ESMERALDA,desnutricion global,desnutricion leve (l),2006-10-01,0,0,1,1,1,1,2
41101,EUCALIPTUS,desnutricion global,desnutricion leve (l),2006-10-01,2,3,4,6,6,9,15
90503,EUREKA (SANTOS MERCADO),desnutricion global,desnutricion leve (l),2006-10-01,0,1,0,0,0,1,1
80402,EXALTACION,desnutricion global,desnutricion leve (l),2006-10-01,3,3,4,3,7,6,13
71004,FERNANDEZ ALONSO,desnutricion global,desnutricion leve (l),2006-10-01,21,20,15,14,36,34,70
90203,FILADELFIA,desnutricion global,desnutricion leve (l),2006-10-01,9,3,9,13,18,16,34
71002,GENERAL SAAVEDRA,desnutricion global,desnutricion leve (l),2006-10-01,30,34,11,17,41,51,92
21601,GRAL. J.J. PEREZ (CHARAZANI),desnutricion global,desnutricion leve (l),2006-10-01,31,17,8,21,39,38,77
20602,GUANAY,desnutricion global,desnutricion leve (l),2006-10-01,18,9,15,26,33,35,68
20802,GUAQUI,desnutricion global,desnutricion leve (l),2006-10-01,12,5,5,4,17,9,26
80202,GUAYARAMERIN,desnutricion global,desnutricion leve (l),2006-10-01,51,52,48,76,99,128,227
70705,GUTIERREZ,desnutricion global,desnutricion leve (l),2006-10-01,25,24,58,57,83,81,164
10502,HUACARETA,desnutricion global,desnutricion leve (l),2006-10-01,18,18,25,43,43,61,104
11002,HUACAYA (VILLA DE HUACAYA),desnutricion global,desnutricion leve (l),2006-10-01,14,11,16,10,30,21,51
40501,HUACHACALLA,desnutricion global,desnutricion leve (l),2006-10-01,0,0,1,2,1,2,3
40701,HUANUNI,desnutricion global,desnutricion leve (l),2006-10-01,32,29,25,18,57,47,104
80803,HUARACAJE,desnutricion global,desnutricion leve (l),2006-10-01,4,9,3,4,7,13,20
41601,HUAYLLAMARCA,desnutricion global,desnutricion leve (l),2006-10-01,2,3,5,2,7,5,12
21005,ICHOCA,desnutricion global,desnutricion leve (l),2006-10-01,19,17,21,34,40,51,91
10304,ICLA,desnutricion global,desnutricion leve (l),2006-10-01,45,49,106,117,151,166,317
10703,INCAHUASI,desnutricion global,desnutricion leve (l),2006-10-01,111,112,122,138,233,250,483
90402,INGAVI (HUMAITA),desnutricion global,desnutricion leve (l),2006-10-01,1,1,4,3,5,4,9
21001,INQUISIVI,desnutricion global,desnutricion leve (l),2006-10-01,47,43,48,47,95,90,185
21102,IRUPANA (VILLA DE LANZA),desnutricion global,desnutricion leve (l),2006-10-01,22,18,15,15,37,33,70
21501,IXIAMAS,desnutricion global,desnutricion leve (l),2006-10-01,19,21,15,24,34,45,79
20806,JESUS DE MACHACA,desnutricion global,desnutricion leve (l),2006-10-01,25,15,15,21,40,36,76
21105,LA ASUNTA,desnutricion global,desnutricion leve (l),2006-10-01,25,19,6,9,31,28,59
70104,LA GUARDIA,desnutricion global,desnutricion leve (l),2006-10-01,44,39,32,40,76,79,155
20101,LA PAZ,desnutricion global,desnutricion leve (l),2006-10-01,638,642,423,437,1061,1079,2140
70701,LAGUNILLAS,desnutricion global,desnutricion leve (l),2006-10-01,10,14,18,20,28,34,62
21202,LAJA,desnutricion global,desnutricion leve (l),2006-10-01,13,13,10,6,23,19,42
10903,LAS CARRERAS,desnutricion global,desnutricion leve (l),2006-10-01,12,7,22,18,34,25,59
21006,LICOMA PAMPA,desnutricion global,desnutricion leve (l),2006-10-01,5,4,2,4,7,8,15
50203,LLALLAGUA,desnutricion global,desnutricion leve (l),2006-10-01,107,89,102,88,209,177,386
51401,LLICA,desnutricion global,desnutricion leve (l),2006-10-01,7,7,6,4,13,11,24
80601,LORETO,desnutricion global,desnutricion leve (l),2006-10-01,5,4,1,4,6,8,14
20901,LURIBAY,desnutricion global,desnutricion leve (l),2006-10-01,20,21,14,20,34,41,75
40702,MACHACAMARCA,desnutricion global,desnutricion leve (l),2006-10-01,4,3,1,3,5,6,11
11003,MACHARETI,desnutricion global,desnutricion leve (l),2006-10-01,27,12,39,40,66,52,118
80801,MAGDALENA,desnutricion global,desnutricion leve (l),2006-10-01,10,9,11,7,21,16,37
70903,MAIRANA,desnutricion global,desnutricion leve (l),2006-10-01,9,4,12,10,21,14,35
20904,MALLA,desnutricion global,desnutricion leve (l),2006-10-01,16,9,24,15,40,24,64
20607,MAPIRI,desnutricion global,desnutricion leve (l),2006-10-01,24,38,11,16,35,54,89
20103,MECAPACA,desnutricion global,desnutricion leve (l),2006-10-01,22,11,21,20,43,31,74
71003,MINEROS,desnutricion global,desnutricion leve (l),2006-10-01,30,34,8,14,38,48,86
31301,MIZQUE,desnutricion global,desnutricion leve (l),2006-10-01,88,70,37,57,125,127,252
20402,MOCOMOCO,desnutricion global,desnutricion leve (l),2006-10-01,38,26,44,47,82,73,155
51002,MOJINETE,desnutricion global,desnutricion leve (l),2006-10-01,0,3,1,2,1,5,6
10303,MOJOCOYA,desnutricion global,desnutricion leve (l),2006-10-01,29,21,49,37,78,58,136
10501,MONTEAGUDO,desnutricion global,desnutricion leve (l),2006-10-01,78,62,118,128,196,190,386
71001,MONTERO,desnutricion global,desnutricion leve (l),2006-10-01,151,162,114,136,265,298,563
70803,MORO MORO,desnutricion global,desnutricion leve (l),2006-10-01,9,4,3,6,12,10,22
30302,MOROCHATA,desnutricion global,desnutricion leve (l),2006-10-01,61,47,56,50,117,97,214
90501,NUEVO MANOA (NUEVA ESPERANZA),desnutricion global,desnutricion leve (l),2006-10-01,3,2,6,7,9,9,18
50404,OCURI,desnutricion global,desnutricion leve (l),2006-10-01,65,45,45,56,110,101,211
70202,OKINAWA,desnutricion global,desnutricion leve (l),2006-10-01,12,13,5,13,17,26,43
30203,OMEREQUE,desnutricion global,desnutricion leve (l),2006-10-01,7,8,13,12,20,20,40
40101,ORURO,desnutricion global,desnutricion leve (l),2006-10-01,336,279,191,174,527,453,980
60201,PADCAYA,desnutricion global,desnutricion leve (l),2006-10-01,37,31,37,46,74,77,151
10401,PADILLA,desnutricion global,desnutricion leve (l),2006-10-01,35,27,55,75,90,102,192
70502,PAILON,desnutricion global,desnutricion leve (l),2006-10-01,0,28,32,0,32,28,60
20102,PALCA,desnutricion global,desnutricion leve (l),2006-10-01,19,13,9,6,28,19,47
21104,PALOS BLANCOS,desnutricion global,desnutricion leve (l),2006-10-01,31,46,38,58,69,104,173
40802,PAMPA AULLAGAS,desnutricion global,desnutricion leve (l),2006-10-01,10,6,12,13,22,19,41
70902,PAMPA GRANDE,desnutricion global,desnutricion leve (l),2006-10-01,5,10,10,15,15,25,40
21802,PAPEL PAMPA,desnutricion global,desnutricion leve (l),2006-10-01,2,6,4,7,6,13,19
30202,PASORAPA,desnutricion global,desnutricion leve (l),2006-10-01,11,13,21,15,32,28,60
21305,PATACAMAYA,desnutricion global,desnutricion leve (l),2006-10-01,65,63,30,37,95,100,195
40602,PAZÑA,desnutricion global,desnutricion leve (l),2006-10-01,12,9,6,9,18,18,36
20702,PELECHUCO,desnutricion global,desnutricion leve (l),2006-10-01,20,12,8,10,28,22,50
50403,POCOATA,desnutricion global,desnutricion leve (l),2006-10-01,71,89,62,88,133,177,310
31203,POCONA,desnutricion global,desnutricion leve (l),2006-10-01,21,20,26,31,47,51,98
31202,POJO (CBBA),desnutricion global,desnutricion leve (l),2006-10-01,9,3,5,10,14,13,27
40601,POOPO,desnutricion global,desnutricion leve (l),2006-10-01,7,3,4,5,11,8,19
51203,PORCO,desnutricion global,desnutricion leve (l),2006-10-01,22,18,6,14,28,32,60
10103,POROMA,desnutricion global,desnutricion leve (l),2006-10-01,59,74,66,72,125,146,271
70103,PORONGO,desnutricion global,desnutricion leve (l),2006-10-01,1,6,4,3,5,9,14
70601,PORTACHUELO,desnutricion global,desnutricion leve (l),2006-10-01,19,13,13,16,32,29,61
90102,PORVENIR,desnutricion global,desnutricion leve (l),2006-10-01,10,15,8,7,18,22,40
70804,POSTRER VALLE,desnutricion global,desnutricion leve (l),2006-10-01,5,2,4,10,9,12,21
50101,POTOSI,desnutricion global,desnutricion leve (l),2006-10-01,327,303,225,180,552,483,1035
10302,PRESTO,desnutricion global,desnutricion leve (l),2006-10-01,41,35,63,55,104,90,194
70805,PUCARA,desnutricion global,desnutricion leve (l),2006-10-01,2,4,3,4,5,8,13
21201,PUCARANI,desnutricion global,desnutricion leve (l),2006-10-01,43,64,36,35,79,99,178
20401,PUERTO ACOSTA,desnutricion global,desnutricion leve (l),2006-10-01,41,34,29,41,70,75,145
20403,PUERTO CARABUCO,desnutricion global,desnutricion leve (l),2006-10-01,26,28,14,24,40,52,92
90301,PUERTO GONZALO MORENO,desnutricion global,desnutricion leve (l),2006-10-01,21,24,28,31,49,55,104
21204,PUERTO PEREZ,desnutricion global,desnutricion leve (l),2006-10-01,4,6,12,5,16,11,27
71402,PUERTO QUIJARRO,desnutricion global,desnutricion leve (l),2006-10-01,11,9,6,3,17,12,29
90201,PUERTO RICO,desnutricion global,desnutricion leve (l),2006-10-01,2,0,0,3,2,3,5
80703,PUERTO SILES,desnutricion global,desnutricion leve (l),2006-10-01,0,3,2,1,2,4,6
71401,PUERTO SUAREZ,desnutricion global,desnutricion leve (l),2006-10-01,15,11,3,11,18,22,40
31205,PUERTO VILLARROEL,desnutricion global,desnutricion leve (l),2006-10-01,109,89,84,72,193,161,354
51101,PUNA,desnutricion global,desnutricion leve (l),2006-10-01,63,84,96,95,159,179,338
31401,PUNATA,desnutricion global,desnutricion leve (l),2006-10-01,28,35,24,28,52,63,115
20604,QUIABAYA,desnutricion global,desnutricion leve (l),2006-10-01,3,5,8,1,11,6,17
30901,QUILLACOLLO,desnutricion global,desnutricion leve (l),2006-10-01,26,33,26,43,52,76,128
21002,QUIME,desnutricion global,desnutricion leve (l),2006-10-01,26,19,29,31,55,50,105
70904,QUIRUSILLAS,desnutricion global,desnutricion leve (l),2006-10-01,2,0,3,5,5,5,10
50402,RAVELO,desnutricion global,desnutricion leve (l),2006-10-01,134,134,166,185,300,319,619
80301,REYES,desnutricion global,desnutricion leve (l),2006-10-01,14,22,25,27,39,49,88
80201,RIBERALTA,desnutricion global,desnutricion leve (l),2006-10-01,236,329,118,144,354,473,827
70503,ROBORE,desnutricion global,desnutricion leve (l),2006-10-01,11,16,6,9,17,25,42
80304,RURRENABAQUE,desnutricion global,desnutricion leve (l),2006-10-01,10,10,5,9,15,19,34
40901,SABAYA,desnutricion global,desnutricion leve (l),2006-10-01,5,7,3,6,8,13,21
31001,SACABA,desnutricion global,desnutricion leve (l),2006-10-01,119,93,71,68,190,161,351
30404,SACABAMBA,desnutricion global,desnutricion leve (l),2006-10-01,10,9,12,14,22,23,45
50701,SACACA,desnutricion global,desnutricion leve (l),2006-10-01,110,131,178,165,288,296,584
71302,SAIPINA,desnutricion global,desnutricion leve (l),2006-10-01,11,8,13,11,24,19,43
40801,SALINAS DE GARCI MENDOZA,desnutricion global,desnutricion leve (l),2006-10-01,15,12,14,13,29,25,54
70901,SAMAIPATA,desnutricion global,desnutricion leve (l),2006-10-01,11,9,6,5,17,14,31
51601,SAN AGUSTIN,desnutricion global,desnutricion leve (l),2006-10-01,4,3,2,6,6,9,15
80602,SAN ANDRES,desnutricion global,desnutricion leve (l),2006-10-01,17,9,12,9,29,18,47
20805,SAN ANDRES DE MACHACA,desnutricion global,desnutricion leve (l),2006-10-01,9,6,3,6,12,12,24
51003,SAN ANTONIO DE ESMORUCO,desnutricion global,desnutricion leve (l),2006-10-01,7,8,2,2,9,10,19
71105,SAN ANTONIO DE LOMERIO,desnutricion global,desnutricion leve (l),2006-10-01,25,34,57,40,82,74,156
31403,SAN BENITO,desnutricion global,desnutricion leve (l),2006-10-01,28,15,20,18,48,33,81
80302,SAN BORJA,desnutricion global,desnutricion leve (l),2006-10-01,62,61,48,69,110,130,240
21502,SAN BUENA VENTURA,desnutricion global,desnutricion leve (l),2006-10-01,16,15,10,8,26,23,49
70402,SAN CARLOS,desnutricion global,desnutricion leve (l),2006-10-01,25,22,19,14,44,36,80
80501,SAN IGNACIO,desnutricion global,desnutricion leve (l),2006-10-01,28,20,38,50,66,70,136
70301,SAN IGNACIO DE VELASCO,desnutricion global,desnutricion leve (l),2006-10-01,74,82,64,61,138,143,281
80102,SAN JAVIER(BNI),desnutricion global,desnutricion leve (l),2006-10-01,4,2,1,1,5,3,8
71102,SAN JAVIER(STC),desnutricion global,desnutricion leve (l),2006-10-01,2,4,0,2,2,6,8
80701,SAN JOAQUIN,desnutricion global,desnutricion leve (l),2006-10-01,5,5,4,3,9,8,17
70501,SAN JOSE DE CHIQUITOS,desnutricion global,desnutricion leve (l),2006-10-01,9,19,10,11,19,30,49
70404,SAN JUAN DE YAPACANI,desnutricion global,desnutricion leve (l),2006-10-01,12,6,8,2,20,8,28
71104,SAN JULIAN,desnutricion global,desnutricion leve (l),2006-10-01,11,12,13,23,24,35,59
90302,SAN LORENZO(PND),desnutricion global,desnutricion leve (l),2006-10-01,23,13,27,23,50,36,86
60501,SAN LORENZO(TJA),desnutricion global,desnutricion leve (l),2006-10-01,29,47,59,60,88,107,195
10702,SAN LUCAS,desnutricion global,desnutricion leve (l),2006-10-01,192,206,228,263,420,469,889
71201,SAN MATIAS,desnutricion global,desnutricion leve (l),2006-10-01,12,9,10,8,22,17,39
70302,SAN MIGUEL DE VELASCO,desnutricion global,desnutricion leve (l),2006-10-01,13,7,11,15,24,22,46
51001,SAN PABLO DE LIPEZ,desnutricion global,desnutricion leve (l),2006-10-01,1,2,1,3,2,5,7
71005,SAN PEDRO,desnutricion global,desnutricion leve (l),2006-10-01,13,24,13,18,26,42,68
50501,SAN PEDRO DE BUENA VISTA,desnutricion global,desnutricion leve (l),2006-10-01,85,92,135,116,220,208,428
21801,SAN PEDRO DE CURAHUARA,desnutricion global,desnutricion leve (l),2006-10-01,11,4,5,10,16,14,30
50902,SAN PEDRO DE QUEMES,desnutricion global,desnutricion leve (l),2006-10-01,0,0,0,2,0,2,2
21702,SAN PEDRO DE TIQUINA,desnutricion global,desnutricion leve (l),2006-10-01,3,4,13,6,16,10,26
90202,SAN PEDRO(PND),desnutricion global,desnutricion leve (l),2006-10-01,2,2,2,12,4,14,18
70303,SAN RAFAEL,desnutricion global,desnutricion leve (l),2006-10-01,11,13,9,8,20,21,41
80702,SAN RAMON,desnutricion global,desnutricion leve (l),2006-10-01,4,8,4,5,8,13,21
80401,SANTA ANA,desnutricion global,desnutricion leve (l),2006-10-01,20,12,7,11,27,23,50
70101,SANTA CRUZ DE LA SIERRA,desnutricion global,desnutricion leve (l),2006-10-01,459,431,254,268,713,699,1412
80303,SANTA ROSA,desnutricion global,desnutricion leve (l),2006-10-01,14,8,12,10,26,18,44
70602,SANTA ROSA DEL SARA,desnutricion global,desnutricion leve (l),2006-10-01,29,19,27,22,56,41,97
20308,SANTIAGO DE CALLAPA,desnutricion global,desnutricion leve (l),2006-10-01,5,8,4,9,9,17,26
41401,SANTIAGO DE HUARI,desnutricion global,desnutricion leve (l),2006-10-01,15,5,15,19,30,24,54
21901,SANTIAGO DE MACHACA,desnutricion global,desnutricion leve (l),2006-10-01,4,2,8,5,12,7,19
30702,SANTIVAÑES,desnutricion global,desnutricion leve (l),2006-10-01,9,4,10,11,19,15,34
40202,SANTUARIO DE QUILLACAS,desnutricion global,desnutricion leve (l),2006-10-01,5,2,5,5,10,7,17
20902,SAPAHAQUI,desnutricion global,desnutricion leve (l),2006-10-01,34,21,24,35,58,56,114
90303,SENA,desnutricion global,desnutricion leve (l),2006-10-01,4,4,0,1,4,5,9
21301,SICA SICA (VILLA AROMA),desnutricion global,desnutricion leve (l),2006-10-01,47,42,35,36,82,78,160
30703,SICAYA,desnutricion global,desnutricion leve (l),2006-10-01,14,11,11,5,25,16,41
30902,SIPE SIPE,desnutricion global,desnutricion leve (l),2006-10-01,108,80,74,75,182,155,337
10403,SOPACHUY,desnutricion global,desnutricion leve (l),2006-10-01,35,52,65,87,100,139,239
40104,SORACACHI,desnutricion global,desnutricion leve (l),2006-10-01,8,14,11,8,19,22,41
20601,SORATA,desnutricion global,desnutricion leve (l),2006-10-01,24,26,13,18,37,44,81
10101,SUCRE,desnutricion global,desnutricion leve (l),2006-10-01,316,269,365,370,681,639,1320
31404,TACACHI,desnutricion global,desnutricion leve (l),2006-10-01,2,2,0,4,2,6,8
20603,TACACOMA,desnutricion global,desnutricion leve (l),2006-10-01,6,5,5,4,11,9,20
50303,TACOBAMBA,desnutricion global,desnutricion leve (l),2006-10-01,27,19,19,19,46,38,84
30602,TACOPAYA,desnutricion global,desnutricion leve (l),2006-10-01,49,39,43,86,92,125,217
51402,TAHUA,desnutricion global,desnutricion leve (l),2006-10-01,0,0,1,0,1,0,1
31101,TAPACARI,desnutricion global,desnutricion leve (l),2006-10-01,98,94,79,81,177,175,352
10601,TARABUCO,desnutricion global,desnutricion leve (l),2006-10-01,131,109,240,212,371,321,692
20807,TARACO,desnutricion global,desnutricion leve (l),2006-10-01,1,0,6,0,7,0,7
30401,TARATA,desnutricion global,desnutricion leve (l),2006-10-01,9,14,15,9,24,23,47
60101,TARIJA,desnutricion global,desnutricion leve (l),2006-10-01,147,136,131,136,278,272,550
10202,TARVITA,desnutricion global,desnutricion leve (l),2006-10-01,38,47,84,103,122,150,272
20608,TEOPONTE,desnutricion global,desnutricion leve (l),2006-10-01,10,16,12,11,22,27,49
20803,TIAWANACU,desnutricion global,desnutricion leve (l),2006-10-01,9,8,8,4,17,12,29
50102,TINGUIPAYA,desnutricion global,desnutricion leve (l),2006-10-01,119,56,55,55,174,111,285
20606,TIPUANI,desnutricion global,desnutricion leve (l),2006-10-01,7,10,11,15,18,25,43
30903,TIQUIPAYA,desnutricion global,desnutricion leve (l),2006-10-01,41,39,24,31,65,70,135
31601,TIRAQUE (CBBA),desnutricion global,desnutricion leve (l),2006-10-01,64,55,67,40,131,95,226
21703,TITO YUPANQUI (PARQUIPUJIO),desnutricion global,desnutricion leve (l),2006-10-01,2,6,2,4,4,10,14
30802,TOCO,desnutricion global,desnutricion leve (l),2006-10-01,7,2,17,11,24,13,37
30803,TOLATA,desnutricion global,desnutricion leve (l),2006-10-01,2,5,1,2,3,7,10
41001,TOLEDO,desnutricion global,desnutricion leve (l),2006-10-01,13,10,7,7,20,17,37
51202,TOMAVE,desnutricion global,desnutricion leve (l),2006-10-01,7,28,6,28,13,56,69
10402,TOMINA,desnutricion global,desnutricion leve (l),2006-10-01,56,49,68,98,124,147,271
50502,TORO TORO,desnutricion global,desnutricion leve (l),2006-10-01,63,50,58,53,121,103,224
31201,TOTORA(CBBA),desnutricion global,desnutricion leve (l),2006-10-01,29,25,35,14,64,39,103
41301,TOTORA(ORR),desnutricion global,desnutricion leve (l),2006-10-01,6,12,8,7,14,19,33
80101,TRINIDAD,desnutricion global,desnutricion leve (l),2006-10-01,89,77,39,42,128,119,247
50801,TUPIZA,desnutricion global,desnutricion leve (l),2006-10-01,50,57,67,77,117,134,251
40402,TURCO,desnutricion global,desnutricion leve (l),2006-10-01,4,1,6,2,10,3,13
21302,UMALA,desnutricion global,desnutricion leve (l),2006-10-01,7,4,9,7,16,11,27
50201,UNCIA,desnutricion global,desnutricion leve (l),2006-10-01,32,35,66,67,98,102,200
60401,URIONDO (A. CONCEPCION),desnutricion global,desnutricion leve (l),2006-10-01,12,9,24,33,36,42,78
71502,URUBICHA,desnutricion global,desnutricion leve (l),2006-10-01,26,46,46,64,72,110,182
51201,UYUNI,desnutricion global,desnutricion leve (l),2006-10-01,14,12,17,24,31,36,67
30502,VACAS,desnutricion global,desnutricion leve (l),2006-10-01,18,27,14,18,32,45,77
70801,VALLEGRANDE,desnutricion global,desnutricion leve (l),2006-10-01,17,13,21,17,38,30,68
20801,VIACHA,desnutricion global,desnutricion leve (l),2006-10-01,28,41,28,26,56,67,123
31302,VILA VILA,desnutricion global,desnutricion leve (l),2006-10-01,13,8,18,14,31,22,53
60303,VILLA MONTES,desnutricion global,desnutricion leve (l),2006-10-01,10,17,17,18,27,35,62
90502,VILLA NUEVA (LOMA ALTA),desnutricion global,desnutricion leve (l),2006-10-01,3,2,0,3,3,5,8
31402,VILLA RIVERO,desnutricion global,desnutricion leve (l),2006-10-01,10,15,18,9,28,24,52
10801,VILLA SERRANO,desnutricion global,desnutricion leve (l),2006-10-01,56,41,66,93,122,134,256
31003,VILLA TUNARI,desnutricion global,desnutricion leve (l),2006-10-01,107,111,99,123,206,234,440
11001,VILLA VACA GUZMAN (MUYUPAMPA),desnutricion global,desnutricion leve (l),2006-10-01,20,24,37,40,57,64,121
51501,VILLAZON,desnutricion global,desnutricion leve (l),2006-10-01,63,47,50,64,113,111,224
30904,VINTO,desnutricion global,desnutricion leve (l),2006-10-01,23,20,11,9,34,29,63
50602,VITICHI,desnutricion global,desnutricion leve (l),2006-10-01,72,53,92,117,164,170,334
20306,WALDO BALLIVIAN,desnutricion global,desnutricion leve (l),2006-10-01,11,8,15,10,26,18,44
70201,WARNES,desnutricion global,desnutricion leve (l),2006-10-01,60,82,34,33,94,115,209
20903,YACO,desnutricion global,desnutricion leve (l),2006-10-01,31,30,23,26,54,56,110
60301,YACUIBA,desnutricion global,desnutricion leve (l),2006-10-01,69,53,55,58,124,111,235
10602,YAMPARAEZ,desnutricion global,desnutricion leve (l),2006-10-01,49,43,87,98,136,141,277
21103,YANACACHI,desnutricion global,desnutricion leve (l),2006-10-01,4,1,2,3,6,4,10
70403,YAPACANI,desnutricion global,desnutricion leve (l),2006-10-01,59,39,30,29,89,68,157
50103,YOCALLA,desnutricion global,desnutricion leve (l),2006-10-01,12,8,26,30,38,38,76
10102,YOTALA,desnutricion global,desnutricion leve (l),2006-10-01,20,17,30,28,50,45,95
60402,YUNCHARA,desnutricion global,desnutricion leve (l),2006-10-01,35,15,66,61,101,76,177
10301,ZUDAÑEZ,desnutricion global,desnutricion leve (l),2006-10-01,33,26,41,82,74,108,182
51302,ACACIO,desnutricion global,desnutricion leve (l),2006-11-01,35,35,40,43,75,78,153
20201,ACHACACHI,desnutricion global,desnutricion leve (l),2006-11-01,43,57,30,52,73,109,182
20104,ACHOCALLA,desnutricion global,desnutricion leve (l),2006-11-01,7,11,8,6,15,17,32
30201,AIQUILE,desnutricion global,desnutricion leve (l),2006-11-01,31,30,35,31,66,61,127
10404,ALCALA,desnutricion global,desnutricion leve (l),2006-11-01,18,15,29,25,47,40,87
20202,ANCORAIMES,desnutricion global,desnutricion leve (l),2006-11-01,26,20,35,32,61,52,113
41201,ANDAMARCA,desnutricion global,desnutricion leve (l),2006-11-01,10,5,12,18,22,23,45
40603,ANTEQUERA,desnutricion global,desnutricion leve (l),2006-11-01,7,12,9,5,16,17,33
30402,ANZALDO,desnutricion global,desnutricion leve (l),2006-11-01,20,22,23,45,43,67,110
20701,APOLO,desnutricion global,desnutricion leve (l),2006-11-01,23,28,34,38,57,66,123
51301,ARAMPAMPA,desnutricion global,desnutricion leve (l),2006-11-01,29,18,21,22,50,40,90
30501,ARANI,desnutricion global,desnutricion leve (l),2006-11-01,20,32,39,31,59,63,122
30403,ARBIETO,desnutricion global,desnutricion leve (l),2006-11-01,8,8,11,8,19,16,35
30601,ARQUE,desnutricion global,desnutricion leve (l),2006-11-01,44,46,55,75,99,121,220
71501,ASCENCION DE GUARAYOS,desnutricion global,desnutricion leve (l),2006-11-01,11,10,20,29,31,39,70
50802,ATOCHA,desnutricion global,desnutricion leve (l),2006-11-01,49,42,45,40,94,82,176
20503,AUCAPATA,desnutricion global,desnutricion leve (l),2006-11-01,10,10,26,13,36,23,59
20502,AYATA,desnutricion global,desnutricion leve (l),2006-11-01,14,33,13,10,27,43,70
21303,AYO AYO,desnutricion global,desnutricion leve (l),2006-11-01,17,22,8,9,25,31,56
30301,AYOPAYA (V. DE INDEPENDENCIA),desnutricion global,desnutricion leve (l),2006-11-01,56,58,72,57,128,115,243
10201,AZURDUY,desnutricion global,desnutricion leve (l),2006-11-01,39,51,103,88,142,139,281
21203,BATALLAS,desnutricion global,desnutricion leve (l),2006-11-01,16,15,11,9,27,24,51
80802,BAURES,desnutricion global,desnutricion leve (l),2006-11-01,9,11,7,8,16,19,35
41202,BELEN DE ANDAMARCA,desnutricion global,desnutricion leve (l),2006-11-01,4,0,2,1,6,1,7
50104,BELEN DE URMIRI,desnutricion global,desnutricion leve (l),2006-11-01,4,4,4,3,8,7,15
90104,BELLA FLOR,desnutricion global,desnutricion leve (l),2006-11-01,9,9,10,14,19,23,42
60202,BERMEJO,desnutricion global,desnutricion leve (l),2006-11-01,6,8,6,8,12,16,28
50301,BETANZOS,desnutricion global,desnutricion leve (l),2006-11-01,117,123,135,159,252,282,534
31501,BOLIVAR,desnutricion global,desnutricion leve (l),2006-11-01,46,50,49,55,95,105,200
90103,BOLPEBRA,desnutricion global,desnutricion leve (l),2006-11-01,7,2,2,3,9,5,14
70707,BOYUIBE,desnutricion global,desnutricion leve (l),2006-11-01,9,5,10,6,19,11,30
70401,BUENA VISTA,desnutricion global,desnutricion leve (l),2006-11-01,3,7,3,4,6,11,17
70703,CABEZAS,desnutricion global,desnutricion leve (l),2006-11-01,18,14,23,23,41,37,78
20905,CAIROMA,desnutricion global,desnutricion leve (l),2006-11-01,30,28,29,38,59,66,125
51102,"CAIZA ""D""",desnutricion global,desnutricion leve (l),2006-11-01,37,30,39,45,76,75,151
21003,CAJUATA,desnutricion global,desnutricion leve (l),2006-11-01,23,18,11,11,34,29,63
20303,CALACOTO,desnutricion global,desnutricion leve (l),2006-11-01,12,14,13,13,25,27,52
21304,CALAMARCA,desnutricion global,desnutricion leve (l),2006-11-01,54,58,56,67,110,125,235
10701,CAMARGO,desnutricion global,desnutricion leve (l),2006-11-01,71,72,101,113,172,185,357
10901,CAMATAQUI (C. VILLA ABECIA),desnutricion global,desnutricion leve (l),2006-11-01,12,8,22,24,34,32,66
70706,CAMIRI,desnutricion global,desnutricion leve (l),2006-11-01,48,60,49,56,97,116,213
30701,CAPINOTA,desnutricion global,desnutricion leve (l),2006-11-01,26,34,45,47,71,81,152
20302,CAQUIAVIRI,desnutricion global,desnutricion leve (l),2006-11-01,9,13,8,5,17,18,35
40102,CARACOLLO,desnutricion global,desnutricion leve (l),2006-11-01,12,8,8,13,20,21,41
22001,CARANAVI,desnutricion global,desnutricion leve (l),2006-11-01,108,92,59,83,167,175,342
41503,CARANGAS,desnutricion global,desnutricion leve (l),2006-11-01,0,2,1,0,1,2,3
60302,CARAPARI,desnutricion global,desnutricion leve (l),2006-11-01,8,7,15,19,23,26,49
50702,CARIPUYO,desnutricion global,desnutricion leve (l),2006-11-01,39,28,48,59,87,87,174
71403,CARMEN RIVERO TORREZ,desnutricion global,desnutricion leve (l),2006-11-01,0,3,1,1,1,4,5
21902,CATACORA,desnutricion global,desnutricion leve (l),2006-11-01,0,0,2,1,2,1,3
21803,CHACARILLA,desnutricion global,desnutricion leve (l),2006-11-01,4,2,4,2,8,4,12
40201,CHALLAPATA,desnutricion global,desnutricion leve (l),2006-11-01,65,57,52,59,117,116,233
50302,CHAQUI,desnutricion global,desnutricion leve (l),2006-11-01,23,16,32,35,55,51,106
70702,CHARAGUA,desnutricion global,desnutricion leve (l),2006-11-01,41,48,45,61,86,109,195
20305,CHARAÑA,desnutricion global,desnutricion leve (l),2006-11-01,6,6,3,6,9,12,21
50202,CHAYANTA,desnutricion global,desnutricion leve (l),2006-11-01,44,35,75,64,119,99,218
31204,CHIMORE,desnutricion global,desnutricion leve (l),2006-11-01,37,39,27,39,64,78,142
40903,CHIPAYA,desnutricion global,desnutricion leve (l),2006-11-01,4,6,3,6,7,12,19
40302,CHOQUE COTA,desnutricion global,desnutricion leve (l),2006-11-01,3,3,2,5,5,8,13
21101,CHULUMANI (V. DE LA LIBERTAD),desnutricion global,desnutricion leve (l),2006-11-01,13,25,3,14,16,39,55
20501,CHUMA,desnutricion global,desnutricion leve (l),2006-11-01,29,30,37,59,66,89,155
30801,CLIZA,desnutricion global,desnutricion leve (l),2006-11-01,28,24,10,23,38,47,85
90101,COBIJA,desnutricion global,desnutricion leve (l),2006-11-01,47,36,33,31,80,67,147
30101,COCHABAMBA,desnutricion global,desnutricion leve (l),2006-11-01,415,422,292,288,707,710,1417
40902,COIPASA,desnutricion global,desnutricion leve (l),2006-11-01,1,0,0,2,1,2,3
30905,COLCAPIRHUA,desnutricion global,desnutricion leve (l),2006-11-01,78,55,45,40,123,95,218
50901,"COLCHA ""K""",desnutricion global,desnutricion leve (l),2006-11-01,20,19,21,31,41,50,91
21307,COLLANA,desnutricion global,desnutricion leve (l),2006-11-01,6,2,7,5,13,7,20
31002,COLOMI,desnutricion global,desnutricion leve (l),2006-11-01,51,42,35,42,86,84,170
70603,COLPA BELGICA,desnutricion global,desnutricion leve (l),2006-11-01,7,5,8,5,15,10,25
50401,COLQUECHACA,desnutricion global,desnutricion leve (l),2006-11-01,80,50,59,62,139,112,251
21306,COLQUENCHA,desnutricion global,desnutricion leve (l),2006-11-01,24,14,18,16,42,30,72
21004,COLQUIRI,desnutricion global,desnutricion leve (l),2006-11-01,31,41,46,50,77,91,168
20304,COMANCHE,desnutricion global,desnutricion leve (l),2006-11-01,2,2,5,5,7,7,14
71301,COMARAPA,desnutricion global,desnutricion leve (l),2006-11-01,23,28,21,19,44,47,91
20605,COMBAYA,desnutricion global,desnutricion leve (l),2006-11-01,4,8,9,9,13,17,30
71101,CONCEPCION,desnutricion global,desnutricion leve (l),2006-11-01,16,19,8,5,24,24,48
21701,COPACABANA,desnutricion global,desnutricion leve (l),2006-11-01,20,28,32,19,52,47,99
21402,CORIPATA,desnutricion global,desnutricion leve (l),2006-11-01,8,8,9,6,17,14,31
20301,CORO CORO,desnutricion global,desnutricion leve (l),2006-11-01,24,10,37,40,61,50,111
21401,COROICO,desnutricion global,desnutricion leve (l),2006-11-01,34,27,39,48,73,75,148
40301,CORQUE,desnutricion global,desnutricion leve (l),2006-11-01,15,10,14,9,29,19,48
50601,COTAGAITA,desnutricion global,desnutricion leve (l),2006-11-01,66,64,92,90,158,154,312
70102,COTOCA,desnutricion global,desnutricion leve (l),2006-11-01,53,45,33,35,86,80,166
71106,CUATRO CAÑADAS,desnutricion global,desnutricion leve (l),2006-11-01,8,17,14,13,22,30,52
31405,CUCHUMUELA (V. G. VILLARROEL),desnutricion global,desnutricion leve (l),2006-11-01,1,4,9,7,10,11,21
70704,CUEVO,desnutricion global,desnutricion leve (l),2006-11-01,6,9,7,13,13,22,35
10902,CULPINA,desnutricion global,desnutricion leve (l),2006-11-01,130,86,140,137,270,223,493
40401,CURAHUARA DE CARANGAS,desnutricion global,desnutricion leve (l),2006-11-01,11,21,17,15,28,36,64
21602,CURVA,desnutricion global,desnutricion leve (l),2006-11-01,9,5,8,4,17,9,26
20804,DESAGUADERO,desnutricion global,desnutricion leve (l),2006-11-01,9,4,7,4,16,8,24
20105,EL ALTO,desnutricion global,desnutricion leve (l),2006-11-01,1079,905,762,784,1841,1689,3530
40103,EL CHORO,desnutricion global,desnutricion leve (l),2006-11-01,5,7,1,4,6,11,17
71503,EL PUENTE(STC),desnutricion global,desnutricion leve (l),2006-11-01,18,17,5,8,23,25,48
60502,EL PUENTE(TJA),desnutricion global,desnutricion leve (l),2006-11-01,12,17,21,37,33,54,87
70105,EL TORNO,desnutricion global,desnutricion leve (l),2006-11-01,25,38,31,36,56,74,130
10405,EL VILLAR,desnutricion global,desnutricion leve (l),2006-11-01,9,16,28,36,37,52,89
60601,ENTRE RIOS,desnutricion global,desnutricion leve (l),2006-11-01,64,36,58,74,122,110,232
60601,ENTRE RIOS,desnutricion global,desnutricion leve (l),2006-11-01,29,30,36,51,65,81,146
40502,ESCARA,desnutricion global,desnutricion leve (l),2006-11-01,0,0,0,1,0,1,1
40505,ESMERALDA,desnutricion global,desnutricion leve (l),2006-11-01,0,0,2,2,2,2,4
41101,EUCALIPTUS,desnutricion global,desnutricion leve (l),2006-11-01,6,13,18,20,24,33,57
80402,EXALTACION,desnutricion global,desnutricion leve (l),2006-11-01,2,3,8,3,10,6,16
71004,FERNANDEZ ALONSO,desnutricion global,desnutricion leve (l),2006-11-01,14,23,17,21,31,44,75
90203,FILADELFIA,desnutricion global,desnutricion leve (l),2006-11-01,6,11,10,6,16,17,33
71002,GENERAL SAAVEDRA,desnutricion global,desnutricion leve (l),2006-11-01,26,26,24,27,50,53,103
21601,GRAL. J.J. PEREZ (CHARAZANI),desnutricion global,desnutricion leve (l),2006-11-01,50,29,23,43,73,72,145
20602,GUANAY,desnutricion global,desnutricion leve (l),2006-11-01,31,36,30,50,61,86,147
20802,GUAQUI,desnutricion global,desnutricion leve (l),2006-11-01,15,5,5,4,20,9,29
80202,GUAYARAMERIN,desnutricion global,desnutricion leve (l),2006-11-01,91,75,52,62,143,137,280
70705,GUTIERREZ,desnutricion global,desnutricion leve (l),2006-11-01,26,24,51,54,77,78,155
10502,HUACARETA,desnutricion global,desnutricion leve (l),2006-11-01,26,42,27,23,53,65,118
11002,HUACAYA (VILLA DE HUACAYA),desnutricion global,desnutricion leve (l),2006-11-01,13,10,21,12,34,22,56
40501,HUACHACALLA,desnutricion global,desnutricion leve (l),2006-11-01,2,2,2,2,4,4,8
40701,HUANUNI,desnutricion global,desnutricion leve (l),2006-11-01,42,31,40,20,82,51,133
80803,HUARACAJE,desnutricion global,desnutricion leve (l),2006-11-01,1,5,4,3,5,8,13
41601,HUAYLLAMARCA,desnutricion global,desnutricion leve (l),2006-11-01,4,7,2,5,6,12,18
21005,ICHOCA,desnutricion global,desnutricion leve (l),2006-11-01,22,24,31,40,53,64,117
10304,ICLA,desnutricion global,desnutricion leve (l),2006-11-01,52,45,112,110,164,155,319
10703,INCAHUASI,desnutricion global,desnutricion leve (l),2006-11-01,105,105,117,132,222,237,459
90402,INGAVI (HUMAITA),desnutricion global,desnutricion leve (l),2006-11-01,0,0,2,1,2,1,3
21001,INQUISIVI,desnutricion global,desnutricion leve (l),2006-11-01,42,40,38,42,80,82,162
21102,IRUPANA (VILLA DE LANZA),desnutricion global,desnutricion leve (l),2006-11-01,26,26,35,26,61,52,113
21501,IXIAMAS,desnutricion global,desnutricion leve (l),2006-11-01,22,15,21,21,43,36,79
20806,JESUS DE MACHACA,desnutricion global,desnutricion leve (l),2006-11-01,17,10,11,24,28,34,62
21105,LA ASUNTA,desnutricion global,desnutricion leve (l),2006-11-01,35,39,10,12,45,51,96
70104,LA GUARDIA,desnutricion global,desnutricion leve (l),2006-11-01,58,55,35,47,93,102,195
20101,LA PAZ,desnutricion global,desnutricion leve (l),2006-11-01,754,719,524,511,1278,1230,2508
70701,LAGUNILLAS,desnutricion global,desnutricion leve (l),2006-11-01,23,19,34,40,57,59,116
21202,LAJA,desnutricion global,desnutricion leve (l),2006-11-01,21,11,9,12,30,23,53
10903,LAS CARRERAS,desnutricion global,desnutricion leve (l),2006-11-01,7,5,20,23,27,28,55
21006,LICOMA PAMPA,desnutricion global,desnutricion leve (l),2006-11-01,5,6,10,4,15,10,25
50203,LLALLAGUA,desnutricion global,desnutricion leve (l),2006-11-01,71,71,99,105,170,176,346
51401,LLICA,desnutricion global,desnutricion leve (l),2006-11-01,7,6,7,9,14,15,29
80601,LORETO,desnutricion global,desnutricion leve (l),2006-11-01,9,4,5,5,14,9,23
20901,LURIBAY,desnutricion global,desnutricion leve (l),2006-11-01,20,16,24,33,44,49,93
40702,MACHACAMARCA,desnutricion global,desnutricion leve (l),2006-11-01,7,5,11,8,18,13,31
11003,MACHARETI,desnutricion global,desnutricion leve (l),2006-11-01,21,11,23,35,44,46,90
80801,MAGDALENA,desnutricion global,desnutricion leve (l),2006-11-01,9,11,3,13,12,24,36
70903,MAIRANA,desnutricion global,desnutricion leve (l),2006-11-01,7,7,4,7,11,14,25
20904,MALLA,desnutricion global,desnutricion leve (l),2006-11-01,18,6,36,24,54,30,84
20607,MAPIRI,desnutricion global,desnutricion leve (l),2006-11-01,14,21,9,18,23,39,62
20103,MECAPACA,desnutricion global,desnutricion leve (l),2006-11-01,13,10,8,8,21,18,39
71003,MINEROS,desnutricion global,desnutricion leve (l),2006-11-01,30,41,19,17,49,58,107
31301,MIZQUE,desnutricion global,desnutricion leve (l),2006-11-01,54,64,58,54,112,118,230
20402,MOCOMOCO,desnutricion global,desnutricion leve (l),2006-11-01,38,20,44,32,82,52,134
51002,MOJINETE,desnutricion global,desnutricion leve (l),2006-11-01,3,4,3,9,6,13,19
10303,MOJOCOYA,desnutricion global,desnutricion leve (l),2006-11-01,23,26,46,41,69,67,136
10501,MONTEAGUDO,desnutricion global,desnutricion leve (l),2006-11-01,66,79,124,148,190,227,417
71001,MONTERO,desnutricion global,desnutricion leve (l),2006-11-01,227,161,162,168,389,329,718
70803,MORO MORO,desnutricion global,desnutricion leve (l),2006-11-01,7,7,9,3,16,10,26
30302,MOROCHATA,desnutricion global,desnutricion leve (l),2006-11-01,60,54,58,61,118,115,233
90401,NACEBE (SANTA ROSA DEL ABUNA),desnutricion global,desnutricion leve (l),2006-11-01,0,4,0,5,0,9,9
50404,OCURI,desnutricion global,desnutricion leve (l),2006-11-01,79,99,90,111,169,210,379
70202,OKINAWA,desnutricion global,desnutricion leve (l),2006-11-01,13,22,6,13,19,35,54
30203,OMEREQUE,desnutricion global,desnutricion leve (l),2006-11-01,5,2,15,13,20,15,35
40101,ORURO,desnutricion global,desnutricion leve (l),2006-11-01,425,382,280,272,705,654,1359
60201,PADCAYA,desnutricion global,desnutricion leve (l),2006-11-01,19,22,26,35,45,57,102
10401,PADILLA,desnutricion global,desnutricion leve (l),2006-11-01,35,28,65,74,100,102,202
70502,PAILON,desnutricion global,desnutricion leve (l),2006-11-01,2,58,37,3,39,61,100
20102,PALCA,desnutricion global,desnutricion leve (l),2006-11-01,51,56,28,23,79,79,158
21104,PALOS BLANCOS,desnutricion global,desnutricion leve (l),2006-11-01,31,30,25,47,56,77,133
40802,PAMPA AULLAGAS,desnutricion global,desnutricion leve (l),2006-11-01,12,10,8,7,20,17,37
70902,PAMPA GRANDE,desnutricion global,desnutricion leve (l),2006-11-01,3,7,5,7,8,14,22
21802,PAPEL PAMPA,desnutricion global,desnutricion leve (l),2006-11-01,6,6,2,10,8,16,24
30202,PASORAPA,desnutricion global,desnutricion leve (l),2006-11-01,10,3,8,5,18,8,26
21305,PATACAMAYA,desnutricion global,desnutricion leve (l),2006-11-01,50,42,33,38,83,80,163
40602,PAZÑA,desnutricion global,desnutricion leve (l),2006-11-01,14,4,8,15,22,19,41
20702,PELECHUCO,desnutricion global,desnutricion leve (l),2006-11-01,21,16,13,10,34,26,60
50403,POCOATA,desnutricion global,desnutricion leve (l),2006-11-01,75,75,88,102,163,177,340
31203,POCONA,desnutricion global,desnutricion leve (l),2006-11-01,26,12,32,38,58,50,108
31202,POJO (CBBA),desnutricion global,desnutricion leve (l),2006-11-01,35,33,50,48,85,81,166
40601,POOPO,desnutricion global,desnutricion leve (l),2006-11-01,15,7,4,7,19,14,33
51203,PORCO,desnutricion global,desnutricion leve (l),2006-11-01,18,17,10,7,28,24,52
10103,POROMA,desnutricion global,desnutricion leve (l),2006-11-01,88,122,140,141,228,263,491
70103,PORONGO,desnutricion global,desnutricion leve (l),2006-11-01,6,4,6,5,12,9,21
70601,PORTACHUELO,desnutricion global,desnutricion leve (l),2006-11-01,56,38,29,28,85,66,151
90102,PORVENIR,desnutricion global,desnutricion leve (l),2006-11-01,6,5,4,7,10,12,22
70804,POSTRER VALLE,desnutricion global,desnutricion leve (l),2006-11-01,2,8,5,3,7,11,18
50101,POTOSI,desnutricion global,desnutricion leve (l),2006-11-01,362,354,226,208,588,562,1150
10302,PRESTO,desnutricion global,desnutricion leve (l),2006-11-01,35,29,56,45,91,74,165
70805,PUCARA,desnutricion global,desnutricion leve (l),2006-11-01,2,2,2,1,4,3,7
21201,PUCARANI,desnutricion global,desnutricion leve (l),2006-11-01,44,57,29,51,73,108,181
20401,PUERTO ACOSTA,desnutricion global,desnutricion leve (l),2006-11-01,49,58,49,73,98,131,229
20403,PUERTO CARABUCO,desnutricion global,desnutricion leve (l),2006-11-01,39,34,31,40,70,74,144
90301,PUERTO GONZALO MORENO,desnutricion global,desnutricion leve (l),2006-11-01,21,16,11,14,32,30,62
21204,PUERTO PEREZ,desnutricion global,desnutricion leve (l),2006-11-01,6,9,12,5,18,14,32
71402,PUERTO QUIJARRO,desnutricion global,desnutricion leve (l),2006-11-01,23,12,4,6,27,18,45
90201,PUERTO RICO,desnutricion global,desnutricion leve (l),2006-11-01,1,1,0,1,1,2,3
80703,PUERTO SILES,desnutricion global,desnutricion leve (l),2006-11-01,12,15,10,8,22,23,45
71401,PUERTO SUAREZ,desnutricion global,desnutricion leve (l),2006-11-01,16,17,5,8,21,25,46
31205,PUERTO VILLARROEL,desnutricion global,desnutricion leve (l),2006-11-01,74,67,90,85,164,152,316
51101,PUNA,desnutricion global,desnutricion leve (l),2006-11-01,106,110,122,106,228,216,444
31401,PUNATA,desnutricion global,desnutricion leve (l),2006-11-01,42,49,33,34,75,83,158
20604,QUIABAYA,desnutricion global,desnutricion leve (l),2006-11-01,3,3,1,4,4,7,11
30901,QUILLACOLLO,desnutricion global,desnutricion leve (l),2006-11-01,110,108,71,83,181,191,372
21002,QUIME,desnutricion global,desnutricion leve (l),2006-11-01,21,18,20,21,41,39,80
70904,QUIRUSILLAS,desnutricion global,desnutricion leve (l),2006-11-01,1,1,1,4,2,5,7
50402,RAVELO,desnutricion global,desnutricion leve (l),2006-11-01,120,119,161,168,281,287,568
80301,REYES,desnutricion global,desnutricion leve (l),2006-11-01,16,12,23,18,39,30,69
80201,RIBERALTA,desnutricion global,desnutricion leve (l),2006-11-01,249,388,125,173,374,561,935
70503,ROBORE,desnutricion global,desnutricion leve (l),2006-11-01,23,18,10,9,33,27,60
80304,RURRENABAQUE,desnutricion global,desnutricion leve (l),2006-11-01,12,18,7,5,19,23,42
40901,SABAYA,desnutricion global,desnutricion leve (l),2006-11-01,6,9,4,8,10,17,27
31001,SACABA,desnutricion global,desnutricion leve (l),2006-11-01,155,122,113,106,268,228,496
30404,SACABAMBA,desnutricion global,desnutricion leve (l),2006-11-01,6,11,5,9,11,20,31
50701,SACACA,desnutricion global,desnutricion leve (l),2006-11-01,171,151,274,217,445,368,813
71302,SAIPINA,desnutricion global,desnutricion leve (l),2006-11-01,8,5,20,11,28,16,44
40801,SALINAS DE GARCI MENDOZA,desnutricion global,desnutricion leve (l),2006-11-01,14,17,19,24,33,41,74
70901,SAMAIPATA,desnutricion global,desnutricion leve (l),2006-11-01,10,8,6,9,16,17,33
51601,SAN AGUSTIN,desnutricion global,desnutricion leve (l),2006-11-01,7,2,5,6,12,8,20
80602,SAN ANDRES,desnutricion global,desnutricion leve (l),2006-11-01,20,25,17,33,37,58,95
20805,SAN ANDRES DE MACHACA,desnutricion global,desnutricion leve (l),2006-11-01,10,9,3,7,13,16,29
51003,SAN ANTONIO DE ESMORUCO,desnutricion global,desnutricion leve (l),2006-11-01,4,3,4,6,8,9,17
71105,SAN ANTONIO DE LOMERIO,desnutricion global,desnutricion leve (l),2006-11-01,49,31,48,45,97,76,173
31403,SAN BENITO,desnutricion global,desnutricion leve (l),2006-11-01,21,17,16,28,37,45,82
80302,SAN BORJA,desnutricion global,desnutricion leve (l),2006-11-01,87,97,96,85,183,182,365
21502,SAN BUENA VENTURA,desnutricion global,desnutricion leve (l),2006-11-01,30,19,14,14,44,33,77
70402,SAN CARLOS,desnutricion global,desnutricion leve (l),2006-11-01,44,35,22,24,66,59,125
80501,SAN IGNACIO,desnutricion global,desnutricion leve (l),2006-11-01,63,44,70,60,133,104,237
70301,SAN IGNACIO DE VELASCO,desnutricion global,desnutricion leve (l),2006-11-01,143,145,128,148,271,293,564
80102,SAN JAVIER(BNI),desnutricion global,desnutricion leve (l),2006-11-01,6,3,6,10,12,13,25
80701,SAN JOAQUIN,desnutricion global,desnutricion leve (l),2006-11-01,3,0,5,13,8,13,21
70501,SAN JOSE DE CHIQUITOS,desnutricion global,desnutricion leve (l),2006-11-01,23,27,14,14,37,41,78
70404,SAN JUAN DE YAPACANI,desnutricion global,desnutricion leve (l),2006-11-01,20,6,9,13,29,19,48
71104,SAN JULIAN,desnutricion global,desnutricion leve (l),2006-11-01,23,27,58,55,81,82,163
90302,SAN LORENZO(PND),desnutricion global,desnutricion leve (l),2006-11-01,8,6,9,17,17,23,40
60501,SAN LORENZO(TJA),desnutricion global,desnutricion leve (l),2006-11-01,28,30,52,63,80,93,173
10702,SAN LUCAS,desnutricion global,desnutricion leve (l),2006-11-01,240,221,247,283,487,504,991
71201,SAN MATIAS,desnutricion global,desnutricion leve (l),2006-11-01,22,13,20,19,42,32,74
70302,SAN MIGUEL DE VELASCO,desnutricion global,desnutricion leve (l),2006-11-01,22,17,11,17,33,34,67
51001,SAN PABLO DE LIPEZ,desnutricion global,desnutricion leve (l),2006-11-01,10,5,8,6,18,11,29
71005,SAN PEDRO,desnutricion global,desnutricion leve (l),2006-11-01,15,24,14,13,29,37,66
50501,SAN PEDRO DE BUENA VISTA,desnutricion global,desnutricion leve (l),2006-11-01,122,106,139,135,261,241,502
21801,SAN PEDRO DE CURAHUARA,desnutricion global,desnutricion leve (l),2006-11-01,7,6,4,5,11,11,22
50902,SAN PEDRO DE QUEMES,desnutricion global,desnutricion leve (l),2006-11-01,0,2,0,2,0,4,4
21702,SAN PEDRO DE TIQUINA,desnutricion global,desnutricion leve (l),2006-11-01,2,2,3,9,5,11,16
90202,SAN PEDRO(PND),desnutricion global,desnutricion leve (l),2006-11-01,0,1,2,2,2,3,5
70303,SAN RAFAEL,desnutricion global,desnutricion leve (l),2006-11-01,19,25,7,7,26,32,58
80702,SAN RAMON,desnutricion global,desnutricion leve (l),2006-11-01,11,14,7,10,18,24,42
80401,SANTA ANA,desnutricion global,desnutricion leve (l),2006-11-01,26,14,11,12,37,26,63
70101,SANTA CRUZ DE LA SIERRA,desnutricion global,desnutricion leve (l),2006-11-01,590,609,339,413,929,1022,1951
80303,SANTA ROSA,desnutricion global,desnutricion leve (l),2006-11-01,7,8,1,7,8,15,23
70602,SANTA ROSA DEL SARA,desnutricion global,desnutricion leve (l),2006-11-01,20,22,28,38,48,60,108
20308,SANTIAGO DE CALLAPA,desnutricion global,desnutricion leve (l),2006-11-01,6,12,4,9,10,21,31
41401,SANTIAGO DE HUARI,desnutricion global,desnutricion leve (l),2006-11-01,17,18,25,24,42,42,84
21901,SANTIAGO DE MACHACA,desnutricion global,desnutricion leve (l),2006-11-01,5,4,7,8,12,12,24
30702,SANTIVAÑES,desnutricion global,desnutricion leve (l),2006-11-01,12,5,4,11,16,16,32
40202,SANTUARIO DE QUILLACAS,desnutricion global,desnutricion leve (l),2006-11-01,3,6,7,4,10,10,20
20902,SAPAHAQUI,desnutricion global,desnutricion leve (l),2006-11-01,42,40,35,34,77,74,151
90303,SENA,desnutricion global,desnutricion leve (l),2006-11-01,14,9,16,9,30,18,48
21301,SICA SICA (VILLA AROMA),desnutricion global,desnutricion leve (l),2006-11-01,52,33,38,36,90,69,159
30703,SICAYA,desnutricion global,desnutricion leve (l),2006-11-01,12,15,18,15,30,30,60
30902,SIPE SIPE,desnutricion global,desnutricion leve (l),2006-11-01,104,79,92,65,196,144,340
10403,SOPACHUY,desnutricion global,desnutricion leve (l),2006-11-01,29,38,55,80,84,118,202
40104,SORACACHI,desnutricion global,desnutricion leve (l),2006-11-01,29,34,31,27,60,61,121
20601,SORATA,desnutricion global,desnutricion leve (l),2006-11-01,17,18,15,19,32,37,69
10101,SUCRE,desnutricion global,desnutricion leve (l),2006-11-01,351,329,349,384,700,713,1413
31404,TACACHI,desnutricion global,desnutricion leve (l),2006-11-01,1,0,0,3,1,3,4
20603,TACACOMA,desnutricion global,desnutricion leve (l),2006-11-01,6,8,3,1,9,9,18
50303,TACOBAMBA,desnutricion global,desnutricion leve (l),2006-11-01,25,36,23,18,48,54,102
30602,TACOPAYA,desnutricion global,desnutricion leve (l),2006-11-01,26,24,29,32,55,56,111
51402,TAHUA,desnutricion global,desnutricion leve (l),2006-11-01,2,0,3,2,5,2,7
31101,TAPACARI,desnutricion global,desnutricion leve (l),2006-11-01,132,131,110,110,242,241,483
10601,TARABUCO,desnutricion global,desnutricion leve (l),2006-11-01,87,113,181,166,268,279,547
20807,TARACO,desnutricion global,desnutricion leve (l),2006-11-01,3,6,3,2,6,8,14
30401,TARATA,desnutricion global,desnutricion leve (l),2006-11-01,24,21,5,6,29,27,56
60101,TARIJA,desnutricion global,desnutricion leve (l),2006-11-01,184,170,170,154,354,324,678
10202,TARVITA,desnutricion global,desnutricion leve (l),2006-11-01,64,46,93,128,157,174,331
20608,TEOPONTE,desnutricion global,desnutricion leve (l),2006-11-01,11,24,17,15,28,39,67
20803,TIAWANACU,desnutricion global,desnutricion leve (l),2006-11-01,6,9,5,10,11,19,30
50102,TINGUIPAYA,desnutricion global,desnutricion leve (l),2006-11-01,59,72,93,106,152,178,330
20606,TIPUANI,desnutricion global,desnutricion leve (l),2006-11-01,7,7,7,11,14,18,32
30903,TIQUIPAYA,desnutricion global,desnutricion leve (l),2006-11-01,38,44,14,30,52,74,126
31601,TIRAQUE (CBBA),desnutricion global,desnutricion leve (l),2006-11-01,64,79,77,93,141,172,313
21703,TITO YUPANQUI (PARQUIPUJIO),desnutricion global,desnutricion leve (l),2006-11-01,1,3,1,1,2,4,6
30802,TOCO,desnutricion global,desnutricion leve (l),2006-11-01,1,0,1,1,2,1,3
30803,TOLATA,desnutricion global,desnutricion leve (l),2006-11-01,0,1,0,0,0,1,1
41001,TOLEDO,desnutricion global,desnutricion leve (l),2006-11-01,6,7,14,18,20,25,45
51202,TOMAVE,desnutricion global,desnutricion leve (l),2006-11-01,20,31,7,55,27,86,113
10402,TOMINA,desnutricion global,desnutricion leve (l),2006-11-01,43,34,52,90,95,124,219
50502,TORO TORO,desnutricion global,desnutricion leve (l),2006-11-01,68,63,56,71,124,134,258
31201,TOTORA(CBBA),desnutricion global,desnutricion leve (l),2006-11-01,24,21,30,33,54,54,108
41301,TOTORA(ORR),desnutricion global,desnutricion leve (l),2006-11-01,10,3,5,6,15,9,24
70802,TRIGAL,desnutricion global,desnutricion leve (l),2006-11-01,0,0,1,3,1,3,4
80101,TRINIDAD,desnutricion global,desnutricion leve (l),2006-11-01,96,58,64,83,160,141,301
50801,TUPIZA,desnutricion global,desnutricion leve (l),2006-11-01,68,67,96,111,164,178,342
40402,TURCO,desnutricion global,desnutricion leve (l),2006-11-01,6,9,12,9,18,18,36
21302,UMALA,desnutricion global,desnutricion leve (l),2006-11-01,13,8,6,7,19,15,34
50201,UNCIA,desnutricion global,desnutricion leve (l),2006-11-01,58,42,45,54,103,96,199
60401,URIONDO (A. CONCEPCION),desnutricion global,desnutricion leve (l),2006-11-01,29,25,50,54,79,79,158
71502,URUBICHA,desnutricion global,desnutricion leve (l),2006-11-01,2,0,7,3,9,3,12
51201,UYUNI,desnutricion global,desnutricion leve (l),2006-11-01,49,52,54,61,103,113,216
30502,VACAS,desnutricion global,desnutricion leve (l),2006-11-01,21,15,15,22,36,37,73
70801,VALLEGRANDE,desnutricion global,desnutricion leve (l),2006-11-01,22,27,11,15,33,42,75
20801,VIACHA,desnutricion global,desnutricion leve (l),2006-11-01,36,35,31,27,67,62,129
31302,VILA VILA,desnutricion global,desnutricion leve (l),2006-11-01,7,7,11,8,18,15,33
60303,VILLA MONTES,desnutricion global,desnutricion leve (l),2006-11-01,13,16,19,29,32,45,77
90502,VILLA NUEVA (LOMA ALTA),desnutricion global,desnutricion leve (l),2006-11-01,0,1,0,0,0,1,1
31402,VILLA RIVERO,desnutricion global,desnutricion leve (l),2006-11-01,11,22,19,22,30,44,74
10801,VILLA SERRANO,desnutricion global,desnutricion leve (l),2006-11-01,47,46,86,92,133,138,271
31003,VILLA TUNARI,desnutricion global,desnutricion leve (l),2006-11-01,114,133,96,87,210,220,430
11001,VILLA VACA GUZMAN (MUYUPAMPA),desnutricion global,desnutricion leve (l),2006-11-01,30,29,41,51,71,80,151
51501,VILLAZON,desnutricion global,desnutricion leve (l),2006-11-01,81,70,65,84,146,154,300
30904,VINTO,desnutricion global,desnutricion leve (l),2006-11-01,12,28,7,14,19,42,61
50602,VITICHI,desnutricion global,desnutricion leve (l),2006-11-01,50,48,82,53,132,101,233
20306,WALDO BALLIVIAN,desnutricion global,desnutricion leve (l),2006-11-01,6,10,3,7,9,17,26
70201,WARNES,desnutricion global,desnutricion leve (l),2006-11-01,63,66,50,45,113,111,224
20903,YACO,desnutricion global,desnutricion leve (l),2006-11-01,23,30,24,40,47,70,117
60301,YACUIBA,desnutricion global,desnutricion leve (l),2006-11-01,56,56,47,73,103,129,232
10602,YAMPARAEZ,desnutricion global,desnutricion leve (l),2006-11-01,53,42,99,102,152,144,296
21103,YANACACHI,desnutricion global,desnutricion leve (l),2006-11-01,5,3,5,3,10,6,16
70403,YAPACANI,desnutricion global,desnutricion leve (l),2006-11-01,69,45,20,22,89,67,156
50103,YOCALLA,desnutricion global,desnutricion leve (l),2006-11-01,7,6,14,17,21,23,44
10102,YOTALA,desnutricion global,desnutricion leve (l),2006-11-01,31,26,46,54,77,80,157
60402,YUNCHARA,desnutricion global,desnutricion leve (l),2006-11-01,17,14,30,36,47,50,97
10301,ZUDAÑEZ,desnutricion global,desnutricion leve (l),2006-11-01,35,35,52,73,87,108,195
51302,ACACIO,desnutricion global,desnutricion leve (l),2006-12-01,39,30,42,45,81,75,156
20201,ACHACACHI,desnutricion global,desnutricion leve (l),2006-12-01,31,24,20,30,51,54,105
20104,ACHOCALLA,desnutricion global,desnutricion leve (l),2006-12-01,6,3,4,3,10,6,16
30201,AIQUILE,desnutricion global,desnutricion leve (l),2006-12-01,17,15,13,9,30,24,54
31303,ALALAY,desnutricion global,desnutricion leve (l),2006-12-01,1,0,0,1,1,1,2
10404,ALCALA,desnutricion global,desnutricion leve (l),2006-12-01,15,13,22,24,37,37,74
20202,ANCORAIMES,desnutricion global,desnutricion leve (l),2006-12-01,13,8,12,20,25,28,53
41201,ANDAMARCA,desnutricion global,desnutricion leve (l),2006-12-01,6,5,12,13,18,18,36
40603,ANTEQUERA,desnutricion global,desnutricion leve (l),2006-12-01,9,5,8,8,17,13,30
30402,ANZALDO,desnutricion global,desnutricion leve (l),2006-12-01,3,4,11,21,14,25,39
20701,APOLO,desnutricion global,desnutricion leve (l),2006-12-01,28,22,24,35,52,57,109
51301,ARAMPAMPA,desnutricion global,desnutricion leve (l),2006-12-01,40,24,47,23,87,47,134
30501,ARANI,desnutricion global,desnutricion leve (l),2006-12-01,21,26,2,10,23,36,59
30403,ARBIETO,desnutricion global,desnutricion leve (l),2006-12-01,4,7,9,9,13,16,29
30601,ARQUE,desnutricion global,desnutricion leve (l),2006-12-01,27,26,40,44,67,70,137
71501,ASCENCION DE GUARAYOS,desnutricion global,desnutricion leve (l),2006-12-01,66,57,73,102,139,159,298
50802,ATOCHA,desnutricion global,desnutricion leve (l),2006-12-01,23,19,37,25,60,44,104
20503,AUCAPATA,desnutricion global,desnutricion leve (l),2006-12-01,9,9,11,11,20,20,40
20502,AYATA,desnutricion global,desnutricion leve (l),2006-12-01,21,20,23,9,44,29,73
21303,AYO AYO,desnutricion global,desnutricion leve (l),2006-12-01,12,6,6,7,18,13,31
30301,AYOPAYA (V. DE INDEPENDENCIA),desnutricion global,desnutricion leve (l),2006-12-01,49,54,55,66,104,120,224
10201,AZURDUY,desnutricion global,desnutricion leve (l),2006-12-01,39,49,73,93,112,142,254
21203,BATALLAS,desnutricion global,desnutricion leve (l),2006-12-01,17,14,13,14,30,28,58
80802,BAURES,desnutricion global,desnutricion leve (l),2006-12-01,4,5,4,3,8,8,16
41202,BELEN DE ANDAMARCA,desnutricion global,desnutricion leve (l),2006-12-01,4,2,3,2,7,4,11
50104,BELEN DE URMIRI,desnutricion global,desnutricion leve (l),2006-12-01,4,6,4,7,8,13,21
90104,BELLA FLOR,desnutricion global,desnutricion leve (l),2006-12-01,3,9,5,8,8,17,25
60202,BERMEJO,desnutricion global,desnutricion leve (l),2006-12-01,1,4,2,1,3,5,8
50301,BETANZOS,desnutricion global,desnutricion leve (l),2006-12-01,69,88,118,109,187,197,384
31501,BOLIVAR,desnutricion global,desnutricion leve (l),2006-12-01,40,44,48,48,88,92,180
90103,BOLPEBRA,desnutricion global,desnutricion leve (l),2006-12-01,3,3,3,4,6,7,13
70707,BOYUIBE,desnutricion global,desnutricion leve (l),2006-12-01,18,8,24,13,42,21,63
70401,BUENA VISTA,desnutricion global,desnutricion leve (l),2006-12-01,8,5,5,5,13,10,23
70703,CABEZAS,desnutricion global,desnutricion leve (l),2006-12-01,15,17,15,19,30,36,66
20905,CAIROMA,desnutricion global,desnutricion leve (l),2006-12-01,37,27,32,37,69,64,133
51102,"CAIZA ""D""",desnutricion global,desnutricion leve (l),2006-12-01,24,23,40,37,64,60,124
21003,CAJUATA,desnutricion global,desnutricion leve (l),2006-12-01,14,10,8,7,22,17,39
20303,CALACOTO,desnutricion global,desnutricion leve (l),2006-12-01,8,6,9,11,17,17,34
21304,CALAMARCA,desnutricion global,desnutricion leve (l),2006-12-01,53,42,46,70,99,112,211
10701,CAMARGO,desnutricion global,desnutricion leve (l),2006-12-01,44,52,78,80,122,132,254
10901,CAMATAQUI (C. VILLA ABECIA),desnutricion global,desnutricion leve (l),2006-12-01,7,7,16,17,23,24,47
70706,CAMIRI,desnutricion global,desnutricion leve (l),2006-12-01,35,51,29,41,64,92,156
30701,CAPINOTA,desnutricion global,desnutricion leve (l),2006-12-01,31,27,36,26,67,53,120
20302,CAQUIAVIRI,desnutricion global,desnutricion leve (l),2006-12-01,2,4,4,5,6,9,15
40102,CARACOLLO,desnutricion global,desnutricion leve (l),2006-12-01,26,32,28,28,54,60,114
22001,CARANAVI,desnutricion global,desnutricion leve (l),2006-12-01,56,76,51,67,107,143,250
41503,CARANGAS,desnutricion global,desnutricion leve (l),2006-12-01,0,0,0,1,0,1,1
60302,CARAPARI,desnutricion global,desnutricion leve (l),2006-12-01,10,9,4,20,14,29,43
50702,CARIPUYO,desnutricion global,desnutricion leve (l),2006-12-01,40,27,54,80,94,107,201
71403,CARMEN RIVERO TORREZ,desnutricion global,desnutricion leve (l),2006-12-01,4,7,1,0,5,7,12
21902,CATACORA,desnutricion global,desnutricion leve (l),2006-12-01,0,0,1,0,1,0,1
21803,CHACARILLA,desnutricion global,desnutricion leve (l),2006-12-01,3,4,3,4,6,8,14
40201,CHALLAPATA,desnutricion global,desnutricion leve (l),2006-12-01,65,68,67,65,132,133,265
50302,CHAQUI,desnutricion global,desnutricion leve (l),2006-12-01,21,14,19,33,40,47,87
70702,CHARAGUA,desnutricion global,desnutricion leve (l),2006-12-01,34,37,36,34,70,71,141
20305,CHARAÑA,desnutricion global,desnutricion leve (l),2006-12-01,7,3,0,5,7,8,15
50202,CHAYANTA,desnutricion global,desnutricion leve (l),2006-12-01,59,54,98,106,157,160,317
31204,CHIMORE,desnutricion global,desnutricion leve (l),2006-12-01,40,36,19,24,59,60,119
40903,CHIPAYA,desnutricion global,desnutricion leve (l),2006-12-01,5,7,7,7,12,14,26
40302,CHOQUE COTA,desnutricion global,desnutricion leve (l),2006-12-01,3,1,4,1,7,2,9
21101,CHULUMANI (V. DE LA LIBERTAD),desnutricion global,desnutricion leve (l),2006-12-01,7,11,3,7,10,18,28
20501,CHUMA,desnutricion global,desnutricion leve (l),2006-12-01,18,21,27,25,45,46,91
30801,CLIZA,desnutricion global,desnutricion leve (l),2006-12-01,21,16,12,17,33,33,66
90101,COBIJA,desnutricion global,desnutricion leve (l),2006-12-01,41,28,35,37,76,65,141
30101,COCHABAMBA,desnutricion global,desnutricion leve (l),2006-12-01,257,262,214,198,471,460,931
40902,COIPASA,desnutricion global,desnutricion leve (l),2006-12-01,0,0,0,1,0,1,1
30905,COLCAPIRHUA,desnutricion global,desnutricion leve (l),2006-12-01,37,49,24,19,61,68,129
50901,"COLCHA ""K""",desnutricion global,desnutricion leve (l),2006-12-01,20,17,21,30,41,47,88
21307,COLLANA,desnutricion global,desnutricion leve (l),2006-12-01,2,10,1,5,3,15,18
31002,COLOMI,desnutricion global,desnutricion leve (l),2006-12-01,34,26,21,18,55,44,99
70603,COLPA BELGICA,desnutricion global,desnutricion leve (l),2006-12-01,3,7,5,6,8,13,21
50401,COLQUECHACA,desnutricion global,desnutricion leve (l),2006-12-01,114,82,87,182,201,264,465
21306,COLQUENCHA,desnutricion global,desnutricion leve (l),2006-12-01,18,13,38,29,56,42,98
21004,COLQUIRI,desnutricion global,desnutricion leve (l),2006-12-01,33,33,31,35,64,68,132
20304,COMANCHE,desnutricion global,desnutricion leve (l),2006-12-01,5,2,9,5,14,7,21
71301,COMARAPA,desnutricion global,desnutricion leve (l),2006-12-01,19,24,13,15,32,39,71
20605,COMBAYA,desnutricion global,desnutricion leve (l),2006-12-01,5,4,0,1,5,5,10
71101,CONCEPCION,desnutricion global,desnutricion leve (l),2006-12-01,10,10,9,7,19,17,36
21701,COPACABANA,desnutricion global,desnutricion leve (l),2006-12-01,17,19,19,17,36,36,72
21402,CORIPATA,desnutricion global,desnutricion leve (l),2006-12-01,9,3,8,7,17,10,27
20301,CORO CORO,desnutricion global,desnutricion leve (l),2006-12-01,8,16,15,20,23,36,59
21401,COROICO,desnutricion global,desnutricion leve (l),2006-12-01,16,16,20,14,36,30,66
40301,CORQUE,desnutricion global,desnutricion leve (l),2006-12-01,10,12,34,9,44,21,65
50601,COTAGAITA,desnutricion global,desnutricion leve (l),2006-12-01,71,78,83,79,154,157,311
70102,COTOCA,desnutricion global,desnutricion leve (l),2006-12-01,39,39,19,38,58,77,135
71106,CUATRO CAÑADAS,desnutricion global,desnutricion leve (l),2006-12-01,7,7,5,7,12,14,26
31405,CUCHUMUELA (V. G. VILLARROEL),desnutricion global,desnutricion leve (l),2006-12-01,0,1,9,5,9,6,15
10902,CULPINA,desnutricion global,desnutricion leve (l),2006-12-01,89,78,75,84,164,162,326
40401,CURAHUARA DE CARANGAS,desnutricion global,desnutricion leve (l),2006-12-01,15,13,21,14,36,27,63
21602,CURVA,desnutricion global,desnutricion leve (l),2006-12-01,6,4,7,2,13,6,19
20804,DESAGUADERO,desnutricion global,desnutricion leve (l),2006-12-01,13,2,5,1,18,3,21
20105,EL ALTO,desnutricion global,desnutricion leve (l),2006-12-01,761,730,489,528,1250,1258,2508
40103,EL CHORO,desnutricion global,desnutricion leve (l),2006-12-01,7,3,5,1,12,4,16
71503,EL PUENTE(STC),desnutricion global,desnutricion leve (l),2006-12-01,2,8,13,6,15,14,29
60502,EL PUENTE(TJA),desnutricion global,desnutricion leve (l),2006-12-01,8,16,20,32,28,48,76
70105,EL TORNO,desnutricion global,desnutricion leve (l),2006-12-01,27,24,20,28,47,52,99
10405,EL VILLAR,desnutricion global,desnutricion leve (l),2006-12-01,6,7,20,27,26,34,60
60601,ENTRE RIOS,desnutricion global,desnutricion leve (l),2006-12-01,29,23,39,33,68,56,124
60601,ENTRE RIOS,desnutricion global,desnutricion leve (l),2006-12-01,38,40,53,52,91,92,183
40505,ESMERALDA,desnutricion global,desnutricion leve (l),2006-12-01,0,1,2,3,2,4,6
41101,EUCALIPTUS,desnutricion global,desnutricion leve (l),2006-12-01,1,2,1,0,2,2,4
90503,EUREKA (SANTOS MERCADO),desnutricion global,desnutricion leve (l),2006-12-01,2,0,0,0,2,0,2
80402,EXALTACION,desnutricion global,desnutricion leve (l),2006-12-01,2,5,5,4,7,9,16
71004,FERNANDEZ ALONSO,desnutricion global,desnutricion leve (l),2006-12-01,13,12,4,14,17,26,43
90203,FILADELFIA,desnutricion global,desnutricion leve (l),2006-12-01,1,1,0,0,1,1,2
71002,GENERAL SAAVEDRA,desnutricion global,desnutricion leve (l),2006-12-01,20,25,16,17,36,42,78
21601,GRAL. J.J. PEREZ (CHARAZANI),desnutricion global,desnutricion leve (l),2006-12-01,18,11,15,15,33,26,59
20602,GUANAY,desnutricion global,desnutricion leve (l),2006-12-01,19,27,25,21,44,48,92
20802,GUAQUI,desnutricion global,desnutricion leve (l),2006-12-01,8,6,4,1,12,7,19
80202,GUAYARAMERIN,desnutricion global,desnutricion leve (l),2006-12-01,70,52,42,48,112,100,212
70705,GUTIERREZ,desnutricion global,desnutricion leve (l),2006-12-01,49,46,63,62,112,108,220
10502,HUACARETA,desnutricion global,desnutricion leve (l),2006-12-01,21,22,18,22,39,44,83
11002,HUACAYA (VILLA DE HUACAYA),desnutricion global,desnutricion leve (l),2006-12-01,5,6,14,6,19,12,31
40501,HUACHACALLA,desnutricion global,desnutricion leve (l),2006-12-01,3,0,1,8,4,8,12
40701,HUANUNI,desnutricion global,desnutricion leve (l),2006-12-01,46,29,52,26,98,55,153
80803,HUARACAJE,desnutricion global,desnutricion leve (l),2006-12-01,1,1,0,1,1,2,3
41601,HUAYLLAMARCA,desnutricion global,desnutricion leve (l),2006-12-01,3,2,4,3,7,5,12
21005,ICHOCA,desnutricion global,desnutricion leve (l),2006-12-01,18,15,13,11,31,26,57
10304,ICLA,desnutricion global,desnutricion leve (l),2006-12-01,28,30,63,82,91,112,203
10703,INCAHUASI,desnutricion global,desnutricion leve (l),2006-12-01,105,103,129,140,234,243,477
90402,INGAVI (HUMAITA),desnutricion global,desnutricion leve (l),2006-12-01,2,0,2,0,4,0,4
21001,INQUISIVI,desnutricion global,desnutricion leve (l),2006-12-01,27,28,37,32,64,60,124
21102,IRUPANA (VILLA DE LANZA),desnutricion global,desnutricion leve (l),2006-12-01,26,28,18,23,44,51,95
21501,IXIAMAS,desnutricion global,desnutricion leve (l),2006-12-01,13,5,9,14,22,19,41
20806,JESUS DE MACHACA,desnutricion global,desnutricion leve (l),2006-12-01,13,18,17,20,30,38,68
21105,LA ASUNTA,desnutricion global,desnutricion leve (l),2006-12-01,21,20,2,4,23,24,47
70104,LA GUARDIA,desnutricion global,desnutricion leve (l),2006-12-01,42,49,38,32,80,81,161
20101,LA PAZ,desnutricion global,desnutricion leve (l),2006-12-01,547,505,349,295,896,800,1696
41501,LA RIVERA,desnutricion global,desnutricion leve (l),2006-12-01,0,0,1,0,1,0,1
70701,LAGUNILLAS,desnutricion global,desnutricion leve (l),2006-12-01,13,12,19,14,32,26,58
21202,LAJA,desnutricion global,desnutricion leve (l),2006-12-01,19,9,9,16,28,25,53
10903,LAS CARRERAS,desnutricion global,desnutricion leve (l),2006-12-01,6,7,19,22,25,29,54
21006,LICOMA PAMPA,desnutricion global,desnutricion leve (l),2006-12-01,4,3,0,1,4,4,8
50203,LLALLAGUA,desnutricion global,desnutricion leve (l),2006-12-01,59,55,44,38,103,93,196
51401,LLICA,desnutricion global,desnutricion leve (l),2006-12-01,7,5,6,5,13,10,23
80601,LORETO,desnutricion global,desnutricion leve (l),2006-12-01,2,2,1,1,3,3,6
20901,LURIBAY,desnutricion global,desnutricion leve (l),2006-12-01,23,30,13,17,36,47,83
40702,MACHACAMARCA,desnutricion global,desnutricion leve (l),2006-12-01,13,19,10,7,23,26,49
11003,MACHARETI,desnutricion global,desnutricion leve (l),2006-12-01,24,15,31,32,55,47,102
80801,MAGDALENA,desnutricion global,desnutricion leve (l),2006-12-01,12,0,6,8,18,8,26
70903,MAIRANA,desnutricion global,desnutricion leve (l),2006-12-01,6,8,8,9,14,17,31
20904,MALLA,desnutricion global,desnutricion leve (l),2006-12-01,11,8,25,17,36,25,61
20607,MAPIRI,desnutricion global,desnutricion leve (l),2006-12-01,12,2,3,3,15,5,20
20103,MECAPACA,desnutricion global,desnutricion leve (l),2006-12-01,9,10,15,15,24,25,49
71003,MINEROS,desnutricion global,desnutricion leve (l),2006-12-01,21,30,5,14,26,44,70
31301,MIZQUE,desnutricion global,desnutricion leve (l),2006-12-01,22,34,19,39,41,73,114
20402,MOCOMOCO,desnutricion global,desnutricion leve (l),2006-12-01,23,13,32,40,55,53,108
51002,MOJINETE,desnutricion global,desnutricion leve (l),2006-12-01,1,0,1,1,2,1,3
10303,MOJOCOYA,desnutricion global,desnutricion leve (l),2006-12-01,29,18,45,36,74,54,128
10501,MONTEAGUDO,desnutricion global,desnutricion leve (l),2006-12-01,56,49,105,90,161,139,300
71001,MONTERO,desnutricion global,desnutricion leve (l),2006-12-01,134,127,112,118,246,245,491
70803,MORO MORO,desnutricion global,desnutricion leve (l),2006-12-01,1,3,11,5,12,8,20
30302,MOROCHATA,desnutricion global,desnutricion leve (l),2006-12-01,47,45,43,54,90,99,189
90401,NACEBE (SANTA ROSA DEL ABUNA),desnutricion global,desnutricion leve (l),2006-12-01,1,1,1,0,2,1,3
20307,NAZACARA DE PACAJES,desnutricion global,desnutricion leve (l),2006-12-01,0,2,1,0,1,2,3
90501,NUEVO MANOA (NUEVA ESPERANZA),desnutricion global,desnutricion leve (l),2006-12-01,0,0,0,3,0,3,3
50404,OCURI,desnutricion global,desnutricion leve (l),2006-12-01,82,87,66,103,148,190,338
70202,OKINAWA,desnutricion global,desnutricion leve (l),2006-12-01,13,21,10,26,23,47,70
30203,OMEREQUE,desnutricion global,desnutricion leve (l),2006-12-01,7,12,4,2,11,14,25
40101,ORURO,desnutricion global,desnutricion leve (l),2006-12-01,324,285,182,184,506,469,975
60201,PADCAYA,desnutricion global,desnutricion leve (l),2006-12-01,25,16,25,14,50,30,80
10401,PADILLA,desnutricion global,desnutricion leve (l),2006-12-01,26,26,69,90,95,116,211
70502,PAILON,desnutricion global,desnutricion leve (l),2006-12-01,9,34,17,6,26,40,66
20102,PALCA,desnutricion global,desnutricion leve (l),2006-12-01,17,14,20,14,37,28,65
21104,PALOS BLANCOS,desnutricion global,desnutricion leve (l),2006-12-01,11,18,10,15,21,33,54
40802,PAMPA AULLAGAS,desnutricion global,desnutricion leve (l),2006-12-01,15,19,11,22,26,41,67
70902,PAMPA GRANDE,desnutricion global,desnutricion leve (l),2006-12-01,2,4,6,5,8,9,17
21802,PAPEL PAMPA,desnutricion global,desnutricion leve (l),2006-12-01,2,3,5,6,7,9,16
30202,PASORAPA,desnutricion global,desnutricion leve (l),2006-12-01,2,5,5,3,7,8,15
21305,PATACAMAYA,desnutricion global,desnutricion leve (l),2006-12-01,40,41,25,27,65,68,133
40602,PAZÑA,desnutricion global,desnutricion leve (l),2006-12-01,6,6,10,11,16,17,33
20702,PELECHUCO,desnutricion global,desnutricion leve (l),2006-12-01,18,8,15,13,33,21,54
50403,POCOATA,desnutricion global,desnutricion leve (l),2006-12-01,85,94,104,129,189,223,412
31203,POCONA,desnutricion global,desnutricion leve (l),2006-12-01,12,10,4,7,16,17,33
31202,POJO (CBBA),desnutricion global,desnutricion leve (l),2006-12-01,13,7,5,7,18,14,32
40601,POOPO,desnutricion global,desnutricion leve (l),2006-12-01,2,1,5,1,7,2,9
51203,PORCO,desnutricion global,desnutricion leve (l),2006-12-01,17,25,19,23,36,48,84
10103,POROMA,desnutricion global,desnutricion leve (l),2006-12-01,84,72,74,71,158,143,301
70103,PORONGO,desnutricion global,desnutricion leve (l),2006-12-01,3,11,4,6,7,17,24
70601,PORTACHUELO,desnutricion global,desnutricion leve (l),2006-12-01,15,14,29,22,44,36,80
90102,PORVENIR,desnutricion global,desnutricion leve (l),2006-12-01,5,5,3,2,8,7,15
70804,POSTRER VALLE,desnutricion global,desnutricion leve (l),2006-12-01,2,3,1,3,3,6,9
50101,POTOSI,desnutricion global,desnutricion leve (l),2006-12-01,249,206,178,146,427,352,779
10302,PRESTO,desnutricion global,desnutricion leve (l),2006-12-01,3,2,8,7,11,9,20
70805,PUCARA,desnutricion global,desnutricion leve (l),2006-12-01,2,3,2,3,4,6,10
21201,PUCARANI,desnutricion global,desnutricion leve (l),2006-12-01,31,30,45,34,76,64,140
20401,PUERTO ACOSTA,desnutricion global,desnutricion leve (l),2006-12-01,36,42,48,39,84,81,165
20403,PUERTO CARABUCO,desnutricion global,desnutricion leve (l),2006-12-01,11,8,11,7,22,15,37
90301,PUERTO GONZALO MORENO,desnutricion global,desnutricion leve (l),2006-12-01,11,7,9,9,20,16,36
21204,PUERTO PEREZ,desnutricion global,desnutricion leve (l),2006-12-01,2,8,10,3,12,11,23
71402,PUERTO QUIJARRO,desnutricion global,desnutricion leve (l),2006-12-01,9,11,0,4,9,15,24
90201,PUERTO RICO,desnutricion global,desnutricion leve (l),2006-12-01,2,0,0,3,2,3,5
80703,PUERTO SILES,desnutricion global,desnutricion leve (l),2006-12-01,5,1,0,1,5,2,7
71401,PUERTO SUAREZ,desnutricion global,desnutricion leve (l),2006-12-01,9,10,2,5,11,15,26
31205,PUERTO VILLARROEL,desnutricion global,desnutricion leve (l),2006-12-01,57,74,58,67,115,141,256
51101,PUNA,desnutricion global,desnutricion leve (l),2006-12-01,85,74,149,120,234,194,428
31401,PUNATA,desnutricion global,desnutricion leve (l),2006-12-01,28,28,27,19,55,47,102
20604,QUIABAYA,desnutricion global,desnutricion leve (l),2006-12-01,6,6,10,9,16,15,31
30901,QUILLACOLLO,desnutricion global,desnutricion leve (l),2006-12-01,70,50,44,48,114,98,212
21002,QUIME,desnutricion global,desnutricion leve (l),2006-12-01,11,16,24,19,35,35,70
70904,QUIRUSILLAS,desnutricion global,desnutricion leve (l),2006-12-01,2,1,2,2,4,3,7
50402,RAVELO,desnutricion global,desnutricion leve (l),2006-12-01,108,99,128,134,236,233,469
80301,REYES,desnutricion global,desnutricion leve (l),2006-12-01,12,14,11,17,23,31,54
80201,RIBERALTA,desnutricion global,desnutricion leve (l),2006-12-01,201,276,105,122,306,398,704
70503,ROBORE,desnutricion global,desnutricion leve (l),2006-12-01,14,20,8,8,22,28,50
80304,RURRENABAQUE,desnutricion global,desnutricion leve (l),2006-12-01,7,7,1,4,8,11,19
40901,SABAYA,desnutricion global,desnutricion leve (l),2006-12-01,8,7,3,3,11,10,21
31001,SACABA,desnutricion global,desnutricion leve (l),2006-12-01,88,72,68,70,156,142,298
30404,SACABAMBA,desnutricion global,desnutricion leve (l),2006-12-01,3,5,5,4,8,9,17
50701,SACACA,desnutricion global,desnutricion leve (l),2006-12-01,129,131,202,212,331,343,674
71302,SAIPINA,desnutricion global,desnutricion leve (l),2006-12-01,3,6,9,8,12,14,26
40801,SALINAS DE GARCI MENDOZA,desnutricion global,desnutricion leve (l),2006-12-01,16,16,17,22,33,38,71
70901,SAMAIPATA,desnutricion global,desnutricion leve (l),2006-12-01,10,5,5,7,15,12,27
51601,SAN AGUSTIN,desnutricion global,desnutricion leve (l),2006-12-01,2,2,4,3,6,5,11
80602,SAN ANDRES,desnutricion global,desnutricion leve (l),2006-12-01,9,9,4,6,13,15,28
20805,SAN ANDRES DE MACHACA,desnutricion global,desnutricion leve (l),2006-12-01,3,2,1,5,4,7,11
51003,SAN ANTONIO DE ESMORUCO,desnutricion global,desnutricion leve (l),2006-12-01,9,9,9,19,18,28,46
71105,SAN ANTONIO DE LOMERIO,desnutricion global,desnutricion leve (l),2006-12-01,33,31,63,51,96,82,178
31403,SAN BENITO,desnutricion global,desnutricion leve (l),2006-12-01,12,10,3,7,15,17,32
80302,SAN BORJA,desnutricion global,desnutricion leve (l),2006-12-01,87,102,79,114,166,216,382
21502,SAN BUENA VENTURA,desnutricion global,desnutricion leve (l),2006-12-01,10,9,10,6,20,15,35
70402,SAN CARLOS,desnutricion global,desnutricion leve (l),2006-12-01,25,23,16,22,41,45,86
80501,SAN IGNACIO,desnutricion global,desnutricion leve (l),2006-12-01,50,34,46,37,96,71,167
70301,SAN IGNACIO DE VELASCO,desnutricion global,desnutricion leve (l),2006-12-01,82,107,80,76,162,183,345
80102,SAN JAVIER(BNI),desnutricion global,desnutricion leve (l),2006-12-01,1,1,8,5,9,6,15
80701,SAN JOAQUIN,desnutricion global,desnutricion leve (l),2006-12-01,1,2,4,7,5,9,14
70501,SAN JOSE DE CHIQUITOS,desnutricion global,desnutricion leve (l),2006-12-01,14,12,14,13,28,25,53
70404,SAN JUAN DE YAPACANI,desnutricion global,desnutricion leve (l),2006-12-01,10,8,4,8,14,16,30
71104,SAN JULIAN,desnutricion global,desnutricion leve (l),2006-12-01,6,3,9,11,15,14,29
90302,SAN LORENZO(PND),desnutricion global,desnutricion leve (l),2006-12-01,9,8,2,7,11,15,26
60501,SAN LORENZO(TJA),desnutricion global,desnutricion leve (l),2006-12-01,32,36,49,59,81,95,176
10702,SAN LUCAS,desnutricion global,desnutricion leve (l),2006-12-01,184,170,207,214,391,384,775
71201,SAN MATIAS,desnutricion global,desnutricion leve (l),2006-12-01,9,12,8,5,17,17,34
70302,SAN MIGUEL DE VELASCO,desnutricion global,desnutricion leve (l),2006-12-01,16,7,22,14,38,21,59
51001,SAN PABLO DE LIPEZ,desnutricion global,desnutricion leve (l),2006-12-01,3,6,8,6,11,12,23
71005,SAN PEDRO,desnutricion global,desnutricion leve (l),2006-12-01,7,21,13,25,20,46,66
50501,SAN PEDRO DE BUENA VISTA,desnutricion global,desnutricion leve (l),2006-12-01,72,76,165,149,237,225,462
21801,SAN PEDRO DE CURAHUARA,desnutricion global,desnutricion leve (l),2006-12-01,1,4,4,1,5,5,10
50902,SAN PEDRO DE QUEMES,desnutricion global,desnutricion leve (l),2006-12-01,3,7,4,2,7,9,16
21702,SAN PEDRO DE TIQUINA,desnutricion global,desnutricion leve (l),2006-12-01,8,3,8,8,16,11,27
90202,SAN PEDRO(PND),desnutricion global,desnutricion leve (l),2006-12-01,2,1,6,2,8,3,11
70303,SAN RAFAEL,desnutricion global,desnutricion leve (l),2006-12-01,16,17,8,7,24,24,48
80702,SAN RAMON,desnutricion global,desnutricion leve (l),2006-12-01,10,11,6,4,16,15,31
80401,SANTA ANA,desnutricion global,desnutricion leve (l),2006-12-01,9,17,12,5,21,22,43
70101,SANTA CRUZ DE LA SIERRA,desnutricion global,desnutricion leve (l),2006-12-01,458,480,214,270,672,750,1422
80303,SANTA ROSA,desnutricion global,desnutricion leve (l),2006-12-01,19,15,8,9,27,24,51
70602,SANTA ROSA DEL SARA,desnutricion global,desnutricion leve (l),2006-12-01,18,18,22,14,40,32,72
20308,SANTIAGO DE CALLAPA,desnutricion global,desnutricion leve (l),2006-12-01,5,7,4,3,9,10,19
41401,SANTIAGO DE HUARI,desnutricion global,desnutricion leve (l),2006-12-01,18,15,22,19,40,34,74
21901,SANTIAGO DE MACHACA,desnutricion global,desnutricion leve (l),2006-12-01,5,6,3,2,8,8,16
30702,SANTIVAÑES,desnutricion global,desnutricion leve (l),2006-12-01,3,9,12,12,15,21,36
40202,SANTUARIO DE QUILLACAS,desnutricion global,desnutricion leve (l),2006-12-01,0,3,7,2,7,5,12
20902,SAPAHAQUI,desnutricion global,desnutricion leve (l),2006-12-01,29,23,27,34,56,57,113
90303,SENA,desnutricion global,desnutricion leve (l),2006-12-01,5,8,6,4,11,12,23
21301,SICA SICA (VILLA AROMA),desnutricion global,desnutricion leve (l),2006-12-01,25,23,21,14,46,37,83
30703,SICAYA,desnutricion global,desnutricion leve (l),2006-12-01,6,13,4,6,10,19,29
30902,SIPE SIPE,desnutricion global,desnutricion leve (l),2006-12-01,80,60,51,42,131,102,233
10403,SOPACHUY,desnutricion global,desnutricion leve (l),2006-12-01,26,26,37,81,63,107,170
40104,SORACACHI,desnutricion global,desnutricion leve (l),2006-12-01,17,11,13,15,30,26,56
20601,SORATA,desnutricion global,desnutricion leve (l),2006-12-01,18,23,18,22,36,45,81
10101,SUCRE,desnutricion global,desnutricion leve (l),2006-12-01,207,156,181,236,388,392,780
31404,TACACHI,desnutricion global,desnutricion leve (l),2006-12-01,2,3,2,0,4,3,7
20603,TACACOMA,desnutricion global,desnutricion leve (l),2006-12-01,3,5,2,3,5,8,13
50303,TACOBAMBA,desnutricion global,desnutricion leve (l),2006-12-01,26,22,32,18,58,40,98
30602,TACOPAYA,desnutricion global,desnutricion leve (l),2006-12-01,40,39,55,79,95,118,213
51402,TAHUA,desnutricion global,desnutricion leve (l),2006-12-01,3,0,2,0,5,0,5
31101,TAPACARI,desnutricion global,desnutricion leve (l),2006-12-01,77,59,80,71,157,130,287
10601,TARABUCO,desnutricion global,desnutricion leve (l),2006-12-01,120,113,186,226,306,339,645
20807,TARACO,desnutricion global,desnutricion leve (l),2006-12-01,4,0,1,3,5,3,8
30401,TARATA,desnutricion global,desnutricion leve (l),2006-12-01,10,11,2,5,12,16,28
60101,TARIJA,desnutricion global,desnutricion leve (l),2006-12-01,133,121,119,98,252,219,471
10202,TARVITA,desnutricion global,desnutricion leve (l),2006-12-01,24,24,40,28,64,52,116
20608,TEOPONTE,desnutricion global,desnutricion leve (l),2006-12-01,18,16,18,13,36,29,65
20803,TIAWANACU,desnutricion global,desnutricion leve (l),2006-12-01,7,4,4,3,11,7,18
50102,TINGUIPAYA,desnutricion global,desnutricion leve (l),2006-12-01,45,43,63,70,108,113,221
20606,TIPUANI,desnutricion global,desnutricion leve (l),2006-12-01,7,13,3,3,10,16,26
30903,TIQUIPAYA,desnutricion global,desnutricion leve (l),2006-12-01,56,32,19,18,75,50,125
31601,TIRAQUE (CBBA),desnutricion global,desnutricion leve (l),2006-12-01,51,47,45,50,96,97,193
21703,TITO YUPANQUI (PARQUIPUJIO),desnutricion global,desnutricion leve (l),2006-12-01,2,3,2,1,4,4,8
30802,TOCO,desnutricion global,desnutricion leve (l),2006-12-01,7,2,8,3,15,5,20
30803,TOLATA,desnutricion global,desnutricion leve (l),2006-12-01,1,5,0,2,1,7,8
41001,TOLEDO,desnutricion global,desnutricion leve (l),2006-12-01,8,8,10,9,18,17,35
51202,TOMAVE,desnutricion global,desnutricion leve (l),2006-12-01,6,56,8,77,14,133,147
10402,TOMINA,desnutricion global,desnutricion leve (l),2006-12-01,52,27,57,79,109,106,215
50502,TORO TORO,desnutricion global,desnutricion leve (l),2006-12-01,66,51,85,64,151,115,266
31201,TOTORA(CBBA),desnutricion global,desnutricion leve (l),2006-12-01,26,16,15,14,41,30,71
41301,TOTORA(ORR),desnutricion global,desnutricion leve (l),2006-12-01,9,9,16,16,25,25,50
70802,TRIGAL,desnutricion global,desnutricion leve (l),2006-12-01,0,2,1,4,1,6,7
80101,TRINIDAD,desnutricion global,desnutricion leve (l),2006-12-01,85,62,43,33,128,95,223
50801,TUPIZA,desnutricion global,desnutricion leve (l),2006-12-01,64,72,91,106,155,178,333
40402,TURCO,desnutricion global,desnutricion leve (l),2006-12-01,4,3,3,6,7,9,16
21302,UMALA,desnutricion global,desnutricion leve (l),2006-12-01,8,11,2,6,10,17,27
50201,UNCIA,desnutricion global,desnutricion leve (l),2006-12-01,56,53,87,73,143,126,269
60401,URIONDO (A. CONCEPCION),desnutricion global,desnutricion leve (l),2006-12-01,18,17,24,24,42,41,83
71502,URUBICHA,desnutricion global,desnutricion leve (l),2006-12-01,35,45,42,75,77,120,197
51201,UYUNI,desnutricion global,desnutricion leve (l),2006-12-01,44,26,35,41,79,67,146
30502,VACAS,desnutricion global,desnutricion leve (l),2006-12-01,30,39,42,31,72,70,142
70801,VALLEGRANDE,desnutricion global,desnutricion leve (l),2006-12-01,14,12,14,14,28,26,54
20801,VIACHA,desnutricion global,desnutricion leve (l),2006-12-01,38,22,26,25,64,47,111
31302,VILA VILA,desnutricion global,desnutricion leve (l),2006-12-01,4,2,7,11,11,13,24
60303,VILLA MONTES,desnutricion global,desnutricion leve (l),2006-12-01,27,22,18,18,45,40,85
90502,VILLA NUEVA (LOMA ALTA),desnutricion global,desnutricion leve (l),2006-12-01,5,8,11,6,16,14,30
31402,VILLA RIVERO,desnutricion global,desnutricion leve (l),2006-12-01,12,12,6,10,18,22,40
10801,VILLA SERRANO,desnutricion global,desnutricion leve (l),2006-12-01,37,44,74,98,111,142,253
31003,VILLA TUNARI,desnutricion global,desnutricion leve (l),2006-12-01,105,112,102,112,207,224,431
11001,VILLA VACA GUZMAN (MUYUPAMPA),desnutricion global,desnutricion leve (l),2006-12-01,20,24,27,30,47,54,101
51501,VILLAZON,desnutricion global,desnutricion leve (l),2006-12-01,60,48,63,63,123,111,234
30904,VINTO,desnutricion global,desnutricion leve (l),2006-12-01,23,18,6,7,29,25,54
50602,VITICHI,desnutricion global,desnutricion leve (l),2006-12-01,33,34,71,39,104,73,177
20306,WALDO BALLIVIAN,desnutricion global,desnutricion leve (l),2006-12-01,5,6,3,12,8,18,26
70201,WARNES,desnutricion global,desnutricion leve (l),2006-12-01,31,41,28,27,59,68,127
20903,YACO,desnutricion global,desnutricion leve (l),2006-12-01,8,15,15,23,23,38,61
60301,YACUIBA,desnutricion global,desnutricion leve (l),2006-12-01,49,44,38,37,87,81,168
10602,YAMPARAEZ,desnutricion global,desnutricion leve (l),2006-12-01,56,36,90,116,146,152,298
21103,YANACACHI,desnutricion global,desnutricion leve (l),2006-12-01,4,0,2,1,6,1,7
70403,YAPACANI,desnutricion global,desnutricion leve (l),2006-12-01,45,44,23,20,68,64,132
50103,YOCALLA,desnutricion global,desnutricion leve (l),2006-12-01,8,5,6,13,14,18,32
10102,YOTALA,desnutricion global,desnutricion leve (l),2006-12-01,21,21,23,40,44,61,105
60402,YUNCHARA,desnutricion global,desnutricion leve (l),2006-12-01,28,12,45,41,73,53,126
10301,ZUDAÑEZ,desnutricion global,desnutricion leve (l),2006-12-01,25,29,40,78,65,107,172
51302,ACACIO,desnutricion aguda,desnutricion leve (l),2007-01-01,2,12,12,15,14,27,41
30201,AIQUILE,desnutricion aguda,desnutricion leve (l),2007-01-01,16,18,18,11,34,29,63
31303,ALALAY,desnutricion aguda,desnutricion leve (l),2007-01-01,7,6,9,7,16,13,29
10404,ALCALA,desnutricion aguda,desnutricion leve (l),2007-01-01,15,17,31,24,46,41,87
41201,ANDAMARCA,desnutricion aguda,desnutricion leve (l),2007-01-01,3,1,2,2,5,3,8
30402,ANZALDO,desnutricion aguda,desnutricion leve (l),2007-01-01,5,4,17,18,22,22,44
51301,ARAMPAMPA,desnutricion aguda,desnutricion leve (l),2007-01-01,32,15,15,23,47,38,85
30501,ARANI,desnutricion aguda,desnutricion leve (l),2007-01-01,12,12,11,19,23,31,54
30403,ARBIETO,desnutricion aguda,desnutricion leve (l),2007-01-01,11,6,18,15,29,21,50
30601,ARQUE,desnutricion aguda,desnutricion leve (l),2007-01-01,45,28,30,38,75,66,141
50802,ATOCHA,desnutricion aguda,desnutricion leve (l),2007-01-01,23,26,21,25,44,51,95
30301,AYOPAYA (V. DE INDEPENDENCIA),desnutricion aguda,desnutricion leve (l),2007-01-01,26,22,37,40,63,62,125
10201,AZURDUY,desnutricion aguda,desnutricion leve (l),2007-01-01,45,33,65,67,110,100,210
80802,BAURES,desnutricion aguda,desnutricion leve (l),2007-01-01,10,8,5,10,15,18,33
41202,BELEN DE ANDAMARCA,desnutricion aguda,desnutricion leve (l),2007-01-01,3,0,3,0,6,0,6
50104,BELEN DE URMIRI,desnutricion aguda,desnutricion leve (l),2007-01-01,2,1,2,4,4,5,9
90104,BELLA FLOR,desnutricion aguda,desnutricion leve (l),2007-01-01,5,6,6,11,11,17,28
60202,BERMEJO,desnutricion aguda,desnutricion leve (l),2007-01-01,7,4,8,5,15,9,24
50301,BETANZOS,desnutricion aguda,desnutricion leve (l),2007-01-01,47,52,100,76,147,128,275
31501,BOLIVAR,desnutricion aguda,desnutricion leve (l),2007-01-01,19,21,20,26,39,47,86
90103,BOLPEBRA,desnutricion aguda,desnutricion leve (l),2007-01-01,2,1,6,4,8,5,13
70707,BOYUIBE,desnutricion aguda,desnutricion leve (l),2007-01-01,2,0,12,4,14,4,18
70401,BUENA VISTA,desnutricion aguda,desnutricion leve (l),2007-01-01,4,6,9,11,13,17,30
70703,CABEZAS,desnutricion aguda,desnutricion leve (l),2007-01-01,23,33,36,12,59,45,104
51102,"CAIZA ""D""",desnutricion aguda,desnutricion leve (l),2007-01-01,9,13,16,14,25,27,52
21003,CAJUATA,desnutricion aguda,desnutricion leve (l),2007-01-01,18,14,8,6,26,20,46
10701,CAMARGO,desnutricion aguda,desnutricion leve (l),2007-01-01,48,56,69,69,117,125,242
10901,CAMATAQUI (C. VILLA ABECIA),desnutricion aguda,desnutricion leve (l),2007-01-01,8,7,11,20,19,27,46
70706,CAMIRI,desnutricion aguda,desnutricion leve (l),2007-01-01,56,60,46,49,102,109,211
30701,CAPINOTA,desnutricion aguda,desnutricion leve (l),2007-01-01,26,31,44,50,70,81,151
40102,CARACOLLO,desnutricion aguda,desnutricion leve (l),2007-01-01,9,9,6,16,15,25,40
60302,CARAPARI,desnutricion aguda,desnutricion leve (l),2007-01-01,16,14,10,16,26,30,56
50702,CARIPUYO,desnutricion aguda,desnutricion leve (l),2007-01-01,33,29,49,64,82,93,175
71403,CARMEN RIVERO TORREZ,desnutricion aguda,desnutricion leve (l),2007-01-01,6,13,5,3,11,16,27
40201,CHALLAPATA,desnutricion aguda,desnutricion leve (l),2007-01-01,49,51,26,41,75,92,167
50302,CHAQUI,desnutricion aguda,desnutricion leve (l),2007-01-01,18,12,22,16,40,28,68
70702,CHARAGUA,desnutricion aguda,desnutricion leve (l),2007-01-01,32,37,29,36,61,73,134
50202,CHAYANTA,desnutricion aguda,desnutricion leve (l),2007-01-01,24,19,38,31,62,50,112
31204,CHIMORE,desnutricion aguda,desnutricion leve (l),2007-01-01,34,26,55,41,89,67,156
40903,CHIPAYA,desnutricion aguda,desnutricion leve (l),2007-01-01,4,9,8,4,12,13,25
40302,CHOQUE COTA,desnutricion aguda,desnutricion leve (l),2007-01-01,2,1,0,1,2,2,4
90101,COBIJA,desnutricion aguda,desnutricion leve (l),2007-01-01,35,19,25,24,60,43,103
30101,COCHABAMBA,desnutricion aguda,desnutricion leve (l),2007-01-01,440,422,314,308,754,730,1484
40902,COIPASA,desnutricion aguda,desnutricion leve (l),2007-01-01,0,1,2,2,2,3,5
30905,COLCAPIRHUA,desnutricion aguda,desnutricion leve (l),2007-01-01,23,56,30,29,53,85,138
50901,"COLCHA ""K""",desnutricion aguda,desnutricion leve (l),2007-01-01,16,9,10,10,26,19,45
31002,COLOMI,desnutricion aguda,desnutricion leve (l),2007-01-01,65,59,27,40,92,99,191
70603,COLPA BELGICA,desnutricion aguda,desnutricion leve (l),2007-01-01,6,11,7,6,13,17,30
50401,COLQUECHACA,desnutricion aguda,desnutricion leve (l),2007-01-01,47,46,39,37,86,83,169
21004,COLQUIRI,desnutricion aguda,desnutricion leve (l),2007-01-01,9,16,12,15,21,31,52
71301,COMARAPA,desnutricion aguda,desnutricion leve (l),2007-01-01,19,21,9,24,28,45,73
71101,CONCEPCION,desnutricion aguda,desnutricion leve (l),2007-01-01,21,31,12,13,33,44,77
40301,CORQUE,desnutricion aguda,desnutricion leve (l),2007-01-01,15,12,12,9,27,21,48
50601,COTAGAITA,desnutricion aguda,desnutricion leve (l),2007-01-01,34,47,31,32,65,79,144
70102,COTOCA,desnutricion aguda,desnutricion leve (l),2007-01-01,25,28,22,0,47,28,75
71106,CUATRO CAÑADAS,desnutricion aguda,desnutricion leve (l),2007-01-01,13,17,3,11,16,28,44
31405,CUCHUMUELA (V. G. VILLARROEL),desnutricion aguda,desnutricion leve (l),2007-01-01,6,2,4,5,10,7,17
70704,CUEVO,desnutricion aguda,desnutricion leve (l),2007-01-01,9,10,7,12,16,22,38
10902,CULPINA,desnutricion aguda,desnutricion leve (l),2007-01-01,70,62,86,96,156,158,314
40401,CURAHUARA DE CARANGAS,desnutricion aguda,desnutricion leve (l),2007-01-01,5,10,8,12,13,22,35
40103,EL CHORO,desnutricion aguda,desnutricion leve (l),2007-01-01,6,4,1,2,7,6,13
71503,EL PUENTE(STC),desnutricion aguda,desnutricion leve (l),2007-01-01,16,15,5,7,21,22,43
60502,EL PUENTE(TJA),desnutricion aguda,desnutricion leve (l),2007-01-01,13,15,24,37,37,52,89
70105,EL TORNO,desnutricion aguda,desnutricion leve (l),2007-01-01,22,8,13,7,35,15,50
10405,EL VILLAR,desnutricion aguda,desnutricion leve (l),2007-01-01,4,5,12,15,16,20,36
60601,ENTRE RIOS,desnutricion aguda,desnutricion leve (l),2007-01-01,36,26,28,38,64,64,128
60601,ENTRE RIOS,desnutricion aguda,desnutricion leve (l),2007-01-01,50,57,47,61,97,118,215
40502,ESCARA,desnutricion aguda,desnutricion leve (l),2007-01-01,0,0,1,0,1,0,1
41101,EUCALIPTUS,desnutricion aguda,desnutricion leve (l),2007-01-01,7,7,9,3,16,10,26
90503,EUREKA (SANTOS MERCADO),desnutricion aguda,desnutricion leve (l),2007-01-01,0,1,1,0,1,1,2
80402,EXALTACION,desnutricion aguda,desnutricion leve (l),2007-01-01,1,4,3,3,4,7,11
71004,FERNANDEZ ALONSO,desnutricion aguda,desnutricion leve (l),2007-01-01,10,16,7,14,17,30,47
90203,FILADELFIA,desnutricion aguda,desnutricion leve (l),2007-01-01,5,3,0,6,5,9,14
71002,GENERAL SAAVEDRA,desnutricion aguda,desnutricion leve (l),2007-01-01,33,25,16,19,49,44,93
80202,GUAYARAMERIN,desnutricion aguda,desnutricion leve (l),2007-01-01,66,67,46,66,112,133,245
70705,GUTIERREZ,desnutricion aguda,desnutricion leve (l),2007-01-01,15,16,23,23,38,39,77
10502,HUACARETA,desnutricion aguda,desnutricion leve (l),2007-01-01,12,20,20,20,32,40,72
11002,HUACAYA (VILLA DE HUACAYA),desnutricion aguda,desnutricion leve (l),2007-01-01,17,9,18,11,35,20,55
40501,HUACHACALLA,desnutricion aguda,desnutricion leve (l),2007-01-01,3,4,1,0,4,4,8
40701,HUANUNI,desnutricion aguda,desnutricion leve (l),2007-01-01,53,58,33,35,86,93,179
80803,HUARACAJE,desnutricion aguda,desnutricion leve (l),2007-01-01,5,6,5,4,10,10,20
41601,HUAYLLAMARCA,desnutricion aguda,desnutricion leve (l),2007-01-01,3,4,4,4,7,8,15
21005,ICHOCA,desnutricion aguda,desnutricion leve (l),2007-01-01,1,4,5,5,6,9,15
10304,ICLA,desnutricion aguda,desnutricion leve (l),2007-01-01,36,39,75,89,111,128,239
10703,INCAHUASI,desnutricion aguda,desnutricion leve (l),2007-01-01,81,105,92,96,173,201,374
21001,INQUISIVI,desnutricion aguda,desnutricion leve (l),2007-01-01,19,21,14,11,33,32,65
70104,LA GUARDIA,desnutricion aguda,desnutricion leve (l),2007-01-01,85,73,52,51,137,124,261
70701,LAGUNILLAS,desnutricion aguda,desnutricion leve (l),2007-01-01,27,17,43,49,70,66,136
10903,LAS CARRERAS,desnutricion aguda,desnutricion leve (l),2007-01-01,5,9,11,11,16,20,36
21006,LICOMA PAMPA,desnutricion aguda,desnutricion leve (l),2007-01-01,3,0,0,0,3,0,3
50203,LLALLAGUA,desnutricion aguda,desnutricion leve (l),2007-01-01,77,75,70,84,147,159,306
51401,LLICA,desnutricion aguda,desnutricion leve (l),2007-01-01,7,3,7,4,14,7,21
80601,LORETO,desnutricion aguda,desnutricion leve (l),2007-01-01,2,3,0,2,2,5,7
40702,MACHACAMARCA,desnutricion aguda,desnutricion leve (l),2007-01-01,22,16,18,14,40,30,70
11003,MACHARETI,desnutricion aguda,desnutricion leve (l),2007-01-01,21,10,23,25,44,35,79
80801,MAGDALENA,desnutricion aguda,desnutricion leve (l),2007-01-01,15,16,10,8,25,24,49
70903,MAIRANA,desnutricion aguda,desnutricion leve (l),2007-01-01,7,4,12,12,19,16,35
71003,MINEROS,desnutricion aguda,desnutricion leve (l),2007-01-01,26,29,13,14,39,43,82
31301,MIZQUE,desnutricion aguda,desnutricion leve (l),2007-01-01,59,57,79,72,138,129,267
51002,MOJINETE,desnutricion aguda,desnutricion leve (l),2007-01-01,1,2,1,1,2,3,5
10303,MOJOCOYA,desnutricion aguda,desnutricion leve (l),2007-01-01,16,20,44,36,60,56,116
10501,MONTEAGUDO,desnutricion aguda,desnutricion leve (l),2007-01-01,58,47,75,101,133,148,281
71001,MONTERO,desnutricion aguda,desnutricion leve (l),2007-01-01,214,170,133,164,347,334,681
70803,MORO MORO,desnutricion aguda,desnutricion leve (l),2007-01-01,3,5,0,1,3,6,9
30302,MOROCHATA,desnutricion aguda,desnutricion leve (l),2007-01-01,40,34,32,58,72,92,164
90401,NACEBE (SANTA ROSA DEL ABUNA),desnutricion aguda,desnutricion leve (l),2007-01-01,2,0,2,1,4,1,5
50404,OCURI,desnutricion aguda,desnutricion leve (l),2007-01-01,62,60,76,69,138,129,267
70202,OKINAWA,desnutricion aguda,desnutricion leve (l),2007-01-01,10,18,3,16,13,34,47
30203,OMEREQUE,desnutricion aguda,desnutricion leve (l),2007-01-01,9,14,10,13,19,27,46
40101,ORURO,desnutricion aguda,desnutricion leve (l),2007-01-01,391,395,258,234,649,629,1278
60201,PADCAYA,desnutricion aguda,desnutricion leve (l),2007-01-01,17,13,13,17,30,30,60
10401,PADILLA,desnutricion aguda,desnutricion leve (l),2007-01-01,29,41,76,92,105,133,238
70502,PAILON,desnutricion aguda,desnutricion leve (l),2007-01-01,23,28,15,12,38,40,78
40802,PAMPA AULLAGAS,desnutricion aguda,desnutricion leve (l),2007-01-01,12,14,10,13,22,27,49
70902,PAMPA GRANDE,desnutricion aguda,desnutricion leve (l),2007-01-01,4,7,7,2,11,9,20
30202,PASORAPA,desnutricion aguda,desnutricion leve (l),2007-01-01,5,5,9,6,14,11,25
40602,PAZÑA,desnutricion aguda,desnutricion leve (l),2007-01-01,13,10,6,5,19,15,34
50403,POCOATA,desnutricion aguda,desnutricion leve (l),2007-01-01,46,45,35,40,81,85,166
31203,POCONA,desnutricion aguda,desnutricion leve (l),2007-01-01,14,12,11,18,25,30,55
31202,POJO (CBBA),desnutricion aguda,desnutricion leve (l),2007-01-01,8,18,10,8,18,26,44
40601,POOPO,desnutricion aguda,desnutricion leve (l),2007-01-01,5,4,2,4,7,8,15
51203,PORCO,desnutricion aguda,desnutricion leve (l),2007-01-01,24,29,9,16,33,45,78
10103,POROMA,desnutricion aguda,desnutricion leve (l),2007-01-01,35,29,22,22,57,51,108
70103,PORONGO,desnutricion aguda,desnutricion leve (l),2007-01-01,4,3,1,1,5,4,9
70601,PORTACHUELO,desnutricion aguda,desnutricion leve (l),2007-01-01,32,29,20,25,52,54,106
90102,PORVENIR,desnutricion aguda,desnutricion leve (l),2007-01-01,9,9,6,14,15,23,38
70804,POSTRER VALLE,desnutricion aguda,desnutricion leve (l),2007-01-01,2,5,4,4,6,9,15
50101,POTOSI,desnutricion aguda,desnutricion leve (l),2007-01-01,369,356,243,229,612,585,1197
10302,PRESTO,desnutricion aguda,desnutricion leve (l),2007-01-01,24,20,35,30,59,50,109
70805,PUCARA,desnutricion aguda,desnutricion leve (l),2007-01-01,1,1,2,0,3,1,4
90301,PUERTO GONZALO MORENO,desnutricion aguda,desnutricion leve (l),2007-01-01,10,8,7,9,17,17,34
71402,PUERTO QUIJARRO,desnutricion aguda,desnutricion leve (l),2007-01-01,15,11,6,5,21,16,37
90201,PUERTO RICO,desnutricion aguda,desnutricion leve (l),2007-01-01,1,3,2,4,3,7,10
80703,PUERTO SILES,desnutricion aguda,desnutricion leve (l),2007-01-01,5,2,0,0,5,2,7
71401,PUERTO SUAREZ,desnutricion aguda,desnutricion leve (l),2007-01-01,13,12,10,9,23,21,44
31205,PUERTO VILLARROEL,desnutricion aguda,desnutricion leve (l),2007-01-01,47,51,85,93,132,144,276
51101,PUNA,desnutricion aguda,desnutricion leve (l),2007-01-01,61,68,87,85,148,153,301
31401,PUNATA,desnutricion aguda,desnutricion leve (l),2007-01-01,35,41,19,31,54,72,126
30901,QUILLACOLLO,desnutricion aguda,desnutricion leve (l),2007-01-01,70,56,62,68,132,124,256
21002,QUIME,desnutricion aguda,desnutricion leve (l),2007-01-01,9,6,2,6,11,12,23
70904,QUIRUSILLAS,desnutricion aguda,desnutricion leve (l),2007-01-01,2,1,2,1,4,2,6
50402,RAVELO,desnutricion aguda,desnutricion leve (l),2007-01-01,69,51,75,89,144,140,284
80301,REYES,desnutricion aguda,desnutricion leve (l),2007-01-01,50,48,52,50,102,98,200
80201,RIBERALTA,desnutricion aguda,desnutricion leve (l),2007-01-01,208,337,121,147,329,484,813
70503,ROBORE,desnutricion aguda,desnutricion leve (l),2007-01-01,21,23,10,9,31,32,63
80304,RURRENABAQUE,desnutricion aguda,desnutricion leve (l),2007-01-01,13,11,5,10,18,21,39
40901,SABAYA,desnutricion aguda,desnutricion leve (l),2007-01-01,2,3,1,1,3,4,7
31001,SACABA,desnutricion aguda,desnutricion leve (l),2007-01-01,52,53,41,59,93,112,205
30404,SACABAMBA,desnutricion aguda,desnutricion leve (l),2007-01-01,10,7,5,6,15,13,28
50701,SACACA,desnutricion aguda,desnutricion leve (l),2007-01-01,63,87,160,132,223,219,442
71302,SAIPINA,desnutricion aguda,desnutricion leve (l),2007-01-01,6,5,10,8,16,13,29
40801,SALINAS DE GARCI MENDOZA,desnutricion aguda,desnutricion leve (l),2007-01-01,12,8,14,12,26,20,46
70901,SAMAIPATA,desnutricion aguda,desnutricion leve (l),2007-01-01,15,6,6,8,21,14,35
51601,SAN AGUSTIN,desnutricion aguda,desnutricion leve (l),2007-01-01,5,3,5,2,10,5,15
80602,SAN ANDRES,desnutricion aguda,desnutricion leve (l),2007-01-01,13,19,17,19,30,38,68
51003,SAN ANTONIO DE ESMORUCO,desnutricion aguda,desnutricion leve (l),2007-01-01,6,2,0,3,6,5,11
71105,SAN ANTONIO DE LOMERIO,desnutricion aguda,desnutricion leve (l),2007-01-01,37,39,28,37,65,76,141
31403,SAN BENITO,desnutricion aguda,desnutricion leve (l),2007-01-01,8,17,10,11,18,28,46
80302,SAN BORJA,desnutricion aguda,desnutricion leve (l),2007-01-01,47,64,49,50,96,114,210
70402,SAN CARLOS,desnutricion aguda,desnutricion leve (l),2007-01-01,37,30,23,21,60,51,111
80501,SAN IGNACIO,desnutricion aguda,desnutricion leve (l),2007-01-01,59,59,48,54,107,113,220
70301,SAN IGNACIO DE VELASCO,desnutricion aguda,desnutricion leve (l),2007-01-01,117,130,116,115,233,245,478
80102,SAN JAVIER(BNI),desnutricion aguda,desnutricion leve (l),2007-01-01,2,0,3,9,5,9,14
80701,SAN JOAQUIN,desnutricion aguda,desnutricion leve (l),2007-01-01,2,3,5,7,7,10,17
70501,SAN JOSE DE CHIQUITOS,desnutricion aguda,desnutricion leve (l),2007-01-01,22,15,13,13,35,28,63
70404,SAN JUAN DE YAPACANI,desnutricion aguda,desnutricion leve (l),2007-01-01,9,8,5,15,14,23,37
71104,SAN JULIAN,desnutricion aguda,desnutricion leve (l),2007-01-01,10,13,11,16,21,29,50
90302,SAN LORENZO(PND),desnutricion aguda,desnutricion leve (l),2007-01-01,3,2,0,2,3,4,7
60501,SAN LORENZO(TJA),desnutricion aguda,desnutricion leve (l),2007-01-01,28,31,51,58,79,89,168
10702,SAN LUCAS,desnutricion aguda,desnutricion leve (l),2007-01-01,117,115,134,162,251,277,528
71201,SAN MATIAS,desnutricion aguda,desnutricion leve (l),2007-01-01,13,7,8,8,21,15,36
70302,SAN MIGUEL DE VELASCO,desnutricion aguda,desnutricion leve (l),2007-01-01,11,6,8,16,19,22,41
51001,SAN PABLO DE LIPEZ,desnutricion aguda,desnutricion leve (l),2007-01-01,3,2,6,3,9,5,14
71005,SAN PEDRO,desnutricion aguda,desnutricion leve (l),2007-01-01,16,19,11,18,27,37,64
50902,SAN PEDRO DE QUEMES,desnutricion aguda,desnutricion leve (l),2007-01-01,0,1,1,1,1,2,3
90202,SAN PEDRO(PND),desnutricion aguda,desnutricion leve (l),2007-01-01,1,0,4,0,5,0,5
70303,SAN RAFAEL,desnutricion aguda,desnutricion leve (l),2007-01-01,21,20,7,9,28,29,57
80702,SAN RAMON,desnutricion aguda,desnutricion leve (l),2007-01-01,11,10,2,8,13,18,31
80401,SANTA ANA,desnutricion aguda,desnutricion leve (l),2007-01-01,30,33,12,18,42,51,93
70101,SANTA CRUZ DE LA SIERRA,desnutricion aguda,desnutricion leve (l),2007-01-01,696,740,304,367,1000,1107,2107
80303,SANTA ROSA,desnutricion aguda,desnutricion leve (l),2007-01-01,17,18,6,6,23,24,47
70602,SANTA ROSA DEL SARA,desnutricion aguda,desnutricion leve (l),2007-01-01,14,17,23,9,37,26,63
41401,SANTIAGO DE HUARI,desnutricion aguda,desnutricion leve (l),2007-01-01,16,14,27,14,43,28,71
30702,SANTIVAÑES,desnutricion aguda,desnutricion leve (l),2007-01-01,3,8,9,10,12,18,30
40202,SANTUARIO DE QUILLACAS,desnutricion aguda,desnutricion leve (l),2007-01-01,2,5,4,4,6,9,15
90303,SENA,desnutricion aguda,desnutricion leve (l),2007-01-01,7,12,11,14,18,26,44
30703,SICAYA,desnutricion aguda,desnutricion leve (l),2007-01-01,8,9,12,8,20,17,37
30902,SIPE SIPE,desnutricion aguda,desnutricion leve (l),2007-01-01,65,57,55,41,120,98,218
10403,SOPACHUY,desnutricion aguda,desnutricion leve (l),2007-01-01,22,28,38,67,60,95,155
40104,SORACACHI,desnutricion aguda,desnutricion leve (l),2007-01-01,14,14,11,17,25,31,56
10101,SUCRE,desnutricion aguda,desnutricion leve (l),2007-01-01,241,211,214,197,455,408,863
31404,TACACHI,desnutricion aguda,desnutricion leve (l),2007-01-01,2,0,0,1,2,1,3
50303,TACOBAMBA,desnutricion aguda,desnutricion leve (l),2007-01-01,9,15,11,12,20,27,47
30602,TACOPAYA,desnutricion aguda,desnutricion leve (l),2007-01-01,38,45,58,60,96,105,201
51402,TAHUA,desnutricion aguda,desnutricion leve (l),2007-01-01,0,1,0,0,0,1,1
31101,TAPACARI,desnutricion aguda,desnutricion leve (l),2007-01-01,75,79,60,50,135,129,264
10601,TARABUCO,desnutricion aguda,desnutricion leve (l),2007-01-01,119,97,177,181,296,278,574
30401,TARATA,desnutricion aguda,desnutricion leve (l),2007-01-01,19,22,11,8,30,30,60
60101,TARIJA,desnutricion aguda,desnutricion leve (l),2007-01-01,165,182,141,155,306,337,643
10202,TARVITA,desnutricion aguda,desnutricion leve (l),2007-01-01,34,50,107,127,141,177,318
50102,TINGUIPAYA,desnutricion aguda,desnutricion leve (l),2007-01-01,36,51,46,50,82,101,183
30903,TIQUIPAYA,desnutricion aguda,desnutricion leve (l),2007-01-01,40,49,36,34,76,83,159
31601,TIRAQUE (CBBA),desnutricion aguda,desnutricion leve (l),2007-01-01,76,57,63,62,139,119,258
30802,TOCO,desnutricion aguda,desnutricion leve (l),2007-01-01,5,3,7,2,12,5,17
30803,TOLATA,desnutricion aguda,desnutricion leve (l),2007-01-01,2,9,3,5,5,14,19
41001,TOLEDO,desnutricion aguda,desnutricion leve (l),2007-01-01,14,5,12,12,26,17,43
51202,TOMAVE,desnutricion aguda,desnutricion leve (l),2007-01-01,23,6,22,10,45,16,61
10402,TOMINA,desnutricion aguda,desnutricion leve (l),2007-01-01,49,47,67,76,116,123,239
50502,TORO TORO,desnutricion aguda,desnutricion leve (l),2007-01-01,5,4,3,5,8,9,17
31201,TOTORA(CBBA),desnutricion aguda,desnutricion leve (l),2007-01-01,20,8,19,24,39,32,71
41301,TOTORA(ORR),desnutricion aguda,desnutricion leve (l),2007-01-01,5,4,10,7,15,11,26
70802,TRIGAL,desnutricion aguda,desnutricion leve (l),2007-01-01,2,2,0,1,2,3,5
80101,TRINIDAD,desnutricion aguda,desnutricion leve (l),2007-01-01,128,113,90,67,218,180,398
50801,TUPIZA,desnutricion aguda,desnutricion leve (l),2007-01-01,52,51,81,79,133,130,263
40402,TURCO,desnutricion aguda,desnutricion leve (l),2007-01-01,1,2,1,3,2,5,7
50201,UNCIA,desnutricion aguda,desnutricion leve (l),2007-01-01,27,24,42,149,69,173,242
60401,URIONDO (A. CONCEPCION),desnutricion aguda,desnutricion leve (l),2007-01-01,27,19,26,40,53,59,112
51201,UYUNI,desnutricion aguda,desnutricion leve (l),2007-01-01,19,18,31,26,50,44,94
30502,VACAS,desnutricion aguda,desnutricion leve (l),2007-01-01,18,10,14,10,32,20,52
70801,VALLEGRANDE,desnutricion aguda,desnutricion leve (l),2007-01-01,16,19,15,8,31,27,58
31302,VILA VILA,desnutricion aguda,desnutricion leve (l),2007-01-01,3,5,5,10,8,15,23
60303,VILLA MONTES,desnutricion aguda,desnutricion leve (l),2007-01-01,32,20,29,21,61,41,102
90502,VILLA NUEVA (LOMA ALTA),desnutricion aguda,desnutricion leve (l),2007-01-01,4,10,3,6,7,16,23
31402,VILLA RIVERO,desnutricion aguda,desnutricion leve (l),2007-01-01,15,12,14,21,29,33,62
10801,VILLA SERRANO,desnutricion aguda,desnutricion leve (l),2007-01-01,33,28,65,67,98,95,193
31003,VILLA TUNARI,desnutricion aguda,desnutricion leve (l),2007-01-01,114,94,80,80,194,174,368
11001,VILLA VACA GUZMAN (MUYUPAMPA),desnutricion aguda,desnutricion leve (l),2007-01-01,20,18,24,28,44,46,90
51501,VILLAZON,desnutricion aguda,desnutricion leve (l),2007-01-01,75,51,61,79,136,130,266
30904,VINTO,desnutricion aguda,desnutricion leve (l),2007-01-01,8,9,6,8,14,17,31
50602,VITICHI,desnutricion aguda,desnutricion leve (l),2007-01-01,24,21,29,35,53,56,109
70201,WARNES,desnutricion aguda,desnutricion leve (l),2007-01-01,37,45,60,39,97,84,181
60301,YACUIBA,desnutricion aguda,desnutricion leve (l),2007-01-01,77,82,52,51,129,133,262
10602,YAMPARAEZ,desnutricion aguda,desnutricion leve (l),2007-01-01,38,30,76,78,114,108,222
70403,YAPACANI,desnutricion aguda,desnutricion leve (l),2007-01-01,84,63,44,44,128,107,235
50103,YOCALLA,desnutricion aguda,desnutricion leve (l),2007-01-01,8,8,6,5,14,13,27
10102,YOTALA,desnutricion aguda,desnutricion leve (l),2007-01-01,12,14,19,19,31,33,64
60402,YUNCHARA,desnutricion aguda,desnutricion leve (l),2007-01-01,16,12,34,22,50,34,84
10301,ZUDAÑEZ,desnutricion aguda,desnutricion leve (l),2007-01-01,32,27,29,67,61,94,155
51302,ACACIO,desnutricion aguda,desnutricion leve (l),2007-02-01,11,14,13,19,24,33,57
30201,AIQUILE,desnutricion aguda,desnutricion leve (l),2007-02-01,21,27,18,22,39,49,88
31303,ALALAY,desnutricion aguda,desnutricion leve (l),2007-02-01,9,12,10,13,19,25,44
10404,ALCALA,desnutricion aguda,desnutricion leve (l),2007-02-01,20,16,33,29,53,45,98
41201,ANDAMARCA,desnutricion aguda,desnutricion leve (l),2007-02-01,8,3,4,8,12,11,23
40603,ANTEQUERA,desnutricion aguda,desnutricion leve (l),2007-02-01,0,1,2,1,2,2,4
30402,ANZALDO,desnutricion aguda,desnutricion leve (l),2007-02-01,9,7,26,22,35,29,64
51301,ARAMPAMPA,desnutricion aguda,desnutricion leve (l),2007-02-01,14,17,21,25,35,42,77
30501,ARANI,desnutricion aguda,desnutricion leve (l),2007-02-01,6,6,17,12,23,18,41
30403,ARBIETO,desnutricion aguda,desnutricion leve (l),2007-02-01,11,4,21,14,32,18,50
30601,ARQUE,desnutricion aguda,desnutricion leve (l),2007-02-01,31,32,49,66,80,98,178
71501,ASCENCION DE GUARAYOS,desnutricion aguda,desnutricion leve (l),2007-02-01,48,65,71,70,119,135,254
50802,ATOCHA,desnutricion aguda,desnutricion leve (l),2007-02-01,16,19,13,16,29,35,64
30301,AYOPAYA (V. DE INDEPENDENCIA),desnutricion aguda,desnutricion leve (l),2007-02-01,55,37,39,56,94,93,187
10201,AZURDUY,desnutricion aguda,desnutricion leve (l),2007-02-01,50,71,80,112,130,183,313
80802,BAURES,desnutricion aguda,desnutricion leve (l),2007-02-01,4,6,6,6,10,12,22
41202,BELEN DE ANDAMARCA,desnutricion aguda,desnutricion leve (l),2007-02-01,3,2,0,6,3,8,11
50104,BELEN DE URMIRI,desnutricion aguda,desnutricion leve (l),2007-02-01,1,1,3,6,4,7,11
90104,BELLA FLOR,desnutricion aguda,desnutricion leve (l),2007-02-01,2,0,0,3,2,3,5
60202,BERMEJO,desnutricion aguda,desnutricion leve (l),2007-02-01,5,3,3,4,8,7,15
50301,BETANZOS,desnutricion aguda,desnutricion leve (l),2007-02-01,46,54,66,79,112,133,245
31501,BOLIVAR,desnutricion aguda,desnutricion leve (l),2007-02-01,24,26,22,37,46,63,109
90103,BOLPEBRA,desnutricion aguda,desnutricion leve (l),2007-02-01,2,2,1,2,3,4,7
70707,BOYUIBE,desnutricion aguda,desnutricion leve (l),2007-02-01,4,5,10,11,14,16,30
70401,BUENA VISTA,desnutricion aguda,desnutricion leve (l),2007-02-01,12,8,11,17,23,25,48
70703,CABEZAS,desnutricion aguda,desnutricion leve (l),2007-02-01,21,20,19,27,40,47,87
51102,"CAIZA ""D""",desnutricion aguda,desnutricion leve (l),2007-02-01,19,10,27,27,46,37,83
21003,CAJUATA,desnutricion aguda,desnutricion leve (l),2007-02-01,14,24,8,9,22,33,55
10701,CAMARGO,desnutricion aguda,desnutricion leve (l),2007-02-01,34,52,49,50,83,102,185
10901,CAMATAQUI (C. VILLA ABECIA),desnutricion aguda,desnutricion leve (l),2007-02-01,9,4,14,13,23,17,40
70706,CAMIRI,desnutricion aguda,desnutricion leve (l),2007-02-01,58,72,47,68,105,140,245
30701,CAPINOTA,desnutricion aguda,desnutricion leve (l),2007-02-01,22,22,23,28,45,50,95
40102,CARACOLLO,desnutricion aguda,desnutricion leve (l),2007-02-01,13,16,14,12,27,28,55
60302,CARAPARI,desnutricion aguda,desnutricion leve (l),2007-02-01,10,11,24,26,34,37,71
50702,CARIPUYO,desnutricion aguda,desnutricion leve (l),2007-02-01,30,25,29,46,59,71,130
71403,CARMEN RIVERO TORREZ,desnutricion aguda,desnutricion leve (l),2007-02-01,1,4,1,5,2,9,11
40201,CHALLAPATA,desnutricion aguda,desnutricion leve (l),2007-02-01,36,24,27,33,63,57,120
50302,CHAQUI,desnutricion aguda,desnutricion leve (l),2007-02-01,15,22,17,22,32,44,76
70702,CHARAGUA,desnutricion aguda,desnutricion leve (l),2007-02-01,38,51,30,67,68,118,186
50202,CHAYANTA,desnutricion aguda,desnutricion leve (l),2007-02-01,39,33,45,83,84,116,200
31204,CHIMORE,desnutricion aguda,desnutricion leve (l),2007-02-01,29,28,36,33,65,61,126
40903,CHIPAYA,desnutricion aguda,desnutricion leve (l),2007-02-01,5,3,3,4,8,7,15
40302,CHOQUE COTA,desnutricion aguda,desnutricion leve (l),2007-02-01,0,0,0,1,0,1,1
90101,COBIJA,desnutricion aguda,desnutricion leve (l),2007-02-01,43,35,23,30,66,65,131
30101,COCHABAMBA,desnutricion aguda,desnutricion leve (l),2007-02-01,344,313,255,260,599,573,1172
40902,COIPASA,desnutricion aguda,desnutricion leve (l),2007-02-01,0,0,0,1,0,1,1
30905,COLCAPIRHUA,desnutricion aguda,desnutricion leve (l),2007-02-01,22,28,30,23,52,51,103
50901,"COLCHA ""K""",desnutricion aguda,desnutricion leve (l),2007-02-01,22,17,16,21,38,38,76
31002,COLOMI,desnutricion aguda,desnutricion leve (l),2007-02-01,49,44,26,36,75,80,155
70603,COLPA BELGICA,desnutricion aguda,desnutricion leve (l),2007-02-01,5,5,7,5,12,10,22
50401,COLQUECHACA,desnutricion aguda,desnutricion leve (l),2007-02-01,59,41,45,45,104,86,190
21004,COLQUIRI,desnutricion aguda,desnutricion leve (l),2007-02-01,15,11,11,11,26,22,48
71301,COMARAPA,desnutricion aguda,desnutricion leve (l),2007-02-01,13,24,12,18,25,42,67
71101,CONCEPCION,desnutricion aguda,desnutricion leve (l),2007-02-01,24,28,23,20,47,48,95
40301,CORQUE,desnutricion aguda,desnutricion leve (l),2007-02-01,2,4,3,5,5,9,14
50601,COTAGAITA,desnutricion aguda,desnutricion leve (l),2007-02-01,61,66,80,76,141,142,283
70102,COTOCA,desnutricion aguda,desnutricion leve (l),2007-02-01,5,6,0,0,5,6,11
71106,CUATRO CAÑADAS,desnutricion aguda,desnutricion leve (l),2007-02-01,18,14,7,8,25,22,47
31405,CUCHUMUELA (V. G. VILLARROEL),desnutricion aguda,desnutricion leve (l),2007-02-01,5,2,4,5,9,7,16
70704,CUEVO,desnutricion aguda,desnutricion leve (l),2007-02-01,5,8,6,10,11,18,29
10902,CULPINA,desnutricion aguda,desnutricion leve (l),2007-02-01,114,82,110,126,224,208,432
40401,CURAHUARA DE CARANGAS,desnutricion aguda,desnutricion leve (l),2007-02-01,1,3,6,3,7,6,13
40103,EL CHORO,desnutricion aguda,desnutricion leve (l),2007-02-01,5,2,7,10,12,12,24
71503,EL PUENTE(STC),desnutricion aguda,desnutricion leve (l),2007-02-01,14,4,8,3,22,7,29
60502,EL PUENTE(TJA),desnutricion aguda,desnutricion leve (l),2007-02-01,16,21,36,51,52,72,124
70105,EL TORNO,desnutricion aguda,desnutricion leve (l),2007-02-01,6,8,15,3,21,11,32
10405,EL VILLAR,desnutricion aguda,desnutricion leve (l),2007-02-01,7,14,24,29,31,43,74
60601,ENTRE RIOS,desnutricion aguda,desnutricion leve (l),2007-02-01,19,21,32,37,51,58,109
60601,ENTRE RIOS,desnutricion aguda,desnutricion leve (l),2007-02-01,72,35,49,63,121,98,219
40502,ESCARA,desnutricion aguda,desnutricion leve (l),2007-02-01,1,0,0,0,1,0,1
41101,EUCALIPTUS,desnutricion aguda,desnutricion leve (l),2007-02-01,4,3,13,9,17,12,29
90503,EUREKA (SANTOS MERCADO),desnutricion aguda,desnutricion leve (l),2007-02-01,2,0,0,0,2,0,2
80402,EXALTACION,desnutricion aguda,desnutricion leve (l),2007-02-01,9,2,6,6,15,8,23
71004,FERNANDEZ ALONSO,desnutricion aguda,desnutricion leve (l),2007-02-01,16,9,3,14,19,23,42
90203,FILADELFIA,desnutricion aguda,desnutricion leve (l),2007-02-01,4,1,0,3,4,4,8
71002,GENERAL SAAVEDRA,desnutricion aguda,desnutricion leve (l),2007-02-01,20,20,20,11,40,31,71
80202,GUAYARAMERIN,desnutricion aguda,desnutricion leve (l),2007-02-01,38,49,48,49,86,98,184
70705,GUTIERREZ,desnutricion aguda,desnutricion leve (l),2007-02-01,9,12,14,12,23,24,47
10502,HUACARETA,desnutricion aguda,desnutricion leve (l),2007-02-01,15,29,29,28,44,57,101
11002,HUACAYA (VILLA DE HUACAYA),desnutricion aguda,desnutricion leve (l),2007-02-01,4,10,13,4,17,14,31
40501,HUACHACALLA,desnutricion aguda,desnutricion leve (l),2007-02-01,3,0,1,1,4,1,5
40701,HUANUNI,desnutricion aguda,desnutricion leve (l),2007-02-01,31,38,21,31,52,69,121
80803,HUARACAJE,desnutricion aguda,desnutricion leve (l),2007-02-01,3,4,3,5,6,9,15
41601,HUAYLLAMARCA,desnutricion aguda,desnutricion leve (l),2007-02-01,1,2,3,3,4,5,9
21005,ICHOCA,desnutricion aguda,desnutricion leve (l),2007-02-01,8,18,5,13,13,31,44
10304,ICLA,desnutricion aguda,desnutricion leve (l),2007-02-01,35,57,84,100,119,157,276
10703,INCAHUASI,desnutricion aguda,desnutricion leve (l),2007-02-01,132,107,107,147,239,254,493
90402,INGAVI (HUMAITA),desnutricion aguda,desnutricion leve (l),2007-02-01,4,0,4,2,8,2,10
21001,INQUISIVI,desnutricion aguda,desnutricion leve (l),2007-02-01,23,14,14,5,37,19,56
70104,LA GUARDIA,desnutricion aguda,desnutricion leve (l),2007-02-01,52,45,14,15,66,60,126
70701,LAGUNILLAS,desnutricion aguda,desnutricion leve (l),2007-02-01,14,19,35,33,49,52,101
10903,LAS CARRERAS,desnutricion aguda,desnutricion leve (l),2007-02-01,2,6,14,14,16,20,36
50203,LLALLAGUA,desnutricion aguda,desnutricion leve (l),2007-02-01,52,52,42,33,94,85,179
51401,LLICA,desnutricion aguda,desnutricion leve (l),2007-02-01,3,4,2,3,5,7,12
80601,LORETO,desnutricion aguda,desnutricion leve (l),2007-02-01,4,0,6,4,10,4,14
40702,MACHACAMARCA,desnutricion aguda,desnutricion leve (l),2007-02-01,6,5,3,3,9,8,17
11003,MACHARETI,desnutricion aguda,desnutricion leve (l),2007-02-01,21,10,25,30,46,40,86
80801,MAGDALENA,desnutricion aguda,desnutricion leve (l),2007-02-01,16,12,14,13,30,25,55
70903,MAIRANA,desnutricion aguda,desnutricion leve (l),2007-02-01,8,10,6,5,14,15,29
71003,MINEROS,desnutricion aguda,desnutricion leve (l),2007-02-01,17,35,10,10,27,45,72
31301,MIZQUE,desnutricion aguda,desnutricion leve (l),2007-02-01,38,50,49,57,87,107,194
51002,MOJINETE,desnutricion aguda,desnutricion leve (l),2007-02-01,2,0,1,1,3,1,4
10303,MOJOCOYA,desnutricion aguda,desnutricion leve (l),2007-02-01,6,5,15,12,21,17,38
10501,MONTEAGUDO,desnutricion aguda,desnutricion leve (l),2007-02-01,68,63,84,93,152,156,308
71001,MONTERO,desnutricion aguda,desnutricion leve (l),2007-02-01,165,122,117,114,282,236,518
70803,MORO MORO,desnutricion aguda,desnutricion leve (l),2007-02-01,4,3,4,1,8,4,12
30302,MOROCHATA,desnutricion aguda,desnutricion leve (l),2007-02-01,31,25,25,22,56,47,103
90401,NACEBE (SANTA ROSA DEL ABUNA),desnutricion aguda,desnutricion leve (l),2007-02-01,4,2,1,2,5,4,9
90501,NUEVO MANOA (NUEVA ESPERANZA),desnutricion aguda,desnutricion leve (l),2007-02-01,2,3,4,1,6,4,10
50404,OCURI,desnutricion aguda,desnutricion leve (l),2007-02-01,59,61,47,52,106,113,219
70202,OKINAWA,desnutricion aguda,desnutricion leve (l),2007-02-01,7,15,4,12,11,27,38
30203,OMEREQUE,desnutricion aguda,desnutricion leve (l),2007-02-01,12,9,19,13,31,22,53
40101,ORURO,desnutricion aguda,desnutricion leve (l),2007-02-01,298,231,172,143,470,374,844
60201,PADCAYA,desnutricion aguda,desnutricion leve (l),2007-02-01,16,13,11,18,27,31,58
10401,PADILLA,desnutricion aguda,desnutricion leve (l),2007-02-01,31,30,58,86,89,116,205
70502,PAILON,desnutricion aguda,desnutricion leve (l),2007-02-01,21,31,15,18,36,49,85
40802,PAMPA AULLAGAS,desnutricion aguda,desnutricion leve (l),2007-02-01,8,10,9,8,17,18,35
70902,PAMPA GRANDE,desnutricion aguda,desnutricion leve (l),2007-02-01,4,2,8,8,12,10,22
30202,PASORAPA,desnutricion aguda,desnutricion leve (l),2007-02-01,13,8,17,16,30,24,54
40602,PAZÑA,desnutricion aguda,desnutricion leve (l),2007-02-01,10,7,4,9,14,16,30
50403,POCOATA,desnutricion aguda,desnutricion leve (l),2007-02-01,46,54,54,68,100,122,222
31203,POCONA,desnutricion aguda,desnutricion leve (l),2007-02-01,7,16,11,13,18,29,47
31202,POJO (CBBA),desnutricion aguda,desnutricion leve (l),2007-02-01,14,9,9,13,23,22,45
40601,POOPO,desnutricion aguda,desnutricion leve (l),2007-02-01,8,4,3,8,11,12,23
51203,PORCO,desnutricion aguda,desnutricion leve (l),2007-02-01,22,16,11,17,33,33,66
10103,POROMA,desnutricion aguda,desnutricion leve (l),2007-02-01,45,58,45,62,90,120,210
70103,PORONGO,desnutricion aguda,desnutricion leve (l),2007-02-01,11,13,9,2,20,15,35
70601,PORTACHUELO,desnutricion aguda,desnutricion leve (l),2007-02-01,23,29,12,10,35,39,74
90102,PORVENIR,desnutricion aguda,desnutricion leve (l),2007-02-01,13,11,2,6,15,17,32
70804,POSTRER VALLE,desnutricion aguda,desnutricion leve (l),2007-02-01,2,4,2,5,4,9,13
50101,POTOSI,desnutricion aguda,desnutricion leve (l),2007-02-01,288,288,174,160,462,448,910
10302,PRESTO,desnutricion aguda,desnutricion leve (l),2007-02-01,26,21,41,26,67,47,114
70805,PUCARA,desnutricion aguda,desnutricion leve (l),2007-02-01,2,7,5,1,7,8,15
90301,PUERTO GONZALO MORENO,desnutricion aguda,desnutricion leve (l),2007-02-01,12,12,6,7,18,19,37
71402,PUERTO QUIJARRO,desnutricion aguda,desnutricion leve (l),2007-02-01,16,12,6,5,22,17,39
90201,PUERTO RICO,desnutricion aguda,desnutricion leve (l),2007-02-01,5,7,3,4,8,11,19
80703,PUERTO SILES,desnutricion aguda,desnutricion leve (l),2007-02-01,5,5,8,2,13,7,20
71401,PUERTO SUAREZ,desnutricion aguda,desnutricion leve (l),2007-02-01,14,13,2,10,16,23,39
31205,PUERTO VILLARROEL,desnutricion aguda,desnutricion leve (l),2007-02-01,88,65,73,61,161,126,287
51101,PUNA,desnutricion aguda,desnutricion leve (l),2007-02-01,80,81,80,100,160,181,341
31401,PUNATA,desnutricion aguda,desnutricion leve (l),2007-02-01,20,27,22,18,42,45,87
30901,QUILLACOLLO,desnutricion aguda,desnutricion leve (l),2007-02-01,54,57,61,64,115,121,236
21002,QUIME,desnutricion aguda,desnutricion leve (l),2007-02-01,2,3,3,4,5,7,12
70904,QUIRUSILLAS,desnutricion aguda,desnutricion leve (l),2007-02-01,0,0,0,2,0,2,2
50402,RAVELO,desnutricion aguda,desnutricion leve (l),2007-02-01,102,73,97,98,199,171,370
80301,REYES,desnutricion aguda,desnutricion leve (l),2007-02-01,5,24,18,23,23,47,70
80201,RIBERALTA,desnutricion aguda,desnutricion leve (l),2007-02-01,201,240,90,123,291,363,654
70503,ROBORE,desnutricion aguda,desnutricion leve (l),2007-02-01,18,24,12,14,30,38,68
80304,RURRENABAQUE,desnutricion aguda,desnutricion leve (l),2007-02-01,18,12,8,5,26,17,43
40901,SABAYA,desnutricion aguda,desnutricion leve (l),2007-02-01,1,7,1,1,2,8,10
31001,SACABA,desnutricion aguda,desnutricion leve (l),2007-02-01,70,76,66,50,136,126,262
30404,SACABAMBA,desnutricion aguda,desnutricion leve (l),2007-02-01,12,8,5,3,17,11,28
50701,SACACA,desnutricion aguda,desnutricion leve (l),2007-02-01,124,130,253,230,377,360,737
71302,SAIPINA,desnutricion aguda,desnutricion leve (l),2007-02-01,3,5,5,6,8,11,19
40801,SALINAS DE GARCI MENDOZA,desnutricion aguda,desnutricion leve (l),2007-02-01,14,14,13,18,27,32,59
70901,SAMAIPATA,desnutricion aguda,desnutricion leve (l),2007-02-01,3,10,4,4,7,14,21
51601,SAN AGUSTIN,desnutricion aguda,desnutricion leve (l),2007-02-01,4,2,3,2,7,4,11
80602,SAN ANDRES,desnutricion aguda,desnutricion leve (l),2007-02-01,9,6,12,5,21,11,32
51003,SAN ANTONIO DE ESMORUCO,desnutricion aguda,desnutricion leve (l),2007-02-01,5,4,1,1,6,5,11
71105,SAN ANTONIO DE LOMERIO,desnutricion aguda,desnutricion leve (l),2007-02-01,27,27,42,56,69,83,152
31403,SAN BENITO,desnutricion aguda,desnutricion leve (l),2007-02-01,22,11,12,26,34,37,71
80302,SAN BORJA,desnutricion aguda,desnutricion leve (l),2007-02-01,60,72,59,58,119,130,249
70402,SAN CARLOS,desnutricion aguda,desnutricion leve (l),2007-02-01,37,23,18,17,55,40,95
80501,SAN IGNACIO,desnutricion aguda,desnutricion leve (l),2007-02-01,51,59,45,49,96,108,204
70301,SAN IGNACIO DE VELASCO,desnutricion aguda,desnutricion leve (l),2007-02-01,98,124,96,113,194,237,431
80102,SAN JAVIER(BNI),desnutricion aguda,desnutricion leve (l),2007-02-01,1,0,2,4,3,4,7
80701,SAN JOAQUIN,desnutricion aguda,desnutricion leve (l),2007-02-01,0,0,7,13,7,13,20
70501,SAN JOSE DE CHIQUITOS,desnutricion aguda,desnutricion leve (l),2007-02-01,19,18,10,22,29,40,69
70404,SAN JUAN DE YAPACANI,desnutricion aguda,desnutricion leve (l),2007-02-01,8,12,13,17,21,29,50
71104,SAN JULIAN,desnutricion aguda,desnutricion leve (l),2007-02-01,26,18,24,25,50,43,93
90302,SAN LORENZO(PND),desnutricion aguda,desnutricion leve (l),2007-02-01,1,2,2,0,3,2,5
60501,SAN LORENZO(TJA),desnutricion aguda,desnutricion leve (l),2007-02-01,40,47,40,56,80,103,183
10702,SAN LUCAS,desnutricion aguda,desnutricion leve (l),2007-02-01,183,176,219,234,402,410,812
71201,SAN MATIAS,desnutricion aguda,desnutricion leve (l),2007-02-01,5,10,7,6,12,16,28
70302,SAN MIGUEL DE VELASCO,desnutricion aguda,desnutricion leve (l),2007-02-01,12,11,8,10,20,21,41
51001,SAN PABLO DE LIPEZ,desnutricion aguda,desnutricion leve (l),2007-02-01,10,8,9,5,19,13,32
71005,SAN PEDRO,desnutricion aguda,desnutricion leve (l),2007-02-01,19,23,22,30,41,53,94
50902,SAN PEDRO DE QUEMES,desnutricion aguda,desnutricion leve (l),2007-02-01,0,0,0,1,0,1,1
90202,SAN PEDRO(PND),desnutricion aguda,desnutricion leve (l),2007-02-01,1,1,1,3,2,4,6
70303,SAN RAFAEL,desnutricion aguda,desnutricion leve (l),2007-02-01,15,11,4,11,19,22,41
80702,SAN RAMON,desnutricion aguda,desnutricion leve (l),2007-02-01,1,12,4,8,5,20,25
80401,SANTA ANA,desnutricion aguda,desnutricion leve (l),2007-02-01,38,42,6,7,44,49,93
70101,SANTA CRUZ DE LA SIERRA,desnutricion aguda,desnutricion leve (l),2007-02-01,441,489,269,275,710,764,1474
80303,SANTA ROSA,desnutricion aguda,desnutricion leve (l),2007-02-01,9,9,6,5,15,14,29
70602,SANTA ROSA DEL SARA,desnutricion aguda,desnutricion leve (l),2007-02-01,18,16,17,22,35,38,73
41401,SANTIAGO DE HUARI,desnutricion aguda,desnutricion leve (l),2007-02-01,12,11,16,14,28,25,53
30702,SANTIVAÑES,desnutricion aguda,desnutricion leve (l),2007-02-01,7,3,13,9,20,12,32
40202,SANTUARIO DE QUILLACAS,desnutricion aguda,desnutricion leve (l),2007-02-01,2,7,9,4,11,11,22
90303,SENA,desnutricion aguda,desnutricion leve (l),2007-02-01,5,7,5,2,10,9,19
30703,SICAYA,desnutricion aguda,desnutricion leve (l),2007-02-01,10,6,5,3,15,9,24
30902,SIPE SIPE,desnutricion aguda,desnutricion leve (l),2007-02-01,81,72,44,48,125,120,245
10403,SOPACHUY,desnutricion aguda,desnutricion leve (l),2007-02-01,23,31,51,72,74,103,177
40104,SORACACHI,desnutricion aguda,desnutricion leve (l),2007-02-01,18,10,26,14,44,24,68
10101,SUCRE,desnutricion aguda,desnutricion leve (l),2007-02-01,298,265,298,305,596,570,1166
31404,TACACHI,desnutricion aguda,desnutricion leve (l),2007-02-01,2,3,5,3,7,6,13
50303,TACOBAMBA,desnutricion aguda,desnutricion leve (l),2007-02-01,13,14,19,15,32,29,61
30602,TACOPAYA,desnutricion aguda,desnutricion leve (l),2007-02-01,42,37,45,82,87,119,206
51402,TAHUA,desnutricion aguda,desnutricion leve (l),2007-02-01,1,1,0,0,1,1,2
31101,TAPACARI,desnutricion aguda,desnutricion leve (l),2007-02-01,76,88,54,53,130,141,271
10601,TARABUCO,desnutricion aguda,desnutricion leve (l),2007-02-01,130,86,153,202,283,288,571
30401,TARATA,desnutricion aguda,desnutricion leve (l),2007-02-01,16,7,2,4,18,11,29
60101,TARIJA,desnutricion aguda,desnutricion leve (l),2007-02-01,160,125,112,122,272,247,519
10202,TARVITA,desnutricion aguda,desnutricion leve (l),2007-02-01,38,53,93,122,131,175,306
50102,TINGUIPAYA,desnutricion aguda,desnutricion leve (l),2007-02-01,61,47,76,73,137,120,257
30903,TIQUIPAYA,desnutricion aguda,desnutricion leve (l),2007-02-01,54,38,45,43,99,81,180
31601,TIRAQUE (CBBA),desnutricion aguda,desnutricion leve (l),2007-02-01,74,53,52,58,126,111,237
30802,TOCO,desnutricion aguda,desnutricion leve (l),2007-02-01,4,2,3,4,7,6,13
30803,TOLATA,desnutricion aguda,desnutricion leve (l),2007-02-01,5,2,5,4,10,6,16
41001,TOLEDO,desnutricion aguda,desnutricion leve (l),2007-02-01,8,13,10,10,18,23,41
51202,TOMAVE,desnutricion aguda,desnutricion leve (l),2007-02-01,39,9,33,8,72,17,89
10402,TOMINA,desnutricion aguda,desnutricion leve (l),2007-02-01,44,43,61,74,105,117,222
50502,TORO TORO,desnutricion aguda,desnutricion leve (l),2007-02-01,24,27,25,27,49,54,103
31201,TOTORA(CBBA),desnutricion aguda,desnutricion leve (l),2007-02-01,16,11,23,26,39,37,76
41301,TOTORA(ORR),desnutricion aguda,desnutricion leve (l),2007-02-01,2,4,6,6,8,10,18
70802,TRIGAL,desnutricion aguda,desnutricion leve (l),2007-02-01,0,1,1,0,1,1,2
80101,TRINIDAD,desnutricion aguda,desnutricion leve (l),2007-02-01,103,82,84,89,187,171,358
50801,TUPIZA,desnutricion aguda,desnutricion leve (l),2007-02-01,83,80,103,120,186,200,386
40402,TURCO,desnutricion aguda,desnutricion leve (l),2007-02-01,5,4,4,2,9,6,15
50201,UNCIA,desnutricion aguda,desnutricion leve (l),2007-02-01,38,30,41,36,79,66,145
60401,URIONDO (A. CONCEPCION),desnutricion aguda,desnutricion leve (l),2007-02-01,21,18,22,40,43,58,101
71502,URUBICHA,desnutricion aguda,desnutricion leve (l),2007-02-01,33,50,44,36,77,86,163
51201,UYUNI,desnutricion aguda,desnutricion leve (l),2007-02-01,15,7,6,13,21,20,41
30502,VACAS,desnutricion aguda,desnutricion leve (l),2007-02-01,18,20,14,21,32,41,73
70801,VALLEGRANDE,desnutricion aguda,desnutricion leve (l),2007-02-01,18,14,6,11,24,25,49
31302,VILA VILA,desnutricion aguda,desnutricion leve (l),2007-02-01,4,2,3,3,7,5,12
60303,VILLA MONTES,desnutricion aguda,desnutricion leve (l),2007-02-01,23,23,29,41,52,64,116
90502,VILLA NUEVA (LOMA ALTA),desnutricion aguda,desnutricion leve (l),2007-02-01,0,5,1,2,1,7,8
31402,VILLA RIVERO,desnutricion aguda,desnutricion leve (l),2007-02-01,7,13,27,20,34,33,67
10801,VILLA SERRANO,desnutricion aguda,desnutricion leve (l),2007-02-01,24,35,63,69,87,104,191
31003,VILLA TUNARI,desnutricion aguda,desnutricion leve (l),2007-02-01,93,86,103,106,196,192,388
11001,VILLA VACA GUZMAN (MUYUPAMPA),desnutricion aguda,desnutricion leve (l),2007-02-01,33,24,30,48,63,72,135
51501,VILLAZON,desnutricion aguda,desnutricion leve (l),2007-02-01,51,54,43,49,94,103,197
30904,VINTO,desnutricion aguda,desnutricion leve (l),2007-02-01,7,18,3,5,10,23,33
50602,VITICHI,desnutricion aguda,desnutricion leve (l),2007-02-01,20,30,50,55,70,85,155
70201,WARNES,desnutricion aguda,desnutricion leve (l),2007-02-01,55,47,28,25,83,72,155
60301,YACUIBA,desnutricion aguda,desnutricion leve (l),2007-02-01,61,60,29,52,90,112,202
10602,YAMPARAEZ,desnutricion aguda,desnutricion leve (l),2007-02-01,42,32,89,95,131,127,258
70403,YAPACANI,desnutricion aguda,desnutricion leve (l),2007-02-01,81,53,40,45,121,98,219
50103,YOCALLA,desnutricion aguda,desnutricion leve (l),2007-02-01,6,1,2,11,8,12,20
10102,YOTALA,desnutricion aguda,desnutricion leve (l),2007-02-01,21,19,34,39,55,58,113
60402,YUNCHARA,desnutricion aguda,desnutricion leve (l),2007-02-01,17,14,30,19,47,33,80
10301,ZUDAÑEZ,desnutricion aguda,desnutricion leve (l),2007-02-01,23,23,32,51,55,74,129
51302,ACACIO,desnutricion aguda,desnutricion leve (l),2007-03-01,7,7,13,23,20,30,50
30201,AIQUILE,desnutricion aguda,desnutricion leve (l),2007-03-01,29,28,40,41,69,69,138
31303,ALALAY,desnutricion aguda,desnutricion leve (l),2007-03-01,8,5,12,14,20,19,39
10404,ALCALA,desnutricion aguda,desnutricion leve (l),2007-03-01,17,19,27,34,44,53,97
41201,ANDAMARCA,desnutricion aguda,desnutricion leve (l),2007-03-01,4,4,7,4,11,8,19
40603,ANTEQUERA,desnutricion aguda,desnutricion leve (l),2007-03-01,9,11,10,9,19,20,39
30402,ANZALDO,desnutricion aguda,desnutricion leve (l),2007-03-01,13,16,23,29,36,45,81
51301,ARAMPAMPA,desnutricion aguda,desnutricion leve (l),2007-03-01,20,23,35,27,55,50,105
30501,ARANI,desnutricion aguda,desnutricion leve (l),2007-03-01,20,24,19,23,39,47,86
30403,ARBIETO,desnutricion aguda,desnutricion leve (l),2007-03-01,13,7,19,19,32,26,58
30601,ARQUE,desnutricion aguda,desnutricion leve (l),2007-03-01,26,36,38,66,64,102,166
50802,ATOCHA,desnutricion aguda,desnutricion leve (l),2007-03-01,21,14,16,15,37,29,66
30301,AYOPAYA (V. DE INDEPENDENCIA),desnutricion aguda,desnutricion leve (l),2007-03-01,59,55,67,71,126,126,252
10201,AZURDUY,desnutricion aguda,desnutricion leve (l),2007-03-01,54,61,82,114,136,175,311
80802,BAURES,desnutricion aguda,desnutricion leve (l),2007-03-01,5,9,7,9,12,18,30
50104,BELEN DE URMIRI,desnutricion aguda,desnutricion leve (l),2007-03-01,7,9,12,6,19,15,34
90104,BELLA FLOR,desnutricion aguda,desnutricion leve (l),2007-03-01,6,6,2,3,8,9,17
60202,BERMEJO,desnutricion aguda,desnutricion leve (l),2007-03-01,3,3,6,3,9,6,15
50301,BETANZOS,desnutricion aguda,desnutricion leve (l),2007-03-01,69,84,88,106,157,190,347
31501,BOLIVAR,desnutricion aguda,desnutricion leve (l),2007-03-01,43,59,50,49,93,108,201
90103,BOLPEBRA,desnutricion aguda,desnutricion leve (l),2007-03-01,4,0,4,6,8,6,14
70707,BOYUIBE,desnutricion aguda,desnutricion leve (l),2007-03-01,13,7,8,11,21,18,39
70401,BUENA VISTA,desnutricion aguda,desnutricion leve (l),2007-03-01,11,6,9,17,20,23,43
70703,CABEZAS,desnutricion aguda,desnutricion leve (l),2007-03-01,20,20,25,22,45,42,87
51102,"CAIZA ""D""",desnutricion aguda,desnutricion leve (l),2007-03-01,18,18,23,21,41,39,80
21003,CAJUATA,desnutricion aguda,desnutricion leve (l),2007-03-01,10,23,13,6,23,29,52
10701,CAMARGO,desnutricion aguda,desnutricion leve (l),2007-03-01,46,63,62,68,108,131,239
10901,CAMATAQUI (C. VILLA ABECIA),desnutricion aguda,desnutricion leve (l),2007-03-01,15,7,14,13,29,20,49
70706,CAMIRI,desnutricion aguda,desnutricion leve (l),2007-03-01,52,92,69,86,121,178,299
30701,CAPINOTA,desnutricion aguda,desnutricion leve (l),2007-03-01,33,55,49,48,82,103,185
40102,CARACOLLO,desnutricion aguda,desnutricion leve (l),2007-03-01,24,23,23,37,47,60,107
41503,CARANGAS,desnutricion aguda,desnutricion leve (l),2007-03-01,0,1,0,0,0,1,1
60302,CARAPARI,desnutricion aguda,desnutricion leve (l),2007-03-01,9,8,11,14,20,22,42
50702,CARIPUYO,desnutricion aguda,desnutricion leve (l),2007-03-01,75,48,70,76,145,124,269
71403,CARMEN RIVERO TORREZ,desnutricion aguda,desnutricion leve (l),2007-03-01,6,6,6,3,12,9,21
40201,CHALLAPATA,desnutricion aguda,desnutricion leve (l),2007-03-01,43,37,45,43,88,80,168
50302,CHAQUI,desnutricion aguda,desnutricion leve (l),2007-03-01,24,25,27,32,51,57,108
70702,CHARAGUA,desnutricion aguda,desnutricion leve (l),2007-03-01,33,32,28,45,61,77,138
50202,CHAYANTA,desnutricion aguda,desnutricion leve (l),2007-03-01,47,26,59,73,106,99,205
31204,CHIMORE,desnutricion aguda,desnutricion leve (l),2007-03-01,43,29,33,41,76,70,146
40903,CHIPAYA,desnutricion aguda,desnutricion leve (l),2007-03-01,1,5,5,9,6,14,20
90101,COBIJA,desnutricion aguda,desnutricion leve (l),2007-03-01,61,57,41,215,102,272,374
30101,COCHABAMBA,desnutricion aguda,desnutricion leve (l),2007-03-01,358,340,285,261,643,601,1244
40902,COIPASA,desnutricion aguda,desnutricion leve (l),2007-03-01,2,1,4,1,6,2,8
30905,COLCAPIRHUA,desnutricion aguda,desnutricion leve (l),2007-03-01,17,33,25,38,42,71,113
50901,"COLCHA ""K""",desnutricion aguda,desnutricion leve (l),2007-03-01,15,20,14,19,29,39,68
31002,COLOMI,desnutricion aguda,desnutricion leve (l),2007-03-01,49,53,57,45,106,98,204
70603,COLPA BELGICA,desnutricion aguda,desnutricion leve (l),2007-03-01,4,7,9,11,13,18,31
50401,COLQUECHACA,desnutricion aguda,desnutricion leve (l),2007-03-01,95,115,61,95,156,210,366
21004,COLQUIRI,desnutricion aguda,desnutricion leve (l),2007-03-01,31,20,21,29,52,49,101
71301,COMARAPA,desnutricion aguda,desnutricion leve (l),2007-03-01,23,32,18,19,41,51,92
71101,CONCEPCION,desnutricion aguda,desnutricion leve (l),2007-03-01,14,27,13,17,27,44,71
40301,CORQUE,desnutricion aguda,desnutricion leve (l),2007-03-01,8,16,17,13,25,29,54
50601,COTAGAITA,desnutricion aguda,desnutricion leve (l),2007-03-01,60,81,73,88,133,169,302
70102,COTOCA,desnutricion aguda,desnutricion leve (l),2007-03-01,32,29,21,22,53,51,104
71106,CUATRO CAÑADAS,desnutricion aguda,desnutricion leve (l),2007-03-01,22,17,8,12,30,29,59
31405,CUCHUMUELA (V. G. VILLARROEL),desnutricion aguda,desnutricion leve (l),2007-03-01,2,1,0,0,2,1,3
70704,CUEVO,desnutricion aguda,desnutricion leve (l),2007-03-01,7,5,18,17,25,22,47
10902,CULPINA,desnutricion aguda,desnutricion leve (l),2007-03-01,80,92,103,127,183,219,402
40401,CURAHUARA DE CARANGAS,desnutricion aguda,desnutricion leve (l),2007-03-01,6,10,9,8,15,18,33
40103,EL CHORO,desnutricion aguda,desnutricion leve (l),2007-03-01,6,2,6,6,12,8,20
71503,EL PUENTE(STC),desnutricion aguda,desnutricion leve (l),2007-03-01,18,20,10,12,28,32,60
60502,EL PUENTE(TJA),desnutricion aguda,desnutricion leve (l),2007-03-01,9,6,18,31,27,37,64
70105,EL TORNO,desnutricion aguda,desnutricion leve (l),2007-03-01,7,6,5,1,12,7,19
10405,EL VILLAR,desnutricion aguda,desnutricion leve (l),2007-03-01,8,19,18,27,26,46,72
60601,ENTRE RIOS,desnutricion aguda,desnutricion leve (l),2007-03-01,23,28,40,44,63,72,135
60601,ENTRE RIOS,desnutricion aguda,desnutricion leve (l),2007-03-01,58,78,53,75,111,153,264
40502,ESCARA,desnutricion aguda,desnutricion leve (l),2007-03-01,0,2,0,0,0,2,2
41101,EUCALIPTUS,desnutricion aguda,desnutricion leve (l),2007-03-01,10,9,6,4,16,13,29
80402,EXALTACION,desnutricion aguda,desnutricion leve (l),2007-03-01,4,2,2,6,6,8,14
71004,FERNANDEZ ALONSO,desnutricion aguda,desnutricion leve (l),2007-03-01,13,14,9,7,22,21,43
90203,FILADELFIA,desnutricion aguda,desnutricion leve (l),2007-03-01,7,7,1,7,8,14,22
71002,GENERAL SAAVEDRA,desnutricion aguda,desnutricion leve (l),2007-03-01,20,21,15,14,35,35,70
80202,GUAYARAMERIN,desnutricion aguda,desnutricion leve (l),2007-03-01,65,58,30,56,95,114,209
70705,GUTIERREZ,desnutricion aguda,desnutricion leve (l),2007-03-01,7,9,14,19,21,28,49
10502,HUACARETA,desnutricion aguda,desnutricion leve (l),2007-03-01,17,20,28,29,45,49,94
11002,HUACAYA (VILLA DE HUACAYA),desnutricion aguda,desnutricion leve (l),2007-03-01,13,6,16,10,29,16,45
40501,HUACHACALLA,desnutricion aguda,desnutricion leve (l),2007-03-01,1,1,1,2,2,3,5
40701,HUANUNI,desnutricion aguda,desnutricion leve (l),2007-03-01,5,6,3,5,8,11,19
80803,HUARACAJE,desnutricion aguda,desnutricion leve (l),2007-03-01,4,9,3,4,7,13,20
41601,HUAYLLAMARCA,desnutricion aguda,desnutricion leve (l),2007-03-01,4,6,5,8,9,14,23
21005,ICHOCA,desnutricion aguda,desnutricion leve (l),2007-03-01,2,0,1,1,3,1,4
10304,ICLA,desnutricion aguda,desnutricion leve (l),2007-03-01,53,54,105,132,158,186,344
10703,INCAHUASI,desnutricion aguda,desnutricion leve (l),2007-03-01,107,107,108,138,215,245,460
90402,INGAVI (HUMAITA),desnutricion aguda,desnutricion leve (l),2007-03-01,0,0,3,1,3,1,4
21001,INQUISIVI,desnutricion aguda,desnutricion leve (l),2007-03-01,19,9,15,9,34,18,52
70104,LA GUARDIA,desnutricion aguda,desnutricion leve (l),2007-03-01,21,26,25,16,46,42,88
70701,LAGUNILLAS,desnutricion aguda,desnutricion leve (l),2007-03-01,10,14,26,32,36,46,82
10903,LAS CARRERAS,desnutricion aguda,desnutricion leve (l),2007-03-01,7,4,21,22,28,26,54
50203,LLALLAGUA,desnutricion aguda,desnutricion leve (l),2007-03-01,82,74,107,84,189,158,347
51401,LLICA,desnutricion aguda,desnutricion leve (l),2007-03-01,8,6,4,9,12,15,27
80601,LORETO,desnutricion aguda,desnutricion leve (l),2007-03-01,4,2,0,1,4,3,7
40702,MACHACAMARCA,desnutricion aguda,desnutricion leve (l),2007-03-01,5,6,4,5,9,11,20
11003,MACHARETI,desnutricion aguda,desnutricion leve (l),2007-03-01,19,11,31,32,50,43,93
80801,MAGDALENA,desnutricion aguda,desnutricion leve (l),2007-03-01,9,9,5,6,14,15,29
70903,MAIRANA,desnutricion aguda,desnutricion leve (l),2007-03-01,9,6,8,17,17,23,40
71003,MINEROS,desnutricion aguda,desnutricion leve (l),2007-03-01,38,42,13,21,51,63,114
31301,MIZQUE,desnutricion aguda,desnutricion leve (l),2007-03-01,78,70,61,79,139,149,288
51002,MOJINETE,desnutricion aguda,desnutricion leve (l),2007-03-01,0,2,1,3,1,5,6
10303,MOJOCOYA,desnutricion aguda,desnutricion leve (l),2007-03-01,25,29,32,41,57,70,127
10501,MONTEAGUDO,desnutricion aguda,desnutricion leve (l),2007-03-01,56,53,114,109,170,162,332
71001,MONTERO,desnutricion aguda,desnutricion leve (l),2007-03-01,178,161,126,124,304,285,589
70803,MORO MORO,desnutricion aguda,desnutricion leve (l),2007-03-01,1,9,4,2,5,11,16
30302,MOROCHATA,desnutricion aguda,desnutricion leve (l),2007-03-01,32,35,42,34,74,69,143
90401,NACEBE (SANTA ROSA DEL ABUNA),desnutricion aguda,desnutricion leve (l),2007-03-01,2,6,5,8,7,14,21
50404,OCURI,desnutricion aguda,desnutricion leve (l),2007-03-01,68,62,86,79,154,141,295
70202,OKINAWA,desnutricion aguda,desnutricion leve (l),2007-03-01,5,16,5,16,10,32,42
30203,OMEREQUE,desnutricion aguda,desnutricion leve (l),2007-03-01,4,12,15,12,19,24,43
40101,ORURO,desnutricion aguda,desnutricion leve (l),2007-03-01,312,281,175,191,487,472,959
60201,PADCAYA,desnutricion aguda,desnutricion leve (l),2007-03-01,11,16,14,19,25,35,60
10401,PADILLA,desnutricion aguda,desnutricion leve (l),2007-03-01,42,36,77,117,119,153,272
70502,PAILON,desnutricion aguda,desnutricion leve (l),2007-03-01,28,36,14,16,42,52,94
40802,PAMPA AULLAGAS,desnutricion aguda,desnutricion leve (l),2007-03-01,9,12,14,11,23,23,46
70902,PAMPA GRANDE,desnutricion aguda,desnutricion leve (l),2007-03-01,6,3,7,6,13,9,22
30202,PASORAPA,desnutricion aguda,desnutricion leve (l),2007-03-01,4,12,15,17,19,29,48
40602,PAZÑA,desnutricion aguda,desnutricion leve (l),2007-03-01,9,15,12,10,21,25,46
50403,POCOATA,desnutricion aguda,desnutricion leve (l),2007-03-01,65,86,96,116,161,202,363
31203,POCONA,desnutricion aguda,desnutricion leve (l),2007-03-01,16,10,18,17,34,27,61
31202,POJO (CBBA),desnutricion aguda,desnutricion leve (l),2007-03-01,32,31,46,48,78,79,157
40601,POOPO,desnutricion aguda,desnutricion leve (l),2007-03-01,8,7,4,7,12,14,26
51203,PORCO,desnutricion aguda,desnutricion leve (l),2007-03-01,24,31,12,9,36,40,76
10103,POROMA,desnutricion aguda,desnutricion leve (l),2007-03-01,64,69,76,90,140,159,299
70103,PORONGO,desnutricion aguda,desnutricion leve (l),2007-03-01,0,1,0,1,0,2,2
70601,PORTACHUELO,desnutricion aguda,desnutricion leve (l),2007-03-01,24,16,18,15,42,31,73
90102,PORVENIR,desnutricion aguda,desnutricion leve (l),2007-03-01,3,11,3,8,6,19,25
70804,POSTRER VALLE,desnutricion aguda,desnutricion leve (l),2007-03-01,5,3,6,8,11,11,22
50101,POTOSI,desnutricion aguda,desnutricion leve (l),2007-03-01,318,313,202,207,520,520,1040
10302,PRESTO,desnutricion aguda,desnutricion leve (l),2007-03-01,45,28,55,42,100,70,170
70805,PUCARA,desnutricion aguda,desnutricion leve (l),2007-03-01,1,2,1,2,2,4,6
90301,PUERTO GONZALO MORENO,desnutricion aguda,desnutricion leve (l),2007-03-01,16,22,4,10,20,32,52
71402,PUERTO QUIJARRO,desnutricion aguda,desnutricion leve (l),2007-03-01,25,12,6,6,31,18,49
90201,PUERTO RICO,desnutricion aguda,desnutricion leve (l),2007-03-01,4,13,9,11,13,24,37
80703,PUERTO SILES,desnutricion aguda,desnutricion leve (l),2007-03-01,5,4,2,2,7,6,13
71401,PUERTO SUAREZ,desnutricion aguda,desnutricion leve (l),2007-03-01,16,13,4,5,20,18,38
31205,PUERTO VILLARROEL,desnutricion aguda,desnutricion leve (l),2007-03-01,107,107,90,109,197,216,413
51101,PUNA,desnutricion aguda,desnutricion leve (l),2007-03-01,106,93,126,114,232,207,439
31401,PUNATA,desnutricion aguda,desnutricion leve (l),2007-03-01,32,24,29,29,61,53,114
30901,QUILLACOLLO,desnutricion aguda,desnutricion leve (l),2007-03-01,70,78,60,64,130,142,272
21002,QUIME,desnutricion aguda,desnutricion leve (l),2007-03-01,6,4,4,2,10,6,16
70904,QUIRUSILLAS,desnutricion aguda,desnutricion leve (l),2007-03-01,1,3,1,6,2,9,11
50402,RAVELO,desnutricion aguda,desnutricion leve (l),2007-03-01,118,129,127,152,245,281,526
80301,REYES,desnutricion aguda,desnutricion leve (l),2007-03-01,15,20,12,18,27,38,65
80201,RIBERALTA,desnutricion aguda,desnutricion leve (l),2007-03-01,264,371,137,197,401,568,969
70503,ROBORE,desnutricion aguda,desnutricion leve (l),2007-03-01,28,27,23,22,51,49,100
80304,RURRENABAQUE,desnutricion aguda,desnutricion leve (l),2007-03-01,24,21,7,14,31,35,66
40901,SABAYA,desnutricion aguda,desnutricion leve (l),2007-03-01,4,6,6,5,10,11,21
31001,SACABA,desnutricion aguda,desnutricion leve (l),2007-03-01,102,94,76,101,178,195,373
30404,SACABAMBA,desnutricion aguda,desnutricion leve (l),2007-03-01,16,9,11,8,27,17,44
50701,SACACA,desnutricion aguda,desnutricion leve (l),2007-03-01,127,166,247,243,374,409,783
71302,SAIPINA,desnutricion aguda,desnutricion leve (l),2007-03-01,17,13,7,7,24,20,44
40801,SALINAS DE GARCI MENDOZA,desnutricion aguda,desnutricion leve (l),2007-03-01,12,14,18,15,30,29,59
70901,SAMAIPATA,desnutricion aguda,desnutricion leve (l),2007-03-01,10,9,9,9,19,18,37
51601,SAN AGUSTIN,desnutricion aguda,desnutricion leve (l),2007-03-01,3,3,4,7,7,10,17
80602,SAN ANDRES,desnutricion aguda,desnutricion leve (l),2007-03-01,15,8,13,13,28,21,49
51003,SAN ANTONIO DE ESMORUCO,desnutricion aguda,desnutricion leve (l),2007-03-01,2,5,1,3,3,8,11
71105,SAN ANTONIO DE LOMERIO,desnutricion aguda,desnutricion leve (l),2007-03-01,32,37,44,65,76,102,178
31403,SAN BENITO,desnutricion aguda,desnutricion leve (l),2007-03-01,8,15,15,16,23,31,54
80302,SAN BORJA,desnutricion aguda,desnutricion leve (l),2007-03-01,48,46,28,36,76,82,158
70402,SAN CARLOS,desnutricion aguda,desnutricion leve (l),2007-03-01,31,19,18,30,49,49,98
80501,SAN IGNACIO,desnutricion aguda,desnutricion leve (l),2007-03-01,23,30,24,34,47,64,111
70301,SAN IGNACIO DE VELASCO,desnutricion aguda,desnutricion leve (l),2007-03-01,141,154,141,145,282,299,581
80102,SAN JAVIER(BNI),desnutricion aguda,desnutricion leve (l),2007-03-01,2,2,4,2,6,4,10
80701,SAN JOAQUIN,desnutricion aguda,desnutricion leve (l),2007-03-01,5,5,3,4,8,9,17
70501,SAN JOSE DE CHIQUITOS,desnutricion aguda,desnutricion leve (l),2007-03-01,16,25,11,20,27,45,72
70404,SAN JUAN DE YAPACANI,desnutricion aguda,desnutricion leve (l),2007-03-01,13,16,15,13,28,29,57
71104,SAN JULIAN,desnutricion aguda,desnutricion leve (l),2007-03-01,28,39,45,65,73,104,177
90302,SAN LORENZO(PND),desnutricion aguda,desnutricion leve (l),2007-03-01,7,13,15,6,22,19,41
60501,SAN LORENZO(TJA),desnutricion aguda,desnutricion leve (l),2007-03-01,38,39,49,58,87,97,184
10702,SAN LUCAS,desnutricion aguda,desnutricion leve (l),2007-03-01,194,180,210,199,404,379,783
71201,SAN MATIAS,desnutricion aguda,desnutricion leve (l),2007-03-01,15,7,7,9,22,16,38
70302,SAN MIGUEL DE VELASCO,desnutricion aguda,desnutricion leve (l),2007-03-01,16,13,20,24,36,37,73
51001,SAN PABLO DE LIPEZ,desnutricion aguda,desnutricion leve (l),2007-03-01,5,5,12,6,17,11,28
71005,SAN PEDRO,desnutricion aguda,desnutricion leve (l),2007-03-01,19,31,24,42,43,73,116
50902,SAN PEDRO DE QUEMES,desnutricion aguda,desnutricion leve (l),2007-03-01,1,3,1,0,2,3,5
90202,SAN PEDRO(PND),desnutricion aguda,desnutricion leve (l),2007-03-01,2,1,1,3,3,4,7
70303,SAN RAFAEL,desnutricion aguda,desnutricion leve (l),2007-03-01,23,20,8,18,31,38,69
80702,SAN RAMON,desnutricion aguda,desnutricion leve (l),2007-03-01,5,7,2,3,7,10,17
80401,SANTA ANA,desnutricion aguda,desnutricion leve (l),2007-03-01,41,63,13,30,54,93,147
70101,SANTA CRUZ DE LA SIERRA,desnutricion aguda,desnutricion leve (l),2007-03-01,627,590,344,501,971,1091,2062
80303,SANTA ROSA,desnutricion aguda,desnutricion leve (l),2007-03-01,11,8,4,1,15,9,24
70602,SANTA ROSA DEL SARA,desnutricion aguda,desnutricion leve (l),2007-03-01,14,12,25,28,39,40,79
41401,SANTIAGO DE HUARI,desnutricion aguda,desnutricion leve (l),2007-03-01,11,8,34,14,45,22,67
30702,SANTIVAÑES,desnutricion aguda,desnutricion leve (l),2007-03-01,14,7,18,13,32,20,52
40202,SANTUARIO DE QUILLACAS,desnutricion aguda,desnutricion leve (l),2007-03-01,2,2,5,1,7,3,10
90303,SENA,desnutricion aguda,desnutricion leve (l),2007-03-01,3,4,4,0,7,4,11
30703,SICAYA,desnutricion aguda,desnutricion leve (l),2007-03-01,17,13,11,10,28,23,51
30902,SIPE SIPE,desnutricion aguda,desnutricion leve (l),2007-03-01,74,65,55,50,129,115,244
10403,SOPACHUY,desnutricion aguda,desnutricion leve (l),2007-03-01,31,39,63,64,94,103,197
40104,SORACACHI,desnutricion aguda,desnutricion leve (l),2007-03-01,17,16,12,15,29,31,60
10101,SUCRE,desnutricion aguda,desnutricion leve (l),2007-03-01,355,336,364,433,719,769,1488
31404,TACACHI,desnutricion aguda,desnutricion leve (l),2007-03-01,1,0,0,3,1,3,4
50303,TACOBAMBA,desnutricion aguda,desnutricion leve (l),2007-03-01,14,24,17,19,31,43,74
30602,TACOPAYA,desnutricion aguda,desnutricion leve (l),2007-03-01,31,49,50,81,81,130,211
51402,TAHUA,desnutricion aguda,desnutricion leve (l),2007-03-01,1,1,2,0,3,1,4
31101,TAPACARI,desnutricion aguda,desnutricion leve (l),2007-03-01,92,95,101,58,193,153,346
10601,TARABUCO,desnutricion aguda,desnutricion leve (l),2007-03-01,136,112,180,197,316,309,625
30401,TARATA,desnutricion aguda,desnutricion leve (l),2007-03-01,9,9,7,6,16,15,31
60101,TARIJA,desnutricion aguda,desnutricion leve (l),2007-03-01,218,175,183,191,401,366,767
10202,TARVITA,desnutricion aguda,desnutricion leve (l),2007-03-01,62,68,157,188,219,256,475
50102,TINGUIPAYA,desnutricion aguda,desnutricion leve (l),2007-03-01,61,76,81,91,142,167,309
30903,TIQUIPAYA,desnutricion aguda,desnutricion leve (l),2007-03-01,78,48,42,50,120,98,218
31601,TIRAQUE (CBBA),desnutricion aguda,desnutricion leve (l),2007-03-01,83,89,73,75,156,164,320
30802,TOCO,desnutricion aguda,desnutricion leve (l),2007-03-01,10,8,9,5,19,13,32
30803,TOLATA,desnutricion aguda,desnutricion leve (l),2007-03-01,8,7,7,10,15,17,32
41001,TOLEDO,desnutricion aguda,desnutricion leve (l),2007-03-01,9,8,9,8,18,16,34
51202,TOMAVE,desnutricion aguda,desnutricion leve (l),2007-03-01,34,12,43,12,77,24,101
10402,TOMINA,desnutricion aguda,desnutricion leve (l),2007-03-01,60,48,84,95,144,143,287
50502,TORO TORO,desnutricion aguda,desnutricion leve (l),2007-03-01,46,41,51,50,97,91,188
31201,TOTORA(CBBA),desnutricion aguda,desnutricion leve (l),2007-03-01,33,21,24,18,57,39,96
41301,TOTORA(ORR),desnutricion aguda,desnutricion leve (l),2007-03-01,4,5,4,4,8,9,17
70802,TRIGAL,desnutricion aguda,desnutricion leve (l),2007-03-01,1,1,2,3,3,4,7
80101,TRINIDAD,desnutricion aguda,desnutricion leve (l),2007-03-01,115,110,79,76,194,186,380
50801,TUPIZA,desnutricion aguda,desnutricion leve (l),2007-03-01,64,57,79,103,143,160,303
40402,TURCO,desnutricion aguda,desnutricion leve (l),2007-03-01,5,4,5,3,10,7,17
50201,UNCIA,desnutricion aguda,desnutricion leve (l),2007-03-01,36,35,44,34,80,69,149
60401,URIONDO (A. CONCEPCION),desnutricion aguda,desnutricion leve (l),2007-03-01,35,31,23,37,58,68,126
51201,UYUNI,desnutricion aguda,desnutricion leve (l),2007-03-01,21,25,24,29,45,54,99
30502,VACAS,desnutricion aguda,desnutricion leve (l),2007-03-01,21,26,11,12,32,38,70
70801,VALLEGRANDE,desnutricion aguda,desnutricion leve (l),2007-03-01,15,19,13,25,28,44,72
31302,VILA VILA,desnutricion aguda,desnutricion leve (l),2007-03-01,6,9,4,5,10,14,24
60303,VILLA MONTES,desnutricion aguda,desnutricion leve (l),2007-03-01,35,32,31,23,66,55,121
90502,VILLA NUEVA (LOMA ALTA),desnutricion aguda,desnutricion leve (l),2007-03-01,0,3,0,2,0,5,5
31402,VILLA RIVERO,desnutricion aguda,desnutricion leve (l),2007-03-01,11,10,10,15,21,25,46
10801,VILLA SERRANO,desnutricion aguda,desnutricion leve (l),2007-03-01,45,44,81,90,126,134,260
31003,VILLA TUNARI,desnutricion aguda,desnutricion leve (l),2007-03-01,93,86,58,90,151,176,327
11001,VILLA VACA GUZMAN (MUYUPAMPA),desnutricion aguda,desnutricion leve (l),2007-03-01,17,24,20,40,37,64,101
51501,VILLAZON,desnutricion aguda,desnutricion leve (l),2007-03-01,82,73,61,74,143,147,290
30904,VINTO,desnutricion aguda,desnutricion leve (l),2007-03-01,17,11,10,5,27,16,43
50602,VITICHI,desnutricion aguda,desnutricion leve (l),2007-03-01,33,20,51,23,84,43,127
70201,WARNES,desnutricion aguda,desnutricion leve (l),2007-03-01,49,33,28,37,77,70,147
60301,YACUIBA,desnutricion aguda,desnutricion leve (l),2007-03-01,44,42,40,42,84,84,168
10602,YAMPARAEZ,desnutricion aguda,desnutricion leve (l),2007-03-01,46,39,96,106,142,145,287
70403,YAPACANI,desnutricion aguda,desnutricion leve (l),2007-03-01,77,55,44,45,121,100,221
50103,YOCALLA,desnutricion aguda,desnutricion leve (l),2007-03-01,8,4,8,9,16,13,29
10102,YOTALA,desnutricion aguda,desnutricion leve (l),2007-03-01,31,18,36,45,67,63,130
60402,YUNCHARA,desnutricion aguda,desnutricion leve (l),2007-03-01,11,10,32,33,43,43,86
10301,ZUDAÑEZ,desnutricion aguda,desnutricion leve (l),2007-03-01,34,32,36,67,70,99,169
51302,ACACIO,desnutricion aguda,desnutricion leve (l),2007-04-01,39,38,28,44,67,82,149
30201,AIQUILE,desnutricion aguda,desnutricion leve (l),2007-04-01,21,28,17,26,38,54,92
31303,ALALAY,desnutricion aguda,desnutricion leve (l),2007-04-01,13,12,11,26,24,38,62
10404,ALCALA,desnutricion aguda,desnutricion leve (l),2007-04-01,16,16,31,35,47,51,98
41201,ANDAMARCA,desnutricion aguda,desnutricion leve (l),2007-04-01,2,2,4,3,6,5,11
40603,ANTEQUERA,desnutricion aguda,desnutricion leve (l),2007-04-01,4,6,14,17,18,23,41
30402,ANZALDO,desnutricion aguda,desnutricion leve (l),2007-04-01,12,7,23,16,35,23,58
51301,ARAMPAMPA,desnutricion aguda,desnutricion leve (l),2007-04-01,25,18,31,31,56,49,105
30501,ARANI,desnutricion aguda,desnutricion leve (l),2007-04-01,2,1,1,4,3,5,8
30403,ARBIETO,desnutricion aguda,desnutricion leve (l),2007-04-01,8,5,16,9,24,14,38
30601,ARQUE,desnutricion aguda,desnutricion leve (l),2007-04-01,28,22,27,31,55,53,108
71501,ASCENCION DE GUARAYOS,desnutricion aguda,desnutricion leve (l),2007-04-01,68,71,88,123,156,194,350
50802,ATOCHA,desnutricion aguda,desnutricion leve (l),2007-04-01,21,24,27,26,48,50,98
30301,AYOPAYA (V. DE INDEPENDENCIA),desnutricion aguda,desnutricion leve (l),2007-04-01,41,42,50,70,91,112,203
10201,AZURDUY,desnutricion aguda,desnutricion leve (l),2007-04-01,44,63,113,118,157,181,338
80802,BAURES,desnutricion aguda,desnutricion leve (l),2007-04-01,13,6,11,11,24,17,41
41202,BELEN DE ANDAMARCA,desnutricion aguda,desnutricion leve (l),2007-04-01,0,1,0,0,0,1,1
50104,BELEN DE URMIRI,desnutricion aguda,desnutricion leve (l),2007-04-01,3,3,4,4,7,7,14
90104,BELLA FLOR,desnutricion aguda,desnutricion leve (l),2007-04-01,8,5,2,3,10,8,18
60202,BERMEJO,desnutricion aguda,desnutricion leve (l),2007-04-01,1,0,3,2,4,2,6
50301,BETANZOS,desnutricion aguda,desnutricion leve (l),2007-04-01,51,90,111,136,162,226,388
31501,BOLIVAR,desnutricion aguda,desnutricion leve (l),2007-04-01,28,32,19,21,47,53,100
90103,BOLPEBRA,desnutricion aguda,desnutricion leve (l),2007-04-01,2,2,2,10,4,12,16
70707,BOYUIBE,desnutricion aguda,desnutricion leve (l),2007-04-01,6,7,6,5,12,12,24
70401,BUENA VISTA,desnutricion aguda,desnutricion leve (l),2007-04-01,7,7,1,4,8,11,19
70703,CABEZAS,desnutricion aguda,desnutricion leve (l),2007-04-01,31,20,29,31,60,51,111
51102,"CAIZA ""D""",desnutricion aguda,desnutricion leve (l),2007-04-01,18,13,17,20,35,33,68
21003,CAJUATA,desnutricion aguda,desnutricion leve (l),2007-04-01,10,19,10,7,20,26,46
10701,CAMARGO,desnutricion aguda,desnutricion leve (l),2007-04-01,45,66,60,88,105,154,259
10901,CAMATAQUI (C. VILLA ABECIA),desnutricion aguda,desnutricion leve (l),2007-04-01,18,8,10,18,28,26,54
70706,CAMIRI,desnutricion aguda,desnutricion leve (l),2007-04-01,52,74,62,57,114,131,245
30701,CAPINOTA,desnutricion aguda,desnutricion leve (l),2007-04-01,59,45,33,27,92,72,164
40102,CARACOLLO,desnutricion aguda,desnutricion leve (l),2007-04-01,11,15,11,9,22,24,46
41503,CARANGAS,desnutricion aguda,desnutricion leve (l),2007-04-01,0,1,0,2,0,3,3
60302,CARAPARI,desnutricion aguda,desnutricion leve (l),2007-04-01,11,8,15,15,26,23,49
50702,CARIPUYO,desnutricion aguda,desnutricion leve (l),2007-04-01,43,23,52,52,95,75,170
71403,CARMEN RIVERO TORREZ,desnutricion aguda,desnutricion leve (l),2007-04-01,0,0,2,2,2,2,4
40201,CHALLAPATA,desnutricion aguda,desnutricion leve (l),2007-04-01,38,62,34,34,72,96,168
50302,CHAQUI,desnutricion aguda,desnutricion leve (l),2007-04-01,14,22,29,27,43,49,92
70702,CHARAGUA,desnutricion aguda,desnutricion leve (l),2007-04-01,26,26,28,42,54,68,122
50202,CHAYANTA,desnutricion aguda,desnutricion leve (l),2007-04-01,21,25,31,43,52,68,120
31204,CHIMORE,desnutricion aguda,desnutricion leve (l),2007-04-01,20,12,28,10,48,22,70
40903,CHIPAYA,desnutricion aguda,desnutricion leve (l),2007-04-01,2,3,2,5,4,8,12
40302,CHOQUE COTA,desnutricion aguda,desnutricion leve (l),2007-04-01,2,3,3,3,5,6,11
90101,COBIJA,desnutricion aguda,desnutricion leve (l),2007-04-01,58,45,55,61,113,106,219
30101,COCHABAMBA,desnutricion aguda,desnutricion leve (l),2007-04-01,373,301,269,253,642,554,1196
40902,COIPASA,desnutricion aguda,desnutricion leve (l),2007-04-01,0,1,0,0,0,1,1
30905,COLCAPIRHUA,desnutricion aguda,desnutricion leve (l),2007-04-01,20,26,20,28,40,54,94
50901,"COLCHA ""K""",desnutricion aguda,desnutricion leve (l),2007-04-01,24,19,12,16,36,35,71
31002,COLOMI,desnutricion aguda,desnutricion leve (l),2007-04-01,81,54,44,54,125,108,233
70603,COLPA BELGICA,desnutricion aguda,desnutricion leve (l),2007-04-01,5,8,7,7,12,15,27
50401,COLQUECHACA,desnutricion aguda,desnutricion leve (l),2007-04-01,73,70,72,77,145,147,292
21004,COLQUIRI,desnutricion aguda,desnutricion leve (l),2007-04-01,12,14,4,9,16,23,39
71301,COMARAPA,desnutricion aguda,desnutricion leve (l),2007-04-01,16,11,14,17,30,28,58
71101,CONCEPCION,desnutricion aguda,desnutricion leve (l),2007-04-01,24,33,14,13,38,46,84
40301,CORQUE,desnutricion aguda,desnutricion leve (l),2007-04-01,6,7,13,7,19,14,33
50601,COTAGAITA,desnutricion aguda,desnutricion leve (l),2007-04-01,61,52,79,124,140,176,316
70102,COTOCA,desnutricion aguda,desnutricion leve (l),2007-04-01,69,74,61,68,130,142,272
71106,CUATRO CAÑADAS,desnutricion aguda,desnutricion leve (l),2007-04-01,9,10,1,9,10,19,29
31405,CUCHUMUELA (V. G. VILLARROEL),desnutricion aguda,desnutricion leve (l),2007-04-01,0,0,3,2,3,2,5
70704,CUEVO,desnutricion aguda,desnutricion leve (l),2007-04-01,1,7,6,3,7,10,17
10902,CULPINA,desnutricion aguda,desnutricion leve (l),2007-04-01,87,90,110,132,197,222,419
40401,CURAHUARA DE CARANGAS,desnutricion aguda,desnutricion leve (l),2007-04-01,1,2,4,0,5,2,7
40103,EL CHORO,desnutricion aguda,desnutricion leve (l),2007-04-01,5,1,5,4,10,5,15
71503,EL PUENTE(STC),desnutricion aguda,desnutricion leve (l),2007-04-01,11,21,12,9,23,30,53
60502,EL PUENTE(TJA),desnutricion aguda,desnutricion leve (l),2007-04-01,11,15,16,22,27,37,64
70105,EL TORNO,desnutricion aguda,desnutricion leve (l),2007-04-01,25,20,10,16,35,36,71
10405,EL VILLAR,desnutricion aguda,desnutricion leve (l),2007-04-01,10,19,26,35,36,54,90
60601,ENTRE RIOS,desnutricion aguda,desnutricion leve (l),2007-04-01,17,18,15,26,32,44,76
60601,ENTRE RIOS,desnutricion aguda,desnutricion leve (l),2007-04-01,72,51,64,50,136,101,237
40502,ESCARA,desnutricion aguda,desnutricion leve (l),2007-04-01,1,0,1,0,2,0,2
41101,EUCALIPTUS,desnutricion aguda,desnutricion leve (l),2007-04-01,1,4,0,0,1,4,5
90503,EUREKA (SANTOS MERCADO),desnutricion aguda,desnutricion leve (l),2007-04-01,1,1,0,1,1,2,3
80402,EXALTACION,desnutricion aguda,desnutricion leve (l),2007-04-01,7,1,3,8,10,9,19
71004,FERNANDEZ ALONSO,desnutricion aguda,desnutricion leve (l),2007-04-01,10,9,10,6,20,15,35
90203,FILADELFIA,desnutricion aguda,desnutricion leve (l),2007-04-01,5,2,3,3,8,5,13
71002,GENERAL SAAVEDRA,desnutricion aguda,desnutricion leve (l),2007-04-01,16,14,7,9,23,23,46
80202,GUAYARAMERIN,desnutricion aguda,desnutricion leve (l),2007-04-01,43,48,40,43,83,91,174
70705,GUTIERREZ,desnutricion aguda,desnutricion leve (l),2007-04-01,34,34,58,54,92,88,180
10502,HUACARETA,desnutricion aguda,desnutricion leve (l),2007-04-01,27,20,21,33,48,53,101
11002,HUACAYA (VILLA DE HUACAYA),desnutricion aguda,desnutricion leve (l),2007-04-01,4,6,5,5,9,11,20
40501,HUACHACALLA,desnutricion aguda,desnutricion leve (l),2007-04-01,0,0,1,1,1,1,2
40701,HUANUNI,desnutricion aguda,desnutricion leve (l),2007-04-01,10,4,4,4,14,8,22
80803,HUARACAJE,desnutricion aguda,desnutricion leve (l),2007-04-01,7,7,11,6,18,13,31
41601,HUAYLLAMARCA,desnutricion aguda,desnutricion leve (l),2007-04-01,2,1,1,2,3,3,6
21005,ICHOCA,desnutricion aguda,desnutricion leve (l),2007-04-01,11,9,1,4,12,13,25
10304,ICLA,desnutricion aguda,desnutricion leve (l),2007-04-01,51,55,81,109,132,164,296
10703,INCAHUASI,desnutricion aguda,desnutricion leve (l),2007-04-01,122,134,138,132,260,266,526
90402,INGAVI (HUMAITA),desnutricion aguda,desnutricion leve (l),2007-04-01,2,3,3,3,5,6,11
21001,INQUISIVI,desnutricion aguda,desnutricion leve (l),2007-04-01,22,27,21,14,43,41,84
70104,LA GUARDIA,desnutricion aguda,desnutricion leve (l),2007-04-01,51,66,45,49,96,115,211
70701,LAGUNILLAS,desnutricion aguda,desnutricion leve (l),2007-04-01,12,10,20,17,32,27,59
10903,LAS CARRERAS,desnutricion aguda,desnutricion leve (l),2007-04-01,3,2,14,22,17,24,41
50203,LLALLAGUA,desnutricion aguda,desnutricion leve (l),2007-04-01,59,51,53,56,112,107,219
51401,LLICA,desnutricion aguda,desnutricion leve (l),2007-04-01,4,7,3,1,7,8,15
80601,LORETO,desnutricion aguda,desnutricion leve (l),2007-04-01,8,4,5,14,13,18,31
40702,MACHACAMARCA,desnutricion aguda,desnutricion leve (l),2007-04-01,1,3,2,0,3,3,6
11003,MACHARETI,desnutricion aguda,desnutricion leve (l),2007-04-01,19,16,23,24,42,40,82
80801,MAGDALENA,desnutricion aguda,desnutricion leve (l),2007-04-01,10,17,5,7,15,24,39
70903,MAIRANA,desnutricion aguda,desnutricion leve (l),2007-04-01,4,2,9,9,13,11,24
71003,MINEROS,desnutricion aguda,desnutricion leve (l),2007-04-01,18,20,10,14,28,34,62
31301,MIZQUE,desnutricion aguda,desnutricion leve (l),2007-04-01,71,59,38,43,109,102,211
51002,MOJINETE,desnutricion aguda,desnutricion leve (l),2007-04-01,1,1,1,0,2,1,3
10303,MOJOCOYA,desnutricion aguda,desnutricion leve (l),2007-04-01,27,29,36,30,63,59,122
10501,MONTEAGUDO,desnutricion aguda,desnutricion leve (l),2007-04-01,49,65,99,114,148,179,327
71001,MONTERO,desnutricion aguda,desnutricion leve (l),2007-04-01,179,132,117,106,296,238,534
70803,MORO MORO,desnutricion aguda,desnutricion leve (l),2007-04-01,9,5,1,4,10,9,19
30302,MOROCHATA,desnutricion aguda,desnutricion leve (l),2007-04-01,62,49,60,57,122,106,228
90401,NACEBE (SANTA ROSA DEL ABUNA),desnutricion aguda,desnutricion leve (l),2007-04-01,2,2,5,7,7,9,16
90501,NUEVO MANOA (NUEVA ESPERANZA),desnutricion aguda,desnutricion leve (l),2007-04-01,2,4,2,1,4,5,9
50404,OCURI,desnutricion aguda,desnutricion leve (l),2007-04-01,37,52,49,32,86,84,170
70202,OKINAWA,desnutricion aguda,desnutricion leve (l),2007-04-01,13,24,10,14,23,38,61
30203,OMEREQUE,desnutricion aguda,desnutricion leve (l),2007-04-01,3,5,5,6,8,11,19
40101,ORURO,desnutricion aguda,desnutricion leve (l),2007-04-01,194,168,130,121,324,289,613
60201,PADCAYA,desnutricion aguda,desnutricion leve (l),2007-04-01,7,17,12,14,19,31,50
10401,PADILLA,desnutricion aguda,desnutricion leve (l),2007-04-01,39,17,57,104,96,121,217
70502,PAILON,desnutricion aguda,desnutricion leve (l),2007-04-01,17,27,9,18,26,45,71
40802,PAMPA AULLAGAS,desnutricion aguda,desnutricion leve (l),2007-04-01,5,6,9,4,14,10,24
70902,PAMPA GRANDE,desnutricion aguda,desnutricion leve (l),2007-04-01,0,4,7,5,7,9,16
30202,PASORAPA,desnutricion aguda,desnutricion leve (l),2007-04-01,5,5,9,11,14,16,30
40602,PAZÑA,desnutricion aguda,desnutricion leve (l),2007-04-01,3,1,4,2,7,3,10
50403,POCOATA,desnutricion aguda,desnutricion leve (l),2007-04-01,53,65,46,74,99,139,238
31203,POCONA,desnutricion aguda,desnutricion leve (l),2007-04-01,21,13,23,18,44,31,75
31202,POJO (CBBA),desnutricion aguda,desnutricion leve (l),2007-04-01,13,12,8,7,21,19,40
40601,POOPO,desnutricion aguda,desnutricion leve (l),2007-04-01,13,4,9,7,22,11,33
51203,PORCO,desnutricion aguda,desnutricion leve (l),2007-04-01,28,28,12,19,40,47,87
10103,POROMA,desnutricion aguda,desnutricion leve (l),2007-04-01,75,87,107,112,182,199,381
70103,PORONGO,desnutricion aguda,desnutricion leve (l),2007-04-01,7,7,4,1,11,8,19
70601,PORTACHUELO,desnutricion aguda,desnutricion leve (l),2007-04-01,18,11,16,15,34,26,60
90102,PORVENIR,desnutricion aguda,desnutricion leve (l),2007-04-01,10,7,3,17,13,24,37
70804,POSTRER VALLE,desnutricion aguda,desnutricion leve (l),2007-04-01,3,4,1,3,4,7,11
50101,POTOSI,desnutricion aguda,desnutricion leve (l),2007-04-01,247,249,168,189,415,438,853
10302,PRESTO,desnutricion aguda,desnutricion leve (l),2007-04-01,45,32,49,52,94,84,178
70805,PUCARA,desnutricion aguda,desnutricion leve (l),2007-04-01,3,4,4,0,7,4,11
90301,PUERTO GONZALO MORENO,desnutricion aguda,desnutricion leve (l),2007-04-01,8,11,6,6,14,17,31
71402,PUERTO QUIJARRO,desnutricion aguda,desnutricion leve (l),2007-04-01,10,11,3,1,13,12,25
90201,PUERTO RICO,desnutricion aguda,desnutricion leve (l),2007-04-01,5,3,5,7,10,10,20
80703,PUERTO SILES,desnutricion aguda,desnutricion leve (l),2007-04-01,3,4,6,1,9,5,14
71401,PUERTO SUAREZ,desnutricion aguda,desnutricion leve (l),2007-04-01,10,11,0,10,10,21,31
31205,PUERTO VILLARROEL,desnutricion aguda,desnutricion leve (l),2007-04-01,117,118,103,88,220,206,426
51101,PUNA,desnutricion aguda,desnutricion leve (l),2007-04-01,52,50,79,95,131,145,276
31401,PUNATA,desnutricion aguda,desnutricion leve (l),2007-04-01,16,23,20,21,36,44,80
30901,QUILLACOLLO,desnutricion aguda,desnutricion leve (l),2007-04-01,62,52,47,43,109,95,204
21002,QUIME,desnutricion aguda,desnutricion leve (l),2007-04-01,11,4,6,2,17,6,23
70904,QUIRUSILLAS,desnutricion aguda,desnutricion leve (l),2007-04-01,1,1,0,0,1,1,2
50402,RAVELO,desnutricion aguda,desnutricion leve (l),2007-04-01,67,76,105,93,172,169,341
80301,REYES,desnutricion aguda,desnutricion leve (l),2007-04-01,14,15,18,13,32,28,60
80201,RIBERALTA,desnutricion aguda,desnutricion leve (l),2007-04-01,206,226,88,90,294,316,610
70503,ROBORE,desnutricion aguda,desnutricion leve (l),2007-04-01,25,29,13,24,38,53,91
80304,RURRENABAQUE,desnutricion aguda,desnutricion leve (l),2007-04-01,13,13,6,6,19,19,38
40901,SABAYA,desnutricion aguda,desnutricion leve (l),2007-04-01,2,7,3,4,5,11,16
31001,SACABA,desnutricion aguda,desnutricion leve (l),2007-04-01,110,89,67,83,177,172,349
30404,SACABAMBA,desnutricion aguda,desnutricion leve (l),2007-04-01,7,6,1,4,8,10,18
50701,SACACA,desnutricion aguda,desnutricion leve (l),2007-04-01,105,116,195,178,300,294,594
71302,SAIPINA,desnutricion aguda,desnutricion leve (l),2007-04-01,3,3,2,3,5,6,11
40801,SALINAS DE GARCI MENDOZA,desnutricion aguda,desnutricion leve (l),2007-04-01,6,12,7,8,13,20,33
70901,SAMAIPATA,desnutricion aguda,desnutricion leve (l),2007-04-01,6,10,5,6,11,16,27
51601,SAN AGUSTIN,desnutricion aguda,desnutricion leve (l),2007-04-01,3,3,3,6,6,9,15
80602,SAN ANDRES,desnutricion aguda,desnutricion leve (l),2007-04-01,16,15,8,22,24,37,61
51003,SAN ANTONIO DE ESMORUCO,desnutricion aguda,desnutricion leve (l),2007-04-01,3,3,1,1,4,4,8
71105,SAN ANTONIO DE LOMERIO,desnutricion aguda,desnutricion leve (l),2007-04-01,32,42,43,44,75,86,161
31403,SAN BENITO,desnutricion aguda,desnutricion leve (l),2007-04-01,16,13,18,14,34,27,61
80302,SAN BORJA,desnutricion aguda,desnutricion leve (l),2007-04-01,34,48,24,36,58,84,142
70402,SAN CARLOS,desnutricion aguda,desnutricion leve (l),2007-04-01,37,37,16,29,53,66,119
80501,SAN IGNACIO,desnutricion aguda,desnutricion leve (l),2007-04-01,49,49,34,46,83,95,178
70301,SAN IGNACIO DE VELASCO,desnutricion aguda,desnutricion leve (l),2007-04-01,84,125,77,86,161,211,372
80102,SAN JAVIER(BNI),desnutricion aguda,desnutricion leve (l),2007-04-01,4,3,2,8,6,11,17
80701,SAN JOAQUIN,desnutricion aguda,desnutricion leve (l),2007-04-01,0,2,8,6,8,8,16
70501,SAN JOSE DE CHIQUITOS,desnutricion aguda,desnutricion leve (l),2007-04-01,12,19,5,9,17,28,45
70404,SAN JUAN DE YAPACANI,desnutricion aguda,desnutricion leve (l),2007-04-01,14,15,5,9,19,24,43
71104,SAN JULIAN,desnutricion aguda,desnutricion leve (l),2007-04-01,14,13,12,13,26,26,52
90302,SAN LORENZO(PND),desnutricion aguda,desnutricion leve (l),2007-04-01,3,7,0,6,3,13,16
60501,SAN LORENZO(TJA),desnutricion aguda,desnutricion leve (l),2007-04-01,27,24,58,54,85,78,163
10702,SAN LUCAS,desnutricion aguda,desnutricion leve (l),2007-04-01,207,192,234,244,441,436,877
71201,SAN MATIAS,desnutricion aguda,desnutricion leve (l),2007-04-01,6,3,8,5,14,8,22
70302,SAN MIGUEL DE VELASCO,desnutricion aguda,desnutricion leve (l),2007-04-01,22,12,12,23,34,35,69
51001,SAN PABLO DE LIPEZ,desnutricion aguda,desnutricion leve (l),2007-04-01,14,7,4,8,18,15,33
71005,SAN PEDRO,desnutricion aguda,desnutricion leve (l),2007-04-01,28,16,18,20,46,36,82
50501,SAN PEDRO DE BUENA VISTA,desnutricion aguda,desnutricion leve (l),2007-04-01,2,4,2,3,4,7,11
50902,SAN PEDRO DE QUEMES,desnutricion aguda,desnutricion leve (l),2007-04-01,0,1,0,0,0,1,1
90202,SAN PEDRO(PND),desnutricion aguda,desnutricion leve (l),2007-04-01,3,1,3,2,6,3,9
70303,SAN RAFAEL,desnutricion aguda,desnutricion leve (l),2007-04-01,14,15,9,13,23,28,51
80702,SAN RAMON,desnutricion aguda,desnutricion leve (l),2007-04-01,6,9,5,0,11,9,20
80401,SANTA ANA,desnutricion aguda,desnutricion leve (l),2007-04-01,17,18,10,8,27,26,53
70101,SANTA CRUZ DE LA SIERRA,desnutricion aguda,desnutricion leve (l),2007-04-01,486,508,249,276,735,784,1519
80303,SANTA ROSA,desnutricion aguda,desnutricion leve (l),2007-04-01,2,8,1,1,3,9,12
70602,SANTA ROSA DEL SARA,desnutricion aguda,desnutricion leve (l),2007-04-01,22,24,17,17,39,41,80
41401,SANTIAGO DE HUARI,desnutricion aguda,desnutricion leve (l),2007-04-01,12,11,15,13,27,24,51
30702,SANTIVAÑES,desnutricion aguda,desnutricion leve (l),2007-04-01,8,12,17,15,25,27,52
40202,SANTUARIO DE QUILLACAS,desnutricion aguda,desnutricion leve (l),2007-04-01,1,3,1,0,2,3,5
90303,SENA,desnutricion aguda,desnutricion leve (l),2007-04-01,0,0,1,0,1,0,1
30703,SICAYA,desnutricion aguda,desnutricion leve (l),2007-04-01,6,6,3,1,9,7,16
30902,SIPE SIPE,desnutricion aguda,desnutricion leve (l),2007-04-01,67,71,57,50,124,121,245
10403,SOPACHUY,desnutricion aguda,desnutricion leve (l),2007-04-01,22,26,55,83,77,109,186
40104,SORACACHI,desnutricion aguda,desnutricion leve (l),2007-04-01,10,13,20,11,30,24,54
10101,SUCRE,desnutricion aguda,desnutricion leve (l),2007-04-01,298,263,305,290,603,553,1156
31404,TACACHI,desnutricion aguda,desnutricion leve (l),2007-04-01,2,1,2,1,4,2,6
50303,TACOBAMBA,desnutricion aguda,desnutricion leve (l),2007-04-01,45,41,43,52,88,93,181
30602,TACOPAYA,desnutricion aguda,desnutricion leve (l),2007-04-01,23,20,37,44,60,64,124
51402,TAHUA,desnutricion aguda,desnutricion leve (l),2007-04-01,0,1,2,0,2,1,3
31101,TAPACARI,desnutricion aguda,desnutricion leve (l),2007-04-01,84,70,74,72,158,142,300
10601,TARABUCO,desnutricion aguda,desnutricion leve (l),2007-04-01,114,101,166,233,280,334,614
30401,TARATA,desnutricion aguda,desnutricion leve (l),2007-04-01,1,2,2,2,3,4,7
60101,TARIJA,desnutricion aguda,desnutricion leve (l),2007-04-01,131,124,138,128,269,252,521
10202,TARVITA,desnutricion aguda,desnutricion leve (l),2007-04-01,43,59,100,108,143,167,310
50102,TINGUIPAYA,desnutricion aguda,desnutricion leve (l),2007-04-01,77,53,81,91,158,144,302
30903,TIQUIPAYA,desnutricion aguda,desnutricion leve (l),2007-04-01,42,35,36,61,78,96,174
31601,TIRAQUE (CBBA),desnutricion aguda,desnutricion leve (l),2007-04-01,57,40,44,46,101,86,187
30802,TOCO,desnutricion aguda,desnutricion leve (l),2007-04-01,2,1,3,1,5,2,7
41502,TODOS SANTOS,desnutricion aguda,desnutricion leve (l),2007-04-01,0,3,0,1,0,4,4
30803,TOLATA,desnutricion aguda,desnutricion leve (l),2007-04-01,2,2,2,1,4,3,7
41001,TOLEDO,desnutricion aguda,desnutricion leve (l),2007-04-01,2,11,9,8,11,19,30
51202,TOMAVE,desnutricion aguda,desnutricion leve (l),2007-04-01,21,19,38,17,59,36,95
10402,TOMINA,desnutricion aguda,desnutricion leve (l),2007-04-01,42,54,54,86,96,140,236
50502,TORO TORO,desnutricion aguda,desnutricion leve (l),2007-04-01,24,21,32,30,56,51,107
31201,TOTORA(CBBA),desnutricion aguda,desnutricion leve (l),2007-04-01,25,21,19,23,44,44,88
41301,TOTORA(ORR),desnutricion aguda,desnutricion leve (l),2007-04-01,4,2,3,1,7,3,10
70802,TRIGAL,desnutricion aguda,desnutricion leve (l),2007-04-01,3,1,3,1,6,2,8
80101,TRINIDAD,desnutricion aguda,desnutricion leve (l),2007-04-01,125,102,93,76,218,178,396
50801,TUPIZA,desnutricion aguda,desnutricion leve (l),2007-04-01,57,70,56,84,113,154,267
40402,TURCO,desnutricion aguda,desnutricion leve (l),2007-04-01,1,3,5,2,6,5,11
50201,UNCIA,desnutricion aguda,desnutricion leve (l),2007-04-01,17,12,20,17,37,29,66
60401,URIONDO (A. CONCEPCION),desnutricion aguda,desnutricion leve (l),2007-04-01,29,17,44,19,73,36,109
71502,URUBICHA,desnutricion aguda,desnutricion leve (l),2007-04-01,27,38,15,17,42,55,97
51201,UYUNI,desnutricion aguda,desnutricion leve (l),2007-04-01,3,8,3,3,6,11,17
30502,VACAS,desnutricion aguda,desnutricion leve (l),2007-04-01,28,19,22,24,50,43,93
70801,VALLEGRANDE,desnutricion aguda,desnutricion leve (l),2007-04-01,8,12,16,19,24,31,55
31302,VILA VILA,desnutricion aguda,desnutricion leve (l),2007-04-01,17,15,10,21,27,36,63
60303,VILLA MONTES,desnutricion aguda,desnutricion leve (l),2007-04-01,30,35,18,27,48,62,110
90502,VILLA NUEVA (LOMA ALTA),desnutricion aguda,desnutricion leve (l),2007-04-01,4,13,12,10,16,23,39
31402,VILLA RIVERO,desnutricion aguda,desnutricion leve (l),2007-04-01,4,8,13,4,17,12,29
10801,VILLA SERRANO,desnutricion aguda,desnutricion leve (l),2007-04-01,52,47,71,100,123,147,270
31003,VILLA TUNARI,desnutricion aguda,desnutricion leve (l),2007-04-01,121,84,73,79,194,163,357
11001,VILLA VACA GUZMAN (MUYUPAMPA),desnutricion aguda,desnutricion leve (l),2007-04-01,12,14,13,26,25,40,65
51501,VILLAZON,desnutricion aguda,desnutricion leve (l),2007-04-01,68,60,72,67,140,127,267
30904,VINTO,desnutricion aguda,desnutricion leve (l),2007-04-01,12,10,5,13,17,23,40
50602,VITICHI,desnutricion aguda,desnutricion leve (l),2007-04-01,34,25,45,43,79,68,147
70201,WARNES,desnutricion aguda,desnutricion leve (l),2007-04-01,37,37,20,24,57,61,118
60301,YACUIBA,desnutricion aguda,desnutricion leve (l),2007-04-01,44,55,43,44,87,99,186
10602,YAMPARAEZ,desnutricion aguda,desnutricion leve (l),2007-04-01,55,37,98,95,153,132,285
70403,YAPACANI,desnutricion aguda,desnutricion leve (l),2007-04-01,66,64,42,54,108,118,226
50103,YOCALLA,desnutricion aguda,desnutricion leve (l),2007-04-01,8,8,6,3,14,11,25
10102,YOTALA,desnutricion aguda,desnutricion leve (l),2007-04-01,21,24,50,48,71,72,143
60402,YUNCHARA,desnutricion aguda,desnutricion leve (l),2007-04-01,22,13,47,36,69,49,118
10301,ZUDAÑEZ,desnutricion aguda,desnutricion leve (l),2007-04-01,32,32,39,63,71,95,166
51302,ACACIO,desnutricion aguda,desnutricion leve (l),2007-05-01,21,25,32,27,53,52,105
30201,AIQUILE,desnutricion aguda,desnutricion leve (l),2007-05-01,70,47,42,73,112,120,232
31303,ALALAY,desnutricion aguda,desnutricion leve (l),2007-05-01,16,8,14,11,30,19,49
10404,ALCALA,desnutricion aguda,desnutricion leve (l),2007-05-01,22,19,32,35,54,54,108
41201,ANDAMARCA,desnutricion aguda,desnutricion leve (l),2007-05-01,1,0,1,5,2,5,7
40603,ANTEQUERA,desnutricion aguda,desnutricion leve (l),2007-05-01,2,1,1,1,3,2,5
30402,ANZALDO,desnutricion aguda,desnutricion leve (l),2007-05-01,14,12,20,19,34,31,65
51301,ARAMPAMPA,desnutricion aguda,desnutricion leve (l),2007-05-01,20,21,28,29,48,50,98
30501,ARANI,desnutricion aguda,desnutricion leve (l),2007-05-01,14,12,9,10,23,22,45
30403,ARBIETO,desnutricion aguda,desnutricion leve (l),2007-05-01,17,19,11,13,28,32,60
30601,ARQUE,desnutricion aguda,desnutricion leve (l),2007-05-01,37,36,46,46,83,82,165
71501,ASCENCION DE GUARAYOS,desnutricion aguda,desnutricion leve (l),2007-05-01,0,1,1,0,1,1,2
50802,ATOCHA,desnutricion aguda,desnutricion leve (l),2007-05-01,39,23,39,29,78,52,130
30301,AYOPAYA (V. DE INDEPENDENCIA),desnutricion aguda,desnutricion leve (l),2007-05-01,53,51,51,52,104,103,207
10201,AZURDUY,desnutricion aguda,desnutricion leve (l),2007-05-01,45,66,83,131,128,197,325
80802,BAURES,desnutricion aguda,desnutricion leve (l),2007-05-01,6,7,10,15,16,22,38
41202,BELEN DE ANDAMARCA,desnutricion aguda,desnutricion leve (l),2007-05-01,0,0,0,1,0,1,1
50104,BELEN DE URMIRI,desnutricion aguda,desnutricion leve (l),2007-05-01,0,3,5,3,5,6,11
90104,BELLA FLOR,desnutricion aguda,desnutricion leve (l),2007-05-01,8,8,12,11,20,19,39
60202,BERMEJO,desnutricion aguda,desnutricion leve (l),2007-05-01,4,5,12,9,16,14,30
50301,BETANZOS,desnutricion aguda,desnutricion leve (l),2007-05-01,70,81,113,129,183,210,393
31501,BOLIVAR,desnutricion aguda,desnutricion leve (l),2007-05-01,45,47,51,62,96,109,205
90103,BOLPEBRA,desnutricion aguda,desnutricion leve (l),2007-05-01,4,5,3,2,7,7,14
70707,BOYUIBE,desnutricion aguda,desnutricion leve (l),2007-05-01,1,5,7,4,8,9,17
70401,BUENA VISTA,desnutricion aguda,desnutricion leve (l),2007-05-01,3,10,9,9,12,19,31
70703,CABEZAS,desnutricion aguda,desnutricion leve (l),2007-05-01,28,28,25,34,53,62,115
51102,"CAIZA ""D""",desnutricion aguda,desnutricion leve (l),2007-05-01,17,15,17,17,34,32,66
21003,CAJUATA,desnutricion aguda,desnutricion leve (l),2007-05-01,8,11,9,3,17,14,31
10701,CAMARGO,desnutricion aguda,desnutricion leve (l),2007-05-01,67,66,74,99,141,165,306
10901,CAMATAQUI (C. VILLA ABECIA),desnutricion aguda,desnutricion leve (l),2007-05-01,16,12,15,15,31,27,58
70706,CAMIRI,desnutricion aguda,desnutricion leve (l),2007-05-01,37,59,34,45,71,104,175
30701,CAPINOTA,desnutricion aguda,desnutricion leve (l),2007-05-01,38,35,24,23,62,58,120
40102,CARACOLLO,desnutricion aguda,desnutricion leve (l),2007-05-01,17,13,15,19,32,32,64
41503,CARANGAS,desnutricion aguda,desnutricion leve (l),2007-05-01,0,3,1,0,1,3,4
60302,CARAPARI,desnutricion aguda,desnutricion leve (l),2007-05-01,6,10,13,11,19,21,40
50702,CARIPUYO,desnutricion aguda,desnutricion leve (l),2007-05-01,33,25,44,43,77,68,145
71403,CARMEN RIVERO TORREZ,desnutricion aguda,desnutricion leve (l),2007-05-01,6,0,1,9,7,9,16
40201,CHALLAPATA,desnutricion aguda,desnutricion leve (l),2007-05-01,38,56,36,34,74,90,164
50302,CHAQUI,desnutricion aguda,desnutricion leve (l),2007-05-01,12,19,23,24,35,43,78
70702,CHARAGUA,desnutricion aguda,desnutricion leve (l),2007-05-01,23,25,24,29,47,54,101
50202,CHAYANTA,desnutricion aguda,desnutricion leve (l),2007-05-01,36,20,52,42,88,62,150
31204,CHIMORE,desnutricion aguda,desnutricion leve (l),2007-05-01,27,14,21,19,48,33,81
40903,CHIPAYA,desnutricion aguda,desnutricion leve (l),2007-05-01,2,4,8,7,10,11,21
40302,CHOQUE COTA,desnutricion aguda,desnutricion leve (l),2007-05-01,3,5,0,3,3,8,11
90101,COBIJA,desnutricion aguda,desnutricion leve (l),2007-05-01,44,40,22,24,66,64,130
30101,COCHABAMBA,desnutricion aguda,desnutricion leve (l),2007-05-01,336,326,267,270,603,596,1199
40902,COIPASA,desnutricion aguda,desnutricion leve (l),2007-05-01,0,1,0,0,0,1,1
30905,COLCAPIRHUA,desnutricion aguda,desnutricion leve (l),2007-05-01,24,34,20,32,44,66,110
50901,"COLCHA ""K""",desnutricion aguda,desnutricion leve (l),2007-05-01,26,28,16,17,42,45,87
31002,COLOMI,desnutricion aguda,desnutricion leve (l),2007-05-01,43,41,35,45,78,86,164
70603,COLPA BELGICA,desnutricion aguda,desnutricion leve (l),2007-05-01,4,5,6,1,10,6,16
50401,COLQUECHACA,desnutricion aguda,desnutricion leve (l),2007-05-01,70,69,85,73,155,142,297
21004,COLQUIRI,desnutricion aguda,desnutricion leve (l),2007-05-01,13,13,9,4,22,17,39
71301,COMARAPA,desnutricion aguda,desnutricion leve (l),2007-05-01,18,20,8,9,26,29,55
71101,CONCEPCION,desnutricion aguda,desnutricion leve (l),2007-05-01,8,20,10,12,18,32,50
40301,CORQUE,desnutricion aguda,desnutricion leve (l),2007-05-01,11,11,12,9,23,20,43
50601,COTAGAITA,desnutricion aguda,desnutricion leve (l),2007-05-01,53,88,53,75,106,163,269
70102,COTOCA,desnutricion aguda,desnutricion leve (l),2007-05-01,55,55,61,50,116,105,221
71106,CUATRO CAÑADAS,desnutricion aguda,desnutricion leve (l),2007-05-01,18,17,8,15,26,32,58
31405,CUCHUMUELA (V. G. VILLARROEL),desnutricion aguda,desnutricion leve (l),2007-05-01,4,3,3,4,7,7,14
70704,CUEVO,desnutricion aguda,desnutricion leve (l),2007-05-01,8,5,12,18,20,23,43
10902,CULPINA,desnutricion aguda,desnutricion leve (l),2007-05-01,75,76,112,106,187,182,369
40401,CURAHUARA DE CARANGAS,desnutricion aguda,desnutricion leve (l),2007-05-01,5,9,6,6,11,15,26
40103,EL CHORO,desnutricion aguda,desnutricion leve (l),2007-05-01,4,3,3,4,7,7,14
71503,EL PUENTE(STC),desnutricion aguda,desnutricion leve (l),2007-05-01,16,24,9,5,25,29,54
60502,EL PUENTE(TJA),desnutricion aguda,desnutricion leve (l),2007-05-01,20,18,25,22,45,40,85
70105,EL TORNO,desnutricion aguda,desnutricion leve (l),2007-05-01,28,18,10,14,38,32,70
10405,EL VILLAR,desnutricion aguda,desnutricion leve (l),2007-05-01,10,9,16,28,26,37,63
60601,ENTRE RIOS,desnutricion aguda,desnutricion leve (l),2007-05-01,24,26,19,29,43,55,98
60601,ENTRE RIOS,desnutricion aguda,desnutricion leve (l),2007-05-01,42,54,42,46,84,100,184
40502,ESCARA,desnutricion aguda,desnutricion leve (l),2007-05-01,0,1,0,1,0,2,2
41101,EUCALIPTUS,desnutricion aguda,desnutricion leve (l),2007-05-01,2,5,3,5,5,10,15
90503,EUREKA (SANTOS MERCADO),desnutricion aguda,desnutricion leve (l),2007-05-01,3,5,0,2,3,7,10
80402,EXALTACION,desnutricion aguda,desnutricion leve (l),2007-05-01,3,3,3,6,6,9,15
71004,FERNANDEZ ALONSO,desnutricion aguda,desnutricion leve (l),2007-05-01,14,14,9,15,23,29,52
90203,FILADELFIA,desnutricion aguda,desnutricion leve (l),2007-05-01,4,1,1,3,5,4,9
71002,GENERAL SAAVEDRA,desnutricion aguda,desnutricion leve (l),2007-05-01,11,8,6,9,17,17,34
80202,GUAYARAMERIN,desnutricion aguda,desnutricion leve (l),2007-05-01,30,25,27,27,57,52,109
70705,GUTIERREZ,desnutricion aguda,desnutricion leve (l),2007-05-01,47,41,51,51,98,92,190
10502,HUACARETA,desnutricion aguda,desnutricion leve (l),2007-05-01,32,30,24,36,56,66,122
11002,HUACAYA (VILLA DE HUACAYA),desnutricion aguda,desnutricion leve (l),2007-05-01,8,12,14,7,22,19,41
40501,HUACHACALLA,desnutricion aguda,desnutricion leve (l),2007-05-01,0,0,0,1,0,1,1
40701,HUANUNI,desnutricion aguda,desnutricion leve (l),2007-05-01,4,4,2,0,6,4,10
80803,HUARACAJE,desnutricion aguda,desnutricion leve (l),2007-05-01,3,8,7,4,10,12,22
41601,HUAYLLAMARCA,desnutricion aguda,desnutricion leve (l),2007-05-01,1,8,8,7,9,15,24
21005,ICHOCA,desnutricion aguda,desnutricion leve (l),2007-05-01,4,8,2,1,6,9,15
10304,ICLA,desnutricion aguda,desnutricion leve (l),2007-05-01,47,41,88,86,135,127,262
10703,INCAHUASI,desnutricion aguda,desnutricion leve (l),2007-05-01,109,130,144,137,253,267,520
90402,INGAVI (HUMAITA),desnutricion aguda,desnutricion leve (l),2007-05-01,2,1,0,0,2,1,3
21001,INQUISIVI,desnutricion aguda,desnutricion leve (l),2007-05-01,22,23,23,13,45,36,81
70104,LA GUARDIA,desnutricion aguda,desnutricion leve (l),2007-05-01,32,35,35,39,67,74,141
70701,LAGUNILLAS,desnutricion aguda,desnutricion leve (l),2007-05-01,17,16,32,23,49,39,88
10903,LAS CARRERAS,desnutricion aguda,desnutricion leve (l),2007-05-01,4,1,10,14,14,15,29
21006,LICOMA PAMPA,desnutricion aguda,desnutricion leve (l),2007-05-01,2,0,0,0,2,0,2
50203,LLALLAGUA,desnutricion aguda,desnutricion leve (l),2007-05-01,104,101,102,94,206,195,401
51401,LLICA,desnutricion aguda,desnutricion leve (l),2007-05-01,4,7,4,6,8,13,21
80601,LORETO,desnutricion aguda,desnutricion leve (l),2007-05-01,0,3,2,0,2,3,5
40702,MACHACAMARCA,desnutricion aguda,desnutricion leve (l),2007-05-01,2,1,0,1,2,2,4
11003,MACHARETI,desnutricion aguda,desnutricion leve (l),2007-05-01,11,6,18,19,29,25,54
80801,MAGDALENA,desnutricion aguda,desnutricion leve (l),2007-05-01,9,8,8,10,17,18,35
70903,MAIRANA,desnutricion aguda,desnutricion leve (l),2007-05-01,4,4,8,12,12,16,28
71003,MINEROS,desnutricion aguda,desnutricion leve (l),2007-05-01,9,19,6,11,15,30,45
31301,MIZQUE,desnutricion aguda,desnutricion leve (l),2007-05-01,46,53,37,46,83,99,182
51002,MOJINETE,desnutricion aguda,desnutricion leve (l),2007-05-01,0,2,3,8,3,10,13
10303,MOJOCOYA,desnutricion aguda,desnutricion leve (l),2007-05-01,16,21,20,16,36,37,73
10501,MONTEAGUDO,desnutricion aguda,desnutricion leve (l),2007-05-01,54,58,88,103,142,161,303
71001,MONTERO,desnutricion aguda,desnutricion leve (l),2007-05-01,165,126,93,124,258,250,508
70803,MORO MORO,desnutricion aguda,desnutricion leve (l),2007-05-01,3,7,4,2,7,9,16
30302,MOROCHATA,desnutricion aguda,desnutricion leve (l),2007-05-01,26,31,34,35,60,66,126
90401,NACEBE (SANTA ROSA DEL ABUNA),desnutricion aguda,desnutricion leve (l),2007-05-01,2,0,2,7,4,7,11
90501,NUEVO MANOA (NUEVA ESPERANZA),desnutricion aguda,desnutricion leve (l),2007-05-01,1,0,3,4,4,4,8
50404,OCURI,desnutricion aguda,desnutricion leve (l),2007-05-01,47,42,50,53,97,95,192
70202,OKINAWA,desnutricion aguda,desnutricion leve (l),2007-05-01,17,15,8,10,25,25,50
30203,OMEREQUE,desnutricion aguda,desnutricion leve (l),2007-05-01,8,6,5,4,13,10,23
40101,ORURO,desnutricion aguda,desnutricion leve (l),2007-05-01,240,213,136,134,376,347,723
60201,PADCAYA,desnutricion aguda,desnutricion leve (l),2007-05-01,15,20,14,23,29,43,72
10401,PADILLA,desnutricion aguda,desnutricion leve (l),2007-05-01,43,28,57,78,100,106,206
70502,PAILON,desnutricion aguda,desnutricion leve (l),2007-05-01,17,30,11,13,28,43,71
40802,PAMPA AULLAGAS,desnutricion aguda,desnutricion leve (l),2007-05-01,13,8,7,6,20,14,34
70902,PAMPA GRANDE,desnutricion aguda,desnutricion leve (l),2007-05-01,1,4,4,9,5,13,18
30202,PASORAPA,desnutricion aguda,desnutricion leve (l),2007-05-01,5,2,19,15,24,17,41
40602,PAZÑA,desnutricion aguda,desnutricion leve (l),2007-05-01,3,2,2,4,5,6,11
50403,POCOATA,desnutricion aguda,desnutricion leve (l),2007-05-01,83,76,83,98,166,174,340
31203,POCONA,desnutricion aguda,desnutricion leve (l),2007-05-01,21,27,8,14,29,41,70
31202,POJO (CBBA),desnutricion aguda,desnutricion leve (l),2007-05-01,25,17,31,27,56,44,100
40601,POOPO,desnutricion aguda,desnutricion leve (l),2007-05-01,5,5,0,1,5,6,11
51203,PORCO,desnutricion aguda,desnutricion leve (l),2007-05-01,30,29,16,23,46,52,98
10103,POROMA,desnutricion aguda,desnutricion leve (l),2007-05-01,81,77,97,104,178,181,359
70103,PORONGO,desnutricion aguda,desnutricion leve (l),2007-05-01,16,11,4,2,20,13,33
70601,PORTACHUELO,desnutricion aguda,desnutricion leve (l),2007-05-01,10,9,9,17,19,26,45
90102,PORVENIR,desnutricion aguda,desnutricion leve (l),2007-05-01,4,7,3,4,7,11,18
70804,POSTRER VALLE,desnutricion aguda,desnutricion leve (l),2007-05-01,4,1,1,3,5,4,9
50101,POTOSI,desnutricion aguda,desnutricion leve (l),2007-05-01,307,304,192,209,499,513,1012
10302,PRESTO,desnutricion aguda,desnutricion leve (l),2007-05-01,32,34,57,52,89,86,175
70805,PUCARA,desnutricion aguda,desnutricion leve (l),2007-05-01,1,0,0,0,1,0,1
90301,PUERTO GONZALO MORENO,desnutricion aguda,desnutricion leve (l),2007-05-01,10,11,2,5,12,16,28
71402,PUERTO QUIJARRO,desnutricion aguda,desnutricion leve (l),2007-05-01,10,6,0,3,10,9,19
90201,PUERTO RICO,desnutricion aguda,desnutricion leve (l),2007-05-01,5,8,5,7,10,15,25
80703,PUERTO SILES,desnutricion aguda,desnutricion leve (l),2007-05-01,8,4,11,4,19,8,27
71401,PUERTO SUAREZ,desnutricion aguda,desnutricion leve (l),2007-05-01,9,9,3,12,12,21,33
31205,PUERTO VILLARROEL,desnutricion aguda,desnutricion leve (l),2007-05-01,116,93,77,74,193,167,360
51101,PUNA,desnutricion aguda,desnutricion leve (l),2007-05-01,94,82,125,146,219,228,447
31401,PUNATA,desnutricion aguda,desnutricion leve (l),2007-05-01,35,38,25,33,60,71,131
30901,QUILLACOLLO,desnutricion aguda,desnutricion leve (l),2007-05-01,55,62,45,62,100,124,224
21002,QUIME,desnutricion aguda,desnutricion leve (l),2007-05-01,8,11,1,3,9,14,23
70904,QUIRUSILLAS,desnutricion aguda,desnutricion leve (l),2007-05-01,0,0,1,1,1,1,2
50402,RAVELO,desnutricion aguda,desnutricion leve (l),2007-05-01,90,87,103,108,193,195,388
80301,REYES,desnutricion aguda,desnutricion leve (l),2007-05-01,14,11,13,19,27,30,57
80201,RIBERALTA,desnutricion aguda,desnutricion leve (l),2007-05-01,194,242,100,133,294,375,669
70503,ROBORE,desnutricion aguda,desnutricion leve (l),2007-05-01,17,19,9,16,26,35,61
80304,RURRENABAQUE,desnutricion aguda,desnutricion leve (l),2007-05-01,4,8,3,5,7,13,20
40901,SABAYA,desnutricion aguda,desnutricion leve (l),2007-05-01,2,3,1,3,3,6,9
31001,SACABA,desnutricion aguda,desnutricion leve (l),2007-05-01,130,119,160,132,290,251,541
30404,SACABAMBA,desnutricion aguda,desnutricion leve (l),2007-05-01,6,7,7,5,13,12,25
50701,SACACA,desnutricion aguda,desnutricion leve (l),2007-05-01,87,78,126,137,213,215,428
71302,SAIPINA,desnutricion aguda,desnutricion leve (l),2007-05-01,4,5,6,6,10,11,21
40801,SALINAS DE GARCI MENDOZA,desnutricion aguda,desnutricion leve (l),2007-05-01,11,15,13,15,24,30,54
70901,SAMAIPATA,desnutricion aguda,desnutricion leve (l),2007-05-01,15,4,6,8,21,12,33
51601,SAN AGUSTIN,desnutricion aguda,desnutricion leve (l),2007-05-01,2,1,4,5,6,6,12
80602,SAN ANDRES,desnutricion aguda,desnutricion leve (l),2007-05-01,12,11,10,21,22,32,54
51003,SAN ANTONIO DE ESMORUCO,desnutricion aguda,desnutricion leve (l),2007-05-01,1,1,1,0,2,1,3
71105,SAN ANTONIO DE LOMERIO,desnutricion aguda,desnutricion leve (l),2007-05-01,34,30,30,51,64,81,145
31403,SAN BENITO,desnutricion aguda,desnutricion leve (l),2007-05-01,10,9,13,9,23,18,41
80302,SAN BORJA,desnutricion aguda,desnutricion leve (l),2007-05-01,56,66,100,111,156,177,333
70402,SAN CARLOS,desnutricion aguda,desnutricion leve (l),2007-05-01,44,32,17,11,61,43,104
80501,SAN IGNACIO,desnutricion aguda,desnutricion leve (l),2007-05-01,58,43,48,42,106,85,191
70301,SAN IGNACIO DE VELASCO,desnutricion aguda,desnutricion leve (l),2007-05-01,125,115,97,119,222,234,456
80102,SAN JAVIER(BNI),desnutricion aguda,desnutricion leve (l),2007-05-01,6,5,12,10,18,15,33
80701,SAN JOAQUIN,desnutricion aguda,desnutricion leve (l),2007-05-01,3,1,3,3,6,4,10
70501,SAN JOSE DE CHIQUITOS,desnutricion aguda,desnutricion leve (l),2007-05-01,14,21,7,6,21,27,48
70404,SAN JUAN DE YAPACANI,desnutricion aguda,desnutricion leve (l),2007-05-01,12,9,9,8,21,17,38
71104,SAN JULIAN,desnutricion aguda,desnutricion leve (l),2007-05-01,23,24,26,27,49,51,100
90302,SAN LORENZO(PND),desnutricion aguda,desnutricion leve (l),2007-05-01,7,6,2,6,9,12,21
60501,SAN LORENZO(TJA),desnutricion aguda,desnutricion leve (l),2007-05-01,26,29,46,58,72,87,159
10702,SAN LUCAS,desnutricion aguda,desnutricion leve (l),2007-05-01,191,212,241,266,432,478,910
71201,SAN MATIAS,desnutricion aguda,desnutricion leve (l),2007-05-01,10,9,12,12,22,21,43
70302,SAN MIGUEL DE VELASCO,desnutricion aguda,desnutricion leve (l),2007-05-01,17,10,6,11,23,21,44
51001,SAN PABLO DE LIPEZ,desnutricion aguda,desnutricion leve (l),2007-05-01,6,1,7,6,13,7,20
71005,SAN PEDRO,desnutricion aguda,desnutricion leve (l),2007-05-01,15,22,24,21,39,43,82
50501,SAN PEDRO DE BUENA VISTA,desnutricion aguda,desnutricion leve (l),2007-05-01,60,68,93,93,153,161,314
90202,SAN PEDRO(PND),desnutricion aguda,desnutricion leve (l),2007-05-01,2,2,1,5,3,7,10
70303,SAN RAFAEL,desnutricion aguda,desnutricion leve (l),2007-05-01,13,6,3,8,16,14,30
80702,SAN RAMON,desnutricion aguda,desnutricion leve (l),2007-05-01,6,5,1,3,7,8,15
80401,SANTA ANA,desnutricion aguda,desnutricion leve (l),2007-05-01,31,37,16,17,47,54,101
70101,SANTA CRUZ DE LA SIERRA,desnutricion aguda,desnutricion leve (l),2007-05-01,390,400,208,249,598,649,1247
80303,SANTA ROSA,desnutricion aguda,desnutricion leve (l),2007-05-01,7,11,3,7,10,18,28
70602,SANTA ROSA DEL SARA,desnutricion aguda,desnutricion leve (l),2007-05-01,23,25,23,23,46,48,94
41401,SANTIAGO DE HUARI,desnutricion aguda,desnutricion leve (l),2007-05-01,11,6,12,4,23,10,33
30702,SANTIVAÑES,desnutricion aguda,desnutricion leve (l),2007-05-01,2,10,32,20,34,30,64
40202,SANTUARIO DE QUILLACAS,desnutricion aguda,desnutricion leve (l),2007-05-01,4,4,3,4,7,8,15
90303,SENA,desnutricion aguda,desnutricion leve (l),2007-05-01,2,3,1,2,3,5,8
30703,SICAYA,desnutricion aguda,desnutricion leve (l),2007-05-01,9,14,5,4,14,18,32
30902,SIPE SIPE,desnutricion aguda,desnutricion leve (l),2007-05-01,90,73,77,84,167,157,324
10403,SOPACHUY,desnutricion aguda,desnutricion leve (l),2007-05-01,29,25,56,84,85,109,194
40104,SORACACHI,desnutricion aguda,desnutricion leve (l),2007-05-01,11,11,5,6,16,17,33
10101,SUCRE,desnutricion aguda,desnutricion leve (l),2007-05-01,292,294,325,353,617,647,1264
31404,TACACHI,desnutricion aguda,desnutricion leve (l),2007-05-01,1,1,2,4,3,5,8
50303,TACOBAMBA,desnutricion aguda,desnutricion leve (l),2007-05-01,26,27,22,15,48,42,90
30602,TACOPAYA,desnutricion aguda,desnutricion leve (l),2007-05-01,12,11,12,18,24,29,53
51402,TAHUA,desnutricion aguda,desnutricion leve (l),2007-05-01,2,1,1,1,3,2,5
31101,TAPACARI,desnutricion aguda,desnutricion leve (l),2007-05-01,88,70,72,81,160,151,311
10601,TARABUCO,desnutricion aguda,desnutricion leve (l),2007-05-01,116,104,191,240,307,344,651
30401,TARATA,desnutricion aguda,desnutricion leve (l),2007-05-01,15,17,8,7,23,24,47
60101,TARIJA,desnutricion aguda,desnutricion leve (l),2007-05-01,189,162,171,154,360,316,676
10202,TARVITA,desnutricion aguda,desnutricion leve (l),2007-05-01,52,73,108,103,160,176,336
50102,TINGUIPAYA,desnutricion aguda,desnutricion leve (l),2007-05-01,74,80,53,52,127,132,259
30903,TIQUIPAYA,desnutricion aguda,desnutricion leve (l),2007-05-01,67,38,30,35,97,73,170
31601,TIRAQUE (CBBA),desnutricion aguda,desnutricion leve (l),2007-05-01,108,53,74,66,182,119,301
30802,TOCO,desnutricion aguda,desnutricion leve (l),2007-05-01,4,14,6,6,10,20,30
41502,TODOS SANTOS,desnutricion aguda,desnutricion leve (l),2007-05-01,1,1,0,1,1,2,3
30803,TOLATA,desnutricion aguda,desnutricion leve (l),2007-05-01,4,1,7,5,11,6,17
41001,TOLEDO,desnutricion aguda,desnutricion leve (l),2007-05-01,5,3,9,9,14,12,26
51202,TOMAVE,desnutricion aguda,desnutricion leve (l),2007-05-01,35,24,54,31,89,55,144
10402,TOMINA,desnutricion aguda,desnutricion leve (l),2007-05-01,41,48,51,63,92,111,203
50502,TORO TORO,desnutricion aguda,desnutricion leve (l),2007-05-01,38,41,46,58,84,99,183
31201,TOTORA(CBBA),desnutricion aguda,desnutricion leve (l),2007-05-01,41,29,34,32,75,61,136
41301,TOTORA(ORR),desnutricion aguda,desnutricion leve (l),2007-05-01,4,2,5,7,9,9,18
70802,TRIGAL,desnutricion aguda,desnutricion leve (l),2007-05-01,0,1,1,4,1,5,6
80101,TRINIDAD,desnutricion aguda,desnutricion leve (l),2007-05-01,89,75,85,58,174,133,307
50801,TUPIZA,desnutricion aguda,desnutricion leve (l),2007-05-01,81,65,91,115,172,180,352
40402,TURCO,desnutricion aguda,desnutricion leve (l),2007-05-01,5,2,2,1,7,3,10
50201,UNCIA,desnutricion aguda,desnutricion leve (l),2007-05-01,40,27,44,54,84,81,165
60401,URIONDO (A. CONCEPCION),desnutricion aguda,desnutricion leve (l),2007-05-01,16,9,19,16,35,25,60
71502,URUBICHA,desnutricion aguda,desnutricion leve (l),2007-05-01,21,27,24,25,45,52,97
51201,UYUNI,desnutricion aguda,desnutricion leve (l),2007-05-01,19,18,20,19,39,37,76
30502,VACAS,desnutricion aguda,desnutricion leve (l),2007-05-01,10,18,17,16,27,34,61
70801,VALLEGRANDE,desnutricion aguda,desnutricion leve (l),2007-05-01,8,15,11,14,19,29,48
31302,VILA VILA,desnutricion aguda,desnutricion leve (l),2007-05-01,13,20,22,14,35,34,69
60303,VILLA MONTES,desnutricion aguda,desnutricion leve (l),2007-05-01,16,21,40,30,56,51,107
90502,VILLA NUEVA (LOMA ALTA),desnutricion aguda,desnutricion leve (l),2007-05-01,6,10,6,9,12,19,31
31402,VILLA RIVERO,desnutricion aguda,desnutricion leve (l),2007-05-01,12,4,11,9,23,13,36
10801,VILLA SERRANO,desnutricion aguda,desnutricion leve (l),2007-05-01,46,60,83,89,129,149,278
31003,VILLA TUNARI,desnutricion aguda,desnutricion leve (l),2007-05-01,84,81,65,53,149,134,283
11001,VILLA VACA GUZMAN (MUYUPAMPA),desnutricion aguda,desnutricion leve (l),2007-05-01,15,20,27,43,42,63,105
51501,VILLAZON,desnutricion aguda,desnutricion leve (l),2007-05-01,73,77,63,73,136,150,286
30904,VINTO,desnutricion aguda,desnutricion leve (l),2007-05-01,37,20,13,18,50,38,88
50602,VITICHI,desnutricion aguda,desnutricion leve (l),2007-05-01,24,14,26,36,50,50,100
70201,WARNES,desnutricion aguda,desnutricion leve (l),2007-05-01,25,33,17,12,42,45,87
60301,YACUIBA,desnutricion aguda,desnutricion leve (l),2007-05-01,43,43,35,59,78,102,180
10602,YAMPARAEZ,desnutricion aguda,desnutricion leve (l),2007-05-01,41,39,89,92,130,131,261
70403,YAPACANI,desnutricion aguda,desnutricion leve (l),2007-05-01,71,73,40,24,111,97,208
50103,YOCALLA,desnutricion aguda,desnutricion leve (l),2007-05-01,12,6,11,9,23,15,38
10102,YOTALA,desnutricion aguda,desnutricion leve (l),2007-05-01,27,24,39,49,66,73,139
60402,YUNCHARA,desnutricion aguda,desnutricion leve (l),2007-05-01,26,17,37,47,63,64,127
10301,ZUDAÑEZ,desnutricion aguda,desnutricion leve (l),2007-05-01,40,36,43,78,83,114,197
51302,ACACIO,desnutricion aguda,desnutricion leve (l),2007-06-01,35,31,56,62,91,93,184
30201,AIQUILE,desnutricion aguda,desnutricion leve (l),2007-06-01,25,16,15,21,40,37,77
31303,ALALAY,desnutricion aguda,desnutricion leve (l),2007-06-01,19,14,20,26,39,40,79
10404,ALCALA,desnutricion aguda,desnutricion leve (l),2007-06-01,20,18,22,29,42,47,89
41201,ANDAMARCA,desnutricion aguda,desnutricion leve (l),2007-06-01,4,1,0,1,4,2,6
40603,ANTEQUERA,desnutricion aguda,desnutricion leve (l),2007-06-01,7,7,7,8,14,15,29
30402,ANZALDO,desnutricion aguda,desnutricion leve (l),2007-06-01,18,10,25,33,43,43,86
51301,ARAMPAMPA,desnutricion aguda,desnutricion leve (l),2007-06-01,35,26,41,43,76,69,145
30501,ARANI,desnutricion aguda,desnutricion leve (l),2007-06-01,21,14,20,19,41,33,74
30403,ARBIETO,desnutricion aguda,desnutricion leve (l),2007-06-01,4,7,5,3,9,10,19
30601,ARQUE,desnutricion aguda,desnutricion leve (l),2007-06-01,52,45,70,85,122,130,252
71501,ASCENCION DE GUARAYOS,desnutricion aguda,desnutricion leve (l),2007-06-01,53,63,62,64,115,127,242
50802,ATOCHA,desnutricion aguda,desnutricion leve (l),2007-06-01,15,15,21,21,36,36,72
30301,AYOPAYA (V. DE INDEPENDENCIA),desnutricion aguda,desnutricion leve (l),2007-06-01,56,66,85,85,141,151,292
10201,AZURDUY,desnutricion aguda,desnutricion leve (l),2007-06-01,52,63,96,84,148,147,295
80802,BAURES,desnutricion aguda,desnutricion leve (l),2007-06-01,5,4,3,7,8,11,19
41202,BELEN DE ANDAMARCA,desnutricion aguda,desnutricion leve (l),2007-06-01,1,0,1,1,2,1,3
50104,BELEN DE URMIRI,desnutricion aguda,desnutricion leve (l),2007-06-01,5,6,5,8,10,14,24
90104,BELLA FLOR,desnutricion aguda,desnutricion leve (l),2007-06-01,9,5,8,7,17,12,29
60202,BERMEJO,desnutricion aguda,desnutricion leve (l),2007-06-01,14,15,11,14,25,29,54
50301,BETANZOS,desnutricion aguda,desnutricion leve (l),2007-06-01,84,101,113,152,197,253,450
31501,BOLIVAR,desnutricion aguda,desnutricion leve (l),2007-06-01,36,27,29,31,65,58,123
90103,BOLPEBRA,desnutricion aguda,desnutricion leve (l),2007-06-01,6,3,2,7,8,10,18
70707,BOYUIBE,desnutricion aguda,desnutricion leve (l),2007-06-01,6,6,10,9,16,15,31
70401,BUENA VISTA,desnutricion aguda,desnutricion leve (l),2007-06-01,11,6,5,10,16,16,32
70703,CABEZAS,desnutricion aguda,desnutricion leve (l),2007-06-01,40,40,31,24,71,64,135
51102,"CAIZA ""D""",desnutricion aguda,desnutricion leve (l),2007-06-01,12,20,29,26,41,46,87
21003,CAJUATA,desnutricion aguda,desnutricion leve (l),2007-06-01,10,9,5,3,15,12,27
10701,CAMARGO,desnutricion aguda,desnutricion leve (l),2007-06-01,51,52,59,65,110,117,227
10901,CAMATAQUI (C. VILLA ABECIA),desnutricion aguda,desnutricion leve (l),2007-06-01,11,10,14,26,25,36,61
70706,CAMIRI,desnutricion aguda,desnutricion leve (l),2007-06-01,34,53,37,34,71,87,158
30701,CAPINOTA,desnutricion aguda,desnutricion leve (l),2007-06-01,43,60,70,60,113,120,233
40102,CARACOLLO,desnutricion aguda,desnutricion leve (l),2007-06-01,17,22,15,15,32,37,69
60302,CARAPARI,desnutricion aguda,desnutricion leve (l),2007-06-01,13,13,10,10,23,23,46
50702,CARIPUYO,desnutricion aguda,desnutricion leve (l),2007-06-01,47,36,58,88,105,124,229
71403,CARMEN RIVERO TORREZ,desnutricion aguda,desnutricion leve (l),2007-06-01,8,15,18,9,26,24,50
40201,CHALLAPATA,desnutricion aguda,desnutricion leve (l),2007-06-01,31,43,27,39,58,82,140
50302,CHAQUI,desnutricion aguda,desnutricion leve (l),2007-06-01,11,17,22,33,33,50,83
70702,CHARAGUA,desnutricion aguda,desnutricion leve (l),2007-06-01,22,23,14,25,36,48,84
50202,CHAYANTA,desnutricion aguda,desnutricion leve (l),2007-06-01,64,56,97,96,161,152,313
31204,CHIMORE,desnutricion aguda,desnutricion leve (l),2007-06-01,18,32,29,25,47,57,104
40903,CHIPAYA,desnutricion aguda,desnutricion leve (l),2007-06-01,1,3,2,3,3,6,9
40302,CHOQUE COTA,desnutricion aguda,desnutricion leve (l),2007-06-01,5,5,1,4,6,9,15
90101,COBIJA,desnutricion aguda,desnutricion leve (l),2007-06-01,61,75,61,53,122,128,250
30101,COCHABAMBA,desnutricion aguda,desnutricion leve (l),2007-06-01,276,298,184,208,460,506,966
30905,COLCAPIRHUA,desnutricion aguda,desnutricion leve (l),2007-06-01,16,28,28,45,44,73,117
50901,"COLCHA ""K""",desnutricion aguda,desnutricion leve (l),2007-06-01,19,21,25,21,44,42,86
31002,COLOMI,desnutricion aguda,desnutricion leve (l),2007-06-01,42,38,39,32,81,70,151
70603,COLPA BELGICA,desnutricion aguda,desnutricion leve (l),2007-06-01,7,4,6,1,13,5,18
50401,COLQUECHACA,desnutricion aguda,desnutricion leve (l),2007-06-01,102,107,110,93,212,200,412
21004,COLQUIRI,desnutricion aguda,desnutricion leve (l),2007-06-01,6,15,12,7,18,22,40
71301,COMARAPA,desnutricion aguda,desnutricion leve (l),2007-06-01,9,13,9,8,18,21,39
71101,CONCEPCION,desnutricion aguda,desnutricion leve (l),2007-06-01,16,20,9,17,25,37,62
40301,CORQUE,desnutricion aguda,desnutricion leve (l),2007-06-01,9,2,7,5,16,7,23
50601,COTAGAITA,desnutricion aguda,desnutricion leve (l),2007-06-01,52,87,83,70,135,157,292
70102,COTOCA,desnutricion aguda,desnutricion leve (l),2007-06-01,38,34,50,57,88,91,179
71106,CUATRO CAÑADAS,desnutricion aguda,desnutricion leve (l),2007-06-01,20,13,9,9,29,22,51
31405,CUCHUMUELA (V. G. VILLARROEL),desnutricion aguda,desnutricion leve (l),2007-06-01,3,5,3,7,6,12,18
70704,CUEVO,desnutricion aguda,desnutricion leve (l),2007-06-01,8,5,5,3,13,8,21
10902,CULPINA,desnutricion aguda,desnutricion leve (l),2007-06-01,74,77,104,122,178,199,377
40401,CURAHUARA DE CARANGAS,desnutricion aguda,desnutricion leve (l),2007-06-01,4,7,2,2,6,9,15
40103,EL CHORO,desnutricion aguda,desnutricion leve (l),2007-06-01,3,3,3,5,6,8,14
71503,EL PUENTE(STC),desnutricion aguda,desnutricion leve (l),2007-06-01,23,22,5,12,28,34,62
60502,EL PUENTE(TJA),desnutricion aguda,desnutricion leve (l),2007-06-01,9,11,15,15,24,26,50
70105,EL TORNO,desnutricion aguda,desnutricion leve (l),2007-06-01,37,16,21,27,58,43,101
10405,EL VILLAR,desnutricion aguda,desnutricion leve (l),2007-06-01,11,19,18,15,29,34,63
60601,ENTRE RIOS,desnutricion aguda,desnutricion leve (l),2007-06-01,13,26,20,36,33,62,95
60601,ENTRE RIOS,desnutricion aguda,desnutricion leve (l),2007-06-01,33,32,32,44,65,76,141
40502,ESCARA,desnutricion aguda,desnutricion leve (l),2007-06-01,0,1,0,0,0,1,1
41101,EUCALIPTUS,desnutricion aguda,desnutricion leve (l),2007-06-01,5,3,2,0,7,3,10
90503,EUREKA (SANTOS MERCADO),desnutricion aguda,desnutricion leve (l),2007-06-01,3,2,0,6,3,8,11
80402,EXALTACION,desnutricion aguda,desnutricion leve (l),2007-06-01,1,2,2,1,3,3,6
71004,FERNANDEZ ALONSO,desnutricion aguda,desnutricion leve (l),2007-06-01,12,14,7,16,19,30,49
90203,FILADELFIA,desnutricion aguda,desnutricion leve (l),2007-06-01,6,2,1,6,7,8,15
71002,GENERAL SAAVEDRA,desnutricion aguda,desnutricion leve (l),2007-06-01,12,20,8,10,20,30,50
80202,GUAYARAMERIN,desnutricion aguda,desnutricion leve (l),2007-06-01,64,83,49,74,113,157,270
70705,GUTIERREZ,desnutricion aguda,desnutricion leve (l),2007-06-01,28,29,47,46,75,75,150
10502,HUACARETA,desnutricion aguda,desnutricion leve (l),2007-06-01,21,21,11,23,32,44,76
11002,HUACAYA (VILLA DE HUACAYA),desnutricion aguda,desnutricion leve (l),2007-06-01,6,8,10,6,16,14,30
40501,HUACHACALLA,desnutricion aguda,desnutricion leve (l),2007-06-01,1,2,1,2,2,4,6
40701,HUANUNI,desnutricion aguda,desnutricion leve (l),2007-06-01,18,19,14,8,32,27,59
80803,HUARACAJE,desnutricion aguda,desnutricion leve (l),2007-06-01,3,4,2,3,5,7,12
41601,HUAYLLAMARCA,desnutricion aguda,desnutricion leve (l),2007-06-01,8,9,7,7,15,16,31
21005,ICHOCA,desnutricion aguda,desnutricion leve (l),2007-06-01,9,11,6,9,15,20,35
10304,ICLA,desnutricion aguda,desnutricion leve (l),2007-06-01,58,55,99,108,157,163,320
10703,INCAHUASI,desnutricion aguda,desnutricion leve (l),2007-06-01,106,103,107,129,213,232,445
90402,INGAVI (HUMAITA),desnutricion aguda,desnutricion leve (l),2007-06-01,0,0,1,0,1,0,1
21001,INQUISIVI,desnutricion aguda,desnutricion leve (l),2007-06-01,19,23,14,17,33,40,73
70104,LA GUARDIA,desnutricion aguda,desnutricion leve (l),2007-06-01,40,44,35,24,75,68,143
70701,LAGUNILLAS,desnutricion aguda,desnutricion leve (l),2007-06-01,10,8,11,19,21,27,48
10903,LAS CARRERAS,desnutricion aguda,desnutricion leve (l),2007-06-01,4,3,11,17,15,20,35
21006,LICOMA PAMPA,desnutricion aguda,desnutricion leve (l),2007-06-01,0,1,0,1,0,2,2
50203,LLALLAGUA,desnutricion aguda,desnutricion leve (l),2007-06-01,103,88,140,121,243,209,452
51401,LLICA,desnutricion aguda,desnutricion leve (l),2007-06-01,6,7,3,15,9,22,31
80601,LORETO,desnutricion aguda,desnutricion leve (l),2007-06-01,8,3,1,3,9,6,15
40702,MACHACAMARCA,desnutricion aguda,desnutricion leve (l),2007-06-01,2,0,0,0,2,0,2
11003,MACHARETI,desnutricion aguda,desnutricion leve (l),2007-06-01,12,13,19,19,31,32,63
80801,MAGDALENA,desnutricion aguda,desnutricion leve (l),2007-06-01,10,11,7,9,17,20,37
70903,MAIRANA,desnutricion aguda,desnutricion leve (l),2007-06-01,5,4,7,11,12,15,27
20103,MECAPACA,desnutricion aguda,desnutricion leve (l),2007-06-01,1,0,0,3,1,3,4
71003,MINEROS,desnutricion aguda,desnutricion leve (l),2007-06-01,33,34,14,17,47,51,98
31301,MIZQUE,desnutricion aguda,desnutricion leve (l),2007-06-01,52,68,52,62,104,130,234
51002,MOJINETE,desnutricion aguda,desnutricion leve (l),2007-06-01,1,0,0,0,1,0,1
10303,MOJOCOYA,desnutricion aguda,desnutricion leve (l),2007-06-01,28,28,37,46,65,74,139
10501,MONTEAGUDO,desnutricion aguda,desnutricion leve (l),2007-06-01,59,51,87,99,146,150,296
71001,MONTERO,desnutricion aguda,desnutricion leve (l),2007-06-01,160,112,127,114,287,226,513
70803,MORO MORO,desnutricion aguda,desnutricion leve (l),2007-06-01,6,6,6,6,12,12,24
30302,MOROCHATA,desnutricion aguda,desnutricion leve (l),2007-06-01,31,43,27,35,58,78,136
90501,NUEVO MANOA (NUEVA ESPERANZA),desnutricion aguda,desnutricion leve (l),2007-06-01,2,2,0,0,2,2,4
50404,OCURI,desnutricion aguda,desnutricion leve (l),2007-06-01,72,87,70,71,142,158,300
70202,OKINAWA,desnutricion aguda,desnutricion leve (l),2007-06-01,20,16,6,19,26,35,61
30203,OMEREQUE,desnutricion aguda,desnutricion leve (l),2007-06-01,9,21,10,18,19,39,58
40101,ORURO,desnutricion aguda,desnutricion leve (l),2007-06-01,176,157,97,87,273,244,517
60201,PADCAYA,desnutricion aguda,desnutricion leve (l),2007-06-01,24,24,21,23,45,47,92
10401,PADILLA,desnutricion aguda,desnutricion leve (l),2007-06-01,39,29,62,79,101,108,209
70502,PAILON,desnutricion aguda,desnutricion leve (l),2007-06-01,19,29,15,9,34,38,72
40802,PAMPA AULLAGAS,desnutricion aguda,desnutricion leve (l),2007-06-01,9,9,9,4,18,13,31
70902,PAMPA GRANDE,desnutricion aguda,desnutricion leve (l),2007-06-01,2,2,3,6,5,8,13
30202,PASORAPA,desnutricion aguda,desnutricion leve (l),2007-06-01,8,6,4,6,12,12,24
40602,PAZÑA,desnutricion aguda,desnutricion leve (l),2007-06-01,2,4,2,3,4,7,11
50403,POCOATA,desnutricion aguda,desnutricion leve (l),2007-06-01,71,91,71,118,142,209,351
31203,POCONA,desnutricion aguda,desnutricion leve (l),2007-06-01,17,22,21,17,38,39,77
31202,POJO (CBBA),desnutricion aguda,desnutricion leve (l),2007-06-01,13,12,8,12,21,24,45
40601,POOPO,desnutricion aguda,desnutricion leve (l),2007-06-01,1,1,4,3,5,4,9
51203,PORCO,desnutricion aguda,desnutricion leve (l),2007-06-01,23,26,13,20,36,46,82
10103,POROMA,desnutricion aguda,desnutricion leve (l),2007-06-01,92,101,116,113,208,214,422
70103,PORONGO,desnutricion aguda,desnutricion leve (l),2007-06-01,6,3,1,0,7,3,10
70601,PORTACHUELO,desnutricion aguda,desnutricion leve (l),2007-06-01,10,11,12,19,22,30,52
90102,PORVENIR,desnutricion aguda,desnutricion leve (l),2007-06-01,8,11,6,2,14,13,27
70804,POSTRER VALLE,desnutricion aguda,desnutricion leve (l),2007-06-01,3,1,0,0,3,1,4
50101,POTOSI,desnutricion aguda,desnutricion leve (l),2007-06-01,271,280,178,179,449,459,908
10302,PRESTO,desnutricion aguda,desnutricion leve (l),2007-06-01,41,28,44,39,85,67,152
70805,PUCARA,desnutricion aguda,desnutricion leve (l),2007-06-01,0,0,2,0,2,0,2
90301,PUERTO GONZALO MORENO,desnutricion aguda,desnutricion leve (l),2007-06-01,10,12,7,4,17,16,33
71402,PUERTO QUIJARRO,desnutricion aguda,desnutricion leve (l),2007-06-01,12,12,4,4,16,16,32
90201,PUERTO RICO,desnutricion aguda,desnutricion leve (l),2007-06-01,25,12,27,28,52,40,92
71401,PUERTO SUAREZ,desnutricion aguda,desnutricion leve (l),2007-06-01,4,4,3,4,7,8,15
31205,PUERTO VILLARROEL,desnutricion aguda,desnutricion leve (l),2007-06-01,66,58,58,67,124,125,249
51101,PUNA,desnutricion aguda,desnutricion leve (l),2007-06-01,86,73,79,124,165,197,362
31401,PUNATA,desnutricion aguda,desnutricion leve (l),2007-06-01,35,37,21,15,56,52,108
30901,QUILLACOLLO,desnutricion aguda,desnutricion leve (l),2007-06-01,69,79,79,58,148,137,285
21002,QUIME,desnutricion aguda,desnutricion leve (l),2007-06-01,13,7,16,8,29,15,44
70904,QUIRUSILLAS,desnutricion aguda,desnutricion leve (l),2007-06-01,3,1,1,2,4,3,7
50402,RAVELO,desnutricion aguda,desnutricion leve (l),2007-06-01,97,92,132,113,229,205,434
80301,REYES,desnutricion aguda,desnutricion leve (l),2007-06-01,14,36,48,38,62,74,136
80201,RIBERALTA,desnutricion aguda,desnutricion leve (l),2007-06-01,194,274,125,133,319,407,726
70503,ROBORE,desnutricion aguda,desnutricion leve (l),2007-06-01,31,20,13,12,44,32,76
80304,RURRENABAQUE,desnutricion aguda,desnutricion leve (l),2007-06-01,15,8,11,17,26,25,51
40901,SABAYA,desnutricion aguda,desnutricion leve (l),2007-06-01,5,8,3,2,8,10,18
31001,SACABA,desnutricion aguda,desnutricion leve (l),2007-06-01,73,78,64,84,137,162,299
30404,SACABAMBA,desnutricion aguda,desnutricion leve (l),2007-06-01,6,6,2,8,8,14,22
50701,SACACA,desnutricion aguda,desnutricion leve (l),2007-06-01,152,149,276,264,428,413,841
71302,SAIPINA,desnutricion aguda,desnutricion leve (l),2007-06-01,7,1,4,5,11,6,17
40801,SALINAS DE GARCI MENDOZA,desnutricion aguda,desnutricion leve (l),2007-06-01,15,9,14,14,29,23,52
70901,SAMAIPATA,desnutricion aguda,desnutricion leve (l),2007-06-01,9,3,4,4,13,7,20
51601,SAN AGUSTIN,desnutricion aguda,desnutricion leve (l),2007-06-01,1,5,3,9,4,14,18
80602,SAN ANDRES,desnutricion aguda,desnutricion leve (l),2007-06-01,10,15,6,3,16,18,34
51003,SAN ANTONIO DE ESMORUCO,desnutricion aguda,desnutricion leve (l),2007-06-01,0,0,1,0,1,0,1
71105,SAN ANTONIO DE LOMERIO,desnutricion aguda,desnutricion leve (l),2007-06-01,22,25,26,22,48,47,95
31403,SAN BENITO,desnutricion aguda,desnutricion leve (l),2007-06-01,39,30,42,24,81,54,135
80302,SAN BORJA,desnutricion aguda,desnutricion leve (l),2007-06-01,58,61,51,25,109,86,195
70402,SAN CARLOS,desnutricion aguda,desnutricion leve (l),2007-06-01,26,35,18,12,44,47,91
80501,SAN IGNACIO,desnutricion aguda,desnutricion leve (l),2007-06-01,88,61,40,42,128,103,231
70301,SAN IGNACIO DE VELASCO,desnutricion aguda,desnutricion leve (l),2007-06-01,80,97,69,112,149,209,358
80102,SAN JAVIER(BNI),desnutricion aguda,desnutricion leve (l),2007-06-01,3,5,2,3,5,8,13
71102,SAN JAVIER(STC),desnutricion aguda,desnutricion leve (l),2007-06-01,5,6,2,2,7,8,15
80701,SAN JOAQUIN,desnutricion aguda,desnutricion leve (l),2007-06-01,0,0,19,23,19,23,42
70501,SAN JOSE DE CHIQUITOS,desnutricion aguda,desnutricion leve (l),2007-06-01,10,19,10,6,20,25,45
70404,SAN JUAN DE YAPACANI,desnutricion aguda,desnutricion leve (l),2007-06-01,8,21,12,14,20,35,55
71104,SAN JULIAN,desnutricion aguda,desnutricion leve (l),2007-06-01,21,18,24,34,45,52,97
90302,SAN LORENZO(PND),desnutricion aguda,desnutricion leve (l),2007-06-01,16,5,19,17,35,22,57
60501,SAN LORENZO(TJA),desnutricion aguda,desnutricion leve (l),2007-06-01,50,48,53,61,103,109,212
10702,SAN LUCAS,desnutricion aguda,desnutricion leve (l),2007-06-01,233,208,292,276,525,484,1009
71201,SAN MATIAS,desnutricion aguda,desnutricion leve (l),2007-06-01,14,13,27,32,41,45,86
70302,SAN MIGUEL DE VELASCO,desnutricion aguda,desnutricion leve (l),2007-06-01,11,15,9,16,20,31,51
51001,SAN PABLO DE LIPEZ,desnutricion aguda,desnutricion leve (l),2007-06-01,15,10,14,11,29,21,50
71005,SAN PEDRO,desnutricion aguda,desnutricion leve (l),2007-06-01,25,24,18,23,43,47,90
50501,SAN PEDRO DE BUENA VISTA,desnutricion aguda,desnutricion leve (l),2007-06-01,121,97,166,174,287,271,558
50902,SAN PEDRO DE QUEMES,desnutricion aguda,desnutricion leve (l),2007-06-01,0,0,0,1,0,1,1
90202,SAN PEDRO(PND),desnutricion aguda,desnutricion leve (l),2007-06-01,9,4,4,6,13,10,23
70303,SAN RAFAEL,desnutricion aguda,desnutricion leve (l),2007-06-01,11,15,2,7,13,22,35
80702,SAN RAMON,desnutricion aguda,desnutricion leve (l),2007-06-01,9,6,1,2,10,8,18
80702,SAN RAMON,desnutricion aguda,desnutricion leve (l),2007-06-01,4,3,1,0,5,3,8
80401,SANTA ANA,desnutricion aguda,desnutricion leve (l),2007-06-01,50,33,8,19,58,52,110
70101,SANTA CRUZ DE LA SIERRA,desnutricion aguda,desnutricion leve (l),2007-06-01,435,443,214,226,649,669,1318
80303,SANTA ROSA,desnutricion aguda,desnutricion leve (l),2007-06-01,4,7,2,4,6,11,17
70602,SANTA ROSA DEL SARA,desnutricion aguda,desnutricion leve (l),2007-06-01,16,20,10,19,26,39,65
41401,SANTIAGO DE HUARI,desnutricion aguda,desnutricion leve (l),2007-06-01,12,11,16,8,28,19,47
30702,SANTIVAÑES,desnutricion aguda,desnutricion leve (l),2007-06-01,8,17,48,42,56,59,115
40202,SANTUARIO DE QUILLACAS,desnutricion aguda,desnutricion leve (l),2007-06-01,2,4,8,3,10,7,17
90303,SENA,desnutricion aguda,desnutricion leve (l),2007-06-01,3,12,5,4,8,16,24
30703,SICAYA,desnutricion aguda,desnutricion leve (l),2007-06-01,11,17,14,14,25,31,56
30902,SIPE SIPE,desnutricion aguda,desnutricion leve (l),2007-06-01,62,58,36,31,98,89,187
10403,SOPACHUY,desnutricion aguda,desnutricion leve (l),2007-06-01,35,32,59,77,94,109,203
40104,SORACACHI,desnutricion aguda,desnutricion leve (l),2007-06-01,12,14,19,9,31,23,54
10101,SUCRE,desnutricion aguda,desnutricion leve (l),2007-06-01,317,309,297,338,614,647,1261
31404,TACACHI,desnutricion aguda,desnutricion leve (l),2007-06-01,0,1,0,1,0,2,2
50303,TACOBAMBA,desnutricion aguda,desnutricion leve (l),2007-06-01,21,40,26,23,47,63,110
30602,TACOPAYA,desnutricion aguda,desnutricion leve (l),2007-06-01,27,19,47,47,74,66,140
51402,TAHUA,desnutricion aguda,desnutricion leve (l),2007-06-01,1,0,3,2,4,2,6
31101,TAPACARI,desnutricion aguda,desnutricion leve (l),2007-06-01,93,93,99,98,192,191,383
10601,TARABUCO,desnutricion aguda,desnutricion leve (l),2007-06-01,99,75,138,175,237,250,487
30401,TARATA,desnutricion aguda,desnutricion leve (l),2007-06-01,12,12,7,8,19,20,39
60101,TARIJA,desnutricion aguda,desnutricion leve (l),2007-06-01,144,164,136,137,280,301,581
10202,TARVITA,desnutricion aguda,desnutricion leve (l),2007-06-01,72,79,97,127,169,206,375
50102,TINGUIPAYA,desnutricion aguda,desnutricion leve (l),2007-06-01,87,91,129,106,216,197,413
30903,TIQUIPAYA,desnutricion aguda,desnutricion leve (l),2007-06-01,16,10,14,11,30,21,51
31601,TIRAQUE (CBBA),desnutricion aguda,desnutricion leve (l),2007-06-01,78,62,63,63,141,125,266
30802,TOCO,desnutricion aguda,desnutricion leve (l),2007-06-01,14,5,28,17,42,22,64
41502,TODOS SANTOS,desnutricion aguda,desnutricion leve (l),2007-06-01,4,0,0,0,4,0,4
30803,TOLATA,desnutricion aguda,desnutricion leve (l),2007-06-01,3,1,0,1,3,2,5
41001,TOLEDO,desnutricion aguda,desnutricion leve (l),2007-06-01,3,6,4,3,7,9,16
51202,TOMAVE,desnutricion aguda,desnutricion leve (l),2007-06-01,47,30,64,43,111,73,184
10402,TOMINA,desnutricion aguda,desnutricion leve (l),2007-06-01,54,49,73,89,127,138,265
50502,TORO TORO,desnutricion aguda,desnutricion leve (l),2007-06-01,39,52,37,39,76,91,167
31201,TOTORA(CBBA),desnutricion aguda,desnutricion leve (l),2007-06-01,42,22,34,46,76,68,144
41301,TOTORA(ORR),desnutricion aguda,desnutricion leve (l),2007-06-01,3,4,9,3,12,7,19
70802,TRIGAL,desnutricion aguda,desnutricion leve (l),2007-06-01,2,0,3,4,5,4,9
80101,TRINIDAD,desnutricion aguda,desnutricion leve (l),2007-06-01,142,143,76,91,218,234,452
50801,TUPIZA,desnutricion aguda,desnutricion leve (l),2007-06-01,65,53,86,84,151,137,288
40402,TURCO,desnutricion aguda,desnutricion leve (l),2007-06-01,1,2,1,3,2,5,7
50201,UNCIA,desnutricion aguda,desnutricion leve (l),2007-06-01,79,52,109,76,188,128,316
60401,URIONDO (A. CONCEPCION),desnutricion aguda,desnutricion leve (l),2007-06-01,19,16,26,25,45,41,86
71502,URUBICHA,desnutricion aguda,desnutricion leve (l),2007-06-01,22,18,15,42,37,60,97
51201,UYUNI,desnutricion aguda,desnutricion leve (l),2007-06-01,40,33,46,49,86,82,168
30502,VACAS,desnutricion aguda,desnutricion leve (l),2007-06-01,28,22,17,18,45,40,85
70801,VALLEGRANDE,desnutricion aguda,desnutricion leve (l),2007-06-01,14,7,12,13,26,20,46
20801,VIACHA,desnutricion aguda,desnutricion leve (l),2007-06-01,47,46,42,25,89,71,160
31302,VILA VILA,desnutricion aguda,desnutricion leve (l),2007-06-01,5,9,6,6,11,15,26
60303,VILLA MONTES,desnutricion aguda,desnutricion leve (l),2007-06-01,13,19,18,20,31,39,70
90502,VILLA NUEVA (LOMA ALTA),desnutricion aguda,desnutricion leve (l),2007-06-01,5,7,4,2,9,9,18
31402,VILLA RIVERO,desnutricion aguda,desnutricion leve (l),2007-06-01,4,13,12,11,16,24,40
10801,VILLA SERRANO,desnutricion aguda,desnutricion leve (l),2007-06-01,34,52,79,87,113,139,252
31003,VILLA TUNARI,desnutricion aguda,desnutricion leve (l),2007-06-01,90,99,80,104,170,203,373
11001,VILLA VACA GUZMAN (MUYUPAMPA),desnutricion aguda,desnutricion leve (l),2007-06-01,20,17,23,24,43,41,84
51501,VILLAZON,desnutricion aguda,desnutricion leve (l),2007-06-01,70,69,44,54,114,123,237
30904,VINTO,desnutricion aguda,desnutricion leve (l),2007-06-01,50,33,2,4,52,37,89
50602,VITICHI,desnutricion aguda,desnutricion leve (l),2007-06-01,36,35,57,63,93,98,191
70201,WARNES,desnutricion aguda,desnutricion leve (l),2007-06-01,48,44,18,20,66,64,130
60301,YACUIBA,desnutricion aguda,desnutricion leve (l),2007-06-01,56,53,38,55,94,108,202
10602,YAMPARAEZ,desnutricion aguda,desnutricion leve (l),2007-06-01,52,36,89,90,141,126,267
70403,YAPACANI,desnutricion aguda,desnutricion leve (l),2007-06-01,49,22,23,29,72,51,123
50103,YOCALLA,desnutricion aguda,desnutricion leve (l),2007-06-01,6,5,3,13,9,18,27
10102,YOTALA,desnutricion aguda,desnutricion leve (l),2007-06-01,23,11,31,42,54,53,107
60402,YUNCHARA,desnutricion aguda,desnutricion leve (l),2007-06-01,15,8,32,29,47,37,84
10301,ZUDAÑEZ,desnutricion aguda,desnutricion leve (l),2007-06-01,43,33,52,56,95,89,184
51302,ACACIO,desnutricion aguda,desnutricion leve (l),2007-07-01,43,33,49,47,92,80,172
20104,ACHOCALLA,desnutricion aguda,desnutricion leve (l),2007-07-01,2,0,0,1,2,1,3
30201,AIQUILE,desnutricion aguda,desnutricion leve (l),2007-07-01,23,29,48,34,71,63,134
31303,ALALAY,desnutricion aguda,desnutricion leve (l),2007-07-01,13,13,17,12,30,25,55
10404,ALCALA,desnutricion aguda,desnutricion leve (l),2007-07-01,16,16,23,36,39,52,91
41201,ANDAMARCA,desnutricion aguda,desnutricion leve (l),2007-07-01,2,0,0,0,2,0,2
40603,ANTEQUERA,desnutricion aguda,desnutricion leve (l),2007-07-01,3,6,2,5,5,11,16
30402,ANZALDO,desnutricion aguda,desnutricion leve (l),2007-07-01,4,9,16,20,20,29,49
51301,ARAMPAMPA,desnutricion aguda,desnutricion leve (l),2007-07-01,20,20,30,35,50,55,105
30501,ARANI,desnutricion aguda,desnutricion leve (l),2007-07-01,7,9,17,20,24,29,53
30403,ARBIETO,desnutricion aguda,desnutricion leve (l),2007-07-01,4,5,7,10,11,15,26
30601,ARQUE,desnutricion aguda,desnutricion leve (l),2007-07-01,34,31,20,36,54,67,121
50802,ATOCHA,desnutricion aguda,desnutricion leve (l),2007-07-01,18,18,12,15,30,33,63
30301,AYOPAYA (V. DE INDEPENDENCIA),desnutricion aguda,desnutricion leve (l),2007-07-01,52,52,40,41,92,93,185
10201,AZURDUY,desnutricion aguda,desnutricion leve (l),2007-07-01,49,45,68,87,117,132,249
80802,BAURES,desnutricion aguda,desnutricion leve (l),2007-07-01,5,9,2,13,7,22,29
41202,BELEN DE ANDAMARCA,desnutricion aguda,desnutricion leve (l),2007-07-01,1,0,0,0,1,0,1
50104,BELEN DE URMIRI,desnutricion aguda,desnutricion leve (l),2007-07-01,6,2,2,3,8,5,13
90104,BELLA FLOR,desnutricion aguda,desnutricion leve (l),2007-07-01,3,7,10,5,13,12,25
60202,BERMEJO,desnutricion aguda,desnutricion leve (l),2007-07-01,16,10,25,15,41,25,66
50301,BETANZOS,desnutricion aguda,desnutricion leve (l),2007-07-01,73,77,98,119,171,196,367
31501,BOLIVAR,desnutricion aguda,desnutricion leve (l),2007-07-01,33,45,44,44,77,89,166
90103,BOLPEBRA,desnutricion aguda,desnutricion leve (l),2007-07-01,8,0,2,4,10,4,14
70707,BOYUIBE,desnutricion aguda,desnutricion leve (l),2007-07-01,5,10,7,8,12,18,30
70401,BUENA VISTA,desnutricion aguda,desnutricion leve (l),2007-07-01,9,10,4,8,13,18,31
70703,CABEZAS,desnutricion aguda,desnutricion leve (l),2007-07-01,34,36,23,21,57,57,114
51102,"CAIZA ""D""",desnutricion aguda,desnutricion leve (l),2007-07-01,12,6,17,11,29,17,46
21003,CAJUATA,desnutricion aguda,desnutricion leve (l),2007-07-01,5,6,12,8,17,14,31
10701,CAMARGO,desnutricion aguda,desnutricion leve (l),2007-07-01,37,40,54,63,91,103,194
10901,CAMATAQUI (C. VILLA ABECIA),desnutricion aguda,desnutricion leve (l),2007-07-01,10,8,10,12,20,20,40
70706,CAMIRI,desnutricion aguda,desnutricion leve (l),2007-07-01,32,67,39,41,71,108,179
30701,CAPINOTA,desnutricion aguda,desnutricion leve (l),2007-07-01,40,24,38,31,78,55,133
40102,CARACOLLO,desnutricion aguda,desnutricion leve (l),2007-07-01,17,21,11,14,28,35,63
60302,CARAPARI,desnutricion aguda,desnutricion leve (l),2007-07-01,3,10,9,10,12,20,32
50702,CARIPUYO,desnutricion aguda,desnutricion leve (l),2007-07-01,54,31,58,70,112,101,213
71403,CARMEN RIVERO TORREZ,desnutricion aguda,desnutricion leve (l),2007-07-01,10,9,15,7,25,16,41
40201,CHALLAPATA,desnutricion aguda,desnutricion leve (l),2007-07-01,25,35,17,38,42,73,115
50302,CHAQUI,desnutricion aguda,desnutricion leve (l),2007-07-01,10,19,25,17,35,36,71
70702,CHARAGUA,desnutricion aguda,desnutricion leve (l),2007-07-01,41,24,18,26,59,50,109
50202,CHAYANTA,desnutricion aguda,desnutricion leve (l),2007-07-01,23,29,60,57,83,86,169
31204,CHIMORE,desnutricion aguda,desnutricion leve (l),2007-07-01,19,23,24,36,43,59,102
40903,CHIPAYA,desnutricion aguda,desnutricion leve (l),2007-07-01,0,3,4,2,4,5,9
40302,CHOQUE COTA,desnutricion aguda,desnutricion leve (l),2007-07-01,2,0,2,1,4,1,5
90101,COBIJA,desnutricion aguda,desnutricion leve (l),2007-07-01,56,45,26,32,82,77,159
30101,COCHABAMBA,desnutricion aguda,desnutricion leve (l),2007-07-01,255,279,160,187,415,466,881
30905,COLCAPIRHUA,desnutricion aguda,desnutricion leve (l),2007-07-01,39,38,20,24,59,62,121
50901,"COLCHA ""K""",desnutricion aguda,desnutricion leve (l),2007-07-01,13,15,9,8,22,23,45
31002,COLOMI,desnutricion aguda,desnutricion leve (l),2007-07-01,31,28,15,21,46,49,95
70603,COLPA BELGICA,desnutricion aguda,desnutricion leve (l),2007-07-01,6,2,4,4,10,6,16
50401,COLQUECHACA,desnutricion aguda,desnutricion leve (l),2007-07-01,110,70,88,72,198,142,340
21004,COLQUIRI,desnutricion aguda,desnutricion leve (l),2007-07-01,22,19,10,10,32,29,61
71301,COMARAPA,desnutricion aguda,desnutricion leve (l),2007-07-01,13,10,12,17,25,27,52
71101,CONCEPCION,desnutricion aguda,desnutricion leve (l),2007-07-01,15,22,10,7,25,29,54
40301,CORQUE,desnutricion aguda,desnutricion leve (l),2007-07-01,6,7,3,1,9,8,17
50601,COTAGAITA,desnutricion aguda,desnutricion leve (l),2007-07-01,29,39,29,40,58,79,137
70102,COTOCA,desnutricion aguda,desnutricion leve (l),2007-07-01,27,40,34,35,61,75,136
71106,CUATRO CAÑADAS,desnutricion aguda,desnutricion leve (l),2007-07-01,11,10,7,8,18,18,36
31405,CUCHUMUELA (V. G. VILLARROEL),desnutricion aguda,desnutricion leve (l),2007-07-01,2,2,1,0,3,2,5
70704,CUEVO,desnutricion aguda,desnutricion leve (l),2007-07-01,2,12,7,10,9,22,31
10902,CULPINA,desnutricion aguda,desnutricion leve (l),2007-07-01,68,96,84,101,152,197,349
40401,CURAHUARA DE CARANGAS,desnutricion aguda,desnutricion leve (l),2007-07-01,0,0,1,0,1,0,1
40103,EL CHORO,desnutricion aguda,desnutricion leve (l),2007-07-01,1,2,0,0,1,2,3
60502,EL PUENTE(TJA),desnutricion aguda,desnutricion leve (l),2007-07-01,2,9,8,11,10,20,30
70105,EL TORNO,desnutricion aguda,desnutricion leve (l),2007-07-01,22,23,14,12,36,35,71
10405,EL VILLAR,desnutricion aguda,desnutricion leve (l),2007-07-01,14,21,21,28,35,49,84
60601,ENTRE RIOS,desnutricion aguda,desnutricion leve (l),2007-07-01,7,15,27,28,34,43,77
60601,ENTRE RIOS,desnutricion aguda,desnutricion leve (l),2007-07-01,37,33,29,39,66,72,138
40502,ESCARA,desnutricion aguda,desnutricion leve (l),2007-07-01,0,0,1,0,1,0,1
40505,ESMERALDA,desnutricion aguda,desnutricion leve (l),2007-07-01,0,0,0,1,0,1,1
41101,EUCALIPTUS,desnutricion aguda,desnutricion leve (l),2007-07-01,4,2,3,0,7,2,9
90503,EUREKA (SANTOS MERCADO),desnutricion aguda,desnutricion leve (l),2007-07-01,0,0,0,1,0,1,1
80402,EXALTACION,desnutricion aguda,desnutricion leve (l),2007-07-01,2,4,3,5,5,9,14
71004,FERNANDEZ ALONSO,desnutricion aguda,desnutricion leve (l),2007-07-01,12,11,5,11,17,22,39
90203,FILADELFIA,desnutricion aguda,desnutricion leve (l),2007-07-01,5,4,6,1,11,5,16
71002,GENERAL SAAVEDRA,desnutricion aguda,desnutricion leve (l),2007-07-01,15,18,15,21,30,39,69
80202,GUAYARAMERIN,desnutricion aguda,desnutricion leve (l),2007-07-01,69,42,23,48,92,90,182
70705,GUTIERREZ,desnutricion aguda,desnutricion leve (l),2007-07-01,38,40,54,46,92,86,178
10502,HUACARETA,desnutricion aguda,desnutricion leve (l),2007-07-01,12,10,16,15,28,25,53
11002,HUACAYA (VILLA DE HUACAYA),desnutricion aguda,desnutricion leve (l),2007-07-01,6,5,3,9,9,14,23
40501,HUACHACALLA,desnutricion aguda,desnutricion leve (l),2007-07-01,0,0,0,1,0,1,1
40701,HUANUNI,desnutricion aguda,desnutricion leve (l),2007-07-01,5,3,6,2,11,5,16
80803,HUARACAJE,desnutricion aguda,desnutricion leve (l),2007-07-01,3,5,5,2,8,7,15
41601,HUAYLLAMARCA,desnutricion aguda,desnutricion leve (l),2007-07-01,5,1,1,3,6,4,10
21005,ICHOCA,desnutricion aguda,desnutricion leve (l),2007-07-01,5,5,3,4,8,9,17
10304,ICLA,desnutricion aguda,desnutricion leve (l),2007-07-01,29,24,41,29,70,53,123
10703,INCAHUASI,desnutricion aguda,desnutricion leve (l),2007-07-01,103,116,130,128,233,244,477
90402,INGAVI (HUMAITA),desnutricion aguda,desnutricion leve (l),2007-07-01,1,0,0,0,1,0,1
21001,INQUISIVI,desnutricion aguda,desnutricion leve (l),2007-07-01,23,10,20,10,43,20,63
70104,LA GUARDIA,desnutricion aguda,desnutricion leve (l),2007-07-01,55,58,34,21,89,79,168
41501,LA RIVERA,desnutricion aguda,desnutricion leve (l),2007-07-01,0,0,0,2,0,2,2
70701,LAGUNILLAS,desnutricion aguda,desnutricion leve (l),2007-07-01,11,13,22,21,33,34,67
10903,LAS CARRERAS,desnutricion aguda,desnutricion leve (l),2007-07-01,1,5,9,11,10,16,26
21006,LICOMA PAMPA,desnutricion aguda,desnutricion leve (l),2007-07-01,0,1,0,0,0,1,1
50203,LLALLAGUA,desnutricion aguda,desnutricion leve (l),2007-07-01,56,63,85,86,141,149,290
51401,LLICA,desnutricion aguda,desnutricion leve (l),2007-07-01,5,3,0,3,5,6,11
80601,LORETO,desnutricion aguda,desnutricion leve (l),2007-07-01,6,5,1,2,7,7,14
40702,MACHACAMARCA,desnutricion aguda,desnutricion leve (l),2007-07-01,0,0,0,1,0,1,1
11003,MACHARETI,desnutricion aguda,desnutricion leve (l),2007-07-01,14,9,20,10,34,19,53
80801,MAGDALENA,desnutricion aguda,desnutricion leve (l),2007-07-01,9,5,3,4,12,9,21
70903,MAIRANA,desnutricion aguda,desnutricion leve (l),2007-07-01,5,2,6,9,11,11,22
20103,MECAPACA,desnutricion aguda,desnutricion leve (l),2007-07-01,6,11,11,18,17,29,46
71003,MINEROS,desnutricion aguda,desnutricion leve (l),2007-07-01,18,28,12,19,30,47,77
31301,MIZQUE,desnutricion aguda,desnutricion leve (l),2007-07-01,60,56,38,48,98,104,202
51002,MOJINETE,desnutricion aguda,desnutricion leve (l),2007-07-01,0,3,3,7,3,10,13
10303,MOJOCOYA,desnutricion aguda,desnutricion leve (l),2007-07-01,11,27,32,42,43,69,112
10501,MONTEAGUDO,desnutricion aguda,desnutricion leve (l),2007-07-01,41,31,58,70,99,101,200
71001,MONTERO,desnutricion aguda,desnutricion leve (l),2007-07-01,107,103,66,81,173,184,357
70803,MORO MORO,desnutricion aguda,desnutricion leve (l),2007-07-01,1,10,3,4,4,14,18
30302,MOROCHATA,desnutricion aguda,desnutricion leve (l),2007-07-01,50,59,60,53,110,112,222
90401,NACEBE (SANTA ROSA DEL ABUNA),desnutricion aguda,desnutricion leve (l),2007-07-01,0,7,4,5,4,12,16
90501,NUEVO MANOA (NUEVA ESPERANZA),desnutricion aguda,desnutricion leve (l),2007-07-01,5,4,4,1,9,5,14
50404,OCURI,desnutricion aguda,desnutricion leve (l),2007-07-01,51,56,71,63,122,119,241
70202,OKINAWA,desnutricion aguda,desnutricion leve (l),2007-07-01,8,9,6,9,14,18,32
30203,OMEREQUE,desnutricion aguda,desnutricion leve (l),2007-07-01,9,10,16,13,25,23,48
40101,ORURO,desnutricion aguda,desnutricion leve (l),2007-07-01,200,165,101,88,301,253,554
60201,PADCAYA,desnutricion aguda,desnutricion leve (l),2007-07-01,7,8,9,20,16,28,44
10401,PADILLA,desnutricion aguda,desnutricion leve (l),2007-07-01,42,35,58,89,100,124,224
70502,PAILON,desnutricion aguda,desnutricion leve (l),2007-07-01,15,17,6,10,21,27,48
20102,PALCA,desnutricion aguda,desnutricion leve (l),2007-07-01,20,16,9,22,29,38,67
70902,PAMPA GRANDE,desnutricion aguda,desnutricion leve (l),2007-07-01,4,7,4,3,8,10,18
30202,PASORAPA,desnutricion aguda,desnutricion leve (l),2007-07-01,6,2,8,14,14,16,30
40602,PAZÑA,desnutricion aguda,desnutricion leve (l),2007-07-01,1,2,3,1,4,3,7
50403,POCOATA,desnutricion aguda,desnutricion leve (l),2007-07-01,53,68,63,79,116,147,263
31203,POCONA,desnutricion aguda,desnutricion leve (l),2007-07-01,16,11,16,8,32,19,51
31202,POJO (CBBA),desnutricion aguda,desnutricion leve (l),2007-07-01,31,29,35,36,66,65,131
40601,POOPO,desnutricion aguda,desnutricion leve (l),2007-07-01,2,5,3,2,5,7,12
51203,PORCO,desnutricion aguda,desnutricion leve (l),2007-07-01,15,18,10,7,25,25,50
10103,POROMA,desnutricion aguda,desnutricion leve (l),2007-07-01,86,77,86,81,172,158,330
70103,PORONGO,desnutricion aguda,desnutricion leve (l),2007-07-01,9,6,6,9,15,15,30
70601,PORTACHUELO,desnutricion aguda,desnutricion leve (l),2007-07-01,16,20,12,9,28,29,57
90102,PORVENIR,desnutricion aguda,desnutricion leve (l),2007-07-01,8,6,10,6,18,12,30
70804,POSTRER VALLE,desnutricion aguda,desnutricion leve (l),2007-07-01,4,3,2,8,6,11,17
50101,POTOSI,desnutricion aguda,desnutricion leve (l),2007-07-01,314,306,180,168,494,474,968
10302,PRESTO,desnutricion aguda,desnutricion leve (l),2007-07-01,41,25,41,35,82,60,142
70805,PUCARA,desnutricion aguda,desnutricion leve (l),2007-07-01,8,7,4,6,12,13,25
90301,PUERTO GONZALO MORENO,desnutricion aguda,desnutricion leve (l),2007-07-01,13,21,10,12,23,33,56
71402,PUERTO QUIJARRO,desnutricion aguda,desnutricion leve (l),2007-07-01,12,9,6,8,18,17,35
90201,PUERTO RICO,desnutricion aguda,desnutricion leve (l),2007-07-01,18,13,25,23,43,36,79
80703,PUERTO SILES,desnutricion aguda,desnutricion leve (l),2007-07-01,15,12,7,6,22,18,40
71401,PUERTO SUAREZ,desnutricion aguda,desnutricion leve (l),2007-07-01,5,16,1,8,6,24,30
31205,PUERTO VILLARROEL,desnutricion aguda,desnutricion leve (l),2007-07-01,56,50,58,50,114,100,214
51101,PUNA,desnutricion aguda,desnutricion leve (l),2007-07-01,90,105,128,143,218,248,466
31401,PUNATA,desnutricion aguda,desnutricion leve (l),2007-07-01,24,32,22,19,46,51,97
30901,QUILLACOLLO,desnutricion aguda,desnutricion leve (l),2007-07-01,56,24,46,36,102,60,162
21002,QUIME,desnutricion aguda,desnutricion leve (l),2007-07-01,6,6,2,1,8,7,15
70904,QUIRUSILLAS,desnutricion aguda,desnutricion leve (l),2007-07-01,0,1,0,3,0,4,4
50402,RAVELO,desnutricion aguda,desnutricion leve (l),2007-07-01,87,69,93,94,180,163,343
80301,REYES,desnutricion aguda,desnutricion leve (l),2007-07-01,6,9,17,16,23,25,48
80201,RIBERALTA,desnutricion aguda,desnutricion leve (l),2007-07-01,200,295,73,80,273,375,648
70503,ROBORE,desnutricion aguda,desnutricion leve (l),2007-07-01,10,14,8,3,18,17,35
80304,RURRENABAQUE,desnutricion aguda,desnutricion leve (l),2007-07-01,15,9,2,4,17,13,30
40901,SABAYA,desnutricion aguda,desnutricion leve (l),2007-07-01,1,2,4,0,5,2,7
31001,SACABA,desnutricion aguda,desnutricion leve (l),2007-07-01,103,111,98,95,201,206,407
30404,SACABAMBA,desnutricion aguda,desnutricion leve (l),2007-07-01,8,4,4,6,12,10,22
50701,SACACA,desnutricion aguda,desnutricion leve (l),2007-07-01,92,101,117,117,209,218,427
71302,SAIPINA,desnutricion aguda,desnutricion leve (l),2007-07-01,6,5,6,4,12,9,21
40801,SALINAS DE GARCI MENDOZA,desnutricion aguda,desnutricion leve (l),2007-07-01,13,9,10,11,23,20,43
70901,SAMAIPATA,desnutricion aguda,desnutricion leve (l),2007-07-01,13,9,2,4,15,13,28
51601,SAN AGUSTIN,desnutricion aguda,desnutricion leve (l),2007-07-01,0,4,1,3,1,7,8
80602,SAN ANDRES,desnutricion aguda,desnutricion leve (l),2007-07-01,9,13,11,7,20,20,40
51003,SAN ANTONIO DE ESMORUCO,desnutricion aguda,desnutricion leve (l),2007-07-01,0,2,0,0,0,2,2
71105,SAN ANTONIO DE LOMERIO,desnutricion aguda,desnutricion leve (l),2007-07-01,25,28,23,36,48,64,112
31403,SAN BENITO,desnutricion aguda,desnutricion leve (l),2007-07-01,23,25,15,18,38,43,81
80302,SAN BORJA,desnutricion aguda,desnutricion leve (l),2007-07-01,53,53,44,40,97,93,190
70402,SAN CARLOS,desnutricion aguda,desnutricion leve (l),2007-07-01,21,24,9,13,30,37,67
80501,SAN IGNACIO,desnutricion aguda,desnutricion leve (l),2007-07-01,37,34,32,28,69,62,131
70301,SAN IGNACIO DE VELASCO,desnutricion aguda,desnutricion leve (l),2007-07-01,77,105,81,96,158,201,359
80102,SAN JAVIER(BNI),desnutricion aguda,desnutricion leve (l),2007-07-01,3,3,3,3,6,6,12
71102,SAN JAVIER(STC),desnutricion aguda,desnutricion leve (l),2007-07-01,5,4,2,7,7,11,18
80701,SAN JOAQUIN,desnutricion aguda,desnutricion leve (l),2007-07-01,1,0,9,6,10,6,16
70501,SAN JOSE DE CHIQUITOS,desnutricion aguda,desnutricion leve (l),2007-07-01,13,10,4,10,17,20,37
70404,SAN JUAN DE YAPACANI,desnutricion aguda,desnutricion leve (l),2007-07-01,10,14,10,17,20,31,51
71104,SAN JULIAN,desnutricion aguda,desnutricion leve (l),2007-07-01,26,13,40,30,66,43,109
90302,SAN LORENZO(PND),desnutricion aguda,desnutricion leve (l),2007-07-01,0,1,2,8,2,9,11
60501,SAN LORENZO(TJA),desnutricion aguda,desnutricion leve (l),2007-07-01,28,24,34,35,62,59,121
10702,SAN LUCAS,desnutricion aguda,desnutricion leve (l),2007-07-01,203,203,236,276,439,479,918
71201,SAN MATIAS,desnutricion aguda,desnutricion leve (l),2007-07-01,6,7,10,10,16,17,33
70302,SAN MIGUEL DE VELASCO,desnutricion aguda,desnutricion leve (l),2007-07-01,18,15,8,12,26,27,53
51001,SAN PABLO DE LIPEZ,desnutricion aguda,desnutricion leve (l),2007-07-01,8,6,7,3,15,9,24
71005,SAN PEDRO,desnutricion aguda,desnutricion leve (l),2007-07-01,18,13,10,14,28,27,55
50501,SAN PEDRO DE BUENA VISTA,desnutricion aguda,desnutricion leve (l),2007-07-01,119,124,123,120,242,244,486
90202,SAN PEDRO(PND),desnutricion aguda,desnutricion leve (l),2007-07-01,3,5,2,11,5,16,21
70303,SAN RAFAEL,desnutricion aguda,desnutricion leve (l),2007-07-01,9,14,6,7,15,21,36
80702,SAN RAMON,desnutricion aguda,desnutricion leve (l),2007-07-01,10,21,4,8,14,29,43
80401,SANTA ANA,desnutricion aguda,desnutricion leve (l),2007-07-01,27,28,8,9,35,37,72
70101,SANTA CRUZ DE LA SIERRA,desnutricion aguda,desnutricion leve (l),2007-07-01,291,315,154,165,445,480,925
80303,SANTA ROSA,desnutricion aguda,desnutricion leve (l),2007-07-01,8,7,8,3,16,10,26
70602,SANTA ROSA DEL SARA,desnutricion aguda,desnutricion leve (l),2007-07-01,13,20,11,18,24,38,62
41401,SANTIAGO DE HUARI,desnutricion aguda,desnutricion leve (l),2007-07-01,10,6,8,2,18,8,26
30702,SANTIVAÑES,desnutricion aguda,desnutricion leve (l),2007-07-01,4,10,6,4,10,14,24
40202,SANTUARIO DE QUILLACAS,desnutricion aguda,desnutricion leve (l),2007-07-01,6,0,3,3,9,3,12
90303,SENA,desnutricion aguda,desnutricion leve (l),2007-07-01,7,6,6,4,13,10,23
30703,SICAYA,desnutricion aguda,desnutricion leve (l),2007-07-01,0,4,3,3,3,7,10
30902,SIPE SIPE,desnutricion aguda,desnutricion leve (l),2007-07-01,40,36,34,39,74,75,149
10403,SOPACHUY,desnutricion aguda,desnutricion leve (l),2007-07-01,27,38,41,61,68,99,167
40104,SORACACHI,desnutricion aguda,desnutricion leve (l),2007-07-01,11,7,14,9,25,16,41
10101,SUCRE,desnutricion aguda,desnutricion leve (l),2007-07-01,268,231,260,292,528,523,1051
31404,TACACHI,desnutricion aguda,desnutricion leve (l),2007-07-01,1,1,0,1,1,2,3
50303,TACOBAMBA,desnutricion aguda,desnutricion leve (l),2007-07-01,23,27,17,21,40,48,88
30602,TACOPAYA,desnutricion aguda,desnutricion leve (l),2007-07-01,28,24,29,34,57,58,115
31101,TAPACARI,desnutricion aguda,desnutricion leve (l),2007-07-01,96,99,63,75,159,174,333
10601,TARABUCO,desnutricion aguda,desnutricion leve (l),2007-07-01,126,105,206,210,332,315,647
30401,TARATA,desnutricion aguda,desnutricion leve (l),2007-07-01,15,12,10,6,25,18,43
60101,TARIJA,desnutricion aguda,desnutricion leve (l),2007-07-01,91,106,80,97,171,203,374
10202,TARVITA,desnutricion aguda,desnutricion leve (l),2007-07-01,77,78,99,169,176,247,423
50102,TINGUIPAYA,desnutricion aguda,desnutricion leve (l),2007-07-01,43,43,25,39,68,82,150
30903,TIQUIPAYA,desnutricion aguda,desnutricion leve (l),2007-07-01,39,39,34,43,73,82,155
31601,TIRAQUE (CBBA),desnutricion aguda,desnutricion leve (l),2007-07-01,84,74,67,80,151,154,305
30802,TOCO,desnutricion aguda,desnutricion leve (l),2007-07-01,16,7,11,10,27,17,44
30803,TOLATA,desnutricion aguda,desnutricion leve (l),2007-07-01,4,4,1,1,5,5,10
41001,TOLEDO,desnutricion aguda,desnutricion leve (l),2007-07-01,0,2,5,3,5,5,10
51202,TOMAVE,desnutricion aguda,desnutricion leve (l),2007-07-01,20,20,20,12,40,32,72
10402,TOMINA,desnutricion aguda,desnutricion leve (l),2007-07-01,44,44,57,72,101,116,217
50502,TORO TORO,desnutricion aguda,desnutricion leve (l),2007-07-01,25,25,22,38,47,63,110
31201,TOTORA(CBBA),desnutricion aguda,desnutricion leve (l),2007-07-01,29,28,27,21,56,49,105
41301,TOTORA(ORR),desnutricion aguda,desnutricion leve (l),2007-07-01,1,1,4,0,5,1,6
70802,TRIGAL,desnutricion aguda,desnutricion leve (l),2007-07-01,0,1,1,0,1,1,2
80101,TRINIDAD,desnutricion aguda,desnutricion leve (l),2007-07-01,123,120,58,79,181,199,380
50801,TUPIZA,desnutricion aguda,desnutricion leve (l),2007-07-01,40,47,60,62,100,109,209
40402,TURCO,desnutricion aguda,desnutricion leve (l),2007-07-01,6,3,12,3,18,6,24
50201,UNCIA,desnutricion aguda,desnutricion leve (l),2007-07-01,56,47,53,51,109,98,207
60401,URIONDO (A. CONCEPCION),desnutricion aguda,desnutricion leve (l),2007-07-01,8,9,16,26,24,35,59
51201,UYUNI,desnutricion aguda,desnutricion leve (l),2007-07-01,29,28,32,42,61,70,131
30502,VACAS,desnutricion aguda,desnutricion leve (l),2007-07-01,9,15,13,10,22,25,47
70801,VALLEGRANDE,desnutricion aguda,desnutricion leve (l),2007-07-01,12,12,15,20,27,32,59
20801,VIACHA,desnutricion aguda,desnutricion leve (l),2007-07-01,27,28,22,25,49,53,102
31302,VILA VILA,desnutricion aguda,desnutricion leve (l),2007-07-01,11,5,11,13,22,18,40
60303,VILLA MONTES,desnutricion aguda,desnutricion leve (l),2007-07-01,20,18,11,11,31,29,60
90502,VILLA NUEVA (LOMA ALTA),desnutricion aguda,desnutricion leve (l),2007-07-01,5,7,7,10,12,17,29
31402,VILLA RIVERO,desnutricion aguda,desnutricion leve (l),2007-07-01,6,6,5,5,11,11,22
10801,VILLA SERRANO,desnutricion aguda,desnutricion leve (l),2007-07-01,38,47,66,78,104,125,229
31003,VILLA TUNARI,desnutricion aguda,desnutricion leve (l),2007-07-01,72,85,67,72,139,157,296
11001,VILLA VACA GUZMAN (MUYUPAMPA),desnutricion aguda,desnutricion leve (l),2007-07-01,17,17,15,32,32,49,81
51501,VILLAZON,desnutricion aguda,desnutricion leve (l),2007-07-01,45,42,38,54,83,96,179
30904,VINTO,desnutricion aguda,desnutricion leve (l),2007-07-01,9,9,2,6,11,15,26
50602,VITICHI,desnutricion aguda,desnutricion leve (l),2007-07-01,41,40,56,52,97,92,189
70201,WARNES,desnutricion aguda,desnutricion leve (l),2007-07-01,26,31,23,28,49,59,108
60301,YACUIBA,desnutricion aguda,desnutricion leve (l),2007-07-01,28,36,24,23,52,59,111
10602,YAMPARAEZ,desnutricion aguda,desnutricion leve (l),2007-07-01,50,38,94,86,144,124,268
70403,YAPACANI,desnutricion aguda,desnutricion leve (l),2007-07-01,65,62,52,47,117,109,226
50103,YOCALLA,desnutricion aguda,desnutricion leve (l),2007-07-01,16,6,20,14,36,20,56
10102,YOTALA,desnutricion aguda,desnutricion leve (l),2007-07-01,4,5,5,3,9,8,17
60402,YUNCHARA,desnutricion aguda,desnutricion leve (l),2007-07-01,16,4,26,30,42,34,76
10301,ZUDAÑEZ,desnutricion aguda,desnutricion leve (l),2007-07-01,42,41,55,59,97,100,197
51302,ACACIO,desnutricion aguda,desnutricion leve (l),2007-08-01,27,27,44,36,71,63,134
20104,ACHOCALLA,desnutricion aguda,desnutricion leve (l),2007-08-01,5,3,1,2,6,5,11
30201,AIQUILE,desnutricion aguda,desnutricion leve (l),2007-08-01,32,40,41,43,73,83,156
31303,ALALAY,desnutricion aguda,desnutricion leve (l),2007-08-01,17,14,21,33,38,47,85
10404,ALCALA,desnutricion aguda,desnutricion leve (l),2007-08-01,14,13,21,26,35,39,74
41201,ANDAMARCA,desnutricion aguda,desnutricion leve (l),2007-08-01,5,2,1,1,6,3,9
40603,ANTEQUERA,desnutricion aguda,desnutricion leve (l),2007-08-01,11,3,5,7,16,10,26
30402,ANZALDO,desnutricion aguda,desnutricion leve (l),2007-08-01,15,5,8,11,23,16,39
51301,ARAMPAMPA,desnutricion aguda,desnutricion leve (l),2007-08-01,24,34,31,42,55,76,131
30501,ARANI,desnutricion aguda,desnutricion leve (l),2007-08-01,8,4,11,12,19,16,35
30403,ARBIETO,desnutricion aguda,desnutricion leve (l),2007-08-01,12,13,13,20,25,33,58
30601,ARQUE,desnutricion aguda,desnutricion leve (l),2007-08-01,49,51,61,52,110,103,213
71501,ASCENCION DE GUARAYOS,desnutricion aguda,desnutricion leve (l),2007-08-01,64,73,84,91,148,164,312
50802,ATOCHA,desnutricion aguda,desnutricion leve (l),2007-08-01,27,20,16,15,43,35,78
30301,AYOPAYA (V. DE INDEPENDENCIA),desnutricion aguda,desnutricion leve (l),2007-08-01,68,69,81,90,149,159,308
10201,AZURDUY,desnutricion aguda,desnutricion leve (l),2007-08-01,40,58,72,87,112,145,257
80802,BAURES,desnutricion aguda,desnutricion leve (l),2007-08-01,9,8,4,10,13,18,31
41202,BELEN DE ANDAMARCA,desnutricion aguda,desnutricion leve (l),2007-08-01,2,1,2,3,4,4,8
50104,BELEN DE URMIRI,desnutricion aguda,desnutricion leve (l),2007-08-01,3,1,3,6,6,7,13
90104,BELLA FLOR,desnutricion aguda,desnutricion leve (l),2007-08-01,5,8,16,5,21,13,34
60202,BERMEJO,desnutricion aguda,desnutricion leve (l),2007-08-01,13,10,7,5,20,15,35
50301,BETANZOS,desnutricion aguda,desnutricion leve (l),2007-08-01,115,106,136,154,251,260,511
31501,BOLIVAR,desnutricion aguda,desnutricion leve (l),2007-08-01,27,30,27,39,54,69,123
90103,BOLPEBRA,desnutricion aguda,desnutricion leve (l),2007-08-01,2,2,1,1,3,3,6
70707,BOYUIBE,desnutricion aguda,desnutricion leve (l),2007-08-01,3,3,5,1,8,4,12
70401,BUENA VISTA,desnutricion aguda,desnutricion leve (l),2007-08-01,12,6,6,8,18,14,32
70703,CABEZAS,desnutricion aguda,desnutricion leve (l),2007-08-01,17,31,26,26,43,57,100
51102,"CAIZA ""D""",desnutricion aguda,desnutricion leve (l),2007-08-01,21,14,8,15,29,29,58
21003,CAJUATA,desnutricion aguda,desnutricion leve (l),2007-08-01,12,14,11,12,23,26,49
10701,CAMARGO,desnutricion aguda,desnutricion leve (l),2007-08-01,42,55,81,84,123,139,262
10901,CAMATAQUI (C. VILLA ABECIA),desnutricion aguda,desnutricion leve (l),2007-08-01,17,9,8,14,25,23,48
70706,CAMIRI,desnutricion aguda,desnutricion leve (l),2007-08-01,64,52,48,49,112,101,213
30701,CAPINOTA,desnutricion aguda,desnutricion leve (l),2007-08-01,55,67,68,67,123,134,257
40102,CARACOLLO,desnutricion aguda,desnutricion leve (l),2007-08-01,17,11,11,10,28,21,49
60302,CARAPARI,desnutricion aguda,desnutricion leve (l),2007-08-01,12,13,8,10,20,23,43
50702,CARIPUYO,desnutricion aguda,desnutricion leve (l),2007-08-01,50,40,63,89,113,129,242
71403,CARMEN RIVERO TORREZ,desnutricion aguda,desnutricion leve (l),2007-08-01,7,8,2,8,9,16,25
40201,CHALLAPATA,desnutricion aguda,desnutricion leve (l),2007-08-01,21,34,28,35,49,69,118
50302,CHAQUI,desnutricion aguda,desnutricion leve (l),2007-08-01,17,15,31,31,48,46,94
70702,CHARAGUA,desnutricion aguda,desnutricion leve (l),2007-08-01,27,24,21,30,48,54,102
50202,CHAYANTA,desnutricion aguda,desnutricion leve (l),2007-08-01,49,49,89,107,138,156,294
31204,CHIMORE,desnutricion aguda,desnutricion leve (l),2007-08-01,32,27,38,25,70,52,122
40903,CHIPAYA,desnutricion aguda,desnutricion leve (l),2007-08-01,0,1,0,8,0,9,9
40302,CHOQUE COTA,desnutricion aguda,desnutricion leve (l),2007-08-01,3,1,1,2,4,3,7
90101,COBIJA,desnutricion aguda,desnutricion leve (l),2007-08-01,66,57,48,49,114,106,220
30101,COCHABAMBA,desnutricion aguda,desnutricion leve (l),2007-08-01,370,328,234,259,604,587,1191
40902,COIPASA,desnutricion aguda,desnutricion leve (l),2007-08-01,11,11,11,13,22,24,46
30905,COLCAPIRHUA,desnutricion aguda,desnutricion leve (l),2007-08-01,65,36,37,35,102,71,173
50901,"COLCHA ""K""",desnutricion aguda,desnutricion leve (l),2007-08-01,31,23,8,22,39,45,84
31002,COLOMI,desnutricion aguda,desnutricion leve (l),2007-08-01,35,43,45,56,80,99,179
70603,COLPA BELGICA,desnutricion aguda,desnutricion leve (l),2007-08-01,5,1,6,6,11,7,18
50401,COLQUECHACA,desnutricion aguda,desnutricion leve (l),2007-08-01,100,77,86,77,186,154,340
21004,COLQUIRI,desnutricion aguda,desnutricion leve (l),2007-08-01,23,17,9,8,32,25,57
71301,COMARAPA,desnutricion aguda,desnutricion leve (l),2007-08-01,24,18,13,12,37,30,67
71101,CONCEPCION,desnutricion aguda,desnutricion leve (l),2007-08-01,20,16,12,18,32,34,66
40301,CORQUE,desnutricion aguda,desnutricion leve (l),2007-08-01,3,5,3,4,6,9,15
50601,COTAGAITA,desnutricion aguda,desnutricion leve (l),2007-08-01,53,81,81,73,134,154,288
70102,COTOCA,desnutricion aguda,desnutricion leve (l),2007-08-01,48,75,34,43,82,118,200
71106,CUATRO CAÑADAS,desnutricion aguda,desnutricion leve (l),2007-08-01,6,25,15,17,21,42,63
31405,CUCHUMUELA (V. G. VILLARROEL),desnutricion aguda,desnutricion leve (l),2007-08-01,6,3,3,1,9,4,13
70704,CUEVO,desnutricion aguda,desnutricion leve (l),2007-08-01,1,0,1,0,2,0,2
10902,CULPINA,desnutricion aguda,desnutricion leve (l),2007-08-01,74,83,120,114,194,197,391
40401,CURAHUARA DE CARANGAS,desnutricion aguda,desnutricion leve (l),2007-08-01,3,1,2,0,5,1,6
21602,CURVA,desnutricion aguda,desnutricion leve (l),2007-08-01,4,5,6,2,10,7,17
40103,EL CHORO,desnutricion aguda,desnutricion leve (l),2007-08-01,3,3,0,5,3,8,11
71503,EL PUENTE(STC),desnutricion aguda,desnutricion leve (l),2007-08-01,20,16,10,22,30,38,68
60502,EL PUENTE(TJA),desnutricion aguda,desnutricion leve (l),2007-08-01,15,9,19,29,34,38,72
70105,EL TORNO,desnutricion aguda,desnutricion leve (l),2007-08-01,17,33,22,25,39,58,97
10405,EL VILLAR,desnutricion aguda,desnutricion leve (l),2007-08-01,11,29,23,36,34,65,99
60601,ENTRE RIOS,desnutricion aguda,desnutricion leve (l),2007-08-01,10,29,14,37,24,66,90
60601,ENTRE RIOS,desnutricion aguda,desnutricion leve (l),2007-08-01,49,58,49,35,98,93,191
40502,ESCARA,desnutricion aguda,desnutricion leve (l),2007-08-01,0,1,2,0,2,1,3
41101,EUCALIPTUS,desnutricion aguda,desnutricion leve (l),2007-08-01,2,3,3,0,5,3,8
90503,EUREKA (SANTOS MERCADO),desnutricion aguda,desnutricion leve (l),2007-08-01,0,0,0,1,0,1,1
80402,EXALTACION,desnutricion aguda,desnutricion leve (l),2007-08-01,5,6,2,9,7,15,22
71004,FERNANDEZ ALONSO,desnutricion aguda,desnutricion leve (l),2007-08-01,10,17,9,18,19,35,54
90203,FILADELFIA,desnutricion aguda,desnutricion leve (l),2007-08-01,5,3,5,2,10,5,15
71002,GENERAL SAAVEDRA,desnutricion aguda,desnutricion leve (l),2007-08-01,28,20,17,13,45,33,78
80202,GUAYARAMERIN,desnutricion aguda,desnutricion leve (l),2007-08-01,98,86,40,55,138,141,279
70705,GUTIERREZ,desnutricion aguda,desnutricion leve (l),2007-08-01,38,29,48,40,86,69,155
10502,HUACARETA,desnutricion aguda,desnutricion leve (l),2007-08-01,16,26,17,22,33,48,81
11002,HUACAYA (VILLA DE HUACAYA),desnutricion aguda,desnutricion leve (l),2007-08-01,4,2,14,12,18,14,32
40501,HUACHACALLA,desnutricion aguda,desnutricion leve (l),2007-08-01,0,1,0,1,0,2,2
40701,HUANUNI,desnutricion aguda,desnutricion leve (l),2007-08-01,8,8,6,5,14,13,27
80803,HUARACAJE,desnutricion aguda,desnutricion leve (l),2007-08-01,1,5,10,14,11,19,30
41601,HUAYLLAMARCA,desnutricion aguda,desnutricion leve (l),2007-08-01,1,2,1,4,2,6,8
21005,ICHOCA,desnutricion aguda,desnutricion leve (l),2007-08-01,4,1,5,6,9,7,16
10304,ICLA,desnutricion aguda,desnutricion leve (l),2007-08-01,54,54,118,120,172,174,346
10703,INCAHUASI,desnutricion aguda,desnutricion leve (l),2007-08-01,110,110,116,137,226,247,473
90402,INGAVI (HUMAITA),desnutricion aguda,desnutricion leve (l),2007-08-01,2,3,9,1,11,4,15
21001,INQUISIVI,desnutricion aguda,desnutricion leve (l),2007-08-01,10,21,8,10,18,31,49
70104,LA GUARDIA,desnutricion aguda,desnutricion leve (l),2007-08-01,56,50,39,39,95,89,184
70701,LAGUNILLAS,desnutricion aguda,desnutricion leve (l),2007-08-01,9,13,17,17,26,30,56
10903,LAS CARRERAS,desnutricion aguda,desnutricion leve (l),2007-08-01,1,8,13,11,14,19,33
21006,LICOMA PAMPA,desnutricion aguda,desnutricion leve (l),2007-08-01,0,0,1,0,1,0,1
50203,LLALLAGUA,desnutricion aguda,desnutricion leve (l),2007-08-01,92,78,141,129,233,207,440
51401,LLICA,desnutricion aguda,desnutricion leve (l),2007-08-01,4,5,2,2,6,7,13
80601,LORETO,desnutricion aguda,desnutricion leve (l),2007-08-01,6,7,4,4,10,11,21
40702,MACHACAMARCA,desnutricion aguda,desnutricion leve (l),2007-08-01,0,0,1,0,1,0,1
11003,MACHARETI,desnutricion aguda,desnutricion leve (l),2007-08-01,14,11,14,10,28,21,49
80801,MAGDALENA,desnutricion aguda,desnutricion leve (l),2007-08-01,12,24,10,10,22,34,56
70903,MAIRANA,desnutricion aguda,desnutricion leve (l),2007-08-01,7,3,16,15,23,18,41
20103,MECAPACA,desnutricion aguda,desnutricion leve (l),2007-08-01,15,17,15,19,30,36,66
71003,MINEROS,desnutricion aguda,desnutricion leve (l),2007-08-01,31,43,19,18,50,61,111
31301,MIZQUE,desnutricion aguda,desnutricion leve (l),2007-08-01,79,92,58,92,137,184,321
51002,MOJINETE,desnutricion aguda,desnutricion leve (l),2007-08-01,0,1,1,5,1,6,7
10303,MOJOCOYA,desnutricion aguda,desnutricion leve (l),2007-08-01,24,30,35,35,59,65,124
10501,MONTEAGUDO,desnutricion aguda,desnutricion leve (l),2007-08-01,62,48,85,97,147,145,292
71001,MONTERO,desnutricion aguda,desnutricion leve (l),2007-08-01,137,121,114,100,251,221,472
70803,MORO MORO,desnutricion aguda,desnutricion leve (l),2007-08-01,1,2,7,4,8,6,14
30302,MOROCHATA,desnutricion aguda,desnutricion leve (l),2007-08-01,66,73,50,51,116,124,240
90401,NACEBE (SANTA ROSA DEL ABUNA),desnutricion aguda,desnutricion leve (l),2007-08-01,0,0,3,8,3,8,11
90501,NUEVO MANOA (NUEVA ESPERANZA),desnutricion aguda,desnutricion leve (l),2007-08-01,3,3,2,1,5,4,9
50404,OCURI,desnutricion aguda,desnutricion leve (l),2007-08-01,38,39,54,57,92,96,188
70202,OKINAWA,desnutricion aguda,desnutricion leve (l),2007-08-01,11,14,13,19,24,33,57
30203,OMEREQUE,desnutricion aguda,desnutricion leve (l),2007-08-01,9,8,17,9,26,17,43
40101,ORURO,desnutricion aguda,desnutricion leve (l),2007-08-01,268,210,91,110,359,320,679
60201,PADCAYA,desnutricion aguda,desnutricion leve (l),2007-08-01,17,14,23,19,40,33,73
10401,PADILLA,desnutricion aguda,desnutricion leve (l),2007-08-01,42,30,70,81,112,111,223
70502,PAILON,desnutricion aguda,desnutricion leve (l),2007-08-01,19,22,9,13,28,35,63
20102,PALCA,desnutricion aguda,desnutricion leve (l),2007-08-01,20,20,11,14,31,34,65
40802,PAMPA AULLAGAS,desnutricion aguda,desnutricion leve (l),2007-08-01,0,1,0,0,0,1,1
70902,PAMPA GRANDE,desnutricion aguda,desnutricion leve (l),2007-08-01,3,3,3,3,6,6,12
30202,PASORAPA,desnutricion aguda,desnutricion leve (l),2007-08-01,9,8,12,10,21,18,39
40602,PAZÑA,desnutricion aguda,desnutricion leve (l),2007-08-01,1,2,1,0,2,2,4
50403,POCOATA,desnutricion aguda,desnutricion leve (l),2007-08-01,52,62,57,86,109,148,257
31203,POCONA,desnutricion aguda,desnutricion leve (l),2007-08-01,21,20,19,11,40,31,71
31202,POJO (CBBA),desnutricion aguda,desnutricion leve (l),2007-08-01,7,6,10,9,17,15,32
40601,POOPO,desnutricion aguda,desnutricion leve (l),2007-08-01,4,3,2,4,6,7,13
51203,PORCO,desnutricion aguda,desnutricion leve (l),2007-08-01,22,43,11,10,33,53,86
10103,POROMA,desnutricion aguda,desnutricion leve (l),2007-08-01,95,97,97,110,192,207,399
70103,PORONGO,desnutricion aguda,desnutricion leve (l),2007-08-01,9,10,7,2,16,12,28
70601,PORTACHUELO,desnutricion aguda,desnutricion leve (l),2007-08-01,22,23,14,19,36,42,78
90102,PORVENIR,desnutricion aguda,desnutricion leve (l),2007-08-01,5,7,4,5,9,12,21
70804,POSTRER VALLE,desnutricion aguda,desnutricion leve (l),2007-08-01,1,2,4,3,5,5,10
50101,POTOSI,desnutricion aguda,desnutricion leve (l),2007-08-01,353,362,199,227,552,589,1141
10302,PRESTO,desnutricion aguda,desnutricion leve (l),2007-08-01,44,34,46,48,90,82,172
70805,PUCARA,desnutricion aguda,desnutricion leve (l),2007-08-01,4,4,8,7,12,11,23
90301,PUERTO GONZALO MORENO,desnutricion aguda,desnutricion leve (l),2007-08-01,18,17,12,9,30,26,56
71402,PUERTO QUIJARRO,desnutricion aguda,desnutricion leve (l),2007-08-01,9,18,3,4,12,22,34
90201,PUERTO RICO,desnutricion aguda,desnutricion leve (l),2007-08-01,29,26,23,28,52,54,106
80703,PUERTO SILES,desnutricion aguda,desnutricion leve (l),2007-08-01,1,2,0,0,1,2,3
71401,PUERTO SUAREZ,desnutricion aguda,desnutricion leve (l),2007-08-01,13,22,5,11,18,33,51
31205,PUERTO VILLARROEL,desnutricion aguda,desnutricion leve (l),2007-08-01,91,57,71,83,162,140,302
51101,PUNA,desnutricion aguda,desnutricion leve (l),2007-08-01,125,97,141,157,266,254,520
31401,PUNATA,desnutricion aguda,desnutricion leve (l),2007-08-01,39,30,25,20,64,50,114
30901,QUILLACOLLO,desnutricion aguda,desnutricion leve (l),2007-08-01,64,72,33,41,97,113,210
21002,QUIME,desnutricion aguda,desnutricion leve (l),2007-08-01,6,6,0,1,6,7,13
70904,QUIRUSILLAS,desnutricion aguda,desnutricion leve (l),2007-08-01,2,1,1,4,3,5,8
50402,RAVELO,desnutricion aguda,desnutricion leve (l),2007-08-01,107,111,126,123,233,234,467
80301,REYES,desnutricion aguda,desnutricion leve (l),2007-08-01,14,11,15,15,29,26,55
80201,RIBERALTA,desnutricion aguda,desnutricion leve (l),2007-08-01,286,341,115,153,401,494,895
70503,ROBORE,desnutricion aguda,desnutricion leve (l),2007-08-01,12,19,15,13,27,32,59
80304,RURRENABAQUE,desnutricion aguda,desnutricion leve (l),2007-08-01,7,12,4,10,11,22,33
40901,SABAYA,desnutricion aguda,desnutricion leve (l),2007-08-01,2,2,2,1,4,3,7
31001,SACABA,desnutricion aguda,desnutricion leve (l),2007-08-01,96,70,43,53,139,123,262
30404,SACABAMBA,desnutricion aguda,desnutricion leve (l),2007-08-01,3,2,7,7,10,9,19
50701,SACACA,desnutricion aguda,desnutricion leve (l),2007-08-01,156,143,194,217,350,360,710
71302,SAIPINA,desnutricion aguda,desnutricion leve (l),2007-08-01,2,2,3,2,5,4,9
40801,SALINAS DE GARCI MENDOZA,desnutricion aguda,desnutricion leve (l),2007-08-01,5,5,8,1,13,6,19
70901,SAMAIPATA,desnutricion aguda,desnutricion leve (l),2007-08-01,11,9,8,10,19,19,38
51601,SAN AGUSTIN,desnutricion aguda,desnutricion leve (l),2007-08-01,2,5,3,3,5,8,13
80602,SAN ANDRES,desnutricion aguda,desnutricion leve (l),2007-08-01,29,16,4,5,33,21,54
51003,SAN ANTONIO DE ESMORUCO,desnutricion aguda,desnutricion leve (l),2007-08-01,7,7,3,6,10,13,23
71105,SAN ANTONIO DE LOMERIO,desnutricion aguda,desnutricion leve (l),2007-08-01,22,30,38,38,60,68,128
31403,SAN BENITO,desnutricion aguda,desnutricion leve (l),2007-08-01,15,23,14,17,29,40,69
80302,SAN BORJA,desnutricion aguda,desnutricion leve (l),2007-08-01,71,95,47,53,118,148,266
70402,SAN CARLOS,desnutricion aguda,desnutricion leve (l),2007-08-01,23,24,8,7,31,31,62
80501,SAN IGNACIO,desnutricion aguda,desnutricion leve (l),2007-08-01,67,73,53,64,120,137,257
70301,SAN IGNACIO DE VELASCO,desnutricion aguda,desnutricion leve (l),2007-08-01,147,153,116,161,263,314,577
80102,SAN JAVIER(BNI),desnutricion aguda,desnutricion leve (l),2007-08-01,12,7,4,6,16,13,29
71102,SAN JAVIER(STC),desnutricion aguda,desnutricion leve (l),2007-08-01,4,9,5,2,9,11,20
80701,SAN JOAQUIN,desnutricion aguda,desnutricion leve (l),2007-08-01,5,2,3,6,8,8,16
70501,SAN JOSE DE CHIQUITOS,desnutricion aguda,desnutricion leve (l),2007-08-01,9,20,17,18,26,38,64
70404,SAN JUAN DE YAPACANI,desnutricion aguda,desnutricion leve (l),2007-08-01,12,13,12,15,24,28,52
71104,SAN JULIAN,desnutricion aguda,desnutricion leve (l),2007-08-01,8,13,26,23,34,36,70
90302,SAN LORENZO(PND),desnutricion aguda,desnutricion leve (l),2007-08-01,4,4,12,7,16,11,27
60501,SAN LORENZO(TJA),desnutricion aguda,desnutricion leve (l),2007-08-01,25,26,39,36,64,62,126
10702,SAN LUCAS,desnutricion aguda,desnutricion leve (l),2007-08-01,228,238,262,290,490,528,1018
71201,SAN MATIAS,desnutricion aguda,desnutricion leve (l),2007-08-01,6,8,5,9,11,17,28
70302,SAN MIGUEL DE VELASCO,desnutricion aguda,desnutricion leve (l),2007-08-01,18,16,7,10,25,26,51
51001,SAN PABLO DE LIPEZ,desnutricion aguda,desnutricion leve (l),2007-08-01,11,4,8,7,19,11,30
71005,SAN PEDRO,desnutricion aguda,desnutricion leve (l),2007-08-01,13,15,13,16,26,31,57
50501,SAN PEDRO DE BUENA VISTA,desnutricion aguda,desnutricion leve (l),2007-08-01,121,119,187,173,308,292,600
50902,SAN PEDRO DE QUEMES,desnutricion aguda,desnutricion leve (l),2007-08-01,0,0,1,1,1,1,2
90202,SAN PEDRO(PND),desnutricion aguda,desnutricion leve (l),2007-08-01,8,7,8,9,16,16,32
70303,SAN RAFAEL,desnutricion aguda,desnutricion leve (l),2007-08-01,11,12,5,5,16,17,33
80702,SAN RAMON,desnutricion aguda,desnutricion leve (l),2007-08-01,8,17,18,13,26,30,56
80401,SANTA ANA,desnutricion aguda,desnutricion leve (l),2007-08-01,36,22,6,6,42,28,70
70101,SANTA CRUZ DE LA SIERRA,desnutricion aguda,desnutricion leve (l),2007-08-01,334,353,172,192,506,545,1051
80303,SANTA ROSA,desnutricion aguda,desnutricion leve (l),2007-08-01,29,33,23,33,52,66,118
70602,SANTA ROSA DEL SARA,desnutricion aguda,desnutricion leve (l),2007-08-01,21,26,20,31,41,57,98
41401,SANTIAGO DE HUARI,desnutricion aguda,desnutricion leve (l),2007-08-01,15,10,15,8,30,18,48
30702,SANTIVAÑES,desnutricion aguda,desnutricion leve (l),2007-08-01,4,6,2,11,6,17,23
40202,SANTUARIO DE QUILLACAS,desnutricion aguda,desnutricion leve (l),2007-08-01,5,6,19,14,24,20,44
90303,SENA,desnutricion aguda,desnutricion leve (l),2007-08-01,11,9,4,4,15,13,28
30703,SICAYA,desnutricion aguda,desnutricion leve (l),2007-08-01,0,4,5,3,5,7,12
30902,SIPE SIPE,desnutricion aguda,desnutricion leve (l),2007-08-01,60,57,22,45,82,102,184
10403,SOPACHUY,desnutricion aguda,desnutricion leve (l),2007-08-01,23,34,61,78,84,112,196
40104,SORACACHI,desnutricion aguda,desnutricion leve (l),2007-08-01,10,6,11,4,21,10,31
10101,SUCRE,desnutricion aguda,desnutricion leve (l),2007-08-01,324,247,298,316,622,563,1185
31404,TACACHI,desnutricion aguda,desnutricion leve (l),2007-08-01,3,2,2,2,5,4,9
50303,TACOBAMBA,desnutricion aguda,desnutricion leve (l),2007-08-01,28,27,21,18,49,45,94
30602,TACOPAYA,desnutricion aguda,desnutricion leve (l),2007-08-01,38,48,72,82,110,130,240
51402,TAHUA,desnutricion aguda,desnutricion leve (l),2007-08-01,1,0,0,0,1,0,1
31101,TAPACARI,desnutricion aguda,desnutricion leve (l),2007-08-01,88,82,79,53,167,135,302
10601,TARABUCO,desnutricion aguda,desnutricion leve (l),2007-08-01,146,113,222,236,368,349,717
30401,TARATA,desnutricion aguda,desnutricion leve (l),2007-08-01,17,10,9,5,26,15,41
60101,TARIJA,desnutricion aguda,desnutricion leve (l),2007-08-01,108,118,110,94,218,212,430
10202,TARVITA,desnutricion aguda,desnutricion leve (l),2007-08-01,81,79,109,146,190,225,415
50102,TINGUIPAYA,desnutricion aguda,desnutricion leve (l),2007-08-01,69,75,87,90,156,165,321
30903,TIQUIPAYA,desnutricion aguda,desnutricion leve (l),2007-08-01,27,27,25,25,52,52,104
31601,TIRAQUE (CBBA),desnutricion aguda,desnutricion leve (l),2007-08-01,71,89,60,84,131,173,304
30802,TOCO,desnutricion aguda,desnutricion leve (l),2007-08-01,13,6,15,6,28,12,40
41502,TODOS SANTOS,desnutricion aguda,desnutricion leve (l),2007-08-01,1,0,0,0,1,0,1
30803,TOLATA,desnutricion aguda,desnutricion leve (l),2007-08-01,2,3,2,1,4,4,8
41001,TOLEDO,desnutricion aguda,desnutricion leve (l),2007-08-01,7,2,6,4,13,6,19
51202,TOMAVE,desnutricion aguda,desnutricion leve (l),2007-08-01,22,23,26,20,48,43,91
10402,TOMINA,desnutricion aguda,desnutricion leve (l),2007-08-01,43,39,91,79,134,118,252
50502,TORO TORO,desnutricion aguda,desnutricion leve (l),2007-08-01,40,30,35,33,75,63,138
31201,TOTORA(CBBA),desnutricion aguda,desnutricion leve (l),2007-08-01,39,39,31,23,70,62,132
41301,TOTORA(ORR),desnutricion aguda,desnutricion leve (l),2007-08-01,0,1,4,1,4,2,6
70802,TRIGAL,desnutricion aguda,desnutricion leve (l),2007-08-01,3,0,3,3,6,3,9
80101,TRINIDAD,desnutricion aguda,desnutricion leve (l),2007-08-01,130,104,56,60,186,164,350
50801,TUPIZA,desnutricion aguda,desnutricion leve (l),2007-08-01,88,77,89,111,177,188,365
40402,TURCO,desnutricion aguda,desnutricion leve (l),2007-08-01,2,6,1,0,3,6,9
50201,UNCIA,desnutricion aguda,desnutricion leve (l),2007-08-01,56,57,60,56,116,113,229
60401,URIONDO (A. CONCEPCION),desnutricion aguda,desnutricion leve (l),2007-08-01,24,27,36,32,60,59,119
71502,URUBICHA,desnutricion aguda,desnutricion leve (l),2007-08-01,24,18,34,30,58,48,106
51201,UYUNI,desnutricion aguda,desnutricion leve (l),2007-08-01,24,21,27,32,51,53,104
30502,VACAS,desnutricion aguda,desnutricion leve (l),2007-08-01,22,30,20,19,42,49,91
70801,VALLEGRANDE,desnutricion aguda,desnutricion leve (l),2007-08-01,12,17,18,12,30,29,59
20801,VIACHA,desnutricion aguda,desnutricion leve (l),2007-08-01,21,31,23,27,44,58,102
60303,VILLA MONTES,desnutricion aguda,desnutricion leve (l),2007-08-01,18,16,17,12,35,28,63
90502,VILLA NUEVA (LOMA ALTA),desnutricion aguda,desnutricion leve (l),2007-08-01,15,21,21,16,36,37,73
31402,VILLA RIVERO,desnutricion aguda,desnutricion leve (l),2007-08-01,9,8,12,9,21,17,38
10801,VILLA SERRANO,desnutricion aguda,desnutricion leve (l),2007-08-01,35,38,68,77,103,115,218
31003,VILLA TUNARI,desnutricion aguda,desnutricion leve (l),2007-08-01,96,88,75,74,171,162,333
11001,VILLA VACA GUZMAN (MUYUPAMPA),desnutricion aguda,desnutricion leve (l),2007-08-01,21,24,22,32,43,56,99
51501,VILLAZON,desnutricion aguda,desnutricion leve (l),2007-08-01,54,44,55,52,109,96,205
30904,VINTO,desnutricion aguda,desnutricion leve (l),2007-08-01,14,24,7,6,21,30,51
50602,VITICHI,desnutricion aguda,desnutricion leve (l),2007-08-01,39,29,46,44,85,73,158
70201,WARNES,desnutricion aguda,desnutricion leve (l),2007-08-01,55,36,33,39,88,75,163
60301,YACUIBA,desnutricion aguda,desnutricion leve (l),2007-08-01,44,49,27,31,71,80,151
10602,YAMPARAEZ,desnutricion aguda,desnutricion leve (l),2007-08-01,44,45,106,84,150,129,279
70403,YAPACANI,desnutricion aguda,desnutricion leve (l),2007-08-01,54,36,31,48,85,84,169
50103,YOCALLA,desnutricion aguda,desnutricion leve (l),2007-08-01,9,7,7,11,16,18,34
10102,YOTALA,desnutricion aguda,desnutricion leve (l),2007-08-01,3,5,7,7,10,12,22
60402,YUNCHARA,desnutricion aguda,desnutricion leve (l),2007-08-01,15,10,32,26,47,36,83
10301,ZUDAÑEZ,desnutricion aguda,desnutricion leve (l),2007-08-01,40,36,67,68,107,104,211
51302,ACACIO,desnutricion aguda,desnutricion leve (l),2007-09-01,23,16,30,28,53,44,97
20104,ACHOCALLA,desnutricion aguda,desnutricion leve (l),2007-09-01,1,0,2,1,3,1,4
30201,AIQUILE,desnutricion aguda,desnutricion leve (l),2007-09-01,52,55,50,70,102,125,227
31303,ALALAY,desnutricion aguda,desnutricion leve (l),2007-09-01,10,5,10,10,20,15,35
10404,ALCALA,desnutricion aguda,desnutricion leve (l),2007-09-01,13,18,29,31,42,49,91
41201,ANDAMARCA,desnutricion aguda,desnutricion leve (l),2007-09-01,2,1,1,0,3,1,4
40603,ANTEQUERA,desnutricion aguda,desnutricion leve (l),2007-09-01,10,16,5,8,15,24,39
30402,ANZALDO,desnutricion aguda,desnutricion leve (l),2007-09-01,18,10,23,32,41,42,83
51301,ARAMPAMPA,desnutricion aguda,desnutricion leve (l),2007-09-01,33,27,47,46,80,73,153
30501,ARANI,desnutricion aguda,desnutricion leve (l),2007-09-01,14,22,36,40,50,62,112
30403,ARBIETO,desnutricion aguda,desnutricion leve (l),2007-09-01,13,15,18,12,31,27,58
30601,ARQUE,desnutricion aguda,desnutricion leve (l),2007-09-01,38,31,61,64,99,95,194
50802,ATOCHA,desnutricion aguda,desnutricion leve (l),2007-09-01,12,10,15,28,27,38,65
30301,AYOPAYA (V. DE INDEPENDENCIA),desnutricion aguda,desnutricion leve (l),2007-09-01,51,87,73,121,124,208,332
10201,AZURDUY,desnutricion aguda,desnutricion leve (l),2007-09-01,31,47,83,101,114,148,262
80802,BAURES,desnutricion aguda,desnutricion leve (l),2007-09-01,3,9,5,10,8,19,27
41202,BELEN DE ANDAMARCA,desnutricion aguda,desnutricion leve (l),2007-09-01,3,0,1,1,4,1,5
50104,BELEN DE URMIRI,desnutricion aguda,desnutricion leve (l),2007-09-01,5,7,5,8,10,15,25
90104,BELLA FLOR,desnutricion aguda,desnutricion leve (l),2007-09-01,6,6,9,6,15,12,27
60202,BERMEJO,desnutricion aguda,desnutricion leve (l),2007-09-01,19,16,12,18,31,34,65
50301,BETANZOS,desnutricion aguda,desnutricion leve (l),2007-09-01,78,63,79,105,157,168,325
31501,BOLIVAR,desnutricion aguda,desnutricion leve (l),2007-09-01,34,34,33,47,67,81,148
90103,BOLPEBRA,desnutricion aguda,desnutricion leve (l),2007-09-01,10,2,3,2,13,4,17
70707,BOYUIBE,desnutricion aguda,desnutricion leve (l),2007-09-01,6,4,2,4,8,8,16
70401,BUENA VISTA,desnutricion aguda,desnutricion leve (l),2007-09-01,5,6,5,5,10,11,21
70703,CABEZAS,desnutricion aguda,desnutricion leve (l),2007-09-01,8,23,19,17,27,40,67
51102,"CAIZA ""D""",desnutricion aguda,desnutricion leve (l),2007-09-01,21,11,12,19,33,30,63
21003,CAJUATA,desnutricion aguda,desnutricion leve (l),2007-09-01,6,11,6,5,12,16,28
10701,CAMARGO,desnutricion aguda,desnutricion leve (l),2007-09-01,48,62,67,91,115,153,268
10901,CAMATAQUI (C. VILLA ABECIA),desnutricion aguda,desnutricion leve (l),2007-09-01,9,13,7,9,16,22,38
70706,CAMIRI,desnutricion aguda,desnutricion leve (l),2007-09-01,46,49,38,53,84,102,186
30701,CAPINOTA,desnutricion aguda,desnutricion leve (l),2007-09-01,52,44,49,46,101,90,191
40102,CARACOLLO,desnutricion aguda,desnutricion leve (l),2007-09-01,7,13,4,8,11,21,32
60302,CARAPARI,desnutricion aguda,desnutricion leve (l),2007-09-01,9,14,9,6,18,20,38
50702,CARIPUYO,desnutricion aguda,desnutricion leve (l),2007-09-01,42,24,51,51,93,75,168
71403,CARMEN RIVERO TORREZ,desnutricion aguda,desnutricion leve (l),2007-09-01,1,3,2,2,3,5,8
40201,CHALLAPATA,desnutricion aguda,desnutricion leve (l),2007-09-01,22,31,23,30,45,61,106
50302,CHAQUI,desnutricion aguda,desnutricion leve (l),2007-09-01,8,11,11,11,19,22,41
70702,CHARAGUA,desnutricion aguda,desnutricion leve (l),2007-09-01,27,40,31,47,58,87,145
50202,CHAYANTA,desnutricion aguda,desnutricion leve (l),2007-09-01,49,34,68,68,117,102,219
31204,CHIMORE,desnutricion aguda,desnutricion leve (l),2007-09-01,36,43,26,26,62,69,131
40903,CHIPAYA,desnutricion aguda,desnutricion leve (l),2007-09-01,3,0,2,2,5,2,7
40302,CHOQUE COTA,desnutricion aguda,desnutricion leve (l),2007-09-01,6,1,2,0,8,1,9
30801,CLIZA,desnutricion aguda,desnutricion leve (l),2007-09-01,1,0,1,1,2,1,3
90101,COBIJA,desnutricion aguda,desnutricion leve (l),2007-09-01,60,58,40,32,100,90,190
30101,COCHABAMBA,desnutricion aguda,desnutricion leve (l),2007-09-01,299,310,234,251,533,561,1094
40902,COIPASA,desnutricion aguda,desnutricion leve (l),2007-09-01,0,1,1,0,1,1,2
30905,COLCAPIRHUA,desnutricion aguda,desnutricion leve (l),2007-09-01,49,44,37,34,86,78,164
50901,"COLCHA ""K""",desnutricion aguda,desnutricion leve (l),2007-09-01,21,16,7,13,28,29,57
31002,COLOMI,desnutricion aguda,desnutricion leve (l),2007-09-01,28,27,20,20,48,47,95
70603,COLPA BELGICA,desnutricion aguda,desnutricion leve (l),2007-09-01,3,10,10,2,13,12,25
50401,COLQUECHACA,desnutricion aguda,desnutricion leve (l),2007-09-01,55,43,49,55,104,98,202
21004,COLQUIRI,desnutricion aguda,desnutricion leve (l),2007-09-01,20,19,7,8,27,27,54
71301,COMARAPA,desnutricion aguda,desnutricion leve (l),2007-09-01,8,10,13,15,21,25,46
71101,CONCEPCION,desnutricion aguda,desnutricion leve (l),2007-09-01,10,9,2,6,12,15,27
40301,CORQUE,desnutricion aguda,desnutricion leve (l),2007-09-01,6,6,6,4,12,10,22
50601,COTAGAITA,desnutricion aguda,desnutricion leve (l),2007-09-01,32,57,33,41,65,98,163
70102,COTOCA,desnutricion aguda,desnutricion leve (l),2007-09-01,83,88,57,54,140,142,282
71106,CUATRO CAÑADAS,desnutricion aguda,desnutricion leve (l),2007-09-01,6,7,10,15,16,22,38
31405,CUCHUMUELA (V. G. VILLARROEL),desnutricion aguda,desnutricion leve (l),2007-09-01,1,0,5,8,6,8,14
70704,CUEVO,desnutricion aguda,desnutricion leve (l),2007-09-01,3,7,4,5,7,12,19
10902,CULPINA,desnutricion aguda,desnutricion leve (l),2007-09-01,75,75,102,97,177,172,349
40401,CURAHUARA DE CARANGAS,desnutricion aguda,desnutricion leve (l),2007-09-01,3,2,5,1,8,3,11
21602,CURVA,desnutricion aguda,desnutricion leve (l),2007-09-01,2,2,1,2,3,4,7
40103,EL CHORO,desnutricion aguda,desnutricion leve (l),2007-09-01,2,0,6,1,8,1,9
71503,EL PUENTE(STC),desnutricion aguda,desnutricion leve (l),2007-09-01,16,18,18,18,34,36,70
60502,EL PUENTE(TJA),desnutricion aguda,desnutricion leve (l),2007-09-01,10,17,13,15,23,32,55
70105,EL TORNO,desnutricion aguda,desnutricion leve (l),2007-09-01,13,17,8,12,21,29,50
10405,EL VILLAR,desnutricion aguda,desnutricion leve (l),2007-09-01,11,9,21,28,32,37,69
60601,ENTRE RIOS,desnutricion aguda,desnutricion leve (l),2007-09-01,16,23,43,40,59,63,122
60601,ENTRE RIOS,desnutricion aguda,desnutricion leve (l),2007-09-01,41,49,40,50,81,99,180
40502,ESCARA,desnutricion aguda,desnutricion leve (l),2007-09-01,1,0,0,1,1,1,2
41101,EUCALIPTUS,desnutricion aguda,desnutricion leve (l),2007-09-01,2,3,2,0,4,3,7
90503,EUREKA (SANTOS MERCADO),desnutricion aguda,desnutricion leve (l),2007-09-01,3,3,3,5,6,8,14
80402,EXALTACION,desnutricion aguda,desnutricion leve (l),2007-09-01,2,2,6,3,8,5,13
71004,FERNANDEZ ALONSO,desnutricion aguda,desnutricion leve (l),2007-09-01,18,17,13,19,31,36,67
90203,FILADELFIA,desnutricion aguda,desnutricion leve (l),2007-09-01,4,3,4,7,8,10,18
71002,GENERAL SAAVEDRA,desnutricion aguda,desnutricion leve (l),2007-09-01,21,24,10,12,31,36,67
80202,GUAYARAMERIN,desnutricion aguda,desnutricion leve (l),2007-09-01,85,59,51,45,136,104,240
70705,GUTIERREZ,desnutricion aguda,desnutricion leve (l),2007-09-01,20,23,44,40,64,63,127
10502,HUACARETA,desnutricion aguda,desnutricion leve (l),2007-09-01,16,23,18,28,34,51,85
11002,HUACAYA (VILLA DE HUACAYA),desnutricion aguda,desnutricion leve (l),2007-09-01,6,6,14,13,20,19,39
40501,HUACHACALLA,desnutricion aguda,desnutricion leve (l),2007-09-01,1,0,0,0,1,0,1
40701,HUANUNI,desnutricion aguda,desnutricion leve (l),2007-09-01,7,10,12,5,19,15,34
80803,HUARACAJE,desnutricion aguda,desnutricion leve (l),2007-09-01,5,4,1,7,6,11,17
41601,HUAYLLAMARCA,desnutricion aguda,desnutricion leve (l),2007-09-01,1,2,2,3,3,5,8
21005,ICHOCA,desnutricion aguda,desnutricion leve (l),2007-09-01,4,2,1,5,5,7,12
10304,ICLA,desnutricion aguda,desnutricion leve (l),2007-09-01,54,53,87,100,141,153,294
10703,INCAHUASI,desnutricion aguda,desnutricion leve (l),2007-09-01,79,116,88,132,167,248,415
90402,INGAVI (HUMAITA),desnutricion aguda,desnutricion leve (l),2007-09-01,0,4,1,0,1,4,5
21001,INQUISIVI,desnutricion aguda,desnutricion leve (l),2007-09-01,19,19,18,14,37,33,70
70104,LA GUARDIA,desnutricion aguda,desnutricion leve (l),2007-09-01,63,49,39,33,102,82,184
41501,LA RIVERA,desnutricion aguda,desnutricion leve (l),2007-09-01,0,0,0,1,0,1,1
70701,LAGUNILLAS,desnutricion aguda,desnutricion leve (l),2007-09-01,12,15,20,20,32,35,67
10903,LAS CARRERAS,desnutricion aguda,desnutricion leve (l),2007-09-01,7,5,14,19,21,24,45
21006,LICOMA PAMPA,desnutricion aguda,desnutricion leve (l),2007-09-01,1,0,0,0,1,0,1
50203,LLALLAGUA,desnutricion aguda,desnutricion leve (l),2007-09-01,62,42,83,82,145,124,269
51401,LLICA,desnutricion aguda,desnutricion leve (l),2007-09-01,6,9,4,10,10,19,29
80601,LORETO,desnutricion aguda,desnutricion leve (l),2007-09-01,4,12,5,3,9,15,24
11003,MACHARETI,desnutricion aguda,desnutricion leve (l),2007-09-01,12,14,26,20,38,34,72
80801,MAGDALENA,desnutricion aguda,desnutricion leve (l),2007-09-01,15,14,10,6,25,20,45
70903,MAIRANA,desnutricion aguda,desnutricion leve (l),2007-09-01,7,6,8,7,15,13,28
20103,MECAPACA,desnutricion aguda,desnutricion leve (l),2007-09-01,12,9,12,20,24,29,53
71003,MINEROS,desnutricion aguda,desnutricion leve (l),2007-09-01,29,25,12,20,41,45,86
31301,MIZQUE,desnutricion aguda,desnutricion leve (l),2007-09-01,49,52,41,56,90,108,198
51002,MOJINETE,desnutricion aguda,desnutricion leve (l),2007-09-01,0,2,1,7,1,9,10
10303,MOJOCOYA,desnutricion aguda,desnutricion leve (l),2007-09-01,6,4,0,0,6,4,10
10501,MONTEAGUDO,desnutricion aguda,desnutricion leve (l),2007-09-01,61,50,92,85,153,135,288
71001,MONTERO,desnutricion aguda,desnutricion leve (l),2007-09-01,131,89,86,84,217,173,390
70803,MORO MORO,desnutricion aguda,desnutricion leve (l),2007-09-01,0,5,2,3,2,8,10
30302,MOROCHATA,desnutricion aguda,desnutricion leve (l),2007-09-01,63,66,53,46,116,112,228
90401,NACEBE (SANTA ROSA DEL ABUNA),desnutricion aguda,desnutricion leve (l),2007-09-01,2,6,1,0,3,6,9
90501,NUEVO MANOA (NUEVA ESPERANZA),desnutricion aguda,desnutricion leve (l),2007-09-01,4,7,7,8,11,15,26
50404,OCURI,desnutricion aguda,desnutricion leve (l),2007-09-01,58,76,62,63,120,139,259
70202,OKINAWA,desnutricion aguda,desnutricion leve (l),2007-09-01,11,10,6,11,17,21,38
30203,OMEREQUE,desnutricion aguda,desnutricion leve (l),2007-09-01,5,4,3,12,8,16,24
40101,ORURO,desnutricion aguda,desnutricion leve (l),2007-09-01,256,152,106,91,362,243,605
60201,PADCAYA,desnutricion aguda,desnutricion leve (l),2007-09-01,13,17,18,24,31,41,72
10401,PADILLA,desnutricion aguda,desnutricion leve (l),2007-09-01,48,39,83,75,131,114,245
70502,PAILON,desnutricion aguda,desnutricion leve (l),2007-09-01,14,18,14,12,28,30,58
20102,PALCA,desnutricion aguda,desnutricion leve (l),2007-09-01,14,12,12,11,26,23,49
40802,PAMPA AULLAGAS,desnutricion aguda,desnutricion leve (l),2007-09-01,2,0,1,1,3,1,4
70902,PAMPA GRANDE,desnutricion aguda,desnutricion leve (l),2007-09-01,4,2,3,5,7,7,14
30202,PASORAPA,desnutricion aguda,desnutricion leve (l),2007-09-01,4,3,1,2,5,5,10
40602,PAZÑA,desnutricion aguda,desnutricion leve (l),2007-09-01,4,3,1,6,5,9,14
50403,POCOATA,desnutricion aguda,desnutricion leve (l),2007-09-01,52,51,57,68,109,119,228
31203,POCONA,desnutricion aguda,desnutricion leve (l),2007-09-01,5,11,8,10,13,21,34
31202,POJO (CBBA),desnutricion aguda,desnutricion leve (l),2007-09-01,23,29,30,25,53,54,107
40601,POOPO,desnutricion aguda,desnutricion leve (l),2007-09-01,2,3,4,3,6,6,12
51203,PORCO,desnutricion aguda,desnutricion leve (l),2007-09-01,17,29,7,10,24,39,63
10103,POROMA,desnutricion aguda,desnutricion leve (l),2007-09-01,82,76,93,92,175,168,343
70103,PORONGO,desnutricion aguda,desnutricion leve (l),2007-09-01,25,10,18,14,43,24,67
70601,PORTACHUELO,desnutricion aguda,desnutricion leve (l),2007-09-01,20,22,11,14,31,36,67
90102,PORVENIR,desnutricion aguda,desnutricion leve (l),2007-09-01,4,3,3,5,7,8,15
70804,POSTRER VALLE,desnutricion aguda,desnutricion leve (l),2007-09-01,3,1,4,6,7,7,14
50101,POTOSI,desnutricion aguda,desnutricion leve (l),2007-09-01,318,294,181,229,499,523,1022
10302,PRESTO,desnutricion aguda,desnutricion leve (l),2007-09-01,43,32,46,39,89,71,160
70805,PUCARA,desnutricion aguda,desnutricion leve (l),2007-09-01,0,2,3,3,3,5,8
90301,PUERTO GONZALO MORENO,desnutricion aguda,desnutricion leve (l),2007-09-01,13,21,16,12,29,33,62
71402,PUERTO QUIJARRO,desnutricion aguda,desnutricion leve (l),2007-09-01,4,7,3,5,7,12,19
90201,PUERTO RICO,desnutricion aguda,desnutricion leve (l),2007-09-01,14,19,18,10,32,29,61
80703,PUERTO SILES,desnutricion aguda,desnutricion leve (l),2007-09-01,1,11,7,4,8,15,23
71401,PUERTO SUAREZ,desnutricion aguda,desnutricion leve (l),2007-09-01,8,11,2,4,10,15,25
31205,PUERTO VILLARROEL,desnutricion aguda,desnutricion leve (l),2007-09-01,119,98,84,91,203,189,392
51101,PUNA,desnutricion aguda,desnutricion leve (l),2007-09-01,89,89,124,139,213,228,441
31401,PUNATA,desnutricion aguda,desnutricion leve (l),2007-09-01,28,31,22,23,50,54,104
30901,QUILLACOLLO,desnutricion aguda,desnutricion leve (l),2007-09-01,32,23,59,64,91,87,178
21002,QUIME,desnutricion aguda,desnutricion leve (l),2007-09-01,1,6,2,3,3,9,12
70904,QUIRUSILLAS,desnutricion aguda,desnutricion leve (l),2007-09-01,1,2,0,3,1,5,6
50402,RAVELO,desnutricion aguda,desnutricion leve (l),2007-09-01,101,96,150,134,251,230,481
80301,REYES,desnutricion aguda,desnutricion leve (l),2007-09-01,15,10,15,16,30,26,56
80201,RIBERALTA,desnutricion aguda,desnutricion leve (l),2007-09-01,284,328,117,133,401,461,862
70503,ROBORE,desnutricion aguda,desnutricion leve (l),2007-09-01,14,18,6,13,20,31,51
80304,RURRENABAQUE,desnutricion aguda,desnutricion leve (l),2007-09-01,4,7,2,8,6,15,21
40901,SABAYA,desnutricion aguda,desnutricion leve (l),2007-09-01,4,4,1,1,5,5,10
31001,SACABA,desnutricion aguda,desnutricion leve (l),2007-09-01,81,95,90,107,171,202,373
30404,SACABAMBA,desnutricion aguda,desnutricion leve (l),2007-09-01,9,6,2,4,11,10,21
50701,SACACA,desnutricion aguda,desnutricion leve (l),2007-09-01,85,80,125,139,210,219,429
71302,SAIPINA,desnutricion aguda,desnutricion leve (l),2007-09-01,2,4,3,5,5,9,14
40801,SALINAS DE GARCI MENDOZA,desnutricion aguda,desnutricion leve (l),2007-09-01,3,6,6,10,9,16,25
70901,SAMAIPATA,desnutricion aguda,desnutricion leve (l),2007-09-01,9,7,3,2,12,9,21
51601,SAN AGUSTIN,desnutricion aguda,desnutricion leve (l),2007-09-01,3,2,1,4,4,6,10
80602,SAN ANDRES,desnutricion aguda,desnutricion leve (l),2007-09-01,5,18,4,6,9,24,33
51003,SAN ANTONIO DE ESMORUCO,desnutricion aguda,desnutricion leve (l),2007-09-01,2,1,2,0,4,1,5
71105,SAN ANTONIO DE LOMERIO,desnutricion aguda,desnutricion leve (l),2007-09-01,30,34,30,50,60,84,144
31403,SAN BENITO,desnutricion aguda,desnutricion leve (l),2007-09-01,15,21,12,14,27,35,62
80302,SAN BORJA,desnutricion aguda,desnutricion leve (l),2007-09-01,59,66,59,71,118,137,255
70402,SAN CARLOS,desnutricion aguda,desnutricion leve (l),2007-09-01,24,30,11,11,35,41,76
80501,SAN IGNACIO,desnutricion aguda,desnutricion leve (l),2007-09-01,70,63,38,39,108,102,210
70301,SAN IGNACIO DE VELASCO,desnutricion aguda,desnutricion leve (l),2007-09-01,120,127,107,127,227,254,481
80102,SAN JAVIER(BNI),desnutricion aguda,desnutricion leve (l),2007-09-01,9,4,4,2,13,6,19
71102,SAN JAVIER(STC),desnutricion aguda,desnutricion leve (l),2007-09-01,3,0,1,0,4,0,4
80701,SAN JOAQUIN,desnutricion aguda,desnutricion leve (l),2007-09-01,5,6,8,11,13,17,30
70501,SAN JOSE DE CHIQUITOS,desnutricion aguda,desnutricion leve (l),2007-09-01,10,15,15,10,25,25,50
70404,SAN JUAN DE YAPACANI,desnutricion aguda,desnutricion leve (l),2007-09-01,14,15,12,18,26,33,59
71104,SAN JULIAN,desnutricion aguda,desnutricion leve (l),2007-09-01,3,3,6,7,9,10,19
90302,SAN LORENZO(PND),desnutricion aguda,desnutricion leve (l),2007-09-01,5,1,3,6,8,7,15
60501,SAN LORENZO(TJA),desnutricion aguda,desnutricion leve (l),2007-09-01,19,21,40,42,59,63,122
10702,SAN LUCAS,desnutricion aguda,desnutricion leve (l),2007-09-01,170,187,259,216,429,403,832
71201,SAN MATIAS,desnutricion aguda,desnutricion leve (l),2007-09-01,2,5,3,1,5,6,11
70302,SAN MIGUEL DE VELASCO,desnutricion aguda,desnutricion leve (l),2007-09-01,16,17,17,11,33,28,61
51001,SAN PABLO DE LIPEZ,desnutricion aguda,desnutricion leve (l),2007-09-01,10,5,8,2,18,7,25
71005,SAN PEDRO,desnutricion aguda,desnutricion leve (l),2007-09-01,9,8,13,18,22,26,48
50501,SAN PEDRO DE BUENA VISTA,desnutricion aguda,desnutricion leve (l),2007-09-01,98,89,160,139,258,228,486
50902,SAN PEDRO DE QUEMES,desnutricion aguda,desnutricion leve (l),2007-09-01,1,1,0,2,1,3,4
90202,SAN PEDRO(PND),desnutricion aguda,desnutricion leve (l),2007-09-01,5,1,1,4,6,5,11
70303,SAN RAFAEL,desnutricion aguda,desnutricion leve (l),2007-09-01,13,17,5,6,18,23,41
80401,SANTA ANA,desnutricion aguda,desnutricion leve (l),2007-09-01,19,18,8,6,27,24,51
70101,SANTA CRUZ DE LA SIERRA,desnutricion aguda,desnutricion leve (l),2007-09-01,437,481,242,270,679,751,1430
80303,SANTA ROSA,desnutricion aguda,desnutricion leve (l),2007-09-01,9,11,2,7,11,18,29
70602,SANTA ROSA DEL SARA,desnutricion aguda,desnutricion leve (l),2007-09-01,19,17,19,31,38,48,86
41401,SANTIAGO DE HUARI,desnutricion aguda,desnutricion leve (l),2007-09-01,5,5,7,5,12,10,22
30702,SANTIVAÑES,desnutricion aguda,desnutricion leve (l),2007-09-01,6,3,5,3,11,6,17
40202,SANTUARIO DE QUILLACAS,desnutricion aguda,desnutricion leve (l),2007-09-01,3,2,12,6,15,8,23
90303,SENA,desnutricion aguda,desnutricion leve (l),2007-09-01,6,9,8,3,14,12,26
30703,SICAYA,desnutricion aguda,desnutricion leve (l),2007-09-01,1,2,4,4,5,6,11
30902,SIPE SIPE,desnutricion aguda,desnutricion leve (l),2007-09-01,55,54,36,44,91,98,189
10403,SOPACHUY,desnutricion aguda,desnutricion leve (l),2007-09-01,23,26,53,68,76,94,170
40104,SORACACHI,desnutricion aguda,desnutricion leve (l),2007-09-01,5,10,2,2,7,12,19
10101,SUCRE,desnutricion aguda,desnutricion leve (l),2007-09-01,242,241,295,295,537,536,1073
31404,TACACHI,desnutricion aguda,desnutricion leve (l),2007-09-01,1,0,2,1,3,1,4
50303,TACOBAMBA,desnutricion aguda,desnutricion leve (l),2007-09-01,28,28,21,27,49,55,104
30602,TACOPAYA,desnutricion aguda,desnutricion leve (l),2007-09-01,16,14,24,25,40,39,79
51402,TAHUA,desnutricion aguda,desnutricion leve (l),2007-09-01,0,1,1,0,1,1,2
31101,TAPACARI,desnutricion aguda,desnutricion leve (l),2007-09-01,77,92,81,71,158,163,321
10601,TARABUCO,desnutricion aguda,desnutricion leve (l),2007-09-01,115,99,170,203,285,302,587
30401,TARATA,desnutricion aguda,desnutricion leve (l),2007-09-01,16,13,4,6,20,19,39
60101,TARIJA,desnutricion aguda,desnutricion leve (l),2007-09-01,126,150,110,116,236,266,502
10202,TARVITA,desnutricion aguda,desnutricion leve (l),2007-09-01,80,102,140,147,220,249,469
50102,TINGUIPAYA,desnutricion aguda,desnutricion leve (l),2007-09-01,79,64,62,73,141,137,278
30903,TIQUIPAYA,desnutricion aguda,desnutricion leve (l),2007-09-01,17,16,9,11,26,27,53
31601,TIRAQUE (CBBA),desnutricion aguda,desnutricion leve (l),2007-09-01,107,80,82,82,189,162,351
30802,TOCO,desnutricion aguda,desnutricion leve (l),2007-09-01,11,12,9,8,20,20,40
30803,TOLATA,desnutricion aguda,desnutricion leve (l),2007-09-01,4,9,1,3,5,12,17
41001,TOLEDO,desnutricion aguda,desnutricion leve (l),2007-09-01,1,1,1,1,2,2,4
51202,TOMAVE,desnutricion aguda,desnutricion leve (l),2007-09-01,21,28,24,36,45,64,109
10402,TOMINA,desnutricion aguda,desnutricion leve (l),2007-09-01,38,37,81,87,119,124,243
50502,TORO TORO,desnutricion aguda,desnutricion leve (l),2007-09-01,33,27,26,39,59,66,125
31201,TOTORA(CBBA),desnutricion aguda,desnutricion leve (l),2007-09-01,25,28,16,16,41,44,85
41301,TOTORA(ORR),desnutricion aguda,desnutricion leve (l),2007-09-01,4,4,4,7,8,11,19
70802,TRIGAL,desnutricion aguda,desnutricion leve (l),2007-09-01,0,2,2,2,2,4,6
80101,TRINIDAD,desnutricion aguda,desnutricion leve (l),2007-09-01,116,107,48,37,164,144,308
50801,TUPIZA,desnutricion aguda,desnutricion leve (l),2007-09-01,57,41,61,74,118,115,233
40402,TURCO,desnutricion aguda,desnutricion leve (l),2007-09-01,4,1,4,1,8,2,10
50201,UNCIA,desnutricion aguda,desnutricion leve (l),2007-09-01,60,40,40,36,100,76,176
60401,URIONDO (A. CONCEPCION),desnutricion aguda,desnutricion leve (l),2007-09-01,23,16,19,27,42,43,85
71502,URUBICHA,desnutricion aguda,desnutricion leve (l),2007-09-01,2,4,11,5,13,9,22
51201,UYUNI,desnutricion aguda,desnutricion leve (l),2007-09-01,20,24,40,34,60,58,118
30502,VACAS,desnutricion aguda,desnutricion leve (l),2007-09-01,15,13,12,14,27,27,54
70801,VALLEGRANDE,desnutricion aguda,desnutricion leve (l),2007-09-01,10,10,9,17,19,27,46
20801,VIACHA,desnutricion aguda,desnutricion leve (l),2007-09-01,20,22,21,29,41,51,92
60303,VILLA MONTES,desnutricion aguda,desnutricion leve (l),2007-09-01,15,17,10,4,25,21,46
90502,VILLA NUEVA (LOMA ALTA),desnutricion aguda,desnutricion leve (l),2007-09-01,4,10,10,12,14,22,36
31402,VILLA RIVERO,desnutricion aguda,desnutricion leve (l),2007-09-01,4,9,10,13,14,22,36
10801,VILLA SERRANO,desnutricion aguda,desnutricion leve (l),2007-09-01,44,44,80,91,124,135,259
31003,VILLA TUNARI,desnutricion aguda,desnutricion leve (l),2007-09-01,73,64,47,57,120,121,241
11001,VILLA VACA GUZMAN (MUYUPAMPA),desnutricion aguda,desnutricion leve (l),2007-09-01,21,15,10,30,31,45,76
51501,VILLAZON,desnutricion aguda,desnutricion leve (l),2007-09-01,62,50,62,47,124,97,221
30904,VINTO,desnutricion aguda,desnutricion leve (l),2007-09-01,11,6,3,4,14,10,24
50602,VITICHI,desnutricion aguda,desnutricion leve (l),2007-09-01,45,33,57,59,102,92,194
70201,WARNES,desnutricion aguda,desnutricion leve (l),2007-09-01,57,45,39,52,96,97,193
60301,YACUIBA,desnutricion aguda,desnutricion leve (l),2007-09-01,38,58,31,50,69,108,177
10602,YAMPARAEZ,desnutricion aguda,desnutricion leve (l),2007-09-01,37,45,114,103,151,148,299
70403,YAPACANI,desnutricion aguda,desnutricion leve (l),2007-09-01,55,52,26,36,81,88,169
50103,YOCALLA,desnutricion aguda,desnutricion leve (l),2007-09-01,20,12,7,11,27,23,50
10102,YOTALA,desnutricion aguda,desnutricion leve (l),2007-09-01,14,10,9,17,23,27,50
60402,YUNCHARA,desnutricion aguda,desnutricion leve (l),2007-09-01,14,9,36,28,50,37,87
10301,ZUDAÑEZ,desnutricion aguda,desnutricion leve (l),2007-09-01,49,30,65,63,114,93,207
51302,ACACIO,desnutricion aguda,desnutricion leve (l),2007-10-01,35,23,47,57,82,80,162
20104,ACHOCALLA,desnutricion aguda,desnutricion leve (l),2007-10-01,5,7,4,3,9,10,19
30201,AIQUILE,desnutricion aguda,desnutricion leve (l),2007-10-01,43,31,55,62,98,93,191
31303,ALALAY,desnutricion aguda,desnutricion leve (l),2007-10-01,27,11,15,16,42,27,69
10404,ALCALA,desnutricion aguda,desnutricion leve (l),2007-10-01,14,12,28,33,42,45,87
41201,ANDAMARCA,desnutricion aguda,desnutricion leve (l),2007-10-01,2,1,0,0,2,1,3
40603,ANTEQUERA,desnutricion aguda,desnutricion leve (l),2007-10-01,8,2,16,11,24,13,37
30402,ANZALDO,desnutricion aguda,desnutricion leve (l),2007-10-01,16,14,31,31,47,45,92
51301,ARAMPAMPA,desnutricion aguda,desnutricion leve (l),2007-10-01,36,25,39,59,75,84,159
30501,ARANI,desnutricion aguda,desnutricion leve (l),2007-10-01,11,17,9,20,20,37,57
30403,ARBIETO,desnutricion aguda,desnutricion leve (l),2007-10-01,16,16,27,19,43,35,78
30601,ARQUE,desnutricion aguda,desnutricion leve (l),2007-10-01,53,64,93,104,146,168,314
71501,ASCENCION DE GUARAYOS,desnutricion aguda,desnutricion leve (l),2007-10-01,56,64,83,106,139,170,309
50802,ATOCHA,desnutricion aguda,desnutricion leve (l),2007-10-01,32,30,41,36,73,66,139
30301,AYOPAYA (V. DE INDEPENDENCIA),desnutricion aguda,desnutricion leve (l),2007-10-01,72,82,89,93,161,175,336
10201,AZURDUY,desnutricion aguda,desnutricion leve (l),2007-10-01,45,51,101,118,146,169,315
80802,BAURES,desnutricion aguda,desnutricion leve (l),2007-10-01,13,10,5,13,18,23,41
41202,BELEN DE ANDAMARCA,desnutricion aguda,desnutricion leve (l),2007-10-01,1,1,0,2,1,3,4
50104,BELEN DE URMIRI,desnutricion aguda,desnutricion leve (l),2007-10-01,6,6,6,5,12,11,23
90104,BELLA FLOR,desnutricion aguda,desnutricion leve (l),2007-10-01,7,2,8,8,15,10,25
60202,BERMEJO,desnutricion aguda,desnutricion leve (l),2007-10-01,14,17,13,16,27,33,60
50301,BETANZOS,desnutricion aguda,desnutricion leve (l),2007-10-01,85,85,125,164,210,249,459
31501,BOLIVAR,desnutricion aguda,desnutricion leve (l),2007-10-01,58,51,42,56,100,107,207
90103,BOLPEBRA,desnutricion aguda,desnutricion leve (l),2007-10-01,2,0,4,4,6,4,10
70707,BOYUIBE,desnutricion aguda,desnutricion leve (l),2007-10-01,3,7,11,3,14,10,24
70401,BUENA VISTA,desnutricion aguda,desnutricion leve (l),2007-10-01,15,4,9,4,24,8,32
70703,CABEZAS,desnutricion aguda,desnutricion leve (l),2007-10-01,23,21,33,30,56,51,107
51102,"CAIZA ""D""",desnutricion aguda,desnutricion leve (l),2007-10-01,24,17,21,31,45,48,93
21003,CAJUATA,desnutricion aguda,desnutricion leve (l),2007-10-01,9,11,4,5,13,16,29
10701,CAMARGO,desnutricion aguda,desnutricion leve (l),2007-10-01,53,72,71,101,124,173,297
10901,CAMATAQUI (C. VILLA ABECIA),desnutricion aguda,desnutricion leve (l),2007-10-01,13,12,24,18,37,30,67
70706,CAMIRI,desnutricion aguda,desnutricion leve (l),2007-10-01,40,78,51,58,91,136,227
30701,CAPINOTA,desnutricion aguda,desnutricion leve (l),2007-10-01,59,68,73,60,132,128,260
40102,CARACOLLO,desnutricion aguda,desnutricion leve (l),2007-10-01,26,13,12,8,38,21,59
60302,CARAPARI,desnutricion aguda,desnutricion leve (l),2007-10-01,9,6,17,12,26,18,44
50702,CARIPUYO,desnutricion aguda,desnutricion leve (l),2007-10-01,30,22,49,45,79,67,146
71403,CARMEN RIVERO TORREZ,desnutricion aguda,desnutricion leve (l),2007-10-01,3,2,5,3,8,5,13
40201,CHALLAPATA,desnutricion aguda,desnutricion leve (l),2007-10-01,46,26,40,46,86,72,158
50302,CHAQUI,desnutricion aguda,desnutricion leve (l),2007-10-01,13,11,16,15,29,26,55
70702,CHARAGUA,desnutricion aguda,desnutricion leve (l),2007-10-01,31,34,25,36,56,70,126
50202,CHAYANTA,desnutricion aguda,desnutricion leve (l),2007-10-01,38,49,69,76,107,125,232
31204,CHIMORE,desnutricion aguda,desnutricion leve (l),2007-10-01,30,42,41,34,71,76,147
40903,CHIPAYA,desnutricion aguda,desnutricion leve (l),2007-10-01,2,1,0,2,2,3,5
40302,CHOQUE COTA,desnutricion aguda,desnutricion leve (l),2007-10-01,4,2,1,1,5,3,8
30801,CLIZA,desnutricion aguda,desnutricion leve (l),2007-10-01,3,2,0,2,3,4,7
90101,COBIJA,desnutricion aguda,desnutricion leve (l),2007-10-01,64,62,51,40,115,102,217
30101,COCHABAMBA,desnutricion aguda,desnutricion leve (l),2007-10-01,336,349,269,300,605,649,1254
40902,COIPASA,desnutricion aguda,desnutricion leve (l),2007-10-01,3,2,2,3,5,5,10
30905,COLCAPIRHUA,desnutricion aguda,desnutricion leve (l),2007-10-01,56,49,46,39,102,88,190
50901,"COLCHA ""K""",desnutricion aguda,desnutricion leve (l),2007-10-01,16,14,17,27,33,41,74
31002,COLOMI,desnutricion aguda,desnutricion leve (l),2007-10-01,30,31,43,41,73,72,145
70603,COLPA BELGICA,desnutricion aguda,desnutricion leve (l),2007-10-01,12,2,5,6,17,8,25
50401,COLQUECHACA,desnutricion aguda,desnutricion leve (l),2007-10-01,99,87,107,135,206,222,428
21004,COLQUIRI,desnutricion aguda,desnutricion leve (l),2007-10-01,27,23,13,14,40,37,77
71301,COMARAPA,desnutricion aguda,desnutricion leve (l),2007-10-01,17,15,16,17,33,32,65
71101,CONCEPCION,desnutricion aguda,desnutricion leve (l),2007-10-01,28,16,10,9,38,25,63
40301,CORQUE,desnutricion aguda,desnutricion leve (l),2007-10-01,11,3,3,1,14,4,18
50601,COTAGAITA,desnutricion aguda,desnutricion leve (l),2007-10-01,55,70,52,71,107,141,248
70102,COTOCA,desnutricion aguda,desnutricion leve (l),2007-10-01,75,70,46,42,121,112,233
71106,CUATRO CAÑADAS,desnutricion aguda,desnutricion leve (l),2007-10-01,14,12,6,11,20,23,43
31405,CUCHUMUELA (V. G. VILLARROEL),desnutricion aguda,desnutricion leve (l),2007-10-01,2,0,3,2,5,2,7
70704,CUEVO,desnutricion aguda,desnutricion leve (l),2007-10-01,15,7,5,11,20,18,38
10902,CULPINA,desnutricion aguda,desnutricion leve (l),2007-10-01,87,88,115,124,202,212,414
40401,CURAHUARA DE CARANGAS,desnutricion aguda,desnutricion leve (l),2007-10-01,8,6,6,9,14,15,29
40103,EL CHORO,desnutricion aguda,desnutricion leve (l),2007-10-01,5,1,2,1,7,2,9
71503,EL PUENTE(STC),desnutricion aguda,desnutricion leve (l),2007-10-01,5,3,5,4,10,7,17
60502,EL PUENTE(TJA),desnutricion aguda,desnutricion leve (l),2007-10-01,9,7,16,19,25,26,51
70105,EL TORNO,desnutricion aguda,desnutricion leve (l),2007-10-01,11,15,7,19,18,34,52
10405,EL VILLAR,desnutricion aguda,desnutricion leve (l),2007-10-01,18,28,33,32,51,60,111
60601,ENTRE RIOS,desnutricion aguda,desnutricion leve (l),2007-10-01,19,19,25,25,44,44,88
60601,ENTRE RIOS,desnutricion aguda,desnutricion leve (l),2007-10-01,42,49,53,53,95,102,197
40502,ESCARA,desnutricion aguda,desnutricion leve (l),2007-10-01,0,0,2,0,2,0,2
40505,ESMERALDA,desnutricion aguda,desnutricion leve (l),2007-10-01,0,0,0,1,0,1,1
41101,EUCALIPTUS,desnutricion aguda,desnutricion leve (l),2007-10-01,1,1,0,1,1,2,3
80402,EXALTACION,desnutricion aguda,desnutricion leve (l),2007-10-01,12,12,8,6,20,18,38
71004,FERNANDEZ ALONSO,desnutricion aguda,desnutricion leve (l),2007-10-01,18,14,12,17,30,31,61
90203,FILADELFIA,desnutricion aguda,desnutricion leve (l),2007-10-01,2,0,3,5,5,5,10
71002,GENERAL SAAVEDRA,desnutricion aguda,desnutricion leve (l),2007-10-01,17,12,13,9,30,21,51
80202,GUAYARAMERIN,desnutricion aguda,desnutricion leve (l),2007-10-01,66,72,48,56,114,128,242
70705,GUTIERREZ,desnutricion aguda,desnutricion leve (l),2007-10-01,36,27,46,50,82,77,159
10502,HUACARETA,desnutricion aguda,desnutricion leve (l),2007-10-01,25,21,20,47,45,68,113
11002,HUACAYA (VILLA DE HUACAYA),desnutricion aguda,desnutricion leve (l),2007-10-01,5,3,10,13,15,16,31
40501,HUACHACALLA,desnutricion aguda,desnutricion leve (l),2007-10-01,2,1,0,2,2,3,5
40701,HUANUNI,desnutricion aguda,desnutricion leve (l),2007-10-01,19,13,10,4,29,17,46
80803,HUARACAJE,desnutricion aguda,desnutricion leve (l),2007-10-01,7,5,7,2,14,7,21
41601,HUAYLLAMARCA,desnutricion aguda,desnutricion leve (l),2007-10-01,1,5,4,2,5,7,12
21005,ICHOCA,desnutricion aguda,desnutricion leve (l),2007-10-01,3,3,7,13,10,16,26
10304,ICLA,desnutricion aguda,desnutricion leve (l),2007-10-01,58,54,121,128,179,182,361
10703,INCAHUASI,desnutricion aguda,desnutricion leve (l),2007-10-01,100,113,136,145,236,258,494
90402,INGAVI (HUMAITA),desnutricion aguda,desnutricion leve (l),2007-10-01,0,1,0,0,0,1,1
21001,INQUISIVI,desnutricion aguda,desnutricion leve (l),2007-10-01,33,20,36,27,69,47,116
70104,LA GUARDIA,desnutricion aguda,desnutricion leve (l),2007-10-01,91,72,52,61,143,133,276
41501,LA RIVERA,desnutricion aguda,desnutricion leve (l),2007-10-01,0,1,0,0,0,1,1
70701,LAGUNILLAS,desnutricion aguda,desnutricion leve (l),2007-10-01,6,12,23,20,29,32,61
10903,LAS CARRERAS,desnutricion aguda,desnutricion leve (l),2007-10-01,7,4,17,13,24,17,41
21006,LICOMA PAMPA,desnutricion aguda,desnutricion leve (l),2007-10-01,3,0,3,0,6,0,6
50203,LLALLAGUA,desnutricion aguda,desnutricion leve (l),2007-10-01,38,41,59,52,97,93,190
51401,LLICA,desnutricion aguda,desnutricion leve (l),2007-10-01,10,7,8,12,18,19,37
80601,LORETO,desnutricion aguda,desnutricion leve (l),2007-10-01,8,12,5,8,13,20,33
40702,MACHACAMARCA,desnutricion aguda,desnutricion leve (l),2007-10-01,3,1,1,0,4,1,5
11003,MACHARETI,desnutricion aguda,desnutricion leve (l),2007-10-01,9,17,19,16,28,33,61
80801,MAGDALENA,desnutricion aguda,desnutricion leve (l),2007-10-01,7,13,6,7,13,20,33
70903,MAIRANA,desnutricion aguda,desnutricion leve (l),2007-10-01,8,6,16,15,24,21,45
20103,MECAPACA,desnutricion aguda,desnutricion leve (l),2007-10-01,11,14,26,21,37,35,72
71003,MINEROS,desnutricion aguda,desnutricion leve (l),2007-10-01,20,20,1,8,21,28,49
31301,MIZQUE,desnutricion aguda,desnutricion leve (l),2007-10-01,108,79,77,119,185,198,383
51002,MOJINETE,desnutricion aguda,desnutricion leve (l),2007-10-01,0,2,1,3,1,5,6
10303,MOJOCOYA,desnutricion aguda,desnutricion leve (l),2007-10-01,30,23,74,44,104,67,171
10501,MONTEAGUDO,desnutricion aguda,desnutricion leve (l),2007-10-01,69,51,122,106,191,157,348
71001,MONTERO,desnutricion aguda,desnutricion leve (l),2007-10-01,133,103,88,117,221,220,441
70803,MORO MORO,desnutricion aguda,desnutricion leve (l),2007-10-01,4,4,3,14,7,18,25
30302,MOROCHATA,desnutricion aguda,desnutricion leve (l),2007-10-01,39,67,56,46,95,113,208
90501,NUEVO MANOA (NUEVA ESPERANZA),desnutricion aguda,desnutricion leve (l),2007-10-01,3,4,2,3,5,7,12
50404,OCURI,desnutricion aguda,desnutricion leve (l),2007-10-01,51,69,67,67,118,136,254
70202,OKINAWA,desnutricion aguda,desnutricion leve (l),2007-10-01,23,24,13,14,36,38,74
30203,OMEREQUE,desnutricion aguda,desnutricion leve (l),2007-10-01,9,14,11,15,20,29,49
40101,ORURO,desnutricion aguda,desnutricion leve (l),2007-10-01,295,179,118,99,413,278,691
60201,PADCAYA,desnutricion aguda,desnutricion leve (l),2007-10-01,19,20,19,21,38,41,79
10401,PADILLA,desnutricion aguda,desnutricion leve (l),2007-10-01,39,33,64,85,103,118,221
70502,PAILON,desnutricion aguda,desnutricion leve (l),2007-10-01,20,23,15,9,35,32,67
20102,PALCA,desnutricion aguda,desnutricion leve (l),2007-10-01,26,21,13,27,39,48,87
40802,PAMPA AULLAGAS,desnutricion aguda,desnutricion leve (l),2007-10-01,0,0,0,1,0,1,1
70902,PAMPA GRANDE,desnutricion aguda,desnutricion leve (l),2007-10-01,1,2,5,5,6,7,13
30202,PASORAPA,desnutricion aguda,desnutricion leve (l),2007-10-01,6,3,7,7,13,10,23
40602,PAZÑA,desnutricion aguda,desnutricion leve (l),2007-10-01,2,2,4,0,6,2,8
50403,POCOATA,desnutricion aguda,desnutricion leve (l),2007-10-01,64,56,69,81,133,137,270
31203,POCONA,desnutricion aguda,desnutricion leve (l),2007-10-01,8,16,9,16,17,32,49
31202,POJO (CBBA),desnutricion aguda,desnutricion leve (l),2007-10-01,12,9,16,21,28,30,58
40601,POOPO,desnutricion aguda,desnutricion leve (l),2007-10-01,5,6,4,4,9,10,19
51203,PORCO,desnutricion aguda,desnutricion leve (l),2007-10-01,18,26,12,17,30,43,73
10103,POROMA,desnutricion aguda,desnutricion leve (l),2007-10-01,90,88,128,134,218,222,440
70103,PORONGO,desnutricion aguda,desnutricion leve (l),2007-10-01,5,4,10,3,15,7,22
70601,PORTACHUELO,desnutricion aguda,desnutricion leve (l),2007-10-01,31,31,38,28,69,59,128
90102,PORVENIR,desnutricion aguda,desnutricion leve (l),2007-10-01,5,4,3,0,8,4,12
70804,POSTRER VALLE,desnutricion aguda,desnutricion leve (l),2007-10-01,4,2,3,7,7,9,16
50101,POTOSI,desnutricion aguda,desnutricion leve (l),2007-10-01,315,309,231,230,546,539,1085
10302,PRESTO,desnutricion aguda,desnutricion leve (l),2007-10-01,35,24,54,45,89,69,158
70805,PUCARA,desnutricion aguda,desnutricion leve (l),2007-10-01,4,2,8,8,12,10,22
90301,PUERTO GONZALO MORENO,desnutricion aguda,desnutricion leve (l),2007-10-01,15,14,8,12,23,26,49
71402,PUERTO QUIJARRO,desnutricion aguda,desnutricion leve (l),2007-10-01,14,5,3,4,17,9,26
90201,PUERTO RICO,desnutricion aguda,desnutricion leve (l),2007-10-01,14,25,23,17,37,42,79
80703,PUERTO SILES,desnutricion aguda,desnutricion leve (l),2007-10-01,2,3,3,9,5,12,17
71401,PUERTO SUAREZ,desnutricion aguda,desnutricion leve (l),2007-10-01,11,14,3,6,14,20,34
31205,PUERTO VILLARROEL,desnutricion aguda,desnutricion leve (l),2007-10-01,113,89,81,90,194,179,373
51101,PUNA,desnutricion aguda,desnutricion leve (l),2007-10-01,109,71,126,113,235,184,419
31401,PUNATA,desnutricion aguda,desnutricion leve (l),2007-10-01,49,52,29,25,78,77,155
30901,QUILLACOLLO,desnutricion aguda,desnutricion leve (l),2007-10-01,51,76,67,60,118,136,254
21002,QUIME,desnutricion aguda,desnutricion leve (l),2007-10-01,15,16,14,24,29,40,69
70904,QUIRUSILLAS,desnutricion aguda,desnutricion leve (l),2007-10-01,2,0,3,5,5,5,10
50402,RAVELO,desnutricion aguda,desnutricion leve (l),2007-10-01,116,121,174,197,290,318,608
80301,REYES,desnutricion aguda,desnutricion leve (l),2007-10-01,18,19,20,20,38,39,77
80201,RIBERALTA,desnutricion aguda,desnutricion leve (l),2007-10-01,312,333,154,188,466,521,987
70503,ROBORE,desnutricion aguda,desnutricion leve (l),2007-10-01,16,24,7,12,23,36,59
80304,RURRENABAQUE,desnutricion aguda,desnutricion leve (l),2007-10-01,11,7,8,6,19,13,32
40901,SABAYA,desnutricion aguda,desnutricion leve (l),2007-10-01,4,3,2,1,6,4,10
31001,SACABA,desnutricion aguda,desnutricion leve (l),2007-10-01,57,80,52,47,109,127,236
30404,SACABAMBA,desnutricion aguda,desnutricion leve (l),2007-10-01,7,8,3,5,10,13,23
50701,SACACA,desnutricion aguda,desnutricion leve (l),2007-10-01,132,119,211,201,343,320,663
71302,SAIPINA,desnutricion aguda,desnutricion leve (l),2007-10-01,3,2,5,5,8,7,15
40801,SALINAS DE GARCI MENDOZA,desnutricion aguda,desnutricion leve (l),2007-10-01,15,13,10,15,25,28,53
70901,SAMAIPATA,desnutricion aguda,desnutricion leve (l),2007-10-01,17,6,11,7,28,13,41
51601,SAN AGUSTIN,desnutricion aguda,desnutricion leve (l),2007-10-01,0,2,4,5,4,7,11
80602,SAN ANDRES,desnutricion aguda,desnutricion leve (l),2007-10-01,0,7,4,1,4,8,12
51003,SAN ANTONIO DE ESMORUCO,desnutricion aguda,desnutricion leve (l),2007-10-01,7,2,7,7,14,9,23
71105,SAN ANTONIO DE LOMERIO,desnutricion aguda,desnutricion leve (l),2007-10-01,22,28,31,33,53,61,114
31403,SAN BENITO,desnutricion aguda,desnutricion leve (l),2007-10-01,21,6,19,14,40,20,60
80302,SAN BORJA,desnutricion aguda,desnutricion leve (l),2007-10-01,84,89,92,110,176,199,375
70402,SAN CARLOS,desnutricion aguda,desnutricion leve (l),2007-10-01,35,34,17,23,52,57,109
80501,SAN IGNACIO,desnutricion aguda,desnutricion leve (l),2007-10-01,58,75,87,79,145,154,299
70301,SAN IGNACIO DE VELASCO,desnutricion aguda,desnutricion leve (l),2007-10-01,140,156,109,132,249,288,537
80102,SAN JAVIER(BNI),desnutricion aguda,desnutricion leve (l),2007-10-01,4,1,3,4,7,5,12
80701,SAN JOAQUIN,desnutricion aguda,desnutricion leve (l),2007-10-01,1,3,3,0,4,3,7
70501,SAN JOSE DE CHIQUITOS,desnutricion aguda,desnutricion leve (l),2007-10-01,21,27,14,22,35,49,84
70404,SAN JUAN DE YAPACANI,desnutricion aguda,desnutricion leve (l),2007-10-01,15,19,21,17,36,36,72
71104,SAN JULIAN,desnutricion aguda,desnutricion leve (l),2007-10-01,3,4,12,8,15,12,27
90302,SAN LORENZO(PND),desnutricion aguda,desnutricion leve (l),2007-10-01,3,2,5,1,8,3,11
60501,SAN LORENZO(TJA),desnutricion aguda,desnutricion leve (l),2007-10-01,41,39,62,44,103,83,186
10702,SAN LUCAS,desnutricion aguda,desnutricion leve (l),2007-10-01,200,221,277,259,477,480,957
71201,SAN MATIAS,desnutricion aguda,desnutricion leve (l),2007-10-01,10,26,10,7,20,33,53
70302,SAN MIGUEL DE VELASCO,desnutricion aguda,desnutricion leve (l),2007-10-01,11,10,8,7,19,17,36
51001,SAN PABLO DE LIPEZ,desnutricion aguda,desnutricion leve (l),2007-10-01,6,12,18,12,24,24,48
71005,SAN PEDRO,desnutricion aguda,desnutricion leve (l),2007-10-01,13,13,13,14,26,27,53
50501,SAN PEDRO DE BUENA VISTA,desnutricion aguda,desnutricion leve (l),2007-10-01,117,122,176,189,293,311,604
90202,SAN PEDRO(PND),desnutricion aguda,desnutricion leve (l),2007-10-01,6,6,7,11,13,17,30
70303,SAN RAFAEL,desnutricion aguda,desnutricion leve (l),2007-10-01,10,9,7,5,17,14,31
80702,SAN RAMON,desnutricion aguda,desnutricion leve (l),2007-10-01,7,13,5,7,12,20,32
80702,SAN RAMON,desnutricion aguda,desnutricion leve (l),2007-10-01,3,4,5,2,8,6,14
80401,SANTA ANA,desnutricion aguda,desnutricion leve (l),2007-10-01,38,30,22,22,60,52,112
70101,SANTA CRUZ DE LA SIERRA,desnutricion aguda,desnutricion leve (l),2007-10-01,402,488,280,307,682,795,1477
80303,SANTA ROSA,desnutricion aguda,desnutricion leve (l),2007-10-01,12,11,13,11,25,22,47
70602,SANTA ROSA DEL SARA,desnutricion aguda,desnutricion leve (l),2007-10-01,27,27,20,28,47,55,102
41401,SANTIAGO DE HUARI,desnutricion aguda,desnutricion leve (l),2007-10-01,8,9,12,1,20,10,30
30702,SANTIVAÑES,desnutricion aguda,desnutricion leve (l),2007-10-01,3,4,4,2,7,6,13
40202,SANTUARIO DE QUILLACAS,desnutricion aguda,desnutricion leve (l),2007-10-01,6,5,11,5,17,10,27
90303,SENA,desnutricion aguda,desnutricion leve (l),2007-10-01,3,8,0,3,3,11,14
30703,SICAYA,desnutricion aguda,desnutricion leve (l),2007-10-01,8,8,15,15,23,23,46
30902,SIPE SIPE,desnutricion aguda,desnutricion leve (l),2007-10-01,53,48,69,43,122,91,213
10403,SOPACHUY,desnutricion aguda,desnutricion leve (l),2007-10-01,33,40,57,86,90,126,216
40104,SORACACHI,desnutricion aguda,desnutricion leve (l),2007-10-01,6,6,5,5,11,11,22
10101,SUCRE,desnutricion aguda,desnutricion leve (l),2007-10-01,281,326,350,367,631,693,1324
31404,TACACHI,desnutricion aguda,desnutricion leve (l),2007-10-01,3,0,0,1,3,1,4
50303,TACOBAMBA,desnutricion aguda,desnutricion leve (l),2007-10-01,37,36,35,48,72,84,156
30602,TACOPAYA,desnutricion aguda,desnutricion leve (l),2007-10-01,25,22,54,62,79,84,163
51402,TAHUA,desnutricion aguda,desnutricion leve (l),2007-10-01,0,3,3,1,3,4,7
31101,TAPACARI,desnutricion aguda,desnutricion leve (l),2007-10-01,77,83,78,65,155,148,303
10601,TARABUCO,desnutricion aguda,desnutricion leve (l),2007-10-01,161,107,259,256,420,363,783
30401,TARATA,desnutricion aguda,desnutricion leve (l),2007-10-01,12,14,7,15,19,29,48
60101,TARIJA,desnutricion aguda,desnutricion leve (l),2007-10-01,121,153,135,137,256,290,546
10202,TARVITA,desnutricion aguda,desnutricion leve (l),2007-10-01,72,67,114,133,186,200,386
50102,TINGUIPAYA,desnutricion aguda,desnutricion leve (l),2007-10-01,77,79,100,75,177,154,331
30903,TIQUIPAYA,desnutricion aguda,desnutricion leve (l),2007-10-01,18,25,17,22,35,47,82
31601,TIRAQUE (CBBA),desnutricion aguda,desnutricion leve (l),2007-10-01,86,92,71,66,157,158,315
30802,TOCO,desnutricion aguda,desnutricion leve (l),2007-10-01,11,20,24,16,35,36,71
30803,TOLATA,desnutricion aguda,desnutricion leve (l),2007-10-01,12,6,7,4,19,10,29
41001,TOLEDO,desnutricion aguda,desnutricion leve (l),2007-10-01,3,3,8,9,11,12,23
51202,TOMAVE,desnutricion aguda,desnutricion leve (l),2007-10-01,20,27,32,36,52,63,115
10402,TOMINA,desnutricion aguda,desnutricion leve (l),2007-10-01,54,37,77,82,131,119,250
50502,TORO TORO,desnutricion aguda,desnutricion leve (l),2007-10-01,39,33,29,28,68,61,129
31201,TOTORA(CBBA),desnutricion aguda,desnutricion leve (l),2007-10-01,31,21,18,22,49,43,92
41301,TOTORA(ORR),desnutricion aguda,desnutricion leve (l),2007-10-01,2,6,1,5,3,11,14
70802,TRIGAL,desnutricion aguda,desnutricion leve (l),2007-10-01,2,1,6,1,8,2,10
80101,TRINIDAD,desnutricion aguda,desnutricion leve (l),2007-10-01,178,92,64,66,242,158,400
50801,TUPIZA,desnutricion aguda,desnutricion leve (l),2007-10-01,64,68,84,98,148,166,314
40402,TURCO,desnutricion aguda,desnutricion leve (l),2007-10-01,6,3,0,3,6,6,12
50201,UNCIA,desnutricion aguda,desnutricion leve (l),2007-10-01,41,31,51,42,92,73,165
60401,URIONDO (A. CONCEPCION),desnutricion aguda,desnutricion leve (l),2007-10-01,21,23,17,23,38,46,84
51201,UYUNI,desnutricion aguda,desnutricion leve (l),2007-10-01,18,24,33,23,51,47,98
30502,VACAS,desnutricion aguda,desnutricion leve (l),2007-10-01,20,17,25,23,45,40,85
70801,VALLEGRANDE,desnutricion aguda,desnutricion leve (l),2007-10-01,20,11,16,16,36,27,63
20801,VIACHA,desnutricion aguda,desnutricion leve (l),2007-10-01,94,49,56,55,150,104,254
60303,VILLA MONTES,desnutricion aguda,desnutricion leve (l),2007-10-01,23,28,29,22,52,50,102
90502,VILLA NUEVA (LOMA ALTA),desnutricion aguda,desnutricion leve (l),2007-10-01,7,9,9,4,16,13,29
31402,VILLA RIVERO,desnutricion aguda,desnutricion leve (l),2007-10-01,1,4,5,13,6,17,23
10801,VILLA SERRANO,desnutricion aguda,desnutricion leve (l),2007-10-01,48,42,79,90,127,132,259
31003,VILLA TUNARI,desnutricion aguda,desnutricion leve (l),2007-10-01,87,108,93,99,180,207,387
11001,VILLA VACA GUZMAN (MUYUPAMPA),desnutricion aguda,desnutricion leve (l),2007-10-01,27,21,25,41,52,62,114
51501,VILLAZON,desnutricion aguda,desnutricion leve (l),2007-10-01,76,62,91,101,167,163,330
30904,VINTO,desnutricion aguda,desnutricion leve (l),2007-10-01,29,18,9,7,38,25,63
50602,VITICHI,desnutricion aguda,desnutricion leve (l),2007-10-01,38,45,47,66,85,111,196
70201,WARNES,desnutricion aguda,desnutricion leve (l),2007-10-01,36,40,18,28,54,68,122
60301,YACUIBA,desnutricion aguda,desnutricion leve (l),2007-10-01,57,61,26,32,83,93,176
10602,YAMPARAEZ,desnutricion aguda,desnutricion leve (l),2007-10-01,44,43,99,94,143,137,280
70403,YAPACANI,desnutricion aguda,desnutricion leve (l),2007-10-01,65,65,45,52,110,117,227
50103,YOCALLA,desnutricion aguda,desnutricion leve (l),2007-10-01,20,9,9,11,29,20,49
10102,YOTALA,desnutricion aguda,desnutricion leve (l),2007-10-01,6,4,5,8,11,12,23
60402,YUNCHARA,desnutricion aguda,desnutricion leve (l),2007-10-01,16,15,34,28,50,43,93
10301,ZUDAÑEZ,desnutricion aguda,desnutricion leve (l),2007-10-01,40,33,43,53,83,86,169
51302,ACACIO,desnutricion aguda,desnutricion leve (l),2007-11-01,24,26,36,55,60,81,141
20104,ACHOCALLA,desnutricion aguda,desnutricion leve (l),2007-11-01,4,2,1,7,5,9,14
30201,AIQUILE,desnutricion aguda,desnutricion leve (l),2007-11-01,41,59,45,61,86,120,206
31303,ALALAY,desnutricion aguda,desnutricion leve (l),2007-11-01,5,1,2,6,7,7,14
10404,ALCALA,desnutricion aguda,desnutricion leve (l),2007-11-01,14,17,24,33,38,50,88
41201,ANDAMARCA,desnutricion aguda,desnutricion leve (l),2007-11-01,8,0,2,0,10,0,10
40603,ANTEQUERA,desnutricion aguda,desnutricion leve (l),2007-11-01,20,9,9,6,29,15,44
30402,ANZALDO,desnutricion aguda,desnutricion leve (l),2007-11-01,14,25,19,30,33,55,88
51301,ARAMPAMPA,desnutricion aguda,desnutricion leve (l),2007-11-01,18,18,28,33,46,51,97
30501,ARANI,desnutricion aguda,desnutricion leve (l),2007-11-01,12,6,11,23,23,29,52
30403,ARBIETO,desnutricion aguda,desnutricion leve (l),2007-11-01,26,21,35,32,61,53,114
30601,ARQUE,desnutricion aguda,desnutricion leve (l),2007-11-01,49,55,91,84,140,139,279
50802,ATOCHA,desnutricion aguda,desnutricion leve (l),2007-11-01,20,19,21,32,41,51,92
30301,AYOPAYA (V. DE INDEPENDENCIA),desnutricion aguda,desnutricion leve (l),2007-11-01,66,61,48,62,114,123,237
10201,AZURDUY,desnutricion aguda,desnutricion leve (l),2007-11-01,43,52,78,35,121,87,208
80802,BAURES,desnutricion aguda,desnutricion leve (l),2007-11-01,7,7,4,10,11,17,28
41202,BELEN DE ANDAMARCA,desnutricion aguda,desnutricion leve (l),2007-11-01,2,1,0,0,2,1,3
50104,BELEN DE URMIRI,desnutricion aguda,desnutricion leve (l),2007-11-01,2,2,4,7,6,9,15
90104,BELLA FLOR,desnutricion aguda,desnutricion leve (l),2007-11-01,10,7,6,11,16,18,34
60202,BERMEJO,desnutricion aguda,desnutricion leve (l),2007-11-01,12,12,9,7,21,19,40
50301,BETANZOS,desnutricion aguda,desnutricion leve (l),2007-11-01,62,55,92,108,154,163,317
31501,BOLIVAR,desnutricion aguda,desnutricion leve (l),2007-11-01,47,68,59,63,106,131,237
90103,BOLPEBRA,desnutricion aguda,desnutricion leve (l),2007-11-01,5,2,6,4,11,6,17
70707,BOYUIBE,desnutricion aguda,desnutricion leve (l),2007-11-01,6,3,7,9,13,12,25
70401,BUENA VISTA,desnutricion aguda,desnutricion leve (l),2007-11-01,3,6,9,6,12,12,24
70703,CABEZAS,desnutricion aguda,desnutricion leve (l),2007-11-01,16,22,24,29,40,51,91
51102,"CAIZA ""D""",desnutricion aguda,desnutricion leve (l),2007-11-01,15,11,19,27,34,38,72
21003,CAJUATA,desnutricion aguda,desnutricion leve (l),2007-11-01,12,13,6,6,18,19,37
10701,CAMARGO,desnutricion aguda,desnutricion leve (l),2007-11-01,31,64,57,81,88,145,233
10901,CAMATAQUI (C. VILLA ABECIA),desnutricion aguda,desnutricion leve (l),2007-11-01,12,8,16,17,28,25,53
70706,CAMIRI,desnutricion aguda,desnutricion leve (l),2007-11-01,46,50,41,56,87,106,193
30701,CAPINOTA,desnutricion aguda,desnutricion leve (l),2007-11-01,58,41,50,42,108,83,191
40102,CARACOLLO,desnutricion aguda,desnutricion leve (l),2007-11-01,7,13,9,10,16,23,39
41503,CARANGAS,desnutricion aguda,desnutricion leve (l),2007-11-01,0,0,1,2,1,2,3
60302,CARAPARI,desnutricion aguda,desnutricion leve (l),2007-11-01,9,13,14,14,23,27,50
50702,CARIPUYO,desnutricion aguda,desnutricion leve (l),2007-11-01,58,36,63,65,121,101,222
71403,CARMEN RIVERO TORREZ,desnutricion aguda,desnutricion leve (l),2007-11-01,4,4,3,5,7,9,16
40201,CHALLAPATA,desnutricion aguda,desnutricion leve (l),2007-11-01,32,39,22,54,54,93,147
50302,CHAQUI,desnutricion aguda,desnutricion leve (l),2007-11-01,15,15,31,20,46,35,81
70702,CHARAGUA,desnutricion aguda,desnutricion leve (l),2007-11-01,21,42,26,44,47,86,133
50202,CHAYANTA,desnutricion aguda,desnutricion leve (l),2007-11-01,39,34,72,63,111,97,208
31204,CHIMORE,desnutricion aguda,desnutricion leve (l),2007-11-01,23,36,30,27,53,63,116
40903,CHIPAYA,desnutricion aguda,desnutricion leve (l),2007-11-01,0,4,3,6,3,10,13
40302,CHOQUE COTA,desnutricion aguda,desnutricion leve (l),2007-11-01,2,0,1,1,3,1,4
30801,CLIZA,desnutricion aguda,desnutricion leve (l),2007-11-01,5,5,0,1,5,6,11
90101,COBIJA,desnutricion aguda,desnutricion leve (l),2007-11-01,60,69,45,47,105,116,221
30101,COCHABAMBA,desnutricion aguda,desnutricion leve (l),2007-11-01,310,317,223,237,533,554,1087
40902,COIPASA,desnutricion aguda,desnutricion leve (l),2007-11-01,2,1,2,0,4,1,5
30905,COLCAPIRHUA,desnutricion aguda,desnutricion leve (l),2007-11-01,29,23,40,37,69,60,129
50901,"COLCHA ""K""",desnutricion aguda,desnutricion leve (l),2007-11-01,21,17,15,11,36,28,64
31002,COLOMI,desnutricion aguda,desnutricion leve (l),2007-11-01,32,47,23,26,55,73,128
70603,COLPA BELGICA,desnutricion aguda,desnutricion leve (l),2007-11-01,2,6,7,6,9,12,21
50401,COLQUECHACA,desnutricion aguda,desnutricion leve (l),2007-11-01,69,71,67,77,136,148,284
21004,COLQUIRI,desnutricion aguda,desnutricion leve (l),2007-11-01,26,22,20,24,46,46,92
71301,COMARAPA,desnutricion aguda,desnutricion leve (l),2007-11-01,14,8,12,15,26,23,49
71101,CONCEPCION,desnutricion aguda,desnutricion leve (l),2007-11-01,25,27,14,14,39,41,80
40301,CORQUE,desnutricion aguda,desnutricion leve (l),2007-11-01,1,7,5,1,6,8,14
50601,COTAGAITA,desnutricion aguda,desnutricion leve (l),2007-11-01,52,43,63,57,115,100,215
70102,COTOCA,desnutricion aguda,desnutricion leve (l),2007-11-01,65,56,51,39,116,95,211
71106,CUATRO CAÑADAS,desnutricion aguda,desnutricion leve (l),2007-11-01,14,12,10,8,24,20,44
31405,CUCHUMUELA (V. G. VILLARROEL),desnutricion aguda,desnutricion leve (l),2007-11-01,5,4,6,8,11,12,23
70704,CUEVO,desnutricion aguda,desnutricion leve (l),2007-11-01,3,1,4,6,7,7,14
10902,CULPINA,desnutricion aguda,desnutricion leve (l),2007-11-01,50,44,54,70,104,114,218
40401,CURAHUARA DE CARANGAS,desnutricion aguda,desnutricion leve (l),2007-11-01,10,9,6,9,16,18,34
40103,EL CHORO,desnutricion aguda,desnutricion leve (l),2007-11-01,6,0,1,2,7,2,9
71503,EL PUENTE(STC),desnutricion aguda,desnutricion leve (l),2007-11-01,5,5,2,3,7,8,15
60502,EL PUENTE(TJA),desnutricion aguda,desnutricion leve (l),2007-11-01,14,6,14,20,28,26,54
70105,EL TORNO,desnutricion aguda,desnutricion leve (l),2007-11-01,16,21,18,21,34,42,76
10405,EL VILLAR,desnutricion aguda,desnutricion leve (l),2007-11-01,21,11,21,25,42,36,78
60601,ENTRE RIOS,desnutricion aguda,desnutricion leve (l),2007-11-01,13,25,16,40,29,65,94
60601,ENTRE RIOS,desnutricion aguda,desnutricion leve (l),2007-11-01,48,49,34,53,82,102,184
40502,ESCARA,desnutricion aguda,desnutricion leve (l),2007-11-01,1,0,2,0,3,0,3
41101,EUCALIPTUS,desnutricion aguda,desnutricion leve (l),2007-11-01,2,0,1,0,3,0,3
90503,EUREKA (SANTOS MERCADO),desnutricion aguda,desnutricion leve (l),2007-11-01,2,4,2,5,4,9,13
80402,EXALTACION,desnutricion aguda,desnutricion leve (l),2007-11-01,2,3,2,2,4,5,9
71004,FERNANDEZ ALONSO,desnutricion aguda,desnutricion leve (l),2007-11-01,20,14,15,11,35,25,60
90203,FILADELFIA,desnutricion aguda,desnutricion leve (l),2007-11-01,5,1,4,6,9,7,16
71002,GENERAL SAAVEDRA,desnutricion aguda,desnutricion leve (l),2007-11-01,20,22,25,19,45,41,86
80202,GUAYARAMERIN,desnutricion aguda,desnutricion leve (l),2007-11-01,67,73,42,43,109,116,225
70705,GUTIERREZ,desnutricion aguda,desnutricion leve (l),2007-11-01,26,33,44,43,70,76,146
10502,HUACARETA,desnutricion aguda,desnutricion leve (l),2007-11-01,20,17,16,29,36,46,82
11002,HUACAYA (VILLA DE HUACAYA),desnutricion aguda,desnutricion leve (l),2007-11-01,4,5,9,15,13,20,33
40501,HUACHACALLA,desnutricion aguda,desnutricion leve (l),2007-11-01,0,1,0,0,0,1,1
40701,HUANUNI,desnutricion aguda,desnutricion leve (l),2007-11-01,21,9,2,4,23,13,36
80803,HUARACAJE,desnutricion aguda,desnutricion leve (l),2007-11-01,6,7,3,6,9,13,22
41601,HUAYLLAMARCA,desnutricion aguda,desnutricion leve (l),2007-11-01,7,10,6,9,13,19,32
21005,ICHOCA,desnutricion aguda,desnutricion leve (l),2007-11-01,1,1,1,2,2,3,5
10304,ICLA,desnutricion aguda,desnutricion leve (l),2007-11-01,64,49,109,116,173,165,338
10703,INCAHUASI,desnutricion aguda,desnutricion leve (l),2007-11-01,105,94,80,98,185,192,377
21001,INQUISIVI,desnutricion aguda,desnutricion leve (l),2007-11-01,25,22,28,15,53,37,90
70104,LA GUARDIA,desnutricion aguda,desnutricion leve (l),2007-11-01,44,57,43,58,87,115,202
41501,LA RIVERA,desnutricion aguda,desnutricion leve (l),2007-11-01,0,0,0,3,0,3,3
70701,LAGUNILLAS,desnutricion aguda,desnutricion leve (l),2007-11-01,14,14,39,28,53,42,95
10903,LAS CARRERAS,desnutricion aguda,desnutricion leve (l),2007-11-01,4,3,9,7,13,10,23
21006,LICOMA PAMPA,desnutricion aguda,desnutricion leve (l),2007-11-01,1,2,0,0,1,2,3
50203,LLALLAGUA,desnutricion aguda,desnutricion leve (l),2007-11-01,50,28,53,57,103,85,188
51401,LLICA,desnutricion aguda,desnutricion leve (l),2007-11-01,8,2,1,6,9,8,17
80601,LORETO,desnutricion aguda,desnutricion leve (l),2007-11-01,3,2,2,1,5,3,8
40702,MACHACAMARCA,desnutricion aguda,desnutricion leve (l),2007-11-01,2,1,0,1,2,2,4
11003,MACHARETI,desnutricion aguda,desnutricion leve (l),2007-11-01,18,13,22,16,40,29,69
80801,MAGDALENA,desnutricion aguda,desnutricion leve (l),2007-11-01,7,9,7,6,14,15,29
70903,MAIRANA,desnutricion aguda,desnutricion leve (l),2007-11-01,0,5,8,5,8,10,18
20103,MECAPACA,desnutricion aguda,desnutricion leve (l),2007-11-01,10,4,12,26,22,30,52
71003,MINEROS,desnutricion aguda,desnutricion leve (l),2007-11-01,19,19,2,9,21,28,49
31301,MIZQUE,desnutricion aguda,desnutricion leve (l),2007-11-01,64,62,57,77,121,139,260
51002,MOJINETE,desnutricion aguda,desnutricion leve (l),2007-11-01,0,1,3,1,3,2,5
10303,MOJOCOYA,desnutricion aguda,desnutricion leve (l),2007-11-01,28,34,36,45,64,79,143
10501,MONTEAGUDO,desnutricion aguda,desnutricion leve (l),2007-11-01,47,33,74,89,121,122,243
71001,MONTERO,desnutricion aguda,desnutricion leve (l),2007-11-01,114,110,84,89,198,199,397
70803,MORO MORO,desnutricion aguda,desnutricion leve (l),2007-11-01,0,3,3,6,3,9,12
30302,MOROCHATA,desnutricion aguda,desnutricion leve (l),2007-11-01,84,82,75,80,159,162,321
90401,NACEBE (SANTA ROSA DEL ABUNA),desnutricion aguda,desnutricion leve (l),2007-11-01,4,6,3,6,7,12,19
90501,NUEVO MANOA (NUEVA ESPERANZA),desnutricion aguda,desnutricion leve (l),2007-11-01,0,0,2,1,2,1,3
50404,OCURI,desnutricion aguda,desnutricion leve (l),2007-11-01,111,94,74,72,185,166,351
70202,OKINAWA,desnutricion aguda,desnutricion leve (l),2007-11-01,18,12,11,9,29,21,50
30203,OMEREQUE,desnutricion aguda,desnutricion leve (l),2007-11-01,7,8,8,12,15,20,35
40101,ORURO,desnutricion aguda,desnutricion leve (l),2007-11-01,241,154,80,72,321,226,547
60201,PADCAYA,desnutricion aguda,desnutricion leve (l),2007-11-01,9,4,13,9,22,13,35
10401,PADILLA,desnutricion aguda,desnutricion leve (l),2007-11-01,22,19,43,40,65,59,124
70502,PAILON,desnutricion aguda,desnutricion leve (l),2007-11-01,11,11,13,10,24,21,45
20102,PALCA,desnutricion aguda,desnutricion leve (l),2007-11-01,24,10,2,10,26,20,46
40802,PAMPA AULLAGAS,desnutricion aguda,desnutricion leve (l),2007-11-01,0,1,0,1,0,2,2
70902,PAMPA GRANDE,desnutricion aguda,desnutricion leve (l),2007-11-01,2,1,1,3,3,4,7
30202,PASORAPA,desnutricion aguda,desnutricion leve (l),2007-11-01,3,3,4,5,7,8,15
40602,PAZÑA,desnutricion aguda,desnutricion leve (l),2007-11-01,4,1,0,1,4,2,6
50403,POCOATA,desnutricion aguda,desnutricion leve (l),2007-11-01,55,62,93,104,148,166,314
31203,POCONA,desnutricion aguda,desnutricion leve (l),2007-11-01,9,16,20,20,29,36,65
31202,POJO (CBBA),desnutricion aguda,desnutricion leve (l),2007-11-01,9,10,26,26,35,36,71
40601,POOPO,desnutricion aguda,desnutricion leve (l),2007-11-01,4,2,5,0,9,2,11
51203,PORCO,desnutricion aguda,desnutricion leve (l),2007-11-01,19,20,7,9,26,29,55
10103,POROMA,desnutricion aguda,desnutricion leve (l),2007-11-01,70,61,72,88,142,149,291
70103,PORONGO,desnutricion aguda,desnutricion leve (l),2007-11-01,10,9,5,10,15,19,34
70601,PORTACHUELO,desnutricion aguda,desnutricion leve (l),2007-11-01,24,9,13,16,37,25,62
90102,PORVENIR,desnutricion aguda,desnutricion leve (l),2007-11-01,4,3,2,4,6,7,13
70804,POSTRER VALLE,desnutricion aguda,desnutricion leve (l),2007-11-01,3,5,6,4,9,9,18
50101,POTOSI,desnutricion aguda,desnutricion leve (l),2007-11-01,270,255,143,202,413,457,870
10302,PRESTO,desnutricion aguda,desnutricion leve (l),2007-11-01,27,19,35,43,62,62,124
70805,PUCARA,desnutricion aguda,desnutricion leve (l),2007-11-01,1,0,3,6,4,6,10
90301,PUERTO GONZALO MORENO,desnutricion aguda,desnutricion leve (l),2007-11-01,12,25,10,9,22,34,56
71402,PUERTO QUIJARRO,desnutricion aguda,desnutricion leve (l),2007-11-01,7,10,6,6,13,16,29
90201,PUERTO RICO,desnutricion aguda,desnutricion leve (l),2007-11-01,7,3,4,3,11,6,17
80703,PUERTO SILES,desnutricion aguda,desnutricion leve (l),2007-11-01,4,5,3,5,7,10,17
71401,PUERTO SUAREZ,desnutricion aguda,desnutricion leve (l),2007-11-01,4,10,4,3,8,13,21
31205,PUERTO VILLARROEL,desnutricion aguda,desnutricion leve (l),2007-11-01,111,87,81,72,192,159,351
51101,PUNA,desnutricion aguda,desnutricion leve (l),2007-11-01,97,70,128,150,225,220,445
31401,PUNATA,desnutricion aguda,desnutricion leve (l),2007-11-01,44,39,40,46,84,85,169
30901,QUILLACOLLO,desnutricion aguda,desnutricion leve (l),2007-11-01,49,59,72,46,121,105,226
21002,QUIME,desnutricion aguda,desnutricion leve (l),2007-11-01,6,2,1,1,7,3,10
70904,QUIRUSILLAS,desnutricion aguda,desnutricion leve (l),2007-11-01,2,0,7,3,9,3,12
50402,RAVELO,desnutricion aguda,desnutricion leve (l),2007-11-01,120,101,155,157,275,258,533
80301,REYES,desnutricion aguda,desnutricion leve (l),2007-11-01,14,21,19,21,33,42,75
80201,RIBERALTA,desnutricion aguda,desnutricion leve (l),2007-11-01,305,334,101,123,406,457,863
70503,ROBORE,desnutricion aguda,desnutricion leve (l),2007-11-01,11,21,4,8,15,29,44
80304,RURRENABAQUE,desnutricion aguda,desnutricion leve (l),2007-11-01,7,2,1,3,8,5,13
40901,SABAYA,desnutricion aguda,desnutricion leve (l),2007-11-01,1,2,0,1,1,3,4
31001,SACABA,desnutricion aguda,desnutricion leve (l),2007-11-01,93,85,100,96,193,181,374
30404,SACABAMBA,desnutricion aguda,desnutricion leve (l),2007-11-01,6,4,1,3,7,7,14
50701,SACACA,desnutricion aguda,desnutricion leve (l),2007-11-01,67,85,105,90,172,175,347
71302,SAIPINA,desnutricion aguda,desnutricion leve (l),2007-11-01,5,6,6,2,11,8,19
40801,SALINAS DE GARCI MENDOZA,desnutricion aguda,desnutricion leve (l),2007-11-01,9,8,9,16,18,24,42
70901,SAMAIPATA,desnutricion aguda,desnutricion leve (l),2007-11-01,5,5,2,3,7,8,15
51601,SAN AGUSTIN,desnutricion aguda,desnutricion leve (l),2007-11-01,2,5,1,3,3,8,11
80602,SAN ANDRES,desnutricion aguda,desnutricion leve (l),2007-11-01,12,17,3,7,15,24,39
51003,SAN ANTONIO DE ESMORUCO,desnutricion aguda,desnutricion leve (l),2007-11-01,4,0,0,0,4,0,4
31403,SAN BENITO,desnutricion aguda,desnutricion leve (l),2007-11-01,14,7,9,6,23,13,36
80302,SAN BORJA,desnutricion aguda,desnutricion leve (l),2007-11-01,62,53,22,37,84,90,174
70402,SAN CARLOS,desnutricion aguda,desnutricion leve (l),2007-11-01,23,14,10,19,33,33,66
80501,SAN IGNACIO,desnutricion aguda,desnutricion leve (l),2007-11-01,39,51,38,38,77,89,166
70301,SAN IGNACIO DE VELASCO,desnutricion aguda,desnutricion leve (l),2007-11-01,85,144,83,117,168,261,429
80102,SAN JAVIER(BNI),desnutricion aguda,desnutricion leve (l),2007-11-01,1,4,1,2,2,6,8
71102,SAN JAVIER(STC),desnutricion aguda,desnutricion leve (l),2007-11-01,9,2,2,0,11,2,13
80701,SAN JOAQUIN,desnutricion aguda,desnutricion leve (l),2007-11-01,2,12,1,5,3,17,20
70501,SAN JOSE DE CHIQUITOS,desnutricion aguda,desnutricion leve (l),2007-11-01,25,18,19,14,44,32,76
70404,SAN JUAN DE YAPACANI,desnutricion aguda,desnutricion leve (l),2007-11-01,14,24,19,12,33,36,69
71104,SAN JULIAN,desnutricion aguda,desnutricion leve (l),2007-11-01,15,17,23,23,38,40,78
90302,SAN LORENZO(PND),desnutricion aguda,desnutricion leve (l),2007-11-01,13,6,10,5,23,11,34
60501,SAN LORENZO(TJA),desnutricion aguda,desnutricion leve (l),2007-11-01,12,33,47,36,59,69,128
10702,SAN LUCAS,desnutricion aguda,desnutricion leve (l),2007-11-01,168,186,248,246,416,432,848
71201,SAN MATIAS,desnutricion aguda,desnutricion leve (l),2007-11-01,10,6,5,19,15,25,40
70302,SAN MIGUEL DE VELASCO,desnutricion aguda,desnutricion leve (l),2007-11-01,5,7,8,3,13,10,23
51001,SAN PABLO DE LIPEZ,desnutricion aguda,desnutricion leve (l),2007-11-01,5,1,5,3,10,4,14
71005,SAN PEDRO,desnutricion aguda,desnutricion leve (l),2007-11-01,12,9,12,8,24,17,41
50501,SAN PEDRO DE BUENA VISTA,desnutricion aguda,desnutricion leve (l),2007-11-01,68,68,111,117,179,185,364
90202,SAN PEDRO(PND),desnutricion aguda,desnutricion leve (l),2007-11-01,3,2,0,0,3,2,5
70303,SAN RAFAEL,desnutricion aguda,desnutricion leve (l),2007-11-01,11,9,3,9,14,18,32
80702,SAN RAMON,desnutricion aguda,desnutricion leve (l),2007-11-01,7,15,2,9,9,24,33
80702,SAN RAMON,desnutricion aguda,desnutricion leve (l),2007-11-01,4,2,0,4,4,6,10
80401,SANTA ANA,desnutricion aguda,desnutricion leve (l),2007-11-01,20,19,11,8,31,27,58
70101,SANTA CRUZ DE LA SIERRA,desnutricion aguda,desnutricion leve (l),2007-11-01,208,199,80,105,288,304,592
80303,SANTA ROSA,desnutricion aguda,desnutricion leve (l),2007-11-01,5,2,1,7,6,9,15
70602,SANTA ROSA DEL SARA,desnutricion aguda,desnutricion leve (l),2007-11-01,13,14,13,12,26,26,52
41401,SANTIAGO DE HUARI,desnutricion aguda,desnutricion leve (l),2007-11-01,11,4,5,2,16,6,22
30702,SANTIVAÑES,desnutricion aguda,desnutricion leve (l),2007-11-01,8,9,14,18,22,27,49
40202,SANTUARIO DE QUILLACAS,desnutricion aguda,desnutricion leve (l),2007-11-01,3,1,5,4,8,5,13
30703,SICAYA,desnutricion aguda,desnutricion leve (l),2007-11-01,8,5,2,1,10,6,16
30902,SIPE SIPE,desnutricion aguda,desnutricion leve (l),2007-11-01,44,42,26,36,70,78,148
10403,SOPACHUY,desnutricion aguda,desnutricion leve (l),2007-11-01,22,29,48,61,70,90,160
40104,SORACACHI,desnutricion aguda,desnutricion leve (l),2007-11-01,11,3,8,2,19,5,24
10101,SUCRE,desnutricion aguda,desnutricion leve (l),2007-11-01,193,198,270,302,463,500,963
31404,TACACHI,desnutricion aguda,desnutricion leve (l),2007-11-01,0,1,1,1,1,2,3
50303,TACOBAMBA,desnutricion aguda,desnutricion leve (l),2007-11-01,16,13,12,15,28,28,56
30602,TACOPAYA,desnutricion aguda,desnutricion leve (l),2007-11-01,26,14,36,36,62,50,112
31101,TAPACARI,desnutricion aguda,desnutricion leve (l),2007-11-01,102,102,85,72,187,174,361
10601,TARABUCO,desnutricion aguda,desnutricion leve (l),2007-11-01,102,58,158,140,260,198,458
30401,TARATA,desnutricion aguda,desnutricion leve (l),2007-11-01,7,9,6,11,13,20,33
60101,TARIJA,desnutricion aguda,desnutricion leve (l),2007-11-01,90,106,87,95,177,201,378
10202,TARVITA,desnutricion aguda,desnutricion leve (l),2007-11-01,67,65,113,149,180,214,394
50102,TINGUIPAYA,desnutricion aguda,desnutricion leve (l),2007-11-01,48,46,50,51,98,97,195
30903,TIQUIPAYA,desnutricion aguda,desnutricion leve (l),2007-11-01,22,20,16,13,38,33,71
31601,TIRAQUE (CBBA),desnutricion aguda,desnutricion leve (l),2007-11-01,81,90,93,91,174,181,355
30802,TOCO,desnutricion aguda,desnutricion leve (l),2007-11-01,8,9,15,0,23,9,32
30803,TOLATA,desnutricion aguda,desnutricion leve (l),2007-11-01,1,1,0,0,1,1,2
41001,TOLEDO,desnutricion aguda,desnutricion leve (l),2007-11-01,1,0,4,5,5,5,10
51202,TOMAVE,desnutricion aguda,desnutricion leve (l),2007-11-01,22,24,30,28,52,52,104
10402,TOMINA,desnutricion aguda,desnutricion leve (l),2007-11-01,56,59,78,118,134,177,311
50502,TORO TORO,desnutricion aguda,desnutricion leve (l),2007-11-01,41,42,29,44,70,86,156
31201,TOTORA(CBBA),desnutricion aguda,desnutricion leve (l),2007-11-01,23,27,31,24,54,51,105
41301,TOTORA(ORR),desnutricion aguda,desnutricion leve (l),2007-11-01,2,3,1,5,3,8,11
70802,TRIGAL,desnutricion aguda,desnutricion leve (l),2007-11-01,0,1,2,2,2,3,5
80101,TRINIDAD,desnutricion aguda,desnutricion leve (l),2007-11-01,91,110,54,48,145,158,303
50801,TUPIZA,desnutricion aguda,desnutricion leve (l),2007-11-01,68,70,76,81,144,151,295
40402,TURCO,desnutricion aguda,desnutricion leve (l),2007-11-01,8,1,1,3,9,4,13
50201,UNCIA,desnutricion aguda,desnutricion leve (l),2007-11-01,52,43,45,58,97,101,198
60401,URIONDO (A. CONCEPCION),desnutricion aguda,desnutricion leve (l),2007-11-01,14,7,14,13,28,20,48
51201,UYUNI,desnutricion aguda,desnutricion leve (l),2007-11-01,14,24,26,25,40,49,89
30502,VACAS,desnutricion aguda,desnutricion leve (l),2007-11-01,11,4,5,8,16,12,28
70801,VALLEGRANDE,desnutricion aguda,desnutricion leve (l),2007-11-01,6,9,16,16,22,25,47
20801,VIACHA,desnutricion aguda,desnutricion leve (l),2007-11-01,17,37,20,30,37,67,104
31302,VILA VILA,desnutricion aguda,desnutricion leve (l),2007-11-01,0,0,1,4,1,4,5
60303,VILLA MONTES,desnutricion aguda,desnutricion leve (l),2007-11-01,9,22,17,13,26,35,61
90502,VILLA NUEVA (LOMA ALTA),desnutricion aguda,desnutricion leve (l),2007-11-01,4,6,6,8,10,14,24
31402,VILLA RIVERO,desnutricion aguda,desnutricion leve (l),2007-11-01,6,7,14,12,20,19,39
10801,VILLA SERRANO,desnutricion aguda,desnutricion leve (l),2007-11-01,33,36,97,88,130,124,254
31003,VILLA TUNARI,desnutricion aguda,desnutricion leve (l),2007-11-01,90,110,81,83,171,193,364
11001,VILLA VACA GUZMAN (MUYUPAMPA),desnutricion aguda,desnutricion leve (l),2007-11-01,25,17,24,20,49,37,86
51501,VILLAZON,desnutricion aguda,desnutricion leve (l),2007-11-01,53,66,58,74,111,140,251
30904,VINTO,desnutricion aguda,desnutricion leve (l),2007-11-01,29,11,11,16,40,27,67
50602,VITICHI,desnutricion aguda,desnutricion leve (l),2007-11-01,36,37,44,47,80,84,164
70201,WARNES,desnutricion aguda,desnutricion leve (l),2007-11-01,22,28,28,30,50,58,108
60301,YACUIBA,desnutricion aguda,desnutricion leve (l),2007-11-01,45,49,24,46,69,95,164
10602,YAMPARAEZ,desnutricion aguda,desnutricion leve (l),2007-11-01,35,34,104,83,139,117,256
70403,YAPACANI,desnutricion aguda,desnutricion leve (l),2007-11-01,62,43,23,32,85,75,160
50103,YOCALLA,desnutricion aguda,desnutricion leve (l),2007-11-01,18,7,6,16,24,23,47
10102,YOTALA,desnutricion aguda,desnutricion leve (l),2007-11-01,7,6,16,12,23,18,41
60402,YUNCHARA,desnutricion aguda,desnutricion leve (l),2007-11-01,14,13,23,28,37,41,78
10301,ZUDAÑEZ,desnutricion aguda,desnutricion leve (l),2007-11-01,11,10,15,21,26,31,57
51302,ACACIO,desnutricion aguda,desnutricion leve (l),2007-12-01,21,23,40,47,61,70,131
20104,ACHOCALLA,desnutricion aguda,desnutricion leve (l),2007-12-01,2,0,0,0,2,0,2
30201,AIQUILE,desnutricion aguda,desnutricion leve (l),2007-12-01,22,21,12,23,34,44,78
31303,ALALAY,desnutricion aguda,desnutricion leve (l),2007-12-01,18,6,14,10,32,16,48
10404,ALCALA,desnutricion aguda,desnutricion leve (l),2007-12-01,10,21,30,33,40,54,94
41201,ANDAMARCA,desnutricion aguda,desnutricion leve (l),2007-12-01,3,1,0,0,3,1,4
40603,ANTEQUERA,desnutricion aguda,desnutricion leve (l),2007-12-01,17,10,12,9,29,19,48
30402,ANZALDO,desnutricion aguda,desnutricion leve (l),2007-12-01,7,7,14,10,21,17,38
51301,ARAMPAMPA,desnutricion aguda,desnutricion leve (l),2007-12-01,20,22,35,49,55,71,126
30501,ARANI,desnutricion aguda,desnutricion leve (l),2007-12-01,2,5,0,8,2,13,15
30403,ARBIETO,desnutricion aguda,desnutricion leve (l),2007-12-01,14,16,21,27,35,43,78
30601,ARQUE,desnutricion aguda,desnutricion leve (l),2007-12-01,21,32,38,32,59,64,123
71501,ASCENCION DE GUARAYOS,desnutricion aguda,desnutricion leve (l),2007-12-01,59,69,100,155,159,224,383
50802,ATOCHA,desnutricion aguda,desnutricion leve (l),2007-12-01,12,24,22,21,34,45,79
30301,AYOPAYA (V. DE INDEPENDENCIA),desnutricion aguda,desnutricion leve (l),2007-12-01,34,28,30,41,64,69,133
10201,AZURDUY,desnutricion aguda,desnutricion leve (l),2007-12-01,33,50,65,71,98,121,219
80802,BAURES,desnutricion aguda,desnutricion leve (l),2007-12-01,10,4,6,5,16,9,25
41202,BELEN DE ANDAMARCA,desnutricion aguda,desnutricion leve (l),2007-12-01,1,0,0,0,1,0,1
50104,BELEN DE URMIRI,desnutricion aguda,desnutricion leve (l),2007-12-01,1,5,1,5,2,10,12
90104,BELLA FLOR,desnutricion aguda,desnutricion leve (l),2007-12-01,1,0,2,2,3,2,5
60202,BERMEJO,desnutricion aguda,desnutricion leve (l),2007-12-01,6,6,6,6,12,12,24
50301,BETANZOS,desnutricion aguda,desnutricion leve (l),2007-12-01,71,69,99,99,170,168,338
31501,BOLIVAR,desnutricion aguda,desnutricion leve (l),2007-12-01,34,34,17,27,51,61,112
90103,BOLPEBRA,desnutricion aguda,desnutricion leve (l),2007-12-01,3,2,5,1,8,3,11
70707,BOYUIBE,desnutricion aguda,desnutricion leve (l),2007-12-01,2,0,2,3,4,3,7
70401,BUENA VISTA,desnutricion aguda,desnutricion leve (l),2007-12-01,3,10,1,0,4,10,14
70703,CABEZAS,desnutricion aguda,desnutricion leve (l),2007-12-01,25,27,26,30,51,57,108
51102,"CAIZA ""D""",desnutricion aguda,desnutricion leve (l),2007-12-01,17,13,20,17,37,30,67
21003,CAJUATA,desnutricion aguda,desnutricion leve (l),2007-12-01,3,7,2,2,5,9,14
10701,CAMARGO,desnutricion aguda,desnutricion leve (l),2007-12-01,33,49,49,68,82,117,199
10901,CAMATAQUI (C. VILLA ABECIA),desnutricion aguda,desnutricion leve (l),2007-12-01,9,8,9,10,18,18,36
70706,CAMIRI,desnutricion aguda,desnutricion leve (l),2007-12-01,52,54,35,42,87,96,183
30701,CAPINOTA,desnutricion aguda,desnutricion leve (l),2007-12-01,24,25,29,27,53,52,105
40102,CARACOLLO,desnutricion aguda,desnutricion leve (l),2007-12-01,17,19,11,13,28,32,60
41503,CARANGAS,desnutricion aguda,desnutricion leve (l),2007-12-01,0,0,0,1,0,1,1
60302,CARAPARI,desnutricion aguda,desnutricion leve (l),2007-12-01,5,10,13,15,18,25,43
50702,CARIPUYO,desnutricion aguda,desnutricion leve (l),2007-12-01,38,39,54,48,92,87,179
71403,CARMEN RIVERO TORREZ,desnutricion aguda,desnutricion leve (l),2007-12-01,9,6,1,1,10,7,17
40201,CHALLAPATA,desnutricion aguda,desnutricion leve (l),2007-12-01,18,27,25,37,43,64,107
50302,CHAQUI,desnutricion aguda,desnutricion leve (l),2007-12-01,11,5,16,14,27,19,46
70702,CHARAGUA,desnutricion aguda,desnutricion leve (l),2007-12-01,36,33,30,38,66,71,137
50202,CHAYANTA,desnutricion aguda,desnutricion leve (l),2007-12-01,26,33,73,71,99,104,203
31204,CHIMORE,desnutricion aguda,desnutricion leve (l),2007-12-01,29,26,24,30,53,56,109
40903,CHIPAYA,desnutricion aguda,desnutricion leve (l),2007-12-01,4,4,4,3,8,7,15
40302,CHOQUE COTA,desnutricion aguda,desnutricion leve (l),2007-12-01,4,0,0,1,4,1,5
30801,CLIZA,desnutricion aguda,desnutricion leve (l),2007-12-01,6,9,0,4,6,13,19
90101,COBIJA,desnutricion aguda,desnutricion leve (l),2007-12-01,33,43,24,36,57,79,136
30101,COCHABAMBA,desnutricion aguda,desnutricion leve (l),2007-12-01,338,297,207,201,545,498,1043
40902,COIPASA,desnutricion aguda,desnutricion leve (l),2007-12-01,0,1,1,1,1,2,3
30905,COLCAPIRHUA,desnutricion aguda,desnutricion leve (l),2007-12-01,32,23,17,11,49,34,83
50901,"COLCHA ""K""",desnutricion aguda,desnutricion leve (l),2007-12-01,16,10,14,7,30,17,47
31002,COLOMI,desnutricion aguda,desnutricion leve (l),2007-12-01,20,26,75,50,95,76,171
70603,COLPA BELGICA,desnutricion aguda,desnutricion leve (l),2007-12-01,3,5,0,5,3,10,13
50401,COLQUECHACA,desnutricion aguda,desnutricion leve (l),2007-12-01,98,85,112,86,210,171,381
21004,COLQUIRI,desnutricion aguda,desnutricion leve (l),2007-12-01,19,10,13,13,32,23,55
71301,COMARAPA,desnutricion aguda,desnutricion leve (l),2007-12-01,21,11,10,9,31,20,51
71101,CONCEPCION,desnutricion aguda,desnutricion leve (l),2007-12-01,17,9,11,10,28,19,47
40301,CORQUE,desnutricion aguda,desnutricion leve (l),2007-12-01,10,10,1,5,11,15,26
50601,COTAGAITA,desnutricion aguda,desnutricion leve (l),2007-12-01,52,47,46,51,98,98,196
70102,COTOCA,desnutricion aguda,desnutricion leve (l),2007-12-01,81,78,58,64,139,142,281
71106,CUATRO CAÑADAS,desnutricion aguda,desnutricion leve (l),2007-12-01,13,8,12,5,25,13,38
31405,CUCHUMUELA (V. G. VILLARROEL),desnutricion aguda,desnutricion leve (l),2007-12-01,2,2,0,1,2,3,5
70704,CUEVO,desnutricion aguda,desnutricion leve (l),2007-12-01,4,3,9,11,13,14,27
10902,CULPINA,desnutricion aguda,desnutricion leve (l),2007-12-01,45,49,63,54,108,103,211
40401,CURAHUARA DE CARANGAS,desnutricion aguda,desnutricion leve (l),2007-12-01,13,5,4,1,17,6,23
40103,EL CHORO,desnutricion aguda,desnutricion leve (l),2007-12-01,7,7,1,2,8,9,17
71503,EL PUENTE(STC),desnutricion aguda,desnutricion leve (l),2007-12-01,16,22,14,23,30,45,75
60502,EL PUENTE(TJA),desnutricion aguda,desnutricion leve (l),2007-12-01,10,12,23,21,33,33,66
70105,EL TORNO,desnutricion aguda,desnutricion leve (l),2007-12-01,22,22,18,24,40,46,86
10405,EL VILLAR,desnutricion aguda,desnutricion leve (l),2007-12-01,15,20,32,31,47,51,98
60601,ENTRE RIOS,desnutricion aguda,desnutricion leve (l),2007-12-01,21,11,19,26,40,37,77
60601,ENTRE RIOS,desnutricion aguda,desnutricion leve (l),2007-12-01,48,32,37,33,85,65,150
41101,EUCALIPTUS,desnutricion aguda,desnutricion leve (l),2007-12-01,0,0,0,1,0,1,1
90503,EUREKA (SANTOS MERCADO),desnutricion aguda,desnutricion leve (l),2007-12-01,1,1,1,0,2,1,3
80402,EXALTACION,desnutricion aguda,desnutricion leve (l),2007-12-01,0,1,2,2,2,3,5
71004,FERNANDEZ ALONSO,desnutricion aguda,desnutricion leve (l),2007-12-01,10,14,5,10,15,24,39
90203,FILADELFIA,desnutricion aguda,desnutricion leve (l),2007-12-01,4,7,5,4,9,11,20
71002,GENERAL SAAVEDRA,desnutricion aguda,desnutricion leve (l),2007-12-01,19,24,17,13,36,37,73
80202,GUAYARAMERIN,desnutricion aguda,desnutricion leve (l),2007-12-01,61,70,36,55,97,125,222
70705,GUTIERREZ,desnutricion aguda,desnutricion leve (l),2007-12-01,40,46,60,39,100,85,185
10502,HUACARETA,desnutricion aguda,desnutricion leve (l),2007-12-01,23,14,12,18,35,32,67
11002,HUACAYA (VILLA DE HUACAYA),desnutricion aguda,desnutricion leve (l),2007-12-01,5,0,5,10,10,10,20
40501,HUACHACALLA,desnutricion aguda,desnutricion leve (l),2007-12-01,1,0,1,2,2,2,4
40701,HUANUNI,desnutricion aguda,desnutricion leve (l),2007-12-01,15,5,2,3,17,8,25
80803,HUARACAJE,desnutricion aguda,desnutricion leve (l),2007-12-01,3,4,6,5,9,9,18
41601,HUAYLLAMARCA,desnutricion aguda,desnutricion leve (l),2007-12-01,0,4,0,0,0,4,4
21005,ICHOCA,desnutricion aguda,desnutricion leve (l),2007-12-01,3,2,1,0,4,2,6
10304,ICLA,desnutricion aguda,desnutricion leve (l),2007-12-01,59,38,94,86,153,124,277
10703,INCAHUASI,desnutricion aguda,desnutricion leve (l),2007-12-01,87,71,72,98,159,169,328
21001,INQUISIVI,desnutricion aguda,desnutricion leve (l),2007-12-01,32,23,20,23,52,46,98
70104,LA GUARDIA,desnutricion aguda,desnutricion leve (l),2007-12-01,56,62,42,38,98,100,198
70701,LAGUNILLAS,desnutricion aguda,desnutricion leve (l),2007-12-01,24,16,23,29,47,45,92
10903,LAS CARRERAS,desnutricion aguda,desnutricion leve (l),2007-12-01,9,8,17,16,26,24,50
21006,LICOMA PAMPA,desnutricion aguda,desnutricion leve (l),2007-12-01,2,0,0,0,2,0,2
50203,LLALLAGUA,desnutricion aguda,desnutricion leve (l),2007-12-01,44,40,29,33,73,73,146
51401,LLICA,desnutricion aguda,desnutricion leve (l),2007-12-01,5,6,7,3,12,9,21
80601,LORETO,desnutricion aguda,desnutricion leve (l),2007-12-01,4,3,1,3,5,6,11
40702,MACHACAMARCA,desnutricion aguda,desnutricion leve (l),2007-12-01,0,0,0,2,0,2,2
11003,MACHARETI,desnutricion aguda,desnutricion leve (l),2007-12-01,12,8,12,13,24,21,45
80801,MAGDALENA,desnutricion aguda,desnutricion leve (l),2007-12-01,7,5,4,4,11,9,20
70903,MAIRANA,desnutricion aguda,desnutricion leve (l),2007-12-01,9,9,13,7,22,16,38
20103,MECAPACA,desnutricion aguda,desnutricion leve (l),2007-12-01,7,12,14,11,21,23,44
71003,MINEROS,desnutricion aguda,desnutricion leve (l),2007-12-01,12,12,5,4,17,16,33
31301,MIZQUE,desnutricion aguda,desnutricion leve (l),2007-12-01,40,28,17,15,57,43,100
51002,MOJINETE,desnutricion aguda,desnutricion leve (l),2007-12-01,0,0,0,5,0,5,5
10303,MOJOCOYA,desnutricion aguda,desnutricion leve (l),2007-12-01,23,27,45,39,68,66,134
10501,MONTEAGUDO,desnutricion aguda,desnutricion leve (l),2007-12-01,37,34,55,60,92,94,186
71001,MONTERO,desnutricion aguda,desnutricion leve (l),2007-12-01,140,134,73,86,213,220,433
70803,MORO MORO,desnutricion aguda,desnutricion leve (l),2007-12-01,4,3,3,2,7,5,12
30302,MOROCHATA,desnutricion aguda,desnutricion leve (l),2007-12-01,39,37,32,31,71,68,139
90401,NACEBE (SANTA ROSA DEL ABUNA),desnutricion aguda,desnutricion leve (l),2007-12-01,4,2,1,1,5,3,8
90501,NUEVO MANOA (NUEVA ESPERANZA),desnutricion aguda,desnutricion leve (l),2007-12-01,3,2,5,2,8,4,12
50404,OCURI,desnutricion aguda,desnutricion leve (l),2007-12-01,88,102,57,76,145,178,323
70202,OKINAWA,desnutricion aguda,desnutricion leve (l),2007-12-01,10,19,6,23,16,42,58
30203,OMEREQUE,desnutricion aguda,desnutricion leve (l),2007-12-01,13,6,4,4,17,10,27
40101,ORURO,desnutricion aguda,desnutricion leve (l),2007-12-01,243,164,85,74,328,238,566
60201,PADCAYA,desnutricion aguda,desnutricion leve (l),2007-12-01,19,13,10,13,29,26,55
10401,PADILLA,desnutricion aguda,desnutricion leve (l),2007-12-01,30,29,48,75,78,104,182
70502,PAILON,desnutricion aguda,desnutricion leve (l),2007-12-01,17,17,13,10,30,27,57
20102,PALCA,desnutricion aguda,desnutricion leve (l),2007-12-01,10,13,9,4,19,17,36
70902,PAMPA GRANDE,desnutricion aguda,desnutricion leve (l),2007-12-01,3,3,1,2,4,5,9
30202,PASORAPA,desnutricion aguda,desnutricion leve (l),2007-12-01,3,6,5,4,8,10,18
40602,PAZÑA,desnutricion aguda,desnutricion leve (l),2007-12-01,2,1,0,0,2,1,3
50403,POCOATA,desnutricion aguda,desnutricion leve (l),2007-12-01,72,64,88,110,160,174,334
31203,POCONA,desnutricion aguda,desnutricion leve (l),2007-12-01,13,12,8,10,21,22,43
31202,POJO (CBBA),desnutricion aguda,desnutricion leve (l),2007-12-01,11,14,7,5,18,19,37
40601,POOPO,desnutricion aguda,desnutricion leve (l),2007-12-01,6,2,7,4,13,6,19
51203,PORCO,desnutricion aguda,desnutricion leve (l),2007-12-01,23,18,11,17,34,35,69
10103,POROMA,desnutricion aguda,desnutricion leve (l),2007-12-01,54,48,64,75,118,123,241
70103,PORONGO,desnutricion aguda,desnutricion leve (l),2007-12-01,7,9,10,7,17,16,33
70601,PORTACHUELO,desnutricion aguda,desnutricion leve (l),2007-12-01,23,20,30,10,53,30,83
90102,PORVENIR,desnutricion aguda,desnutricion leve (l),2007-12-01,4,5,2,4,6,9,15
70804,POSTRER VALLE,desnutricion aguda,desnutricion leve (l),2007-12-01,0,1,1,3,1,4,5
50101,POTOSI,desnutricion aguda,desnutricion leve (l),2007-12-01,19,26,8,15,27,41,68
10302,PRESTO,desnutricion aguda,desnutricion leve (l),2007-12-01,84,69,90,62,174,131,305
70805,PUCARA,desnutricion aguda,desnutricion leve (l),2007-12-01,0,2,1,2,1,4,5
90301,PUERTO GONZALO MORENO,desnutricion aguda,desnutricion leve (l),2007-12-01,17,23,20,18,37,41,78
71402,PUERTO QUIJARRO,desnutricion aguda,desnutricion leve (l),2007-12-01,12,6,2,2,14,8,22
90201,PUERTO RICO,desnutricion aguda,desnutricion leve (l),2007-12-01,6,9,7,5,13,14,27
80703,PUERTO SILES,desnutricion aguda,desnutricion leve (l),2007-12-01,4,1,0,3,4,4,8
71401,PUERTO SUAREZ,desnutricion aguda,desnutricion leve (l),2007-12-01,6,9,3,7,9,16,25
31205,PUERTO VILLARROEL,desnutricion aguda,desnutricion leve (l),2007-12-01,109,103,69,69,178,172,350
51101,PUNA,desnutricion aguda,desnutricion leve (l),2007-12-01,70,75,106,104,176,179,355
31401,PUNATA,desnutricion aguda,desnutricion leve (l),2007-12-01,37,32,21,29,58,61,119
30901,QUILLACOLLO,desnutricion aguda,desnutricion leve (l),2007-12-01,56,59,41,49,97,108,205
21002,QUIME,desnutricion aguda,desnutricion leve (l),2007-12-01,3,1,2,2,5,3,8
70904,QUIRUSILLAS,desnutricion aguda,desnutricion leve (l),2007-12-01,1,0,3,1,4,1,5
50402,RAVELO,desnutricion aguda,desnutricion leve (l),2007-12-01,86,86,104,111,190,197,387
80301,REYES,desnutricion aguda,desnutricion leve (l),2007-12-01,15,8,8,12,23,20,43
80201,RIBERALTA,desnutricion aguda,desnutricion leve (l),2007-12-01,267,294,102,151,369,445,814
70503,ROBORE,desnutricion aguda,desnutricion leve (l),2007-12-01,11,10,3,6,14,16,30
80304,RURRENABAQUE,desnutricion aguda,desnutricion leve (l),2007-12-01,9,13,4,1,13,14,27
40901,SABAYA,desnutricion aguda,desnutricion leve (l),2007-12-01,0,3,1,1,1,4,5
31001,SACABA,desnutricion aguda,desnutricion leve (l),2007-12-01,66,67,44,46,110,113,223
30404,SACABAMBA,desnutricion aguda,desnutricion leve (l),2007-12-01,3,5,0,1,3,6,9
50701,SACACA,desnutricion aguda,desnutricion leve (l),2007-12-01,92,108,154,169,246,277,523
71302,SAIPINA,desnutricion aguda,desnutricion leve (l),2007-12-01,5,11,12,13,17,24,41
40801,SALINAS DE GARCI MENDOZA,desnutricion aguda,desnutricion leve (l),2007-12-01,9,14,14,11,23,25,48
70901,SAMAIPATA,desnutricion aguda,desnutricion leve (l),2007-12-01,2,2,3,0,5,2,7
51601,SAN AGUSTIN,desnutricion aguda,desnutricion leve (l),2007-12-01,0,3,2,3,2,6,8
80602,SAN ANDRES,desnutricion aguda,desnutricion leve (l),2007-12-01,8,10,8,7,16,17,33
51003,SAN ANTONIO DE ESMORUCO,desnutricion aguda,desnutricion leve (l),2007-12-01,1,2,1,1,2,3,5
71105,SAN ANTONIO DE LOMERIO,desnutricion aguda,desnutricion leve (l),2007-12-01,23,25,36,41,59,66,125
31403,SAN BENITO,desnutricion aguda,desnutricion leve (l),2007-12-01,16,11,11,11,27,22,49
80302,SAN BORJA,desnutricion aguda,desnutricion leve (l),2007-12-01,74,80,63,47,137,127,264
70402,SAN CARLOS,desnutricion aguda,desnutricion leve (l),2007-12-01,17,17,6,8,23,25,48
80501,SAN IGNACIO,desnutricion aguda,desnutricion leve (l),2007-12-01,51,44,22,25,73,69,142
70301,SAN IGNACIO DE VELASCO,desnutricion aguda,desnutricion leve (l),2007-12-01,96,107,58,74,154,181,335
80102,SAN JAVIER(BNI),desnutricion aguda,desnutricion leve (l),2007-12-01,2,2,6,3,8,5,13
71102,SAN JAVIER(STC),desnutricion aguda,desnutricion leve (l),2007-12-01,9,8,1,2,10,10,20
80701,SAN JOAQUIN,desnutricion aguda,desnutricion leve (l),2007-12-01,3,5,6,3,9,8,17
70501,SAN JOSE DE CHIQUITOS,desnutricion aguda,desnutricion leve (l),2007-12-01,23,24,4,12,27,36,63
70404,SAN JUAN DE YAPACANI,desnutricion aguda,desnutricion leve (l),2007-12-01,7,18,16,15,23,33,56
71104,SAN JULIAN,desnutricion aguda,desnutricion leve (l),2007-12-01,3,5,8,4,11,9,20
90302,SAN LORENZO(PND),desnutricion aguda,desnutricion leve (l),2007-12-01,3,6,3,0,6,6,12
60501,SAN LORENZO(TJA),desnutricion aguda,desnutricion leve (l),2007-12-01,9,21,29,27,38,48,86
10702,SAN LUCAS,desnutricion aguda,desnutricion leve (l),2007-12-01,158,204,240,267,398,471,869
71201,SAN MATIAS,desnutricion aguda,desnutricion leve (l),2007-12-01,9,7,6,10,15,17,32
70302,SAN MIGUEL DE VELASCO,desnutricion aguda,desnutricion leve (l),2007-12-01,10,10,3,5,13,15,28
51001,SAN PABLO DE LIPEZ,desnutricion aguda,desnutricion leve (l),2007-12-01,4,1,4,3,8,4,12
71005,SAN PEDRO,desnutricion aguda,desnutricion leve (l),2007-12-01,13,15,9,18,22,33,55
50501,SAN PEDRO DE BUENA VISTA,desnutricion aguda,desnutricion leve (l),2007-12-01,76,75,89,101,165,176,341
90202,SAN PEDRO(PND),desnutricion aguda,desnutricion leve (l),2007-12-01,2,2,0,2,2,4,6
70303,SAN RAFAEL,desnutricion aguda,desnutricion leve (l),2007-12-01,18,10,10,7,28,17,45
80702,SAN RAMON,desnutricion aguda,desnutricion leve (l),2007-12-01,5,11,6,6,11,17,28
80702,SAN RAMON,desnutricion aguda,desnutricion leve (l),2007-12-01,7,5,0,0,7,5,12
80401,SANTA ANA,desnutricion aguda,desnutricion leve (l),2007-12-01,22,7,12,7,34,14,48
70101,SANTA CRUZ DE LA SIERRA,desnutricion aguda,desnutricion leve (l),2007-12-01,328,313,166,175,494,488,982
80303,SANTA ROSA,desnutricion aguda,desnutricion leve (l),2007-12-01,4,3,0,0,4,3,7
70602,SANTA ROSA DEL SARA,desnutricion aguda,desnutricion leve (l),2007-12-01,12,11,12,14,24,25,49
41401,SANTIAGO DE HUARI,desnutricion aguda,desnutricion leve (l),2007-12-01,15,15,7,8,22,23,45
30702,SANTIVAÑES,desnutricion aguda,desnutricion leve (l),2007-12-01,4,3,5,13,9,16,25
40202,SANTUARIO DE QUILLACAS,desnutricion aguda,desnutricion leve (l),2007-12-01,2,2,6,2,8,4,12
90303,SENA,desnutricion aguda,desnutricion leve (l),2007-12-01,6,11,3,1,9,12,21
30902,SIPE SIPE,desnutricion aguda,desnutricion leve (l),2007-12-01,56,46,39,30,95,76,171
10403,SOPACHUY,desnutricion aguda,desnutricion leve (l),2007-12-01,18,29,39,55,57,84,141
40104,SORACACHI,desnutricion aguda,desnutricion leve (l),2007-12-01,5,4,5,6,10,10,20
10101,SUCRE,desnutricion aguda,desnutricion leve (l),2007-12-01,177,210,213,221,390,431,821
31404,TACACHI,desnutricion aguda,desnutricion leve (l),2007-12-01,0,1,0,1,0,2,2
50303,TACOBAMBA,desnutricion aguda,desnutricion leve (l),2007-12-01,21,25,12,12,33,37,70
30602,TACOPAYA,desnutricion aguda,desnutricion leve (l),2007-12-01,14,4,12,25,26,29,55
51402,TAHUA,desnutricion aguda,desnutricion leve (l),2007-12-01,0,2,0,0,0,2,2
31101,TAPACARI,desnutricion aguda,desnutricion leve (l),2007-12-01,88,79,59,64,147,143,290
10601,TARABUCO,desnutricion aguda,desnutricion leve (l),2007-12-01,109,85,206,221,315,306,621
30401,TARATA,desnutricion aguda,desnutricion leve (l),2007-12-01,5,6,8,9,13,15,28
60101,TARIJA,desnutricion aguda,desnutricion leve (l),2007-12-01,91,109,97,136,188,245,433
10202,TARVITA,desnutricion aguda,desnutricion leve (l),2007-12-01,51,73,78,81,129,154,283
50102,TINGUIPAYA,desnutricion aguda,desnutricion leve (l),2007-12-01,62,49,119,101,181,150,331
30903,TIQUIPAYA,desnutricion aguda,desnutricion leve (l),2007-12-01,6,7,5,10,11,17,28
31601,TIRAQUE (CBBA),desnutricion aguda,desnutricion leve (l),2007-12-01,72,53,38,40,110,93,203
30802,TOCO,desnutricion aguda,desnutricion leve (l),2007-12-01,12,13,5,3,17,16,33
30803,TOLATA,desnutricion aguda,desnutricion leve (l),2007-12-01,2,5,8,3,10,8,18
41001,TOLEDO,desnutricion aguda,desnutricion leve (l),2007-12-01,3,1,0,1,3,2,5
51202,TOMAVE,desnutricion aguda,desnutricion leve (l),2007-12-01,27,23,36,36,63,59,122
10402,TOMINA,desnutricion aguda,desnutricion leve (l),2007-12-01,46,46,75,73,121,119,240
50502,TORO TORO,desnutricion aguda,desnutricion leve (l),2007-12-01,24,18,13,11,37,29,66
31201,TOTORA(CBBA),desnutricion aguda,desnutricion leve (l),2007-12-01,22,16,12,12,34,28,62
41301,TOTORA(ORR),desnutricion aguda,desnutricion leve (l),2007-12-01,6,6,2,6,8,12,20
70802,TRIGAL,desnutricion aguda,desnutricion leve (l),2007-12-01,4,2,0,2,4,4,8
80101,TRINIDAD,desnutricion aguda,desnutricion leve (l),2007-12-01,120,85,28,51,148,136,284
50801,TUPIZA,desnutricion aguda,desnutricion leve (l),2007-12-01,57,54,62,76,119,130,249
40402,TURCO,desnutricion aguda,desnutricion leve (l),2007-12-01,3,1,2,2,5,3,8
50201,UNCIA,desnutricion aguda,desnutricion leve (l),2007-12-01,69,74,96,76,165,150,315
60401,URIONDO (A. CONCEPCION),desnutricion aguda,desnutricion leve (l),2007-12-01,17,12,10,20,27,32,59
71502,URUBICHA,desnutricion aguda,desnutricion leve (l),2007-12-01,44,40,58,67,102,107,209
51201,UYUNI,desnutricion aguda,desnutricion leve (l),2007-12-01,13,19,23,24,36,43,79
30502,VACAS,desnutricion aguda,desnutricion leve (l),2007-12-01,5,14,6,8,11,22,33
70801,VALLEGRANDE,desnutricion aguda,desnutricion leve (l),2007-12-01,14,9,12,18,26,27,53
20801,VIACHA,desnutricion aguda,desnutricion leve (l),2007-12-01,28,31,13,14,41,45,86
31302,VILA VILA,desnutricion aguda,desnutricion leve (l),2007-12-01,1,5,8,3,9,8,17
60303,VILLA MONTES,desnutricion aguda,desnutricion leve (l),2007-12-01,22,34,30,25,52,59,111
90502,VILLA NUEVA (LOMA ALTA),desnutricion aguda,desnutricion leve (l),2007-12-01,4,4,2,9,6,13,19
31402,VILLA RIVERO,desnutricion aguda,desnutricion leve (l),2007-12-01,0,2,3,3,3,5,8
10801,VILLA SERRANO,desnutricion aguda,desnutricion leve (l),2007-12-01,28,29,60,66,88,95,183
31003,VILLA TUNARI,desnutricion aguda,desnutricion leve (l),2007-12-01,48,50,30,33,78,83,161
11001,VILLA VACA GUZMAN (MUYUPAMPA),desnutricion aguda,desnutricion leve (l),2007-12-01,16,9,14,22,30,31,61
51501,VILLAZON,desnutricion aguda,desnutricion leve (l),2007-12-01,68,67,60,61,128,128,256
30904,VINTO,desnutricion aguda,desnutricion leve (l),2007-12-01,38,13,6,8,44,21,65
50602,VITICHI,desnutricion aguda,desnutricion leve (l),2007-12-01,36,48,55,48,91,96,187
70201,WARNES,desnutricion aguda,desnutricion leve (l),2007-12-01,34,37,23,32,57,69,126
60301,YACUIBA,desnutricion aguda,desnutricion leve (l),2007-12-01,50,63,45,33,95,96,191
10602,YAMPARAEZ,desnutricion aguda,desnutricion leve (l),2007-12-01,39,39,112,97,151,136,287
70403,YAPACANI,desnutricion aguda,desnutricion leve (l),2007-12-01,75,57,20,34,95,91,186
50103,YOCALLA,desnutricion aguda,desnutricion leve (l),2007-12-01,10,7,6,9,16,16,32
10102,YOTALA,desnutricion aguda,desnutricion leve (l),2007-12-01,9,11,11,12,20,23,43
60402,YUNCHARA,desnutricion aguda,desnutricion leve (l),2007-12-01,4,5,17,18,21,23,44
10301,ZUDAÑEZ,desnutricion aguda,desnutricion leve (l),2007-12-01,38,25,39,37,77,62,139
