codigo_municipio,municipio,grupo,variable,mes,< de 2 años-H,< de 2 años-M,2 a 4 años-H,2 a 4 años-M,TOTAL-H,TOTAL-M,TOTAL
51302,ACACIO,desnutricion global,desnutricion moderada (m),2005-01-01,9,10,7,11,16,21,37
20201,ACHACACHI,desnutricion global,desnutricion moderada (m),2005-01-01,5,5,7,12,12,17,29
20104,ACHOCALLA,desnutricion global,desnutricion moderada (m),2005-01-01,6,10,4,3,10,13,23
30201,AIQUILE,desnutricion global,desnutricion moderada (m),2005-01-01,11,2,7,5,18,7,25
10404,ALCALA,desnutricion global,desnutricion moderada (m),2005-01-01,8,4,8,7,16,11,27
20202,ANCORAIMES,desnutricion global,desnutricion moderada (m),2005-01-01,7,5,2,8,9,13,22
41201,ANDAMARCA,desnutricion global,desnutricion moderada (m),2005-01-01,1,0,0,0,1,0,1
40603,ANTEQUERA,desnutricion global,desnutricion moderada (m),2005-01-01,3,2,2,1,5,3,8
30402,ANZALDO,desnutricion global,desnutricion moderada (m),2005-01-01,2,3,1,2,3,5,8
20701,APOLO,desnutricion global,desnutricion moderada (m),2005-01-01,7,5,4,7,11,12,23
51301,ARAMPAMPA,desnutricion global,desnutricion moderada (m),2005-01-01,3,1,0,2,3,3,6
30501,ARANI,desnutricion global,desnutricion moderada (m),2005-01-01,2,6,2,0,4,6,10
30403,ARBIETO,desnutricion global,desnutricion moderada (m),2005-01-01,1,0,0,1,1,1,2
30601,ARQUE,desnutricion global,desnutricion moderada (m),2005-01-01,7,7,5,7,12,14,26
50802,ATOCHA,desnutricion global,desnutricion moderada (m),2005-01-01,6,6,6,13,12,19,31
20503,AUCAPATA,desnutricion global,desnutricion moderada (m),2005-01-01,0,1,4,3,4,4,8
20502,AYATA,desnutricion global,desnutricion moderada (m),2005-01-01,8,3,4,0,12,3,15
30301,AYOPAYA (V. DE INDEPENDENCIA),desnutricion global,desnutricion moderada (m),2005-01-01,9,18,5,13,14,31,45
10201,AZURDUY,desnutricion global,desnutricion moderada (m),2005-01-01,10,20,13,18,23,38,61
21203,BATALLAS,desnutricion global,desnutricion moderada (m),2005-01-01,2,3,1,0,3,3,6
80802,BAURES,desnutricion global,desnutricion moderada (m),2005-01-01,4,0,1,0,5,0,5
50104,BELEN DE URMIRI,desnutricion global,desnutricion moderada (m),2005-01-01,0,1,1,0,1,1,2
60202,BERMEJO,desnutricion global,desnutricion moderada (m),2005-01-01,0,0,1,0,1,0,1
50301,BETANZOS,desnutricion global,desnutricion moderada (m),2005-01-01,31,29,29,24,60,53,113
31501,BOLIVAR,desnutricion global,desnutricion moderada (m),2005-01-01,10,9,24,19,34,28,62
70707,BOYUIBE,desnutricion global,desnutricion moderada (m),2005-01-01,1,0,0,4,1,4,5
70401,BUENA VISTA,desnutricion global,desnutricion moderada (m),2005-01-01,1,0,0,1,1,1,2
70703,CABEZAS,desnutricion global,desnutricion moderada (m),2005-01-01,6,6,2,1,8,7,15
20905,CAIROMA,desnutricion global,desnutricion moderada (m),2005-01-01,11,8,13,10,24,18,42
51102,"CAIZA ""D""",desnutricion global,desnutricion moderada (m),2005-01-01,4,1,10,5,14,6,20
21003,CAJUATA,desnutricion global,desnutricion moderada (m),2005-01-01,2,1,7,1,9,2,11
21304,CALAMARCA,desnutricion global,desnutricion moderada (m),2005-01-01,22,14,20,21,42,35,77
10701,CAMARGO,desnutricion global,desnutricion moderada (m),2005-01-01,7,10,9,7,16,17,33
10901,CAMATAQUI (C. VILLA ABECIA),desnutricion global,desnutricion moderada (m),2005-01-01,3,1,0,1,3,2,5
70706,CAMIRI,desnutricion global,desnutricion moderada (m),2005-01-01,11,25,14,26,25,51,76
30701,CAPINOTA,desnutricion global,desnutricion moderada (m),2005-01-01,14,4,0,9,14,13,27
20302,CAQUIAVIRI,desnutricion global,desnutricion moderada (m),2005-01-01,0,3,2,1,2,4,6
40102,CARACOLLO,desnutricion global,desnutricion moderada (m),2005-01-01,10,6,0,4,10,10,20
22001,CARANAVI,desnutricion global,desnutricion moderada (m),2005-01-01,10,18,10,14,20,32,52
60302,CARAPARI,desnutricion global,desnutricion moderada (m),2005-01-01,2,4,4,0,6,4,10
40201,CHALLAPATA,desnutricion global,desnutricion moderada (m),2005-01-01,7,8,6,8,13,16,29
50302,CHAQUI,desnutricion global,desnutricion moderada (m),2005-01-01,1,1,4,0,5,1,6
70702,CHARAGUA,desnutricion global,desnutricion moderada (m),2005-01-01,16,17,7,13,23,30,53
20305,CHARAÑA,desnutricion global,desnutricion moderada (m),2005-01-01,1,2,1,1,2,3,5
50202,CHAYANTA,desnutricion global,desnutricion moderada (m),2005-01-01,13,3,1,15,14,18,32
31204,CHIMORE,desnutricion global,desnutricion moderada (m),2005-01-01,4,0,1,4,5,4,9
40302,CHOQUE COTA,desnutricion global,desnutricion moderada (m),2005-01-01,2,0,1,0,3,0,3
21101,CHULUMANI (V. DE LA LIBERTAD),desnutricion global,desnutricion moderada (m),2005-01-01,0,2,0,0,0,2,2
20501,CHUMA,desnutricion global,desnutricion moderada (m),2005-01-01,6,6,3,1,9,7,16
30801,CLIZA,desnutricion global,desnutricion moderada (m),2005-01-01,11,9,3,5,14,14,28
90101,COBIJA,desnutricion global,desnutricion moderada (m),2005-01-01,4,5,5,4,9,9,18
30101,COCHABAMBA,desnutricion global,desnutricion moderada (m),2005-01-01,67,57,25,25,92,82,174
40902,COIPASA,desnutricion global,desnutricion moderada (m),2005-01-01,1,0,1,0,2,0,2
30905,COLCAPIRHUA,desnutricion global,desnutricion moderada (m),2005-01-01,7,9,2,6,9,15,24
50901,"COLCHA ""K""",desnutricion global,desnutricion moderada (m),2005-01-01,1,0,1,1,2,1,3
21307,COLLANA,desnutricion global,desnutricion moderada (m),2005-01-01,0,1,0,0,0,1,1
31002,COLOMI,desnutricion global,desnutricion moderada (m),2005-01-01,3,7,2,3,5,10,15
70603,COLPA BELGICA,desnutricion global,desnutricion moderada (m),2005-01-01,1,3,0,2,1,5,6
50401,COLQUECHACA,desnutricion global,desnutricion moderada (m),2005-01-01,13,10,4,5,17,15,32
21306,COLQUENCHA,desnutricion global,desnutricion moderada (m),2005-01-01,2,2,1,2,3,4,7
21004,COLQUIRI,desnutricion global,desnutricion moderada (m),2005-01-01,12,5,12,11,24,16,40
71301,COMARAPA,desnutricion global,desnutricion moderada (m),2005-01-01,8,10,7,6,15,16,31
71101,CONCEPCION,desnutricion global,desnutricion moderada (m),2005-01-01,6,0,0,0,6,0,6
21701,COPACABANA,desnutricion global,desnutricion moderada (m),2005-01-01,2,0,2,2,4,2,6
20301,CORO CORO,desnutricion global,desnutricion moderada (m),2005-01-01,2,5,4,8,6,13,19
21401,COROICO,desnutricion global,desnutricion moderada (m),2005-01-01,3,2,2,2,5,4,9
40301,CORQUE,desnutricion global,desnutricion moderada (m),2005-01-01,7,5,0,0,7,5,12
50601,COTAGAITA,desnutricion global,desnutricion moderada (m),2005-01-01,30,13,21,28,51,41,92
70102,COTOCA,desnutricion global,desnutricion moderada (m),2005-01-01,9,9,4,7,13,16,29
71106,CUATRO CAÑADAS,desnutricion global,desnutricion moderada (m),2005-01-01,2,0,1,0,3,0,3
70704,CUEVO,desnutricion global,desnutricion moderada (m),2005-01-01,4,3,2,4,6,7,13
10902,CULPINA,desnutricion global,desnutricion moderada (m),2005-01-01,24,19,16,23,40,42,82
40401,CURAHUARA DE CARANGAS,desnutricion global,desnutricion moderada (m),2005-01-01,1,0,0,0,1,0,1
21602,CURVA,desnutricion global,desnutricion moderada (m),2005-01-01,2,0,0,0,2,0,2
20804,DESAGUADERO,desnutricion global,desnutricion moderada (m),2005-01-01,2,0,0,0,2,0,2
20105,EL ALTO,desnutricion global,desnutricion moderada (m),2005-01-01,192,178,83,85,275,263,538
40103,EL CHORO,desnutricion global,desnutricion moderada (m),2005-01-01,0,0,1,1,1,1,2
60502,EL PUENTE(TJA),desnutricion global,desnutricion moderada (m),2005-01-01,5,3,5,10,10,13,23
70105,EL TORNO,desnutricion global,desnutricion moderada (m),2005-01-01,4,4,5,8,9,12,21
10405,EL VILLAR,desnutricion global,desnutricion moderada (m),2005-01-01,2,2,4,13,6,15,21
60601,ENTRE RIOS,desnutricion global,desnutricion moderada (m),2005-01-01,13,18,7,16,20,34,54
60601,ENTRE RIOS,desnutricion global,desnutricion moderada (m),2005-01-01,11,3,1,1,12,4,16
41101,EUCALIPTUS,desnutricion global,desnutricion moderada (m),2005-01-01,2,1,1,1,3,2,5
80402,EXALTACION,desnutricion global,desnutricion moderada (m),2005-01-01,0,1,1,1,1,2,3
71004,FERNANDEZ ALONSO,desnutricion global,desnutricion moderada (m),2005-01-01,2,6,2,3,4,9,13
90203,FILADELFIA,desnutricion global,desnutricion moderada (m),2005-01-01,1,2,1,1,2,3,5
71002,GENERAL SAAVEDRA,desnutricion global,desnutricion moderada (m),2005-01-01,11,0,9,0,20,0,20
21601,GRAL. J.J. PEREZ (CHARAZANI),desnutricion global,desnutricion moderada (m),2005-01-01,1,3,3,2,4,5,9
20602,GUANAY,desnutricion global,desnutricion moderada (m),2005-01-01,2,3,0,0,2,3,5
20802,GUAQUI,desnutricion global,desnutricion moderada (m),2005-01-01,1,0,0,0,1,0,1
70705,GUTIERREZ,desnutricion global,desnutricion moderada (m),2005-01-01,25,19,24,31,49,50,99
10502,HUACARETA,desnutricion global,desnutricion moderada (m),2005-01-01,8,5,5,3,13,8,21
11002,HUACAYA (VILLA DE HUACAYA),desnutricion global,desnutricion moderada (m),2005-01-01,0,2,4,2,4,4,8
40701,HUANUNI,desnutricion global,desnutricion moderada (m),2005-01-01,15,6,3,5,18,11,29
80803,HUARACAJE,desnutricion global,desnutricion moderada (m),2005-01-01,0,2,0,1,0,3,3
41601,HUAYLLAMARCA,desnutricion global,desnutricion moderada (m),2005-01-01,0,1,0,0,0,1,1
21005,ICHOCA,desnutricion global,desnutricion moderada (m),2005-01-01,0,0,2,2,2,2,4
10304,ICLA,desnutricion global,desnutricion moderada (m),2005-01-01,29,21,28,30,57,51,108
10703,INCAHUASI,desnutricion global,desnutricion moderada (m),2005-01-01,25,35,12,23,37,58,95
21001,INQUISIVI,desnutricion global,desnutricion moderada (m),2005-01-01,10,6,2,7,12,13,25
21102,IRUPANA (VILLA DE LANZA),desnutricion global,desnutricion moderada (m),2005-01-01,1,1,2,2,3,3,6
21501,IXIAMAS,desnutricion global,desnutricion moderada (m),2005-01-01,2,3,2,5,4,8,12
20806,JESUS DE MACHACA,desnutricion global,desnutricion moderada (m),2005-01-01,1,1,1,0,2,1,3
21105,LA ASUNTA,desnutricion global,desnutricion moderada (m),2005-01-01,9,14,4,14,13,28,41
70104,LA GUARDIA,desnutricion global,desnutricion moderada (m),2005-01-01,14,7,9,10,23,17,40
20101,LA PAZ,desnutricion global,desnutricion moderada (m),2005-01-01,114,104,48,65,162,169,331
70701,LAGUNILLAS,desnutricion global,desnutricion moderada (m),2005-01-01,3,1,2,6,5,7,12
21202,LAJA,desnutricion global,desnutricion moderada (m),2005-01-01,2,3,0,1,2,4,6
10903,LAS CARRERAS,desnutricion global,desnutricion moderada (m),2005-01-01,1,3,0,2,1,5,6
50203,LLALLAGUA,desnutricion global,desnutricion moderada (m),2005-01-01,19,11,13,9,32,20,52
20901,LURIBAY,desnutricion global,desnutricion moderada (m),2005-01-01,1,2,3,5,4,7,11
11003,MACHARETI,desnutricion global,desnutricion moderada (m),2005-01-01,4,5,6,3,10,8,18
80801,MAGDALENA,desnutricion global,desnutricion moderada (m),2005-01-01,12,3,0,1,12,4,16
70903,MAIRANA,desnutricion global,desnutricion moderada (m),2005-01-01,3,0,0,0,3,0,3
20904,MALLA,desnutricion global,desnutricion moderada (m),2005-01-01,2,0,0,0,2,0,2
20607,MAPIRI,desnutricion global,desnutricion moderada (m),2005-01-01,6,3,2,3,8,6,14
20103,MECAPACA,desnutricion global,desnutricion moderada (m),2005-01-01,6,11,6,10,12,21,33
71003,MINEROS,desnutricion global,desnutricion moderada (m),2005-01-01,19,15,2,1,21,16,37
31301,MIZQUE,desnutricion global,desnutricion moderada (m),2005-01-01,2,2,2,7,4,9,13
20402,MOCOMOCO,desnutricion global,desnutricion moderada (m),2005-01-01,4,3,2,1,6,4,10
51002,MOJINETE,desnutricion global,desnutricion moderada (m),2005-01-01,1,0,1,0,2,0,2
10303,MOJOCOYA,desnutricion global,desnutricion moderada (m),2005-01-01,5,7,7,1,12,8,20
10501,MONTEAGUDO,desnutricion global,desnutricion moderada (m),2005-01-01,7,5,13,25,20,30,50
71001,MONTERO,desnutricion global,desnutricion moderada (m),2005-01-01,102,14,48,5,150,19,169
70803,MORO MORO,desnutricion global,desnutricion moderada (m),2005-01-01,1,1,1,1,2,2,4
30302,MOROCHATA,desnutricion global,desnutricion moderada (m),2005-01-01,8,6,2,2,10,8,18
50404,OCURI,desnutricion global,desnutricion moderada (m),2005-01-01,25,19,10,13,35,32,67
70202,OKINAWA,desnutricion global,desnutricion moderada (m),2005-01-01,3,4,1,1,4,5,9
40101,ORURO,desnutricion global,desnutricion moderada (m),2005-01-01,84,79,42,46,126,125,251
60201,PADCAYA,desnutricion global,desnutricion moderada (m),2005-01-01,4,4,3,2,7,6,13
10401,PADILLA,desnutricion global,desnutricion moderada (m),2005-01-01,8,10,14,11,22,21,43
70502,PAILON,desnutricion global,desnutricion moderada (m),2005-01-01,0,7,2,0,2,7,9
20102,PALCA,desnutricion global,desnutricion moderada (m),2005-01-01,18,4,15,3,33,7,40
21104,PALOS BLANCOS,desnutricion global,desnutricion moderada (m),2005-01-01,13,9,5,8,18,17,35
40802,PAMPA AULLAGAS,desnutricion global,desnutricion moderada (m),2005-01-01,0,1,1,2,1,3,4
70902,PAMPA GRANDE,desnutricion global,desnutricion moderada (m),2005-01-01,4,2,0,7,4,9,13
21802,PAPEL PAMPA,desnutricion global,desnutricion moderada (m),2005-01-01,0,3,0,0,0,3,3
30202,PASORAPA,desnutricion global,desnutricion moderada (m),2005-01-01,2,2,1,1,3,3,6
21305,PATACAMAYA,desnutricion global,desnutricion moderada (m),2005-01-01,9,11,3,9,12,20,32
40602,PAZÑA,desnutricion global,desnutricion moderada (m),2005-01-01,1,2,2,0,3,2,5
20702,PELECHUCO,desnutricion global,desnutricion moderada (m),2005-01-01,6,0,1,5,7,5,12
50403,POCOATA,desnutricion global,desnutricion moderada (m),2005-01-01,20,19,16,19,36,38,74
31203,POCONA,desnutricion global,desnutricion moderada (m),2005-01-01,6,0,1,3,7,3,10
31202,POJO (CBBA),desnutricion global,desnutricion moderada (m),2005-01-01,2,9,2,4,4,13,17
51203,PORCO,desnutricion global,desnutricion moderada (m),2005-01-01,1,1,1,0,2,1,3
10103,POROMA,desnutricion global,desnutricion moderada (m),2005-01-01,19,18,14,12,33,30,63
70103,PORONGO,desnutricion global,desnutricion moderada (m),2005-01-01,1,0,0,0,1,0,1
70601,PORTACHUELO,desnutricion global,desnutricion moderada (m),2005-01-01,1,6,3,2,4,8,12
90102,PORVENIR,desnutricion global,desnutricion moderada (m),2005-01-01,0,0,0,1,0,1,1
70804,POSTRER VALLE,desnutricion global,desnutricion moderada (m),2005-01-01,0,0,1,0,1,0,1
50101,POTOSI,desnutricion global,desnutricion moderada (m),2005-01-01,37,44,17,24,54,68,122
10302,PRESTO,desnutricion global,desnutricion moderada (m),2005-01-01,13,6,7,5,20,11,31
21201,PUCARANI,desnutricion global,desnutricion moderada (m),2005-01-01,9,3,1,0,10,3,13
20401,PUERTO ACOSTA,desnutricion global,desnutricion moderada (m),2005-01-01,3,2,1,2,4,4,8
20403,PUERTO CARABUCO,desnutricion global,desnutricion moderada (m),2005-01-01,3,6,5,9,8,15,23
90301,PUERTO GONZALO MORENO,desnutricion global,desnutricion moderada (m),2005-01-01,1,1,2,3,3,4,7
21204,PUERTO PEREZ,desnutricion global,desnutricion moderada (m),2005-01-01,0,0,2,0,2,0,2
90201,PUERTO RICO,desnutricion global,desnutricion moderada (m),2005-01-01,2,2,1,0,3,2,5
31205,PUERTO VILLARROEL,desnutricion global,desnutricion moderada (m),2005-01-01,37,37,27,24,64,61,125
51101,PUNA,desnutricion global,desnutricion moderada (m),2005-01-01,10,23,11,19,21,42,63
31401,PUNATA,desnutricion global,desnutricion moderada (m),2005-01-01,6,5,1,3,7,8,15
20604,QUIABAYA,desnutricion global,desnutricion moderada (m),2005-01-01,3,2,2,1,5,3,8
30901,QUILLACOLLO,desnutricion global,desnutricion moderada (m),2005-01-01,10,8,9,4,19,12,31
21002,QUIME,desnutricion global,desnutricion moderada (m),2005-01-01,11,4,11,4,22,8,30
50402,RAVELO,desnutricion global,desnutricion moderada (m),2005-01-01,9,1,12,3,21,4,25
80301,REYES,desnutricion global,desnutricion moderada (m),2005-01-01,5,3,7,6,12,9,21
80201,RIBERALTA,desnutricion global,desnutricion moderada (m),2005-01-01,35,37,26,42,61,79,140
70503,ROBORE,desnutricion global,desnutricion moderada (m),2005-01-01,0,11,7,0,7,11,18
80304,RURRENABAQUE,desnutricion global,desnutricion moderada (m),2005-01-01,1,2,1,0,2,2,4
31001,SACABA,desnutricion global,desnutricion moderada (m),2005-01-01,19,16,8,12,27,28,55
30404,SACABAMBA,desnutricion global,desnutricion moderada (m),2005-01-01,2,2,2,0,4,2,6
71302,SAIPINA,desnutricion global,desnutricion moderada (m),2005-01-01,5,2,0,2,5,4,9
40801,SALINAS DE GARCI MENDOZA,desnutricion global,desnutricion moderada (m),2005-01-01,2,3,2,1,4,4,8
70901,SAMAIPATA,desnutricion global,desnutricion moderada (m),2005-01-01,6,0,1,0,7,0,7
80602,SAN ANDRES,desnutricion global,desnutricion moderada (m),2005-01-01,3,0,1,2,4,2,6
20805,SAN ANDRES DE MACHACA,desnutricion global,desnutricion moderada (m),2005-01-01,0,1,0,0,0,1,1
71105,SAN ANTONIO DE LOMERIO,desnutricion global,desnutricion moderada (m),2005-01-01,10,7,11,20,21,27,48
31403,SAN BENITO,desnutricion global,desnutricion moderada (m),2005-01-01,1,1,0,2,1,3,4
80302,SAN BORJA,desnutricion global,desnutricion moderada (m),2005-01-01,19,19,9,12,28,31,59
21502,SAN BUENA VENTURA,desnutricion global,desnutricion moderada (m),2005-01-01,5,5,4,3,9,8,17
70402,SAN CARLOS,desnutricion global,desnutricion moderada (m),2005-01-01,7,3,4,0,11,3,14
80501,SAN IGNACIO,desnutricion global,desnutricion moderada (m),2005-01-01,18,9,12,6,30,15,45
70301,SAN IGNACIO DE VELASCO,desnutricion global,desnutricion moderada (m),2005-01-01,45,35,26,35,71,70,141
71102,SAN JAVIER(STC),desnutricion global,desnutricion moderada (m),2005-01-01,4,0,3,0,7,0,7
80701,SAN JOAQUIN,desnutricion global,desnutricion moderada (m),2005-01-01,2,2,0,1,2,3,5
70501,SAN JOSE DE CHIQUITOS,desnutricion global,desnutricion moderada (m),2005-01-01,1,1,1,2,2,3,5
70404,SAN JUAN DE YAPACANI,desnutricion global,desnutricion moderada (m),2005-01-01,0,0,2,3,2,3,5
71104,SAN JULIAN,desnutricion global,desnutricion moderada (m),2005-01-01,11,1,4,1,15,2,17
90302,SAN LORENZO(PND),desnutricion global,desnutricion moderada (m),2005-01-01,0,2,1,0,1,2,3
60501,SAN LORENZO(TJA),desnutricion global,desnutricion moderada (m),2005-01-01,7,9,7,10,14,19,33
10702,SAN LUCAS,desnutricion global,desnutricion moderada (m),2005-01-01,87,62,48,87,135,149,284
70302,SAN MIGUEL DE VELASCO,desnutricion global,desnutricion moderada (m),2005-01-01,6,8,3,8,9,16,25
51001,SAN PABLO DE LIPEZ,desnutricion global,desnutricion moderada (m),2005-01-01,2,0,1,2,3,2,5
71005,SAN PEDRO,desnutricion global,desnutricion moderada (m),2005-01-01,9,8,5,6,14,14,28
50501,SAN PEDRO DE BUENA VISTA,desnutricion global,desnutricion moderada (m),2005-01-01,12,19,13,16,25,35,60
21801,SAN PEDRO DE CURAHUARA,desnutricion global,desnutricion moderada (m),2005-01-01,1,1,1,1,2,2,4
90202,SAN PEDRO(PND),desnutricion global,desnutricion moderada (m),2005-01-01,0,1,0,0,0,1,1
70303,SAN RAFAEL,desnutricion global,desnutricion moderada (m),2005-01-01,4,3,3,3,7,6,13
80702,SAN RAMON,desnutricion global,desnutricion moderada (m),2005-01-01,2,0,0,0,2,0,2
80702,SAN RAMON,desnutricion global,desnutricion moderada (m),2005-01-01,7,0,5,0,12,0,12
80401,SANTA ANA,desnutricion global,desnutricion moderada (m),2005-01-01,7,3,1,2,8,5,13
70101,SANTA CRUZ DE LA SIERRA,desnutricion global,desnutricion moderada (m),2005-01-01,352,203,116,100,468,303,771
80303,SANTA ROSA,desnutricion global,desnutricion moderada (m),2005-01-01,1,4,0,2,1,6,7
70602,SANTA ROSA DEL SARA,desnutricion global,desnutricion moderada (m),2005-01-01,4,3,1,3,5,6,11
20308,SANTIAGO DE CALLAPA,desnutricion global,desnutricion moderada (m),2005-01-01,0,0,1,1,1,1,2
41401,SANTIAGO DE HUARI,desnutricion global,desnutricion moderada (m),2005-01-01,1,0,0,0,1,0,1
21901,SANTIAGO DE MACHACA,desnutricion global,desnutricion moderada (m),2005-01-01,0,0,0,1,0,1,1
30702,SANTIVAÑES,desnutricion global,desnutricion moderada (m),2005-01-01,3,1,2,0,5,1,6
40202,SANTUARIO DE QUILLACAS,desnutricion global,desnutricion moderada (m),2005-01-01,0,0,0,1,0,1,1
20902,SAPAHAQUI,desnutricion global,desnutricion moderada (m),2005-01-01,6,3,0,4,6,7,13
90303,SENA,desnutricion global,desnutricion moderada (m),2005-01-01,1,1,0,0,1,1,2
21301,SICA SICA (VILLA AROMA),desnutricion global,desnutricion moderada (m),2005-01-01,14,13,18,7,32,20,52
30703,SICAYA,desnutricion global,desnutricion moderada (m),2005-01-01,2,1,4,0,6,1,7
30902,SIPE SIPE,desnutricion global,desnutricion moderada (m),2005-01-01,6,12,7,8,13,20,33
10403,SOPACHUY,desnutricion global,desnutricion moderada (m),2005-01-01,6,13,8,14,14,27,41
40104,SORACACHI,desnutricion global,desnutricion moderada (m),2005-01-01,2,1,1,1,3,2,5
20601,SORATA,desnutricion global,desnutricion moderada (m),2005-01-01,4,8,6,12,10,20,30
10101,SUCRE,desnutricion global,desnutricion moderada (m),2005-01-01,32,22,28,23,60,45,105
31404,TACACHI,desnutricion global,desnutricion moderada (m),2005-01-01,1,1,0,0,1,1,2
20603,TACACOMA,desnutricion global,desnutricion moderada (m),2005-01-01,0,0,1,1,1,1,2
50303,TACOBAMBA,desnutricion global,desnutricion moderada (m),2005-01-01,0,0,1,2,1,2,3
30602,TACOPAYA,desnutricion global,desnutricion moderada (m),2005-01-01,5,6,1,1,6,7,13
31101,TAPACARI,desnutricion global,desnutricion moderada (m),2005-01-01,16,12,15,11,31,23,54
10601,TARABUCO,desnutricion global,desnutricion moderada (m),2005-01-01,47,32,49,75,96,107,203
20807,TARACO,desnutricion global,desnutricion moderada (m),2005-01-01,1,0,1,0,2,0,2
30401,TARATA,desnutricion global,desnutricion moderada (m),2005-01-01,6,5,2,1,8,6,14
60101,TARIJA,desnutricion global,desnutricion moderada (m),2005-01-01,28,25,19,23,47,48,95
10202,TARVITA,desnutricion global,desnutricion moderada (m),2005-01-01,23,15,25,26,48,41,89
20608,TEOPONTE,desnutricion global,desnutricion moderada (m),2005-01-01,0,1,1,0,1,1,2
20803,TIAWANACU,desnutricion global,desnutricion moderada (m),2005-01-01,2,0,1,0,3,0,3
50102,TINGUIPAYA,desnutricion global,desnutricion moderada (m),2005-01-01,13,9,6,7,19,16,35
20606,TIPUANI,desnutricion global,desnutricion moderada (m),2005-01-01,1,1,1,0,2,1,3
30903,TIQUIPAYA,desnutricion global,desnutricion moderada (m),2005-01-01,10,6,4,2,14,8,22
31601,TIRAQUE (CBBA),desnutricion global,desnutricion moderada (m),2005-01-01,28,27,11,16,39,43,82
21703,TITO YUPANQUI (PARQUIPUJIO),desnutricion global,desnutricion moderada (m),2005-01-01,1,1,0,0,1,1,2
30802,TOCO,desnutricion global,desnutricion moderada (m),2005-01-01,6,0,2,3,8,3,11
41001,TOLEDO,desnutricion global,desnutricion moderada (m),2005-01-01,3,1,0,0,3,1,4
51202,TOMAVE,desnutricion global,desnutricion moderada (m),2005-01-01,4,0,0,0,4,0,4
10402,TOMINA,desnutricion global,desnutricion moderada (m),2005-01-01,19,15,20,34,39,49,88
50502,TORO TORO,desnutricion global,desnutricion moderada (m),2005-01-01,5,5,3,3,8,8,16
31201,TOTORA(CBBA),desnutricion global,desnutricion moderada (m),2005-01-01,7,5,4,2,11,7,18
41301,TOTORA(ORR),desnutricion global,desnutricion moderada (m),2005-01-01,0,1,1,0,1,1,2
80101,TRINIDAD,desnutricion global,desnutricion moderada (m),2005-01-01,38,36,9,16,47,52,99
50801,TUPIZA,desnutricion global,desnutricion moderada (m),2005-01-01,17,8,6,14,23,22,45
40402,TURCO,desnutricion global,desnutricion moderada (m),2005-01-01,0,1,0,0,0,1,1
50201,UNCIA,desnutricion global,desnutricion moderada (m),2005-01-01,24,14,8,15,32,29,61
60401,URIONDO (A. CONCEPCION),desnutricion global,desnutricion moderada (m),2005-01-01,2,4,8,10,10,14,24
51201,UYUNI,desnutricion global,desnutricion moderada (m),2005-01-01,4,1,7,1,11,2,13
30502,VACAS,desnutricion global,desnutricion moderada (m),2005-01-01,14,10,5,2,19,12,31
70801,VALLEGRANDE,desnutricion global,desnutricion moderada (m),2005-01-01,5,1,10,1,15,2,17
20801,VIACHA,desnutricion global,desnutricion moderada (m),2005-01-01,26,13,6,13,32,26,58
31302,VILA VILA,desnutricion global,desnutricion moderada (m),2005-01-01,2,1,5,1,7,2,9
60303,VILLA MONTES,desnutricion global,desnutricion moderada (m),2005-01-01,17,13,15,8,32,21,53
31402,VILLA RIVERO,desnutricion global,desnutricion moderada (m),2005-01-01,4,4,2,3,6,7,13
10801,VILLA SERRANO,desnutricion global,desnutricion moderada (m),2005-01-01,9,8,10,13,19,21,40
31003,VILLA TUNARI,desnutricion global,desnutricion moderada (m),2005-01-01,14,32,21,24,35,56,91
11001,VILLA VACA GUZMAN (MUYUPAMPA),desnutricion global,desnutricion moderada (m),2005-01-01,3,5,5,6,8,11,19
51501,VILLAZON,desnutricion global,desnutricion moderada (m),2005-01-01,12,7,6,14,18,21,39
30904,VINTO,desnutricion global,desnutricion moderada (m),2005-01-01,9,0,7,0,16,0,16
50602,VITICHI,desnutricion global,desnutricion moderada (m),2005-01-01,13,5,8,11,21,16,37
20306,WALDO BALLIVIAN,desnutricion global,desnutricion moderada (m),2005-01-01,0,1,0,0,0,1,1
70201,WARNES,desnutricion global,desnutricion moderada (m),2005-01-01,6,11,5,3,11,14,25
20903,YACO,desnutricion global,desnutricion moderada (m),2005-01-01,3,4,1,3,4,7,11
60301,YACUIBA,desnutricion global,desnutricion moderada (m),2005-01-01,16,20,6,5,22,25,47
10602,YAMPARAEZ,desnutricion global,desnutricion moderada (m),2005-01-01,21,16,19,16,40,32,72
21103,YANACACHI,desnutricion global,desnutricion moderada (m),2005-01-01,0,1,0,1,0,2,2
70403,YAPACANI,desnutricion global,desnutricion moderada (m),2005-01-01,33,16,22,11,55,27,82
50103,YOCALLA,desnutricion global,desnutricion moderada (m),2005-01-01,3,1,2,1,5,2,7
10102,YOTALA,desnutricion global,desnutricion moderada (m),2005-01-01,7,8,5,14,12,22,34
60402,YUNCHARA,desnutricion global,desnutricion moderada (m),2005-01-01,4,5,5,10,9,15,24
10301,ZUDAÑEZ,desnutricion global,desnutricion moderada (m),2005-01-01,13,5,10,13,23,18,41
51302,ACACIO,desnutricion global,desnutricion moderada (m),2005-02-01,11,5,10,11,21,16,37
20201,ACHACACHI,desnutricion global,desnutricion moderada (m),2005-02-01,6,5,6,13,12,18,30
20104,ACHOCALLA,desnutricion global,desnutricion moderada (m),2005-02-01,4,9,8,15,12,24,36
30201,AIQUILE,desnutricion global,desnutricion moderada (m),2005-02-01,9,6,10,16,19,22,41
31303,ALALAY,desnutricion global,desnutricion moderada (m),2005-02-01,1,0,2,0,3,0,3
10404,ALCALA,desnutricion global,desnutricion moderada (m),2005-02-01,4,4,6,3,10,7,17
20202,ANCORAIMES,desnutricion global,desnutricion moderada (m),2005-02-01,2,4,3,5,5,9,14
41201,ANDAMARCA,desnutricion global,desnutricion moderada (m),2005-02-01,2,0,1,0,3,0,3
40603,ANTEQUERA,desnutricion global,desnutricion moderada (m),2005-02-01,2,1,1,0,3,1,4
30402,ANZALDO,desnutricion global,desnutricion moderada (m),2005-02-01,1,0,2,4,3,4,7
20701,APOLO,desnutricion global,desnutricion moderada (m),2005-02-01,2,7,0,6,2,13,15
51301,ARAMPAMPA,desnutricion global,desnutricion moderada (m),2005-02-01,6,6,3,9,9,15,24
30501,ARANI,desnutricion global,desnutricion moderada (m),2005-02-01,3,2,0,2,3,4,7
30403,ARBIETO,desnutricion global,desnutricion moderada (m),2005-02-01,2,0,1,7,3,7,10
30601,ARQUE,desnutricion global,desnutricion moderada (m),2005-02-01,7,5,0,0,7,5,12
50802,ATOCHA,desnutricion global,desnutricion moderada (m),2005-02-01,10,11,5,6,15,17,32
20503,AUCAPATA,desnutricion global,desnutricion moderada (m),2005-02-01,2,1,1,2,3,3,6
20502,AYATA,desnutricion global,desnutricion moderada (m),2005-02-01,8,6,0,8,8,14,22
21303,AYO AYO,desnutricion global,desnutricion moderada (m),2005-02-01,4,5,0,0,4,5,9
30301,AYOPAYA (V. DE INDEPENDENCIA),desnutricion global,desnutricion moderada (m),2005-02-01,16,15,12,15,28,30,58
10201,AZURDUY,desnutricion global,desnutricion moderada (m),2005-02-01,6,12,5,10,11,22,33
21203,BATALLAS,desnutricion global,desnutricion moderada (m),2005-02-01,1,0,1,1,2,1,3
80802,BAURES,desnutricion global,desnutricion moderada (m),2005-02-01,5,0,1,0,6,0,6
50104,BELEN DE URMIRI,desnutricion global,desnutricion moderada (m),2005-02-01,0,1,0,1,0,2,2
90104,BELLA FLOR,desnutricion global,desnutricion moderada (m),2005-02-01,0,0,1,0,1,0,1
60202,BERMEJO,desnutricion global,desnutricion moderada (m),2005-02-01,0,1,0,0,0,1,1
50301,BETANZOS,desnutricion global,desnutricion moderada (m),2005-02-01,23,19,20,32,43,51,94
31501,BOLIVAR,desnutricion global,desnutricion moderada (m),2005-02-01,7,4,1,2,8,6,14
70707,BOYUIBE,desnutricion global,desnutricion moderada (m),2005-02-01,2,2,1,3,3,5,8
70401,BUENA VISTA,desnutricion global,desnutricion moderada (m),2005-02-01,3,0,0,0,3,0,3
70703,CABEZAS,desnutricion global,desnutricion moderada (m),2005-02-01,3,4,0,4,3,8,11
20905,CAIROMA,desnutricion global,desnutricion moderada (m),2005-02-01,15,18,8,13,23,31,54
51102,"CAIZA ""D""",desnutricion global,desnutricion moderada (m),2005-02-01,4,1,8,7,12,8,20
21003,CAJUATA,desnutricion global,desnutricion moderada (m),2005-02-01,1,1,1,2,2,3,5
20303,CALACOTO,desnutricion global,desnutricion moderada (m),2005-02-01,1,0,1,0,2,0,2
21304,CALAMARCA,desnutricion global,desnutricion moderada (m),2005-02-01,21,18,12,22,33,40,73
10701,CAMARGO,desnutricion global,desnutricion moderada (m),2005-02-01,3,10,2,5,5,15,20
10901,CAMATAQUI (C. VILLA ABECIA),desnutricion global,desnutricion moderada (m),2005-02-01,2,4,2,1,4,5,9
70706,CAMIRI,desnutricion global,desnutricion moderada (m),2005-02-01,12,2,1,7,13,9,22
30701,CAPINOTA,desnutricion global,desnutricion moderada (m),2005-02-01,10,5,6,2,16,7,23
20302,CAQUIAVIRI,desnutricion global,desnutricion moderada (m),2005-02-01,0,0,2,1,2,1,3
40102,CARACOLLO,desnutricion global,desnutricion moderada (m),2005-02-01,2,3,1,0,3,3,6
22001,CARANAVI,desnutricion global,desnutricion moderada (m),2005-02-01,15,12,15,37,30,49,79
60302,CARAPARI,desnutricion global,desnutricion moderada (m),2005-02-01,3,2,2,2,5,4,9
50702,CARIPUYO,desnutricion global,desnutricion moderada (m),2005-02-01,5,7,4,6,9,13,22
21902,CATACORA,desnutricion global,desnutricion moderada (m),2005-02-01,0,1,0,0,0,1,1
40201,CHALLAPATA,desnutricion global,desnutricion moderada (m),2005-02-01,11,10,10,5,21,15,36
50302,CHAQUI,desnutricion global,desnutricion moderada (m),2005-02-01,0,1,2,3,2,4,6
70702,CHARAGUA,desnutricion global,desnutricion moderada (m),2005-02-01,15,11,8,11,23,22,45
20305,CHARAÑA,desnutricion global,desnutricion moderada (m),2005-02-01,1,1,0,0,1,1,2
50202,CHAYANTA,desnutricion global,desnutricion moderada (m),2005-02-01,18,5,10,21,28,26,54
31204,CHIMORE,desnutricion global,desnutricion moderada (m),2005-02-01,2,1,0,0,2,1,3
40903,CHIPAYA,desnutricion global,desnutricion moderada (m),2005-02-01,0,1,1,0,1,1,2
21101,CHULUMANI (V. DE LA LIBERTAD),desnutricion global,desnutricion moderada (m),2005-02-01,1,1,0,1,1,2,3
20501,CHUMA,desnutricion global,desnutricion moderada (m),2005-02-01,4,3,1,0,5,3,8
30801,CLIZA,desnutricion global,desnutricion moderada (m),2005-02-01,9,8,3,3,12,11,23
90101,COBIJA,desnutricion global,desnutricion moderada (m),2005-02-01,5,6,2,4,7,10,17
30101,COCHABAMBA,desnutricion global,desnutricion moderada (m),2005-02-01,57,40,34,30,91,70,161
30905,COLCAPIRHUA,desnutricion global,desnutricion moderada (m),2005-02-01,2,6,2,3,4,9,13
50901,"COLCHA ""K""",desnutricion global,desnutricion moderada (m),2005-02-01,4,2,1,1,5,3,8
21307,COLLANA,desnutricion global,desnutricion moderada (m),2005-02-01,0,0,0,1,0,1,1
31002,COLOMI,desnutricion global,desnutricion moderada (m),2005-02-01,10,8,5,8,15,16,31
70603,COLPA BELGICA,desnutricion global,desnutricion moderada (m),2005-02-01,1,1,2,2,3,3,6
50401,COLQUECHACA,desnutricion global,desnutricion moderada (m),2005-02-01,23,22,10,11,33,33,66
21306,COLQUENCHA,desnutricion global,desnutricion moderada (m),2005-02-01,1,2,1,0,2,2,4
21004,COLQUIRI,desnutricion global,desnutricion moderada (m),2005-02-01,9,9,6,10,15,19,34
20304,COMANCHE,desnutricion global,desnutricion moderada (m),2005-02-01,2,0,0,1,2,1,3
71301,COMARAPA,desnutricion global,desnutricion moderada (m),2005-02-01,7,3,4,3,11,6,17
20605,COMBAYA,desnutricion global,desnutricion moderada (m),2005-02-01,2,0,1,1,3,1,4
71101,CONCEPCION,desnutricion global,desnutricion moderada (m),2005-02-01,0,0,1,0,1,0,1
21701,COPACABANA,desnutricion global,desnutricion moderada (m),2005-02-01,0,2,3,2,3,4,7
21402,CORIPATA,desnutricion global,desnutricion moderada (m),2005-02-01,3,0,0,0,3,0,3
20301,CORO CORO,desnutricion global,desnutricion moderada (m),2005-02-01,3,3,2,2,5,5,10
21401,COROICO,desnutricion global,desnutricion moderada (m),2005-02-01,3,1,3,2,6,3,9
40301,CORQUE,desnutricion global,desnutricion moderada (m),2005-02-01,0,5,1,5,1,10,11
50601,COTAGAITA,desnutricion global,desnutricion moderada (m),2005-02-01,2,3,7,1,9,4,13
70102,COTOCA,desnutricion global,desnutricion moderada (m),2005-02-01,6,8,1,4,7,12,19
71106,CUATRO CAÑADAS,desnutricion global,desnutricion moderada (m),2005-02-01,2,0,1,1,3,1,4
70704,CUEVO,desnutricion global,desnutricion moderada (m),2005-02-01,1,1,1,1,2,2,4
10902,CULPINA,desnutricion global,desnutricion moderada (m),2005-02-01,29,26,25,47,54,73,127
40401,CURAHUARA DE CARANGAS,desnutricion global,desnutricion moderada (m),2005-02-01,0,1,3,3,3,4,7
20804,DESAGUADERO,desnutricion global,desnutricion moderada (m),2005-02-01,0,1,0,0,0,1,1
20105,EL ALTO,desnutricion global,desnutricion moderada (m),2005-02-01,212,136,93,98,305,234,539
60502,EL PUENTE(TJA),desnutricion global,desnutricion moderada (m),2005-02-01,7,0,2,7,9,7,16
70105,EL TORNO,desnutricion global,desnutricion moderada (m),2005-02-01,8,5,4,3,12,8,20
10405,EL VILLAR,desnutricion global,desnutricion moderada (m),2005-02-01,2,3,3,15,5,18,23
60601,ENTRE RIOS,desnutricion global,desnutricion moderada (m),2005-02-01,17,21,4,7,21,28,49
60601,ENTRE RIOS,desnutricion global,desnutricion moderada (m),2005-02-01,4,1,1,3,5,4,9
41101,EUCALIPTUS,desnutricion global,desnutricion moderada (m),2005-02-01,2,1,2,1,4,2,6
80402,EXALTACION,desnutricion global,desnutricion moderada (m),2005-02-01,2,0,1,1,3,1,4
71004,FERNANDEZ ALONSO,desnutricion global,desnutricion moderada (m),2005-02-01,2,4,2,3,4,7,11
90203,FILADELFIA,desnutricion global,desnutricion moderada (m),2005-02-01,0,1,0,0,0,1,1
71002,GENERAL SAAVEDRA,desnutricion global,desnutricion moderada (m),2005-02-01,14,0,7,0,21,0,21
21601,GRAL. J.J. PEREZ (CHARAZANI),desnutricion global,desnutricion moderada (m),2005-02-01,2,6,1,1,3,7,10
20602,GUANAY,desnutricion global,desnutricion moderada (m),2005-02-01,2,2,0,0,2,2,4
20802,GUAQUI,desnutricion global,desnutricion moderada (m),2005-02-01,2,0,0,0,2,0,2
70705,GUTIERREZ,desnutricion global,desnutricion moderada (m),2005-02-01,24,17,16,27,40,44,84
10502,HUACARETA,desnutricion global,desnutricion moderada (m),2005-02-01,9,4,4,3,13,7,20
11002,HUACAYA (VILLA DE HUACAYA),desnutricion global,desnutricion moderada (m),2005-02-01,2,0,5,1,7,1,8
40501,HUACHACALLA,desnutricion global,desnutricion moderada (m),2005-02-01,1,0,0,0,1,0,1
40701,HUANUNI,desnutricion global,desnutricion moderada (m),2005-02-01,8,2,2,1,10,3,13
80803,HUARACAJE,desnutricion global,desnutricion moderada (m),2005-02-01,5,0,0,0,5,0,5
21005,ICHOCA,desnutricion global,desnutricion moderada (m),2005-02-01,0,0,0,1,0,1,1
10304,ICLA,desnutricion global,desnutricion moderada (m),2005-02-01,34,13,26,36,60,49,109
10703,INCAHUASI,desnutricion global,desnutricion moderada (m),2005-02-01,27,57,17,29,44,86,130
21001,INQUISIVI,desnutricion global,desnutricion moderada (m),2005-02-01,10,2,1,4,11,6,17
21102,IRUPANA (VILLA DE LANZA),desnutricion global,desnutricion moderada (m),2005-02-01,2,6,5,3,7,9,16
21501,IXIAMAS,desnutricion global,desnutricion moderada (m),2005-02-01,4,2,4,4,8,6,14
20806,JESUS DE MACHACA,desnutricion global,desnutricion moderada (m),2005-02-01,4,4,1,1,5,5,10
21105,LA ASUNTA,desnutricion global,desnutricion moderada (m),2005-02-01,7,9,3,5,10,14,24
70104,LA GUARDIA,desnutricion global,desnutricion moderada (m),2005-02-01,9,6,5,3,14,9,23
20101,LA PAZ,desnutricion global,desnutricion moderada (m),2005-02-01,120,92,54,74,174,166,340
70701,LAGUNILLAS,desnutricion global,desnutricion moderada (m),2005-02-01,3,8,3,4,6,12,18
21202,LAJA,desnutricion global,desnutricion moderada (m),2005-02-01,3,1,1,3,4,4,8
10903,LAS CARRERAS,desnutricion global,desnutricion moderada (m),2005-02-01,0,0,1,1,1,1,2
50203,LLALLAGUA,desnutricion global,desnutricion moderada (m),2005-02-01,16,14,16,24,32,38,70
51401,LLICA,desnutricion global,desnutricion moderada (m),2005-02-01,0,0,1,0,1,0,1
20901,LURIBAY,desnutricion global,desnutricion moderada (m),2005-02-01,1,8,3,4,4,12,16
40702,MACHACAMARCA,desnutricion global,desnutricion moderada (m),2005-02-01,0,3,0,0,0,3,3
11003,MACHARETI,desnutricion global,desnutricion moderada (m),2005-02-01,6,4,9,6,15,10,25
80801,MAGDALENA,desnutricion global,desnutricion moderada (m),2005-02-01,5,1,2,0,7,1,8
70903,MAIRANA,desnutricion global,desnutricion moderada (m),2005-02-01,3,0,2,0,5,0,5
20607,MAPIRI,desnutricion global,desnutricion moderada (m),2005-02-01,4,7,0,2,4,9,13
20103,MECAPACA,desnutricion global,desnutricion moderada (m),2005-02-01,11,10,7,7,18,17,35
71003,MINEROS,desnutricion global,desnutricion moderada (m),2005-02-01,23,0,11,0,34,0,34
31301,MIZQUE,desnutricion global,desnutricion moderada (m),2005-02-01,8,8,6,3,14,11,25
20402,MOCOMOCO,desnutricion global,desnutricion moderada (m),2005-02-01,5,4,3,2,8,6,14
51002,MOJINETE,desnutricion global,desnutricion moderada (m),2005-02-01,0,0,0,1,0,1,1
10303,MOJOCOYA,desnutricion global,desnutricion moderada (m),2005-02-01,4,4,3,1,7,5,12
10501,MONTEAGUDO,desnutricion global,desnutricion moderada (m),2005-02-01,9,8,3,22,12,30,42
71001,MONTERO,desnutricion global,desnutricion moderada (m),2005-02-01,65,17,30,11,95,28,123
70803,MORO MORO,desnutricion global,desnutricion moderada (m),2005-02-01,0,0,0,1,0,1,1
30302,MOROCHATA,desnutricion global,desnutricion moderada (m),2005-02-01,3,7,2,3,5,10,15
90501,NUEVO MANOA (NUEVA ESPERANZA),desnutricion global,desnutricion moderada (m),2005-02-01,1,1,1,0,2,1,3
50404,OCURI,desnutricion global,desnutricion moderada (m),2005-02-01,14,7,8,9,22,16,38
70202,OKINAWA,desnutricion global,desnutricion moderada (m),2005-02-01,1,1,0,1,1,2,3
30203,OMEREQUE,desnutricion global,desnutricion moderada (m),2005-02-01,1,3,0,0,1,3,4
40101,ORURO,desnutricion global,desnutricion moderada (m),2005-02-01,63,63,34,27,97,90,187
60201,PADCAYA,desnutricion global,desnutricion moderada (m),2005-02-01,0,3,1,2,1,5,6
10401,PADILLA,desnutricion global,desnutricion moderada (m),2005-02-01,7,5,13,15,20,20,40
70502,PAILON,desnutricion global,desnutricion moderada (m),2005-02-01,0,11,3,0,3,11,14
20102,PALCA,desnutricion global,desnutricion moderada (m),2005-02-01,9,8,20,7,29,15,44
21104,PALOS BLANCOS,desnutricion global,desnutricion moderada (m),2005-02-01,13,8,11,15,24,23,47
40802,PAMPA AULLAGAS,desnutricion global,desnutricion moderada (m),2005-02-01,0,1,3,1,3,2,5
70902,PAMPA GRANDE,desnutricion global,desnutricion moderada (m),2005-02-01,0,1,1,0,1,1,2
21802,PAPEL PAMPA,desnutricion global,desnutricion moderada (m),2005-02-01,2,1,0,0,2,1,3
30202,PASORAPA,desnutricion global,desnutricion moderada (m),2005-02-01,3,14,2,4,5,18,23
21305,PATACAMAYA,desnutricion global,desnutricion moderada (m),2005-02-01,18,15,8,11,26,26,52
40602,PAZÑA,desnutricion global,desnutricion moderada (m),2005-02-01,1,0,0,1,1,1,2
20702,PELECHUCO,desnutricion global,desnutricion moderada (m),2005-02-01,7,1,1,3,8,4,12
50403,POCOATA,desnutricion global,desnutricion moderada (m),2005-02-01,10,18,15,16,25,34,59
31203,POCONA,desnutricion global,desnutricion moderada (m),2005-02-01,5,8,3,7,8,15,23
31202,POJO (CBBA),desnutricion global,desnutricion moderada (m),2005-02-01,6,2,3,2,9,4,13
40601,POOPO,desnutricion global,desnutricion moderada (m),2005-02-01,3,0,0,0,3,0,3
51203,PORCO,desnutricion global,desnutricion moderada (m),2005-02-01,0,3,1,1,1,4,5
10103,POROMA,desnutricion global,desnutricion moderada (m),2005-02-01,14,15,7,16,21,31,52
70601,PORTACHUELO,desnutricion global,desnutricion moderada (m),2005-02-01,6,7,1,0,7,7,14
90102,PORVENIR,desnutricion global,desnutricion moderada (m),2005-02-01,1,2,0,0,1,2,3
70804,POSTRER VALLE,desnutricion global,desnutricion moderada (m),2005-02-01,0,0,0,3,0,3,3
50101,POTOSI,desnutricion global,desnutricion moderada (m),2005-02-01,43,32,16,10,59,42,101
10302,PRESTO,desnutricion global,desnutricion moderada (m),2005-02-01,12,7,13,9,25,16,41
70805,PUCARA,desnutricion global,desnutricion moderada (m),2005-02-01,1,0,0,2,1,2,3
21201,PUCARANI,desnutricion global,desnutricion moderada (m),2005-02-01,3,3,1,0,4,3,7
20401,PUERTO ACOSTA,desnutricion global,desnutricion moderada (m),2005-02-01,1,3,1,7,2,10,12
20403,PUERTO CARABUCO,desnutricion global,desnutricion moderada (m),2005-02-01,4,1,4,3,8,4,12
90301,PUERTO GONZALO MORENO,desnutricion global,desnutricion moderada (m),2005-02-01,5,1,2,3,7,4,11
21204,PUERTO PEREZ,desnutricion global,desnutricion moderada (m),2005-02-01,0,0,1,0,1,0,1
90201,PUERTO RICO,desnutricion global,desnutricion moderada (m),2005-02-01,2,2,0,1,2,3,5
80703,PUERTO SILES,desnutricion global,desnutricion moderada (m),2005-02-01,1,1,2,1,3,2,5
31205,PUERTO VILLARROEL,desnutricion global,desnutricion moderada (m),2005-02-01,41,31,26,26,67,57,124
51101,PUNA,desnutricion global,desnutricion moderada (m),2005-02-01,13,27,9,33,22,60,82
31401,PUNATA,desnutricion global,desnutricion moderada (m),2005-02-01,4,7,2,5,6,12,18
30901,QUILLACOLLO,desnutricion global,desnutricion moderada (m),2005-02-01,8,30,2,7,10,37,47
21002,QUIME,desnutricion global,desnutricion moderada (m),2005-02-01,5,1,4,1,9,2,11
70904,QUIRUSILLAS,desnutricion global,desnutricion moderada (m),2005-02-01,0,0,0,1,0,1,1
50402,RAVELO,desnutricion global,desnutricion moderada (m),2005-02-01,32,23,24,21,56,44,100
80301,REYES,desnutricion global,desnutricion moderada (m),2005-02-01,4,2,2,4,6,6,12
80201,RIBERALTA,desnutricion global,desnutricion moderada (m),2005-02-01,29,33,24,38,53,71,124
70503,ROBORE,desnutricion global,desnutricion moderada (m),2005-02-01,0,8,7,0,7,8,15
80304,RURRENABAQUE,desnutricion global,desnutricion moderada (m),2005-02-01,0,4,0,0,0,4,4
40901,SABAYA,desnutricion global,desnutricion moderada (m),2005-02-01,1,0,0,1,1,1,2
31001,SACABA,desnutricion global,desnutricion moderada (m),2005-02-01,1,9,1,3,2,12,14
30404,SACABAMBA,desnutricion global,desnutricion moderada (m),2005-02-01,1,2,0,2,1,4,5
50701,SACACA,desnutricion global,desnutricion moderada (m),2005-02-01,24,25,26,35,50,60,110
71302,SAIPINA,desnutricion global,desnutricion moderada (m),2005-02-01,3,0,1,1,4,1,5
40801,SALINAS DE GARCI MENDOZA,desnutricion global,desnutricion moderada (m),2005-02-01,4,2,0,1,4,3,7
70901,SAMAIPATA,desnutricion global,desnutricion moderada (m),2005-02-01,5,0,0,0,5,0,5
51601,SAN AGUSTIN,desnutricion global,desnutricion moderada (m),2005-02-01,0,1,0,0,0,1,1
80602,SAN ANDRES,desnutricion global,desnutricion moderada (m),2005-02-01,1,3,3,3,4,6,10
20805,SAN ANDRES DE MACHACA,desnutricion global,desnutricion moderada (m),2005-02-01,0,1,0,0,0,1,1
71105,SAN ANTONIO DE LOMERIO,desnutricion global,desnutricion moderada (m),2005-02-01,7,8,7,9,14,17,31
31403,SAN BENITO,desnutricion global,desnutricion moderada (m),2005-02-01,1,1,0,0,1,1,2
80302,SAN BORJA,desnutricion global,desnutricion moderada (m),2005-02-01,17,14,9,11,26,25,51
21502,SAN BUENA VENTURA,desnutricion global,desnutricion moderada (m),2005-02-01,4,5,4,5,8,10,18
70402,SAN CARLOS,desnutricion global,desnutricion moderada (m),2005-02-01,4,7,2,5,6,12,18
80501,SAN IGNACIO,desnutricion global,desnutricion moderada (m),2005-02-01,12,13,11,10,23,23,46
70301,SAN IGNACIO DE VELASCO,desnutricion global,desnutricion moderada (m),2005-02-01,20,31,18,26,38,57,95
80102,SAN JAVIER(BNI),desnutricion global,desnutricion moderada (m),2005-02-01,0,0,1,0,1,0,1
71102,SAN JAVIER(STC),desnutricion global,desnutricion moderada (m),2005-02-01,14,0,6,0,20,0,20
80701,SAN JOAQUIN,desnutricion global,desnutricion moderada (m),2005-02-01,1,3,1,3,2,6,8
70501,SAN JOSE DE CHIQUITOS,desnutricion global,desnutricion moderada (m),2005-02-01,1,3,0,2,1,5,6
70404,SAN JUAN DE YAPACANI,desnutricion global,desnutricion moderada (m),2005-02-01,2,2,0,2,2,4,6
71104,SAN JULIAN,desnutricion global,desnutricion moderada (m),2005-02-01,4,8,4,5,8,13,21
90302,SAN LORENZO(PND),desnutricion global,desnutricion moderada (m),2005-02-01,1,0,1,2,2,2,4
60501,SAN LORENZO(TJA),desnutricion global,desnutricion moderada (m),2005-02-01,9,7,3,6,12,13,25
10702,SAN LUCAS,desnutricion global,desnutricion moderada (m),2005-02-01,65,55,51,64,116,119,235
70302,SAN MIGUEL DE VELASCO,desnutricion global,desnutricion moderada (m),2005-02-01,5,9,2,4,7,13,20
51001,SAN PABLO DE LIPEZ,desnutricion global,desnutricion moderada (m),2005-02-01,1,3,0,0,1,3,4
71005,SAN PEDRO,desnutricion global,desnutricion moderada (m),2005-02-01,3,4,3,4,6,8,14
50501,SAN PEDRO DE BUENA VISTA,desnutricion global,desnutricion moderada (m),2005-02-01,20,15,11,27,31,42,73
21801,SAN PEDRO DE CURAHUARA,desnutricion global,desnutricion moderada (m),2005-02-01,1,0,0,3,1,3,4
21702,SAN PEDRO DE TIQUINA,desnutricion global,desnutricion moderada (m),2005-02-01,1,0,0,0,1,0,1
90202,SAN PEDRO(PND),desnutricion global,desnutricion moderada (m),2005-02-01,1,0,2,0,3,0,3
70303,SAN RAFAEL,desnutricion global,desnutricion moderada (m),2005-02-01,9,5,7,4,16,9,25
80401,SANTA ANA,desnutricion global,desnutricion moderada (m),2005-02-01,1,2,1,3,2,5,7
70101,SANTA CRUZ DE LA SIERRA,desnutricion global,desnutricion moderada (m),2005-02-01,297,202,113,91,410,293,703
80303,SANTA ROSA,desnutricion global,desnutricion moderada (m),2005-02-01,1,3,0,0,1,3,4
70602,SANTA ROSA DEL SARA,desnutricion global,desnutricion moderada (m),2005-02-01,2,3,2,5,4,8,12
20308,SANTIAGO DE CALLAPA,desnutricion global,desnutricion moderada (m),2005-02-01,1,2,1,0,2,2,4
41401,SANTIAGO DE HUARI,desnutricion global,desnutricion moderada (m),2005-02-01,2,0,1,1,3,1,4
21901,SANTIAGO DE MACHACA,desnutricion global,desnutricion moderada (m),2005-02-01,2,0,2,1,4,1,5
30702,SANTIVAÑES,desnutricion global,desnutricion moderada (m),2005-02-01,3,4,2,4,5,8,13
40202,SANTUARIO DE QUILLACAS,desnutricion global,desnutricion moderada (m),2005-02-01,0,1,0,0,0,1,1
20902,SAPAHAQUI,desnutricion global,desnutricion moderada (m),2005-02-01,7,7,5,9,12,16,28
90303,SENA,desnutricion global,desnutricion moderada (m),2005-02-01,3,2,0,0,3,2,5
21301,SICA SICA (VILLA AROMA),desnutricion global,desnutricion moderada (m),2005-02-01,20,19,16,24,36,43,79
30703,SICAYA,desnutricion global,desnutricion moderada (m),2005-02-01,0,0,1,0,1,0,1
30902,SIPE SIPE,desnutricion global,desnutricion moderada (m),2005-02-01,11,7,8,7,19,14,33
10403,SOPACHUY,desnutricion global,desnutricion moderada (m),2005-02-01,1,2,2,9,3,11,14
40104,SORACACHI,desnutricion global,desnutricion moderada (m),2005-02-01,0,0,1,2,1,2,3
20601,SORATA,desnutricion global,desnutricion moderada (m),2005-02-01,4,2,3,3,7,5,12
10101,SUCRE,desnutricion global,desnutricion moderada (m),2005-02-01,38,38,19,27,57,65,122
31404,TACACHI,desnutricion global,desnutricion moderada (m),2005-02-01,0,2,0,0,0,2,2
20603,TACACOMA,desnutricion global,desnutricion moderada (m),2005-02-01,3,1,1,2,4,3,7
50303,TACOBAMBA,desnutricion global,desnutricion moderada (m),2005-02-01,8,0,4,2,12,2,14
30602,TACOPAYA,desnutricion global,desnutricion moderada (m),2005-02-01,5,4,2,10,7,14,21
31101,TAPACARI,desnutricion global,desnutricion moderada (m),2005-02-01,11,9,6,10,17,19,36
10601,TARABUCO,desnutricion global,desnutricion moderada (m),2005-02-01,51,40,46,59,97,99,196
20807,TARACO,desnutricion global,desnutricion moderada (m),2005-02-01,0,0,0,1,0,1,1
30401,TARATA,desnutricion global,desnutricion moderada (m),2005-02-01,3,2,1,1,4,3,7
60101,TARIJA,desnutricion global,desnutricion moderada (m),2005-02-01,16,24,16,8,32,32,64
10202,TARVITA,desnutricion global,desnutricion moderada (m),2005-02-01,5,3,12,13,17,16,33
20608,TEOPONTE,desnutricion global,desnutricion moderada (m),2005-02-01,1,3,1,5,2,8,10
20803,TIAWANACU,desnutricion global,desnutricion moderada (m),2005-02-01,1,1,1,0,2,1,3
50102,TINGUIPAYA,desnutricion global,desnutricion moderada (m),2005-02-01,7,17,7,8,14,25,39
30903,TIQUIPAYA,desnutricion global,desnutricion moderada (m),2005-02-01,3,6,3,1,6,7,13
31601,TIRAQUE (CBBA),desnutricion global,desnutricion moderada (m),2005-02-01,9,17,8,17,17,34,51
21703,TITO YUPANQUI (PARQUIPUJIO),desnutricion global,desnutricion moderada (m),2005-02-01,1,1,0,1,1,2,3
30802,TOCO,desnutricion global,desnutricion moderada (m),2005-02-01,0,0,0,1,0,1,1
41001,TOLEDO,desnutricion global,desnutricion moderada (m),2005-02-01,1,3,0,0,1,3,4
51202,TOMAVE,desnutricion global,desnutricion moderada (m),2005-02-01,5,4,5,1,10,5,15
10402,TOMINA,desnutricion global,desnutricion moderada (m),2005-02-01,18,8,25,28,43,36,79
50502,TORO TORO,desnutricion global,desnutricion moderada (m),2005-02-01,11,17,9,15,20,32,52
31201,TOTORA(CBBA),desnutricion global,desnutricion moderada (m),2005-02-01,11,6,3,4,14,10,24
41301,TOTORA(ORR),desnutricion global,desnutricion moderada (m),2005-02-01,1,0,1,1,2,1,3
80101,TRINIDAD,desnutricion global,desnutricion moderada (m),2005-02-01,16,19,12,8,28,27,55
50801,TUPIZA,desnutricion global,desnutricion moderada (m),2005-02-01,7,16,9,12,16,28,44
40402,TURCO,desnutricion global,desnutricion moderada (m),2005-02-01,2,0,1,1,3,1,4
21302,UMALA,desnutricion global,desnutricion moderada (m),2005-02-01,4,10,1,6,5,16,21
50201,UNCIA,desnutricion global,desnutricion moderada (m),2005-02-01,5,6,5,0,10,6,16
60401,URIONDO (A. CONCEPCION),desnutricion global,desnutricion moderada (m),2005-02-01,3,5,6,4,9,9,18
51201,UYUNI,desnutricion global,desnutricion moderada (m),2005-02-01,7,1,0,1,7,2,9
30502,VACAS,desnutricion global,desnutricion moderada (m),2005-02-01,6,7,6,2,12,9,21
70801,VALLEGRANDE,desnutricion global,desnutricion moderada (m),2005-02-01,3,1,6,2,9,3,12
20801,VIACHA,desnutricion global,desnutricion moderada (m),2005-02-01,16,31,13,18,29,49,78
31302,VILA VILA,desnutricion global,desnutricion moderada (m),2005-02-01,1,1,0,0,1,1,2
60303,VILLA MONTES,desnutricion global,desnutricion moderada (m),2005-02-01,5,10,3,6,8,16,24
31402,VILLA RIVERO,desnutricion global,desnutricion moderada (m),2005-02-01,0,2,1,2,1,4,5
10801,VILLA SERRANO,desnutricion global,desnutricion moderada (m),2005-02-01,7,12,15,21,22,33,55
31003,VILLA TUNARI,desnutricion global,desnutricion moderada (m),2005-02-01,23,38,20,29,43,67,110
11001,VILLA VACA GUZMAN (MUYUPAMPA),desnutricion global,desnutricion moderada (m),2005-02-01,0,2,1,6,1,8,9
51501,VILLAZON,desnutricion global,desnutricion moderada (m),2005-02-01,10,4,10,7,20,11,31
30904,VINTO,desnutricion global,desnutricion moderada (m),2005-02-01,0,0,2,0,2,0,2
50602,VITICHI,desnutricion global,desnutricion moderada (m),2005-02-01,12,8,12,6,24,14,38
20306,WALDO BALLIVIAN,desnutricion global,desnutricion moderada (m),2005-02-01,1,0,0,0,1,0,1
70201,WARNES,desnutricion global,desnutricion moderada (m),2005-02-01,3,11,8,9,11,20,31
20903,YACO,desnutricion global,desnutricion moderada (m),2005-02-01,5,4,1,1,6,5,11
60301,YACUIBA,desnutricion global,desnutricion moderada (m),2005-02-01,10,13,5,9,15,22,37
10602,YAMPARAEZ,desnutricion global,desnutricion moderada (m),2005-02-01,20,24,11,17,31,41,72
21103,YANACACHI,desnutricion global,desnutricion moderada (m),2005-02-01,2,0,0,1,2,1,3
70403,YAPACANI,desnutricion global,desnutricion moderada (m),2005-02-01,15,15,17,7,32,22,54
50103,YOCALLA,desnutricion global,desnutricion moderada (m),2005-02-01,2,1,4,3,6,4,10
10102,YOTALA,desnutricion global,desnutricion moderada (m),2005-02-01,5,9,6,7,11,16,27
60402,YUNCHARA,desnutricion global,desnutricion moderada (m),2005-02-01,4,1,4,5,8,6,14
10301,ZUDAÑEZ,desnutricion global,desnutricion moderada (m),2005-02-01,6,9,8,11,14,20,34
51302,ACACIO,desnutricion global,desnutricion moderada (m),2005-03-01,7,8,10,9,17,17,34
20201,ACHACACHI,desnutricion global,desnutricion moderada (m),2005-03-01,6,2,0,0,6,2,8
20104,ACHOCALLA,desnutricion global,desnutricion moderada (m),2005-03-01,7,5,5,4,12,9,21
30201,AIQUILE,desnutricion global,desnutricion moderada (m),2005-03-01,5,4,13,17,18,21,39
31303,ALALAY,desnutricion global,desnutricion moderada (m),2005-03-01,0,1,0,0,0,1,1
10404,ALCALA,desnutricion global,desnutricion moderada (m),2005-03-01,3,2,6,4,9,6,15
20202,ANCORAIMES,desnutricion global,desnutricion moderada (m),2005-03-01,3,5,1,1,4,6,10
41201,ANDAMARCA,desnutricion global,desnutricion moderada (m),2005-03-01,4,2,0,0,4,2,6
40603,ANTEQUERA,desnutricion global,desnutricion moderada (m),2005-03-01,1,1,0,1,1,2,3
30402,ANZALDO,desnutricion global,desnutricion moderada (m),2005-03-01,2,4,2,2,4,6,10
20701,APOLO,desnutricion global,desnutricion moderada (m),2005-03-01,8,2,0,1,8,3,11
51301,ARAMPAMPA,desnutricion global,desnutricion moderada (m),2005-03-01,7,4,2,7,9,11,20
30501,ARANI,desnutricion global,desnutricion moderada (m),2005-03-01,7,14,13,7,20,21,41
30403,ARBIETO,desnutricion global,desnutricion moderada (m),2005-03-01,4,2,1,0,5,2,7
30601,ARQUE,desnutricion global,desnutricion moderada (m),2005-03-01,5,8,8,7,13,15,28
50802,ATOCHA,desnutricion global,desnutricion moderada (m),2005-03-01,14,9,8,9,22,18,40
20503,AUCAPATA,desnutricion global,desnutricion moderada (m),2005-03-01,4,4,4,3,8,7,15
20502,AYATA,desnutricion global,desnutricion moderada (m),2005-03-01,8,6,4,3,12,9,21
21303,AYO AYO,desnutricion global,desnutricion moderada (m),2005-03-01,5,0,4,2,9,2,11
30301,AYOPAYA (V. DE INDEPENDENCIA),desnutricion global,desnutricion moderada (m),2005-03-01,18,11,14,15,32,26,58
10201,AZURDUY,desnutricion global,desnutricion moderada (m),2005-03-01,19,20,27,25,46,45,91
21203,BATALLAS,desnutricion global,desnutricion moderada (m),2005-03-01,3,2,1,2,4,4,8
80802,BAURES,desnutricion global,desnutricion moderada (m),2005-03-01,4,0,1,0,5,0,5
41202,BELEN DE ANDAMARCA,desnutricion global,desnutricion moderada (m),2005-03-01,0,0,1,0,1,0,1
50104,BELEN DE URMIRI,desnutricion global,desnutricion moderada (m),2005-03-01,3,2,0,3,3,5,8
60202,BERMEJO,desnutricion global,desnutricion moderada (m),2005-03-01,1,3,0,3,1,6,7
50301,BETANZOS,desnutricion global,desnutricion moderada (m),2005-03-01,34,39,19,31,53,70,123
31501,BOLIVAR,desnutricion global,desnutricion moderada (m),2005-03-01,6,4,5,6,11,10,21
70707,BOYUIBE,desnutricion global,desnutricion moderada (m),2005-03-01,1,2,2,4,3,6,9
70401,BUENA VISTA,desnutricion global,desnutricion moderada (m),2005-03-01,1,2,0,1,1,3,4
70703,CABEZAS,desnutricion global,desnutricion moderada (m),2005-03-01,6,2,3,2,9,4,13
20905,CAIROMA,desnutricion global,desnutricion moderada (m),2005-03-01,16,18,8,19,24,37,61
51102,"CAIZA ""D""",desnutricion global,desnutricion moderada (m),2005-03-01,6,4,5,10,11,14,25
21003,CAJUATA,desnutricion global,desnutricion moderada (m),2005-03-01,4,1,0,2,4,3,7
20303,CALACOTO,desnutricion global,desnutricion moderada (m),2005-03-01,4,1,1,1,5,2,7
21304,CALAMARCA,desnutricion global,desnutricion moderada (m),2005-03-01,20,16,16,21,36,37,73
10701,CAMARGO,desnutricion global,desnutricion moderada (m),2005-03-01,20,5,4,14,24,19,43
10901,CAMATAQUI (C. VILLA ABECIA),desnutricion global,desnutricion moderada (m),2005-03-01,2,5,3,1,5,6,11
70706,CAMIRI,desnutricion global,desnutricion moderada (m),2005-03-01,23,9,12,3,35,12,47
30701,CAPINOTA,desnutricion global,desnutricion moderada (m),2005-03-01,15,6,5,11,20,17,37
20302,CAQUIAVIRI,desnutricion global,desnutricion moderada (m),2005-03-01,3,1,5,6,8,7,15
40102,CARACOLLO,desnutricion global,desnutricion moderada (m),2005-03-01,2,4,3,2,5,6,11
22001,CARANAVI,desnutricion global,desnutricion moderada (m),2005-03-01,11,24,13,13,24,37,61
60302,CARAPARI,desnutricion global,desnutricion moderada (m),2005-03-01,1,0,1,2,2,2,4
50702,CARIPUYO,desnutricion global,desnutricion moderada (m),2005-03-01,19,15,18,26,37,41,78
21803,CHACARILLA,desnutricion global,desnutricion moderada (m),2005-03-01,0,0,2,0,2,0,2
40201,CHALLAPATA,desnutricion global,desnutricion moderada (m),2005-03-01,18,15,8,16,26,31,57
50302,CHAQUI,desnutricion global,desnutricion moderada (m),2005-03-01,9,9,6,6,15,15,30
70702,CHARAGUA,desnutricion global,desnutricion moderada (m),2005-03-01,27,18,6,16,33,34,67
20305,CHARAÑA,desnutricion global,desnutricion moderada (m),2005-03-01,2,2,0,1,2,3,5
50202,CHAYANTA,desnutricion global,desnutricion moderada (m),2005-03-01,29,11,8,23,37,34,71
31204,CHIMORE,desnutricion global,desnutricion moderada (m),2005-03-01,0,4,1,2,1,6,7
40903,CHIPAYA,desnutricion global,desnutricion moderada (m),2005-03-01,2,0,0,1,2,1,3
40302,CHOQUE COTA,desnutricion global,desnutricion moderada (m),2005-03-01,0,1,1,0,1,1,2
21101,CHULUMANI (V. DE LA LIBERTAD),desnutricion global,desnutricion moderada (m),2005-03-01,6,2,3,3,9,5,14
20501,CHUMA,desnutricion global,desnutricion moderada (m),2005-03-01,5,4,3,4,8,8,16
30801,CLIZA,desnutricion global,desnutricion moderada (m),2005-03-01,16,8,7,4,23,12,35
90101,COBIJA,desnutricion global,desnutricion moderada (m),2005-03-01,6,2,2,3,8,5,13
30101,COCHABAMBA,desnutricion global,desnutricion moderada (m),2005-03-01,83,80,31,52,114,132,246
30905,COLCAPIRHUA,desnutricion global,desnutricion moderada (m),2005-03-01,4,11,2,3,6,14,20
50901,"COLCHA ""K""",desnutricion global,desnutricion moderada (m),2005-03-01,1,2,1,5,2,7,9
31002,COLOMI,desnutricion global,desnutricion moderada (m),2005-03-01,8,11,8,8,16,19,35
70603,COLPA BELGICA,desnutricion global,desnutricion moderada (m),2005-03-01,3,0,2,2,5,2,7
50401,COLQUECHACA,desnutricion global,desnutricion moderada (m),2005-03-01,38,32,18,28,56,60,116
21306,COLQUENCHA,desnutricion global,desnutricion moderada (m),2005-03-01,0,2,0,1,0,3,3
21004,COLQUIRI,desnutricion global,desnutricion moderada (m),2005-03-01,3,9,5,4,8,13,21
20304,COMANCHE,desnutricion global,desnutricion moderada (m),2005-03-01,0,0,1,4,1,4,5
71301,COMARAPA,desnutricion global,desnutricion moderada (m),2005-03-01,20,14,9,10,29,24,53
20605,COMBAYA,desnutricion global,desnutricion moderada (m),2005-03-01,1,0,1,0,2,0,2
71101,CONCEPCION,desnutricion global,desnutricion moderada (m),2005-03-01,0,0,3,0,3,0,3
21701,COPACABANA,desnutricion global,desnutricion moderada (m),2005-03-01,2,1,1,1,3,2,5
21402,CORIPATA,desnutricion global,desnutricion moderada (m),2005-03-01,1,1,0,1,1,2,3
20301,CORO CORO,desnutricion global,desnutricion moderada (m),2005-03-01,6,6,7,6,13,12,25
21401,COROICO,desnutricion global,desnutricion moderada (m),2005-03-01,6,5,2,4,8,9,17
40301,CORQUE,desnutricion global,desnutricion moderada (m),2005-03-01,8,4,4,2,12,6,18
50601,COTAGAITA,desnutricion global,desnutricion moderada (m),2005-03-01,21,11,22,24,43,35,78
70102,COTOCA,desnutricion global,desnutricion moderada (m),2005-03-01,18,9,3,9,21,18,39
71106,CUATRO CAÑADAS,desnutricion global,desnutricion moderada (m),2005-03-01,6,1,2,2,8,3,11
70704,CUEVO,desnutricion global,desnutricion moderada (m),2005-03-01,1,2,2,2,3,4,7
10902,CULPINA,desnutricion global,desnutricion moderada (m),2005-03-01,27,22,29,31,56,53,109
40401,CURAHUARA DE CARANGAS,desnutricion global,desnutricion moderada (m),2005-03-01,0,0,0,1,0,1,1
21602,CURVA,desnutricion global,desnutricion moderada (m),2005-03-01,2,1,1,3,3,4,7
20804,DESAGUADERO,desnutricion global,desnutricion moderada (m),2005-03-01,2,1,0,0,2,1,3
20105,EL ALTO,desnutricion global,desnutricion moderada (m),2005-03-01,279,190,109,111,388,301,689
60502,EL PUENTE(TJA),desnutricion global,desnutricion moderada (m),2005-03-01,1,2,0,4,1,6,7
70105,EL TORNO,desnutricion global,desnutricion moderada (m),2005-03-01,9,5,3,8,12,13,25
10405,EL VILLAR,desnutricion global,desnutricion moderada (m),2005-03-01,0,3,1,13,1,16,17
60601,ENTRE RIOS,desnutricion global,desnutricion moderada (m),2005-03-01,16,17,4,7,20,24,44
60601,ENTRE RIOS,desnutricion global,desnutricion moderada (m),2005-03-01,7,2,1,4,8,6,14
41101,EUCALIPTUS,desnutricion global,desnutricion moderada (m),2005-03-01,0,0,0,1,0,1,1
80402,EXALTACION,desnutricion global,desnutricion moderada (m),2005-03-01,2,1,2,3,4,4,8
71004,FERNANDEZ ALONSO,desnutricion global,desnutricion moderada (m),2005-03-01,3,6,7,7,10,13,23
90203,FILADELFIA,desnutricion global,desnutricion moderada (m),2005-03-01,1,0,0,3,1,3,4
71002,GENERAL SAAVEDRA,desnutricion global,desnutricion moderada (m),2005-03-01,22,0,17,0,39,0,39
21601,GRAL. J.J. PEREZ (CHARAZANI),desnutricion global,desnutricion moderada (m),2005-03-01,5,2,9,12,14,14,28
20602,GUANAY,desnutricion global,desnutricion moderada (m),2005-03-01,1,0,2,1,3,1,4
20802,GUAQUI,desnutricion global,desnutricion moderada (m),2005-03-01,1,4,0,3,1,7,8
70705,GUTIERREZ,desnutricion global,desnutricion moderada (m),2005-03-01,24,19,19,25,43,44,87
10502,HUACARETA,desnutricion global,desnutricion moderada (m),2005-03-01,4,5,7,11,11,16,27
11002,HUACAYA (VILLA DE HUACAYA),desnutricion global,desnutricion moderada (m),2005-03-01,3,2,3,1,6,3,9
40501,HUACHACALLA,desnutricion global,desnutricion moderada (m),2005-03-01,0,1,0,0,0,1,1
40701,HUANUNI,desnutricion global,desnutricion moderada (m),2005-03-01,11,6,2,4,13,10,23
80803,HUARACAJE,desnutricion global,desnutricion moderada (m),2005-03-01,5,0,4,0,9,0,9
41601,HUAYLLAMARCA,desnutricion global,desnutricion moderada (m),2005-03-01,0,1,1,0,1,1,2
21005,ICHOCA,desnutricion global,desnutricion moderada (m),2005-03-01,0,0,5,4,5,4,9
10304,ICLA,desnutricion global,desnutricion moderada (m),2005-03-01,33,25,36,38,69,63,132
10703,INCAHUASI,desnutricion global,desnutricion moderada (m),2005-03-01,44,48,26,37,70,85,155
21001,INQUISIVI,desnutricion global,desnutricion moderada (m),2005-03-01,6,5,4,2,10,7,17
21102,IRUPANA (VILLA DE LANZA),desnutricion global,desnutricion moderada (m),2005-03-01,2,2,2,1,4,3,7
21501,IXIAMAS,desnutricion global,desnutricion moderada (m),2005-03-01,2,0,1,2,3,2,5
20806,JESUS DE MACHACA,desnutricion global,desnutricion moderada (m),2005-03-01,6,10,1,1,7,11,18
21105,LA ASUNTA,desnutricion global,desnutricion moderada (m),2005-03-01,9,8,4,4,13,12,25
70104,LA GUARDIA,desnutricion global,desnutricion moderada (m),2005-03-01,13,7,3,5,16,12,28
20101,LA PAZ,desnutricion global,desnutricion moderada (m),2005-03-01,167,150,54,63,221,213,434
70701,LAGUNILLAS,desnutricion global,desnutricion moderada (m),2005-03-01,6,7,2,4,8,11,19
21202,LAJA,desnutricion global,desnutricion moderada (m),2005-03-01,4,2,0,4,4,6,10
10903,LAS CARRERAS,desnutricion global,desnutricion moderada (m),2005-03-01,1,5,1,3,2,8,10
50203,LLALLAGUA,desnutricion global,desnutricion moderada (m),2005-03-01,15,19,21,20,36,39,75
51401,LLICA,desnutricion global,desnutricion moderada (m),2005-03-01,5,1,2,1,7,2,9
20901,LURIBAY,desnutricion global,desnutricion moderada (m),2005-03-01,10,9,6,17,16,26,42
40702,MACHACAMARCA,desnutricion global,desnutricion moderada (m),2005-03-01,1,1,0,1,1,2,3
11003,MACHARETI,desnutricion global,desnutricion moderada (m),2005-03-01,6,6,3,10,9,16,25
80801,MAGDALENA,desnutricion global,desnutricion moderada (m),2005-03-01,4,2,2,1,6,3,9
70903,MAIRANA,desnutricion global,desnutricion moderada (m),2005-03-01,3,0,1,0,4,0,4
20904,MALLA,desnutricion global,desnutricion moderada (m),2005-03-01,0,3,2,2,2,5,7
20607,MAPIRI,desnutricion global,desnutricion moderada (m),2005-03-01,7,4,2,0,9,4,13
20103,MECAPACA,desnutricion global,desnutricion moderada (m),2005-03-01,8,3,8,6,16,9,25
71003,MINEROS,desnutricion global,desnutricion moderada (m),2005-03-01,33,0,37,0,70,0,70
31301,MIZQUE,desnutricion global,desnutricion moderada (m),2005-03-01,18,22,4,15,22,37,59
20402,MOCOMOCO,desnutricion global,desnutricion moderada (m),2005-03-01,5,6,4,2,9,8,17
51002,MOJINETE,desnutricion global,desnutricion moderada (m),2005-03-01,1,1,1,2,2,3,5
10303,MOJOCOYA,desnutricion global,desnutricion moderada (m),2005-03-01,6,9,7,7,13,16,29
10501,MONTEAGUDO,desnutricion global,desnutricion moderada (m),2005-03-01,17,9,18,22,35,31,66
71001,MONTERO,desnutricion global,desnutricion moderada (m),2005-03-01,69,23,49,23,118,46,164
70803,MORO MORO,desnutricion global,desnutricion moderada (m),2005-03-01,0,0,1,0,1,0,1
30302,MOROCHATA,desnutricion global,desnutricion moderada (m),2005-03-01,32,21,4,6,36,27,63
50404,OCURI,desnutricion global,desnutricion moderada (m),2005-03-01,39,23,21,29,60,52,112
70202,OKINAWA,desnutricion global,desnutricion moderada (m),2005-03-01,1,0,0,0,1,0,1
30203,OMEREQUE,desnutricion global,desnutricion moderada (m),2005-03-01,1,1,2,9,3,10,13
40101,ORURO,desnutricion global,desnutricion moderada (m),2005-03-01,101,56,42,39,143,95,238
60201,PADCAYA,desnutricion global,desnutricion moderada (m),2005-03-01,3,1,1,2,4,3,7
10401,PADILLA,desnutricion global,desnutricion moderada (m),2005-03-01,12,12,12,19,24,31,55
70502,PAILON,desnutricion global,desnutricion moderada (m),2005-03-01,0,11,7,0,7,11,18
20102,PALCA,desnutricion global,desnutricion moderada (m),2005-03-01,7,9,12,4,19,13,32
21104,PALOS BLANCOS,desnutricion global,desnutricion moderada (m),2005-03-01,18,23,13,21,31,44,75
40802,PAMPA AULLAGAS,desnutricion global,desnutricion moderada (m),2005-03-01,0,1,0,0,0,1,1
70902,PAMPA GRANDE,desnutricion global,desnutricion moderada (m),2005-03-01,4,3,2,4,6,7,13
21802,PAPEL PAMPA,desnutricion global,desnutricion moderada (m),2005-03-01,0,2,0,1,0,3,3
30202,PASORAPA,desnutricion global,desnutricion moderada (m),2005-03-01,2,4,6,1,8,5,13
21305,PATACAMAYA,desnutricion global,desnutricion moderada (m),2005-03-01,7,7,1,17,8,24,32
40602,PAZÑA,desnutricion global,desnutricion moderada (m),2005-03-01,1,0,1,1,2,1,3
20702,PELECHUCO,desnutricion global,desnutricion moderada (m),2005-03-01,6,4,9,5,15,9,24
50403,POCOATA,desnutricion global,desnutricion moderada (m),2005-03-01,22,34,17,31,39,65,104
31203,POCONA,desnutricion global,desnutricion moderada (m),2005-03-01,3,7,5,4,8,11,19
31202,POJO (CBBA),desnutricion global,desnutricion moderada (m),2005-03-01,5,3,7,4,12,7,19
40601,POOPO,desnutricion global,desnutricion moderada (m),2005-03-01,1,1,0,0,1,1,2
51203,PORCO,desnutricion global,desnutricion moderada (m),2005-03-01,4,4,6,5,10,9,19
10103,POROMA,desnutricion global,desnutricion moderada (m),2005-03-01,25,20,17,24,42,44,86
70103,PORONGO,desnutricion global,desnutricion moderada (m),2005-03-01,1,0,0,0,1,0,1
70601,PORTACHUELO,desnutricion global,desnutricion moderada (m),2005-03-01,3,0,2,3,5,3,8
70804,POSTRER VALLE,desnutricion global,desnutricion moderada (m),2005-03-01,0,0,0,3,0,3,3
50101,POTOSI,desnutricion global,desnutricion moderada (m),2005-03-01,77,46,20,29,97,75,172
10302,PRESTO,desnutricion global,desnutricion moderada (m),2005-03-01,20,9,14,10,34,19,53
70805,PUCARA,desnutricion global,desnutricion moderada (m),2005-03-01,1,0,0,0,1,0,1
21201,PUCARANI,desnutricion global,desnutricion moderada (m),2005-03-01,8,4,1,3,9,7,16
20401,PUERTO ACOSTA,desnutricion global,desnutricion moderada (m),2005-03-01,4,2,1,2,5,4,9
20403,PUERTO CARABUCO,desnutricion global,desnutricion moderada (m),2005-03-01,11,9,10,9,21,18,39
90301,PUERTO GONZALO MORENO,desnutricion global,desnutricion moderada (m),2005-03-01,4,4,0,1,4,5,9
21204,PUERTO PEREZ,desnutricion global,desnutricion moderada (m),2005-03-01,1,2,1,0,2,2,4
90201,PUERTO RICO,desnutricion global,desnutricion moderada (m),2005-03-01,0,3,0,1,0,4,4
31205,PUERTO VILLARROEL,desnutricion global,desnutricion moderada (m),2005-03-01,52,59,27,40,79,99,178
51101,PUNA,desnutricion global,desnutricion moderada (m),2005-03-01,30,42,25,31,55,73,128
31401,PUNATA,desnutricion global,desnutricion moderada (m),2005-03-01,9,3,4,7,13,10,23
20604,QUIABAYA,desnutricion global,desnutricion moderada (m),2005-03-01,3,3,3,4,6,7,13
30901,QUILLACOLLO,desnutricion global,desnutricion moderada (m),2005-03-01,15,20,8,15,23,35,58
21002,QUIME,desnutricion global,desnutricion moderada (m),2005-03-01,1,1,3,2,4,3,7
70904,QUIRUSILLAS,desnutricion global,desnutricion moderada (m),2005-03-01,1,0,2,0,3,0,3
50402,RAVELO,desnutricion global,desnutricion moderada (m),2005-03-01,62,25,43,25,105,50,155
80301,REYES,desnutricion global,desnutricion moderada (m),2005-03-01,1,2,0,8,1,10,11
80201,RIBERALTA,desnutricion global,desnutricion moderada (m),2005-03-01,57,101,31,63,88,164,252
70503,ROBORE,desnutricion global,desnutricion moderada (m),2005-03-01,3,4,6,0,9,4,13
80304,RURRENABAQUE,desnutricion global,desnutricion moderada (m),2005-03-01,2,3,0,0,2,3,5
40901,SABAYA,desnutricion global,desnutricion moderada (m),2005-03-01,0,1,1,1,1,2,3
31001,SACABA,desnutricion global,desnutricion moderada (m),2005-03-01,20,12,12,20,32,32,64
30404,SACABAMBA,desnutricion global,desnutricion moderada (m),2005-03-01,2,4,5,5,7,9,16
50701,SACACA,desnutricion global,desnutricion moderada (m),2005-03-01,42,47,53,63,95,110,205
71302,SAIPINA,desnutricion global,desnutricion moderada (m),2005-03-01,2,4,3,7,5,11,16
40801,SALINAS DE GARCI MENDOZA,desnutricion global,desnutricion moderada (m),2005-03-01,6,3,3,1,9,4,13
70901,SAMAIPATA,desnutricion global,desnutricion moderada (m),2005-03-01,5,0,4,0,9,0,9
51601,SAN AGUSTIN,desnutricion global,desnutricion moderada (m),2005-03-01,0,2,2,1,2,3,5
80602,SAN ANDRES,desnutricion global,desnutricion moderada (m),2005-03-01,4,2,4,1,8,3,11
20805,SAN ANDRES DE MACHACA,desnutricion global,desnutricion moderada (m),2005-03-01,1,1,0,0,1,1,2
51003,SAN ANTONIO DE ESMORUCO,desnutricion global,desnutricion moderada (m),2005-03-01,0,1,0,0,0,1,1
71105,SAN ANTONIO DE LOMERIO,desnutricion global,desnutricion moderada (m),2005-03-01,8,5,16,9,24,14,38
31403,SAN BENITO,desnutricion global,desnutricion moderada (m),2005-03-01,1,0,9,16,10,16,26
80302,SAN BORJA,desnutricion global,desnutricion moderada (m),2005-03-01,20,20,11,12,31,32,63
21502,SAN BUENA VENTURA,desnutricion global,desnutricion moderada (m),2005-03-01,3,2,3,4,6,6,12
70402,SAN CARLOS,desnutricion global,desnutricion moderada (m),2005-03-01,2,2,1,4,3,6,9
80501,SAN IGNACIO,desnutricion global,desnutricion moderada (m),2005-03-01,10,12,3,10,13,22,35
70301,SAN IGNACIO DE VELASCO,desnutricion global,desnutricion moderada (m),2005-03-01,38,41,35,37,73,78,151
80102,SAN JAVIER(BNI),desnutricion global,desnutricion moderada (m),2005-03-01,0,1,0,0,0,1,1
71102,SAN JAVIER(STC),desnutricion global,desnutricion moderada (m),2005-03-01,8,0,11,0,19,0,19
80701,SAN JOAQUIN,desnutricion global,desnutricion moderada (m),2005-03-01,0,0,1,0,1,0,1
70501,SAN JOSE DE CHIQUITOS,desnutricion global,desnutricion moderada (m),2005-03-01,2,2,2,3,4,5,9
70404,SAN JUAN DE YAPACANI,desnutricion global,desnutricion moderada (m),2005-03-01,2,1,1,2,3,3,6
71104,SAN JULIAN,desnutricion global,desnutricion moderada (m),2005-03-01,7,8,9,7,16,15,31
90302,SAN LORENZO(PND),desnutricion global,desnutricion moderada (m),2005-03-01,2,1,1,2,3,3,6
60501,SAN LORENZO(TJA),desnutricion global,desnutricion moderada (m),2005-03-01,10,12,8,15,18,27,45
10702,SAN LUCAS,desnutricion global,desnutricion moderada (m),2005-03-01,59,70,64,76,123,146,269
70302,SAN MIGUEL DE VELASCO,desnutricion global,desnutricion moderada (m),2005-03-01,7,12,6,11,13,23,36
51001,SAN PABLO DE LIPEZ,desnutricion global,desnutricion moderada (m),2005-03-01,1,0,1,0,2,0,2
71005,SAN PEDRO,desnutricion global,desnutricion moderada (m),2005-03-01,8,5,7,1,15,6,21
50501,SAN PEDRO DE BUENA VISTA,desnutricion global,desnutricion moderada (m),2005-03-01,33,33,35,34,68,67,135
21801,SAN PEDRO DE CURAHUARA,desnutricion global,desnutricion moderada (m),2005-03-01,0,0,1,0,1,0,1
21702,SAN PEDRO DE TIQUINA,desnutricion global,desnutricion moderada (m),2005-03-01,2,0,0,0,2,0,2
70303,SAN RAFAEL,desnutricion global,desnutricion moderada (m),2005-03-01,5,7,3,2,8,9,17
80702,SAN RAMON,desnutricion global,desnutricion moderada (m),2005-03-01,0,2,1,1,1,3,4
80702,SAN RAMON,desnutricion global,desnutricion moderada (m),2005-03-01,0,0,1,0,1,0,1
80401,SANTA ANA,desnutricion global,desnutricion moderada (m),2005-03-01,5,4,1,0,6,4,10
70101,SANTA CRUZ DE LA SIERRA,desnutricion global,desnutricion moderada (m),2005-03-01,275,226,83,141,358,367,725
80303,SANTA ROSA,desnutricion global,desnutricion moderada (m),2005-03-01,2,3,3,2,5,5,10
70602,SANTA ROSA DEL SARA,desnutricion global,desnutricion moderada (m),2005-03-01,6,8,3,4,9,12,21
20308,SANTIAGO DE CALLAPA,desnutricion global,desnutricion moderada (m),2005-03-01,2,1,3,4,5,5,10
41401,SANTIAGO DE HUARI,desnutricion global,desnutricion moderada (m),2005-03-01,3,3,0,2,3,5,8
21901,SANTIAGO DE MACHACA,desnutricion global,desnutricion moderada (m),2005-03-01,4,2,1,3,5,5,10
30702,SANTIVAÑES,desnutricion global,desnutricion moderada (m),2005-03-01,6,5,6,7,12,12,24
40202,SANTUARIO DE QUILLACAS,desnutricion global,desnutricion moderada (m),2005-03-01,2,1,3,1,5,2,7
20902,SAPAHAQUI,desnutricion global,desnutricion moderada (m),2005-03-01,4,5,4,2,8,7,15
90303,SENA,desnutricion global,desnutricion moderada (m),2005-03-01,1,4,2,3,3,7,10
21301,SICA SICA (VILLA AROMA),desnutricion global,desnutricion moderada (m),2005-03-01,23,17,17,29,40,46,86
30703,SICAYA,desnutricion global,desnutricion moderada (m),2005-03-01,4,7,4,8,8,15,23
30902,SIPE SIPE,desnutricion global,desnutricion moderada (m),2005-03-01,19,8,7,8,26,16,42
10403,SOPACHUY,desnutricion global,desnutricion moderada (m),2005-03-01,5,21,13,19,18,40,58
40104,SORACACHI,desnutricion global,desnutricion moderada (m),2005-03-01,2,2,3,1,5,3,8
20601,SORATA,desnutricion global,desnutricion moderada (m),2005-03-01,1,4,3,3,4,7,11
10101,SUCRE,desnutricion global,desnutricion moderada (m),2005-03-01,82,73,60,70,142,143,285
31404,TACACHI,desnutricion global,desnutricion moderada (m),2005-03-01,2,2,0,1,2,3,5
20603,TACACOMA,desnutricion global,desnutricion moderada (m),2005-03-01,2,2,1,2,3,4,7
50303,TACOBAMBA,desnutricion global,desnutricion moderada (m),2005-03-01,18,11,16,12,34,23,57
30602,TACOPAYA,desnutricion global,desnutricion moderada (m),2005-03-01,10,8,5,7,15,15,30
51402,TAHUA,desnutricion global,desnutricion moderada (m),2005-03-01,0,1,0,0,0,1,1
31101,TAPACARI,desnutricion global,desnutricion moderada (m),2005-03-01,17,16,19,26,36,42,78
10601,TARABUCO,desnutricion global,desnutricion moderada (m),2005-03-01,52,58,57,73,109,131,240
20807,TARACO,desnutricion global,desnutricion moderada (m),2005-03-01,0,0,1,1,1,1,2
30401,TARATA,desnutricion global,desnutricion moderada (m),2005-03-01,2,3,2,2,4,5,9
60101,TARIJA,desnutricion global,desnutricion moderada (m),2005-03-01,40,18,21,31,61,49,110
10202,TARVITA,desnutricion global,desnutricion moderada (m),2005-03-01,14,20,28,51,42,71,113
20608,TEOPONTE,desnutricion global,desnutricion moderada (m),2005-03-01,3,7,2,2,5,9,14
20803,TIAWANACU,desnutricion global,desnutricion moderada (m),2005-03-01,4,1,0,1,4,2,6
50102,TINGUIPAYA,desnutricion global,desnutricion moderada (m),2005-03-01,32,27,16,19,48,46,94
20606,TIPUANI,desnutricion global,desnutricion moderada (m),2005-03-01,1,1,3,1,4,2,6
30903,TIQUIPAYA,desnutricion global,desnutricion moderada (m),2005-03-01,7,5,3,7,10,12,22
31601,TIRAQUE (CBBA),desnutricion global,desnutricion moderada (m),2005-03-01,23,29,12,23,35,52,87
21703,TITO YUPANQUI (PARQUIPUJIO),desnutricion global,desnutricion moderada (m),2005-03-01,0,1,0,0,0,1,1
30802,TOCO,desnutricion global,desnutricion moderada (m),2005-03-01,1,0,4,3,5,3,8
30803,TOLATA,desnutricion global,desnutricion moderada (m),2005-03-01,1,0,0,1,1,1,2
41001,TOLEDO,desnutricion global,desnutricion moderada (m),2005-03-01,1,3,0,3,1,6,7
51202,TOMAVE,desnutricion global,desnutricion moderada (m),2005-03-01,8,2,8,8,16,10,26
10402,TOMINA,desnutricion global,desnutricion moderada (m),2005-03-01,9,13,16,26,25,39,64
50502,TORO TORO,desnutricion global,desnutricion moderada (m),2005-03-01,10,4,5,7,15,11,26
31201,TOTORA(CBBA),desnutricion global,desnutricion moderada (m),2005-03-01,5,4,0,8,5,12,17
41301,TOTORA(ORR),desnutricion global,desnutricion moderada (m),2005-03-01,1,6,1,2,2,8,10
80101,TRINIDAD,desnutricion global,desnutricion moderada (m),2005-03-01,30,22,7,14,37,36,73
50801,TUPIZA,desnutricion global,desnutricion moderada (m),2005-03-01,16,16,8,18,24,34,58
40402,TURCO,desnutricion global,desnutricion moderada (m),2005-03-01,2,3,0,0,2,3,5
21302,UMALA,desnutricion global,desnutricion moderada (m),2005-03-01,2,2,4,1,6,3,9
50201,UNCIA,desnutricion global,desnutricion moderada (m),2005-03-01,6,8,10,6,16,14,30
60401,URIONDO (A. CONCEPCION),desnutricion global,desnutricion moderada (m),2005-03-01,2,2,6,6,8,8,16
51201,UYUNI,desnutricion global,desnutricion moderada (m),2005-03-01,9,12,8,8,17,20,37
30502,VACAS,desnutricion global,desnutricion moderada (m),2005-03-01,6,4,7,1,13,5,18
70801,VALLEGRANDE,desnutricion global,desnutricion moderada (m),2005-03-01,4,2,9,4,13,6,19
20801,VIACHA,desnutricion global,desnutricion moderada (m),2005-03-01,20,28,16,22,36,50,86
31302,VILA VILA,desnutricion global,desnutricion moderada (m),2005-03-01,3,6,1,1,4,7,11
60303,VILLA MONTES,desnutricion global,desnutricion moderada (m),2005-03-01,10,13,10,5,20,18,38
31402,VILLA RIVERO,desnutricion global,desnutricion moderada (m),2005-03-01,3,4,2,3,5,7,12
10801,VILLA SERRANO,desnutricion global,desnutricion moderada (m),2005-03-01,11,13,15,19,26,32,58
31003,VILLA TUNARI,desnutricion global,desnutricion moderada (m),2005-03-01,48,44,39,27,87,71,158
11001,VILLA VACA GUZMAN (MUYUPAMPA),desnutricion global,desnutricion moderada (m),2005-03-01,2,3,5,12,7,15,22
51501,VILLAZON,desnutricion global,desnutricion moderada (m),2005-03-01,14,21,5,9,19,30,49
30904,VINTO,desnutricion global,desnutricion moderada (m),2005-03-01,2,0,5,0,7,0,7
50602,VITICHI,desnutricion global,desnutricion moderada (m),2005-03-01,9,8,12,8,21,16,37
20306,WALDO BALLIVIAN,desnutricion global,desnutricion moderada (m),2005-03-01,2,2,0,0,2,2,4
70201,WARNES,desnutricion global,desnutricion moderada (m),2005-03-01,9,10,9,7,18,17,35
20903,YACO,desnutricion global,desnutricion moderada (m),2005-03-01,7,8,5,6,12,14,26
60301,YACUIBA,desnutricion global,desnutricion moderada (m),2005-03-01,14,12,8,9,22,21,43
10602,YAMPARAEZ,desnutricion global,desnutricion moderada (m),2005-03-01,19,16,15,18,34,34,68
21103,YANACACHI,desnutricion global,desnutricion moderada (m),2005-03-01,0,2,0,2,0,4,4
70403,YAPACANI,desnutricion global,desnutricion moderada (m),2005-03-01,16,21,15,16,31,37,68
50103,YOCALLA,desnutricion global,desnutricion moderada (m),2005-03-01,0,4,0,1,0,5,5
10102,YOTALA,desnutricion global,desnutricion moderada (m),2005-03-01,4,5,6,18,10,23,33
60402,YUNCHARA,desnutricion global,desnutricion moderada (m),2005-03-01,5,1,4,6,9,7,16
10301,ZUDAÑEZ,desnutricion global,desnutricion moderada (m),2005-03-01,15,11,12,26,27,37,64
51302,ACACIO,desnutricion global,desnutricion moderada (m),2005-04-01,10,8,8,11,18,19,37
20201,ACHACACHI,desnutricion global,desnutricion moderada (m),2005-04-01,5,6,6,2,11,8,19
20104,ACHOCALLA,desnutricion global,desnutricion moderada (m),2005-04-01,8,5,3,5,11,10,21
30201,AIQUILE,desnutricion global,desnutricion moderada (m),2005-04-01,14,9,4,3,18,12,30
31303,ALALAY,desnutricion global,desnutricion moderada (m),2005-04-01,1,6,2,2,3,8,11
10404,ALCALA,desnutricion global,desnutricion moderada (m),2005-04-01,3,3,2,3,5,6,11
20202,ANCORAIMES,desnutricion global,desnutricion moderada (m),2005-04-01,7,0,1,2,8,2,10
41201,ANDAMARCA,desnutricion global,desnutricion moderada (m),2005-04-01,1,0,1,0,2,0,2
40603,ANTEQUERA,desnutricion global,desnutricion moderada (m),2005-04-01,0,2,0,0,0,2,2
30402,ANZALDO,desnutricion global,desnutricion moderada (m),2005-04-01,3,3,2,2,5,5,10
20701,APOLO,desnutricion global,desnutricion moderada (m),2005-04-01,8,6,13,19,21,25,46
51301,ARAMPAMPA,desnutricion global,desnutricion moderada (m),2005-04-01,2,12,3,6,5,18,23
30501,ARANI,desnutricion global,desnutricion moderada (m),2005-04-01,5,15,4,5,9,20,29
30403,ARBIETO,desnutricion global,desnutricion moderada (m),2005-04-01,3,1,5,2,8,3,11
30601,ARQUE,desnutricion global,desnutricion moderada (m),2005-04-01,19,19,7,15,26,34,60
50802,ATOCHA,desnutricion global,desnutricion moderada (m),2005-04-01,9,5,4,12,13,17,30
20503,AUCAPATA,desnutricion global,desnutricion moderada (m),2005-04-01,1,2,2,0,3,2,5
20502,AYATA,desnutricion global,desnutricion moderada (m),2005-04-01,6,1,3,2,9,3,12
21303,AYO AYO,desnutricion global,desnutricion moderada (m),2005-04-01,5,1,2,3,7,4,11
30301,AYOPAYA (V. DE INDEPENDENCIA),desnutricion global,desnutricion moderada (m),2005-04-01,31,24,13,19,44,43,87
10201,AZURDUY,desnutricion global,desnutricion moderada (m),2005-04-01,8,13,14,13,22,26,48
21203,BATALLAS,desnutricion global,desnutricion moderada (m),2005-04-01,0,2,0,2,0,4,4
80802,BAURES,desnutricion global,desnutricion moderada (m),2005-04-01,2,0,2,0,4,0,4
41202,BELEN DE ANDAMARCA,desnutricion global,desnutricion moderada (m),2005-04-01,1,0,0,1,1,1,2
50104,BELEN DE URMIRI,desnutricion global,desnutricion moderada (m),2005-04-01,0,0,1,2,1,2,3
90104,BELLA FLOR,desnutricion global,desnutricion moderada (m),2005-04-01,0,1,0,0,0,1,1
50301,BETANZOS,desnutricion global,desnutricion moderada (m),2005-04-01,35,27,28,29,63,56,119
31501,BOLIVAR,desnutricion global,desnutricion moderada (m),2005-04-01,12,11,9,5,21,16,37
70707,BOYUIBE,desnutricion global,desnutricion moderada (m),2005-04-01,0,0,2,2,2,2,4
70401,BUENA VISTA,desnutricion global,desnutricion moderada (m),2005-04-01,2,0,2,3,4,3,7
70703,CABEZAS,desnutricion global,desnutricion moderada (m),2005-04-01,5,2,2,2,7,4,11
20905,CAIROMA,desnutricion global,desnutricion moderada (m),2005-04-01,20,18,12,18,32,36,68
51102,"CAIZA ""D""",desnutricion global,desnutricion moderada (m),2005-04-01,5,3,6,3,11,6,17
21003,CAJUATA,desnutricion global,desnutricion moderada (m),2005-04-01,5,5,7,2,12,7,19
20303,CALACOTO,desnutricion global,desnutricion moderada (m),2005-04-01,1,1,1,2,2,3,5
21304,CALAMARCA,desnutricion global,desnutricion moderada (m),2005-04-01,18,14,12,18,30,32,62
10701,CAMARGO,desnutricion global,desnutricion moderada (m),2005-04-01,11,11,11,16,22,27,49
10901,CAMATAQUI (C. VILLA ABECIA),desnutricion global,desnutricion moderada (m),2005-04-01,3,0,0,3,3,3,6
70706,CAMIRI,desnutricion global,desnutricion moderada (m),2005-04-01,15,13,6,6,21,19,40
30701,CAPINOTA,desnutricion global,desnutricion moderada (m),2005-04-01,9,10,2,3,11,13,24
20302,CAQUIAVIRI,desnutricion global,desnutricion moderada (m),2005-04-01,5,0,0,0,5,0,5
40102,CARACOLLO,desnutricion global,desnutricion moderada (m),2005-04-01,2,8,2,4,4,12,16
22001,CARANAVI,desnutricion global,desnutricion moderada (m),2005-04-01,20,14,8,13,28,27,55
60302,CARAPARI,desnutricion global,desnutricion moderada (m),2005-04-01,0,3,1,1,1,4,5
50702,CARIPUYO,desnutricion global,desnutricion moderada (m),2005-04-01,15,16,17,34,32,50,82
21803,CHACARILLA,desnutricion global,desnutricion moderada (m),2005-04-01,0,0,0,1,0,1,1
40201,CHALLAPATA,desnutricion global,desnutricion moderada (m),2005-04-01,16,18,6,13,22,31,53
50302,CHAQUI,desnutricion global,desnutricion moderada (m),2005-04-01,5,6,6,5,11,11,22
70702,CHARAGUA,desnutricion global,desnutricion moderada (m),2005-04-01,8,11,6,6,14,17,31
50202,CHAYANTA,desnutricion global,desnutricion moderada (m),2005-04-01,26,7,5,24,31,31,62
31204,CHIMORE,desnutricion global,desnutricion moderada (m),2005-04-01,4,1,3,4,7,5,12
40903,CHIPAYA,desnutricion global,desnutricion moderada (m),2005-04-01,1,0,0,0,1,0,1
21101,CHULUMANI (V. DE LA LIBERTAD),desnutricion global,desnutricion moderada (m),2005-04-01,1,3,2,1,3,4,7
20501,CHUMA,desnutricion global,desnutricion moderada (m),2005-04-01,4,7,5,5,9,12,21
30801,CLIZA,desnutricion global,desnutricion moderada (m),2005-04-01,18,8,3,4,21,12,33
90101,COBIJA,desnutricion global,desnutricion moderada (m),2005-04-01,7,3,12,6,19,9,28
30101,COCHABAMBA,desnutricion global,desnutricion moderada (m),2005-04-01,86,69,41,36,127,105,232
30905,COLCAPIRHUA,desnutricion global,desnutricion moderada (m),2005-04-01,9,5,7,4,16,9,25
50901,"COLCHA ""K""",desnutricion global,desnutricion moderada (m),2005-04-01,4,2,1,5,5,7,12
31002,COLOMI,desnutricion global,desnutricion moderada (m),2005-04-01,12,13,16,10,28,23,51
70603,COLPA BELGICA,desnutricion global,desnutricion moderada (m),2005-04-01,1,0,0,2,1,2,3
50401,COLQUECHACA,desnutricion global,desnutricion moderada (m),2005-04-01,28,26,19,23,47,49,96
21306,COLQUENCHA,desnutricion global,desnutricion moderada (m),2005-04-01,0,0,1,0,1,0,1
21004,COLQUIRI,desnutricion global,desnutricion moderada (m),2005-04-01,17,9,6,11,23,20,43
20304,COMANCHE,desnutricion global,desnutricion moderada (m),2005-04-01,0,0,1,1,1,1,2
71301,COMARAPA,desnutricion global,desnutricion moderada (m),2005-04-01,9,6,2,5,11,11,22
20605,COMBAYA,desnutricion global,desnutricion moderada (m),2005-04-01,1,0,2,2,3,2,5
71101,CONCEPCION,desnutricion global,desnutricion moderada (m),2005-04-01,1,0,1,0,2,0,2
21701,COPACABANA,desnutricion global,desnutricion moderada (m),2005-04-01,1,1,1,0,2,1,3
21402,CORIPATA,desnutricion global,desnutricion moderada (m),2005-04-01,3,2,2,0,5,2,7
20301,CORO CORO,desnutricion global,desnutricion moderada (m),2005-04-01,2,3,3,8,5,11,16
21401,COROICO,desnutricion global,desnutricion moderada (m),2005-04-01,5,3,3,2,8,5,13
40301,CORQUE,desnutricion global,desnutricion moderada (m),2005-04-01,7,5,4,1,11,6,17
50601,COTAGAITA,desnutricion global,desnutricion moderada (m),2005-04-01,12,8,8,10,20,18,38
70102,COTOCA,desnutricion global,desnutricion moderada (m),2005-04-01,5,4,3,8,8,12,20
71106,CUATRO CAÑADAS,desnutricion global,desnutricion moderada (m),2005-04-01,1,1,1,0,2,1,3
70704,CUEVO,desnutricion global,desnutricion moderada (m),2005-04-01,2,0,1,2,3,2,5
10902,CULPINA,desnutricion global,desnutricion moderada (m),2005-04-01,22,18,19,22,41,40,81
40401,CURAHUARA DE CARANGAS,desnutricion global,desnutricion moderada (m),2005-04-01,0,0,7,0,7,0,7
21602,CURVA,desnutricion global,desnutricion moderada (m),2005-04-01,3,0,4,2,7,2,9
20804,DESAGUADERO,desnutricion global,desnutricion moderada (m),2005-04-01,4,5,1,0,5,5,10
20105,EL ALTO,desnutricion global,desnutricion moderada (m),2005-04-01,232,181,106,121,338,302,640
40103,EL CHORO,desnutricion global,desnutricion moderada (m),2005-04-01,0,1,0,2,0,3,3
60502,EL PUENTE(TJA),desnutricion global,desnutricion moderada (m),2005-04-01,7,4,2,3,9,7,16
70105,EL TORNO,desnutricion global,desnutricion moderada (m),2005-04-01,5,1,4,7,9,8,17
10405,EL VILLAR,desnutricion global,desnutricion moderada (m),2005-04-01,2,7,0,13,2,20,22
60601,ENTRE RIOS,desnutricion global,desnutricion moderada (m),2005-04-01,20,11,4,3,24,14,38
60601,ENTRE RIOS,desnutricion global,desnutricion moderada (m),2005-04-01,3,0,1,3,4,3,7
41101,EUCALIPTUS,desnutricion global,desnutricion moderada (m),2005-04-01,0,2,1,1,1,3,4
80402,EXALTACION,desnutricion global,desnutricion moderada (m),2005-04-01,0,1,1,4,1,5,6
71004,FERNANDEZ ALONSO,desnutricion global,desnutricion moderada (m),2005-04-01,4,5,2,6,6,11,17
90203,FILADELFIA,desnutricion global,desnutricion moderada (m),2005-04-01,1,0,0,0,1,0,1
71002,GENERAL SAAVEDRA,desnutricion global,desnutricion moderada (m),2005-04-01,10,0,7,0,17,0,17
21601,GRAL. J.J. PEREZ (CHARAZANI),desnutricion global,desnutricion moderada (m),2005-04-01,3,6,2,7,5,13,18
20602,GUANAY,desnutricion global,desnutricion moderada (m),2005-04-01,4,5,3,0,7,5,12
20802,GUAQUI,desnutricion global,desnutricion moderada (m),2005-04-01,3,0,1,1,4,1,5
80202,GUAYARAMERIN,desnutricion global,desnutricion moderada (m),2005-04-01,3,1,0,0,3,1,4
70705,GUTIERREZ,desnutricion global,desnutricion moderada (m),2005-04-01,17,21,10,18,27,39,66
10502,HUACARETA,desnutricion global,desnutricion moderada (m),2005-04-01,1,5,2,6,3,11,14
11002,HUACAYA (VILLA DE HUACAYA),desnutricion global,desnutricion moderada (m),2005-04-01,2,0,1,0,3,0,3
40501,HUACHACALLA,desnutricion global,desnutricion moderada (m),2005-04-01,1,0,0,0,1,0,1
40701,HUANUNI,desnutricion global,desnutricion moderada (m),2005-04-01,10,8,1,3,11,11,22
80803,HUARACAJE,desnutricion global,desnutricion moderada (m),2005-04-01,1,0,0,0,1,0,1
41601,HUAYLLAMARCA,desnutricion global,desnutricion moderada (m),2005-04-01,0,1,0,0,0,1,1
21005,ICHOCA,desnutricion global,desnutricion moderada (m),2005-04-01,3,1,0,0,3,1,4
10304,ICLA,desnutricion global,desnutricion moderada (m),2005-04-01,33,24,35,45,68,69,137
10703,INCAHUASI,desnutricion global,desnutricion moderada (m),2005-04-01,24,35,7,19,31,54,85
90402,INGAVI (HUMAITA),desnutricion global,desnutricion moderada (m),2005-04-01,8,0,8,0,16,0,16
21001,INQUISIVI,desnutricion global,desnutricion moderada (m),2005-04-01,20,13,9,8,29,21,50
21102,IRUPANA (VILLA DE LANZA),desnutricion global,desnutricion moderada (m),2005-04-01,7,2,3,2,10,4,14
21501,IXIAMAS,desnutricion global,desnutricion moderada (m),2005-04-01,2,3,2,5,4,8,12
20806,JESUS DE MACHACA,desnutricion global,desnutricion moderada (m),2005-04-01,1,4,2,4,3,8,11
21105,LA ASUNTA,desnutricion global,desnutricion moderada (m),2005-04-01,7,5,2,1,9,6,15
70104,LA GUARDIA,desnutricion global,desnutricion moderada (m),2005-04-01,8,6,2,2,10,8,18
20101,LA PAZ,desnutricion global,desnutricion moderada (m),2005-04-01,188,142,61,82,249,224,473
70701,LAGUNILLAS,desnutricion global,desnutricion moderada (m),2005-04-01,5,4,7,6,12,10,22
21202,LAJA,desnutricion global,desnutricion moderada (m),2005-04-01,4,2,2,5,6,7,13
10903,LAS CARRERAS,desnutricion global,desnutricion moderada (m),2005-04-01,2,0,1,3,3,3,6
50203,LLALLAGUA,desnutricion global,desnutricion moderada (m),2005-04-01,37,24,16,27,53,51,104
51401,LLICA,desnutricion global,desnutricion moderada (m),2005-04-01,1,0,1,1,2,1,3
20901,LURIBAY,desnutricion global,desnutricion moderada (m),2005-04-01,4,4,1,6,5,10,15
40702,MACHACAMARCA,desnutricion global,desnutricion moderada (m),2005-04-01,2,3,0,1,2,4,6
11003,MACHARETI,desnutricion global,desnutricion moderada (m),2005-04-01,5,0,7,2,12,2,14
80801,MAGDALENA,desnutricion global,desnutricion moderada (m),2005-04-01,6,1,0,3,6,4,10
70903,MAIRANA,desnutricion global,desnutricion moderada (m),2005-04-01,2,0,1,0,3,0,3
20904,MALLA,desnutricion global,desnutricion moderada (m),2005-04-01,2,1,0,2,2,3,5
20607,MAPIRI,desnutricion global,desnutricion moderada (m),2005-04-01,9,10,4,6,13,16,29
20103,MECAPACA,desnutricion global,desnutricion moderada (m),2005-04-01,2,0,0,0,2,0,2
71003,MINEROS,desnutricion global,desnutricion moderada (m),2005-04-01,18,6,4,4,22,10,32
31301,MIZQUE,desnutricion global,desnutricion moderada (m),2005-04-01,27,26,16,22,43,48,91
20402,MOCOMOCO,desnutricion global,desnutricion moderada (m),2005-04-01,5,2,1,2,6,4,10
51002,MOJINETE,desnutricion global,desnutricion moderada (m),2005-04-01,1,0,0,1,1,1,2
10303,MOJOCOYA,desnutricion global,desnutricion moderada (m),2005-04-01,8,10,10,7,18,17,35
10501,MONTEAGUDO,desnutricion global,desnutricion moderada (m),2005-04-01,10,7,12,22,22,29,51
71001,MONTERO,desnutricion global,desnutricion moderada (m),2005-04-01,42,16,22,16,64,32,96
70803,MORO MORO,desnutricion global,desnutricion moderada (m),2005-04-01,0,2,2,3,2,5,7
30302,MOROCHATA,desnutricion global,desnutricion moderada (m),2005-04-01,18,24,24,10,42,34,76
90401,NACEBE (SANTA ROSA DEL ABUNA),desnutricion global,desnutricion moderada (m),2005-04-01,0,0,0,1,0,1,1
50404,OCURI,desnutricion global,desnutricion moderada (m),2005-04-01,31,20,18,17,49,37,86
30203,OMEREQUE,desnutricion global,desnutricion moderada (m),2005-04-01,2,3,0,5,2,8,10
40101,ORURO,desnutricion global,desnutricion moderada (m),2005-04-01,66,53,34,35,100,88,188
60201,PADCAYA,desnutricion global,desnutricion moderada (m),2005-04-01,1,2,0,1,1,3,4
10401,PADILLA,desnutricion global,desnutricion moderada (m),2005-04-01,7,9,10,14,17,23,40
70502,PAILON,desnutricion global,desnutricion moderada (m),2005-04-01,0,4,8,0,8,4,12
20102,PALCA,desnutricion global,desnutricion moderada (m),2005-04-01,6,2,0,4,6,6,12
21104,PALOS BLANCOS,desnutricion global,desnutricion moderada (m),2005-04-01,12,16,12,13,24,29,53
40802,PAMPA AULLAGAS,desnutricion global,desnutricion moderada (m),2005-04-01,0,2,3,1,3,3,6
70902,PAMPA GRANDE,desnutricion global,desnutricion moderada (m),2005-04-01,1,2,1,0,2,2,4
21802,PAPEL PAMPA,desnutricion global,desnutricion moderada (m),2005-04-01,0,2,0,3,0,5,5
30202,PASORAPA,desnutricion global,desnutricion moderada (m),2005-04-01,16,15,12,1,28,16,44
21305,PATACAMAYA,desnutricion global,desnutricion moderada (m),2005-04-01,9,14,19,29,28,43,71
40602,PAZÑA,desnutricion global,desnutricion moderada (m),2005-04-01,0,4,2,3,2,7,9
20702,PELECHUCO,desnutricion global,desnutricion moderada (m),2005-04-01,5,3,2,0,7,3,10
50403,POCOATA,desnutricion global,desnutricion moderada (m),2005-04-01,20,26,10,20,30,46,76
31203,POCONA,desnutricion global,desnutricion moderada (m),2005-04-01,5,9,14,11,19,20,39
31202,POJO (CBBA),desnutricion global,desnutricion moderada (m),2005-04-01,5,13,6,8,11,21,32
51203,PORCO,desnutricion global,desnutricion moderada (m),2005-04-01,5,5,1,0,6,5,11
10103,POROMA,desnutricion global,desnutricion moderada (m),2005-04-01,18,14,11,12,29,26,55
70103,PORONGO,desnutricion global,desnutricion moderada (m),2005-04-01,0,0,1,0,1,0,1
70601,PORTACHUELO,desnutricion global,desnutricion moderada (m),2005-04-01,2,2,2,3,4,5,9
90102,PORVENIR,desnutricion global,desnutricion moderada (m),2005-04-01,1,0,0,0,1,0,1
70804,POSTRER VALLE,desnutricion global,desnutricion moderada (m),2005-04-01,1,0,0,3,1,3,4
50101,POTOSI,desnutricion global,desnutricion moderada (m),2005-04-01,51,48,22,23,73,71,144
10302,PRESTO,desnutricion global,desnutricion moderada (m),2005-04-01,15,19,9,8,24,27,51
70805,PUCARA,desnutricion global,desnutricion moderada (m),2005-04-01,0,0,0,2,0,2,2
21201,PUCARANI,desnutricion global,desnutricion moderada (m),2005-04-01,13,1,0,1,13,2,15
20401,PUERTO ACOSTA,desnutricion global,desnutricion moderada (m),2005-04-01,1,2,7,6,8,8,16
20403,PUERTO CARABUCO,desnutricion global,desnutricion moderada (m),2005-04-01,1,0,4,8,5,8,13
90301,PUERTO GONZALO MORENO,desnutricion global,desnutricion moderada (m),2005-04-01,7,8,7,5,14,13,27
21204,PUERTO PEREZ,desnutricion global,desnutricion moderada (m),2005-04-01,5,0,3,1,8,1,9
90201,PUERTO RICO,desnutricion global,desnutricion moderada (m),2005-04-01,2,2,1,5,3,7,10
31205,PUERTO VILLARROEL,desnutricion global,desnutricion moderada (m),2005-04-01,31,32,20,40,51,72,123
51101,PUNA,desnutricion global,desnutricion moderada (m),2005-04-01,21,28,10,20,31,48,79
31401,PUNATA,desnutricion global,desnutricion moderada (m),2005-04-01,14,8,2,5,16,13,29
20604,QUIABAYA,desnutricion global,desnutricion moderada (m),2005-04-01,2,1,0,0,2,1,3
30901,QUILLACOLLO,desnutricion global,desnutricion moderada (m),2005-04-01,28,19,11,18,39,37,76
21002,QUIME,desnutricion global,desnutricion moderada (m),2005-04-01,8,5,3,9,11,14,25
70904,QUIRUSILLAS,desnutricion global,desnutricion moderada (m),2005-04-01,1,5,0,0,1,5,6
50402,RAVELO,desnutricion global,desnutricion moderada (m),2005-04-01,81,54,45,46,126,100,226
80301,REYES,desnutricion global,desnutricion moderada (m),2005-04-01,4,5,10,11,14,16,30
80201,RIBERALTA,desnutricion global,desnutricion moderada (m),2005-04-01,57,74,33,35,90,109,199
70503,ROBORE,desnutricion global,desnutricion moderada (m),2005-04-01,5,3,0,3,5,6,11
80304,RURRENABAQUE,desnutricion global,desnutricion moderada (m),2005-04-01,2,0,0,0,2,0,2
40901,SABAYA,desnutricion global,desnutricion moderada (m),2005-04-01,2,1,0,1,2,2,4
31001,SACABA,desnutricion global,desnutricion moderada (m),2005-04-01,17,15,19,29,36,44,80
30404,SACABAMBA,desnutricion global,desnutricion moderada (m),2005-04-01,4,1,3,6,7,7,14
50701,SACACA,desnutricion global,desnutricion moderada (m),2005-04-01,37,40,57,47,94,87,181
71302,SAIPINA,desnutricion global,desnutricion moderada (m),2005-04-01,4,0,1,2,5,2,7
40801,SALINAS DE GARCI MENDOZA,desnutricion global,desnutricion moderada (m),2005-04-01,2,4,1,2,3,6,9
70901,SAMAIPATA,desnutricion global,desnutricion moderada (m),2005-04-01,8,0,3,0,11,0,11
51601,SAN AGUSTIN,desnutricion global,desnutricion moderada (m),2005-04-01,0,1,1,4,1,5,6
80602,SAN ANDRES,desnutricion global,desnutricion moderada (m),2005-04-01,0,2,2,1,2,3,5
51003,SAN ANTONIO DE ESMORUCO,desnutricion global,desnutricion moderada (m),2005-04-01,0,0,1,0,1,0,1
71105,SAN ANTONIO DE LOMERIO,desnutricion global,desnutricion moderada (m),2005-04-01,19,11,15,19,34,30,64
31403,SAN BENITO,desnutricion global,desnutricion moderada (m),2005-04-01,3,1,0,0,3,1,4
80302,SAN BORJA,desnutricion global,desnutricion moderada (m),2005-04-01,16,15,8,10,24,25,49
21502,SAN BUENA VENTURA,desnutricion global,desnutricion moderada (m),2005-04-01,6,2,4,3,10,5,15
70402,SAN CARLOS,desnutricion global,desnutricion moderada (m),2005-04-01,2,4,0,0,2,4,6
80501,SAN IGNACIO,desnutricion global,desnutricion moderada (m),2005-04-01,9,17,22,27,31,44,75
70301,SAN IGNACIO DE VELASCO,desnutricion global,desnutricion moderada (m),2005-04-01,26,35,16,42,42,77,119
80102,SAN JAVIER(BNI),desnutricion global,desnutricion moderada (m),2005-04-01,0,0,0,1,0,1,1
71102,SAN JAVIER(STC),desnutricion global,desnutricion moderada (m),2005-04-01,1,0,1,0,2,0,2
80701,SAN JOAQUIN,desnutricion global,desnutricion moderada (m),2005-04-01,0,0,1,1,1,1,2
70501,SAN JOSE DE CHIQUITOS,desnutricion global,desnutricion moderada (m),2005-04-01,6,5,7,5,13,10,23
70404,SAN JUAN DE YAPACANI,desnutricion global,desnutricion moderada (m),2005-04-01,0,1,0,0,0,1,1
71104,SAN JULIAN,desnutricion global,desnutricion moderada (m),2005-04-01,17,6,11,7,28,13,41
90302,SAN LORENZO(PND),desnutricion global,desnutricion moderada (m),2005-04-01,1,0,3,3,4,3,7
60501,SAN LORENZO(TJA),desnutricion global,desnutricion moderada (m),2005-04-01,11,10,7,13,18,23,41
10702,SAN LUCAS,desnutricion global,desnutricion moderada (m),2005-04-01,60,74,54,72,114,146,260
70302,SAN MIGUEL DE VELASCO,desnutricion global,desnutricion moderada (m),2005-04-01,4,7,6,5,10,12,22
51001,SAN PABLO DE LIPEZ,desnutricion global,desnutricion moderada (m),2005-04-01,5,2,0,1,5,3,8
71005,SAN PEDRO,desnutricion global,desnutricion moderada (m),2005-04-01,4,5,4,0,8,5,13
50501,SAN PEDRO DE BUENA VISTA,desnutricion global,desnutricion moderada (m),2005-04-01,33,35,29,52,62,87,149
21801,SAN PEDRO DE CURAHUARA,desnutricion global,desnutricion moderada (m),2005-04-01,3,6,1,3,4,9,13
50902,SAN PEDRO DE QUEMES,desnutricion global,desnutricion moderada (m),2005-04-01,0,0,1,0,1,0,1
21702,SAN PEDRO DE TIQUINA,desnutricion global,desnutricion moderada (m),2005-04-01,2,2,0,0,2,2,4
90202,SAN PEDRO(PND),desnutricion global,desnutricion moderada (m),2005-04-01,1,0,1,1,2,1,3
70303,SAN RAFAEL,desnutricion global,desnutricion moderada (m),2005-04-01,7,2,1,4,8,6,14
80702,SAN RAMON,desnutricion global,desnutricion moderada (m),2005-04-01,4,2,2,1,6,3,9
80401,SANTA ANA,desnutricion global,desnutricion moderada (m),2005-04-01,3,6,4,3,7,9,16
70101,SANTA CRUZ DE LA SIERRA,desnutricion global,desnutricion moderada (m),2005-04-01,306,239,90,134,396,373,769
80303,SANTA ROSA,desnutricion global,desnutricion moderada (m),2005-04-01,2,3,2,3,4,6,10
70602,SANTA ROSA DEL SARA,desnutricion global,desnutricion moderada (m),2005-04-01,5,3,2,4,7,7,14
20308,SANTIAGO DE CALLAPA,desnutricion global,desnutricion moderada (m),2005-04-01,3,2,2,3,5,5,10
41401,SANTIAGO DE HUARI,desnutricion global,desnutricion moderada (m),2005-04-01,6,1,1,4,7,5,12
21901,SANTIAGO DE MACHACA,desnutricion global,desnutricion moderada (m),2005-04-01,1,0,1,1,2,1,3
30702,SANTIVAÑES,desnutricion global,desnutricion moderada (m),2005-04-01,1,1,3,1,4,2,6
40202,SANTUARIO DE QUILLACAS,desnutricion global,desnutricion moderada (m),2005-04-01,3,1,0,0,3,1,4
20902,SAPAHAQUI,desnutricion global,desnutricion moderada (m),2005-04-01,3,7,10,11,13,18,31
90303,SENA,desnutricion global,desnutricion moderada (m),2005-04-01,1,2,0,2,1,4,5
21301,SICA SICA (VILLA AROMA),desnutricion global,desnutricion moderada (m),2005-04-01,11,15,7,9,18,24,42
30703,SICAYA,desnutricion global,desnutricion moderada (m),2005-04-01,2,1,1,0,3,1,4
30902,SIPE SIPE,desnutricion global,desnutricion moderada (m),2005-04-01,16,25,9,13,25,38,63
10403,SOPACHUY,desnutricion global,desnutricion moderada (m),2005-04-01,2,15,3,25,5,40,45
40104,SORACACHI,desnutricion global,desnutricion moderada (m),2005-04-01,4,1,3,1,7,2,9
20601,SORATA,desnutricion global,desnutricion moderada (m),2005-04-01,3,3,2,0,5,3,8
10101,SUCRE,desnutricion global,desnutricion moderada (m),2005-04-01,92,83,72,83,164,166,330
31404,TACACHI,desnutricion global,desnutricion moderada (m),2005-04-01,1,2,0,0,1,2,3
20603,TACACOMA,desnutricion global,desnutricion moderada (m),2005-04-01,2,3,2,1,4,4,8
50303,TACOBAMBA,desnutricion global,desnutricion moderada (m),2005-04-01,13,12,9,8,22,20,42
30602,TACOPAYA,desnutricion global,desnutricion moderada (m),2005-04-01,14,14,8,14,22,28,50
51402,TAHUA,desnutricion global,desnutricion moderada (m),2005-04-01,0,0,0,1,0,1,1
31101,TAPACARI,desnutricion global,desnutricion moderada (m),2005-04-01,30,22,16,17,46,39,85
10601,TARABUCO,desnutricion global,desnutricion moderada (m),2005-04-01,66,51,49,67,115,118,233
30401,TARATA,desnutricion global,desnutricion moderada (m),2005-04-01,5,12,6,5,11,17,28
60101,TARIJA,desnutricion global,desnutricion moderada (m),2005-04-01,28,22,14,22,42,44,86
10202,TARVITA,desnutricion global,desnutricion moderada (m),2005-04-01,2,2,0,0,2,2,4
20608,TEOPONTE,desnutricion global,desnutricion moderada (m),2005-04-01,3,2,3,1,6,3,9
20803,TIAWANACU,desnutricion global,desnutricion moderada (m),2005-04-01,0,2,2,1,2,3,5
50102,TINGUIPAYA,desnutricion global,desnutricion moderada (m),2005-04-01,16,17,17,16,33,33,66
20606,TIPUANI,desnutricion global,desnutricion moderada (m),2005-04-01,2,1,0,1,2,2,4
30903,TIQUIPAYA,desnutricion global,desnutricion moderada (m),2005-04-01,10,9,3,6,13,15,28
31601,TIRAQUE (CBBA),desnutricion global,desnutricion moderada (m),2005-04-01,21,20,9,13,30,33,63
21703,TITO YUPANQUI (PARQUIPUJIO),desnutricion global,desnutricion moderada (m),2005-04-01,1,0,0,0,1,0,1
30802,TOCO,desnutricion global,desnutricion moderada (m),2005-04-01,1,1,4,4,5,5,10
30803,TOLATA,desnutricion global,desnutricion moderada (m),2005-04-01,2,0,0,0,2,0,2
41001,TOLEDO,desnutricion global,desnutricion moderada (m),2005-04-01,6,3,2,0,8,3,11
51202,TOMAVE,desnutricion global,desnutricion moderada (m),2005-04-01,6,7,9,5,15,12,27
10402,TOMINA,desnutricion global,desnutricion moderada (m),2005-04-01,9,14,20,28,29,42,71
50502,TORO TORO,desnutricion global,desnutricion moderada (m),2005-04-01,13,7,6,12,19,19,38
31201,TOTORA(CBBA),desnutricion global,desnutricion moderada (m),2005-04-01,12,12,6,3,18,15,33
41301,TOTORA(ORR),desnutricion global,desnutricion moderada (m),2005-04-01,0,0,0,1,0,1,1
80101,TRINIDAD,desnutricion global,desnutricion moderada (m),2005-04-01,24,23,3,6,27,29,56
50801,TUPIZA,desnutricion global,desnutricion moderada (m),2005-04-01,16,11,13,17,29,28,57
40402,TURCO,desnutricion global,desnutricion moderada (m),2005-04-01,0,0,2,1,2,1,3
21302,UMALA,desnutricion global,desnutricion moderada (m),2005-04-01,2,1,1,2,3,3,6
50201,UNCIA,desnutricion global,desnutricion moderada (m),2005-04-01,13,10,6,8,19,18,37
60401,URIONDO (A. CONCEPCION),desnutricion global,desnutricion moderada (m),2005-04-01,8,2,4,5,12,7,19
51201,UYUNI,desnutricion global,desnutricion moderada (m),2005-04-01,12,7,8,9,20,16,36
30502,VACAS,desnutricion global,desnutricion moderada (m),2005-04-01,8,5,3,2,11,7,18
70801,VALLEGRANDE,desnutricion global,desnutricion moderada (m),2005-04-01,6,2,4,0,10,2,12
20801,VIACHA,desnutricion global,desnutricion moderada (m),2005-04-01,7,7,2,4,9,11,20
31302,VILA VILA,desnutricion global,desnutricion moderada (m),2005-04-01,6,6,3,3,9,9,18
60303,VILLA MONTES,desnutricion global,desnutricion moderada (m),2005-04-01,9,7,2,1,11,8,19
31402,VILLA RIVERO,desnutricion global,desnutricion moderada (m),2005-04-01,4,2,1,3,5,5,10
10801,VILLA SERRANO,desnutricion global,desnutricion moderada (m),2005-04-01,18,9,17,28,35,37,72
31003,VILLA TUNARI,desnutricion global,desnutricion moderada (m),2005-04-01,47,43,27,36,74,79,153
11001,VILLA VACA GUZMAN (MUYUPAMPA),desnutricion global,desnutricion moderada (m),2005-04-01,4,2,4,6,8,8,16
51501,VILLAZON,desnutricion global,desnutricion moderada (m),2005-04-01,15,14,6,16,21,30,51
30904,VINTO,desnutricion global,desnutricion moderada (m),2005-04-01,2,1,1,0,3,1,4
50602,VITICHI,desnutricion global,desnutricion moderada (m),2005-04-01,12,5,15,3,27,8,35
70201,WARNES,desnutricion global,desnutricion moderada (m),2005-04-01,8,12,7,14,15,26,41
20903,YACO,desnutricion global,desnutricion moderada (m),2005-04-01,1,1,4,5,5,6,11
60301,YACUIBA,desnutricion global,desnutricion moderada (m),2005-04-01,3,5,6,3,9,8,17
10602,YAMPARAEZ,desnutricion global,desnutricion moderada (m),2005-04-01,22,16,18,18,40,34,74
21103,YANACACHI,desnutricion global,desnutricion moderada (m),2005-04-01,0,0,1,0,1,0,1
70403,YAPACANI,desnutricion global,desnutricion moderada (m),2005-04-01,10,26,8,8,18,34,52
50103,YOCALLA,desnutricion global,desnutricion moderada (m),2005-04-01,0,1,0,1,0,2,2
10102,YOTALA,desnutricion global,desnutricion moderada (m),2005-04-01,6,11,5,17,11,28,39
60402,YUNCHARA,desnutricion global,desnutricion moderada (m),2005-04-01,5,6,12,9,17,15,32
10301,ZUDAÑEZ,desnutricion global,desnutricion moderada (m),2005-04-01,11,10,15,13,26,23,49
51302,ACACIO,desnutricion global,desnutricion moderada (m),2005-05-01,14,10,6,6,20,16,36
20201,ACHACACHI,desnutricion global,desnutricion moderada (m),2005-05-01,7,7,2,4,9,11,20
20104,ACHOCALLA,desnutricion global,desnutricion moderada (m),2005-05-01,1,1,1,2,2,3,5
30201,AIQUILE,desnutricion global,desnutricion moderada (m),2005-05-01,6,7,8,12,14,19,33
31303,ALALAY,desnutricion global,desnutricion moderada (m),2005-05-01,2,2,1,0,3,2,5
10404,ALCALA,desnutricion global,desnutricion moderada (m),2005-05-01,5,4,11,4,16,8,24
20202,ANCORAIMES,desnutricion global,desnutricion moderada (m),2005-05-01,6,3,2,6,8,9,17
41201,ANDAMARCA,desnutricion global,desnutricion moderada (m),2005-05-01,1,0,0,0,1,0,1
40603,ANTEQUERA,desnutricion global,desnutricion moderada (m),2005-05-01,3,4,5,1,8,5,13
30402,ANZALDO,desnutricion global,desnutricion moderada (m),2005-05-01,4,4,1,7,5,11,16
20701,APOLO,desnutricion global,desnutricion moderada (m),2005-05-01,8,11,10,8,18,19,37
51301,ARAMPAMPA,desnutricion global,desnutricion moderada (m),2005-05-01,0,2,0,0,0,2,2
30501,ARANI,desnutricion global,desnutricion moderada (m),2005-05-01,15,7,8,6,23,13,36
30403,ARBIETO,desnutricion global,desnutricion moderada (m),2005-05-01,1,5,0,1,1,6,7
30601,ARQUE,desnutricion global,desnutricion moderada (m),2005-05-01,16,10,5,11,21,21,42
50802,ATOCHA,desnutricion global,desnutricion moderada (m),2005-05-01,10,10,6,6,16,16,32
20503,AUCAPATA,desnutricion global,desnutricion moderada (m),2005-05-01,8,7,3,2,11,9,20
20502,AYATA,desnutricion global,desnutricion moderada (m),2005-05-01,5,5,4,2,9,7,16
21303,AYO AYO,desnutricion global,desnutricion moderada (m),2005-05-01,1,0,2,4,3,4,7
30301,AYOPAYA (V. DE INDEPENDENCIA),desnutricion global,desnutricion moderada (m),2005-05-01,19,18,11,8,30,26,56
10201,AZURDUY,desnutricion global,desnutricion moderada (m),2005-05-01,11,20,15,37,26,57,83
21203,BATALLAS,desnutricion global,desnutricion moderada (m),2005-05-01,3,2,1,0,4,2,6
80802,BAURES,desnutricion global,desnutricion moderada (m),2005-05-01,2,4,1,0,3,4,7
41202,BELEN DE ANDAMARCA,desnutricion global,desnutricion moderada (m),2005-05-01,0,0,1,0,1,0,1
90104,BELLA FLOR,desnutricion global,desnutricion moderada (m),2005-05-01,0,0,2,2,2,2,4
60202,BERMEJO,desnutricion global,desnutricion moderada (m),2005-05-01,1,4,1,3,2,7,9
50301,BETANZOS,desnutricion global,desnutricion moderada (m),2005-05-01,32,33,15,27,47,60,107
31501,BOLIVAR,desnutricion global,desnutricion moderada (m),2005-05-01,10,5,8,9,18,14,32
70707,BOYUIBE,desnutricion global,desnutricion moderada (m),2005-05-01,1,1,2,1,3,2,5
70401,BUENA VISTA,desnutricion global,desnutricion moderada (m),2005-05-01,0,1,0,2,0,3,3
70703,CABEZAS,desnutricion global,desnutricion moderada (m),2005-05-01,4,4,5,2,9,6,15
20905,CAIROMA,desnutricion global,desnutricion moderada (m),2005-05-01,19,17,19,18,38,35,73
51102,"CAIZA ""D""",desnutricion global,desnutricion moderada (m),2005-05-01,4,5,2,3,6,8,14
21003,CAJUATA,desnutricion global,desnutricion moderada (m),2005-05-01,1,1,6,4,7,5,12
20303,CALACOTO,desnutricion global,desnutricion moderada (m),2005-05-01,1,0,0,0,1,0,1
21304,CALAMARCA,desnutricion global,desnutricion moderada (m),2005-05-01,19,15,7,18,26,33,59
10701,CAMARGO,desnutricion global,desnutricion moderada (m),2005-05-01,11,11,10,18,21,29,50
10901,CAMATAQUI (C. VILLA ABECIA),desnutricion global,desnutricion moderada (m),2005-05-01,2,0,1,1,3,1,4
70706,CAMIRI,desnutricion global,desnutricion moderada (m),2005-05-01,7,7,5,5,12,12,24
30701,CAPINOTA,desnutricion global,desnutricion moderada (m),2005-05-01,11,8,7,4,18,12,30
20302,CAQUIAVIRI,desnutricion global,desnutricion moderada (m),2005-05-01,0,2,2,2,2,4,6
40102,CARACOLLO,desnutricion global,desnutricion moderada (m),2005-05-01,3,3,1,1,4,4,8
22001,CARANAVI,desnutricion global,desnutricion moderada (m),2005-05-01,16,24,15,5,31,29,60
60302,CARAPARI,desnutricion global,desnutricion moderada (m),2005-05-01,3,0,5,1,8,1,9
50702,CARIPUYO,desnutricion global,desnutricion moderada (m),2005-05-01,7,7,3,4,10,11,21
40201,CHALLAPATA,desnutricion global,desnutricion moderada (m),2005-05-01,14,11,9,12,23,23,46
50302,CHAQUI,desnutricion global,desnutricion moderada (m),2005-05-01,3,5,4,4,7,9,16
70702,CHARAGUA,desnutricion global,desnutricion moderada (m),2005-05-01,6,5,4,3,10,8,18
20305,CHARAÑA,desnutricion global,desnutricion moderada (m),2005-05-01,2,1,1,1,3,2,5
50202,CHAYANTA,desnutricion global,desnutricion moderada (m),2005-05-01,10,6,8,11,18,17,35
31204,CHIMORE,desnutricion global,desnutricion moderada (m),2005-05-01,1,5,9,2,10,7,17
40302,CHOQUE COTA,desnutricion global,desnutricion moderada (m),2005-05-01,1,0,0,0,1,0,1
21101,CHULUMANI (V. DE LA LIBERTAD),desnutricion global,desnutricion moderada (m),2005-05-01,2,2,0,0,2,2,4
20501,CHUMA,desnutricion global,desnutricion moderada (m),2005-05-01,5,8,8,4,13,12,25
30801,CLIZA,desnutricion global,desnutricion moderada (m),2005-05-01,10,6,4,7,14,13,27
90101,COBIJA,desnutricion global,desnutricion moderada (m),2005-05-01,5,3,3,3,8,6,14
30101,COCHABAMBA,desnutricion global,desnutricion moderada (m),2005-05-01,71,53,26,37,97,90,187
30905,COLCAPIRHUA,desnutricion global,desnutricion moderada (m),2005-05-01,5,3,2,5,7,8,15
50901,"COLCHA ""K""",desnutricion global,desnutricion moderada (m),2005-05-01,0,4,2,4,2,8,10
21307,COLLANA,desnutricion global,desnutricion moderada (m),2005-05-01,2,1,4,2,6,3,9
31002,COLOMI,desnutricion global,desnutricion moderada (m),2005-05-01,17,9,8,5,25,14,39
70603,COLPA BELGICA,desnutricion global,desnutricion moderada (m),2005-05-01,0,0,0,1,0,1,1
50401,COLQUECHACA,desnutricion global,desnutricion moderada (m),2005-05-01,23,16,15,21,38,37,75
21306,COLQUENCHA,desnutricion global,desnutricion moderada (m),2005-05-01,7,2,1,0,8,2,10
21004,COLQUIRI,desnutricion global,desnutricion moderada (m),2005-05-01,6,7,4,5,10,12,22
20304,COMANCHE,desnutricion global,desnutricion moderada (m),2005-05-01,4,0,2,0,6,0,6
71301,COMARAPA,desnutricion global,desnutricion moderada (m),2005-05-01,7,4,5,5,12,9,21
20605,COMBAYA,desnutricion global,desnutricion moderada (m),2005-05-01,0,1,0,2,0,3,3
21701,COPACABANA,desnutricion global,desnutricion moderada (m),2005-05-01,1,0,1,0,2,0,2
21402,CORIPATA,desnutricion global,desnutricion moderada (m),2005-05-01,1,8,0,0,1,8,9
20301,CORO CORO,desnutricion global,desnutricion moderada (m),2005-05-01,3,6,3,6,6,12,18
21401,COROICO,desnutricion global,desnutricion moderada (m),2005-05-01,1,2,8,10,9,12,21
40301,CORQUE,desnutricion global,desnutricion moderada (m),2005-05-01,5,5,0,3,5,8,13
50601,COTAGAITA,desnutricion global,desnutricion moderada (m),2005-05-01,17,13,17,19,34,32,66
70102,COTOCA,desnutricion global,desnutricion moderada (m),2005-05-01,2,3,1,0,3,3,6
31405,CUCHUMUELA (V. G. VILLARROEL),desnutricion global,desnutricion moderada (m),2005-05-01,1,0,0,0,1,0,1
70704,CUEVO,desnutricion global,desnutricion moderada (m),2005-05-01,0,0,0,1,0,1,1
10902,CULPINA,desnutricion global,desnutricion moderada (m),2005-05-01,35,23,19,32,54,55,109
40401,CURAHUARA DE CARANGAS,desnutricion global,desnutricion moderada (m),2005-05-01,2,0,0,1,2,1,3
21602,CURVA,desnutricion global,desnutricion moderada (m),2005-05-01,1,0,1,0,2,0,2
20804,DESAGUADERO,desnutricion global,desnutricion moderada (m),2005-05-01,3,1,0,0,3,1,4
20105,EL ALTO,desnutricion global,desnutricion moderada (m),2005-05-01,257,221,149,147,406,368,774
40103,EL CHORO,desnutricion global,desnutricion moderada (m),2005-05-01,0,0,1,0,1,0,1
71503,EL PUENTE(STC),desnutricion global,desnutricion moderada (m),2005-05-01,6,1,4,5,10,6,16
60502,EL PUENTE(TJA),desnutricion global,desnutricion moderada (m),2005-05-01,4,5,1,6,5,11,16
70105,EL TORNO,desnutricion global,desnutricion moderada (m),2005-05-01,2,6,1,3,3,9,12
10405,EL VILLAR,desnutricion global,desnutricion moderada (m),2005-05-01,2,3,2,13,4,16,20
60601,ENTRE RIOS,desnutricion global,desnutricion moderada (m),2005-05-01,5,6,7,8,12,14,26
60601,ENTRE RIOS,desnutricion global,desnutricion moderada (m),2005-05-01,7,1,1,2,8,3,11
41101,EUCALIPTUS,desnutricion global,desnutricion moderada (m),2005-05-01,1,1,2,1,3,2,5
80402,EXALTACION,desnutricion global,desnutricion moderada (m),2005-05-01,5,7,3,2,8,9,17
71004,FERNANDEZ ALONSO,desnutricion global,desnutricion moderada (m),2005-05-01,6,1,2,2,8,3,11
90203,FILADELFIA,desnutricion global,desnutricion moderada (m),2005-05-01,1,0,1,0,2,0,2
71002,GENERAL SAAVEDRA,desnutricion global,desnutricion moderada (m),2005-05-01,6,2,6,2,12,4,16
21601,GRAL. J.J. PEREZ (CHARAZANI),desnutricion global,desnutricion moderada (m),2005-05-01,2,2,3,5,5,7,12
20602,GUANAY,desnutricion global,desnutricion moderada (m),2005-05-01,6,5,5,2,11,7,18
20802,GUAQUI,desnutricion global,desnutricion moderada (m),2005-05-01,0,0,0,2,0,2,2
80202,GUAYARAMERIN,desnutricion global,desnutricion moderada (m),2005-05-01,8,5,7,3,15,8,23
70705,GUTIERREZ,desnutricion global,desnutricion moderada (m),2005-05-01,7,8,12,18,19,26,45
10502,HUACARETA,desnutricion global,desnutricion moderada (m),2005-05-01,1,3,2,6,3,9,12
11002,HUACAYA (VILLA DE HUACAYA),desnutricion global,desnutricion moderada (m),2005-05-01,1,2,4,1,5,3,8
40501,HUACHACALLA,desnutricion global,desnutricion moderada (m),2005-05-01,0,1,0,0,0,1,1
40701,HUANUNI,desnutricion global,desnutricion moderada (m),2005-05-01,11,5,2,7,13,12,25
80803,HUARACAJE,desnutricion global,desnutricion moderada (m),2005-05-01,3,0,3,0,6,0,6
41601,HUAYLLAMARCA,desnutricion global,desnutricion moderada (m),2005-05-01,0,1,0,0,0,1,1
21005,ICHOCA,desnutricion global,desnutricion moderada (m),2005-05-01,0,0,1,1,1,1,2
10304,ICLA,desnutricion global,desnutricion moderada (m),2005-05-01,23,22,30,29,53,51,104
10703,INCAHUASI,desnutricion global,desnutricion moderada (m),2005-05-01,27,57,19,38,46,95,141
21001,INQUISIVI,desnutricion global,desnutricion moderada (m),2005-05-01,9,9,3,3,12,12,24
21102,IRUPANA (VILLA DE LANZA),desnutricion global,desnutricion moderada (m),2005-05-01,3,4,8,8,11,12,23
21501,IXIAMAS,desnutricion global,desnutricion moderada (m),2005-05-01,4,7,4,4,8,11,19
20806,JESUS DE MACHACA,desnutricion global,desnutricion moderada (m),2005-05-01,1,3,1,2,2,5,7
21105,LA ASUNTA,desnutricion global,desnutricion moderada (m),2005-05-01,6,6,3,3,9,9,18
70104,LA GUARDIA,desnutricion global,desnutricion moderada (m),2005-05-01,4,6,0,0,4,6,10
20101,LA PAZ,desnutricion global,desnutricion moderada (m),2005-05-01,165,116,52,90,217,206,423
70701,LAGUNILLAS,desnutricion global,desnutricion moderada (m),2005-05-01,2,2,2,0,4,2,6
21202,LAJA,desnutricion global,desnutricion moderada (m),2005-05-01,5,2,4,1,9,3,12
10903,LAS CARRERAS,desnutricion global,desnutricion moderada (m),2005-05-01,0,3,0,4,0,7,7
50203,LLALLAGUA,desnutricion global,desnutricion moderada (m),2005-05-01,28,16,21,27,49,43,92
51401,LLICA,desnutricion global,desnutricion moderada (m),2005-05-01,1,1,0,2,1,3,4
80601,LORETO,desnutricion global,desnutricion moderada (m),2005-05-01,2,1,0,0,2,1,3
20901,LURIBAY,desnutricion global,desnutricion moderada (m),2005-05-01,2,8,2,4,4,12,16
40702,MACHACAMARCA,desnutricion global,desnutricion moderada (m),2005-05-01,3,2,0,2,3,4,7
11003,MACHARETI,desnutricion global,desnutricion moderada (m),2005-05-01,7,3,1,5,8,8,16
80801,MAGDALENA,desnutricion global,desnutricion moderada (m),2005-05-01,4,1,1,2,5,3,8
20904,MALLA,desnutricion global,desnutricion moderada (m),2005-05-01,1,2,1,3,2,5,7
20607,MAPIRI,desnutricion global,desnutricion moderada (m),2005-05-01,3,4,8,3,11,7,18
20103,MECAPACA,desnutricion global,desnutricion moderada (m),2005-05-01,4,2,1,1,5,3,8
71003,MINEROS,desnutricion global,desnutricion moderada (m),2005-05-01,8,6,3,2,11,8,19
31301,MIZQUE,desnutricion global,desnutricion moderada (m),2005-05-01,10,13,1,3,11,16,27
20402,MOCOMOCO,desnutricion global,desnutricion moderada (m),2005-05-01,11,3,5,4,16,7,23
10303,MOJOCOYA,desnutricion global,desnutricion moderada (m),2005-05-01,8,7,2,6,10,13,23
10501,MONTEAGUDO,desnutricion global,desnutricion moderada (m),2005-05-01,4,6,13,15,17,21,38
71001,MONTERO,desnutricion global,desnutricion moderada (m),2005-05-01,31,25,18,18,49,43,92
70803,MORO MORO,desnutricion global,desnutricion moderada (m),2005-05-01,1,0,1,0,2,0,2
30302,MOROCHATA,desnutricion global,desnutricion moderada (m),2005-05-01,12,14,14,10,26,24,50
90401,NACEBE (SANTA ROSA DEL ABUNA),desnutricion global,desnutricion moderada (m),2005-05-01,2,1,0,0,2,1,3
50404,OCURI,desnutricion global,desnutricion moderada (m),2005-05-01,11,13,8,25,19,38,57
70202,OKINAWA,desnutricion global,desnutricion moderada (m),2005-05-01,1,0,0,0,1,0,1
30203,OMEREQUE,desnutricion global,desnutricion moderada (m),2005-05-01,0,2,0,0,0,2,2
40101,ORURO,desnutricion global,desnutricion moderada (m),2005-05-01,94,63,31,45,125,108,233
60201,PADCAYA,desnutricion global,desnutricion moderada (m),2005-05-01,3,2,3,1,6,3,9
10401,PADILLA,desnutricion global,desnutricion moderada (m),2005-05-01,13,11,7,11,20,22,42
70502,PAILON,desnutricion global,desnutricion moderada (m),2005-05-01,0,8,3,0,3,8,11
20102,PALCA,desnutricion global,desnutricion moderada (m),2005-05-01,4,3,2,1,6,4,10
21104,PALOS BLANCOS,desnutricion global,desnutricion moderada (m),2005-05-01,10,16,7,14,17,30,47
40802,PAMPA AULLAGAS,desnutricion global,desnutricion moderada (m),2005-05-01,3,1,0,0,3,1,4
70902,PAMPA GRANDE,desnutricion global,desnutricion moderada (m),2005-05-01,2,2,0,1,2,3,5
21802,PAPEL PAMPA,desnutricion global,desnutricion moderada (m),2005-05-01,1,2,0,0,1,2,3
30202,PASORAPA,desnutricion global,desnutricion moderada (m),2005-05-01,1,1,1,1,2,2,4
21305,PATACAMAYA,desnutricion global,desnutricion moderada (m),2005-05-01,15,11,4,9,19,20,39
40602,PAZÑA,desnutricion global,desnutricion moderada (m),2005-05-01,2,3,2,2,4,5,9
20702,PELECHUCO,desnutricion global,desnutricion moderada (m),2005-05-01,7,5,3,4,10,9,19
50403,POCOATA,desnutricion global,desnutricion moderada (m),2005-05-01,15,19,15,29,30,48,78
31203,POCONA,desnutricion global,desnutricion moderada (m),2005-05-01,4,2,6,4,10,6,16
31202,POJO (CBBA),desnutricion global,desnutricion moderada (m),2005-05-01,8,4,3,8,11,12,23
40601,POOPO,desnutricion global,desnutricion moderada (m),2005-05-01,1,0,1,0,2,0,2
51203,PORCO,desnutricion global,desnutricion moderada (m),2005-05-01,2,2,1,0,3,2,5
10103,POROMA,desnutricion global,desnutricion moderada (m),2005-05-01,29,24,16,22,45,46,91
70601,PORTACHUELO,desnutricion global,desnutricion moderada (m),2005-05-01,1,1,3,2,4,3,7
90102,PORVENIR,desnutricion global,desnutricion moderada (m),2005-05-01,0,0,1,1,1,1,2
70804,POSTRER VALLE,desnutricion global,desnutricion moderada (m),2005-05-01,1,4,0,0,1,4,5
50101,POTOSI,desnutricion global,desnutricion moderada (m),2005-05-01,55,43,29,35,84,78,162
10302,PRESTO,desnutricion global,desnutricion moderada (m),2005-05-01,15,19,10,12,25,31,56
70805,PUCARA,desnutricion global,desnutricion moderada (m),2005-05-01,0,1,0,0,0,1,1
21201,PUCARANI,desnutricion global,desnutricion moderada (m),2005-05-01,3,1,0,1,3,2,5
20401,PUERTO ACOSTA,desnutricion global,desnutricion moderada (m),2005-05-01,3,1,1,3,4,4,8
20403,PUERTO CARABUCO,desnutricion global,desnutricion moderada (m),2005-05-01,8,3,3,6,11,9,20
90301,PUERTO GONZALO MORENO,desnutricion global,desnutricion moderada (m),2005-05-01,2,1,4,1,6,2,8
21204,PUERTO PEREZ,desnutricion global,desnutricion moderada (m),2005-05-01,6,0,1,0,7,0,7
90201,PUERTO RICO,desnutricion global,desnutricion moderada (m),2005-05-01,2,0,1,2,3,2,5
80703,PUERTO SILES,desnutricion global,desnutricion moderada (m),2005-05-01,1,1,1,1,2,2,4
31205,PUERTO VILLARROEL,desnutricion global,desnutricion moderada (m),2005-05-01,55,40,24,32,79,72,151
51101,PUNA,desnutricion global,desnutricion moderada (m),2005-05-01,37,22,21,25,58,47,105
31401,PUNATA,desnutricion global,desnutricion moderada (m),2005-05-01,8,8,7,5,15,13,28
30901,QUILLACOLLO,desnutricion global,desnutricion moderada (m),2005-05-01,19,15,4,10,23,25,48
21002,QUIME,desnutricion global,desnutricion moderada (m),2005-05-01,7,0,2,4,9,4,13
70904,QUIRUSILLAS,desnutricion global,desnutricion moderada (m),2005-05-01,0,0,0,1,0,1,1
50402,RAVELO,desnutricion global,desnutricion moderada (m),2005-05-01,52,57,52,56,104,113,217
80301,REYES,desnutricion global,desnutricion moderada (m),2005-05-01,9,2,0,1,9,3,12
80201,RIBERALTA,desnutricion global,desnutricion moderada (m),2005-05-01,35,65,26,28,61,93,154
70503,ROBORE,desnutricion global,desnutricion moderada (m),2005-05-01,4,1,2,2,6,3,9
80304,RURRENABAQUE,desnutricion global,desnutricion moderada (m),2005-05-01,0,2,0,0,0,2,2
31001,SACABA,desnutricion global,desnutricion moderada (m),2005-05-01,19,27,20,12,39,39,78
30404,SACABAMBA,desnutricion global,desnutricion moderada (m),2005-05-01,6,7,3,7,9,14,23
71302,SAIPINA,desnutricion global,desnutricion moderada (m),2005-05-01,4,1,1,1,5,2,7
40801,SALINAS DE GARCI MENDOZA,desnutricion global,desnutricion moderada (m),2005-05-01,3,1,5,4,8,5,13
70901,SAMAIPATA,desnutricion global,desnutricion moderada (m),2005-05-01,4,1,0,0,4,1,5
51601,SAN AGUSTIN,desnutricion global,desnutricion moderada (m),2005-05-01,0,2,0,0,0,2,2
80602,SAN ANDRES,desnutricion global,desnutricion moderada (m),2005-05-01,1,3,0,3,1,6,7
20805,SAN ANDRES DE MACHACA,desnutricion global,desnutricion moderada (m),2005-05-01,2,0,0,0,2,0,2
71105,SAN ANTONIO DE LOMERIO,desnutricion global,desnutricion moderada (m),2005-05-01,14,5,6,12,20,17,37
31403,SAN BENITO,desnutricion global,desnutricion moderada (m),2005-05-01,7,6,5,9,12,15,27
80302,SAN BORJA,desnutricion global,desnutricion moderada (m),2005-05-01,11,12,4,5,15,17,32
21502,SAN BUENA VENTURA,desnutricion global,desnutricion moderada (m),2005-05-01,2,0,1,2,3,2,5
70402,SAN CARLOS,desnutricion global,desnutricion moderada (m),2005-05-01,5,2,0,0,5,2,7
80501,SAN IGNACIO,desnutricion global,desnutricion moderada (m),2005-05-01,4,11,3,5,7,16,23
70301,SAN IGNACIO DE VELASCO,desnutricion global,desnutricion moderada (m),2005-05-01,20,37,21,23,41,60,101
80102,SAN JAVIER(BNI),desnutricion global,desnutricion moderada (m),2005-05-01,1,0,0,0,1,0,1
71102,SAN JAVIER(STC),desnutricion global,desnutricion moderada (m),2005-05-01,1,0,0,0,1,0,1
80701,SAN JOAQUIN,desnutricion global,desnutricion moderada (m),2005-05-01,5,0,1,0,6,0,6
70501,SAN JOSE DE CHIQUITOS,desnutricion global,desnutricion moderada (m),2005-05-01,2,1,2,0,4,1,5
70404,SAN JUAN DE YAPACANI,desnutricion global,desnutricion moderada (m),2005-05-01,0,2,2,0,2,2,4
71104,SAN JULIAN,desnutricion global,desnutricion moderada (m),2005-05-01,10,1,11,1,21,2,23
90302,SAN LORENZO(PND),desnutricion global,desnutricion moderada (m),2005-05-01,3,0,2,1,5,1,6
60501,SAN LORENZO(TJA),desnutricion global,desnutricion moderada (m),2005-05-01,11,7,10,10,21,17,38
10702,SAN LUCAS,desnutricion global,desnutricion moderada (m),2005-05-01,52,61,39,65,91,126,217
70302,SAN MIGUEL DE VELASCO,desnutricion global,desnutricion moderada (m),2005-05-01,2,9,0,4,2,13,15
51001,SAN PABLO DE LIPEZ,desnutricion global,desnutricion moderada (m),2005-05-01,1,0,0,0,1,0,1
71005,SAN PEDRO,desnutricion global,desnutricion moderada (m),2005-05-01,2,1,2,1,4,2,6
50501,SAN PEDRO DE BUENA VISTA,desnutricion global,desnutricion moderada (m),2005-05-01,18,19,25,39,43,58,101
21801,SAN PEDRO DE CURAHUARA,desnutricion global,desnutricion moderada (m),2005-05-01,2,0,2,1,4,1,5
21702,SAN PEDRO DE TIQUINA,desnutricion global,desnutricion moderada (m),2005-05-01,3,0,1,0,4,0,4
70303,SAN RAFAEL,desnutricion global,desnutricion moderada (m),2005-05-01,0,2,3,3,3,5,8
80401,SANTA ANA,desnutricion global,desnutricion moderada (m),2005-05-01,1,2,0,0,1,2,3
70101,SANTA CRUZ DE LA SIERRA,desnutricion global,desnutricion moderada (m),2005-05-01,250,181,84,65,334,246,580
80303,SANTA ROSA,desnutricion global,desnutricion moderada (m),2005-05-01,5,5,2,0,7,5,12
70602,SANTA ROSA DEL SARA,desnutricion global,desnutricion moderada (m),2005-05-01,4,3,2,5,6,8,14
20308,SANTIAGO DE CALLAPA,desnutricion global,desnutricion moderada (m),2005-05-01,2,4,1,2,3,6,9
41401,SANTIAGO DE HUARI,desnutricion global,desnutricion moderada (m),2005-05-01,1,0,0,0,1,0,1
21901,SANTIAGO DE MACHACA,desnutricion global,desnutricion moderada (m),2005-05-01,2,1,0,0,2,1,3
30702,SANTIVAÑES,desnutricion global,desnutricion moderada (m),2005-05-01,8,5,5,7,13,12,25
40202,SANTUARIO DE QUILLACAS,desnutricion global,desnutricion moderada (m),2005-05-01,2,1,1,0,3,1,4
20902,SAPAHAQUI,desnutricion global,desnutricion moderada (m),2005-05-01,5,3,4,1,9,4,13
90303,SENA,desnutricion global,desnutricion moderada (m),2005-05-01,6,5,3,6,9,11,20
21301,SICA SICA (VILLA AROMA),desnutricion global,desnutricion moderada (m),2005-05-01,20,35,25,22,45,57,102
30703,SICAYA,desnutricion global,desnutricion moderada (m),2005-05-01,4,2,5,7,9,9,18
30902,SIPE SIPE,desnutricion global,desnutricion moderada (m),2005-05-01,30,27,13,9,43,36,79
10403,SOPACHUY,desnutricion global,desnutricion moderada (m),2005-05-01,6,11,6,21,12,32,44
40104,SORACACHI,desnutricion global,desnutricion moderada (m),2005-05-01,2,3,1,5,3,8,11
20601,SORATA,desnutricion global,desnutricion moderada (m),2005-05-01,1,1,0,0,1,1,2
10101,SUCRE,desnutricion global,desnutricion moderada (m),2005-05-01,68,62,50,59,118,121,239
31404,TACACHI,desnutricion global,desnutricion moderada (m),2005-05-01,2,2,0,2,2,4,6
20603,TACACOMA,desnutricion global,desnutricion moderada (m),2005-05-01,0,3,1,0,1,3,4
50303,TACOBAMBA,desnutricion global,desnutricion moderada (m),2005-05-01,0,1,0,1,0,2,2
30602,TACOPAYA,desnutricion global,desnutricion moderada (m),2005-05-01,4,5,2,5,6,10,16
31101,TAPACARI,desnutricion global,desnutricion moderada (m),2005-05-01,23,21,11,7,34,28,62
10601,TARABUCO,desnutricion global,desnutricion moderada (m),2005-05-01,56,52,47,85,103,137,240
20807,TARACO,desnutricion global,desnutricion moderada (m),2005-05-01,0,0,0,2,0,2,2
30401,TARATA,desnutricion global,desnutricion moderada (m),2005-05-01,5,8,1,4,6,12,18
60101,TARIJA,desnutricion global,desnutricion moderada (m),2005-05-01,20,10,9,15,29,25,54
10202,TARVITA,desnutricion global,desnutricion moderada (m),2005-05-01,33,17,24,53,57,70,127
20608,TEOPONTE,desnutricion global,desnutricion moderada (m),2005-05-01,2,3,0,1,2,4,6
20803,TIAWANACU,desnutricion global,desnutricion moderada (m),2005-05-01,3,3,1,1,4,4,8
50102,TINGUIPAYA,desnutricion global,desnutricion moderada (m),2005-05-01,17,28,22,18,39,46,85
20606,TIPUANI,desnutricion global,desnutricion moderada (m),2005-05-01,0,2,0,0,0,2,2
30903,TIQUIPAYA,desnutricion global,desnutricion moderada (m),2005-05-01,1,1,0,0,1,1,2
31601,TIRAQUE (CBBA),desnutricion global,desnutricion moderada (m),2005-05-01,25,25,14,16,39,41,80
21703,TITO YUPANQUI (PARQUIPUJIO),desnutricion global,desnutricion moderada (m),2005-05-01,1,0,0,2,1,2,3
30802,TOCO,desnutricion global,desnutricion moderada (m),2005-05-01,4,2,2,2,6,4,10
30803,TOLATA,desnutricion global,desnutricion moderada (m),2005-05-01,0,0,0,1,0,1,1
41001,TOLEDO,desnutricion global,desnutricion moderada (m),2005-05-01,2,2,0,0,2,2,4
51202,TOMAVE,desnutricion global,desnutricion moderada (m),2005-05-01,10,4,7,4,17,8,25
10402,TOMINA,desnutricion global,desnutricion moderada (m),2005-05-01,26,15,17,22,43,37,80
50502,TORO TORO,desnutricion global,desnutricion moderada (m),2005-05-01,16,17,10,12,26,29,55
31201,TOTORA(CBBA),desnutricion global,desnutricion moderada (m),2005-05-01,14,9,6,3,20,12,32
80101,TRINIDAD,desnutricion global,desnutricion moderada (m),2005-05-01,18,19,7,12,25,31,56
50801,TUPIZA,desnutricion global,desnutricion moderada (m),2005-05-01,10,14,9,10,19,24,43
40402,TURCO,desnutricion global,desnutricion moderada (m),2005-05-01,2,2,1,1,3,3,6
21302,UMALA,desnutricion global,desnutricion moderada (m),2005-05-01,0,1,0,0,0,1,1
50201,UNCIA,desnutricion global,desnutricion moderada (m),2005-05-01,17,10,10,12,27,22,49
60401,URIONDO (A. CONCEPCION),desnutricion global,desnutricion moderada (m),2005-05-01,2,3,1,6,3,9,12
51201,UYUNI,desnutricion global,desnutricion moderada (m),2005-05-01,3,1,2,2,5,3,8
30502,VACAS,desnutricion global,desnutricion moderada (m),2005-05-01,8,5,3,2,11,7,18
70801,VALLEGRANDE,desnutricion global,desnutricion moderada (m),2005-05-01,0,1,3,3,3,4,7
20801,VIACHA,desnutricion global,desnutricion moderada (m),2005-05-01,2,10,3,2,5,12,17
31302,VILA VILA,desnutricion global,desnutricion moderada (m),2005-05-01,5,4,2,0,7,4,11
60303,VILLA MONTES,desnutricion global,desnutricion moderada (m),2005-05-01,8,10,6,7,14,17,31
90502,VILLA NUEVA (LOMA ALTA),desnutricion global,desnutricion moderada (m),2005-05-01,0,1,0,0,0,1,1
31402,VILLA RIVERO,desnutricion global,desnutricion moderada (m),2005-05-01,2,4,2,1,4,5,9
10801,VILLA SERRANO,desnutricion global,desnutricion moderada (m),2005-05-01,11,11,14,19,25,30,55
31003,VILLA TUNARI,desnutricion global,desnutricion moderada (m),2005-05-01,36,28,27,39,63,67,130
11001,VILLA VACA GUZMAN (MUYUPAMPA),desnutricion global,desnutricion moderada (m),2005-05-01,2,1,2,4,4,5,9
51501,VILLAZON,desnutricion global,desnutricion moderada (m),2005-05-01,14,13,7,8,21,21,42
30904,VINTO,desnutricion global,desnutricion moderada (m),2005-05-01,0,1,1,2,1,3,4
50602,VITICHI,desnutricion global,desnutricion moderada (m),2005-05-01,7,4,10,7,17,11,28
20306,WALDO BALLIVIAN,desnutricion global,desnutricion moderada (m),2005-05-01,0,0,0,1,0,1,1
70201,WARNES,desnutricion global,desnutricion moderada (m),2005-05-01,9,7,6,6,15,13,28
20903,YACO,desnutricion global,desnutricion moderada (m),2005-05-01,2,6,4,4,6,10,16
60301,YACUIBA,desnutricion global,desnutricion moderada (m),2005-05-01,5,4,3,3,8,7,15
10602,YAMPARAEZ,desnutricion global,desnutricion moderada (m),2005-05-01,24,14,14,17,38,31,69
21103,YANACACHI,desnutricion global,desnutricion moderada (m),2005-05-01,0,1,0,1,0,2,2
70403,YAPACANI,desnutricion global,desnutricion moderada (m),2005-05-01,14,11,7,6,21,17,38
50103,YOCALLA,desnutricion global,desnutricion moderada (m),2005-05-01,2,3,2,0,4,3,7
10102,YOTALA,desnutricion global,desnutricion moderada (m),2005-05-01,8,11,4,12,12,23,35
60402,YUNCHARA,desnutricion global,desnutricion moderada (m),2005-05-01,4,3,2,7,6,10,16
10301,ZUDAÑEZ,desnutricion global,desnutricion moderada (m),2005-05-01,13,12,15,18,28,30,58
51302,ACACIO,desnutricion global,desnutricion moderada (m),2005-06-01,8,10,9,8,17,18,35
20201,ACHACACHI,desnutricion global,desnutricion moderada (m),2005-06-01,4,5,5,3,9,8,17
20104,ACHOCALLA,desnutricion global,desnutricion moderada (m),2005-06-01,1,3,1,2,2,5,7
30201,AIQUILE,desnutricion global,desnutricion moderada (m),2005-06-01,2,2,1,6,3,8,11
10404,ALCALA,desnutricion global,desnutricion moderada (m),2005-06-01,2,2,4,2,6,4,10
20202,ANCORAIMES,desnutricion global,desnutricion moderada (m),2005-06-01,6,0,4,2,10,2,12
41201,ANDAMARCA,desnutricion global,desnutricion moderada (m),2005-06-01,0,1,0,1,0,2,2
40603,ANTEQUERA,desnutricion global,desnutricion moderada (m),2005-06-01,3,3,4,4,7,7,14
30402,ANZALDO,desnutricion global,desnutricion moderada (m),2005-06-01,2,1,0,1,2,2,4
20701,APOLO,desnutricion global,desnutricion moderada (m),2005-06-01,6,5,3,5,9,10,19
51301,ARAMPAMPA,desnutricion global,desnutricion moderada (m),2005-06-01,12,8,7,12,19,20,39
30501,ARANI,desnutricion global,desnutricion moderada (m),2005-06-01,0,2,1,0,1,2,3
30403,ARBIETO,desnutricion global,desnutricion moderada (m),2005-06-01,4,2,3,2,7,4,11
30601,ARQUE,desnutricion global,desnutricion moderada (m),2005-06-01,7,11,7,12,14,23,37
50802,ATOCHA,desnutricion global,desnutricion moderada (m),2005-06-01,11,8,3,7,14,15,29
20503,AUCAPATA,desnutricion global,desnutricion moderada (m),2005-06-01,2,3,1,1,3,4,7
20502,AYATA,desnutricion global,desnutricion moderada (m),2005-06-01,4,3,6,4,10,7,17
21303,AYO AYO,desnutricion global,desnutricion moderada (m),2005-06-01,3,1,0,2,3,3,6
30301,AYOPAYA (V. DE INDEPENDENCIA),desnutricion global,desnutricion moderada (m),2005-06-01,12,11,6,8,18,19,37
10201,AZURDUY,desnutricion global,desnutricion moderada (m),2005-06-01,10,15,6,12,16,27,43
21203,BATALLAS,desnutricion global,desnutricion moderada (m),2005-06-01,2,2,0,3,2,5,7
80802,BAURES,desnutricion global,desnutricion moderada (m),2005-06-01,2,3,1,1,3,4,7
41202,BELEN DE ANDAMARCA,desnutricion global,desnutricion moderada (m),2005-06-01,0,0,0,1,0,1,1
50104,BELEN DE URMIRI,desnutricion global,desnutricion moderada (m),2005-06-01,0,1,2,1,2,2,4
60202,BERMEJO,desnutricion global,desnutricion moderada (m),2005-06-01,1,1,2,0,3,1,4
50301,BETANZOS,desnutricion global,desnutricion moderada (m),2005-06-01,31,27,18,28,49,55,104
31501,BOLIVAR,desnutricion global,desnutricion moderada (m),2005-06-01,4,4,6,8,10,12,22
70707,BOYUIBE,desnutricion global,desnutricion moderada (m),2005-06-01,0,1,1,2,1,3,4
70401,BUENA VISTA,desnutricion global,desnutricion moderada (m),2005-06-01,0,2,0,2,0,4,4
70703,CABEZAS,desnutricion global,desnutricion moderada (m),2005-06-01,6,4,6,6,12,10,22
20905,CAIROMA,desnutricion global,desnutricion moderada (m),2005-06-01,16,12,4,14,20,26,46
51102,"CAIZA ""D""",desnutricion global,desnutricion moderada (m),2005-06-01,6,1,5,10,11,11,22
21003,CAJUATA,desnutricion global,desnutricion moderada (m),2005-06-01,4,1,1,4,5,5,10
20303,CALACOTO,desnutricion global,desnutricion moderada (m),2005-06-01,1,1,0,0,1,1,2
21304,CALAMARCA,desnutricion global,desnutricion moderada (m),2005-06-01,20,15,13,22,33,37,70
10701,CAMARGO,desnutricion global,desnutricion moderada (m),2005-06-01,17,19,16,30,33,49,82
10901,CAMATAQUI (C. VILLA ABECIA),desnutricion global,desnutricion moderada (m),2005-06-01,2,1,0,0,2,1,3
70706,CAMIRI,desnutricion global,desnutricion moderada (m),2005-06-01,13,6,7,12,20,18,38
30701,CAPINOTA,desnutricion global,desnutricion moderada (m),2005-06-01,23,21,19,27,42,48,90
20302,CAQUIAVIRI,desnutricion global,desnutricion moderada (m),2005-06-01,3,0,1,5,4,5,9
40102,CARACOLLO,desnutricion global,desnutricion moderada (m),2005-06-01,3,3,0,3,3,6,9
22001,CARANAVI,desnutricion global,desnutricion moderada (m),2005-06-01,23,19,3,17,26,36,62
60302,CARAPARI,desnutricion global,desnutricion moderada (m),2005-06-01,1,0,4,2,5,2,7
50702,CARIPUYO,desnutricion global,desnutricion moderada (m),2005-06-01,16,25,15,33,31,58,89
40201,CHALLAPATA,desnutricion global,desnutricion moderada (m),2005-06-01,29,12,16,24,45,36,81
50302,CHAQUI,desnutricion global,desnutricion moderada (m),2005-06-01,3,7,4,4,7,11,18
70702,CHARAGUA,desnutricion global,desnutricion moderada (m),2005-06-01,7,9,5,5,12,14,26
50202,CHAYANTA,desnutricion global,desnutricion moderada (m),2005-06-01,22,11,14,16,36,27,63
31204,CHIMORE,desnutricion global,desnutricion moderada (m),2005-06-01,4,3,1,1,5,4,9
40903,CHIPAYA,desnutricion global,desnutricion moderada (m),2005-06-01,0,0,1,1,1,1,2
21101,CHULUMANI (V. DE LA LIBERTAD),desnutricion global,desnutricion moderada (m),2005-06-01,8,3,0,0,8,3,11
20501,CHUMA,desnutricion global,desnutricion moderada (m),2005-06-01,5,4,9,5,14,9,23
30801,CLIZA,desnutricion global,desnutricion moderada (m),2005-06-01,18,1,15,0,33,1,34
90101,COBIJA,desnutricion global,desnutricion moderada (m),2005-06-01,14,3,3,6,17,9,26
30101,COCHABAMBA,desnutricion global,desnutricion moderada (m),2005-06-01,72,54,23,36,95,90,185
30905,COLCAPIRHUA,desnutricion global,desnutricion moderada (m),2005-06-01,13,12,9,14,22,26,48
50901,"COLCHA ""K""",desnutricion global,desnutricion moderada (m),2005-06-01,1,2,3,4,4,6,10
21307,COLLANA,desnutricion global,desnutricion moderada (m),2005-06-01,0,0,1,0,1,0,1
31002,COLOMI,desnutricion global,desnutricion moderada (m),2005-06-01,14,13,3,12,17,25,42
70603,COLPA BELGICA,desnutricion global,desnutricion moderada (m),2005-06-01,1,1,0,2,1,3,4
50401,COLQUECHACA,desnutricion global,desnutricion moderada (m),2005-06-01,29,35,19,22,48,57,105
21306,COLQUENCHA,desnutricion global,desnutricion moderada (m),2005-06-01,5,1,3,9,8,10,18
21004,COLQUIRI,desnutricion global,desnutricion moderada (m),2005-06-01,6,5,0,6,6,11,17
20304,COMANCHE,desnutricion global,desnutricion moderada (m),2005-06-01,0,0,2,5,2,5,7
71301,COMARAPA,desnutricion global,desnutricion moderada (m),2005-06-01,5,11,5,6,10,17,27
20605,COMBAYA,desnutricion global,desnutricion moderada (m),2005-06-01,0,0,1,0,1,0,1
71101,CONCEPCION,desnutricion global,desnutricion moderada (m),2005-06-01,1,0,0,0,1,0,1
21701,COPACABANA,desnutricion global,desnutricion moderada (m),2005-06-01,0,3,2,0,2,3,5
21402,CORIPATA,desnutricion global,desnutricion moderada (m),2005-06-01,6,3,2,3,8,6,14
20301,CORO CORO,desnutricion global,desnutricion moderada (m),2005-06-01,5,3,5,7,10,10,20
21401,COROICO,desnutricion global,desnutricion moderada (m),2005-06-01,2,6,3,1,5,7,12
40301,CORQUE,desnutricion global,desnutricion moderada (m),2005-06-01,4,5,4,4,8,9,17
50601,COTAGAITA,desnutricion global,desnutricion moderada (m),2005-06-01,22,8,14,13,36,21,57
70102,COTOCA,desnutricion global,desnutricion moderada (m),2005-06-01,8,10,2,2,10,12,22
71106,CUATRO CAÑADAS,desnutricion global,desnutricion moderada (m),2005-06-01,5,0,2,2,7,2,9
31405,CUCHUMUELA (V. G. VILLARROEL),desnutricion global,desnutricion moderada (m),2005-06-01,2,0,1,0,3,0,3
70704,CUEVO,desnutricion global,desnutricion moderada (m),2005-06-01,1,0,1,1,2,1,3
10902,CULPINA,desnutricion global,desnutricion moderada (m),2005-06-01,28,22,24,25,52,47,99
40401,CURAHUARA DE CARANGAS,desnutricion global,desnutricion moderada (m),2005-06-01,0,3,1,0,1,3,4
21602,CURVA,desnutricion global,desnutricion moderada (m),2005-06-01,3,0,1,0,4,0,4
20804,DESAGUADERO,desnutricion global,desnutricion moderada (m),2005-06-01,1,1,0,0,1,1,2
20105,EL ALTO,desnutricion global,desnutricion moderada (m),2005-06-01,247,195,127,108,374,303,677
40103,EL CHORO,desnutricion global,desnutricion moderada (m),2005-06-01,1,0,0,0,1,0,1
60502,EL PUENTE(TJA),desnutricion global,desnutricion moderada (m),2005-06-01,2,1,2,2,4,3,7
70105,EL TORNO,desnutricion global,desnutricion moderada (m),2005-06-01,3,6,3,1,6,7,13
10405,EL VILLAR,desnutricion global,desnutricion moderada (m),2005-06-01,3,5,3,16,6,21,27
60601,ENTRE RIOS,desnutricion global,desnutricion moderada (m),2005-06-01,11,18,5,12,16,30,46
60601,ENTRE RIOS,desnutricion global,desnutricion moderada (m),2005-06-01,4,2,1,5,5,7,12
41101,EUCALIPTUS,desnutricion global,desnutricion moderada (m),2005-06-01,3,1,2,0,5,1,6
80402,EXALTACION,desnutricion global,desnutricion moderada (m),2005-06-01,2,4,1,0,3,4,7
71004,FERNANDEZ ALONSO,desnutricion global,desnutricion moderada (m),2005-06-01,11,4,3,5,14,9,23
90203,FILADELFIA,desnutricion global,desnutricion moderada (m),2005-06-01,0,0,1,1,1,1,2
71002,GENERAL SAAVEDRA,desnutricion global,desnutricion moderada (m),2005-06-01,1,7,4,0,5,7,12
21601,GRAL. J.J. PEREZ (CHARAZANI),desnutricion global,desnutricion moderada (m),2005-06-01,2,6,2,6,4,12,16
20602,GUANAY,desnutricion global,desnutricion moderada (m),2005-06-01,2,4,1,2,3,6,9
20802,GUAQUI,desnutricion global,desnutricion moderada (m),2005-06-01,1,2,1,1,2,3,5
80202,GUAYARAMERIN,desnutricion global,desnutricion moderada (m),2005-06-01,15,16,6,15,21,31,52
70705,GUTIERREZ,desnutricion global,desnutricion moderada (m),2005-06-01,13,11,13,19,26,30,56
10502,HUACARETA,desnutricion global,desnutricion moderada (m),2005-06-01,4,9,3,0,7,9,16
11002,HUACAYA (VILLA DE HUACAYA),desnutricion global,desnutricion moderada (m),2005-06-01,2,0,2,2,4,2,6
40701,HUANUNI,desnutricion global,desnutricion moderada (m),2005-06-01,5,5,0,3,5,8,13
80803,HUARACAJE,desnutricion global,desnutricion moderada (m),2005-06-01,1,1,0,0,1,1,2
41601,HUAYLLAMARCA,desnutricion global,desnutricion moderada (m),2005-06-01,1,0,0,0,1,0,1
10304,ICLA,desnutricion global,desnutricion moderada (m),2005-06-01,34,18,24,31,58,49,107
10703,INCAHUASI,desnutricion global,desnutricion moderada (m),2005-06-01,41,51,18,44,59,95,154
21001,INQUISIVI,desnutricion global,desnutricion moderada (m),2005-06-01,14,9,6,5,20,14,34
21102,IRUPANA (VILLA DE LANZA),desnutricion global,desnutricion moderada (m),2005-06-01,1,2,3,3,4,5,9
21501,IXIAMAS,desnutricion global,desnutricion moderada (m),2005-06-01,4,2,4,3,8,5,13
20806,JESUS DE MACHACA,desnutricion global,desnutricion moderada (m),2005-06-01,1,3,1,0,2,3,5
21105,LA ASUNTA,desnutricion global,desnutricion moderada (m),2005-06-01,4,5,4,4,8,9,17
70104,LA GUARDIA,desnutricion global,desnutricion moderada (m),2005-06-01,8,7,7,8,15,15,30
20101,LA PAZ,desnutricion global,desnutricion moderada (m),2005-06-01,155,116,70,81,225,197,422
70701,LAGUNILLAS,desnutricion global,desnutricion moderada (m),2005-06-01,3,4,3,3,6,7,13
21202,LAJA,desnutricion global,desnutricion moderada (m),2005-06-01,6,1,3,2,9,3,12
10903,LAS CARRERAS,desnutricion global,desnutricion moderada (m),2005-06-01,1,1,2,6,3,7,10
50203,LLALLAGUA,desnutricion global,desnutricion moderada (m),2005-06-01,19,22,19,25,38,47,85
51401,LLICA,desnutricion global,desnutricion moderada (m),2005-06-01,0,2,0,0,0,2,2
80601,LORETO,desnutricion global,desnutricion moderada (m),2005-06-01,2,0,0,0,2,0,2
20901,LURIBAY,desnutricion global,desnutricion moderada (m),2005-06-01,7,3,1,8,8,11,19
40702,MACHACAMARCA,desnutricion global,desnutricion moderada (m),2005-06-01,0,3,0,0,0,3,3
11003,MACHARETI,desnutricion global,desnutricion moderada (m),2005-06-01,6,6,7,5,13,11,24
80801,MAGDALENA,desnutricion global,desnutricion moderada (m),2005-06-01,4,5,1,2,5,7,12
70903,MAIRANA,desnutricion global,desnutricion moderada (m),2005-06-01,1,1,1,1,2,2,4
20904,MALLA,desnutricion global,desnutricion moderada (m),2005-06-01,2,3,2,4,4,7,11
20607,MAPIRI,desnutricion global,desnutricion moderada (m),2005-06-01,4,3,1,1,5,4,9
20103,MECAPACA,desnutricion global,desnutricion moderada (m),2005-06-01,2,7,0,2,2,9,11
71003,MINEROS,desnutricion global,desnutricion moderada (m),2005-06-01,16,12,4,1,20,13,33
31301,MIZQUE,desnutricion global,desnutricion moderada (m),2005-06-01,7,8,9,6,16,14,30
20402,MOCOMOCO,desnutricion global,desnutricion moderada (m),2005-06-01,7,3,2,1,9,4,13
51002,MOJINETE,desnutricion global,desnutricion moderada (m),2005-06-01,0,0,0,2,0,2,2
10303,MOJOCOYA,desnutricion global,desnutricion moderada (m),2005-06-01,9,4,4,3,13,7,20
10501,MONTEAGUDO,desnutricion global,desnutricion moderada (m),2005-06-01,9,2,8,19,17,21,38
71001,MONTERO,desnutricion global,desnutricion moderada (m),2005-06-01,37,39,15,28,52,67,119
70803,MORO MORO,desnutricion global,desnutricion moderada (m),2005-06-01,1,0,1,2,2,2,4
30302,MOROCHATA,desnutricion global,desnutricion moderada (m),2005-06-01,11,12,10,4,21,16,37
90501,NUEVO MANOA (NUEVA ESPERANZA),desnutricion global,desnutricion moderada (m),2005-06-01,0,0,1,0,1,0,1
50404,OCURI,desnutricion global,desnutricion moderada (m),2005-06-01,24,19,13,25,37,44,81
70202,OKINAWA,desnutricion global,desnutricion moderada (m),2005-06-01,2,0,0,0,2,0,2
30203,OMEREQUE,desnutricion global,desnutricion moderada (m),2005-06-01,1,1,0,1,1,2,3
40101,ORURO,desnutricion global,desnutricion moderada (m),2005-06-01,88,57,38,32,126,89,215
60201,PADCAYA,desnutricion global,desnutricion moderada (m),2005-06-01,4,0,6,8,10,8,18
10401,PADILLA,desnutricion global,desnutricion moderada (m),2005-06-01,8,6,9,13,17,19,36
20102,PALCA,desnutricion global,desnutricion moderada (m),2005-06-01,1,2,0,0,1,2,3
21104,PALOS BLANCOS,desnutricion global,desnutricion moderada (m),2005-06-01,9,13,8,4,17,17,34
40802,PAMPA AULLAGAS,desnutricion global,desnutricion moderada (m),2005-06-01,0,0,0,1,0,1,1
70902,PAMPA GRANDE,desnutricion global,desnutricion moderada (m),2005-06-01,0,1,0,0,0,1,1
21802,PAPEL PAMPA,desnutricion global,desnutricion moderada (m),2005-06-01,1,3,0,1,1,4,5
30202,PASORAPA,desnutricion global,desnutricion moderada (m),2005-06-01,2,0,3,2,5,2,7
21305,PATACAMAYA,desnutricion global,desnutricion moderada (m),2005-06-01,17,21,1,2,18,23,41
40602,PAZÑA,desnutricion global,desnutricion moderada (m),2005-06-01,2,3,2,4,4,7,11
20702,PELECHUCO,desnutricion global,desnutricion moderada (m),2005-06-01,5,3,7,5,12,8,20
50403,POCOATA,desnutricion global,desnutricion moderada (m),2005-06-01,15,19,19,31,34,50,84
31203,POCONA,desnutricion global,desnutricion moderada (m),2005-06-01,5,2,5,5,10,7,17
31202,POJO (CBBA),desnutricion global,desnutricion moderada (m),2005-06-01,7,7,4,6,11,13,24
40601,POOPO,desnutricion global,desnutricion moderada (m),2005-06-01,2,1,1,1,3,2,5
51203,PORCO,desnutricion global,desnutricion moderada (m),2005-06-01,1,1,2,2,3,3,6
10103,POROMA,desnutricion global,desnutricion moderada (m),2005-06-01,32,19,23,24,55,43,98
70601,PORTACHUELO,desnutricion global,desnutricion moderada (m),2005-06-01,0,2,0,4,0,6,6
70804,POSTRER VALLE,desnutricion global,desnutricion moderada (m),2005-06-01,0,0,0,1,0,1,1
50101,POTOSI,desnutricion global,desnutricion moderada (m),2005-06-01,82,74,26,38,108,112,220
10302,PRESTO,desnutricion global,desnutricion moderada (m),2005-06-01,19,19,8,8,27,27,54
70805,PUCARA,desnutricion global,desnutricion moderada (m),2005-06-01,0,1,1,1,1,2,3
21201,PUCARANI,desnutricion global,desnutricion moderada (m),2005-06-01,8,1,3,3,11,4,15
20401,PUERTO ACOSTA,desnutricion global,desnutricion moderada (m),2005-06-01,5,2,2,5,7,7,14
20403,PUERTO CARABUCO,desnutricion global,desnutricion moderada (m),2005-06-01,0,0,5,2,5,2,7
90301,PUERTO GONZALO MORENO,desnutricion global,desnutricion moderada (m),2005-06-01,3,4,4,4,7,8,15
21204,PUERTO PEREZ,desnutricion global,desnutricion moderada (m),2005-06-01,0,1,1,0,1,1,2
71402,PUERTO QUIJARRO,desnutricion global,desnutricion moderada (m),2005-06-01,0,0,0,1,0,1,1
90201,PUERTO RICO,desnutricion global,desnutricion moderada (m),2005-06-01,1,0,0,0,1,0,1
31205,PUERTO VILLARROEL,desnutricion global,desnutricion moderada (m),2005-06-01,31,33,25,19,56,52,108
51101,PUNA,desnutricion global,desnutricion moderada (m),2005-06-01,26,36,20,16,46,52,98
31401,PUNATA,desnutricion global,desnutricion moderada (m),2005-06-01,15,8,4,10,19,18,37
20604,QUIABAYA,desnutricion global,desnutricion moderada (m),2005-06-01,2,1,1,0,3,1,4
30901,QUILLACOLLO,desnutricion global,desnutricion moderada (m),2005-06-01,6,11,2,9,8,20,28
21002,QUIME,desnutricion global,desnutricion moderada (m),2005-06-01,7,4,2,3,9,7,16
70904,QUIRUSILLAS,desnutricion global,desnutricion moderada (m),2005-06-01,0,0,1,0,1,0,1
50402,RAVELO,desnutricion global,desnutricion moderada (m),2005-06-01,40,36,31,36,71,72,143
80301,REYES,desnutricion global,desnutricion moderada (m),2005-06-01,13,8,6,9,19,17,36
80201,RIBERALTA,desnutricion global,desnutricion moderada (m),2005-06-01,44,58,34,42,78,100,178
80304,RURRENABAQUE,desnutricion global,desnutricion moderada (m),2005-06-01,0,1,0,2,0,3,3
40901,SABAYA,desnutricion global,desnutricion moderada (m),2005-06-01,0,0,0,1,0,1,1
31001,SACABA,desnutricion global,desnutricion moderada (m),2005-06-01,26,13,9,17,35,30,65
30404,SACABAMBA,desnutricion global,desnutricion moderada (m),2005-06-01,5,3,2,1,7,4,11
50701,SACACA,desnutricion global,desnutricion moderada (m),2005-06-01,48,49,65,51,113,100,213
71302,SAIPINA,desnutricion global,desnutricion moderada (m),2005-06-01,5,0,2,0,7,0,7
40801,SALINAS DE GARCI MENDOZA,desnutricion global,desnutricion moderada (m),2005-06-01,1,1,1,1,2,2,4
70901,SAMAIPATA,desnutricion global,desnutricion moderada (m),2005-06-01,8,3,1,1,9,4,13
51601,SAN AGUSTIN,desnutricion global,desnutricion moderada (m),2005-06-01,0,1,0,1,0,2,2
80602,SAN ANDRES,desnutricion global,desnutricion moderada (m),2005-06-01,2,2,0,2,2,4,6
20805,SAN ANDRES DE MACHACA,desnutricion global,desnutricion moderada (m),2005-06-01,0,1,0,0,0,1,1
71105,SAN ANTONIO DE LOMERIO,desnutricion global,desnutricion moderada (m),2005-06-01,1,0,2,1,3,1,4
31403,SAN BENITO,desnutricion global,desnutricion moderada (m),2005-06-01,2,0,1,4,3,4,7
80302,SAN BORJA,desnutricion global,desnutricion moderada (m),2005-06-01,21,8,10,13,31,21,52
21502,SAN BUENA VENTURA,desnutricion global,desnutricion moderada (m),2005-06-01,3,3,2,5,5,8,13
70402,SAN CARLOS,desnutricion global,desnutricion moderada (m),2005-06-01,3,1,0,0,3,1,4
80501,SAN IGNACIO,desnutricion global,desnutricion moderada (m),2005-06-01,7,10,4,6,11,16,27
70301,SAN IGNACIO DE VELASCO,desnutricion global,desnutricion moderada (m),2005-06-01,23,48,28,36,51,84,135
80102,SAN JAVIER(BNI),desnutricion global,desnutricion moderada (m),2005-06-01,0,2,0,0,0,2,2
70404,SAN JUAN DE YAPACANI,desnutricion global,desnutricion moderada (m),2005-06-01,2,0,4,2,6,2,8
71104,SAN JULIAN,desnutricion global,desnutricion moderada (m),2005-06-01,8,7,2,3,10,10,20
90302,SAN LORENZO(PND),desnutricion global,desnutricion moderada (m),2005-06-01,1,2,2,0,3,2,5
60501,SAN LORENZO(TJA),desnutricion global,desnutricion moderada (m),2005-06-01,7,6,14,21,21,27,48
10702,SAN LUCAS,desnutricion global,desnutricion moderada (m),2005-06-01,61,65,53,77,114,142,256
71201,SAN MATIAS,desnutricion global,desnutricion moderada (m),2005-06-01,1,2,1,0,2,2,4
70302,SAN MIGUEL DE VELASCO,desnutricion global,desnutricion moderada (m),2005-06-01,3,4,3,4,6,8,14
51001,SAN PABLO DE LIPEZ,desnutricion global,desnutricion moderada (m),2005-06-01,3,1,0,0,3,1,4
71005,SAN PEDRO,desnutricion global,desnutricion moderada (m),2005-06-01,6,5,1,3,7,8,15
50501,SAN PEDRO DE BUENA VISTA,desnutricion global,desnutricion moderada (m),2005-06-01,35,25,23,37,58,62,120
21801,SAN PEDRO DE CURAHUARA,desnutricion global,desnutricion moderada (m),2005-06-01,0,2,5,3,5,5,10
21702,SAN PEDRO DE TIQUINA,desnutricion global,desnutricion moderada (m),2005-06-01,4,1,0,0,4,1,5
90202,SAN PEDRO(PND),desnutricion global,desnutricion moderada (m),2005-06-01,0,1,3,0,3,1,4
70303,SAN RAFAEL,desnutricion global,desnutricion moderada (m),2005-06-01,6,0,3,5,9,5,14
80401,SANTA ANA,desnutricion global,desnutricion moderada (m),2005-06-01,2,1,1,1,3,2,5
70101,SANTA CRUZ DE LA SIERRA,desnutricion global,desnutricion moderada (m),2005-06-01,251,259,92,115,343,374,717
80303,SANTA ROSA,desnutricion global,desnutricion moderada (m),2005-06-01,5,5,3,3,8,8,16
70602,SANTA ROSA DEL SARA,desnutricion global,desnutricion moderada (m),2005-06-01,2,7,2,3,4,10,14
20308,SANTIAGO DE CALLAPA,desnutricion global,desnutricion moderada (m),2005-06-01,5,0,1,2,6,2,8
41401,SANTIAGO DE HUARI,desnutricion global,desnutricion moderada (m),2005-06-01,1,0,0,0,1,0,1
21901,SANTIAGO DE MACHACA,desnutricion global,desnutricion moderada (m),2005-06-01,6,2,2,4,8,6,14
30702,SANTIVAÑES,desnutricion global,desnutricion moderada (m),2005-06-01,4,1,3,2,7,3,10
40202,SANTUARIO DE QUILLACAS,desnutricion global,desnutricion moderada (m),2005-06-01,1,1,0,0,1,1,2
20902,SAPAHAQUI,desnutricion global,desnutricion moderada (m),2005-06-01,2,2,1,1,3,3,6
90303,SENA,desnutricion global,desnutricion moderada (m),2005-06-01,3,1,0,0,3,1,4
21301,SICA SICA (VILLA AROMA),desnutricion global,desnutricion moderada (m),2005-06-01,11,13,15,14,26,27,53
30703,SICAYA,desnutricion global,desnutricion moderada (m),2005-06-01,7,6,1,4,8,10,18
30902,SIPE SIPE,desnutricion global,desnutricion moderada (m),2005-06-01,24,9,14,16,38,25,63
10403,SOPACHUY,desnutricion global,desnutricion moderada (m),2005-06-01,11,17,10,21,21,38,59
40104,SORACACHI,desnutricion global,desnutricion moderada (m),2005-06-01,3,3,0,2,3,5,8
20601,SORATA,desnutricion global,desnutricion moderada (m),2005-06-01,1,2,2,1,3,3,6
10101,SUCRE,desnutricion global,desnutricion moderada (m),2005-06-01,76,65,71,92,147,157,304
31404,TACACHI,desnutricion global,desnutricion moderada (m),2005-06-01,0,0,1,0,1,0,1
20603,TACACOMA,desnutricion global,desnutricion moderada (m),2005-06-01,1,0,0,1,1,1,2
50303,TACOBAMBA,desnutricion global,desnutricion moderada (m),2005-06-01,11,20,11,11,22,31,53
30602,TACOPAYA,desnutricion global,desnutricion moderada (m),2005-06-01,8,11,5,6,13,17,30
31101,TAPACARI,desnutricion global,desnutricion moderada (m),2005-06-01,26,18,23,32,49,50,99
10601,TARABUCO,desnutricion global,desnutricion moderada (m),2005-06-01,70,49,53,91,123,140,263
20807,TARACO,desnutricion global,desnutricion moderada (m),2005-06-01,0,0,0,1,0,1,1
30401,TARATA,desnutricion global,desnutricion moderada (m),2005-06-01,5,9,2,3,7,12,19
60101,TARIJA,desnutricion global,desnutricion moderada (m),2005-06-01,29,32,20,17,49,49,98
10202,TARVITA,desnutricion global,desnutricion moderada (m),2005-06-01,3,3,4,2,7,5,12
20608,TEOPONTE,desnutricion global,desnutricion moderada (m),2005-06-01,3,1,0,4,3,5,8
20803,TIAWANACU,desnutricion global,desnutricion moderada (m),2005-06-01,1,0,0,0,1,0,1
50102,TINGUIPAYA,desnutricion global,desnutricion moderada (m),2005-06-01,17,20,23,20,40,40,80
20606,TIPUANI,desnutricion global,desnutricion moderada (m),2005-06-01,2,0,0,1,2,1,3
30903,TIQUIPAYA,desnutricion global,desnutricion moderada (m),2005-06-01,1,3,3,3,4,6,10
31601,TIRAQUE (CBBA),desnutricion global,desnutricion moderada (m),2005-06-01,11,17,11,10,22,27,49
21703,TITO YUPANQUI (PARQUIPUJIO),desnutricion global,desnutricion moderada (m),2005-06-01,1,0,1,1,2,1,3
30802,TOCO,desnutricion global,desnutricion moderada (m),2005-06-01,1,3,0,1,1,4,5
41001,TOLEDO,desnutricion global,desnutricion moderada (m),2005-06-01,1,2,0,0,1,2,3
51202,TOMAVE,desnutricion global,desnutricion moderada (m),2005-06-01,6,3,8,3,14,6,20
10402,TOMINA,desnutricion global,desnutricion moderada (m),2005-06-01,17,11,15,21,32,32,64
50502,TORO TORO,desnutricion global,desnutricion moderada (m),2005-06-01,34,37,17,25,51,62,113
31201,TOTORA(CBBA),desnutricion global,desnutricion moderada (m),2005-06-01,6,5,3,6,9,11,20
41301,TOTORA(ORR),desnutricion global,desnutricion moderada (m),2005-06-01,0,1,1,0,1,1,2
80101,TRINIDAD,desnutricion global,desnutricion moderada (m),2005-06-01,31,24,8,14,39,38,77
50801,TUPIZA,desnutricion global,desnutricion moderada (m),2005-06-01,9,9,11,14,20,23,43
40402,TURCO,desnutricion global,desnutricion moderada (m),2005-06-01,1,1,1,0,2,1,3
21302,UMALA,desnutricion global,desnutricion moderada (m),2005-06-01,1,2,2,2,3,4,7
50201,UNCIA,desnutricion global,desnutricion moderada (m),2005-06-01,8,4,1,5,9,9,18
60401,URIONDO (A. CONCEPCION),desnutricion global,desnutricion moderada (m),2005-06-01,3,3,5,4,8,7,15
51201,UYUNI,desnutricion global,desnutricion moderada (m),2005-06-01,8,6,7,3,15,9,24
30502,VACAS,desnutricion global,desnutricion moderada (m),2005-06-01,5,3,1,1,6,4,10
70801,VALLEGRANDE,desnutricion global,desnutricion moderada (m),2005-06-01,0,1,4,4,4,5,9
20801,VIACHA,desnutricion global,desnutricion moderada (m),2005-06-01,8,7,3,4,11,11,22
31302,VILA VILA,desnutricion global,desnutricion moderada (m),2005-06-01,4,4,5,3,9,7,16
60303,VILLA MONTES,desnutricion global,desnutricion moderada (m),2005-06-01,13,11,4,6,17,17,34
31402,VILLA RIVERO,desnutricion global,desnutricion moderada (m),2005-06-01,9,1,1,0,10,1,11
10801,VILLA SERRANO,desnutricion global,desnutricion moderada (m),2005-06-01,13,11,13,19,26,30,56
31003,VILLA TUNARI,desnutricion global,desnutricion moderada (m),2005-06-01,13,25,18,17,31,42,73
11001,VILLA VACA GUZMAN (MUYUPAMPA),desnutricion global,desnutricion moderada (m),2005-06-01,3,1,3,5,6,6,12
51501,VILLAZON,desnutricion global,desnutricion moderada (m),2005-06-01,12,27,8,9,20,36,56
50602,VITICHI,desnutricion global,desnutricion moderada (m),2005-06-01,6,8,8,5,14,13,27
20306,WALDO BALLIVIAN,desnutricion global,desnutricion moderada (m),2005-06-01,0,1,1,1,1,2,3
70201,WARNES,desnutricion global,desnutricion moderada (m),2005-06-01,21,17,7,2,28,19,47
20903,YACO,desnutricion global,desnutricion moderada (m),2005-06-01,11,11,6,4,17,15,32
60301,YACUIBA,desnutricion global,desnutricion moderada (m),2005-06-01,13,6,4,8,17,14,31
10602,YAMPARAEZ,desnutricion global,desnutricion moderada (m),2005-06-01,22,13,16,22,38,35,73
70403,YAPACANI,desnutricion global,desnutricion moderada (m),2005-06-01,16,14,8,12,24,26,50
50103,YOCALLA,desnutricion global,desnutricion moderada (m),2005-06-01,1,1,1,1,2,2,4
10102,YOTALA,desnutricion global,desnutricion moderada (m),2005-06-01,8,5,11,9,19,14,33
60402,YUNCHARA,desnutricion global,desnutricion moderada (m),2005-06-01,2,4,5,11,7,15,22
10301,ZUDAÑEZ,desnutricion global,desnutricion moderada (m),2005-06-01,10,13,14,8,24,21,45
51302,ACACIO,desnutricion global,desnutricion moderada (m),2005-07-01,21,6,13,14,34,20,54
20201,ACHACACHI,desnutricion global,desnutricion moderada (m),2005-07-01,5,8,5,8,10,16,26
20104,ACHOCALLA,desnutricion global,desnutricion moderada (m),2005-07-01,2,1,0,0,2,1,3
30201,AIQUILE,desnutricion global,desnutricion moderada (m),2005-07-01,6,5,2,3,8,8,16
31303,ALALAY,desnutricion global,desnutricion moderada (m),2005-07-01,5,4,3,1,8,5,13
10404,ALCALA,desnutricion global,desnutricion moderada (m),2005-07-01,6,5,5,6,11,11,22
20202,ANCORAIMES,desnutricion global,desnutricion moderada (m),2005-07-01,6,0,0,3,6,3,9
41201,ANDAMARCA,desnutricion global,desnutricion moderada (m),2005-07-01,2,1,0,0,2,1,3
40603,ANTEQUERA,desnutricion global,desnutricion moderada (m),2005-07-01,0,3,0,1,0,4,4
30402,ANZALDO,desnutricion global,desnutricion moderada (m),2005-07-01,1,1,3,2,4,3,7
20701,APOLO,desnutricion global,desnutricion moderada (m),2005-07-01,3,8,8,11,11,19,30
51301,ARAMPAMPA,desnutricion global,desnutricion moderada (m),2005-07-01,7,4,3,9,10,13,23
30501,ARANI,desnutricion global,desnutricion moderada (m),2005-07-01,6,1,1,1,7,2,9
30403,ARBIETO,desnutricion global,desnutricion moderada (m),2005-07-01,0,0,0,1,0,1,1
30601,ARQUE,desnutricion global,desnutricion moderada (m),2005-07-01,18,21,11,21,29,42,71
50802,ATOCHA,desnutricion global,desnutricion moderada (m),2005-07-01,8,8,5,5,13,13,26
20503,AUCAPATA,desnutricion global,desnutricion moderada (m),2005-07-01,4,2,2,1,6,3,9
20502,AYATA,desnutricion global,desnutricion moderada (m),2005-07-01,5,4,2,4,7,8,15
21303,AYO AYO,desnutricion global,desnutricion moderada (m),2005-07-01,3,1,2,4,5,5,10
30301,AYOPAYA (V. DE INDEPENDENCIA),desnutricion global,desnutricion moderada (m),2005-07-01,15,17,3,16,18,33,51
10201,AZURDUY,desnutricion global,desnutricion moderada (m),2005-07-01,10,20,19,24,29,44,73
21203,BATALLAS,desnutricion global,desnutricion moderada (m),2005-07-01,1,1,0,1,1,2,3
50104,BELEN DE URMIRI,desnutricion global,desnutricion moderada (m),2005-07-01,0,1,0,1,0,2,2
90104,BELLA FLOR,desnutricion global,desnutricion moderada (m),2005-07-01,0,1,0,0,0,1,1
60202,BERMEJO,desnutricion global,desnutricion moderada (m),2005-07-01,0,1,0,2,0,3,3
50301,BETANZOS,desnutricion global,desnutricion moderada (m),2005-07-01,26,26,19,33,45,59,104
31501,BOLIVAR,desnutricion global,desnutricion moderada (m),2005-07-01,18,21,13,18,31,39,70
70707,BOYUIBE,desnutricion global,desnutricion moderada (m),2005-07-01,1,2,0,0,1,2,3
70401,BUENA VISTA,desnutricion global,desnutricion moderada (m),2005-07-01,0,0,2,2,2,2,4
70703,CABEZAS,desnutricion global,desnutricion moderada (m),2005-07-01,1,2,1,2,2,4,6
20905,CAIROMA,desnutricion global,desnutricion moderada (m),2005-07-01,26,11,11,15,37,26,63
51102,"CAIZA ""D""",desnutricion global,desnutricion moderada (m),2005-07-01,6,2,4,7,10,9,19
21003,CAJUATA,desnutricion global,desnutricion moderada (m),2005-07-01,3,2,2,5,5,7,12
20303,CALACOTO,desnutricion global,desnutricion moderada (m),2005-07-01,1,0,0,0,1,0,1
21304,CALAMARCA,desnutricion global,desnutricion moderada (m),2005-07-01,27,16,5,16,32,32,64
10701,CAMARGO,desnutricion global,desnutricion moderada (m),2005-07-01,3,9,3,13,6,22,28
10901,CAMATAQUI (C. VILLA ABECIA),desnutricion global,desnutricion moderada (m),2005-07-01,0,1,3,0,3,1,4
70706,CAMIRI,desnutricion global,desnutricion moderada (m),2005-07-01,2,6,3,2,5,8,13
30701,CAPINOTA,desnutricion global,desnutricion moderada (m),2005-07-01,11,12,7,7,18,19,37
20302,CAQUIAVIRI,desnutricion global,desnutricion moderada (m),2005-07-01,2,1,4,2,6,3,9
40102,CARACOLLO,desnutricion global,desnutricion moderada (m),2005-07-01,3,2,2,3,5,5,10
22001,CARANAVI,desnutricion global,desnutricion moderada (m),2005-07-01,11,21,8,10,19,31,50
60302,CARAPARI,desnutricion global,desnutricion moderada (m),2005-07-01,1,1,2,1,3,2,5
50702,CARIPUYO,desnutricion global,desnutricion moderada (m),2005-07-01,5,13,11,14,16,27,43
40201,CHALLAPATA,desnutricion global,desnutricion moderada (m),2005-07-01,13,9,8,10,21,19,40
50302,CHAQUI,desnutricion global,desnutricion moderada (m),2005-07-01,4,4,3,2,7,6,13
70702,CHARAGUA,desnutricion global,desnutricion moderada (m),2005-07-01,1,4,6,3,7,7,14
20305,CHARAÑA,desnutricion global,desnutricion moderada (m),2005-07-01,0,0,1,1,1,1,2
50202,CHAYANTA,desnutricion global,desnutricion moderada (m),2005-07-01,7,7,11,11,18,18,36
31204,CHIMORE,desnutricion global,desnutricion moderada (m),2005-07-01,2,7,1,2,3,9,12
40903,CHIPAYA,desnutricion global,desnutricion moderada (m),2005-07-01,0,0,0,1,0,1,1
40302,CHOQUE COTA,desnutricion global,desnutricion moderada (m),2005-07-01,1,2,0,1,1,3,4
21101,CHULUMANI (V. DE LA LIBERTAD),desnutricion global,desnutricion moderada (m),2005-07-01,4,2,0,3,4,5,9
20501,CHUMA,desnutricion global,desnutricion moderada (m),2005-07-01,9,4,7,5,16,9,25
30801,CLIZA,desnutricion global,desnutricion moderada (m),2005-07-01,6,5,1,3,7,8,15
90101,COBIJA,desnutricion global,desnutricion moderada (m),2005-07-01,4,2,5,1,9,3,12
30101,COCHABAMBA,desnutricion global,desnutricion moderada (m),2005-07-01,39,23,12,27,51,50,101
30905,COLCAPIRHUA,desnutricion global,desnutricion moderada (m),2005-07-01,18,15,13,10,31,25,56
50901,"COLCHA ""K""",desnutricion global,desnutricion moderada (m),2005-07-01,1,2,1,0,2,2,4
21307,COLLANA,desnutricion global,desnutricion moderada (m),2005-07-01,0,1,0,0,0,1,1
31002,COLOMI,desnutricion global,desnutricion moderada (m),2005-07-01,11,6,4,5,15,11,26
70603,COLPA BELGICA,desnutricion global,desnutricion moderada (m),2005-07-01,0,1,1,1,1,2,3
50401,COLQUECHACA,desnutricion global,desnutricion moderada (m),2005-07-01,37,43,30,11,67,54,121
21306,COLQUENCHA,desnutricion global,desnutricion moderada (m),2005-07-01,0,3,0,1,0,4,4
21004,COLQUIRI,desnutricion global,desnutricion moderada (m),2005-07-01,10,10,12,5,22,15,37
20304,COMANCHE,desnutricion global,desnutricion moderada (m),2005-07-01,1,0,1,2,2,2,4
71301,COMARAPA,desnutricion global,desnutricion moderada (m),2005-07-01,7,4,8,8,15,12,27
20605,COMBAYA,desnutricion global,desnutricion moderada (m),2005-07-01,0,0,1,0,1,0,1
71101,CONCEPCION,desnutricion global,desnutricion moderada (m),2005-07-01,2,1,0,0,2,1,3
21701,COPACABANA,desnutricion global,desnutricion moderada (m),2005-07-01,6,2,1,0,7,2,9
21402,CORIPATA,desnutricion global,desnutricion moderada (m),2005-07-01,1,3,1,1,2,4,6
20301,CORO CORO,desnutricion global,desnutricion moderada (m),2005-07-01,3,1,2,2,5,3,8
21401,COROICO,desnutricion global,desnutricion moderada (m),2005-07-01,2,2,5,5,7,7,14
40301,CORQUE,desnutricion global,desnutricion moderada (m),2005-07-01,3,3,2,0,5,3,8
50601,COTAGAITA,desnutricion global,desnutricion moderada (m),2005-07-01,22,13,20,19,42,32,74
70102,COTOCA,desnutricion global,desnutricion moderada (m),2005-07-01,9,4,3,2,12,6,18
71106,CUATRO CAÑADAS,desnutricion global,desnutricion moderada (m),2005-07-01,2,1,0,1,2,2,4
31405,CUCHUMUELA (V. G. VILLARROEL),desnutricion global,desnutricion moderada (m),2005-07-01,1,1,1,1,2,2,4
70704,CUEVO,desnutricion global,desnutricion moderada (m),2005-07-01,0,0,1,1,1,1,2
10902,CULPINA,desnutricion global,desnutricion moderada (m),2005-07-01,27,19,13,23,40,42,82
40401,CURAHUARA DE CARANGAS,desnutricion global,desnutricion moderada (m),2005-07-01,0,0,1,1,1,1,2
21602,CURVA,desnutricion global,desnutricion moderada (m),2005-07-01,0,0,2,1,2,1,3
20804,DESAGUADERO,desnutricion global,desnutricion moderada (m),2005-07-01,1,1,0,0,1,1,2
20105,EL ALTO,desnutricion global,desnutricion moderada (m),2005-07-01,220,191,111,99,331,290,621
60502,EL PUENTE(TJA),desnutricion global,desnutricion moderada (m),2005-07-01,2,1,3,5,5,6,11
70105,EL TORNO,desnutricion global,desnutricion moderada (m),2005-07-01,3,6,1,4,4,10,14
10405,EL VILLAR,desnutricion global,desnutricion moderada (m),2005-07-01,2,3,3,12,5,15,20
60601,ENTRE RIOS,desnutricion global,desnutricion moderada (m),2005-07-01,16,4,6,12,22,16,38
60601,ENTRE RIOS,desnutricion global,desnutricion moderada (m),2005-07-01,5,2,1,2,6,4,10
41101,EUCALIPTUS,desnutricion global,desnutricion moderada (m),2005-07-01,3,2,5,1,8,3,11
80402,EXALTACION,desnutricion global,desnutricion moderada (m),2005-07-01,1,1,2,2,3,3,6
71004,FERNANDEZ ALONSO,desnutricion global,desnutricion moderada (m),2005-07-01,3,6,1,3,4,9,13
90203,FILADELFIA,desnutricion global,desnutricion moderada (m),2005-07-01,0,1,2,0,2,1,3
71002,GENERAL SAAVEDRA,desnutricion global,desnutricion moderada (m),2005-07-01,11,5,7,7,18,12,30
21601,GRAL. J.J. PEREZ (CHARAZANI),desnutricion global,desnutricion moderada (m),2005-07-01,6,7,4,6,10,13,23
20602,GUANAY,desnutricion global,desnutricion moderada (m),2005-07-01,1,3,1,5,2,8,10
20802,GUAQUI,desnutricion global,desnutricion moderada (m),2005-07-01,2,1,0,2,2,3,5
80202,GUAYARAMERIN,desnutricion global,desnutricion moderada (m),2005-07-01,9,15,5,5,14,20,34
70705,GUTIERREZ,desnutricion global,desnutricion moderada (m),2005-07-01,16,17,14,21,30,38,68
10502,HUACARETA,desnutricion global,desnutricion moderada (m),2005-07-01,2,6,2,8,4,14,18
11002,HUACAYA (VILLA DE HUACAYA),desnutricion global,desnutricion moderada (m),2005-07-01,2,1,0,1,2,2,4
40701,HUANUNI,desnutricion global,desnutricion moderada (m),2005-07-01,9,6,2,3,11,9,20
80803,HUARACAJE,desnutricion global,desnutricion moderada (m),2005-07-01,1,2,0,0,1,2,3
21005,ICHOCA,desnutricion global,desnutricion moderada (m),2005-07-01,0,1,0,1,0,2,2
10304,ICLA,desnutricion global,desnutricion moderada (m),2005-07-01,29,25,24,33,53,58,111
10703,INCAHUASI,desnutricion global,desnutricion moderada (m),2005-07-01,36,47,16,42,52,89,141
21001,INQUISIVI,desnutricion global,desnutricion moderada (m),2005-07-01,10,10,5,6,15,16,31
21102,IRUPANA (VILLA DE LANZA),desnutricion global,desnutricion moderada (m),2005-07-01,5,4,2,4,7,8,15
21501,IXIAMAS,desnutricion global,desnutricion moderada (m),2005-07-01,0,2,0,6,0,8,8
20806,JESUS DE MACHACA,desnutricion global,desnutricion moderada (m),2005-07-01,2,5,0,6,2,11,13
21105,LA ASUNTA,desnutricion global,desnutricion moderada (m),2005-07-01,8,12,6,5,14,17,31
70104,LA GUARDIA,desnutricion global,desnutricion moderada (m),2005-07-01,7,5,2,4,9,9,18
20101,LA PAZ,desnutricion global,desnutricion moderada (m),2005-07-01,143,92,49,54,192,146,338
70701,LAGUNILLAS,desnutricion global,desnutricion moderada (m),2005-07-01,1,1,4,1,5,2,7
21202,LAJA,desnutricion global,desnutricion moderada (m),2005-07-01,1,3,1,2,2,5,7
10903,LAS CARRERAS,desnutricion global,desnutricion moderada (m),2005-07-01,1,0,2,5,3,5,8
50203,LLALLAGUA,desnutricion global,desnutricion moderada (m),2005-07-01,26,24,24,40,50,64,114
51401,LLICA,desnutricion global,desnutricion moderada (m),2005-07-01,1,0,0,0,1,0,1
80601,LORETO,desnutricion global,desnutricion moderada (m),2005-07-01,1,0,1,1,2,1,3
20901,LURIBAY,desnutricion global,desnutricion moderada (m),2005-07-01,6,2,0,5,6,7,13
40702,MACHACAMARCA,desnutricion global,desnutricion moderada (m),2005-07-01,0,2,1,2,1,4,5
11003,MACHARETI,desnutricion global,desnutricion moderada (m),2005-07-01,3,1,4,2,7,3,10
80801,MAGDALENA,desnutricion global,desnutricion moderada (m),2005-07-01,1,0,1,0,2,0,2
70903,MAIRANA,desnutricion global,desnutricion moderada (m),2005-07-01,0,0,1,1,1,1,2
20904,MALLA,desnutricion global,desnutricion moderada (m),2005-07-01,2,4,3,1,5,5,10
20607,MAPIRI,desnutricion global,desnutricion moderada (m),2005-07-01,2,4,2,4,4,8,12
20103,MECAPACA,desnutricion global,desnutricion moderada (m),2005-07-01,4,4,1,0,5,4,9
71003,MINEROS,desnutricion global,desnutricion moderada (m),2005-07-01,6,7,4,2,10,9,19
31301,MIZQUE,desnutricion global,desnutricion moderada (m),2005-07-01,11,8,6,12,17,20,37
20402,MOCOMOCO,desnutricion global,desnutricion moderada (m),2005-07-01,9,6,6,9,15,15,30
10303,MOJOCOYA,desnutricion global,desnutricion moderada (m),2005-07-01,11,6,1,7,12,13,25
10501,MONTEAGUDO,desnutricion global,desnutricion moderada (m),2005-07-01,6,3,3,13,9,16,25
71001,MONTERO,desnutricion global,desnutricion moderada (m),2005-07-01,22,34,23,17,45,51,96
70803,MORO MORO,desnutricion global,desnutricion moderada (m),2005-07-01,0,0,2,1,2,1,3
30302,MOROCHATA,desnutricion global,desnutricion moderada (m),2005-07-01,14,12,5,11,19,23,42
90501,NUEVO MANOA (NUEVA ESPERANZA),desnutricion global,desnutricion moderada (m),2005-07-01,0,0,2,0,2,0,2
50404,OCURI,desnutricion global,desnutricion moderada (m),2005-07-01,26,21,26,32,52,53,105
70202,OKINAWA,desnutricion global,desnutricion moderada (m),2005-07-01,2,0,0,2,2,2,4
30203,OMEREQUE,desnutricion global,desnutricion moderada (m),2005-07-01,0,2,0,0,0,2,2
40101,ORURO,desnutricion global,desnutricion moderada (m),2005-07-01,58,50,14,20,72,70,142
60201,PADCAYA,desnutricion global,desnutricion moderada (m),2005-07-01,1,1,2,4,3,5,8
10401,PADILLA,desnutricion global,desnutricion moderada (m),2005-07-01,3,4,4,9,7,13,20
20102,PALCA,desnutricion global,desnutricion moderada (m),2005-07-01,5,2,3,3,8,5,13
21104,PALOS BLANCOS,desnutricion global,desnutricion moderada (m),2005-07-01,6,10,4,3,10,13,23
40802,PAMPA AULLAGAS,desnutricion global,desnutricion moderada (m),2005-07-01,1,1,0,0,1,1,2
70902,PAMPA GRANDE,desnutricion global,desnutricion moderada (m),2005-07-01,1,1,1,0,2,1,3
21802,PAPEL PAMPA,desnutricion global,desnutricion moderada (m),2005-07-01,2,1,0,0,2,1,3
30202,PASORAPA,desnutricion global,desnutricion moderada (m),2005-07-01,0,1,1,1,1,2,3
21305,PATACAMAYA,desnutricion global,desnutricion moderada (m),2005-07-01,22,22,8,7,30,29,59
40602,PAZÑA,desnutricion global,desnutricion moderada (m),2005-07-01,3,2,1,2,4,4,8
20702,PELECHUCO,desnutricion global,desnutricion moderada (m),2005-07-01,2,1,3,4,5,5,10
50403,POCOATA,desnutricion global,desnutricion moderada (m),2005-07-01,11,24,15,19,26,43,69
31203,POCONA,desnutricion global,desnutricion moderada (m),2005-07-01,4,3,4,1,8,4,12
31202,POJO (CBBA),desnutricion global,desnutricion moderada (m),2005-07-01,9,11,7,7,16,18,34
51203,PORCO,desnutricion global,desnutricion moderada (m),2005-07-01,2,0,0,0,2,0,2
10103,POROMA,desnutricion global,desnutricion moderada (m),2005-07-01,25,29,14,17,39,46,85
70601,PORTACHUELO,desnutricion global,desnutricion moderada (m),2005-07-01,6,1,4,2,10,3,13
90102,PORVENIR,desnutricion global,desnutricion moderada (m),2005-07-01,1,0,0,0,1,0,1
70804,POSTRER VALLE,desnutricion global,desnutricion moderada (m),2005-07-01,2,0,2,1,4,1,5
50101,POTOSI,desnutricion global,desnutricion moderada (m),2005-07-01,81,59,30,37,111,96,207
10302,PRESTO,desnutricion global,desnutricion moderada (m),2005-07-01,20,15,7,12,27,27,54
21201,PUCARANI,desnutricion global,desnutricion moderada (m),2005-07-01,12,11,6,9,18,20,38
20401,PUERTO ACOSTA,desnutricion global,desnutricion moderada (m),2005-07-01,6,5,1,4,7,9,16
20403,PUERTO CARABUCO,desnutricion global,desnutricion moderada (m),2005-07-01,6,3,13,7,19,10,29
90301,PUERTO GONZALO MORENO,desnutricion global,desnutricion moderada (m),2005-07-01,0,0,2,4,2,4,6
21204,PUERTO PEREZ,desnutricion global,desnutricion moderada (m),2005-07-01,4,3,1,0,5,3,8
90201,PUERTO RICO,desnutricion global,desnutricion moderada (m),2005-07-01,1,0,1,2,2,2,4
80703,PUERTO SILES,desnutricion global,desnutricion moderada (m),2005-07-01,1,1,0,0,1,1,2
31205,PUERTO VILLARROEL,desnutricion global,desnutricion moderada (m),2005-07-01,31,21,28,24,59,45,104
51101,PUNA,desnutricion global,desnutricion moderada (m),2005-07-01,23,25,24,38,47,63,110
31401,PUNATA,desnutricion global,desnutricion moderada (m),2005-07-01,14,12,2,3,16,15,31
20604,QUIABAYA,desnutricion global,desnutricion moderada (m),2005-07-01,1,0,1,0,2,0,2
30901,QUILLACOLLO,desnutricion global,desnutricion moderada (m),2005-07-01,19,5,5,9,24,14,38
21002,QUIME,desnutricion global,desnutricion moderada (m),2005-07-01,5,4,3,1,8,5,13
50402,RAVELO,desnutricion global,desnutricion moderada (m),2005-07-01,60,46,37,46,97,92,189
80301,REYES,desnutricion global,desnutricion moderada (m),2005-07-01,2,3,5,6,7,9,16
80201,RIBERALTA,desnutricion global,desnutricion moderada (m),2005-07-01,26,26,13,26,39,52,91
80304,RURRENABAQUE,desnutricion global,desnutricion moderada (m),2005-07-01,2,1,1,1,3,2,5
31001,SACABA,desnutricion global,desnutricion moderada (m),2005-07-01,14,18,14,21,28,39,67
30404,SACABAMBA,desnutricion global,desnutricion moderada (m),2005-07-01,1,0,1,4,2,4,6
50701,SACACA,desnutricion global,desnutricion moderada (m),2005-07-01,22,24,23,34,45,58,103
71302,SAIPINA,desnutricion global,desnutricion moderada (m),2005-07-01,1,3,0,1,1,4,5
40801,SALINAS DE GARCI MENDOZA,desnutricion global,desnutricion moderada (m),2005-07-01,2,2,1,0,3,2,5
70901,SAMAIPATA,desnutricion global,desnutricion moderada (m),2005-07-01,2,1,2,1,4,2,6
80602,SAN ANDRES,desnutricion global,desnutricion moderada (m),2005-07-01,0,2,2,3,2,5,7
20805,SAN ANDRES DE MACHACA,desnutricion global,desnutricion moderada (m),2005-07-01,2,2,1,0,3,2,5
51003,SAN ANTONIO DE ESMORUCO,desnutricion global,desnutricion moderada (m),2005-07-01,1,0,1,2,2,2,4
71105,SAN ANTONIO DE LOMERIO,desnutricion global,desnutricion moderada (m),2005-07-01,9,9,7,7,16,16,32
31403,SAN BENITO,desnutricion global,desnutricion moderada (m),2005-07-01,3,0,0,1,3,1,4
80302,SAN BORJA,desnutricion global,desnutricion moderada (m),2005-07-01,14,19,13,13,27,32,59
21502,SAN BUENA VENTURA,desnutricion global,desnutricion moderada (m),2005-07-01,2,3,5,1,7,4,11
70402,SAN CARLOS,desnutricion global,desnutricion moderada (m),2005-07-01,3,3,0,1,3,4,7
80501,SAN IGNACIO,desnutricion global,desnutricion moderada (m),2005-07-01,13,20,7,9,20,29,49
70301,SAN IGNACIO DE VELASCO,desnutricion global,desnutricion moderada (m),2005-07-01,32,31,19,47,51,78,129
80102,SAN JAVIER(BNI),desnutricion global,desnutricion moderada (m),2005-07-01,2,1,1,0,3,1,4
71102,SAN JAVIER(STC),desnutricion global,desnutricion moderada (m),2005-07-01,1,0,0,1,1,1,2
80701,SAN JOAQUIN,desnutricion global,desnutricion moderada (m),2005-07-01,0,1,0,1,0,2,2
70404,SAN JUAN DE YAPACANI,desnutricion global,desnutricion moderada (m),2005-07-01,1,0,2,0,3,0,3
71104,SAN JULIAN,desnutricion global,desnutricion moderada (m),2005-07-01,8,10,7,8,15,18,33
90302,SAN LORENZO(PND),desnutricion global,desnutricion moderada (m),2005-07-01,2,0,0,0,2,0,2
60501,SAN LORENZO(TJA),desnutricion global,desnutricion moderada (m),2005-07-01,9,3,13,16,22,19,41
10702,SAN LUCAS,desnutricion global,desnutricion moderada (m),2005-07-01,56,65,46,69,102,134,236
70302,SAN MIGUEL DE VELASCO,desnutricion global,desnutricion moderada (m),2005-07-01,3,5,2,4,5,9,14
51001,SAN PABLO DE LIPEZ,desnutricion global,desnutricion moderada (m),2005-07-01,1,1,0,0,1,1,2
71005,SAN PEDRO,desnutricion global,desnutricion moderada (m),2005-07-01,1,2,1,8,2,10,12
50501,SAN PEDRO DE BUENA VISTA,desnutricion global,desnutricion moderada (m),2005-07-01,37,24,20,37,57,61,118
21702,SAN PEDRO DE TIQUINA,desnutricion global,desnutricion moderada (m),2005-07-01,4,2,2,1,6,3,9
90202,SAN PEDRO(PND),desnutricion global,desnutricion moderada (m),2005-07-01,1,0,0,0,1,0,1
70303,SAN RAFAEL,desnutricion global,desnutricion moderada (m),2005-07-01,0,4,1,1,1,5,6
80702,SAN RAMON,desnutricion global,desnutricion moderada (m),2005-07-01,2,0,1,1,3,1,4
80401,SANTA ANA,desnutricion global,desnutricion moderada (m),2005-07-01,4,0,1,0,5,0,5
70101,SANTA CRUZ DE LA SIERRA,desnutricion global,desnutricion moderada (m),2005-07-01,180,175,66,64,246,239,485
80303,SANTA ROSA,desnutricion global,desnutricion moderada (m),2005-07-01,6,7,2,0,8,7,15
70602,SANTA ROSA DEL SARA,desnutricion global,desnutricion moderada (m),2005-07-01,2,4,2,0,4,4,8
20308,SANTIAGO DE CALLAPA,desnutricion global,desnutricion moderada (m),2005-07-01,6,0,4,4,10,4,14
41401,SANTIAGO DE HUARI,desnutricion global,desnutricion moderada (m),2005-07-01,2,1,1,2,3,3,6
21901,SANTIAGO DE MACHACA,desnutricion global,desnutricion moderada (m),2005-07-01,5,0,2,2,7,2,9
30702,SANTIVAÑES,desnutricion global,desnutricion moderada (m),2005-07-01,3,5,4,4,7,9,16
40202,SANTUARIO DE QUILLACAS,desnutricion global,desnutricion moderada (m),2005-07-01,1,1,0,0,1,1,2
20902,SAPAHAQUI,desnutricion global,desnutricion moderada (m),2005-07-01,2,5,2,4,4,9,13
90303,SENA,desnutricion global,desnutricion moderada (m),2005-07-01,3,5,1,0,4,5,9
21301,SICA SICA (VILLA AROMA),desnutricion global,desnutricion moderada (m),2005-07-01,25,18,21,26,46,44,90
30703,SICAYA,desnutricion global,desnutricion moderada (m),2005-07-01,8,2,4,4,12,6,18
30902,SIPE SIPE,desnutricion global,desnutricion moderada (m),2005-07-01,23,20,18,14,41,34,75
10403,SOPACHUY,desnutricion global,desnutricion moderada (m),2005-07-01,3,13,8,19,11,32,43
40104,SORACACHI,desnutricion global,desnutricion moderada (m),2005-07-01,3,2,1,2,4,4,8
20601,SORATA,desnutricion global,desnutricion moderada (m),2005-07-01,2,2,0,2,2,4,6
10101,SUCRE,desnutricion global,desnutricion moderada (m),2005-07-01,59,56,38,56,97,112,209
31404,TACACHI,desnutricion global,desnutricion moderada (m),2005-07-01,3,2,0,0,3,2,5
20603,TACACOMA,desnutricion global,desnutricion moderada (m),2005-07-01,0,0,2,0,2,0,2
50303,TACOBAMBA,desnutricion global,desnutricion moderada (m),2005-07-01,4,4,5,2,9,6,15
30602,TACOPAYA,desnutricion global,desnutricion moderada (m),2005-07-01,13,10,10,27,23,37,60
31101,TAPACARI,desnutricion global,desnutricion moderada (m),2005-07-01,19,11,17,13,36,24,60
10601,TARABUCO,desnutricion global,desnutricion moderada (m),2005-07-01,56,47,69,81,125,128,253
20807,TARACO,desnutricion global,desnutricion moderada (m),2005-07-01,1,0,1,0,2,0,2
30401,TARATA,desnutricion global,desnutricion moderada (m),2005-07-01,5,2,0,3,5,5,10
60101,TARIJA,desnutricion global,desnutricion moderada (m),2005-07-01,22,17,15,15,37,32,69
10202,TARVITA,desnutricion global,desnutricion moderada (m),2005-07-01,23,25,26,50,49,75,124
20608,TEOPONTE,desnutricion global,desnutricion moderada (m),2005-07-01,0,3,3,8,3,11,14
20803,TIAWANACU,desnutricion global,desnutricion moderada (m),2005-07-01,3,1,0,0,3,1,4
50102,TINGUIPAYA,desnutricion global,desnutricion moderada (m),2005-07-01,15,20,12,16,27,36,63
20606,TIPUANI,desnutricion global,desnutricion moderada (m),2005-07-01,2,2,0,1,2,3,5
30903,TIQUIPAYA,desnutricion global,desnutricion moderada (m),2005-07-01,4,4,2,5,6,9,15
31601,TIRAQUE (CBBA),desnutricion global,desnutricion moderada (m),2005-07-01,14,14,3,7,17,21,38
21703,TITO YUPANQUI (PARQUIPUJIO),desnutricion global,desnutricion moderada (m),2005-07-01,1,0,0,1,1,1,2
30802,TOCO,desnutricion global,desnutricion moderada (m),2005-07-01,7,1,3,4,10,5,15
30803,TOLATA,desnutricion global,desnutricion moderada (m),2005-07-01,0,1,0,0,0,1,1
41001,TOLEDO,desnutricion global,desnutricion moderada (m),2005-07-01,2,0,0,0,2,0,2
51202,TOMAVE,desnutricion global,desnutricion moderada (m),2005-07-01,6,3,1,1,7,4,11
10402,TOMINA,desnutricion global,desnutricion moderada (m),2005-07-01,22,15,15,22,37,37,74
50502,TORO TORO,desnutricion global,desnutricion moderada (m),2005-07-01,24,17,10,14,34,31,65
31201,TOTORA(CBBA),desnutricion global,desnutricion moderada (m),2005-07-01,9,4,4,5,13,9,22
41301,TOTORA(ORR),desnutricion global,desnutricion moderada (m),2005-07-01,0,0,0,2,0,2,2
80101,TRINIDAD,desnutricion global,desnutricion moderada (m),2005-07-01,22,15,8,14,30,29,59
50801,TUPIZA,desnutricion global,desnutricion moderada (m),2005-07-01,9,5,9,9,18,14,32
40402,TURCO,desnutricion global,desnutricion moderada (m),2005-07-01,0,1,9,6,9,7,16
21302,UMALA,desnutricion global,desnutricion moderada (m),2005-07-01,0,1,0,2,0,3,3
50201,UNCIA,desnutricion global,desnutricion moderada (m),2005-07-01,13,12,11,8,24,20,44
60401,URIONDO (A. CONCEPCION),desnutricion global,desnutricion moderada (m),2005-07-01,4,3,4,7,8,10,18
51201,UYUNI,desnutricion global,desnutricion moderada (m),2005-07-01,2,6,3,1,5,7,12
30502,VACAS,desnutricion global,desnutricion moderada (m),2005-07-01,7,5,3,0,10,5,15
70801,VALLEGRANDE,desnutricion global,desnutricion moderada (m),2005-07-01,2,2,2,6,4,8,12
20801,VIACHA,desnutricion global,desnutricion moderada (m),2005-07-01,5,8,6,5,11,13,24
31302,VILA VILA,desnutricion global,desnutricion moderada (m),2005-07-01,5,2,7,6,12,8,20
60303,VILLA MONTES,desnutricion global,desnutricion moderada (m),2005-07-01,4,1,1,2,5,3,8
90502,VILLA NUEVA (LOMA ALTA),desnutricion global,desnutricion moderada (m),2005-07-01,0,0,2,0,2,0,2
31402,VILLA RIVERO,desnutricion global,desnutricion moderada (m),2005-07-01,2,1,1,0,3,1,4
10801,VILLA SERRANO,desnutricion global,desnutricion moderada (m),2005-07-01,13,9,15,22,28,31,59
31003,VILLA TUNARI,desnutricion global,desnutricion moderada (m),2005-07-01,28,27,12,29,40,56,96
11001,VILLA VACA GUZMAN (MUYUPAMPA),desnutricion global,desnutricion moderada (m),2005-07-01,2,1,5,3,7,4,11
51501,VILLAZON,desnutricion global,desnutricion moderada (m),2005-07-01,10,10,4,8,14,18,32
30904,VINTO,desnutricion global,desnutricion moderada (m),2005-07-01,1,1,1,0,2,1,3
50602,VITICHI,desnutricion global,desnutricion moderada (m),2005-07-01,9,6,10,6,19,12,31
20306,WALDO BALLIVIAN,desnutricion global,desnutricion moderada (m),2005-07-01,0,1,1,1,1,2,3
70201,WARNES,desnutricion global,desnutricion moderada (m),2005-07-01,7,7,6,4,13,11,24
20903,YACO,desnutricion global,desnutricion moderada (m),2005-07-01,10,15,1,5,11,20,31
60301,YACUIBA,desnutricion global,desnutricion moderada (m),2005-07-01,5,8,3,2,8,10,18
10602,YAMPARAEZ,desnutricion global,desnutricion moderada (m),2005-07-01,18,14,15,19,33,33,66
70403,YAPACANI,desnutricion global,desnutricion moderada (m),2005-07-01,4,8,4,13,8,21,29
50103,YOCALLA,desnutricion global,desnutricion moderada (m),2005-07-01,3,1,3,5,6,6,12
10102,YOTALA,desnutricion global,desnutricion moderada (m),2005-07-01,4,5,7,13,11,18,29
60402,YUNCHARA,desnutricion global,desnutricion moderada (m),2005-07-01,4,1,7,5,11,6,17
10301,ZUDAÑEZ,desnutricion global,desnutricion moderada (m),2005-07-01,12,11,19,17,31,28,59
51302,ACACIO,desnutricion global,desnutricion moderada (m),2005-08-01,16,16,15,15,31,31,62
20201,ACHACACHI,desnutricion global,desnutricion moderada (m),2005-08-01,8,9,6,8,14,17,31
20104,ACHOCALLA,desnutricion global,desnutricion moderada (m),2005-08-01,2,1,0,1,2,2,4
30201,AIQUILE,desnutricion global,desnutricion moderada (m),2005-08-01,6,9,9,7,15,16,31
31303,ALALAY,desnutricion global,desnutricion moderada (m),2005-08-01,0,3,0,0,0,3,3
10404,ALCALA,desnutricion global,desnutricion moderada (m),2005-08-01,5,3,4,4,9,7,16
20202,ANCORAIMES,desnutricion global,desnutricion moderada (m),2005-08-01,1,0,1,4,2,4,6
41201,ANDAMARCA,desnutricion global,desnutricion moderada (m),2005-08-01,4,1,0,1,4,2,6
40603,ANTEQUERA,desnutricion global,desnutricion moderada (m),2005-08-01,1,4,0,3,1,7,8
30402,ANZALDO,desnutricion global,desnutricion moderada (m),2005-08-01,6,3,3,3,9,6,15
20701,APOLO,desnutricion global,desnutricion moderada (m),2005-08-01,17,10,6,8,23,18,41
51301,ARAMPAMPA,desnutricion global,desnutricion moderada (m),2005-08-01,17,12,7,7,24,19,43
30501,ARANI,desnutricion global,desnutricion moderada (m),2005-08-01,3,3,0,3,3,6,9
30403,ARBIETO,desnutricion global,desnutricion moderada (m),2005-08-01,4,3,3,5,7,8,15
30601,ARQUE,desnutricion global,desnutricion moderada (m),2005-08-01,13,11,7,10,20,21,41
50802,ATOCHA,desnutricion global,desnutricion moderada (m),2005-08-01,6,2,1,5,7,7,14
20503,AUCAPATA,desnutricion global,desnutricion moderada (m),2005-08-01,5,1,2,2,7,3,10
20502,AYATA,desnutricion global,desnutricion moderada (m),2005-08-01,12,4,3,2,15,6,21
21303,AYO AYO,desnutricion global,desnutricion moderada (m),2005-08-01,5,6,3,2,8,8,16
30301,AYOPAYA (V. DE INDEPENDENCIA),desnutricion global,desnutricion moderada (m),2005-08-01,16,12,11,14,27,26,53
10201,AZURDUY,desnutricion global,desnutricion moderada (m),2005-08-01,14,16,11,20,25,36,61
21203,BATALLAS,desnutricion global,desnutricion moderada (m),2005-08-01,1,2,1,2,2,4,6
80802,BAURES,desnutricion global,desnutricion moderada (m),2005-08-01,1,2,0,0,1,2,3
41202,BELEN DE ANDAMARCA,desnutricion global,desnutricion moderada (m),2005-08-01,2,0,0,0,2,0,2
50104,BELEN DE URMIRI,desnutricion global,desnutricion moderada (m),2005-08-01,2,0,0,3,2,3,5
90104,BELLA FLOR,desnutricion global,desnutricion moderada (m),2005-08-01,0,1,0,0,0,1,1
60202,BERMEJO,desnutricion global,desnutricion moderada (m),2005-08-01,1,0,4,0,5,0,5
50301,BETANZOS,desnutricion global,desnutricion moderada (m),2005-08-01,43,35,21,37,64,72,136
31501,BOLIVAR,desnutricion global,desnutricion moderada (m),2005-08-01,22,16,7,19,29,35,64
70401,BUENA VISTA,desnutricion global,desnutricion moderada (m),2005-08-01,2,0,3,2,5,2,7
70703,CABEZAS,desnutricion global,desnutricion moderada (m),2005-08-01,5,3,5,4,10,7,17
20905,CAIROMA,desnutricion global,desnutricion moderada (m),2005-08-01,26,15,19,18,45,33,78
51102,"CAIZA ""D""",desnutricion global,desnutricion moderada (m),2005-08-01,3,4,9,5,12,9,21
21003,CAJUATA,desnutricion global,desnutricion moderada (m),2005-08-01,1,4,0,0,1,4,5
20303,CALACOTO,desnutricion global,desnutricion moderada (m),2005-08-01,1,0,1,0,2,0,2
21304,CALAMARCA,desnutricion global,desnutricion moderada (m),2005-08-01,24,14,9,12,33,26,59
10701,CAMARGO,desnutricion global,desnutricion moderada (m),2005-08-01,13,16,7,20,20,36,56
10901,CAMATAQUI (C. VILLA ABECIA),desnutricion global,desnutricion moderada (m),2005-08-01,0,1,0,0,0,1,1
70706,CAMIRI,desnutricion global,desnutricion moderada (m),2005-08-01,12,5,4,4,16,9,25
30701,CAPINOTA,desnutricion global,desnutricion moderada (m),2005-08-01,13,10,5,6,18,16,34
20302,CAQUIAVIRI,desnutricion global,desnutricion moderada (m),2005-08-01,2,3,3,4,5,7,12
40102,CARACOLLO,desnutricion global,desnutricion moderada (m),2005-08-01,1,2,1,1,2,3,5
22001,CARANAVI,desnutricion global,desnutricion moderada (m),2005-08-01,10,20,10,23,20,43,63
60302,CARAPARI,desnutricion global,desnutricion moderada (m),2005-08-01,0,0,1,3,1,3,4
50702,CARIPUYO,desnutricion global,desnutricion moderada (m),2005-08-01,10,19,11,33,21,52,73
21803,CHACARILLA,desnutricion global,desnutricion moderada (m),2005-08-01,1,0,0,0,1,0,1
40201,CHALLAPATA,desnutricion global,desnutricion moderada (m),2005-08-01,16,15,7,10,23,25,48
50302,CHAQUI,desnutricion global,desnutricion moderada (m),2005-08-01,4,2,4,5,8,7,15
70702,CHARAGUA,desnutricion global,desnutricion moderada (m),2005-08-01,1,8,7,5,8,13,21
20305,CHARAÑA,desnutricion global,desnutricion moderada (m),2005-08-01,0,1,0,0,0,1,1
50202,CHAYANTA,desnutricion global,desnutricion moderada (m),2005-08-01,14,22,15,18,29,40,69
31204,CHIMORE,desnutricion global,desnutricion moderada (m),2005-08-01,9,9,4,2,13,11,24
40903,CHIPAYA,desnutricion global,desnutricion moderada (m),2005-08-01,1,0,3,1,4,1,5
21101,CHULUMANI (V. DE LA LIBERTAD),desnutricion global,desnutricion moderada (m),2005-08-01,3,2,2,3,5,5,10
20501,CHUMA,desnutricion global,desnutricion moderada (m),2005-08-01,7,5,6,2,13,7,20
30801,CLIZA,desnutricion global,desnutricion moderada (m),2005-08-01,8,3,3,2,11,5,16
90101,COBIJA,desnutricion global,desnutricion moderada (m),2005-08-01,6,2,6,6,12,8,20
30101,COCHABAMBA,desnutricion global,desnutricion moderada (m),2005-08-01,40,43,24,35,64,78,142
30905,COLCAPIRHUA,desnutricion global,desnutricion moderada (m),2005-08-01,14,7,3,4,17,11,28
50901,"COLCHA ""K""",desnutricion global,desnutricion moderada (m),2005-08-01,4,1,2,3,6,4,10
21307,COLLANA,desnutricion global,desnutricion moderada (m),2005-08-01,1,0,0,0,1,0,1
31002,COLOMI,desnutricion global,desnutricion moderada (m),2005-08-01,7,7,2,6,9,13,22
70603,COLPA BELGICA,desnutricion global,desnutricion moderada (m),2005-08-01,0,3,2,0,2,3,5
50401,COLQUECHACA,desnutricion global,desnutricion moderada (m),2005-08-01,29,18,9,8,38,26,64
21306,COLQUENCHA,desnutricion global,desnutricion moderada (m),2005-08-01,8,4,0,3,8,7,15
21004,COLQUIRI,desnutricion global,desnutricion moderada (m),2005-08-01,5,8,4,3,9,11,20
71301,COMARAPA,desnutricion global,desnutricion moderada (m),2005-08-01,4,3,10,9,14,12,26
20605,COMBAYA,desnutricion global,desnutricion moderada (m),2005-08-01,2,0,0,4,2,4,6
71101,CONCEPCION,desnutricion global,desnutricion moderada (m),2005-08-01,5,0,0,0,5,0,5
21701,COPACABANA,desnutricion global,desnutricion moderada (m),2005-08-01,1,1,0,0,1,1,2
21402,CORIPATA,desnutricion global,desnutricion moderada (m),2005-08-01,1,1,0,2,1,3,4
20301,CORO CORO,desnutricion global,desnutricion moderada (m),2005-08-01,4,2,6,1,10,3,13
21401,COROICO,desnutricion global,desnutricion moderada (m),2005-08-01,0,2,3,6,3,8,11
40301,CORQUE,desnutricion global,desnutricion moderada (m),2005-08-01,7,3,1,1,8,4,12
50601,COTAGAITA,desnutricion global,desnutricion moderada (m),2005-08-01,12,10,7,20,19,30,49
70102,COTOCA,desnutricion global,desnutricion moderada (m),2005-08-01,4,8,2,9,6,17,23
71106,CUATRO CAÑADAS,desnutricion global,desnutricion moderada (m),2005-08-01,0,1,0,2,0,3,3
31405,CUCHUMUELA (V. G. VILLARROEL),desnutricion global,desnutricion moderada (m),2005-08-01,0,1,0,1,0,2,2
70704,CUEVO,desnutricion global,desnutricion moderada (m),2005-08-01,1,0,0,0,1,0,1
10902,CULPINA,desnutricion global,desnutricion moderada (m),2005-08-01,40,18,24,24,64,42,106
40401,CURAHUARA DE CARANGAS,desnutricion global,desnutricion moderada (m),2005-08-01,5,3,4,2,9,5,14
21602,CURVA,desnutricion global,desnutricion moderada (m),2005-08-01,1,0,2,2,3,2,5
20804,DESAGUADERO,desnutricion global,desnutricion moderada (m),2005-08-01,2,1,2,2,4,3,7
20105,EL ALTO,desnutricion global,desnutricion moderada (m),2005-08-01,287,209,155,124,442,333,775
40103,EL CHORO,desnutricion global,desnutricion moderada (m),2005-08-01,0,2,0,3,0,5,5
60502,EL PUENTE(TJA),desnutricion global,desnutricion moderada (m),2005-08-01,1,3,3,2,4,5,9
70105,EL TORNO,desnutricion global,desnutricion moderada (m),2005-08-01,3,5,1,4,4,9,13
10405,EL VILLAR,desnutricion global,desnutricion moderada (m),2005-08-01,1,1,2,12,3,13,16
60601,ENTRE RIOS,desnutricion global,desnutricion moderada (m),2005-08-01,11,8,8,7,19,15,34
60601,ENTRE RIOS,desnutricion global,desnutricion moderada (m),2005-08-01,5,4,1,2,6,6,12
41101,EUCALIPTUS,desnutricion global,desnutricion moderada (m),2005-08-01,3,1,2,1,5,2,7
80402,EXALTACION,desnutricion global,desnutricion moderada (m),2005-08-01,1,0,6,2,7,2,9
71004,FERNANDEZ ALONSO,desnutricion global,desnutricion moderada (m),2005-08-01,2,6,0,3,2,9,11
90203,FILADELFIA,desnutricion global,desnutricion moderada (m),2005-08-01,0,1,1,0,1,1,2
71002,GENERAL SAAVEDRA,desnutricion global,desnutricion moderada (m),2005-08-01,11,10,6,4,17,14,31
21601,GRAL. J.J. PEREZ (CHARAZANI),desnutricion global,desnutricion moderada (m),2005-08-01,2,5,5,6,7,11,18
20602,GUANAY,desnutricion global,desnutricion moderada (m),2005-08-01,2,3,1,0,3,3,6
20802,GUAQUI,desnutricion global,desnutricion moderada (m),2005-08-01,3,0,1,1,4,1,5
80202,GUAYARAMERIN,desnutricion global,desnutricion moderada (m),2005-08-01,12,10,6,9,18,19,37
70705,GUTIERREZ,desnutricion global,desnutricion moderada (m),2005-08-01,13,13,10,15,23,28,51
10502,HUACARETA,desnutricion global,desnutricion moderada (m),2005-08-01,3,9,4,3,7,12,19
11002,HUACAYA (VILLA DE HUACAYA),desnutricion global,desnutricion moderada (m),2005-08-01,6,3,4,4,10,7,17
40701,HUANUNI,desnutricion global,desnutricion moderada (m),2005-08-01,12,3,3,4,15,7,22
80803,HUARACAJE,desnutricion global,desnutricion moderada (m),2005-08-01,1,2,2,0,3,2,5
10304,ICLA,desnutricion global,desnutricion moderada (m),2005-08-01,23,13,23,13,46,26,72
10703,INCAHUASI,desnutricion global,desnutricion moderada (m),2005-08-01,38,50,35,50,73,100,173
90402,INGAVI (HUMAITA),desnutricion global,desnutricion moderada (m),2005-08-01,0,0,1,0,1,0,1
21001,INQUISIVI,desnutricion global,desnutricion moderada (m),2005-08-01,8,11,5,4,13,15,28
21102,IRUPANA (VILLA DE LANZA),desnutricion global,desnutricion moderada (m),2005-08-01,1,2,3,3,4,5,9
21501,IXIAMAS,desnutricion global,desnutricion moderada (m),2005-08-01,7,5,2,1,9,6,15
20806,JESUS DE MACHACA,desnutricion global,desnutricion moderada (m),2005-08-01,4,4,3,4,7,8,15
21105,LA ASUNTA,desnutricion global,desnutricion moderada (m),2005-08-01,5,2,0,4,5,6,11
70104,LA GUARDIA,desnutricion global,desnutricion moderada (m),2005-08-01,7,6,4,8,11,14,25
20101,LA PAZ,desnutricion global,desnutricion moderada (m),2005-08-01,152,167,56,86,208,253,461
70701,LAGUNILLAS,desnutricion global,desnutricion moderada (m),2005-08-01,1,4,1,4,2,8,10
21202,LAJA,desnutricion global,desnutricion moderada (m),2005-08-01,4,3,0,3,4,6,10
10903,LAS CARRERAS,desnutricion global,desnutricion moderada (m),2005-08-01,3,0,1,3,4,3,7
50203,LLALLAGUA,desnutricion global,desnutricion moderada (m),2005-08-01,35,19,51,55,86,74,160
51401,LLICA,desnutricion global,desnutricion moderada (m),2005-08-01,0,1,2,1,2,2,4
80601,LORETO,desnutricion global,desnutricion moderada (m),2005-08-01,0,3,1,0,1,3,4
20901,LURIBAY,desnutricion global,desnutricion moderada (m),2005-08-01,5,7,1,6,6,13,19
40702,MACHACAMARCA,desnutricion global,desnutricion moderada (m),2005-08-01,1,0,0,0,1,0,1
11003,MACHARETI,desnutricion global,desnutricion moderada (m),2005-08-01,4,3,6,3,10,6,16
80801,MAGDALENA,desnutricion global,desnutricion moderada (m),2005-08-01,5,1,1,1,6,2,8
70903,MAIRANA,desnutricion global,desnutricion moderada (m),2005-08-01,2,1,0,0,2,1,3
20904,MALLA,desnutricion global,desnutricion moderada (m),2005-08-01,5,3,1,5,6,8,14
20607,MAPIRI,desnutricion global,desnutricion moderada (m),2005-08-01,1,2,0,1,1,3,4
20103,MECAPACA,desnutricion global,desnutricion moderada (m),2005-08-01,4,2,1,0,5,2,7
71003,MINEROS,desnutricion global,desnutricion moderada (m),2005-08-01,8,4,1,4,9,8,17
31301,MIZQUE,desnutricion global,desnutricion moderada (m),2005-08-01,5,15,5,5,10,20,30
20402,MOCOMOCO,desnutricion global,desnutricion moderada (m),2005-08-01,6,0,6,4,12,4,16
51002,MOJINETE,desnutricion global,desnutricion moderada (m),2005-08-01,1,0,0,0,1,0,1
10303,MOJOCOYA,desnutricion global,desnutricion moderada (m),2005-08-01,7,8,1,7,8,15,23
10501,MONTEAGUDO,desnutricion global,desnutricion moderada (m),2005-08-01,17,8,7,24,24,32,56
71001,MONTERO,desnutricion global,desnutricion moderada (m),2005-08-01,36,34,24,41,60,75,135
70803,MORO MORO,desnutricion global,desnutricion moderada (m),2005-08-01,1,1,2,2,3,3,6
30302,MOROCHATA,desnutricion global,desnutricion moderada (m),2005-08-01,29,14,15,12,44,26,70
50404,OCURI,desnutricion global,desnutricion moderada (m),2005-08-01,28,31,15,24,43,55,98
70202,OKINAWA,desnutricion global,desnutricion moderada (m),2005-08-01,1,3,1,0,2,3,5
30203,OMEREQUE,desnutricion global,desnutricion moderada (m),2005-08-01,1,1,3,3,4,4,8
40101,ORURO,desnutricion global,desnutricion moderada (m),2005-08-01,68,49,18,38,86,87,173
60201,PADCAYA,desnutricion global,desnutricion moderada (m),2005-08-01,3,2,3,6,6,8,14
10401,PADILLA,desnutricion global,desnutricion moderada (m),2005-08-01,5,8,18,15,23,23,46
20102,PALCA,desnutricion global,desnutricion moderada (m),2005-08-01,4,8,8,5,12,13,25
21104,PALOS BLANCOS,desnutricion global,desnutricion moderada (m),2005-08-01,10,14,4,7,14,21,35
40802,PAMPA AULLAGAS,desnutricion global,desnutricion moderada (m),2005-08-01,0,0,1,3,1,3,4
70902,PAMPA GRANDE,desnutricion global,desnutricion moderada (m),2005-08-01,1,1,0,1,1,2,3
21802,PAPEL PAMPA,desnutricion global,desnutricion moderada (m),2005-08-01,0,0,1,1,1,1,2
30202,PASORAPA,desnutricion global,desnutricion moderada (m),2005-08-01,3,2,3,3,6,5,11
21305,PATACAMAYA,desnutricion global,desnutricion moderada (m),2005-08-01,9,11,4,11,13,22,35
40602,PAZÑA,desnutricion global,desnutricion moderada (m),2005-08-01,0,2,0,0,0,2,2
20702,PELECHUCO,desnutricion global,desnutricion moderada (m),2005-08-01,6,3,2,2,8,5,13
50403,POCOATA,desnutricion global,desnutricion moderada (m),2005-08-01,11,16,8,15,19,31,50
31203,POCONA,desnutricion global,desnutricion moderada (m),2005-08-01,5,4,7,14,12,18,30
31202,POJO (CBBA),desnutricion global,desnutricion moderada (m),2005-08-01,5,1,8,4,13,5,18
51203,PORCO,desnutricion global,desnutricion moderada (m),2005-08-01,2,4,5,1,7,5,12
10103,POROMA,desnutricion global,desnutricion moderada (m),2005-08-01,22,27,18,30,40,57,97
70103,PORONGO,desnutricion global,desnutricion moderada (m),2005-08-01,0,0,0,1,0,1,1
70601,PORTACHUELO,desnutricion global,desnutricion moderada (m),2005-08-01,5,5,2,5,7,10,17
70804,POSTRER VALLE,desnutricion global,desnutricion moderada (m),2005-08-01,2,0,0,1,2,1,3
50101,POTOSI,desnutricion global,desnutricion moderada (m),2005-08-01,82,61,41,53,123,114,237
10302,PRESTO,desnutricion global,desnutricion moderada (m),2005-08-01,19,11,8,15,27,26,53
21201,PUCARANI,desnutricion global,desnutricion moderada (m),2005-08-01,7,6,6,2,13,8,21
20401,PUERTO ACOSTA,desnutricion global,desnutricion moderada (m),2005-08-01,1,3,0,2,1,5,6
20403,PUERTO CARABUCO,desnutricion global,desnutricion moderada (m),2005-08-01,3,1,1,3,4,4,8
90301,PUERTO GONZALO MORENO,desnutricion global,desnutricion moderada (m),2005-08-01,1,0,2,4,3,4,7
21204,PUERTO PEREZ,desnutricion global,desnutricion moderada (m),2005-08-01,1,3,2,0,3,3,6
90201,PUERTO RICO,desnutricion global,desnutricion moderada (m),2005-08-01,3,0,3,1,6,1,7
80703,PUERTO SILES,desnutricion global,desnutricion moderada (m),2005-08-01,1,0,0,1,1,1,2
31205,PUERTO VILLARROEL,desnutricion global,desnutricion moderada (m),2005-08-01,30,22,15,19,45,41,86
51101,PUNA,desnutricion global,desnutricion moderada (m),2005-08-01,40,29,22,24,62,53,115
31401,PUNATA,desnutricion global,desnutricion moderada (m),2005-08-01,5,8,6,8,11,16,27
20604,QUIABAYA,desnutricion global,desnutricion moderada (m),2005-08-01,0,1,1,0,1,1,2
30901,QUILLACOLLO,desnutricion global,desnutricion moderada (m),2005-08-01,14,9,8,2,22,11,33
21002,QUIME,desnutricion global,desnutricion moderada (m),2005-08-01,5,2,4,4,9,6,15
50402,RAVELO,desnutricion global,desnutricion moderada (m),2005-08-01,55,42,50,53,105,95,200
80301,REYES,desnutricion global,desnutricion moderada (m),2005-08-01,7,11,8,9,15,20,35
80201,RIBERALTA,desnutricion global,desnutricion moderada (m),2005-08-01,46,63,29,38,75,101,176
80304,RURRENABAQUE,desnutricion global,desnutricion moderada (m),2005-08-01,2,2,0,0,2,2,4
40901,SABAYA,desnutricion global,desnutricion moderada (m),2005-08-01,1,0,2,1,3,1,4
31001,SACABA,desnutricion global,desnutricion moderada (m),2005-08-01,16,5,9,14,25,19,44
30404,SACABAMBA,desnutricion global,desnutricion moderada (m),2005-08-01,7,7,1,7,8,14,22
50701,SACACA,desnutricion global,desnutricion moderada (m),2005-08-01,50,37,51,54,101,91,192
71302,SAIPINA,desnutricion global,desnutricion moderada (m),2005-08-01,2,0,0,1,2,1,3
40801,SALINAS DE GARCI MENDOZA,desnutricion global,desnutricion moderada (m),2005-08-01,3,7,1,2,4,9,13
70901,SAMAIPATA,desnutricion global,desnutricion moderada (m),2005-08-01,2,2,4,1,6,3,9
80602,SAN ANDRES,desnutricion global,desnutricion moderada (m),2005-08-01,8,1,2,5,10,6,16
20805,SAN ANDRES DE MACHACA,desnutricion global,desnutricion moderada (m),2005-08-01,2,4,1,1,3,5,8
51003,SAN ANTONIO DE ESMORUCO,desnutricion global,desnutricion moderada (m),2005-08-01,0,0,0,1,0,1,1
71105,SAN ANTONIO DE LOMERIO,desnutricion global,desnutricion moderada (m),2005-08-01,9,5,3,6,12,11,23
31403,SAN BENITO,desnutricion global,desnutricion moderada (m),2005-08-01,2,2,3,3,5,5,10
80302,SAN BORJA,desnutricion global,desnutricion moderada (m),2005-08-01,18,13,8,14,26,27,53
21502,SAN BUENA VENTURA,desnutricion global,desnutricion moderada (m),2005-08-01,1,2,3,0,4,2,6
70402,SAN CARLOS,desnutricion global,desnutricion moderada (m),2005-08-01,3,4,0,1,3,5,8
80501,SAN IGNACIO,desnutricion global,desnutricion moderada (m),2005-08-01,12,9,11,7,23,16,39
70301,SAN IGNACIO DE VELASCO,desnutricion global,desnutricion moderada (m),2005-08-01,37,36,16,44,53,80,133
80102,SAN JAVIER(BNI),desnutricion global,desnutricion moderada (m),2005-08-01,11,1,5,3,16,4,20
80701,SAN JOAQUIN,desnutricion global,desnutricion moderada (m),2005-08-01,0,1,0,1,0,2,2
70404,SAN JUAN DE YAPACANI,desnutricion global,desnutricion moderada (m),2005-08-01,1,0,1,1,2,1,3
71104,SAN JULIAN,desnutricion global,desnutricion moderada (m),2005-08-01,7,5,3,2,10,7,17
90302,SAN LORENZO(PND),desnutricion global,desnutricion moderada (m),2005-08-01,2,2,1,0,3,2,5
60501,SAN LORENZO(TJA),desnutricion global,desnutricion moderada (m),2005-08-01,9,7,13,6,22,13,35
10702,SAN LUCAS,desnutricion global,desnutricion moderada (m),2005-08-01,89,70,58,77,147,147,294
70302,SAN MIGUEL DE VELASCO,desnutricion global,desnutricion moderada (m),2005-08-01,4,0,2,4,6,4,10
51001,SAN PABLO DE LIPEZ,desnutricion global,desnutricion moderada (m),2005-08-01,5,1,2,0,7,1,8
71005,SAN PEDRO,desnutricion global,desnutricion moderada (m),2005-08-01,2,5,3,1,5,6,11
50501,SAN PEDRO DE BUENA VISTA,desnutricion global,desnutricion moderada (m),2005-08-01,38,34,33,34,71,68,139
21801,SAN PEDRO DE CURAHUARA,desnutricion global,desnutricion moderada (m),2005-08-01,1,0,3,0,4,0,4
21702,SAN PEDRO DE TIQUINA,desnutricion global,desnutricion moderada (m),2005-08-01,2,1,0,0,2,1,3
90202,SAN PEDRO(PND),desnutricion global,desnutricion moderada (m),2005-08-01,0,4,5,2,5,6,11
70303,SAN RAFAEL,desnutricion global,desnutricion moderada (m),2005-08-01,2,3,1,0,3,3,6
80401,SANTA ANA,desnutricion global,desnutricion moderada (m),2005-08-01,2,1,2,0,4,1,5
70101,SANTA CRUZ DE LA SIERRA,desnutricion global,desnutricion moderada (m),2005-08-01,222,187,56,81,278,268,546
80303,SANTA ROSA,desnutricion global,desnutricion moderada (m),2005-08-01,5,4,2,1,7,5,12
70602,SANTA ROSA DEL SARA,desnutricion global,desnutricion moderada (m),2005-08-01,4,0,1,8,5,8,13
20308,SANTIAGO DE CALLAPA,desnutricion global,desnutricion moderada (m),2005-08-01,4,0,2,1,6,1,7
41401,SANTIAGO DE HUARI,desnutricion global,desnutricion moderada (m),2005-08-01,0,6,2,0,2,6,8
21901,SANTIAGO DE MACHACA,desnutricion global,desnutricion moderada (m),2005-08-01,1,0,0,0,1,0,1
30702,SANTIVAÑES,desnutricion global,desnutricion moderada (m),2005-08-01,5,1,4,5,9,6,15
40202,SANTUARIO DE QUILLACAS,desnutricion global,desnutricion moderada (m),2005-08-01,1,0,0,0,1,0,1
20902,SAPAHAQUI,desnutricion global,desnutricion moderada (m),2005-08-01,5,3,5,2,10,5,15
90303,SENA,desnutricion global,desnutricion moderada (m),2005-08-01,2,1,2,0,4,1,5
21301,SICA SICA (VILLA AROMA),desnutricion global,desnutricion moderada (m),2005-08-01,27,13,19,21,46,34,80
30703,SICAYA,desnutricion global,desnutricion moderada (m),2005-08-01,6,1,3,3,9,4,13
30902,SIPE SIPE,desnutricion global,desnutricion moderada (m),2005-08-01,32,22,14,18,46,40,86
10403,SOPACHUY,desnutricion global,desnutricion moderada (m),2005-08-01,7,11,11,19,18,30,48
40104,SORACACHI,desnutricion global,desnutricion moderada (m),2005-08-01,2,1,0,2,2,3,5
20601,SORATA,desnutricion global,desnutricion moderada (m),2005-08-01,5,0,1,1,6,1,7
10101,SUCRE,desnutricion global,desnutricion moderada (m),2005-08-01,82,78,71,100,153,178,331
31404,TACACHI,desnutricion global,desnutricion moderada (m),2005-08-01,3,1,1,1,4,2,6
20603,TACACOMA,desnutricion global,desnutricion moderada (m),2005-08-01,2,3,3,1,5,4,9
50303,TACOBAMBA,desnutricion global,desnutricion moderada (m),2005-08-01,8,15,15,9,23,24,47
30602,TACOPAYA,desnutricion global,desnutricion moderada (m),2005-08-01,9,17,5,7,14,24,38
31101,TAPACARI,desnutricion global,desnutricion moderada (m),2005-08-01,15,18,5,5,20,23,43
10601,TARABUCO,desnutricion global,desnutricion moderada (m),2005-08-01,89,58,57,76,146,134,280
20807,TARACO,desnutricion global,desnutricion moderada (m),2005-08-01,3,0,0,2,3,2,5
30401,TARATA,desnutricion global,desnutricion moderada (m),2005-08-01,0,5,1,5,1,10,11
60101,TARIJA,desnutricion global,desnutricion moderada (m),2005-08-01,29,28,17,18,46,46,92
10202,TARVITA,desnutricion global,desnutricion moderada (m),2005-08-01,3,6,5,2,8,8,16
20608,TEOPONTE,desnutricion global,desnutricion moderada (m),2005-08-01,2,3,1,3,3,6,9
20803,TIAWANACU,desnutricion global,desnutricion moderada (m),2005-08-01,0,0,2,0,2,0,2
50102,TINGUIPAYA,desnutricion global,desnutricion moderada (m),2005-08-01,41,34,25,30,66,64,130
20606,TIPUANI,desnutricion global,desnutricion moderada (m),2005-08-01,1,0,1,0,2,0,2
30903,TIQUIPAYA,desnutricion global,desnutricion moderada (m),2005-08-01,13,8,2,4,15,12,27
31601,TIRAQUE (CBBA),desnutricion global,desnutricion moderada (m),2005-08-01,15,15,14,10,29,25,54
21703,TITO YUPANQUI (PARQUIPUJIO),desnutricion global,desnutricion moderada (m),2005-08-01,1,0,0,1,1,1,2
30802,TOCO,desnutricion global,desnutricion moderada (m),2005-08-01,1,1,1,3,2,4,6
41001,TOLEDO,desnutricion global,desnutricion moderada (m),2005-08-01,0,0,1,0,1,0,1
51202,TOMAVE,desnutricion global,desnutricion moderada (m),2005-08-01,9,4,7,6,16,10,26
10402,TOMINA,desnutricion global,desnutricion moderada (m),2005-08-01,19,18,18,29,37,47,84
50502,TORO TORO,desnutricion global,desnutricion moderada (m),2005-08-01,25,25,13,17,38,42,80
31201,TOTORA(CBBA),desnutricion global,desnutricion moderada (m),2005-08-01,15,8,5,13,20,21,41
41301,TOTORA(ORR),desnutricion global,desnutricion moderada (m),2005-08-01,1,0,0,0,1,0,1
80101,TRINIDAD,desnutricion global,desnutricion moderada (m),2005-08-01,27,20,6,13,33,33,66
50801,TUPIZA,desnutricion global,desnutricion moderada (m),2005-08-01,13,6,7,9,20,15,35
21302,UMALA,desnutricion global,desnutricion moderada (m),2005-08-01,2,2,0,2,2,4,6
50201,UNCIA,desnutricion global,desnutricion moderada (m),2005-08-01,6,6,3,3,9,9,18
60401,URIONDO (A. CONCEPCION),desnutricion global,desnutricion moderada (m),2005-08-01,0,3,4,3,4,6,10
51201,UYUNI,desnutricion global,desnutricion moderada (m),2005-08-01,6,4,7,3,13,7,20
30502,VACAS,desnutricion global,desnutricion moderada (m),2005-08-01,2,9,0,1,2,10,12
70801,VALLEGRANDE,desnutricion global,desnutricion moderada (m),2005-08-01,2,1,2,5,4,6,10
20801,VIACHA,desnutricion global,desnutricion moderada (m),2005-08-01,8,17,6,10,14,27,41
31302,VILA VILA,desnutricion global,desnutricion moderada (m),2005-08-01,3,5,4,1,7,6,13
60303,VILLA MONTES,desnutricion global,desnutricion moderada (m),2005-08-01,6,5,6,8,12,13,25
90502,VILLA NUEVA (LOMA ALTA),desnutricion global,desnutricion moderada (m),2005-08-01,1,1,1,0,2,1,3
31402,VILLA RIVERO,desnutricion global,desnutricion moderada (m),2005-08-01,8,2,2,0,10,2,12
10801,VILLA SERRANO,desnutricion global,desnutricion moderada (m),2005-08-01,11,12,15,16,26,28,54
31003,VILLA TUNARI,desnutricion global,desnutricion moderada (m),2005-08-01,42,43,25,27,67,70,137
11001,VILLA VACA GUZMAN (MUYUPAMPA),desnutricion global,desnutricion moderada (m),2005-08-01,5,3,4,5,9,8,17
51501,VILLAZON,desnutricion global,desnutricion moderada (m),2005-08-01,12,9,5,11,17,20,37
30904,VINTO,desnutricion global,desnutricion moderada (m),2005-08-01,5,1,1,0,6,1,7
50602,VITICHI,desnutricion global,desnutricion moderada (m),2005-08-01,6,4,7,12,13,16,29
20306,WALDO BALLIVIAN,desnutricion global,desnutricion moderada (m),2005-08-01,2,0,0,1,2,1,3
70201,WARNES,desnutricion global,desnutricion moderada (m),2005-08-01,3,9,5,5,8,14,22
20903,YACO,desnutricion global,desnutricion moderada (m),2005-08-01,8,9,5,4,13,13,26
60301,YACUIBA,desnutricion global,desnutricion moderada (m),2005-08-01,6,7,6,6,12,13,25
10602,YAMPARAEZ,desnutricion global,desnutricion moderada (m),2005-08-01,20,11,15,20,35,31,66
70403,YAPACANI,desnutricion global,desnutricion moderada (m),2005-08-01,13,5,4,11,17,16,33
50103,YOCALLA,desnutricion global,desnutricion moderada (m),2005-08-01,2,1,1,0,3,1,4
10102,YOTALA,desnutricion global,desnutricion moderada (m),2005-08-01,8,5,2,12,10,17,27
60402,YUNCHARA,desnutricion global,desnutricion moderada (m),2005-08-01,2,5,5,8,7,13,20
10301,ZUDAÑEZ,desnutricion global,desnutricion moderada (m),2005-08-01,12,10,11,17,23,27,50
51302,ACACIO,desnutricion global,desnutricion moderada (m),2005-09-01,6,6,8,5,14,11,25
20201,ACHACACHI,desnutricion global,desnutricion moderada (m),2005-09-01,8,7,2,2,10,9,19
20104,ACHOCALLA,desnutricion global,desnutricion moderada (m),2005-09-01,0,0,1,1,1,1,2
30201,AIQUILE,desnutricion global,desnutricion moderada (m),2005-09-01,8,10,9,11,17,21,38
31303,ALALAY,desnutricion global,desnutricion moderada (m),2005-09-01,5,7,3,1,8,8,16
10404,ALCALA,desnutricion global,desnutricion moderada (m),2005-09-01,3,3,4,4,7,7,14
20202,ANCORAIMES,desnutricion global,desnutricion moderada (m),2005-09-01,7,2,2,3,9,5,14
41201,ANDAMARCA,desnutricion global,desnutricion moderada (m),2005-09-01,2,1,1,0,3,1,4
40603,ANTEQUERA,desnutricion global,desnutricion moderada (m),2005-09-01,0,2,0,0,0,2,2
30402,ANZALDO,desnutricion global,desnutricion moderada (m),2005-09-01,1,0,0,2,1,2,3
20701,APOLO,desnutricion global,desnutricion moderada (m),2005-09-01,5,3,6,7,11,10,21
51301,ARAMPAMPA,desnutricion global,desnutricion moderada (m),2005-09-01,9,7,6,7,15,14,29
30501,ARANI,desnutricion global,desnutricion moderada (m),2005-09-01,6,9,5,11,11,20,31
30403,ARBIETO,desnutricion global,desnutricion moderada (m),2005-09-01,1,2,5,5,6,7,13
30601,ARQUE,desnutricion global,desnutricion moderada (m),2005-09-01,7,6,4,4,11,10,21
50802,ATOCHA,desnutricion global,desnutricion moderada (m),2005-09-01,3,10,6,6,9,16,25
20503,AUCAPATA,desnutricion global,desnutricion moderada (m),2005-09-01,2,2,0,4,2,6,8
20502,AYATA,desnutricion global,desnutricion moderada (m),2005-09-01,12,10,6,4,18,14,32
21303,AYO AYO,desnutricion global,desnutricion moderada (m),2005-09-01,3,1,0,0,3,1,4
30301,AYOPAYA (V. DE INDEPENDENCIA),desnutricion global,desnutricion moderada (m),2005-09-01,14,11,2,7,16,18,34
10201,AZURDUY,desnutricion global,desnutricion moderada (m),2005-09-01,23,24,22,23,45,47,92
21203,BATALLAS,desnutricion global,desnutricion moderada (m),2005-09-01,0,0,0,1,0,1,1
80802,BAURES,desnutricion global,desnutricion moderada (m),2005-09-01,5,2,0,2,5,4,9
41202,BELEN DE ANDAMARCA,desnutricion global,desnutricion moderada (m),2005-09-01,0,1,0,1,0,2,2
50104,BELEN DE URMIRI,desnutricion global,desnutricion moderada (m),2005-09-01,2,0,2,3,4,3,7
90104,BELLA FLOR,desnutricion global,desnutricion moderada (m),2005-09-01,0,1,0,1,0,2,2
60202,BERMEJO,desnutricion global,desnutricion moderada (m),2005-09-01,2,3,2,3,4,6,10
50301,BETANZOS,desnutricion global,desnutricion moderada (m),2005-09-01,32,25,25,32,57,57,114
31501,BOLIVAR,desnutricion global,desnutricion moderada (m),2005-09-01,16,15,13,16,29,31,60
90103,BOLPEBRA,desnutricion global,desnutricion moderada (m),2005-09-01,0,1,1,0,1,1,2
70707,BOYUIBE,desnutricion global,desnutricion moderada (m),2005-09-01,1,1,0,2,1,3,4
70401,BUENA VISTA,desnutricion global,desnutricion moderada (m),2005-09-01,3,1,3,6,6,7,13
70703,CABEZAS,desnutricion global,desnutricion moderada (m),2005-09-01,2,4,5,7,7,11,18
20905,CAIROMA,desnutricion global,desnutricion moderada (m),2005-09-01,28,15,13,18,41,33,74
51102,"CAIZA ""D""",desnutricion global,desnutricion moderada (m),2005-09-01,1,2,7,6,8,8,16
21003,CAJUATA,desnutricion global,desnutricion moderada (m),2005-09-01,0,2,1,3,1,5,6
20303,CALACOTO,desnutricion global,desnutricion moderada (m),2005-09-01,2,0,2,1,4,1,5
21304,CALAMARCA,desnutricion global,desnutricion moderada (m),2005-09-01,19,21,8,14,27,35,62
10701,CAMARGO,desnutricion global,desnutricion moderada (m),2005-09-01,10,17,7,19,17,36,53
10901,CAMATAQUI (C. VILLA ABECIA),desnutricion global,desnutricion moderada (m),2005-09-01,3,1,2,1,5,2,7
70706,CAMIRI,desnutricion global,desnutricion moderada (m),2005-09-01,9,6,5,8,14,14,28
30701,CAPINOTA,desnutricion global,desnutricion moderada (m),2005-09-01,10,9,29,33,39,42,81
20302,CAQUIAVIRI,desnutricion global,desnutricion moderada (m),2005-09-01,1,0,1,1,2,1,3
40102,CARACOLLO,desnutricion global,desnutricion moderada (m),2005-09-01,4,5,1,1,5,6,11
22001,CARANAVI,desnutricion global,desnutricion moderada (m),2005-09-01,15,13,6,11,21,24,45
41503,CARANGAS,desnutricion global,desnutricion moderada (m),2005-09-01,0,0,0,1,0,1,1
60302,CARAPARI,desnutricion global,desnutricion moderada (m),2005-09-01,0,0,1,1,1,1,2
50702,CARIPUYO,desnutricion global,desnutricion moderada (m),2005-09-01,8,13,8,10,16,23,39
21803,CHACARILLA,desnutricion global,desnutricion moderada (m),2005-09-01,2,4,1,1,3,5,8
40201,CHALLAPATA,desnutricion global,desnutricion moderada (m),2005-09-01,8,8,2,7,10,15,25
50302,CHAQUI,desnutricion global,desnutricion moderada (m),2005-09-01,3,6,4,4,7,10,17
70702,CHARAGUA,desnutricion global,desnutricion moderada (m),2005-09-01,12,9,1,6,13,15,28
20305,CHARAÑA,desnutricion global,desnutricion moderada (m),2005-09-01,0,1,0,2,0,3,3
50202,CHAYANTA,desnutricion global,desnutricion moderada (m),2005-09-01,13,12,7,14,20,26,46
31204,CHIMORE,desnutricion global,desnutricion moderada (m),2005-09-01,6,7,0,1,6,8,14
40903,CHIPAYA,desnutricion global,desnutricion moderada (m),2005-09-01,2,0,1,1,3,1,4
40302,CHOQUE COTA,desnutricion global,desnutricion moderada (m),2005-09-01,0,1,1,2,1,3,4
21101,CHULUMANI (V. DE LA LIBERTAD),desnutricion global,desnutricion moderada (m),2005-09-01,1,1,1,1,2,2,4
20501,CHUMA,desnutricion global,desnutricion moderada (m),2005-09-01,4,3,0,4,4,7,11
30801,CLIZA,desnutricion global,desnutricion moderada (m),2005-09-01,9,14,1,4,10,18,28
90101,COBIJA,desnutricion global,desnutricion moderada (m),2005-09-01,9,3,4,6,13,9,22
30101,COCHABAMBA,desnutricion global,desnutricion moderada (m),2005-09-01,36,34,28,38,64,72,136
30905,COLCAPIRHUA,desnutricion global,desnutricion moderada (m),2005-09-01,9,7,3,24,12,31,43
50901,"COLCHA ""K""",desnutricion global,desnutricion moderada (m),2005-09-01,2,2,1,2,3,4,7
31002,COLOMI,desnutricion global,desnutricion moderada (m),2005-09-01,7,6,4,6,11,12,23
70603,COLPA BELGICA,desnutricion global,desnutricion moderada (m),2005-09-01,2,1,0,2,2,3,5
50401,COLQUECHACA,desnutricion global,desnutricion moderada (m),2005-09-01,27,35,15,39,42,74,116
21306,COLQUENCHA,desnutricion global,desnutricion moderada (m),2005-09-01,4,0,1,2,5,2,7
21004,COLQUIRI,desnutricion global,desnutricion moderada (m),2005-09-01,6,0,3,3,9,3,12
20304,COMANCHE,desnutricion global,desnutricion moderada (m),2005-09-01,0,1,0,1,0,2,2
71301,COMARAPA,desnutricion global,desnutricion moderada (m),2005-09-01,7,2,3,5,10,7,17
20605,COMBAYA,desnutricion global,desnutricion moderada (m),2005-09-01,3,0,2,4,5,4,9
71101,CONCEPCION,desnutricion global,desnutricion moderada (m),2005-09-01,3,1,0,0,3,1,4
21701,COPACABANA,desnutricion global,desnutricion moderada (m),2005-09-01,1,2,1,1,2,3,5
20301,CORO CORO,desnutricion global,desnutricion moderada (m),2005-09-01,3,4,8,5,11,9,20
21401,COROICO,desnutricion global,desnutricion moderada (m),2005-09-01,4,6,2,4,6,10,16
40301,CORQUE,desnutricion global,desnutricion moderada (m),2005-09-01,5,1,2,1,7,2,9
50601,COTAGAITA,desnutricion global,desnutricion moderada (m),2005-09-01,19,16,19,19,38,35,73
70102,COTOCA,desnutricion global,desnutricion moderada (m),2005-09-01,4,5,1,2,5,7,12
71106,CUATRO CAÑADAS,desnutricion global,desnutricion moderada (m),2005-09-01,2,6,5,1,7,7,14
31405,CUCHUMUELA (V. G. VILLARROEL),desnutricion global,desnutricion moderada (m),2005-09-01,0,1,0,0,0,1,1
10902,CULPINA,desnutricion global,desnutricion moderada (m),2005-09-01,19,19,12,22,31,41,72
40401,CURAHUARA DE CARANGAS,desnutricion global,desnutricion moderada (m),2005-09-01,1,2,3,1,4,3,7
21602,CURVA,desnutricion global,desnutricion moderada (m),2005-09-01,4,0,2,0,6,0,6
20804,DESAGUADERO,desnutricion global,desnutricion moderada (m),2005-09-01,1,1,0,0,1,1,2
20105,EL ALTO,desnutricion global,desnutricion moderada (m),2005-09-01,227,186,147,158,374,344,718
40103,EL CHORO,desnutricion global,desnutricion moderada (m),2005-09-01,1,0,1,0,2,0,2
60502,EL PUENTE(TJA),desnutricion global,desnutricion moderada (m),2005-09-01,4,3,3,4,7,7,14
70105,EL TORNO,desnutricion global,desnutricion moderada (m),2005-09-01,4,3,6,2,10,5,15
10405,EL VILLAR,desnutricion global,desnutricion moderada (m),2005-09-01,1,1,2,12,3,13,16
60601,ENTRE RIOS,desnutricion global,desnutricion moderada (m),2005-09-01,7,4,6,8,13,12,25
60601,ENTRE RIOS,desnutricion global,desnutricion moderada (m),2005-09-01,4,3,4,2,8,5,13
41101,EUCALIPTUS,desnutricion global,desnutricion moderada (m),2005-09-01,3,0,1,1,4,1,5
80402,EXALTACION,desnutricion global,desnutricion moderada (m),2005-09-01,0,2,0,2,0,4,4
71004,FERNANDEZ ALONSO,desnutricion global,desnutricion moderada (m),2005-09-01,8,5,1,9,9,14,23
90203,FILADELFIA,desnutricion global,desnutricion moderada (m),2005-09-01,0,1,1,0,1,1,2
71002,GENERAL SAAVEDRA,desnutricion global,desnutricion moderada (m),2005-09-01,15,11,1,0,16,11,27
21601,GRAL. J.J. PEREZ (CHARAZANI),desnutricion global,desnutricion moderada (m),2005-09-01,5,8,4,8,9,16,25
20602,GUANAY,desnutricion global,desnutricion moderada (m),2005-09-01,6,9,4,7,10,16,26
20802,GUAQUI,desnutricion global,desnutricion moderada (m),2005-09-01,0,2,0,1,0,3,3
80202,GUAYARAMERIN,desnutricion global,desnutricion moderada (m),2005-09-01,9,12,2,10,11,22,33
70705,GUTIERREZ,desnutricion global,desnutricion moderada (m),2005-09-01,15,10,13,10,28,20,48
10502,HUACARETA,desnutricion global,desnutricion moderada (m),2005-09-01,4,2,4,1,8,3,11
11002,HUACAYA (VILLA DE HUACAYA),desnutricion global,desnutricion moderada (m),2005-09-01,1,1,0,1,1,2,3
40501,HUACHACALLA,desnutricion global,desnutricion moderada (m),2005-09-01,0,0,1,0,1,0,1
40701,HUANUNI,desnutricion global,desnutricion moderada (m),2005-09-01,14,5,2,2,16,7,23
80803,HUARACAJE,desnutricion global,desnutricion moderada (m),2005-09-01,1,0,0,1,1,1,2
41601,HUAYLLAMARCA,desnutricion global,desnutricion moderada (m),2005-09-01,2,0,0,0,2,0,2
21005,ICHOCA,desnutricion global,desnutricion moderada (m),2005-09-01,1,1,0,1,1,2,3
10304,ICLA,desnutricion global,desnutricion moderada (m),2005-09-01,20,20,12,25,32,45,77
10703,INCAHUASI,desnutricion global,desnutricion moderada (m),2005-09-01,33,42,21,36,54,78,132
90402,INGAVI (HUMAITA),desnutricion global,desnutricion moderada (m),2005-09-01,0,0,1,0,1,0,1
21001,INQUISIVI,desnutricion global,desnutricion moderada (m),2005-09-01,4,6,4,5,8,11,19
21102,IRUPANA (VILLA DE LANZA),desnutricion global,desnutricion moderada (m),2005-09-01,1,3,2,1,3,4,7
21501,IXIAMAS,desnutricion global,desnutricion moderada (m),2005-09-01,0,0,0,2,0,2,2
20806,JESUS DE MACHACA,desnutricion global,desnutricion moderada (m),2005-09-01,3,4,3,0,6,4,10
21105,LA ASUNTA,desnutricion global,desnutricion moderada (m),2005-09-01,6,5,2,0,8,5,13
70104,LA GUARDIA,desnutricion global,desnutricion moderada (m),2005-09-01,11,6,5,4,16,10,26
20101,LA PAZ,desnutricion global,desnutricion moderada (m),2005-09-01,123,164,66,73,189,237,426
70701,LAGUNILLAS,desnutricion global,desnutricion moderada (m),2005-09-01,4,2,5,5,9,7,16
21202,LAJA,desnutricion global,desnutricion moderada (m),2005-09-01,3,2,1,4,4,6,10
10903,LAS CARRERAS,desnutricion global,desnutricion moderada (m),2005-09-01,1,1,2,4,3,5,8
50203,LLALLAGUA,desnutricion global,desnutricion moderada (m),2005-09-01,39,19,32,25,71,44,115
51401,LLICA,desnutricion global,desnutricion moderada (m),2005-09-01,0,1,0,1,0,2,2
80601,LORETO,desnutricion global,desnutricion moderada (m),2005-09-01,1,1,0,0,1,1,2
20901,LURIBAY,desnutricion global,desnutricion moderada (m),2005-09-01,7,4,2,4,9,8,17
40702,MACHACAMARCA,desnutricion global,desnutricion moderada (m),2005-09-01,0,0,0,1,0,1,1
11003,MACHARETI,desnutricion global,desnutricion moderada (m),2005-09-01,4,1,7,3,11,4,15
80801,MAGDALENA,desnutricion global,desnutricion moderada (m),2005-09-01,1,1,2,5,3,6,9
20904,MALLA,desnutricion global,desnutricion moderada (m),2005-09-01,5,5,4,2,9,7,16
20607,MAPIRI,desnutricion global,desnutricion moderada (m),2005-09-01,0,2,0,4,0,6,6
20103,MECAPACA,desnutricion global,desnutricion moderada (m),2005-09-01,3,3,0,0,3,3,6
71003,MINEROS,desnutricion global,desnutricion moderada (m),2005-09-01,11,2,0,0,11,2,13
31301,MIZQUE,desnutricion global,desnutricion moderada (m),2005-09-01,4,2,3,4,7,6,13
20402,MOCOMOCO,desnutricion global,desnutricion moderada (m),2005-09-01,5,3,5,5,10,8,18
10303,MOJOCOYA,desnutricion global,desnutricion moderada (m),2005-09-01,9,8,3,7,12,15,27
10501,MONTEAGUDO,desnutricion global,desnutricion moderada (m),2005-09-01,20,11,9,19,29,30,59
71001,MONTERO,desnutricion global,desnutricion moderada (m),2005-09-01,20,31,17,34,37,65,102
70803,MORO MORO,desnutricion global,desnutricion moderada (m),2005-09-01,0,0,1,0,1,0,1
30302,MOROCHATA,desnutricion global,desnutricion moderada (m),2005-09-01,27,27,13,9,40,36,76
50404,OCURI,desnutricion global,desnutricion moderada (m),2005-09-01,35,28,29,29,64,57,121
70202,OKINAWA,desnutricion global,desnutricion moderada (m),2005-09-01,1,0,0,0,1,0,1
30203,OMEREQUE,desnutricion global,desnutricion moderada (m),2005-09-01,2,1,4,5,6,6,12
40101,ORURO,desnutricion global,desnutricion moderada (m),2005-09-01,67,42,16,27,83,69,152
60201,PADCAYA,desnutricion global,desnutricion moderada (m),2005-09-01,2,2,1,3,3,5,8
10401,PADILLA,desnutricion global,desnutricion moderada (m),2005-09-01,5,7,8,11,13,18,31
20102,PALCA,desnutricion global,desnutricion moderada (m),2005-09-01,2,2,1,3,3,5,8
21104,PALOS BLANCOS,desnutricion global,desnutricion moderada (m),2005-09-01,2,12,4,9,6,21,27
40802,PAMPA AULLAGAS,desnutricion global,desnutricion moderada (m),2005-09-01,0,1,2,2,2,3,5
70902,PAMPA GRANDE,desnutricion global,desnutricion moderada (m),2005-09-01,1,0,0,2,1,2,3
30202,PASORAPA,desnutricion global,desnutricion moderada (m),2005-09-01,1,2,1,0,2,2,4
21305,PATACAMAYA,desnutricion global,desnutricion moderada (m),2005-09-01,11,9,6,2,17,11,28
40602,PAZÑA,desnutricion global,desnutricion moderada (m),2005-09-01,0,1,1,2,1,3,4
20702,PELECHUCO,desnutricion global,desnutricion moderada (m),2005-09-01,0,2,1,2,1,4,5
50403,POCOATA,desnutricion global,desnutricion moderada (m),2005-09-01,19,20,8,14,27,34,61
31203,POCONA,desnutricion global,desnutricion moderada (m),2005-09-01,1,2,3,2,4,4,8
31202,POJO (CBBA),desnutricion global,desnutricion moderada (m),2005-09-01,6,6,2,4,8,10,18
10103,POROMA,desnutricion global,desnutricion moderada (m),2005-09-01,29,35,19,25,48,60,108
70601,PORTACHUELO,desnutricion global,desnutricion moderada (m),2005-09-01,3,6,2,2,5,8,13
70804,POSTRER VALLE,desnutricion global,desnutricion moderada (m),2005-09-01,0,0,0,1,0,1,1
50101,POTOSI,desnutricion global,desnutricion moderada (m),2005-09-01,80,51,40,36,120,87,207
10302,PRESTO,desnutricion global,desnutricion moderada (m),2005-09-01,21,19,11,13,32,32,64
70805,PUCARA,desnutricion global,desnutricion moderada (m),2005-09-01,0,0,1,0,1,0,1
21201,PUCARANI,desnutricion global,desnutricion moderada (m),2005-09-01,8,5,8,7,16,12,28
20401,PUERTO ACOSTA,desnutricion global,desnutricion moderada (m),2005-09-01,0,1,2,0,2,1,3
20403,PUERTO CARABUCO,desnutricion global,desnutricion moderada (m),2005-09-01,2,1,1,0,3,1,4
90301,PUERTO GONZALO MORENO,desnutricion global,desnutricion moderada (m),2005-09-01,3,2,1,1,4,3,7
21204,PUERTO PEREZ,desnutricion global,desnutricion moderada (m),2005-09-01,4,1,1,1,5,2,7
90201,PUERTO RICO,desnutricion global,desnutricion moderada (m),2005-09-01,2,1,2,2,4,3,7
80703,PUERTO SILES,desnutricion global,desnutricion moderada (m),2005-09-01,1,2,2,2,3,4,7
31205,PUERTO VILLARROEL,desnutricion global,desnutricion moderada (m),2005-09-01,16,23,9,7,25,30,55
51101,PUNA,desnutricion global,desnutricion moderada (m),2005-09-01,35,34,24,34,59,68,127
31401,PUNATA,desnutricion global,desnutricion moderada (m),2005-09-01,4,4,3,4,7,8,15
20604,QUIABAYA,desnutricion global,desnutricion moderada (m),2005-09-01,0,0,1,0,1,0,1
30901,QUILLACOLLO,desnutricion global,desnutricion moderada (m),2005-09-01,8,7,14,13,22,20,42
21002,QUIME,desnutricion global,desnutricion moderada (m),2005-09-01,4,2,4,3,8,5,13
70904,QUIRUSILLAS,desnutricion global,desnutricion moderada (m),2005-09-01,0,1,0,0,0,1,1
50402,RAVELO,desnutricion global,desnutricion moderada (m),2005-09-01,38,46,35,50,73,96,169
80301,REYES,desnutricion global,desnutricion moderada (m),2005-09-01,7,10,2,9,9,19,28
80201,RIBERALTA,desnutricion global,desnutricion moderada (m),2005-09-01,34,62,19,26,53,88,141
80304,RURRENABAQUE,desnutricion global,desnutricion moderada (m),2005-09-01,2,3,0,0,2,3,5
31001,SACABA,desnutricion global,desnutricion moderada (m),2005-09-01,29,22,10,17,39,39,78
30404,SACABAMBA,desnutricion global,desnutricion moderada (m),2005-09-01,6,4,2,5,8,9,17
50701,SACACA,desnutricion global,desnutricion moderada (m),2005-09-01,37,28,120,40,157,68,225
71302,SAIPINA,desnutricion global,desnutricion moderada (m),2005-09-01,2,2,1,4,3,6,9
40801,SALINAS DE GARCI MENDOZA,desnutricion global,desnutricion moderada (m),2005-09-01,5,4,3,2,8,6,14
70901,SAMAIPATA,desnutricion global,desnutricion moderada (m),2005-09-01,1,1,1,2,2,3,5
51601,SAN AGUSTIN,desnutricion global,desnutricion moderada (m),2005-09-01,0,1,0,0,0,1,1
80602,SAN ANDRES,desnutricion global,desnutricion moderada (m),2005-09-01,4,0,3,1,7,1,8
20805,SAN ANDRES DE MACHACA,desnutricion global,desnutricion moderada (m),2005-09-01,1,1,0,0,1,1,2
71105,SAN ANTONIO DE LOMERIO,desnutricion global,desnutricion moderada (m),2005-09-01,12,5,2,7,14,12,26
31403,SAN BENITO,desnutricion global,desnutricion moderada (m),2005-09-01,0,2,2,1,2,3,5
80302,SAN BORJA,desnutricion global,desnutricion moderada (m),2005-09-01,17,10,9,13,26,23,49
21502,SAN BUENA VENTURA,desnutricion global,desnutricion moderada (m),2005-09-01,1,2,3,2,4,4,8
70402,SAN CARLOS,desnutricion global,desnutricion moderada (m),2005-09-01,2,2,1,0,3,2,5
80501,SAN IGNACIO,desnutricion global,desnutricion moderada (m),2005-09-01,10,15,5,14,15,29,44
70301,SAN IGNACIO DE VELASCO,desnutricion global,desnutricion moderada (m),2005-09-01,23,30,27,41,50,71,121
80102,SAN JAVIER(BNI),desnutricion global,desnutricion moderada (m),2005-09-01,1,1,3,1,4,2,6
71102,SAN JAVIER(STC),desnutricion global,desnutricion moderada (m),2005-09-01,3,0,0,0,3,0,3
70501,SAN JOSE DE CHIQUITOS,desnutricion global,desnutricion moderada (m),2005-09-01,0,1,0,0,0,1,1
70404,SAN JUAN DE YAPACANI,desnutricion global,desnutricion moderada (m),2005-09-01,1,0,0,0,1,0,1
71104,SAN JULIAN,desnutricion global,desnutricion moderada (m),2005-09-01,5,2,2,2,7,4,11
90302,SAN LORENZO(PND),desnutricion global,desnutricion moderada (m),2005-09-01,1,0,0,0,1,0,1
60501,SAN LORENZO(TJA),desnutricion global,desnutricion moderada (m),2005-09-01,10,4,14,13,24,17,41
10702,SAN LUCAS,desnutricion global,desnutricion moderada (m),2005-09-01,71,63,46,73,117,136,253
70302,SAN MIGUEL DE VELASCO,desnutricion global,desnutricion moderada (m),2005-09-01,5,1,0,3,5,4,9
71005,SAN PEDRO,desnutricion global,desnutricion moderada (m),2005-09-01,1,4,1,2,2,6,8
50501,SAN PEDRO DE BUENA VISTA,desnutricion global,desnutricion moderada (m),2005-09-01,33,40,50,67,83,107,190
21801,SAN PEDRO DE CURAHUARA,desnutricion global,desnutricion moderada (m),2005-09-01,1,1,1,2,2,3,5
50902,SAN PEDRO DE QUEMES,desnutricion global,desnutricion moderada (m),2005-09-01,1,0,0,0,1,0,1
21702,SAN PEDRO DE TIQUINA,desnutricion global,desnutricion moderada (m),2005-09-01,6,1,2,3,8,4,12
90202,SAN PEDRO(PND),desnutricion global,desnutricion moderada (m),2005-09-01,1,0,0,0,1,0,1
70303,SAN RAFAEL,desnutricion global,desnutricion moderada (m),2005-09-01,2,3,5,3,7,6,13
80702,SAN RAMON,desnutricion global,desnutricion moderada (m),2005-09-01,0,1,0,0,0,1,1
80401,SANTA ANA,desnutricion global,desnutricion moderada (m),2005-09-01,0,1,1,2,1,3,4
70101,SANTA CRUZ DE LA SIERRA,desnutricion global,desnutricion moderada (m),2005-09-01,101,83,27,38,128,121,249
70602,SANTA ROSA DEL SARA,desnutricion global,desnutricion moderada (m),2005-09-01,3,4,0,5,3,9,12
20308,SANTIAGO DE CALLAPA,desnutricion global,desnutricion moderada (m),2005-09-01,1,4,6,7,7,11,18
41401,SANTIAGO DE HUARI,desnutricion global,desnutricion moderada (m),2005-09-01,0,2,1,3,1,5,6
21901,SANTIAGO DE MACHACA,desnutricion global,desnutricion moderada (m),2005-09-01,2,3,0,2,2,5,7
30702,SANTIVAÑES,desnutricion global,desnutricion moderada (m),2005-09-01,2,3,4,3,6,6,12
20902,SAPAHAQUI,desnutricion global,desnutricion moderada (m),2005-09-01,5,5,3,5,8,10,18
90303,SENA,desnutricion global,desnutricion moderada (m),2005-09-01,2,8,2,0,4,8,12
21301,SICA SICA (VILLA AROMA),desnutricion global,desnutricion moderada (m),2005-09-01,26,17,15,10,41,27,68
30703,SICAYA,desnutricion global,desnutricion moderada (m),2005-09-01,2,1,1,3,3,4,7
30902,SIPE SIPE,desnutricion global,desnutricion moderada (m),2005-09-01,16,13,8,15,24,28,52
10403,SOPACHUY,desnutricion global,desnutricion moderada (m),2005-09-01,14,10,10,32,24,42,66
40104,SORACACHI,desnutricion global,desnutricion moderada (m),2005-09-01,3,3,1,5,4,8,12
20601,SORATA,desnutricion global,desnutricion moderada (m),2005-09-01,3,1,1,2,4,3,7
10101,SUCRE,desnutricion global,desnutricion moderada (m),2005-09-01,52,50,35,57,87,107,194
31404,TACACHI,desnutricion global,desnutricion moderada (m),2005-09-01,3,1,0,0,3,1,4
50303,TACOBAMBA,desnutricion global,desnutricion moderada (m),2005-09-01,4,4,3,4,7,8,15
30602,TACOPAYA,desnutricion global,desnutricion moderada (m),2005-09-01,10,17,4,6,14,23,37
31101,TAPACARI,desnutricion global,desnutricion moderada (m),2005-09-01,31,24,17,16,48,40,88
10601,TARABUCO,desnutricion global,desnutricion moderada (m),2005-09-01,78,54,54,68,132,122,254
30401,TARATA,desnutricion global,desnutricion moderada (m),2005-09-01,5,7,0,6,5,13,18
60101,TARIJA,desnutricion global,desnutricion moderada (m),2005-09-01,17,23,16,25,33,48,81
10202,TARVITA,desnutricion global,desnutricion moderada (m),2005-09-01,25,28,26,50,51,78,129
20608,TEOPONTE,desnutricion global,desnutricion moderada (m),2005-09-01,2,2,2,2,4,4,8
20803,TIAWANACU,desnutricion global,desnutricion moderada (m),2005-09-01,2,1,0,1,2,2,4
50102,TINGUIPAYA,desnutricion global,desnutricion moderada (m),2005-09-01,28,34,28,27,56,61,117
20606,TIPUANI,desnutricion global,desnutricion moderada (m),2005-09-01,0,1,1,3,1,4,5
30903,TIQUIPAYA,desnutricion global,desnutricion moderada (m),2005-09-01,1,5,2,3,3,8,11
31601,TIRAQUE (CBBA),desnutricion global,desnutricion moderada (m),2005-09-01,19,20,10,5,29,25,54
21703,TITO YUPANQUI (PARQUIPUJIO),desnutricion global,desnutricion moderada (m),2005-09-01,0,0,0,1,0,1,1
30802,TOCO,desnutricion global,desnutricion moderada (m),2005-09-01,2,1,2,0,4,1,5
41001,TOLEDO,desnutricion global,desnutricion moderada (m),2005-09-01,1,2,2,2,3,4,7
51202,TOMAVE,desnutricion global,desnutricion moderada (m),2005-09-01,11,5,3,3,14,8,22
10402,TOMINA,desnutricion global,desnutricion moderada (m),2005-09-01,24,11,13,29,37,40,77
50502,TORO TORO,desnutricion global,desnutricion moderada (m),2005-09-01,22,33,16,24,38,57,95
31201,TOTORA(CBBA),desnutricion global,desnutricion moderada (m),2005-09-01,5,4,4,3,9,7,16
41301,TOTORA(ORR),desnutricion global,desnutricion moderada (m),2005-09-01,3,0,1,2,4,2,6
80101,TRINIDAD,desnutricion global,desnutricion moderada (m),2005-09-01,26,13,6,7,32,20,52
50801,TUPIZA,desnutricion global,desnutricion moderada (m),2005-09-01,11,8,4,12,15,20,35
40402,TURCO,desnutricion global,desnutricion moderada (m),2005-09-01,0,1,0,0,0,1,1
21302,UMALA,desnutricion global,desnutricion moderada (m),2005-09-01,1,0,4,4,5,4,9
50201,UNCIA,desnutricion global,desnutricion moderada (m),2005-09-01,12,10,4,5,16,15,31
60401,URIONDO (A. CONCEPCION),desnutricion global,desnutricion moderada (m),2005-09-01,4,8,1,8,5,16,21
51201,UYUNI,desnutricion global,desnutricion moderada (m),2005-09-01,3,2,4,2,7,4,11
30502,VACAS,desnutricion global,desnutricion moderada (m),2005-09-01,3,4,4,6,7,10,17
70801,VALLEGRANDE,desnutricion global,desnutricion moderada (m),2005-09-01,2,3,2,5,4,8,12
20801,VIACHA,desnutricion global,desnutricion moderada (m),2005-09-01,4,3,2,5,6,8,14
31302,VILA VILA,desnutricion global,desnutricion moderada (m),2005-09-01,4,3,0,1,4,4,8
60303,VILLA MONTES,desnutricion global,desnutricion moderada (m),2005-09-01,7,5,1,5,8,10,18
31402,VILLA RIVERO,desnutricion global,desnutricion moderada (m),2005-09-01,2,7,3,3,5,10,15
10801,VILLA SERRANO,desnutricion global,desnutricion moderada (m),2005-09-01,23,10,15,17,38,27,65
31003,VILLA TUNARI,desnutricion global,desnutricion moderada (m),2005-09-01,14,23,18,25,32,48,80
11001,VILLA VACA GUZMAN (MUYUPAMPA),desnutricion global,desnutricion moderada (m),2005-09-01,3,2,1,8,4,10,14
51501,VILLAZON,desnutricion global,desnutricion moderada (m),2005-09-01,14,9,12,10,26,19,45
30904,VINTO,desnutricion global,desnutricion moderada (m),2005-09-01,2,1,1,1,3,2,5
50602,VITICHI,desnutricion global,desnutricion moderada (m),2005-09-01,6,6,13,10,19,16,35
20306,WALDO BALLIVIAN,desnutricion global,desnutricion moderada (m),2005-09-01,0,2,0,1,0,3,3
70201,WARNES,desnutricion global,desnutricion moderada (m),2005-09-01,5,9,5,3,10,12,22
20903,YACO,desnutricion global,desnutricion moderada (m),2005-09-01,7,7,4,5,11,12,23
60301,YACUIBA,desnutricion global,desnutricion moderada (m),2005-09-01,5,3,4,5,9,8,17
10602,YAMPARAEZ,desnutricion global,desnutricion moderada (m),2005-09-01,18,11,15,24,33,35,68
70403,YAPACANI,desnutricion global,desnutricion moderada (m),2005-09-01,4,9,6,8,10,17,27
50103,YOCALLA,desnutricion global,desnutricion moderada (m),2005-09-01,1,5,2,1,3,6,9
10102,YOTALA,desnutricion global,desnutricion moderada (m),2005-09-01,8,4,4,8,12,12,24
60402,YUNCHARA,desnutricion global,desnutricion moderada (m),2005-09-01,10,5,7,3,17,8,25
10301,ZUDAÑEZ,desnutricion global,desnutricion moderada (m),2005-09-01,13,6,9,11,22,17,39
51302,ACACIO,desnutricion global,desnutricion moderada (m),2005-10-01,7,8,9,6,16,14,30
20201,ACHACACHI,desnutricion global,desnutricion moderada (m),2005-10-01,7,7,3,2,10,9,19
20104,ACHOCALLA,desnutricion global,desnutricion moderada (m),2005-10-01,3,0,1,1,4,1,5
30201,AIQUILE,desnutricion global,desnutricion moderada (m),2005-10-01,12,8,4,7,16,15,31
31303,ALALAY,desnutricion global,desnutricion moderada (m),2005-10-01,1,3,5,4,6,7,13
10404,ALCALA,desnutricion global,desnutricion moderada (m),2005-10-01,2,3,3,4,5,7,12
20202,ANCORAIMES,desnutricion global,desnutricion moderada (m),2005-10-01,2,2,1,0,3,2,5
41201,ANDAMARCA,desnutricion global,desnutricion moderada (m),2005-10-01,8,4,5,0,13,4,17
40603,ANTEQUERA,desnutricion global,desnutricion moderada (m),2005-10-01,1,3,2,3,3,6,9
30402,ANZALDO,desnutricion global,desnutricion moderada (m),2005-10-01,2,8,3,2,5,10,15
20701,APOLO,desnutricion global,desnutricion moderada (m),2005-10-01,6,11,7,13,13,24,37
51301,ARAMPAMPA,desnutricion global,desnutricion moderada (m),2005-10-01,4,4,3,2,7,6,13
30501,ARANI,desnutricion global,desnutricion moderada (m),2005-10-01,4,1,3,6,7,7,14
30403,ARBIETO,desnutricion global,desnutricion moderada (m),2005-10-01,6,1,1,9,7,10,17
30601,ARQUE,desnutricion global,desnutricion moderada (m),2005-10-01,19,14,15,15,34,29,63
71501,ASCENCION DE GUARAYOS,desnutricion global,desnutricion moderada (m),2005-10-01,18,13,23,22,41,35,76
50802,ATOCHA,desnutricion global,desnutricion moderada (m),2005-10-01,6,9,4,9,10,18,28
20503,AUCAPATA,desnutricion global,desnutricion moderada (m),2005-10-01,3,7,1,3,4,10,14
20502,AYATA,desnutricion global,desnutricion moderada (m),2005-10-01,1,0,1,0,2,0,2
21303,AYO AYO,desnutricion global,desnutricion moderada (m),2005-10-01,2,5,2,1,4,6,10
30301,AYOPAYA (V. DE INDEPENDENCIA),desnutricion global,desnutricion moderada (m),2005-10-01,20,14,13,10,33,24,57
10201,AZURDUY,desnutricion global,desnutricion moderada (m),2005-10-01,7,9,10,12,17,21,38
21203,BATALLAS,desnutricion global,desnutricion moderada (m),2005-10-01,6,1,2,3,8,4,12
80802,BAURES,desnutricion global,desnutricion moderada (m),2005-10-01,1,4,1,0,2,4,6
41202,BELEN DE ANDAMARCA,desnutricion global,desnutricion moderada (m),2005-10-01,2,0,0,2,2,2,4
50104,BELEN DE URMIRI,desnutricion global,desnutricion moderada (m),2005-10-01,1,2,1,2,2,4,6
60202,BERMEJO,desnutricion global,desnutricion moderada (m),2005-10-01,3,3,1,0,4,3,7
50301,BETANZOS,desnutricion global,desnutricion moderada (m),2005-10-01,25,18,22,34,47,52,99
31501,BOLIVAR,desnutricion global,desnutricion moderada (m),2005-10-01,18,6,3,6,21,12,33
70401,BUENA VISTA,desnutricion global,desnutricion moderada (m),2005-10-01,5,2,1,2,6,4,10
70703,CABEZAS,desnutricion global,desnutricion moderada (m),2005-10-01,2,6,4,1,6,7,13
20905,CAIROMA,desnutricion global,desnutricion moderada (m),2005-10-01,26,13,7,18,33,31,64
51102,"CAIZA ""D""",desnutricion global,desnutricion moderada (m),2005-10-01,3,4,5,2,8,6,14
21003,CAJUATA,desnutricion global,desnutricion moderada (m),2005-10-01,1,0,2,2,3,2,5
20303,CALACOTO,desnutricion global,desnutricion moderada (m),2005-10-01,1,0,2,1,3,1,4
21304,CALAMARCA,desnutricion global,desnutricion moderada (m),2005-10-01,25,14,8,15,33,29,62
10701,CAMARGO,desnutricion global,desnutricion moderada (m),2005-10-01,12,13,5,8,17,21,38
10901,CAMATAQUI (C. VILLA ABECIA),desnutricion global,desnutricion moderada (m),2005-10-01,2,1,2,1,4,2,6
70706,CAMIRI,desnutricion global,desnutricion moderada (m),2005-10-01,5,8,6,8,11,16,27
30701,CAPINOTA,desnutricion global,desnutricion moderada (m),2005-10-01,4,5,3,1,7,6,13
40102,CARACOLLO,desnutricion global,desnutricion moderada (m),2005-10-01,10,4,3,9,13,13,26
22001,CARANAVI,desnutricion global,desnutricion moderada (m),2005-10-01,19,16,10,9,29,25,54
41503,CARANGAS,desnutricion global,desnutricion moderada (m),2005-10-01,0,0,1,0,1,0,1
60302,CARAPARI,desnutricion global,desnutricion moderada (m),2005-10-01,1,1,3,0,4,1,5
50702,CARIPUYO,desnutricion global,desnutricion moderada (m),2005-10-01,7,13,13,14,20,27,47
71403,CARMEN RIVERO TORREZ,desnutricion global,desnutricion moderada (m),2005-10-01,0,0,2,1,2,1,3
21803,CHACARILLA,desnutricion global,desnutricion moderada (m),2005-10-01,0,1,1,0,1,1,2
40201,CHALLAPATA,desnutricion global,desnutricion moderada (m),2005-10-01,19,15,9,9,28,24,52
50302,CHAQUI,desnutricion global,desnutricion moderada (m),2005-10-01,3,4,3,3,6,7,13
70702,CHARAGUA,desnutricion global,desnutricion moderada (m),2005-10-01,9,6,6,4,15,10,25
20305,CHARAÑA,desnutricion global,desnutricion moderada (m),2005-10-01,0,0,0,1,0,1,1
50202,CHAYANTA,desnutricion global,desnutricion moderada (m),2005-10-01,12,16,9,12,21,28,49
31204,CHIMORE,desnutricion global,desnutricion moderada (m),2005-10-01,2,4,0,3,2,7,9
40903,CHIPAYA,desnutricion global,desnutricion moderada (m),2005-10-01,0,1,2,1,2,2,4
40302,CHOQUE COTA,desnutricion global,desnutricion moderada (m),2005-10-01,1,1,1,0,2,1,3
21101,CHULUMANI (V. DE LA LIBERTAD),desnutricion global,desnutricion moderada (m),2005-10-01,2,2,2,0,4,2,6
20501,CHUMA,desnutricion global,desnutricion moderada (m),2005-10-01,6,4,5,4,11,8,19
30801,CLIZA,desnutricion global,desnutricion moderada (m),2005-10-01,15,2,6,4,21,6,27
90101,COBIJA,desnutricion global,desnutricion moderada (m),2005-10-01,8,13,8,4,16,17,33
30101,COCHABAMBA,desnutricion global,desnutricion moderada (m),2005-10-01,67,54,36,42,103,96,199
40902,COIPASA,desnutricion global,desnutricion moderada (m),2005-10-01,0,1,0,0,0,1,1
30905,COLCAPIRHUA,desnutricion global,desnutricion moderada (m),2005-10-01,7,9,4,7,11,16,27
50901,"COLCHA ""K""",desnutricion global,desnutricion moderada (m),2005-10-01,2,1,2,4,4,5,9
21307,COLLANA,desnutricion global,desnutricion moderada (m),2005-10-01,0,0,1,0,1,0,1
31002,COLOMI,desnutricion global,desnutricion moderada (m),2005-10-01,3,9,9,4,12,13,25
70603,COLPA BELGICA,desnutricion global,desnutricion moderada (m),2005-10-01,3,1,0,2,3,3,6
50401,COLQUECHACA,desnutricion global,desnutricion moderada (m),2005-10-01,35,26,16,17,51,43,94
21306,COLQUENCHA,desnutricion global,desnutricion moderada (m),2005-10-01,1,2,0,2,1,4,5
21004,COLQUIRI,desnutricion global,desnutricion moderada (m),2005-10-01,5,11,5,8,10,19,29
20304,COMANCHE,desnutricion global,desnutricion moderada (m),2005-10-01,0,1,0,0,0,1,1
71301,COMARAPA,desnutricion global,desnutricion moderada (m),2005-10-01,3,5,1,4,4,9,13
20605,COMBAYA,desnutricion global,desnutricion moderada (m),2005-10-01,1,0,0,3,1,3,4
71101,CONCEPCION,desnutricion global,desnutricion moderada (m),2005-10-01,0,1,0,0,0,1,1
21701,COPACABANA,desnutricion global,desnutricion moderada (m),2005-10-01,4,1,1,0,5,1,6
21402,CORIPATA,desnutricion global,desnutricion moderada (m),2005-10-01,0,1,0,1,0,2,2
20301,CORO CORO,desnutricion global,desnutricion moderada (m),2005-10-01,3,1,4,2,7,3,10
21401,COROICO,desnutricion global,desnutricion moderada (m),2005-10-01,3,2,4,0,7,2,9
40301,CORQUE,desnutricion global,desnutricion moderada (m),2005-10-01,5,6,3,0,8,6,14
50601,COTAGAITA,desnutricion global,desnutricion moderada (m),2005-10-01,28,16,22,30,50,46,96
70102,COTOCA,desnutricion global,desnutricion moderada (m),2005-10-01,6,5,0,1,6,6,12
71106,CUATRO CAÑADAS,desnutricion global,desnutricion moderada (m),2005-10-01,0,12,1,3,1,15,16
31405,CUCHUMUELA (V. G. VILLARROEL),desnutricion global,desnutricion moderada (m),2005-10-01,1,3,0,1,1,4,5
70704,CUEVO,desnutricion global,desnutricion moderada (m),2005-10-01,3,2,0,1,3,3,6
10902,CULPINA,desnutricion global,desnutricion moderada (m),2005-10-01,28,16,30,26,58,42,100
40401,CURAHUARA DE CARANGAS,desnutricion global,desnutricion moderada (m),2005-10-01,0,1,2,2,2,3,5
21602,CURVA,desnutricion global,desnutricion moderada (m),2005-10-01,2,1,0,1,2,2,4
20804,DESAGUADERO,desnutricion global,desnutricion moderada (m),2005-10-01,3,2,0,0,3,2,5
20105,EL ALTO,desnutricion global,desnutricion moderada (m),2005-10-01,233,185,127,137,360,322,682
40103,EL CHORO,desnutricion global,desnutricion moderada (m),2005-10-01,1,1,2,1,3,2,5
71503,EL PUENTE(STC),desnutricion global,desnutricion moderada (m),2005-10-01,2,3,7,1,9,4,13
60502,EL PUENTE(TJA),desnutricion global,desnutricion moderada (m),2005-10-01,3,3,0,6,3,9,12
70105,EL TORNO,desnutricion global,desnutricion moderada (m),2005-10-01,3,2,4,6,7,8,15
10405,EL VILLAR,desnutricion global,desnutricion moderada (m),2005-10-01,3,6,2,9,5,15,20
60601,ENTRE RIOS,desnutricion global,desnutricion moderada (m),2005-10-01,13,9,7,7,20,16,36
60601,ENTRE RIOS,desnutricion global,desnutricion moderada (m),2005-10-01,7,4,4,7,11,11,22
41101,EUCALIPTUS,desnutricion global,desnutricion moderada (m),2005-10-01,0,1,3,3,3,4,7
80402,EXALTACION,desnutricion global,desnutricion moderada (m),2005-10-01,2,1,1,0,3,1,4
71004,FERNANDEZ ALONSO,desnutricion global,desnutricion moderada (m),2005-10-01,4,2,0,4,4,6,10
90203,FILADELFIA,desnutricion global,desnutricion moderada (m),2005-10-01,1,0,0,0,1,0,1
71002,GENERAL SAAVEDRA,desnutricion global,desnutricion moderada (m),2005-10-01,10,8,3,1,13,9,22
21601,GRAL. J.J. PEREZ (CHARAZANI),desnutricion global,desnutricion moderada (m),2005-10-01,6,2,6,4,12,6,18
20602,GUANAY,desnutricion global,desnutricion moderada (m),2005-10-01,5,9,2,3,7,12,19
20802,GUAQUI,desnutricion global,desnutricion moderada (m),2005-10-01,4,1,1,3,5,4,9
80202,GUAYARAMERIN,desnutricion global,desnutricion moderada (m),2005-10-01,18,19,6,13,24,32,56
70705,GUTIERREZ,desnutricion global,desnutricion moderada (m),2005-10-01,16,21,19,25,35,46,81
10502,HUACARETA,desnutricion global,desnutricion moderada (m),2005-10-01,1,5,8,6,9,11,20
11002,HUACAYA (VILLA DE HUACAYA),desnutricion global,desnutricion moderada (m),2005-10-01,1,2,4,1,5,3,8
40701,HUANUNI,desnutricion global,desnutricion moderada (m),2005-10-01,8,6,1,3,9,9,18
80803,HUARACAJE,desnutricion global,desnutricion moderada (m),2005-10-01,1,1,0,0,1,1,2
41601,HUAYLLAMARCA,desnutricion global,desnutricion moderada (m),2005-10-01,1,0,0,0,1,0,1
21005,ICHOCA,desnutricion global,desnutricion moderada (m),2005-10-01,4,3,1,1,5,4,9
10304,ICLA,desnutricion global,desnutricion moderada (m),2005-10-01,25,24,28,28,53,52,105
10703,INCAHUASI,desnutricion global,desnutricion moderada (m),2005-10-01,41,24,13,25,54,49,103
21001,INQUISIVI,desnutricion global,desnutricion moderada (m),2005-10-01,7,4,2,0,9,4,13
21102,IRUPANA (VILLA DE LANZA),desnutricion global,desnutricion moderada (m),2005-10-01,1,1,0,0,1,1,2
21501,IXIAMAS,desnutricion global,desnutricion moderada (m),2005-10-01,5,1,1,1,6,2,8
20806,JESUS DE MACHACA,desnutricion global,desnutricion moderada (m),2005-10-01,5,7,2,4,7,11,18
21105,LA ASUNTA,desnutricion global,desnutricion moderada (m),2005-10-01,4,4,2,1,6,5,11
70104,LA GUARDIA,desnutricion global,desnutricion moderada (m),2005-10-01,17,10,8,13,25,23,48
20101,LA PAZ,desnutricion global,desnutricion moderada (m),2005-10-01,118,149,67,66,185,215,400
70701,LAGUNILLAS,desnutricion global,desnutricion moderada (m),2005-10-01,3,0,4,4,7,4,11
21202,LAJA,desnutricion global,desnutricion moderada (m),2005-10-01,2,1,2,3,4,4,8
10903,LAS CARRERAS,desnutricion global,desnutricion moderada (m),2005-10-01,0,0,3,3,3,3,6
50203,LLALLAGUA,desnutricion global,desnutricion moderada (m),2005-10-01,12,10,24,19,36,29,65
51401,LLICA,desnutricion global,desnutricion moderada (m),2005-10-01,0,3,0,0,0,3,3
20901,LURIBAY,desnutricion global,desnutricion moderada (m),2005-10-01,5,7,2,4,7,11,18
40702,MACHACAMARCA,desnutricion global,desnutricion moderada (m),2005-10-01,3,0,0,0,3,0,3
11003,MACHARETI,desnutricion global,desnutricion moderada (m),2005-10-01,1,2,2,9,3,11,14
80801,MAGDALENA,desnutricion global,desnutricion moderada (m),2005-10-01,3,0,1,0,4,0,4
70903,MAIRANA,desnutricion global,desnutricion moderada (m),2005-10-01,2,0,0,0,2,0,2
20904,MALLA,desnutricion global,desnutricion moderada (m),2005-10-01,2,1,1,2,3,3,6
20607,MAPIRI,desnutricion global,desnutricion moderada (m),2005-10-01,2,4,2,4,4,8,12
20103,MECAPACA,desnutricion global,desnutricion moderada (m),2005-10-01,0,2,1,1,1,3,4
71003,MINEROS,desnutricion global,desnutricion moderada (m),2005-10-01,3,3,0,0,3,3,6
31301,MIZQUE,desnutricion global,desnutricion moderada (m),2005-10-01,15,15,3,10,18,25,43
20402,MOCOMOCO,desnutricion global,desnutricion moderada (m),2005-10-01,3,3,3,3,6,6,12
51002,MOJINETE,desnutricion global,desnutricion moderada (m),2005-10-01,1,0,0,0,1,0,1
10303,MOJOCOYA,desnutricion global,desnutricion moderada (m),2005-10-01,7,8,4,7,11,15,26
10501,MONTEAGUDO,desnutricion global,desnutricion moderada (m),2005-10-01,29,7,7,13,36,20,56
71001,MONTERO,desnutricion global,desnutricion moderada (m),2005-10-01,30,19,18,28,48,47,95
70803,MORO MORO,desnutricion global,desnutricion moderada (m),2005-10-01,1,0,1,1,2,1,3
30302,MOROCHATA,desnutricion global,desnutricion moderada (m),2005-10-01,12,19,12,19,24,38,62
90401,NACEBE (SANTA ROSA DEL ABUNA),desnutricion global,desnutricion moderada (m),2005-10-01,0,0,1,0,1,0,1
90501,NUEVO MANOA (NUEVA ESPERANZA),desnutricion global,desnutricion moderada (m),2005-10-01,0,0,1,0,1,0,1
50404,OCURI,desnutricion global,desnutricion moderada (m),2005-10-01,23,10,17,13,40,23,63
30203,OMEREQUE,desnutricion global,desnutricion moderada (m),2005-10-01,1,4,2,7,3,11,14
40101,ORURO,desnutricion global,desnutricion moderada (m),2005-10-01,64,57,33,42,97,99,196
60201,PADCAYA,desnutricion global,desnutricion moderada (m),2005-10-01,3,4,2,3,5,7,12
10401,PADILLA,desnutricion global,desnutricion moderada (m),2005-10-01,6,7,15,11,21,18,39
20102,PALCA,desnutricion global,desnutricion moderada (m),2005-10-01,1,2,2,2,3,4,7
21104,PALOS BLANCOS,desnutricion global,desnutricion moderada (m),2005-10-01,19,18,7,11,26,29,55
40802,PAMPA AULLAGAS,desnutricion global,desnutricion moderada (m),2005-10-01,0,1,0,1,0,2,2
70902,PAMPA GRANDE,desnutricion global,desnutricion moderada (m),2005-10-01,1,1,0,2,1,3,4
21802,PAPEL PAMPA,desnutricion global,desnutricion moderada (m),2005-10-01,1,0,0,2,1,2,3
30202,PASORAPA,desnutricion global,desnutricion moderada (m),2005-10-01,2,2,0,3,2,5,7
21305,PATACAMAYA,desnutricion global,desnutricion moderada (m),2005-10-01,9,14,7,8,16,22,38
40602,PAZÑA,desnutricion global,desnutricion moderada (m),2005-10-01,0,1,3,1,3,2,5
20702,PELECHUCO,desnutricion global,desnutricion moderada (m),2005-10-01,3,3,2,4,5,7,12
50403,POCOATA,desnutricion global,desnutricion moderada (m),2005-10-01,18,19,20,27,38,46,84
31203,POCONA,desnutricion global,desnutricion moderada (m),2005-10-01,8,1,7,10,15,11,26
31202,POJO (CBBA),desnutricion global,desnutricion moderada (m),2005-10-01,2,2,2,2,4,4,8
40601,POOPO,desnutricion global,desnutricion moderada (m),2005-10-01,0,0,1,0,1,0,1
51203,PORCO,desnutricion global,desnutricion moderada (m),2005-10-01,2,0,3,1,5,1,6
10103,POROMA,desnutricion global,desnutricion moderada (m),2005-10-01,15,16,17,31,32,47,79
70601,PORTACHUELO,desnutricion global,desnutricion moderada (m),2005-10-01,3,4,5,8,8,12,20
90102,PORVENIR,desnutricion global,desnutricion moderada (m),2005-10-01,3,1,1,0,4,1,5
70804,POSTRER VALLE,desnutricion global,desnutricion moderada (m),2005-10-01,0,0,1,2,1,2,3
50101,POTOSI,desnutricion global,desnutricion moderada (m),2005-10-01,88,78,49,56,137,134,271
10302,PRESTO,desnutricion global,desnutricion moderada (m),2005-10-01,13,8,8,6,21,14,35
70805,PUCARA,desnutricion global,desnutricion moderada (m),2005-10-01,1,0,0,0,1,0,1
21201,PUCARANI,desnutricion global,desnutricion moderada (m),2005-10-01,6,7,6,7,12,14,26
20401,PUERTO ACOSTA,desnutricion global,desnutricion moderada (m),2005-10-01,3,2,0,0,3,2,5
20403,PUERTO CARABUCO,desnutricion global,desnutricion moderada (m),2005-10-01,8,4,3,1,11,5,16
90301,PUERTO GONZALO MORENO,desnutricion global,desnutricion moderada (m),2005-10-01,5,4,3,4,8,8,16
21204,PUERTO PEREZ,desnutricion global,desnutricion moderada (m),2005-10-01,0,0,2,0,2,0,2
71402,PUERTO QUIJARRO,desnutricion global,desnutricion moderada (m),2005-10-01,1,2,0,0,1,2,3
90201,PUERTO RICO,desnutricion global,desnutricion moderada (m),2005-10-01,2,0,1,2,3,2,5
71401,PUERTO SUAREZ,desnutricion global,desnutricion moderada (m),2005-10-01,3,2,0,3,3,5,8
31205,PUERTO VILLARROEL,desnutricion global,desnutricion moderada (m),2005-10-01,26,16,12,18,38,34,72
51101,PUNA,desnutricion global,desnutricion moderada (m),2005-10-01,31,21,25,42,56,63,119
31401,PUNATA,desnutricion global,desnutricion moderada (m),2005-10-01,8,1,8,3,16,4,20
20604,QUIABAYA,desnutricion global,desnutricion moderada (m),2005-10-01,0,0,1,1,1,1,2
30901,QUILLACOLLO,desnutricion global,desnutricion moderada (m),2005-10-01,23,22,13,25,36,47,83
21002,QUIME,desnutricion global,desnutricion moderada (m),2005-10-01,3,2,3,3,6,5,11
50402,RAVELO,desnutricion global,desnutricion moderada (m),2005-10-01,58,49,42,45,100,94,194
80301,REYES,desnutricion global,desnutricion moderada (m),2005-10-01,4,1,4,3,8,4,12
80201,RIBERALTA,desnutricion global,desnutricion moderada (m),2005-10-01,56,60,32,31,88,91,179
80304,RURRENABAQUE,desnutricion global,desnutricion moderada (m),2005-10-01,7,2,1,0,8,2,10
40901,SABAYA,desnutricion global,desnutricion moderada (m),2005-10-01,1,0,0,0,1,0,1
31001,SACABA,desnutricion global,desnutricion moderada (m),2005-10-01,12,16,3,6,15,22,37
30404,SACABAMBA,desnutricion global,desnutricion moderada (m),2005-10-01,6,1,4,4,10,5,15
50701,SACACA,desnutricion global,desnutricion moderada (m),2005-10-01,36,33,31,51,67,84,151
71302,SAIPINA,desnutricion global,desnutricion moderada (m),2005-10-01,3,2,0,0,3,2,5
40801,SALINAS DE GARCI MENDOZA,desnutricion global,desnutricion moderada (m),2005-10-01,5,3,3,3,8,6,14
70901,SAMAIPATA,desnutricion global,desnutricion moderada (m),2005-10-01,1,2,1,2,2,4,6
51601,SAN AGUSTIN,desnutricion global,desnutricion moderada (m),2005-10-01,0,0,0,1,0,1,1
80602,SAN ANDRES,desnutricion global,desnutricion moderada (m),2005-10-01,3,3,1,2,4,5,9
20805,SAN ANDRES DE MACHACA,desnutricion global,desnutricion moderada (m),2005-10-01,0,2,0,1,0,3,3
51003,SAN ANTONIO DE ESMORUCO,desnutricion global,desnutricion moderada (m),2005-10-01,0,0,0,1,0,1,1
71105,SAN ANTONIO DE LOMERIO,desnutricion global,desnutricion moderada (m),2005-10-01,2,1,0,3,2,4,6
31403,SAN BENITO,desnutricion global,desnutricion moderada (m),2005-10-01,2,0,0,1,2,1,3
80302,SAN BORJA,desnutricion global,desnutricion moderada (m),2005-10-01,11,15,17,21,28,36,64
21502,SAN BUENA VENTURA,desnutricion global,desnutricion moderada (m),2005-10-01,0,1,3,1,3,2,5
70402,SAN CARLOS,desnutricion global,desnutricion moderada (m),2005-10-01,2,4,0,2,2,6,8
80501,SAN IGNACIO,desnutricion global,desnutricion moderada (m),2005-10-01,7,7,5,8,12,15,27
70301,SAN IGNACIO DE VELASCO,desnutricion global,desnutricion moderada (m),2005-10-01,13,32,26,35,39,67,106
80102,SAN JAVIER(BNI),desnutricion global,desnutricion moderada (m),2005-10-01,0,1,0,1,0,2,2
71102,SAN JAVIER(STC),desnutricion global,desnutricion moderada (m),2005-10-01,0,1,0,1,0,2,2
80701,SAN JOAQUIN,desnutricion global,desnutricion moderada (m),2005-10-01,0,1,0,0,0,1,1
70404,SAN JUAN DE YAPACANI,desnutricion global,desnutricion moderada (m),2005-10-01,0,1,1,0,1,1,2
71104,SAN JULIAN,desnutricion global,desnutricion moderada (m),2005-10-01,6,8,7,4,13,12,25
90302,SAN LORENZO(PND),desnutricion global,desnutricion moderada (m),2005-10-01,3,5,2,2,5,7,12
60501,SAN LORENZO(TJA),desnutricion global,desnutricion moderada (m),2005-10-01,8,8,10,12,18,20,38
10702,SAN LUCAS,desnutricion global,desnutricion moderada (m),2005-10-01,66,70,55,77,121,147,268
70302,SAN MIGUEL DE VELASCO,desnutricion global,desnutricion moderada (m),2005-10-01,3,3,4,2,7,5,12
51001,SAN PABLO DE LIPEZ,desnutricion global,desnutricion moderada (m),2005-10-01,0,0,1,1,1,1,2
71005,SAN PEDRO,desnutricion global,desnutricion moderada (m),2005-10-01,1,1,1,3,2,4,6
50501,SAN PEDRO DE BUENA VISTA,desnutricion global,desnutricion moderada (m),2005-10-01,22,29,28,30,50,59,109
21801,SAN PEDRO DE CURAHUARA,desnutricion global,desnutricion moderada (m),2005-10-01,3,0,3,1,6,1,7
21702,SAN PEDRO DE TIQUINA,desnutricion global,desnutricion moderada (m),2005-10-01,3,0,0,0,3,0,3
90202,SAN PEDRO(PND),desnutricion global,desnutricion moderada (m),2005-10-01,1,2,0,0,1,2,3
70303,SAN RAFAEL,desnutricion global,desnutricion moderada (m),2005-10-01,0,0,2,1,2,1,3
80401,SANTA ANA,desnutricion global,desnutricion moderada (m),2005-10-01,4,3,0,0,4,3,7
70101,SANTA CRUZ DE LA SIERRA,desnutricion global,desnutricion moderada (m),2005-10-01,83,83,20,36,103,119,222
80303,SANTA ROSA,desnutricion global,desnutricion moderada (m),2005-10-01,3,5,1,1,4,6,10
70602,SANTA ROSA DEL SARA,desnutricion global,desnutricion moderada (m),2005-10-01,1,2,1,1,2,3,5
20308,SANTIAGO DE CALLAPA,desnutricion global,desnutricion moderada (m),2005-10-01,1,2,5,2,6,4,10
41401,SANTIAGO DE HUARI,desnutricion global,desnutricion moderada (m),2005-10-01,0,1,1,2,1,3,4
21901,SANTIAGO DE MACHACA,desnutricion global,desnutricion moderada (m),2005-10-01,0,1,0,1,0,2,2
30702,SANTIVAÑES,desnutricion global,desnutricion moderada (m),2005-10-01,0,1,1,2,1,3,4
40202,SANTUARIO DE QUILLACAS,desnutricion global,desnutricion moderada (m),2005-10-01,1,2,1,0,2,2,4
20902,SAPAHAQUI,desnutricion global,desnutricion moderada (m),2005-10-01,12,8,3,9,15,17,32
90303,SENA,desnutricion global,desnutricion moderada (m),2005-10-01,1,5,1,1,2,6,8
21301,SICA SICA (VILLA AROMA),desnutricion global,desnutricion moderada (m),2005-10-01,14,13,9,18,23,31,54
30703,SICAYA,desnutricion global,desnutricion moderada (m),2005-10-01,4,1,0,0,4,1,5
30902,SIPE SIPE,desnutricion global,desnutricion moderada (m),2005-10-01,27,17,11,77,38,94,132
10403,SOPACHUY,desnutricion global,desnutricion moderada (m),2005-10-01,7,10,4,17,11,27,38
40104,SORACACHI,desnutricion global,desnutricion moderada (m),2005-10-01,10,4,7,6,17,10,27
20601,SORATA,desnutricion global,desnutricion moderada (m),2005-10-01,2,0,0,1,2,1,3
10101,SUCRE,desnutricion global,desnutricion moderada (m),2005-10-01,56,64,37,56,93,120,213
31404,TACACHI,desnutricion global,desnutricion moderada (m),2005-10-01,2,0,1,0,3,0,3
30602,TACOPAYA,desnutricion global,desnutricion moderada (m),2005-10-01,19,22,5,17,24,39,63
51402,TAHUA,desnutricion global,desnutricion moderada (m),2005-10-01,0,1,0,0,0,1,1
31101,TAPACARI,desnutricion global,desnutricion moderada (m),2005-10-01,20,19,14,15,34,34,68
10601,TARABUCO,desnutricion global,desnutricion moderada (m),2005-10-01,52,60,43,62,95,122,217
20807,TARACO,desnutricion global,desnutricion moderada (m),2005-10-01,0,1,0,0,0,1,1
30401,TARATA,desnutricion global,desnutricion moderada (m),2005-10-01,3,5,1,4,4,9,13
60101,TARIJA,desnutricion global,desnutricion moderada (m),2005-10-01,20,19,26,29,46,48,94
10202,TARVITA,desnutricion global,desnutricion moderada (m),2005-10-01,7,12,4,2,11,14,25
20803,TIAWANACU,desnutricion global,desnutricion moderada (m),2005-10-01,0,0,1,0,1,0,1
50102,TINGUIPAYA,desnutricion global,desnutricion moderada (m),2005-10-01,28,23,13,27,41,50,91
20606,TIPUANI,desnutricion global,desnutricion moderada (m),2005-10-01,2,1,1,0,3,1,4
30903,TIQUIPAYA,desnutricion global,desnutricion moderada (m),2005-10-01,13,3,7,7,20,10,30
31601,TIRAQUE (CBBA),desnutricion global,desnutricion moderada (m),2005-10-01,22,25,12,16,34,41,75
21703,TITO YUPANQUI (PARQUIPUJIO),desnutricion global,desnutricion moderada (m),2005-10-01,0,0,0,1,0,1,1
30802,TOCO,desnutricion global,desnutricion moderada (m),2005-10-01,1,2,3,2,4,4,8
41001,TOLEDO,desnutricion global,desnutricion moderada (m),2005-10-01,2,0,0,0,2,0,2
51202,TOMAVE,desnutricion global,desnutricion moderada (m),2005-10-01,6,7,2,2,8,9,17
10402,TOMINA,desnutricion global,desnutricion moderada (m),2005-10-01,14,19,13,28,27,47,74
50502,TORO TORO,desnutricion global,desnutricion moderada (m),2005-10-01,15,13,14,25,29,38,67
31201,TOTORA(CBBA),desnutricion global,desnutricion moderada (m),2005-10-01,10,8,9,10,19,18,37
80101,TRINIDAD,desnutricion global,desnutricion moderada (m),2005-10-01,21,11,16,7,37,18,55
50801,TUPIZA,desnutricion global,desnutricion moderada (m),2005-10-01,7,9,7,11,14,20,34
21302,UMALA,desnutricion global,desnutricion moderada (m),2005-10-01,2,2,2,3,4,5,9
50201,UNCIA,desnutricion global,desnutricion moderada (m),2005-10-01,15,22,5,13,20,35,55
60401,URIONDO (A. CONCEPCION),desnutricion global,desnutricion moderada (m),2005-10-01,3,6,3,13,6,19,25
71502,URUBICHA,desnutricion global,desnutricion moderada (m),2005-10-01,7,8,5,18,12,26,38
51201,UYUNI,desnutricion global,desnutricion moderada (m),2005-10-01,1,2,2,2,3,4,7
30502,VACAS,desnutricion global,desnutricion moderada (m),2005-10-01,7,8,2,4,9,12,21
70801,VALLEGRANDE,desnutricion global,desnutricion moderada (m),2005-10-01,3,4,1,4,4,8,12
20801,VIACHA,desnutricion global,desnutricion moderada (m),2005-10-01,12,9,7,7,19,16,35
31302,VILA VILA,desnutricion global,desnutricion moderada (m),2005-10-01,4,7,7,6,11,13,24
60303,VILLA MONTES,desnutricion global,desnutricion moderada (m),2005-10-01,4,4,8,5,12,9,21
31402,VILLA RIVERO,desnutricion global,desnutricion moderada (m),2005-10-01,3,4,5,4,8,8,16
10801,VILLA SERRANO,desnutricion global,desnutricion moderada (m),2005-10-01,16,10,18,15,34,25,59
31003,VILLA TUNARI,desnutricion global,desnutricion moderada (m),2005-10-01,30,31,20,20,50,51,101
11001,VILLA VACA GUZMAN (MUYUPAMPA),desnutricion global,desnutricion moderada (m),2005-10-01,2,1,7,4,9,5,14
51501,VILLAZON,desnutricion global,desnutricion moderada (m),2005-10-01,12,11,1,9,13,20,33
30904,VINTO,desnutricion global,desnutricion moderada (m),2005-10-01,9,5,3,3,12,8,20
50602,VITICHI,desnutricion global,desnutricion moderada (m),2005-10-01,6,20,14,8,20,28,48
20306,WALDO BALLIVIAN,desnutricion global,desnutricion moderada (m),2005-10-01,1,0,1,3,2,3,5
70201,WARNES,desnutricion global,desnutricion moderada (m),2005-10-01,4,4,6,6,10,10,20
20903,YACO,desnutricion global,desnutricion moderada (m),2005-10-01,8,6,6,4,14,10,24
60301,YACUIBA,desnutricion global,desnutricion moderada (m),2005-10-01,13,9,4,14,17,23,40
10602,YAMPARAEZ,desnutricion global,desnutricion moderada (m),2005-10-01,18,14,14,13,32,27,59
70403,YAPACANI,desnutricion global,desnutricion moderada (m),2005-10-01,4,14,4,6,8,20,28
50103,YOCALLA,desnutricion global,desnutricion moderada (m),2005-10-01,2,0,0,0,2,0,2
10102,YOTALA,desnutricion global,desnutricion moderada (m),2005-10-01,14,8,1,13,15,21,36
60402,YUNCHARA,desnutricion global,desnutricion moderada (m),2005-10-01,9,5,11,13,20,18,38
10301,ZUDAÑEZ,desnutricion global,desnutricion moderada (m),2005-10-01,5,10,11,10,16,20,36
51302,ACACIO,desnutricion global,desnutricion moderada (m),2005-11-01,7,9,10,2,17,11,28
20201,ACHACACHI,desnutricion global,desnutricion moderada (m),2005-11-01,5,9,4,4,9,13,22
20104,ACHOCALLA,desnutricion global,desnutricion moderada (m),2005-11-01,1,0,0,0,1,0,1
30201,AIQUILE,desnutricion global,desnutricion moderada (m),2005-11-01,15,8,5,11,20,19,39
31303,ALALAY,desnutricion global,desnutricion moderada (m),2005-11-01,2,3,5,1,7,4,11
10404,ALCALA,desnutricion global,desnutricion moderada (m),2005-11-01,4,3,7,8,11,11,22
20202,ANCORAIMES,desnutricion global,desnutricion moderada (m),2005-11-01,7,4,2,3,9,7,16
41201,ANDAMARCA,desnutricion global,desnutricion moderada (m),2005-11-01,3,1,1,3,4,4,8
40603,ANTEQUERA,desnutricion global,desnutricion moderada (m),2005-11-01,1,1,0,0,1,1,2
30402,ANZALDO,desnutricion global,desnutricion moderada (m),2005-11-01,2,3,0,3,2,6,8
20701,APOLO,desnutricion global,desnutricion moderada (m),2005-11-01,12,8,6,15,18,23,41
51301,ARAMPAMPA,desnutricion global,desnutricion moderada (m),2005-11-01,11,4,5,6,16,10,26
30501,ARANI,desnutricion global,desnutricion moderada (m),2005-11-01,2,1,0,4,2,5,7
30403,ARBIETO,desnutricion global,desnutricion moderada (m),2005-11-01,5,11,8,7,13,18,31
30601,ARQUE,desnutricion global,desnutricion moderada (m),2005-11-01,15,17,4,8,19,25,44
50802,ATOCHA,desnutricion global,desnutricion moderada (m),2005-11-01,4,9,2,0,6,9,15
20503,AUCAPATA,desnutricion global,desnutricion moderada (m),2005-11-01,1,0,3,0,4,0,4
20502,AYATA,desnutricion global,desnutricion moderada (m),2005-11-01,5,3,4,3,9,6,15
21303,AYO AYO,desnutricion global,desnutricion moderada (m),2005-11-01,6,2,1,3,7,5,12
30301,AYOPAYA (V. DE INDEPENDENCIA),desnutricion global,desnutricion moderada (m),2005-11-01,14,12,11,17,25,29,54
10201,AZURDUY,desnutricion global,desnutricion moderada (m),2005-11-01,12,14,16,21,28,35,63
21203,BATALLAS,desnutricion global,desnutricion moderada (m),2005-11-01,3,3,0,4,3,7,10
80802,BAURES,desnutricion global,desnutricion moderada (m),2005-11-01,1,5,0,1,1,6,7
41202,BELEN DE ANDAMARCA,desnutricion global,desnutricion moderada (m),2005-11-01,1,0,0,0,1,0,1
50104,BELEN DE URMIRI,desnutricion global,desnutricion moderada (m),2005-11-01,0,1,2,5,2,6,8
60202,BERMEJO,desnutricion global,desnutricion moderada (m),2005-11-01,2,0,3,3,5,3,8
50301,BETANZOS,desnutricion global,desnutricion moderada (m),2005-11-01,31,30,36,42,67,72,139
31501,BOLIVAR,desnutricion global,desnutricion moderada (m),2005-11-01,17,19,13,9,30,28,58
70707,BOYUIBE,desnutricion global,desnutricion moderada (m),2005-11-01,1,0,0,0,1,0,1
70401,BUENA VISTA,desnutricion global,desnutricion moderada (m),2005-11-01,0,1,2,1,2,2,4
70703,CABEZAS,desnutricion global,desnutricion moderada (m),2005-11-01,2,6,2,4,4,10,14
20905,CAIROMA,desnutricion global,desnutricion moderada (m),2005-11-01,32,17,5,19,37,36,73
51102,"CAIZA ""D""",desnutricion global,desnutricion moderada (m),2005-11-01,5,4,16,14,21,18,39
21003,CAJUATA,desnutricion global,desnutricion moderada (m),2005-11-01,1,3,6,4,7,7,14
20303,CALACOTO,desnutricion global,desnutricion moderada (m),2005-11-01,1,1,1,2,2,3,5
21304,CALAMARCA,desnutricion global,desnutricion moderada (m),2005-11-01,26,15,10,16,36,31,67
10701,CAMARGO,desnutricion global,desnutricion moderada (m),2005-11-01,10,10,7,8,17,18,35
10901,CAMATAQUI (C. VILLA ABECIA),desnutricion global,desnutricion moderada (m),2005-11-01,6,2,1,6,7,8,15
70706,CAMIRI,desnutricion global,desnutricion moderada (m),2005-11-01,6,6,11,14,17,20,37
30701,CAPINOTA,desnutricion global,desnutricion moderada (m),2005-11-01,18,21,11,19,29,40,69
20302,CAQUIAVIRI,desnutricion global,desnutricion moderada (m),2005-11-01,2,0,2,1,4,1,5
40102,CARACOLLO,desnutricion global,desnutricion moderada (m),2005-11-01,2,3,3,0,5,3,8
22001,CARANAVI,desnutricion global,desnutricion moderada (m),2005-11-01,20,14,10,22,30,36,66
60302,CARAPARI,desnutricion global,desnutricion moderada (m),2005-11-01,0,2,0,1,0,3,3
50702,CARIPUYO,desnutricion global,desnutricion moderada (m),2005-11-01,14,14,24,20,38,34,72
21902,CATACORA,desnutricion global,desnutricion moderada (m),2005-11-01,0,0,1,2,1,2,3
21803,CHACARILLA,desnutricion global,desnutricion moderada (m),2005-11-01,1,1,2,3,3,4,7
40201,CHALLAPATA,desnutricion global,desnutricion moderada (m),2005-11-01,25,7,9,21,34,28,62
50302,CHAQUI,desnutricion global,desnutricion moderada (m),2005-11-01,6,4,2,8,8,12,20
70702,CHARAGUA,desnutricion global,desnutricion moderada (m),2005-11-01,11,5,6,5,17,10,27
20305,CHARAÑA,desnutricion global,desnutricion moderada (m),2005-11-01,1,0,1,2,2,2,4
50202,CHAYANTA,desnutricion global,desnutricion moderada (m),2005-11-01,13,9,11,6,24,15,39
31204,CHIMORE,desnutricion global,desnutricion moderada (m),2005-11-01,9,2,1,6,10,8,18
40903,CHIPAYA,desnutricion global,desnutricion moderada (m),2005-11-01,0,1,2,1,2,2,4
40302,CHOQUE COTA,desnutricion global,desnutricion moderada (m),2005-11-01,2,2,1,3,3,5,8
21101,CHULUMANI (V. DE LA LIBERTAD),desnutricion global,desnutricion moderada (m),2005-11-01,3,5,2,0,5,5,10
20501,CHUMA,desnutricion global,desnutricion moderada (m),2005-11-01,7,9,6,8,13,17,30
30801,CLIZA,desnutricion global,desnutricion moderada (m),2005-11-01,11,15,1,4,12,19,31
90101,COBIJA,desnutricion global,desnutricion moderada (m),2005-11-01,14,15,10,12,24,27,51
30101,COCHABAMBA,desnutricion global,desnutricion moderada (m),2005-11-01,80,82,49,60,129,142,271
40902,COIPASA,desnutricion global,desnutricion moderada (m),2005-11-01,0,1,0,0,0,1,1
30905,COLCAPIRHUA,desnutricion global,desnutricion moderada (m),2005-11-01,11,5,5,11,16,16,32
50901,"COLCHA ""K""",desnutricion global,desnutricion moderada (m),2005-11-01,3,1,1,6,4,7,11
21307,COLLANA,desnutricion global,desnutricion moderada (m),2005-11-01,1,0,0,0,1,0,1
31002,COLOMI,desnutricion global,desnutricion moderada (m),2005-11-01,8,7,7,7,15,14,29
70603,COLPA BELGICA,desnutricion global,desnutricion moderada (m),2005-11-01,2,1,0,2,2,3,5
50401,COLQUECHACA,desnutricion global,desnutricion moderada (m),2005-11-01,42,31,23,19,65,50,115
21306,COLQUENCHA,desnutricion global,desnutricion moderada (m),2005-11-01,4,1,0,0,4,1,5
21004,COLQUIRI,desnutricion global,desnutricion moderada (m),2005-11-01,11,4,7,5,18,9,27
20304,COMANCHE,desnutricion global,desnutricion moderada (m),2005-11-01,0,1,0,2,0,3,3
71301,COMARAPA,desnutricion global,desnutricion moderada (m),2005-11-01,9,10,8,10,17,20,37
20605,COMBAYA,desnutricion global,desnutricion moderada (m),2005-11-01,0,0,2,1,2,1,3
71101,CONCEPCION,desnutricion global,desnutricion moderada (m),2005-11-01,0,1,0,0,0,1,1
21701,COPACABANA,desnutricion global,desnutricion moderada (m),2005-11-01,6,3,1,3,7,6,13
21402,CORIPATA,desnutricion global,desnutricion moderada (m),2005-11-01,0,0,0,1,0,1,1
20301,CORO CORO,desnutricion global,desnutricion moderada (m),2005-11-01,6,5,6,5,12,10,22
21401,COROICO,desnutricion global,desnutricion moderada (m),2005-11-01,1,6,6,2,7,8,15
40301,CORQUE,desnutricion global,desnutricion moderada (m),2005-11-01,6,5,1,4,7,9,16
50601,COTAGAITA,desnutricion global,desnutricion moderada (m),2005-11-01,26,20,30,33,56,53,109
70102,COTOCA,desnutricion global,desnutricion moderada (m),2005-11-01,7,10,3,4,10,14,24
71106,CUATRO CAÑADAS,desnutricion global,desnutricion moderada (m),2005-11-01,7,4,3,2,10,6,16
31405,CUCHUMUELA (V. G. VILLARROEL),desnutricion global,desnutricion moderada (m),2005-11-01,0,3,1,1,1,4,5
70704,CUEVO,desnutricion global,desnutricion moderada (m),2005-11-01,2,1,1,4,3,5,8
10902,CULPINA,desnutricion global,desnutricion moderada (m),2005-11-01,35,25,24,27,59,52,111
40401,CURAHUARA DE CARANGAS,desnutricion global,desnutricion moderada (m),2005-11-01,1,2,1,0,2,2,4
21602,CURVA,desnutricion global,desnutricion moderada (m),2005-11-01,0,0,1,0,1,0,1
20804,DESAGUADERO,desnutricion global,desnutricion moderada (m),2005-11-01,0,1,0,0,0,1,1
20105,EL ALTO,desnutricion global,desnutricion moderada (m),2005-11-01,301,256,160,176,461,432,893
71503,EL PUENTE(STC),desnutricion global,desnutricion moderada (m),2005-11-01,4,4,1,1,5,5,10
60502,EL PUENTE(TJA),desnutricion global,desnutricion moderada (m),2005-11-01,8,5,5,2,13,7,20
70105,EL TORNO,desnutricion global,desnutricion moderada (m),2005-11-01,9,5,3,7,12,12,24
10405,EL VILLAR,desnutricion global,desnutricion moderada (m),2005-11-01,3,3,3,8,6,11,17
60601,ENTRE RIOS,desnutricion global,desnutricion moderada (m),2005-11-01,17,15,9,14,26,29,55
60601,ENTRE RIOS,desnutricion global,desnutricion moderada (m),2005-11-01,5,6,2,8,7,14,21
40502,ESCARA,desnutricion global,desnutricion moderada (m),2005-11-01,0,0,0,1,0,1,1
41101,EUCALIPTUS,desnutricion global,desnutricion moderada (m),2005-11-01,2,1,1,3,3,4,7
90503,EUREKA (SANTOS MERCADO),desnutricion global,desnutricion moderada (m),2005-11-01,0,0,0,1,0,1,1
80402,EXALTACION,desnutricion global,desnutricion moderada (m),2005-11-01,1,0,1,0,2,0,2
71004,FERNANDEZ ALONSO,desnutricion global,desnutricion moderada (m),2005-11-01,3,4,4,3,7,7,14
90203,FILADELFIA,desnutricion global,desnutricion moderada (m),2005-11-01,0,1,0,0,0,1,1
71002,GENERAL SAAVEDRA,desnutricion global,desnutricion moderada (m),2005-11-01,3,1,2,7,5,8,13
21601,GRAL. J.J. PEREZ (CHARAZANI),desnutricion global,desnutricion moderada (m),2005-11-01,8,3,6,6,14,9,23
20602,GUANAY,desnutricion global,desnutricion moderada (m),2005-11-01,3,6,2,6,5,12,17
20802,GUAQUI,desnutricion global,desnutricion moderada (m),2005-11-01,3,0,0,3,3,3,6
80202,GUAYARAMERIN,desnutricion global,desnutricion moderada (m),2005-11-01,13,21,8,9,21,30,51
70705,GUTIERREZ,desnutricion global,desnutricion moderada (m),2005-11-01,10,20,22,16,32,36,68
10502,HUACARETA,desnutricion global,desnutricion moderada (m),2005-11-01,4,3,3,3,7,6,13
11002,HUACAYA (VILLA DE HUACAYA),desnutricion global,desnutricion moderada (m),2005-11-01,2,2,1,2,3,4,7
40701,HUANUNI,desnutricion global,desnutricion moderada (m),2005-11-01,5,5,2,1,7,6,13
80803,HUARACAJE,desnutricion global,desnutricion moderada (m),2005-11-01,1,1,0,0,1,1,2
21005,ICHOCA,desnutricion global,desnutricion moderada (m),2005-11-01,1,3,4,2,5,5,10
10304,ICLA,desnutricion global,desnutricion moderada (m),2005-11-01,18,22,24,28,42,50,92
10703,INCAHUASI,desnutricion global,desnutricion moderada (m),2005-11-01,37,33,19,28,56,61,117
21001,INQUISIVI,desnutricion global,desnutricion moderada (m),2005-11-01,1,6,2,2,3,8,11
21102,IRUPANA (VILLA DE LANZA),desnutricion global,desnutricion moderada (m),2005-11-01,4,2,3,3,7,5,12
21501,IXIAMAS,desnutricion global,desnutricion moderada (m),2005-11-01,1,4,2,1,3,5,8
20806,JESUS DE MACHACA,desnutricion global,desnutricion moderada (m),2005-11-01,5,6,0,3,5,9,14
21105,LA ASUNTA,desnutricion global,desnutricion moderada (m),2005-11-01,3,5,1,6,4,11,15
70104,LA GUARDIA,desnutricion global,desnutricion moderada (m),2005-11-01,9,13,8,6,17,19,36
20101,LA PAZ,desnutricion global,desnutricion moderada (m),2005-11-01,144,165,53,85,197,250,447
70701,LAGUNILLAS,desnutricion global,desnutricion moderada (m),2005-11-01,4,2,3,1,7,3,10
21202,LAJA,desnutricion global,desnutricion moderada (m),2005-11-01,4,2,2,3,6,5,11
10903,LAS CARRERAS,desnutricion global,desnutricion moderada (m),2005-11-01,0,0,0,3,0,3,3
50203,LLALLAGUA,desnutricion global,desnutricion moderada (m),2005-11-01,28,16,34,38,62,54,116
51401,LLICA,desnutricion global,desnutricion moderada (m),2005-11-01,0,1,0,1,0,2,2
80601,LORETO,desnutricion global,desnutricion moderada (m),2005-11-01,1,1,0,0,1,1,2
20901,LURIBAY,desnutricion global,desnutricion moderada (m),2005-11-01,10,4,8,3,18,7,25
40702,MACHACAMARCA,desnutricion global,desnutricion moderada (m),2005-11-01,4,1,0,1,4,2,6
11003,MACHARETI,desnutricion global,desnutricion moderada (m),2005-11-01,1,0,8,4,9,4,13
80801,MAGDALENA,desnutricion global,desnutricion moderada (m),2005-11-01,5,2,2,2,7,4,11
70903,MAIRANA,desnutricion global,desnutricion moderada (m),2005-11-01,3,2,4,1,7,3,10
20904,MALLA,desnutricion global,desnutricion moderada (m),2005-11-01,3,0,0,1,3,1,4
20607,MAPIRI,desnutricion global,desnutricion moderada (m),2005-11-01,5,5,1,2,6,7,13
20103,MECAPACA,desnutricion global,desnutricion moderada (m),2005-11-01,4,0,0,1,4,1,5
71003,MINEROS,desnutricion global,desnutricion moderada (m),2005-11-01,4,8,5,3,9,11,20
31301,MIZQUE,desnutricion global,desnutricion moderada (m),2005-11-01,10,8,6,4,16,12,28
20402,MOCOMOCO,desnutricion global,desnutricion moderada (m),2005-11-01,11,6,8,8,19,14,33
51002,MOJINETE,desnutricion global,desnutricion moderada (m),2005-11-01,0,0,1,0,1,0,1
10303,MOJOCOYA,desnutricion global,desnutricion moderada (m),2005-11-01,4,6,2,6,6,12,18
10501,MONTEAGUDO,desnutricion global,desnutricion moderada (m),2005-11-01,15,12,14,12,29,24,53
71001,MONTERO,desnutricion global,desnutricion moderada (m),2005-11-01,40,52,17,46,57,98,155
70803,MORO MORO,desnutricion global,desnutricion moderada (m),2005-11-01,2,0,0,0,2,0,2
30302,MOROCHATA,desnutricion global,desnutricion moderada (m),2005-11-01,26,18,20,7,46,25,71
90501,NUEVO MANOA (NUEVA ESPERANZA),desnutricion global,desnutricion moderada (m),2005-11-01,1,1,0,0,1,1,2
50404,OCURI,desnutricion global,desnutricion moderada (m),2005-11-01,33,23,13,38,46,61,107
70202,OKINAWA,desnutricion global,desnutricion moderada (m),2005-11-01,1,1,0,2,1,3,4
30203,OMEREQUE,desnutricion global,desnutricion moderada (m),2005-11-01,1,1,1,1,2,2,4
40101,ORURO,desnutricion global,desnutricion moderada (m),2005-11-01,88,68,34,34,122,102,224
60201,PADCAYA,desnutricion global,desnutricion moderada (m),2005-11-01,2,2,4,4,6,6,12
10401,PADILLA,desnutricion global,desnutricion moderada (m),2005-11-01,5,5,9,12,14,17,31
70502,PAILON,desnutricion global,desnutricion moderada (m),2005-11-01,1,0,0,0,1,0,1
20102,PALCA,desnutricion global,desnutricion moderada (m),2005-11-01,2,2,3,1,5,3,8
21104,PALOS BLANCOS,desnutricion global,desnutricion moderada (m),2005-11-01,13,12,10,9,23,21,44
40802,PAMPA AULLAGAS,desnutricion global,desnutricion moderada (m),2005-11-01,1,0,1,0,2,0,2
70902,PAMPA GRANDE,desnutricion global,desnutricion moderada (m),2005-11-01,1,0,2,1,3,1,4
21802,PAPEL PAMPA,desnutricion global,desnutricion moderada (m),2005-11-01,2,0,0,0,2,0,2
30202,PASORAPA,desnutricion global,desnutricion moderada (m),2005-11-01,4,0,3,2,7,2,9
21305,PATACAMAYA,desnutricion global,desnutricion moderada (m),2005-11-01,10,9,12,6,22,15,37
40602,PAZÑA,desnutricion global,desnutricion moderada (m),2005-11-01,3,1,1,0,4,1,5
20702,PELECHUCO,desnutricion global,desnutricion moderada (m),2005-11-01,3,3,0,0,3,3,6
50403,POCOATA,desnutricion global,desnutricion moderada (m),2005-11-01,12,23,7,20,19,43,62
31203,POCONA,desnutricion global,desnutricion moderada (m),2005-11-01,2,4,7,2,9,6,15
31202,POJO (CBBA),desnutricion global,desnutricion moderada (m),2005-11-01,10,5,6,5,16,10,26
40601,POOPO,desnutricion global,desnutricion moderada (m),2005-11-01,2,5,0,0,2,5,7
51203,PORCO,desnutricion global,desnutricion moderada (m),2005-11-01,2,1,0,1,2,2,4
10103,POROMA,desnutricion global,desnutricion moderada (m),2005-11-01,13,12,14,20,27,32,59
70601,PORTACHUELO,desnutricion global,desnutricion moderada (m),2005-11-01,2,1,0,4,2,5,7
90102,PORVENIR,desnutricion global,desnutricion moderada (m),2005-11-01,1,0,0,1,1,1,2
50101,POTOSI,desnutricion global,desnutricion moderada (m),2005-11-01,63,69,36,32,99,101,200
10302,PRESTO,desnutricion global,desnutricion moderada (m),2005-11-01,27,18,17,24,44,42,86
70805,PUCARA,desnutricion global,desnutricion moderada (m),2005-11-01,0,1,0,0,0,1,1
21201,PUCARANI,desnutricion global,desnutricion moderada (m),2005-11-01,4,4,4,8,8,12,20
20401,PUERTO ACOSTA,desnutricion global,desnutricion moderada (m),2005-11-01,4,4,0,0,4,4,8
20403,PUERTO CARABUCO,desnutricion global,desnutricion moderada (m),2005-11-01,3,3,3,1,6,4,10
90301,PUERTO GONZALO MORENO,desnutricion global,desnutricion moderada (m),2005-11-01,3,8,1,4,4,12,16
90201,PUERTO RICO,desnutricion global,desnutricion moderada (m),2005-11-01,0,1,3,0,3,1,4
80703,PUERTO SILES,desnutricion global,desnutricion moderada (m),2005-11-01,1,2,1,0,2,2,4
71401,PUERTO SUAREZ,desnutricion global,desnutricion moderada (m),2005-11-01,10,30,0,1,10,31,41
31205,PUERTO VILLARROEL,desnutricion global,desnutricion moderada (m),2005-11-01,27,26,23,21,50,47,97
51101,PUNA,desnutricion global,desnutricion moderada (m),2005-11-01,25,35,16,26,41,61,102
31401,PUNATA,desnutricion global,desnutricion moderada (m),2005-11-01,4,4,3,3,7,7,14
20604,QUIABAYA,desnutricion global,desnutricion moderada (m),2005-11-01,0,0,0,1,0,1,1
30901,QUILLACOLLO,desnutricion global,desnutricion moderada (m),2005-11-01,10,6,28,24,38,30,68
21002,QUIME,desnutricion global,desnutricion moderada (m),2005-11-01,5,5,3,3,8,8,16
50402,RAVELO,desnutricion global,desnutricion moderada (m),2005-11-01,62,57,56,61,118,118,236
80301,REYES,desnutricion global,desnutricion moderada (m),2005-11-01,2,3,1,3,3,6,9
80201,RIBERALTA,desnutricion global,desnutricion moderada (m),2005-11-01,65,71,23,24,88,95,183
80304,RURRENABAQUE,desnutricion global,desnutricion moderada (m),2005-11-01,4,2,1,0,5,2,7
31001,SACABA,desnutricion global,desnutricion moderada (m),2005-11-01,38,26,17,30,55,56,111
30404,SACABAMBA,desnutricion global,desnutricion moderada (m),2005-11-01,3,2,2,3,5,5,10
50701,SACACA,desnutricion global,desnutricion moderada (m),2005-11-01,37,34,59,37,96,71,167
40801,SALINAS DE GARCI MENDOZA,desnutricion global,desnutricion moderada (m),2005-11-01,2,7,1,0,3,7,10
70901,SAMAIPATA,desnutricion global,desnutricion moderada (m),2005-11-01,3,3,10,3,13,6,19
80602,SAN ANDRES,desnutricion global,desnutricion moderada (m),2005-11-01,6,0,2,1,8,1,9
20805,SAN ANDRES DE MACHACA,desnutricion global,desnutricion moderada (m),2005-11-01,0,0,1,0,1,0,1
71105,SAN ANTONIO DE LOMERIO,desnutricion global,desnutricion moderada (m),2005-11-01,13,11,18,11,31,22,53
31403,SAN BENITO,desnutricion global,desnutricion moderada (m),2005-11-01,7,5,9,10,16,15,31
80302,SAN BORJA,desnutricion global,desnutricion moderada (m),2005-11-01,17,13,6,23,23,36,59
21502,SAN BUENA VENTURA,desnutricion global,desnutricion moderada (m),2005-11-01,4,4,2,3,6,7,13
70402,SAN CARLOS,desnutricion global,desnutricion moderada (m),2005-11-01,3,2,0,2,3,4,7
80501,SAN IGNACIO,desnutricion global,desnutricion moderada (m),2005-11-01,12,6,9,10,21,16,37
70301,SAN IGNACIO DE VELASCO,desnutricion global,desnutricion moderada (m),2005-11-01,30,35,23,42,53,77,130
80102,SAN JAVIER(BNI),desnutricion global,desnutricion moderada (m),2005-11-01,2,1,0,0,2,1,3
71102,SAN JAVIER(STC),desnutricion global,desnutricion moderada (m),2005-11-01,1,2,1,0,2,2,4
80701,SAN JOAQUIN,desnutricion global,desnutricion moderada (m),2005-11-01,1,0,0,0,1,0,1
70501,SAN JOSE DE CHIQUITOS,desnutricion global,desnutricion moderada (m),2005-11-01,1,0,0,0,1,0,1
70404,SAN JUAN DE YAPACANI,desnutricion global,desnutricion moderada (m),2005-11-01,0,0,0,1,0,1,1
71104,SAN JULIAN,desnutricion global,desnutricion moderada (m),2005-11-01,5,14,8,8,13,22,35
90302,SAN LORENZO(PND),desnutricion global,desnutricion moderada (m),2005-11-01,0,1,0,0,0,1,1
60501,SAN LORENZO(TJA),desnutricion global,desnutricion moderada (m),2005-11-01,7,5,11,15,18,20,38
10702,SAN LUCAS,desnutricion global,desnutricion moderada (m),2005-11-01,67,71,54,72,121,143,264
70302,SAN MIGUEL DE VELASCO,desnutricion global,desnutricion moderada (m),2005-11-01,5,5,4,8,9,13,22
51001,SAN PABLO DE LIPEZ,desnutricion global,desnutricion moderada (m),2005-11-01,2,0,1,1,3,1,4
71005,SAN PEDRO,desnutricion global,desnutricion moderada (m),2005-11-01,4,3,3,0,7,3,10
50501,SAN PEDRO DE BUENA VISTA,desnutricion global,desnutricion moderada (m),2005-11-01,35,28,37,38,72,66,138
21801,SAN PEDRO DE CURAHUARA,desnutricion global,desnutricion moderada (m),2005-11-01,1,0,2,0,3,0,3
21702,SAN PEDRO DE TIQUINA,desnutricion global,desnutricion moderada (m),2005-11-01,0,0,2,1,2,1,3
90202,SAN PEDRO(PND),desnutricion global,desnutricion moderada (m),2005-11-01,1,1,0,0,1,1,2
70303,SAN RAFAEL,desnutricion global,desnutricion moderada (m),2005-11-01,3,6,7,1,10,7,17
80702,SAN RAMON,desnutricion global,desnutricion moderada (m),2005-11-01,1,1,0,0,1,1,2
80702,SAN RAMON,desnutricion global,desnutricion moderada (m),2005-11-01,0,1,1,1,1,2,3
80401,SANTA ANA,desnutricion global,desnutricion moderada (m),2005-11-01,1,3,0,3,1,6,7
70101,SANTA CRUZ DE LA SIERRA,desnutricion global,desnutricion moderada (m),2005-11-01,88,97,36,42,124,139,263
80303,SANTA ROSA,desnutricion global,desnutricion moderada (m),2005-11-01,2,5,1,1,3,6,9
70602,SANTA ROSA DEL SARA,desnutricion global,desnutricion moderada (m),2005-11-01,6,3,2,2,8,5,13
20308,SANTIAGO DE CALLAPA,desnutricion global,desnutricion moderada (m),2005-11-01,1,2,2,3,3,5,8
41401,SANTIAGO DE HUARI,desnutricion global,desnutricion moderada (m),2005-11-01,0,0,1,0,1,0,1
21901,SANTIAGO DE MACHACA,desnutricion global,desnutricion moderada (m),2005-11-01,1,0,1,0,2,0,2
30702,SANTIVAÑES,desnutricion global,desnutricion moderada (m),2005-11-01,1,1,1,1,2,2,4
40202,SANTUARIO DE QUILLACAS,desnutricion global,desnutricion moderada (m),2005-11-01,1,2,2,0,3,2,5
20902,SAPAHAQUI,desnutricion global,desnutricion moderada (m),2005-11-01,11,7,4,8,15,15,30
90303,SENA,desnutricion global,desnutricion moderada (m),2005-11-01,3,2,2,3,5,5,10
21301,SICA SICA (VILLA AROMA),desnutricion global,desnutricion moderada (m),2005-11-01,19,14,14,13,33,27,60
30703,SICAYA,desnutricion global,desnutricion moderada (m),2005-11-01,2,4,2,4,4,8,12
30902,SIPE SIPE,desnutricion global,desnutricion moderada (m),2005-11-01,31,20,19,23,50,43,93
10403,SOPACHUY,desnutricion global,desnutricion moderada (m),2005-11-01,5,10,4,21,9,31,40
40104,SORACACHI,desnutricion global,desnutricion moderada (m),2005-11-01,5,4,6,2,11,6,17
20601,SORATA,desnutricion global,desnutricion moderada (m),2005-11-01,2,3,0,3,2,6,8
10101,SUCRE,desnutricion global,desnutricion moderada (m),2005-11-01,59,49,42,74,101,123,224
31404,TACACHI,desnutricion global,desnutricion moderada (m),2005-11-01,1,1,0,1,1,2,3
50303,TACOBAMBA,desnutricion global,desnutricion moderada (m),2005-11-01,21,11,14,10,35,21,56
30602,TACOPAYA,desnutricion global,desnutricion moderada (m),2005-11-01,10,10,6,7,16,17,33
51402,TAHUA,desnutricion global,desnutricion moderada (m),2005-11-01,1,0,0,1,1,1,2
31101,TAPACARI,desnutricion global,desnutricion moderada (m),2005-11-01,30,9,15,18,45,27,72
10601,TARABUCO,desnutricion global,desnutricion moderada (m),2005-11-01,66,48,52,75,118,123,241
20807,TARACO,desnutricion global,desnutricion moderada (m),2005-11-01,1,0,0,0,1,0,1
30401,TARATA,desnutricion global,desnutricion moderada (m),2005-11-01,7,5,3,4,10,9,19
60101,TARIJA,desnutricion global,desnutricion moderada (m),2005-11-01,35,25,18,22,53,47,100
10202,TARVITA,desnutricion global,desnutricion moderada (m),2005-11-01,16,25,23,41,39,66,105
20608,TEOPONTE,desnutricion global,desnutricion moderada (m),2005-11-01,5,3,6,4,11,7,18
20803,TIAWANACU,desnutricion global,desnutricion moderada (m),2005-11-01,1,0,0,0,1,0,1
50102,TINGUIPAYA,desnutricion global,desnutricion moderada (m),2005-11-01,18,30,22,18,40,48,88
20606,TIPUANI,desnutricion global,desnutricion moderada (m),2005-11-01,1,2,0,2,1,4,5
30903,TIQUIPAYA,desnutricion global,desnutricion moderada (m),2005-11-01,4,3,1,1,5,4,9
31601,TIRAQUE (CBBA),desnutricion global,desnutricion moderada (m),2005-11-01,23,18,14,16,37,34,71
21703,TITO YUPANQUI (PARQUIPUJIO),desnutricion global,desnutricion moderada (m),2005-11-01,1,1,0,0,1,1,2
30802,TOCO,desnutricion global,desnutricion moderada (m),2005-11-01,0,2,4,1,4,3,7
41001,TOLEDO,desnutricion global,desnutricion moderada (m),2005-11-01,1,2,0,1,1,3,4
51202,TOMAVE,desnutricion global,desnutricion moderada (m),2005-11-01,8,7,8,4,16,11,27
10402,TOMINA,desnutricion global,desnutricion moderada (m),2005-11-01,14,11,23,24,37,35,72
50502,TORO TORO,desnutricion global,desnutricion moderada (m),2005-11-01,28,23,13,25,41,48,89
31201,TOTORA(CBBA),desnutricion global,desnutricion moderada (m),2005-11-01,2,1,0,3,2,4,6
41301,TOTORA(ORR),desnutricion global,desnutricion moderada (m),2005-11-01,1,2,2,3,3,5,8
80101,TRINIDAD,desnutricion global,desnutricion moderada (m),2005-11-01,19,22,9,9,28,31,59
50801,TUPIZA,desnutricion global,desnutricion moderada (m),2005-11-01,12,16,6,10,18,26,44
40402,TURCO,desnutricion global,desnutricion moderada (m),2005-11-01,0,2,1,1,1,3,4
21302,UMALA,desnutricion global,desnutricion moderada (m),2005-11-01,0,0,0,1,0,1,1
50201,UNCIA,desnutricion global,desnutricion moderada (m),2005-11-01,13,5,12,13,25,18,43
60401,URIONDO (A. CONCEPCION),desnutricion global,desnutricion moderada (m),2005-11-01,8,10,4,6,12,16,28
51201,UYUNI,desnutricion global,desnutricion moderada (m),2005-11-01,3,7,5,7,8,14,22
30502,VACAS,desnutricion global,desnutricion moderada (m),2005-11-01,5,3,3,3,8,6,14
70801,VALLEGRANDE,desnutricion global,desnutricion moderada (m),2005-11-01,2,2,4,7,6,9,15
20801,VIACHA,desnutricion global,desnutricion moderada (m),2005-11-01,12,5,4,7,16,12,28
31302,VILA VILA,desnutricion global,desnutricion moderada (m),2005-11-01,5,8,2,1,7,9,16
60303,VILLA MONTES,desnutricion global,desnutricion moderada (m),2005-11-01,11,12,4,4,15,16,31
90502,VILLA NUEVA (LOMA ALTA),desnutricion global,desnutricion moderada (m),2005-11-01,2,1,1,0,3,1,4
31402,VILLA RIVERO,desnutricion global,desnutricion moderada (m),2005-11-01,7,4,1,1,8,5,13
10801,VILLA SERRANO,desnutricion global,desnutricion moderada (m),2005-11-01,12,14,13,19,25,33,58
31003,VILLA TUNARI,desnutricion global,desnutricion moderada (m),2005-11-01,33,24,30,34,63,58,121
11001,VILLA VACA GUZMAN (MUYUPAMPA),desnutricion global,desnutricion moderada (m),2005-11-01,4,3,7,10,11,13,24
51501,VILLAZON,desnutricion global,desnutricion moderada (m),2005-11-01,13,13,7,14,20,27,47
30904,VINTO,desnutricion global,desnutricion moderada (m),2005-11-01,4,1,3,3,7,4,11
50602,VITICHI,desnutricion global,desnutricion moderada (m),2005-11-01,7,8,9,19,16,27,43
20306,WALDO BALLIVIAN,desnutricion global,desnutricion moderada (m),2005-11-01,0,1,0,1,0,2,2
70201,WARNES,desnutricion global,desnutricion moderada (m),2005-11-01,6,11,5,7,11,18,29
20903,YACO,desnutricion global,desnutricion moderada (m),2005-11-01,13,9,5,3,18,12,30
60301,YACUIBA,desnutricion global,desnutricion moderada (m),2005-11-01,24,25,6,9,30,34,64
10602,YAMPARAEZ,desnutricion global,desnutricion moderada (m),2005-11-01,21,12,18,17,39,29,68
21103,YANACACHI,desnutricion global,desnutricion moderada (m),2005-11-01,0,0,0,1,0,1,1
70403,YAPACANI,desnutricion global,desnutricion moderada (m),2005-11-01,15,14,9,8,24,22,46
50103,YOCALLA,desnutricion global,desnutricion moderada (m),2005-11-01,0,1,0,0,0,1,1
10102,YOTALA,desnutricion global,desnutricion moderada (m),2005-11-01,8,9,1,12,9,21,30
60402,YUNCHARA,desnutricion global,desnutricion moderada (m),2005-11-01,5,4,1,9,6,13,19
10301,ZUDAÑEZ,desnutricion global,desnutricion moderada (m),2005-11-01,8,14,13,15,21,29,50
51302,ACACIO,desnutricion global,desnutricion moderada (m),2005-12-01,4,0,5,4,9,4,13
20201,ACHACACHI,desnutricion global,desnutricion moderada (m),2005-12-01,4,7,18,2,22,9,31
20104,ACHOCALLA,desnutricion global,desnutricion moderada (m),2005-12-01,2,0,0,0,2,0,2
30201,AIQUILE,desnutricion global,desnutricion moderada (m),2005-12-01,1,2,6,3,7,5,12
10404,ALCALA,desnutricion global,desnutricion moderada (m),2005-12-01,1,4,2,3,3,7,10
20202,ANCORAIMES,desnutricion global,desnutricion moderada (m),2005-12-01,3,0,1,1,4,1,5
41201,ANDAMARCA,desnutricion global,desnutricion moderada (m),2005-12-01,2,1,4,0,6,1,7
40603,ANTEQUERA,desnutricion global,desnutricion moderada (m),2005-12-01,0,2,0,1,0,3,3
30402,ANZALDO,desnutricion global,desnutricion moderada (m),2005-12-01,4,2,0,4,4,6,10
20701,APOLO,desnutricion global,desnutricion moderada (m),2005-12-01,12,6,2,9,14,15,29
51301,ARAMPAMPA,desnutricion global,desnutricion moderada (m),2005-12-01,11,4,14,10,25,14,39
30501,ARANI,desnutricion global,desnutricion moderada (m),2005-12-01,3,2,0,0,3,2,5
30403,ARBIETO,desnutricion global,desnutricion moderada (m),2005-12-01,3,1,6,4,9,5,14
30601,ARQUE,desnutricion global,desnutricion moderada (m),2005-12-01,7,6,8,7,15,13,28
50802,ATOCHA,desnutricion global,desnutricion moderada (m),2005-12-01,15,8,5,3,20,11,31
20503,AUCAPATA,desnutricion global,desnutricion moderada (m),2005-12-01,6,2,6,4,12,6,18
20502,AYATA,desnutricion global,desnutricion moderada (m),2005-12-01,8,1,7,5,15,6,21
21303,AYO AYO,desnutricion global,desnutricion moderada (m),2005-12-01,4,2,0,0,4,2,6
30301,AYOPAYA (V. DE INDEPENDENCIA),desnutricion global,desnutricion moderada (m),2005-12-01,9,14,9,13,18,27,45
10201,AZURDUY,desnutricion global,desnutricion moderada (m),2005-12-01,9,14,36,13,45,27,72
21203,BATALLAS,desnutricion global,desnutricion moderada (m),2005-12-01,4,1,2,2,6,3,9
80802,BAURES,desnutricion global,desnutricion moderada (m),2005-12-01,0,1,1,0,1,1,2
41202,BELEN DE ANDAMARCA,desnutricion global,desnutricion moderada (m),2005-12-01,0,0,0,2,0,2,2
50104,BELEN DE URMIRI,desnutricion global,desnutricion moderada (m),2005-12-01,1,0,0,0,1,0,1
90104,BELLA FLOR,desnutricion global,desnutricion moderada (m),2005-12-01,2,10,0,0,2,10,12
60202,BERMEJO,desnutricion global,desnutricion moderada (m),2005-12-01,0,0,1,2,1,2,3
50301,BETANZOS,desnutricion global,desnutricion moderada (m),2005-12-01,27,16,28,33,55,49,104
31501,BOLIVAR,desnutricion global,desnutricion moderada (m),2005-12-01,26,16,12,16,38,32,70
70707,BOYUIBE,desnutricion global,desnutricion moderada (m),2005-12-01,1,0,0,3,1,3,4
70401,BUENA VISTA,desnutricion global,desnutricion moderada (m),2005-12-01,0,0,0,1,0,1,1
70703,CABEZAS,desnutricion global,desnutricion moderada (m),2005-12-01,1,2,0,0,1,2,3
20905,CAIROMA,desnutricion global,desnutricion moderada (m),2005-12-01,13,10,7,7,20,17,37
51102,"CAIZA ""D""",desnutricion global,desnutricion moderada (m),2005-12-01,0,2,5,5,5,7,12
21003,CAJUATA,desnutricion global,desnutricion moderada (m),2005-12-01,0,1,0,1,0,2,2
20303,CALACOTO,desnutricion global,desnutricion moderada (m),2005-12-01,0,2,0,0,0,2,2
21304,CALAMARCA,desnutricion global,desnutricion moderada (m),2005-12-01,14,13,10,12,24,25,49
10701,CAMARGO,desnutricion global,desnutricion moderada (m),2005-12-01,16,14,8,13,24,27,51
10901,CAMATAQUI (C. VILLA ABECIA),desnutricion global,desnutricion moderada (m),2005-12-01,5,0,4,3,9,3,12
70706,CAMIRI,desnutricion global,desnutricion moderada (m),2005-12-01,10,8,14,18,24,26,50
30701,CAPINOTA,desnutricion global,desnutricion moderada (m),2005-12-01,16,10,9,14,25,24,49
20302,CAQUIAVIRI,desnutricion global,desnutricion moderada (m),2005-12-01,2,0,0,2,2,2,4
40102,CARACOLLO,desnutricion global,desnutricion moderada (m),2005-12-01,2,2,0,1,2,3,5
22001,CARANAVI,desnutricion global,desnutricion moderada (m),2005-12-01,11,16,11,14,22,30,52
60302,CARAPARI,desnutricion global,desnutricion moderada (m),2005-12-01,2,1,0,1,2,2,4
50702,CARIPUYO,desnutricion global,desnutricion moderada (m),2005-12-01,8,6,7,16,15,22,37
21803,CHACARILLA,desnutricion global,desnutricion moderada (m),2005-12-01,1,0,0,2,1,2,3
40201,CHALLAPATA,desnutricion global,desnutricion moderada (m),2005-12-01,19,8,5,7,24,15,39
50302,CHAQUI,desnutricion global,desnutricion moderada (m),2005-12-01,4,1,2,5,6,6,12
70702,CHARAGUA,desnutricion global,desnutricion moderada (m),2005-12-01,10,10,6,8,16,18,34
20305,CHARAÑA,desnutricion global,desnutricion moderada (m),2005-12-01,0,1,1,0,1,1,2
50202,CHAYANTA,desnutricion global,desnutricion moderada (m),2005-12-01,11,15,11,12,22,27,49
31204,CHIMORE,desnutricion global,desnutricion moderada (m),2005-12-01,3,8,1,5,4,13,17
40903,CHIPAYA,desnutricion global,desnutricion moderada (m),2005-12-01,1,0,1,1,2,1,3
21101,CHULUMANI (V. DE LA LIBERTAD),desnutricion global,desnutricion moderada (m),2005-12-01,3,0,1,0,4,0,4
20501,CHUMA,desnutricion global,desnutricion moderada (m),2005-12-01,5,5,3,2,8,7,15
30801,CLIZA,desnutricion global,desnutricion moderada (m),2005-12-01,11,4,0,4,11,8,19
90101,COBIJA,desnutricion global,desnutricion moderada (m),2005-12-01,7,2,5,1,12,3,15
30101,COCHABAMBA,desnutricion global,desnutricion moderada (m),2005-12-01,74,47,37,31,111,78,189
30905,COLCAPIRHUA,desnutricion global,desnutricion moderada (m),2005-12-01,20,19,7,7,27,26,53
50901,"COLCHA ""K""",desnutricion global,desnutricion moderada (m),2005-12-01,2,2,4,4,6,6,12
31002,COLOMI,desnutricion global,desnutricion moderada (m),2005-12-01,9,15,6,6,15,21,36
70603,COLPA BELGICA,desnutricion global,desnutricion moderada (m),2005-12-01,2,0,2,0,4,0,4
50401,COLQUECHACA,desnutricion global,desnutricion moderada (m),2005-12-01,19,15,18,25,37,40,77
21306,COLQUENCHA,desnutricion global,desnutricion moderada (m),2005-12-01,3,0,4,2,7,2,9
21004,COLQUIRI,desnutricion global,desnutricion moderada (m),2005-12-01,3,7,5,8,8,15,23
20304,COMANCHE,desnutricion global,desnutricion moderada (m),2005-12-01,1,0,0,0,1,0,1
71301,COMARAPA,desnutricion global,desnutricion moderada (m),2005-12-01,3,5,3,2,6,7,13
20605,COMBAYA,desnutricion global,desnutricion moderada (m),2005-12-01,1,1,1,2,2,3,5
71101,CONCEPCION,desnutricion global,desnutricion moderada (m),2005-12-01,1,0,1,0,2,0,2
21701,COPACABANA,desnutricion global,desnutricion moderada (m),2005-12-01,1,0,2,1,3,1,4
21402,CORIPATA,desnutricion global,desnutricion moderada (m),2005-12-01,1,0,0,0,1,0,1
20301,CORO CORO,desnutricion global,desnutricion moderada (m),2005-12-01,4,3,4,3,8,6,14
21401,COROICO,desnutricion global,desnutricion moderada (m),2005-12-01,0,1,2,5,2,6,8
40301,CORQUE,desnutricion global,desnutricion moderada (m),2005-12-01,2,3,1,2,3,5,8
50601,COTAGAITA,desnutricion global,desnutricion moderada (m),2005-12-01,17,10,13,16,30,26,56
70102,COTOCA,desnutricion global,desnutricion moderada (m),2005-12-01,4,8,3,4,7,12,19
71106,CUATRO CAÑADAS,desnutricion global,desnutricion moderada (m),2005-12-01,0,5,1,2,1,7,8
31405,CUCHUMUELA (V. G. VILLARROEL),desnutricion global,desnutricion moderada (m),2005-12-01,1,0,0,0,1,0,1
70704,CUEVO,desnutricion global,desnutricion moderada (m),2005-12-01,2,1,1,1,3,2,5
10902,CULPINA,desnutricion global,desnutricion moderada (m),2005-12-01,31,21,22,33,53,54,107
40401,CURAHUARA DE CARANGAS,desnutricion global,desnutricion moderada (m),2005-12-01,3,0,3,1,6,1,7
21602,CURVA,desnutricion global,desnutricion moderada (m),2005-12-01,1,1,3,0,4,1,5
20105,EL ALTO,desnutricion global,desnutricion moderada (m),2005-12-01,193,170,130,136,323,306,629
40103,EL CHORO,desnutricion global,desnutricion moderada (m),2005-12-01,2,0,1,0,3,0,3
60502,EL PUENTE(TJA),desnutricion global,desnutricion moderada (m),2005-12-01,0,1,4,5,4,6,10
70105,EL TORNO,desnutricion global,desnutricion moderada (m),2005-12-01,8,8,5,6,13,14,27
10405,EL VILLAR,desnutricion global,desnutricion moderada (m),2005-12-01,4,5,2,8,6,13,19
60601,ENTRE RIOS,desnutricion global,desnutricion moderada (m),2005-12-01,22,11,7,12,29,23,52
60601,ENTRE RIOS,desnutricion global,desnutricion moderada (m),2005-12-01,1,4,5,8,6,12,18
80402,EXALTACION,desnutricion global,desnutricion moderada (m),2005-12-01,0,0,1,0,1,0,1
71004,FERNANDEZ ALONSO,desnutricion global,desnutricion moderada (m),2005-12-01,3,6,0,1,3,7,10
71002,GENERAL SAAVEDRA,desnutricion global,desnutricion moderada (m),2005-12-01,2,1,6,4,8,5,13
21601,GRAL. J.J. PEREZ (CHARAZANI),desnutricion global,desnutricion moderada (m),2005-12-01,11,7,5,6,16,13,29
20602,GUANAY,desnutricion global,desnutricion moderada (m),2005-12-01,6,5,1,2,7,7,14
20802,GUAQUI,desnutricion global,desnutricion moderada (m),2005-12-01,1,1,0,0,1,1,2
80202,GUAYARAMERIN,desnutricion global,desnutricion moderada (m),2005-12-01,12,14,2,6,14,20,34
70705,GUTIERREZ,desnutricion global,desnutricion moderada (m),2005-12-01,20,18,14,25,34,43,77
10502,HUACARETA,desnutricion global,desnutricion moderada (m),2005-12-01,1,1,4,2,5,3,8
11002,HUACAYA (VILLA DE HUACAYA),desnutricion global,desnutricion moderada (m),2005-12-01,1,1,5,0,6,1,7
40701,HUANUNI,desnutricion global,desnutricion moderada (m),2005-12-01,6,4,0,2,6,6,12
80803,HUARACAJE,desnutricion global,desnutricion moderada (m),2005-12-01,1,0,0,0,1,0,1
21005,ICHOCA,desnutricion global,desnutricion moderada (m),2005-12-01,0,0,1,1,1,1,2
10304,ICLA,desnutricion global,desnutricion moderada (m),2005-12-01,18,29,28,38,46,67,113
10703,INCAHUASI,desnutricion global,desnutricion moderada (m),2005-12-01,43,23,13,30,56,53,109
21001,INQUISIVI,desnutricion global,desnutricion moderada (m),2005-12-01,10,11,4,7,14,18,32
21102,IRUPANA (VILLA DE LANZA),desnutricion global,desnutricion moderada (m),2005-12-01,3,1,2,4,5,5,10
21501,IXIAMAS,desnutricion global,desnutricion moderada (m),2005-12-01,3,6,2,2,5,8,13
20806,JESUS DE MACHACA,desnutricion global,desnutricion moderada (m),2005-12-01,5,5,5,2,10,7,17
21105,LA ASUNTA,desnutricion global,desnutricion moderada (m),2005-12-01,0,2,0,3,0,5,5
70104,LA GUARDIA,desnutricion global,desnutricion moderada (m),2005-12-01,5,10,4,8,9,18,27
20101,LA PAZ,desnutricion global,desnutricion moderada (m),2005-12-01,130,87,51,58,181,145,326
70701,LAGUNILLAS,desnutricion global,desnutricion moderada (m),2005-12-01,1,4,1,3,2,7,9
21202,LAJA,desnutricion global,desnutricion moderada (m),2005-12-01,3,1,1,5,4,6,10
10903,LAS CARRERAS,desnutricion global,desnutricion moderada (m),2005-12-01,1,0,2,6,3,6,9
21006,LICOMA PAMPA,desnutricion global,desnutricion moderada (m),2005-12-01,2,0,0,0,2,0,2
50203,LLALLAGUA,desnutricion global,desnutricion moderada (m),2005-12-01,23,18,17,28,40,46,86
51401,LLICA,desnutricion global,desnutricion moderada (m),2005-12-01,0,0,0,2,0,2,2
20901,LURIBAY,desnutricion global,desnutricion moderada (m),2005-12-01,10,8,3,4,13,12,25
40702,MACHACAMARCA,desnutricion global,desnutricion moderada (m),2005-12-01,0,1,1,1,1,2,3
11003,MACHARETI,desnutricion global,desnutricion moderada (m),2005-12-01,4,2,4,8,8,10,18
80801,MAGDALENA,desnutricion global,desnutricion moderada (m),2005-12-01,0,0,0,1,0,1,1
70903,MAIRANA,desnutricion global,desnutricion moderada (m),2005-12-01,0,3,1,1,1,4,5
20904,MALLA,desnutricion global,desnutricion moderada (m),2005-12-01,5,4,1,1,6,5,11
20607,MAPIRI,desnutricion global,desnutricion moderada (m),2005-12-01,6,1,1,2,7,3,10
20103,MECAPACA,desnutricion global,desnutricion moderada (m),2005-12-01,1,1,0,0,1,1,2
71003,MINEROS,desnutricion global,desnutricion moderada (m),2005-12-01,1,3,2,3,3,6,9
31301,MIZQUE,desnutricion global,desnutricion moderada (m),2005-12-01,7,9,5,9,12,18,30
20402,MOCOMOCO,desnutricion global,desnutricion moderada (m),2005-12-01,1,1,1,0,2,1,3
10303,MOJOCOYA,desnutricion global,desnutricion moderada (m),2005-12-01,5,2,4,2,9,4,13
10501,MONTEAGUDO,desnutricion global,desnutricion moderada (m),2005-12-01,16,9,9,11,25,20,45
71001,MONTERO,desnutricion global,desnutricion moderada (m),2005-12-01,35,31,12,27,47,58,105
30302,MOROCHATA,desnutricion global,desnutricion moderada (m),2005-12-01,9,5,5,8,14,13,27
90501,NUEVO MANOA (NUEVA ESPERANZA),desnutricion global,desnutricion moderada (m),2005-12-01,4,1,3,0,7,1,8
50404,OCURI,desnutricion global,desnutricion moderada (m),2005-12-01,30,21,22,25,52,46,98
70202,OKINAWA,desnutricion global,desnutricion moderada (m),2005-12-01,1,2,1,1,2,3,5
30203,OMEREQUE,desnutricion global,desnutricion moderada (m),2005-12-01,0,1,0,0,0,1,1
40101,ORURO,desnutricion global,desnutricion moderada (m),2005-12-01,55,39,18,22,73,61,134
60201,PADCAYA,desnutricion global,desnutricion moderada (m),2005-12-01,2,2,1,4,3,6,9
10401,PADILLA,desnutricion global,desnutricion moderada (m),2005-12-01,8,10,11,14,19,24,43
20102,PALCA,desnutricion global,desnutricion moderada (m),2005-12-01,3,4,0,0,3,4,7
21104,PALOS BLANCOS,desnutricion global,desnutricion moderada (m),2005-12-01,11,8,3,6,14,14,28
40802,PAMPA AULLAGAS,desnutricion global,desnutricion moderada (m),2005-12-01,1,2,0,0,1,2,3
70902,PAMPA GRANDE,desnutricion global,desnutricion moderada (m),2005-12-01,3,1,0,0,3,1,4
21802,PAPEL PAMPA,desnutricion global,desnutricion moderada (m),2005-12-01,0,0,0,4,0,4,4
30202,PASORAPA,desnutricion global,desnutricion moderada (m),2005-12-01,3,2,1,1,4,3,7
21305,PATACAMAYA,desnutricion global,desnutricion moderada (m),2005-12-01,13,9,5,5,18,14,32
40602,PAZÑA,desnutricion global,desnutricion moderada (m),2005-12-01,1,0,1,0,2,0,2
20702,PELECHUCO,desnutricion global,desnutricion moderada (m),2005-12-01,1,2,3,1,4,3,7
50403,POCOATA,desnutricion global,desnutricion moderada (m),2005-12-01,11,13,33,13,44,26,70
31203,POCONA,desnutricion global,desnutricion moderada (m),2005-12-01,2,9,4,7,6,16,22
31202,POJO (CBBA),desnutricion global,desnutricion moderada (m),2005-12-01,1,2,2,0,3,2,5
40601,POOPO,desnutricion global,desnutricion moderada (m),2005-12-01,1,1,0,1,1,2,3
51203,PORCO,desnutricion global,desnutricion moderada (m),2005-12-01,2,1,0,0,2,1,3
10103,POROMA,desnutricion global,desnutricion moderada (m),2005-12-01,16,14,8,18,24,32,56
70601,PORTACHUELO,desnutricion global,desnutricion moderada (m),2005-12-01,1,3,2,2,3,5,8
90102,PORVENIR,desnutricion global,desnutricion moderada (m),2005-12-01,0,1,0,0,0,1,1
70804,POSTRER VALLE,desnutricion global,desnutricion moderada (m),2005-12-01,0,0,0,2,0,2,2
50101,POTOSI,desnutricion global,desnutricion moderada (m),2005-12-01,57,61,27,25,84,86,170
10302,PRESTO,desnutricion global,desnutricion moderada (m),2005-12-01,13,9,7,9,20,18,38
21201,PUCARANI,desnutricion global,desnutricion moderada (m),2005-12-01,19,9,1,2,20,11,31
20401,PUERTO ACOSTA,desnutricion global,desnutricion moderada (m),2005-12-01,2,2,0,0,2,2,4
20403,PUERTO CARABUCO,desnutricion global,desnutricion moderada (m),2005-12-01,10,2,1,2,11,4,15
90301,PUERTO GONZALO MORENO,desnutricion global,desnutricion moderada (m),2005-12-01,7,10,7,5,14,15,29
21204,PUERTO PEREZ,desnutricion global,desnutricion moderada (m),2005-12-01,0,0,0,2,0,2,2
90201,PUERTO RICO,desnutricion global,desnutricion moderada (m),2005-12-01,3,5,0,0,3,5,8
31205,PUERTO VILLARROEL,desnutricion global,desnutricion moderada (m),2005-12-01,12,12,12,11,24,23,47
51101,PUNA,desnutricion global,desnutricion moderada (m),2005-12-01,13,15,11,23,24,38,62
31401,PUNATA,desnutricion global,desnutricion moderada (m),2005-12-01,7,4,4,4,11,8,19
30901,QUILLACOLLO,desnutricion global,desnutricion moderada (m),2005-12-01,15,12,12,8,27,20,47
21002,QUIME,desnutricion global,desnutricion moderada (m),2005-12-01,2,2,1,2,3,4,7
50402,RAVELO,desnutricion global,desnutricion moderada (m),2005-12-01,49,42,39,52,88,94,182
80301,REYES,desnutricion global,desnutricion moderada (m),2005-12-01,7,5,3,4,10,9,19
80201,RIBERALTA,desnutricion global,desnutricion moderada (m),2005-12-01,48,52,16,19,64,71,135
80304,RURRENABAQUE,desnutricion global,desnutricion moderada (m),2005-12-01,3,3,0,0,3,3,6
31001,SACABA,desnutricion global,desnutricion moderada (m),2005-12-01,33,16,28,28,61,44,105
30404,SACABAMBA,desnutricion global,desnutricion moderada (m),2005-12-01,5,3,1,2,6,5,11
50701,SACACA,desnutricion global,desnutricion moderada (m),2005-12-01,34,25,48,53,82,78,160
71302,SAIPINA,desnutricion global,desnutricion moderada (m),2005-12-01,0,3,1,0,1,3,4
40801,SALINAS DE GARCI MENDOZA,desnutricion global,desnutricion moderada (m),2005-12-01,4,0,1,2,5,2,7
70901,SAMAIPATA,desnutricion global,desnutricion moderada (m),2005-12-01,2,0,3,3,5,3,8
51601,SAN AGUSTIN,desnutricion global,desnutricion moderada (m),2005-12-01,0,1,0,0,0,1,1
80602,SAN ANDRES,desnutricion global,desnutricion moderada (m),2005-12-01,0,3,0,0,0,3,3
20805,SAN ANDRES DE MACHACA,desnutricion global,desnutricion moderada (m),2005-12-01,1,0,0,1,1,1,2
71105,SAN ANTONIO DE LOMERIO,desnutricion global,desnutricion moderada (m),2005-12-01,7,2,5,3,12,5,17
31403,SAN BENITO,desnutricion global,desnutricion moderada (m),2005-12-01,1,1,5,6,6,7,13
80302,SAN BORJA,desnutricion global,desnutricion moderada (m),2005-12-01,19,11,10,17,29,28,57
21502,SAN BUENA VENTURA,desnutricion global,desnutricion moderada (m),2005-12-01,2,3,2,5,4,8,12
70402,SAN CARLOS,desnutricion global,desnutricion moderada (m),2005-12-01,2,2,0,1,2,3,5
80501,SAN IGNACIO,desnutricion global,desnutricion moderada (m),2005-12-01,7,7,7,7,14,14,28
70301,SAN IGNACIO DE VELASCO,desnutricion global,desnutricion moderada (m),2005-12-01,15,27,16,16,31,43,74
80102,SAN JAVIER(BNI),desnutricion global,desnutricion moderada (m),2005-12-01,0,2,0,0,0,2,2
80701,SAN JOAQUIN,desnutricion global,desnutricion moderada (m),2005-12-01,0,0,0,2,0,2,2
70404,SAN JUAN DE YAPACANI,desnutricion global,desnutricion moderada (m),2005-12-01,1,1,0,1,1,2,3
71104,SAN JULIAN,desnutricion global,desnutricion moderada (m),2005-12-01,1,2,2,2,3,4,7
90302,SAN LORENZO(PND),desnutricion global,desnutricion moderada (m),2005-12-01,2,0,1,0,3,0,3
60501,SAN LORENZO(TJA),desnutricion global,desnutricion moderada (m),2005-12-01,1,8,8,5,9,13,22
10702,SAN LUCAS,desnutricion global,desnutricion moderada (m),2005-12-01,54,49,36,61,90,110,200
70302,SAN MIGUEL DE VELASCO,desnutricion global,desnutricion moderada (m),2005-12-01,1,11,4,0,5,11,16
51001,SAN PABLO DE LIPEZ,desnutricion global,desnutricion moderada (m),2005-12-01,1,0,3,1,4,1,5
71005,SAN PEDRO,desnutricion global,desnutricion moderada (m),2005-12-01,5,8,2,5,7,13,20
50501,SAN PEDRO DE BUENA VISTA,desnutricion global,desnutricion moderada (m),2005-12-01,26,25,24,32,50,57,107
21702,SAN PEDRO DE TIQUINA,desnutricion global,desnutricion moderada (m),2005-12-01,1,0,0,0,1,0,1
90202,SAN PEDRO(PND),desnutricion global,desnutricion moderada (m),2005-12-01,2,4,0,0,2,4,6
70303,SAN RAFAEL,desnutricion global,desnutricion moderada (m),2005-12-01,3,2,2,1,5,3,8
80702,SAN RAMON,desnutricion global,desnutricion moderada (m),2005-12-01,0,0,1,0,1,0,1
80702,SAN RAMON,desnutricion global,desnutricion moderada (m),2005-12-01,5,2,1,0,6,2,8
80401,SANTA ANA,desnutricion global,desnutricion moderada (m),2005-12-01,0,0,0,1,0,1,1
70101,SANTA CRUZ DE LA SIERRA,desnutricion global,desnutricion moderada (m),2005-12-01,93,101,26,35,119,136,255
80303,SANTA ROSA,desnutricion global,desnutricion moderada (m),2005-12-01,4,2,2,1,6,3,9
70602,SANTA ROSA DEL SARA,desnutricion global,desnutricion moderada (m),2005-12-01,4,1,4,2,8,3,11
20308,SANTIAGO DE CALLAPA,desnutricion global,desnutricion moderada (m),2005-12-01,0,1,5,0,5,1,6
41401,SANTIAGO DE HUARI,desnutricion global,desnutricion moderada (m),2005-12-01,0,1,1,0,1,1,2
21901,SANTIAGO DE MACHACA,desnutricion global,desnutricion moderada (m),2005-12-01,1,0,0,1,1,1,2
30702,SANTIVAÑES,desnutricion global,desnutricion moderada (m),2005-12-01,4,1,3,2,7,3,10
40202,SANTUARIO DE QUILLACAS,desnutricion global,desnutricion moderada (m),2005-12-01,0,1,0,2,0,3,3
20902,SAPAHAQUI,desnutricion global,desnutricion moderada (m),2005-12-01,6,7,3,3,9,10,19
90303,SENA,desnutricion global,desnutricion moderada (m),2005-12-01,1,2,0,1,1,3,4
21301,SICA SICA (VILLA AROMA),desnutricion global,desnutricion moderada (m),2005-12-01,6,4,4,4,10,8,18
30902,SIPE SIPE,desnutricion global,desnutricion moderada (m),2005-12-01,17,10,9,6,26,16,42
10403,SOPACHUY,desnutricion global,desnutricion moderada (m),2005-12-01,0,2,0,6,0,8,8
40104,SORACACHI,desnutricion global,desnutricion moderada (m),2005-12-01,0,5,2,4,2,9,11
20601,SORATA,desnutricion global,desnutricion moderada (m),2005-12-01,4,4,2,2,6,6,12
10101,SUCRE,desnutricion global,desnutricion moderada (m),2005-12-01,36,30,26,30,62,60,122
31404,TACACHI,desnutricion global,desnutricion moderada (m),2005-12-01,1,1,1,0,2,1,3
20603,TACACOMA,desnutricion global,desnutricion moderada (m),2005-12-01,1,0,0,0,1,0,1
50303,TACOBAMBA,desnutricion global,desnutricion moderada (m),2005-12-01,5,4,11,4,16,8,24
30602,TACOPAYA,desnutricion global,desnutricion moderada (m),2005-12-01,21,14,9,6,30,20,50
31101,TAPACARI,desnutricion global,desnutricion moderada (m),2005-12-01,11,12,4,6,15,18,33
10601,TARABUCO,desnutricion global,desnutricion moderada (m),2005-12-01,48,48,48,74,96,122,218
30401,TARATA,desnutricion global,desnutricion moderada (m),2005-12-01,3,5,2,1,5,6,11
60101,TARIJA,desnutricion global,desnutricion moderada (m),2005-12-01,25,27,26,22,51,49,100
10202,TARVITA,desnutricion global,desnutricion moderada (m),2005-12-01,5,7,8,7,13,14,27
50102,TINGUIPAYA,desnutricion global,desnutricion moderada (m),2005-12-01,14,19,25,20,39,39,78
20606,TIPUANI,desnutricion global,desnutricion moderada (m),2005-12-01,1,3,2,2,3,5,8
30903,TIQUIPAYA,desnutricion global,desnutricion moderada (m),2005-12-01,12,10,4,4,16,14,30
31601,TIRAQUE (CBBA),desnutricion global,desnutricion moderada (m),2005-12-01,22,12,11,12,33,24,57
21703,TITO YUPANQUI (PARQUIPUJIO),desnutricion global,desnutricion moderada (m),2005-12-01,0,0,0,2,0,2,2
41001,TOLEDO,desnutricion global,desnutricion moderada (m),2005-12-01,2,1,0,0,2,1,3
51202,TOMAVE,desnutricion global,desnutricion moderada (m),2005-12-01,9,2,5,7,14,9,23
10402,TOMINA,desnutricion global,desnutricion moderada (m),2005-12-01,20,10,19,18,39,28,67
50502,TORO TORO,desnutricion global,desnutricion moderada (m),2005-12-01,20,20,10,25,30,45,75
31201,TOTORA(CBBA),desnutricion global,desnutricion moderada (m),2005-12-01,4,0,3,1,7,1,8
41301,TOTORA(ORR),desnutricion global,desnutricion moderada (m),2005-12-01,0,3,0,1,0,4,4
80101,TRINIDAD,desnutricion global,desnutricion moderada (m),2005-12-01,29,18,14,13,43,31,74
50801,TUPIZA,desnutricion global,desnutricion moderada (m),2005-12-01,16,10,2,6,18,16,34
21302,UMALA,desnutricion global,desnutricion moderada (m),2005-12-01,0,1,2,2,2,3,5
50201,UNCIA,desnutricion global,desnutricion moderada (m),2005-12-01,10,7,9,20,19,27,46
60401,URIONDO (A. CONCEPCION),desnutricion global,desnutricion moderada (m),2005-12-01,4,4,4,1,8,5,13
51201,UYUNI,desnutricion global,desnutricion moderada (m),2005-12-01,7,2,3,2,10,4,14
30502,VACAS,desnutricion global,desnutricion moderada (m),2005-12-01,6,2,2,5,8,7,15
70801,VALLEGRANDE,desnutricion global,desnutricion moderada (m),2005-12-01,2,5,2,8,4,13,17
20801,VIACHA,desnutricion global,desnutricion moderada (m),2005-12-01,2,7,1,4,3,11,14
31302,VILA VILA,desnutricion global,desnutricion moderada (m),2005-12-01,1,4,0,2,1,6,7
60303,VILLA MONTES,desnutricion global,desnutricion moderada (m),2005-12-01,3,3,3,5,6,8,14
31402,VILLA RIVERO,desnutricion global,desnutricion moderada (m),2005-12-01,4,0,1,1,5,1,6
10801,VILLA SERRANO,desnutricion global,desnutricion moderada (m),2005-12-01,16,15,16,23,32,38,70
31003,VILLA TUNARI,desnutricion global,desnutricion moderada (m),2005-12-01,25,29,22,31,47,60,107
11001,VILLA VACA GUZMAN (MUYUPAMPA),desnutricion global,desnutricion moderada (m),2005-12-01,3,4,3,8,6,12,18
51501,VILLAZON,desnutricion global,desnutricion moderada (m),2005-12-01,29,10,6,19,35,29,64
30904,VINTO,desnutricion global,desnutricion moderada (m),2005-12-01,3,5,5,0,8,5,13
50602,VITICHI,desnutricion global,desnutricion moderada (m),2005-12-01,1,1,3,7,4,8,12
20306,WALDO BALLIVIAN,desnutricion global,desnutricion moderada (m),2005-12-01,0,0,0,1,0,1,1
70201,WARNES,desnutricion global,desnutricion moderada (m),2005-12-01,7,10,5,3,12,13,25
20903,YACO,desnutricion global,desnutricion moderada (m),2005-12-01,4,7,3,4,7,11,18
60301,YACUIBA,desnutricion global,desnutricion moderada (m),2005-12-01,4,5,9,9,13,14,27
10602,YAMPARAEZ,desnutricion global,desnutricion moderada (m),2005-12-01,14,13,16,16,30,29,59
70403,YAPACANI,desnutricion global,desnutricion moderada (m),2005-12-01,11,14,8,12,19,26,45
50103,YOCALLA,desnutricion global,desnutricion moderada (m),2005-12-01,0,1,0,1,0,2,2
10102,YOTALA,desnutricion global,desnutricion moderada (m),2005-12-01,6,6,3,9,9,15,24
60402,YUNCHARA,desnutricion global,desnutricion moderada (m),2005-12-01,8,8,10,10,18,18,36
10301,ZUDAÑEZ,desnutricion global,desnutricion moderada (m),2005-12-01,9,12,11,14,20,26,46
51302,ACACIO,desnutricion global,desnutricion moderada (m),2006-01-01,2,3,9,3,11,6,17
20201,ACHACACHI,desnutricion global,desnutricion moderada (m),2006-01-01,2,4,4,7,6,11,17
30201,AIQUILE,desnutricion global,desnutricion moderada (m),2006-01-01,6,6,2,3,8,9,17
31303,ALALAY,desnutricion global,desnutricion moderada (m),2006-01-01,1,0,0,1,1,1,2
10404,ALCALA,desnutricion global,desnutricion moderada (m),2006-01-01,3,9,4,6,7,15,22
20202,ANCORAIMES,desnutricion global,desnutricion moderada (m),2006-01-01,9,2,1,3,10,5,15
41201,ANDAMARCA,desnutricion global,desnutricion moderada (m),2006-01-01,1,0,0,0,1,0,1
30402,ANZALDO,desnutricion global,desnutricion moderada (m),2006-01-01,1,3,3,2,4,5,9
20701,APOLO,desnutricion global,desnutricion moderada (m),2006-01-01,4,0,3,3,7,3,10
51301,ARAMPAMPA,desnutricion global,desnutricion moderada (m),2006-01-01,7,5,6,5,13,10,23
30501,ARANI,desnutricion global,desnutricion moderada (m),2006-01-01,1,1,3,1,4,2,6
30403,ARBIETO,desnutricion global,desnutricion moderada (m),2006-01-01,2,1,0,1,2,2,4
30601,ARQUE,desnutricion global,desnutricion moderada (m),2006-01-01,8,8,4,11,12,19,31
50802,ATOCHA,desnutricion global,desnutricion moderada (m),2006-01-01,8,7,3,5,11,12,23
20503,AUCAPATA,desnutricion global,desnutricion moderada (m),2006-01-01,5,3,4,3,9,6,15
20502,AYATA,desnutricion global,desnutricion moderada (m),2006-01-01,6,4,4,3,10,7,17
21303,AYO AYO,desnutricion global,desnutricion moderada (m),2006-01-01,9,0,0,0,9,0,9
30301,AYOPAYA (V. DE INDEPENDENCIA),desnutricion global,desnutricion moderada (m),2006-01-01,7,7,6,5,13,12,25
10201,AZURDUY,desnutricion global,desnutricion moderada (m),2006-01-01,7,13,11,21,18,34,52
21203,BATALLAS,desnutricion global,desnutricion moderada (m),2006-01-01,1,4,1,0,2,4,6
80802,BAURES,desnutricion global,desnutricion moderada (m),2006-01-01,0,0,0,1,0,1,1
50104,BELEN DE URMIRI,desnutricion global,desnutricion moderada (m),2006-01-01,0,2,0,0,0,2,2
90104,BELLA FLOR,desnutricion global,desnutricion moderada (m),2006-01-01,0,1,0,1,0,2,2
60202,BERMEJO,desnutricion global,desnutricion moderada (m),2006-01-01,7,3,1,4,8,7,15
50301,BETANZOS,desnutricion global,desnutricion moderada (m),2006-01-01,32,23,32,39,64,62,126
31501,BOLIVAR,desnutricion global,desnutricion moderada (m),2006-01-01,17,17,10,10,27,27,54
70707,BOYUIBE,desnutricion global,desnutricion moderada (m),2006-01-01,0,4,0,1,0,5,5
70401,BUENA VISTA,desnutricion global,desnutricion moderada (m),2006-01-01,4,2,0,2,4,4,8
70703,CABEZAS,desnutricion global,desnutricion moderada (m),2006-01-01,2,2,4,2,6,4,10
20905,CAIROMA,desnutricion global,desnutricion moderada (m),2006-01-01,19,18,9,8,28,26,54
51102,"CAIZA ""D""",desnutricion global,desnutricion moderada (m),2006-01-01,3,3,3,3,6,6,12
21003,CAJUATA,desnutricion global,desnutricion moderada (m),2006-01-01,4,1,3,0,7,1,8
20303,CALACOTO,desnutricion global,desnutricion moderada (m),2006-01-01,0,0,1,1,1,1,2
21304,CALAMARCA,desnutricion global,desnutricion moderada (m),2006-01-01,14,14,13,15,27,29,56
10701,CAMARGO,desnutricion global,desnutricion moderada (m),2006-01-01,8,16,9,7,17,23,40
10901,CAMATAQUI (C. VILLA ABECIA),desnutricion global,desnutricion moderada (m),2006-01-01,3,1,2,1,5,2,7
70706,CAMIRI,desnutricion global,desnutricion moderada (m),2006-01-01,7,10,10,14,17,24,41
30701,CAPINOTA,desnutricion global,desnutricion moderada (m),2006-01-01,10,6,2,4,12,10,22
20302,CAQUIAVIRI,desnutricion global,desnutricion moderada (m),2006-01-01,1,2,0,1,1,3,4
40102,CARACOLLO,desnutricion global,desnutricion moderada (m),2006-01-01,4,0,1,0,5,0,5
22001,CARANAVI,desnutricion global,desnutricion moderada (m),2006-01-01,10,11,7,10,17,21,38
60302,CARAPARI,desnutricion global,desnutricion moderada (m),2006-01-01,1,2,0,2,1,4,5
50702,CARIPUYO,desnutricion global,desnutricion moderada (m),2006-01-01,11,5,2,6,13,11,24
71403,CARMEN RIVERO TORREZ,desnutricion global,desnutricion moderada (m),2006-01-01,0,1,0,0,0,1,1
21803,CHACARILLA,desnutricion global,desnutricion moderada (m),2006-01-01,0,0,1,0,1,0,1
40201,CHALLAPATA,desnutricion global,desnutricion moderada (m),2006-01-01,6,5,7,12,13,17,30
50302,CHAQUI,desnutricion global,desnutricion moderada (m),2006-01-01,2,3,0,1,2,4,6
70702,CHARAGUA,desnutricion global,desnutricion moderada (m),2006-01-01,16,10,5,8,21,18,39
20305,CHARAÑA,desnutricion global,desnutricion moderada (m),2006-01-01,1,1,1,0,2,1,3
50202,CHAYANTA,desnutricion global,desnutricion moderada (m),2006-01-01,14,12,6,13,20,25,45
31204,CHIMORE,desnutricion global,desnutricion moderada (m),2006-01-01,9,7,10,5,19,12,31
40903,CHIPAYA,desnutricion global,desnutricion moderada (m),2006-01-01,0,0,2,0,2,0,2
40302,CHOQUE COTA,desnutricion global,desnutricion moderada (m),2006-01-01,0,0,0,1,0,1,1
21101,CHULUMANI (V. DE LA LIBERTAD),desnutricion global,desnutricion moderada (m),2006-01-01,0,2,1,1,1,3,4
20501,CHUMA,desnutricion global,desnutricion moderada (m),2006-01-01,8,5,5,5,13,10,23
30801,CLIZA,desnutricion global,desnutricion moderada (m),2006-01-01,5,1,3,3,8,4,12
90101,COBIJA,desnutricion global,desnutricion moderada (m),2006-01-01,6,5,4,3,10,8,18
30101,COCHABAMBA,desnutricion global,desnutricion moderada (m),2006-01-01,61,60,28,37,89,97,186
30905,COLCAPIRHUA,desnutricion global,desnutricion moderada (m),2006-01-01,9,1,2,7,11,8,19
50901,"COLCHA ""K""",desnutricion global,desnutricion moderada (m),2006-01-01,1,1,1,0,2,1,3
21307,COLLANA,desnutricion global,desnutricion moderada (m),2006-01-01,0,2,0,0,0,2,2
31002,COLOMI,desnutricion global,desnutricion moderada (m),2006-01-01,8,2,3,4,11,6,17
70603,COLPA BELGICA,desnutricion global,desnutricion moderada (m),2006-01-01,2,0,0,1,2,1,3
50401,COLQUECHACA,desnutricion global,desnutricion moderada (m),2006-01-01,24,17,16,14,40,31,71
21306,COLQUENCHA,desnutricion global,desnutricion moderada (m),2006-01-01,2,2,6,6,8,8,16
21004,COLQUIRI,desnutricion global,desnutricion moderada (m),2006-01-01,2,7,5,4,7,11,18
20304,COMANCHE,desnutricion global,desnutricion moderada (m),2006-01-01,0,0,1,0,1,0,1
71301,COMARAPA,desnutricion global,desnutricion moderada (m),2006-01-01,2,5,6,3,8,8,16
20605,COMBAYA,desnutricion global,desnutricion moderada (m),2006-01-01,1,0,0,1,1,1,2
71101,CONCEPCION,desnutricion global,desnutricion moderada (m),2006-01-01,1,0,0,0,1,0,1
21701,COPACABANA,desnutricion global,desnutricion moderada (m),2006-01-01,1,2,1,0,2,2,4
21402,CORIPATA,desnutricion global,desnutricion moderada (m),2006-01-01,2,1,0,0,2,1,3
20301,CORO CORO,desnutricion global,desnutricion moderada (m),2006-01-01,1,2,9,3,10,5,15
21401,COROICO,desnutricion global,desnutricion moderada (m),2006-01-01,4,1,2,2,6,3,9
40301,CORQUE,desnutricion global,desnutricion moderada (m),2006-01-01,4,0,1,0,5,0,5
50601,COTAGAITA,desnutricion global,desnutricion moderada (m),2006-01-01,13,10,11,24,24,34,58
70102,COTOCA,desnutricion global,desnutricion moderada (m),2006-01-01,9,9,3,10,12,19,31
71106,CUATRO CAÑADAS,desnutricion global,desnutricion moderada (m),2006-01-01,6,11,4,8,10,19,29
70704,CUEVO,desnutricion global,desnutricion moderada (m),2006-01-01,1,0,0,0,1,0,1
10902,CULPINA,desnutricion global,desnutricion moderada (m),2006-01-01,18,6,15,23,33,29,62
21602,CURVA,desnutricion global,desnutricion moderada (m),2006-01-01,0,0,2,0,2,0,2
20804,DESAGUADERO,desnutricion global,desnutricion moderada (m),2006-01-01,1,0,5,0,6,0,6
20105,EL ALTO,desnutricion global,desnutricion moderada (m),2006-01-01,202,180,122,121,324,301,625
71503,EL PUENTE(STC),desnutricion global,desnutricion moderada (m),2006-01-01,1,4,0,2,1,6,7
60502,EL PUENTE(TJA),desnutricion global,desnutricion moderada (m),2006-01-01,1,3,3,5,4,8,12
70105,EL TORNO,desnutricion global,desnutricion moderada (m),2006-01-01,6,3,4,4,10,7,17
10405,EL VILLAR,desnutricion global,desnutricion moderada (m),2006-01-01,2,4,3,11,5,15,20
60601,ENTRE RIOS,desnutricion global,desnutricion moderada (m),2006-01-01,13,14,14,6,27,20,47
60601,ENTRE RIOS,desnutricion global,desnutricion moderada (m),2006-01-01,3,5,2,4,5,9,14
41101,EUCALIPTUS,desnutricion global,desnutricion moderada (m),2006-01-01,2,0,1,0,3,0,3
90503,EUREKA (SANTOS MERCADO),desnutricion global,desnutricion moderada (m),2006-01-01,0,1,0,0,0,1,1
80402,EXALTACION,desnutricion global,desnutricion moderada (m),2006-01-01,1,1,0,0,1,1,2
71004,FERNANDEZ ALONSO,desnutricion global,desnutricion moderada (m),2006-01-01,0,4,4,1,4,5,9
71002,GENERAL SAAVEDRA,desnutricion global,desnutricion moderada (m),2006-01-01,9,4,3,1,12,5,17
21601,GRAL. J.J. PEREZ (CHARAZANI),desnutricion global,desnutricion moderada (m),2006-01-01,9,9,7,10,16,19,35
20602,GUANAY,desnutricion global,desnutricion moderada (m),2006-01-01,1,4,3,3,4,7,11
20802,GUAQUI,desnutricion global,desnutricion moderada (m),2006-01-01,0,0,1,0,1,0,1
80202,GUAYARAMERIN,desnutricion global,desnutricion moderada (m),2006-01-01,14,13,2,14,16,27,43
70705,GUTIERREZ,desnutricion global,desnutricion moderada (m),2006-01-01,12,15,20,27,32,42,74
10502,HUACARETA,desnutricion global,desnutricion moderada (m),2006-01-01,1,3,4,6,5,9,14
11002,HUACAYA (VILLA DE HUACAYA),desnutricion global,desnutricion moderada (m),2006-01-01,0,1,1,0,1,1,2
40701,HUANUNI,desnutricion global,desnutricion moderada (m),2006-01-01,3,7,4,4,7,11,18
80803,HUARACAJE,desnutricion global,desnutricion moderada (m),2006-01-01,0,1,0,0,0,1,1
21005,ICHOCA,desnutricion global,desnutricion moderada (m),2006-01-01,3,2,3,4,6,6,12
10304,ICLA,desnutricion global,desnutricion moderada (m),2006-01-01,24,18,30,29,54,47,101
10703,INCAHUASI,desnutricion global,desnutricion moderada (m),2006-01-01,29,23,11,30,40,53,93
90402,INGAVI (HUMAITA),desnutricion global,desnutricion moderada (m),2006-01-01,0,0,1,0,1,0,1
21001,INQUISIVI,desnutricion global,desnutricion moderada (m),2006-01-01,12,5,4,9,16,14,30
21102,IRUPANA (VILLA DE LANZA),desnutricion global,desnutricion moderada (m),2006-01-01,0,2,0,0,0,2,2
21501,IXIAMAS,desnutricion global,desnutricion moderada (m),2006-01-01,5,6,1,0,6,6,12
20806,JESUS DE MACHACA,desnutricion global,desnutricion moderada (m),2006-01-01,1,6,2,3,3,9,12
21105,LA ASUNTA,desnutricion global,desnutricion moderada (m),2006-01-01,6,0,1,5,7,5,12
70104,LA GUARDIA,desnutricion global,desnutricion moderada (m),2006-01-01,17,13,9,8,26,21,47
20101,LA PAZ,desnutricion global,desnutricion moderada (m),2006-01-01,142,123,66,49,208,172,380
70701,LAGUNILLAS,desnutricion global,desnutricion moderada (m),2006-01-01,1,2,1,0,2,2,4
21202,LAJA,desnutricion global,desnutricion moderada (m),2006-01-01,2,1,3,4,5,5,10
10903,LAS CARRERAS,desnutricion global,desnutricion moderada (m),2006-01-01,2,1,1,8,3,9,12
50203,LLALLAGUA,desnutricion global,desnutricion moderada (m),2006-01-01,12,17,18,23,30,40,70
51401,LLICA,desnutricion global,desnutricion moderada (m),2006-01-01,0,0,1,0,1,0,1
80601,LORETO,desnutricion global,desnutricion moderada (m),2006-01-01,0,4,0,0,0,4,4
20901,LURIBAY,desnutricion global,desnutricion moderada (m),2006-01-01,5,4,1,2,6,6,12
40702,MACHACAMARCA,desnutricion global,desnutricion moderada (m),2006-01-01,2,1,0,1,2,2,4
11003,MACHARETI,desnutricion global,desnutricion moderada (m),2006-01-01,2,1,7,6,9,7,16
80801,MAGDALENA,desnutricion global,desnutricion moderada (m),2006-01-01,2,1,0,0,2,1,3
70903,MAIRANA,desnutricion global,desnutricion moderada (m),2006-01-01,0,1,3,0,3,1,4
20904,MALLA,desnutricion global,desnutricion moderada (m),2006-01-01,3,1,0,2,3,3,6
20607,MAPIRI,desnutricion global,desnutricion moderada (m),2006-01-01,0,0,0,2,0,2,2
20103,MECAPACA,desnutricion global,desnutricion moderada (m),2006-01-01,2,2,1,4,3,6,9
71003,MINEROS,desnutricion global,desnutricion moderada (m),2006-01-01,10,6,0,1,10,7,17
31301,MIZQUE,desnutricion global,desnutricion moderada (m),2006-01-01,7,6,6,7,13,13,26
20402,MOCOMOCO,desnutricion global,desnutricion moderada (m),2006-01-01,3,5,5,2,8,7,15
10303,MOJOCOYA,desnutricion global,desnutricion moderada (m),2006-01-01,3,3,4,7,7,10,17
10501,MONTEAGUDO,desnutricion global,desnutricion moderada (m),2006-01-01,16,10,6,11,22,21,43
71001,MONTERO,desnutricion global,desnutricion moderada (m),2006-01-01,41,46,12,22,53,68,121
30302,MOROCHATA,desnutricion global,desnutricion moderada (m),2006-01-01,8,9,8,13,16,22,38
90401,NACEBE (SANTA ROSA DEL ABUNA),desnutricion global,desnutricion moderada (m),2006-01-01,0,0,0,1,0,1,1
90501,NUEVO MANOA (NUEVA ESPERANZA),desnutricion global,desnutricion moderada (m),2006-01-01,2,0,0,2,2,2,4
50404,OCURI,desnutricion global,desnutricion moderada (m),2006-01-01,24,16,15,13,39,29,68
70202,OKINAWA,desnutricion global,desnutricion moderada (m),2006-01-01,0,2,0,0,0,2,2
30203,OMEREQUE,desnutricion global,desnutricion moderada (m),2006-01-01,1,1,0,3,1,4,5
40101,ORURO,desnutricion global,desnutricion moderada (m),2006-01-01,70,45,20,25,90,70,160
60201,PADCAYA,desnutricion global,desnutricion moderada (m),2006-01-01,1,6,0,1,1,7,8
10401,PADILLA,desnutricion global,desnutricion moderada (m),2006-01-01,5,6,8,17,13,23,36
70502,PAILON,desnutricion global,desnutricion moderada (m),2006-01-01,0,4,7,0,7,4,11
20102,PALCA,desnutricion global,desnutricion moderada (m),2006-01-01,1,1,0,0,1,1,2
21104,PALOS BLANCOS,desnutricion global,desnutricion moderada (m),2006-01-01,10,4,2,8,12,12,24
40802,PAMPA AULLAGAS,desnutricion global,desnutricion moderada (m),2006-01-01,1,0,0,1,1,1,2
70902,PAMPA GRANDE,desnutricion global,desnutricion moderada (m),2006-01-01,2,3,5,0,7,3,10
30202,PASORAPA,desnutricion global,desnutricion moderada (m),2006-01-01,3,1,3,1,6,2,8
21305,PATACAMAYA,desnutricion global,desnutricion moderada (m),2006-01-01,6,16,10,7,16,23,39
40602,PAZÑA,desnutricion global,desnutricion moderada (m),2006-01-01,3,0,1,0,4,0,4
20702,PELECHUCO,desnutricion global,desnutricion moderada (m),2006-01-01,0,2,1,0,1,2,3
50403,POCOATA,desnutricion global,desnutricion moderada (m),2006-01-01,14,11,12,14,26,25,51
31203,POCONA,desnutricion global,desnutricion moderada (m),2006-01-01,6,4,3,2,9,6,15
31202,POJO (CBBA),desnutricion global,desnutricion moderada (m),2006-01-01,1,2,1,3,2,5,7
40601,POOPO,desnutricion global,desnutricion moderada (m),2006-01-01,1,1,0,0,1,1,2
51203,PORCO,desnutricion global,desnutricion moderada (m),2006-01-01,3,0,3,2,6,2,8
10103,POROMA,desnutricion global,desnutricion moderada (m),2006-01-01,10,7,8,8,18,15,33
70103,PORONGO,desnutricion global,desnutricion moderada (m),2006-01-01,1,1,0,0,1,1,2
70601,PORTACHUELO,desnutricion global,desnutricion moderada (m),2006-01-01,2,3,1,2,3,5,8
90102,PORVENIR,desnutricion global,desnutricion moderada (m),2006-01-01,1,0,0,0,1,0,1
70804,POSTRER VALLE,desnutricion global,desnutricion moderada (m),2006-01-01,0,2,1,0,1,2,3
50101,POTOSI,desnutricion global,desnutricion moderada (m),2006-01-01,83,58,28,22,111,80,191
10302,PRESTO,desnutricion global,desnutricion moderada (m),2006-01-01,15,10,15,13,30,23,53
21201,PUCARANI,desnutricion global,desnutricion moderada (m),2006-01-01,2,5,1,1,3,6,9
20401,PUERTO ACOSTA,desnutricion global,desnutricion moderada (m),2006-01-01,4,1,0,0,4,1,5
20403,PUERTO CARABUCO,desnutricion global,desnutricion moderada (m),2006-01-01,3,4,2,4,5,8,13
90301,PUERTO GONZALO MORENO,desnutricion global,desnutricion moderada (m),2006-01-01,2,0,1,3,3,3,6
71402,PUERTO QUIJARRO,desnutricion global,desnutricion moderada (m),2006-01-01,0,2,0,1,0,3,3
90201,PUERTO RICO,desnutricion global,desnutricion moderada (m),2006-01-01,1,1,2,2,3,3,6
71401,PUERTO SUAREZ,desnutricion global,desnutricion moderada (m),2006-01-01,5,2,2,4,7,6,13
31205,PUERTO VILLARROEL,desnutricion global,desnutricion moderada (m),2006-01-01,23,36,12,17,35,53,88
51101,PUNA,desnutricion global,desnutricion moderada (m),2006-01-01,20,17,19,24,39,41,80
31401,PUNATA,desnutricion global,desnutricion moderada (m),2006-01-01,4,5,3,1,7,6,13
30901,QUILLACOLLO,desnutricion global,desnutricion moderada (m),2006-01-01,14,8,10,16,24,24,48
21002,QUIME,desnutricion global,desnutricion moderada (m),2006-01-01,3,7,3,5,6,12,18
50402,RAVELO,desnutricion global,desnutricion moderada (m),2006-01-01,23,15,17,16,40,31,71
80301,REYES,desnutricion global,desnutricion moderada (m),2006-01-01,4,4,1,1,5,5,10
80201,RIBERALTA,desnutricion global,desnutricion moderada (m),2006-01-01,45,56,23,23,68,79,147
70503,ROBORE,desnutricion global,desnutricion moderada (m),2006-01-01,4,3,1,4,5,7,12
80304,RURRENABAQUE,desnutricion global,desnutricion moderada (m),2006-01-01,1,1,0,0,1,1,2
40901,SABAYA,desnutricion global,desnutricion moderada (m),2006-01-01,1,0,0,0,1,0,1
31001,SACABA,desnutricion global,desnutricion moderada (m),2006-01-01,25,23,12,19,37,42,79
30404,SACABAMBA,desnutricion global,desnutricion moderada (m),2006-01-01,6,5,1,4,7,9,16
50701,SACACA,desnutricion global,desnutricion moderada (m),2006-01-01,19,18,34,17,53,35,88
71302,SAIPINA,desnutricion global,desnutricion moderada (m),2006-01-01,1,1,1,1,2,2,4
40801,SALINAS DE GARCI MENDOZA,desnutricion global,desnutricion moderada (m),2006-01-01,2,1,1,0,3,1,4
70901,SAMAIPATA,desnutricion global,desnutricion moderada (m),2006-01-01,0,1,1,1,1,2,3
80602,SAN ANDRES,desnutricion global,desnutricion moderada (m),2006-01-01,2,1,1,4,3,5,8
20805,SAN ANDRES DE MACHACA,desnutricion global,desnutricion moderada (m),2006-01-01,1,0,1,0,2,0,2
51003,SAN ANTONIO DE ESMORUCO,desnutricion global,desnutricion moderada (m),2006-01-01,0,0,1,0,1,0,1
71105,SAN ANTONIO DE LOMERIO,desnutricion global,desnutricion moderada (m),2006-01-01,5,4,4,7,9,11,20
31403,SAN BENITO,desnutricion global,desnutricion moderada (m),2006-01-01,4,2,3,4,7,6,13
80302,SAN BORJA,desnutricion global,desnutricion moderada (m),2006-01-01,11,6,7,8,18,14,32
21502,SAN BUENA VENTURA,desnutricion global,desnutricion moderada (m),2006-01-01,3,1,1,0,4,1,5
70402,SAN CARLOS,desnutricion global,desnutricion moderada (m),2006-01-01,1,5,2,2,3,7,10
80501,SAN IGNACIO,desnutricion global,desnutricion moderada (m),2006-01-01,6,3,3,6,9,9,18
70301,SAN IGNACIO DE VELASCO,desnutricion global,desnutricion moderada (m),2006-01-01,29,38,20,25,49,63,112
80102,SAN JAVIER(BNI),desnutricion global,desnutricion moderada (m),2006-01-01,0,1,1,0,1,1,2
80701,SAN JOAQUIN,desnutricion global,desnutricion moderada (m),2006-01-01,0,0,1,0,1,0,1
70501,SAN JOSE DE CHIQUITOS,desnutricion global,desnutricion moderada (m),2006-01-01,5,3,3,7,8,10,18
70404,SAN JUAN DE YAPACANI,desnutricion global,desnutricion moderada (m),2006-01-01,1,2,0,0,1,2,3
71104,SAN JULIAN,desnutricion global,desnutricion moderada (m),2006-01-01,0,3,0,2,0,5,5
90302,SAN LORENZO(PND),desnutricion global,desnutricion moderada (m),2006-01-01,0,3,0,0,0,3,3
60501,SAN LORENZO(TJA),desnutricion global,desnutricion moderada (m),2006-01-01,7,4,3,10,10,14,24
10702,SAN LUCAS,desnutricion global,desnutricion moderada (m),2006-01-01,48,50,33,62,81,112,193
71201,SAN MATIAS,desnutricion global,desnutricion moderada (m),2006-01-01,2,3,2,1,4,4,8
70302,SAN MIGUEL DE VELASCO,desnutricion global,desnutricion moderada (m),2006-01-01,2,3,4,1,6,4,10
51001,SAN PABLO DE LIPEZ,desnutricion global,desnutricion moderada (m),2006-01-01,0,0,1,0,1,0,1
71005,SAN PEDRO,desnutricion global,desnutricion moderada (m),2006-01-01,1,2,0,2,1,4,5
50501,SAN PEDRO DE BUENA VISTA,desnutricion global,desnutricion moderada (m),2006-01-01,11,11,14,12,25,23,48
21801,SAN PEDRO DE CURAHUARA,desnutricion global,desnutricion moderada (m),2006-01-01,0,0,0,1,0,1,1
21702,SAN PEDRO DE TIQUINA,desnutricion global,desnutricion moderada (m),2006-01-01,3,0,0,0,3,0,3
90202,SAN PEDRO(PND),desnutricion global,desnutricion moderada (m),2006-01-01,2,0,1,0,3,0,3
70303,SAN RAFAEL,desnutricion global,desnutricion moderada (m),2006-01-01,1,8,6,5,7,13,20
80401,SANTA ANA,desnutricion global,desnutricion moderada (m),2006-01-01,2,3,0,1,2,4,6
70101,SANTA CRUZ DE LA SIERRA,desnutricion global,desnutricion moderada (m),2006-01-01,92,96,45,52,137,148,285
80303,SANTA ROSA,desnutricion global,desnutricion moderada (m),2006-01-01,4,12,0,2,4,14,18
70602,SANTA ROSA DEL SARA,desnutricion global,desnutricion moderada (m),2006-01-01,4,5,2,3,6,8,14
20308,SANTIAGO DE CALLAPA,desnutricion global,desnutricion moderada (m),2006-01-01,3,5,6,4,9,9,18
41401,SANTIAGO DE HUARI,desnutricion global,desnutricion moderada (m),2006-01-01,1,2,1,0,2,2,4
21901,SANTIAGO DE MACHACA,desnutricion global,desnutricion moderada (m),2006-01-01,1,0,0,1,1,1,2
30702,SANTIVAÑES,desnutricion global,desnutricion moderada (m),2006-01-01,4,6,3,0,7,6,13
40202,SANTUARIO DE QUILLACAS,desnutricion global,desnutricion moderada (m),2006-01-01,1,1,0,1,1,2,3
20902,SAPAHAQUI,desnutricion global,desnutricion moderada (m),2006-01-01,3,3,5,2,8,5,13
90303,SENA,desnutricion global,desnutricion moderada (m),2006-01-01,0,3,1,3,1,6,7
21301,SICA SICA (VILLA AROMA),desnutricion global,desnutricion moderada (m),2006-01-01,11,7,9,3,20,10,30
30703,SICAYA,desnutricion global,desnutricion moderada (m),2006-01-01,6,1,4,8,10,9,19
30902,SIPE SIPE,desnutricion global,desnutricion moderada (m),2006-01-01,17,16,5,12,22,28,50
10403,SOPACHUY,desnutricion global,desnutricion moderada (m),2006-01-01,4,15,4,20,8,35,43
40104,SORACACHI,desnutricion global,desnutricion moderada (m),2006-01-01,2,2,2,1,4,3,7
20601,SORATA,desnutricion global,desnutricion moderada (m),2006-01-01,1,2,0,2,1,4,5
10101,SUCRE,desnutricion global,desnutricion moderada (m),2006-01-01,39,33,26,35,65,68,133
50303,TACOBAMBA,desnutricion global,desnutricion moderada (m),2006-01-01,6,5,12,3,18,8,26
30602,TACOPAYA,desnutricion global,desnutricion moderada (m),2006-01-01,8,11,6,9,14,20,34
31101,TAPACARI,desnutricion global,desnutricion moderada (m),2006-01-01,10,18,8,11,18,29,47
10601,TARABUCO,desnutricion global,desnutricion moderada (m),2006-01-01,53,37,43,67,96,104,200
30401,TARATA,desnutricion global,desnutricion moderada (m),2006-01-01,1,1,2,2,3,3,6
60101,TARIJA,desnutricion global,desnutricion moderada (m),2006-01-01,20,32,17,10,37,42,79
10202,TARVITA,desnutricion global,desnutricion moderada (m),2006-01-01,6,14,12,26,18,40,58
20608,TEOPONTE,desnutricion global,desnutricion moderada (m),2006-01-01,1,4,2,3,3,7,10
20803,TIAWANACU,desnutricion global,desnutricion moderada (m),2006-01-01,0,1,0,0,0,1,1
50102,TINGUIPAYA,desnutricion global,desnutricion moderada (m),2006-01-01,20,14,15,19,35,33,68
20606,TIPUANI,desnutricion global,desnutricion moderada (m),2006-01-01,2,6,2,2,4,8,12
30903,TIQUIPAYA,desnutricion global,desnutricion moderada (m),2006-01-01,4,7,0,2,4,9,13
31601,TIRAQUE (CBBA),desnutricion global,desnutricion moderada (m),2006-01-01,21,14,12,8,33,22,55
21703,TITO YUPANQUI (PARQUIPUJIO),desnutricion global,desnutricion moderada (m),2006-01-01,0,1,0,0,0,1,1
30802,TOCO,desnutricion global,desnutricion moderada (m),2006-01-01,0,0,1,0,1,0,1
30803,TOLATA,desnutricion global,desnutricion moderada (m),2006-01-01,0,1,0,0,0,1,1
51202,TOMAVE,desnutricion global,desnutricion moderada (m),2006-01-01,0,0,2,2,2,2,4
10402,TOMINA,desnutricion global,desnutricion moderada (m),2006-01-01,13,13,7,10,20,23,43
50502,TORO TORO,desnutricion global,desnutricion moderada (m),2006-01-01,15,18,10,17,25,35,60
31201,TOTORA(CBBA),desnutricion global,desnutricion moderada (m),2006-01-01,3,0,0,1,3,1,4
41301,TOTORA(ORR),desnutricion global,desnutricion moderada (m),2006-01-01,1,1,0,0,1,1,2
80101,TRINIDAD,desnutricion global,desnutricion moderada (m),2006-01-01,35,13,13,11,48,24,72
50801,TUPIZA,desnutricion global,desnutricion moderada (m),2006-01-01,13,5,12,12,25,17,42
40402,TURCO,desnutricion global,desnutricion moderada (m),2006-01-01,0,1,1,0,1,1,2
21302,UMALA,desnutricion global,desnutricion moderada (m),2006-01-01,5,1,0,1,5,2,7
50201,UNCIA,desnutricion global,desnutricion moderada (m),2006-01-01,6,0,3,4,9,4,13
60401,URIONDO (A. CONCEPCION),desnutricion global,desnutricion moderada (m),2006-01-01,4,3,3,4,7,7,14
51201,UYUNI,desnutricion global,desnutricion moderada (m),2006-01-01,2,2,0,1,2,3,5
30502,VACAS,desnutricion global,desnutricion moderada (m),2006-01-01,1,2,1,2,2,4,6
70801,VALLEGRANDE,desnutricion global,desnutricion moderada (m),2006-01-01,5,1,0,5,5,6,11
20801,VIACHA,desnutricion global,desnutricion moderada (m),2006-01-01,5,6,2,7,7,13,20
31302,VILA VILA,desnutricion global,desnutricion moderada (m),2006-01-01,2,2,0,0,2,2,4
60303,VILLA MONTES,desnutricion global,desnutricion moderada (m),2006-01-01,5,4,8,6,13,10,23
90502,VILLA NUEVA (LOMA ALTA),desnutricion global,desnutricion moderada (m),2006-01-01,0,1,0,0,0,1,1
31402,VILLA RIVERO,desnutricion global,desnutricion moderada (m),2006-01-01,2,2,0,1,2,3,5
10801,VILLA SERRANO,desnutricion global,desnutricion moderada (m),2006-01-01,12,13,10,17,22,30,52
31003,VILLA TUNARI,desnutricion global,desnutricion moderada (m),2006-01-01,14,16,13,15,27,31,58
11001,VILLA VACA GUZMAN (MUYUPAMPA),desnutricion global,desnutricion moderada (m),2006-01-01,3,2,6,2,9,4,13
51501,VILLAZON,desnutricion global,desnutricion moderada (m),2006-01-01,21,14,7,7,28,21,49
30904,VINTO,desnutricion global,desnutricion moderada (m),2006-01-01,2,1,0,1,2,2,4
50602,VITICHI,desnutricion global,desnutricion moderada (m),2006-01-01,15,10,8,17,23,27,50
20306,WALDO BALLIVIAN,desnutricion global,desnutricion moderada (m),2006-01-01,0,0,0,1,0,1,1
70201,WARNES,desnutricion global,desnutricion moderada (m),2006-01-01,13,13,4,8,17,21,38
20903,YACO,desnutricion global,desnutricion moderada (m),2006-01-01,3,5,1,4,4,9,13
60301,YACUIBA,desnutricion global,desnutricion moderada (m),2006-01-01,6,6,1,3,7,9,16
10602,YAMPARAEZ,desnutricion global,desnutricion moderada (m),2006-01-01,16,14,11,11,27,25,52
70403,YAPACANI,desnutricion global,desnutricion moderada (m),2006-01-01,13,18,6,10,19,28,47
50103,YOCALLA,desnutricion global,desnutricion moderada (m),2006-01-01,2,0,1,1,3,1,4
10102,YOTALA,desnutricion global,desnutricion moderada (m),2006-01-01,6,4,2,9,8,13,21
60402,YUNCHARA,desnutricion global,desnutricion moderada (m),2006-01-01,7,6,8,3,15,9,24
10301,ZUDAÑEZ,desnutricion global,desnutricion moderada (m),2006-01-01,13,9,10,15,23,24,47
51302,ACACIO,desnutricion global,desnutricion moderada (m),2006-02-01,3,9,8,6,11,15,26
20201,ACHACACHI,desnutricion global,desnutricion moderada (m),2006-02-01,4,9,4,4,8,13,21
20104,ACHOCALLA,desnutricion global,desnutricion moderada (m),2006-02-01,1,0,0,0,1,0,1
30201,AIQUILE,desnutricion global,desnutricion moderada (m),2006-02-01,5,3,2,10,7,13,20
31303,ALALAY,desnutricion global,desnutricion moderada (m),2006-02-01,0,0,0,1,0,1,1
10404,ALCALA,desnutricion global,desnutricion moderada (m),2006-02-01,5,6,6,8,11,14,25
20202,ANCORAIMES,desnutricion global,desnutricion moderada (m),2006-02-01,3,1,4,1,7,2,9
41201,ANDAMARCA,desnutricion global,desnutricion moderada (m),2006-02-01,7,2,2,3,9,5,14
30402,ANZALDO,desnutricion global,desnutricion moderada (m),2006-02-01,0,1,4,3,4,4,8
20701,APOLO,desnutricion global,desnutricion moderada (m),2006-02-01,18,9,3,20,21,29,50
51301,ARAMPAMPA,desnutricion global,desnutricion moderada (m),2006-02-01,3,0,5,9,8,9,17
30501,ARANI,desnutricion global,desnutricion moderada (m),2006-02-01,1,4,0,1,1,5,6
30403,ARBIETO,desnutricion global,desnutricion moderada (m),2006-02-01,3,3,0,0,3,3,6
30601,ARQUE,desnutricion global,desnutricion moderada (m),2006-02-01,7,12,6,11,13,23,36
71501,ASCENCION DE GUARAYOS,desnutricion global,desnutricion moderada (m),2006-02-01,29,14,26,29,55,43,98
50802,ATOCHA,desnutricion global,desnutricion moderada (m),2006-02-01,25,14,8,10,33,24,57
20503,AUCAPATA,desnutricion global,desnutricion moderada (m),2006-02-01,3,3,2,3,5,6,11
20502,AYATA,desnutricion global,desnutricion moderada (m),2006-02-01,3,3,8,6,11,9,20
21303,AYO AYO,desnutricion global,desnutricion moderada (m),2006-02-01,2,3,0,3,2,6,8
30301,AYOPAYA (V. DE INDEPENDENCIA),desnutricion global,desnutricion moderada (m),2006-02-01,10,15,10,19,20,34,54
10201,AZURDUY,desnutricion global,desnutricion moderada (m),2006-02-01,5,8,12,12,17,20,37
21203,BATALLAS,desnutricion global,desnutricion moderada (m),2006-02-01,4,2,2,2,6,4,10
41202,BELEN DE ANDAMARCA,desnutricion global,desnutricion moderada (m),2006-02-01,0,0,0,1,0,1,1
50104,BELEN DE URMIRI,desnutricion global,desnutricion moderada (m),2006-02-01,1,0,1,1,2,1,3
90104,BELLA FLOR,desnutricion global,desnutricion moderada (m),2006-02-01,1,0,0,4,1,4,5
60202,BERMEJO,desnutricion global,desnutricion moderada (m),2006-02-01,1,1,1,0,2,1,3
50301,BETANZOS,desnutricion global,desnutricion moderada (m),2006-02-01,19,21,21,21,40,42,82
31501,BOLIVAR,desnutricion global,desnutricion moderada (m),2006-02-01,13,9,3,8,16,17,33
90103,BOLPEBRA,desnutricion global,desnutricion moderada (m),2006-02-01,0,1,0,0,0,1,1
70707,BOYUIBE,desnutricion global,desnutricion moderada (m),2006-02-01,1,2,0,2,1,4,5
70401,BUENA VISTA,desnutricion global,desnutricion moderada (m),2006-02-01,0,1,2,1,2,2,4
70703,CABEZAS,desnutricion global,desnutricion moderada (m),2006-02-01,2,3,8,6,10,9,19
20905,CAIROMA,desnutricion global,desnutricion moderada (m),2006-02-01,22,15,7,11,29,26,55
51102,"CAIZA ""D""",desnutricion global,desnutricion moderada (m),2006-02-01,3,3,6,3,9,6,15
21003,CAJUATA,desnutricion global,desnutricion moderada (m),2006-02-01,1,0,1,2,2,2,4
20303,CALACOTO,desnutricion global,desnutricion moderada (m),2006-02-01,4,1,3,2,7,3,10
21304,CALAMARCA,desnutricion global,desnutricion moderada (m),2006-02-01,15,15,9,10,24,25,49
10701,CAMARGO,desnutricion global,desnutricion moderada (m),2006-02-01,22,10,14,17,36,27,63
10901,CAMATAQUI (C. VILLA ABECIA),desnutricion global,desnutricion moderada (m),2006-02-01,1,2,4,3,5,5,10
70706,CAMIRI,desnutricion global,desnutricion moderada (m),2006-02-01,11,12,8,16,19,28,47
30701,CAPINOTA,desnutricion global,desnutricion moderada (m),2006-02-01,21,9,11,3,32,12,44
20302,CAQUIAVIRI,desnutricion global,desnutricion moderada (m),2006-02-01,1,0,0,0,1,0,1
40102,CARACOLLO,desnutricion global,desnutricion moderada (m),2006-02-01,2,5,2,2,4,7,11
22001,CARANAVI,desnutricion global,desnutricion moderada (m),2006-02-01,18,15,7,10,25,25,50
60302,CARAPARI,desnutricion global,desnutricion moderada (m),2006-02-01,0,0,2,2,2,2,4
50702,CARIPUYO,desnutricion global,desnutricion moderada (m),2006-02-01,5,2,3,7,8,9,17
71403,CARMEN RIVERO TORREZ,desnutricion global,desnutricion moderada (m),2006-02-01,0,1,2,3,2,4,6
21803,CHACARILLA,desnutricion global,desnutricion moderada (m),2006-02-01,1,3,0,0,1,3,4
40201,CHALLAPATA,desnutricion global,desnutricion moderada (m),2006-02-01,12,7,7,7,19,14,33
50302,CHAQUI,desnutricion global,desnutricion moderada (m),2006-02-01,5,2,3,2,8,4,12
70702,CHARAGUA,desnutricion global,desnutricion moderada (m),2006-02-01,12,15,6,9,18,24,42
20305,CHARAÑA,desnutricion global,desnutricion moderada (m),2006-02-01,0,1,0,0,0,1,1
50202,CHAYANTA,desnutricion global,desnutricion moderada (m),2006-02-01,16,17,13,21,29,38,67
31204,CHIMORE,desnutricion global,desnutricion moderada (m),2006-02-01,5,6,1,2,6,8,14
40302,CHOQUE COTA,desnutricion global,desnutricion moderada (m),2006-02-01,1,0,1,0,2,0,2
21101,CHULUMANI (V. DE LA LIBERTAD),desnutricion global,desnutricion moderada (m),2006-02-01,0,1,0,0,0,1,1
20501,CHUMA,desnutricion global,desnutricion moderada (m),2006-02-01,6,6,1,4,7,10,17
30801,CLIZA,desnutricion global,desnutricion moderada (m),2006-02-01,13,6,0,2,13,8,21
90101,COBIJA,desnutricion global,desnutricion moderada (m),2006-02-01,7,5,9,4,16,9,25
30101,COCHABAMBA,desnutricion global,desnutricion moderada (m),2006-02-01,81,72,31,46,112,118,230
30905,COLCAPIRHUA,desnutricion global,desnutricion moderada (m),2006-02-01,8,2,1,2,9,4,13
50901,"COLCHA ""K""",desnutricion global,desnutricion moderada (m),2006-02-01,0,1,2,3,2,4,6
31002,COLOMI,desnutricion global,desnutricion moderada (m),2006-02-01,4,8,4,6,8,14,22
70603,COLPA BELGICA,desnutricion global,desnutricion moderada (m),2006-02-01,1,0,1,0,2,0,2
50401,COLQUECHACA,desnutricion global,desnutricion moderada (m),2006-02-01,42,28,35,36,77,64,141
21306,COLQUENCHA,desnutricion global,desnutricion moderada (m),2006-02-01,7,0,4,4,11,4,15
21004,COLQUIRI,desnutricion global,desnutricion moderada (m),2006-02-01,11,8,9,6,20,14,34
20304,COMANCHE,desnutricion global,desnutricion moderada (m),2006-02-01,0,0,0,1,0,1,1
71301,COMARAPA,desnutricion global,desnutricion moderada (m),2006-02-01,6,3,5,6,11,9,20
71101,CONCEPCION,desnutricion global,desnutricion moderada (m),2006-02-01,1,2,1,1,2,3,5
21701,COPACABANA,desnutricion global,desnutricion moderada (m),2006-02-01,6,5,4,2,10,7,17
21402,CORIPATA,desnutricion global,desnutricion moderada (m),2006-02-01,3,2,0,0,3,2,5
20301,CORO CORO,desnutricion global,desnutricion moderada (m),2006-02-01,6,3,6,1,12,4,16
21401,COROICO,desnutricion global,desnutricion moderada (m),2006-02-01,2,0,4,2,6,2,8
40301,CORQUE,desnutricion global,desnutricion moderada (m),2006-02-01,4,2,0,0,4,2,6
50601,COTAGAITA,desnutricion global,desnutricion moderada (m),2006-02-01,20,21,24,26,44,47,91
70102,COTOCA,desnutricion global,desnutricion moderada (m),2006-02-01,7,6,1,1,8,7,15
71106,CUATRO CAÑADAS,desnutricion global,desnutricion moderada (m),2006-02-01,1,2,1,2,2,4,6
31405,CUCHUMUELA (V. G. VILLARROEL),desnutricion global,desnutricion moderada (m),2006-02-01,1,2,0,0,1,2,3
70704,CUEVO,desnutricion global,desnutricion moderada (m),2006-02-01,3,3,0,1,3,4,7
10902,CULPINA,desnutricion global,desnutricion moderada (m),2006-02-01,20,20,20,21,40,41,81
40401,CURAHUARA DE CARANGAS,desnutricion global,desnutricion moderada (m),2006-02-01,2,1,0,1,2,2,4
21602,CURVA,desnutricion global,desnutricion moderada (m),2006-02-01,0,2,0,0,0,2,2
20804,DESAGUADERO,desnutricion global,desnutricion moderada (m),2006-02-01,1,0,0,0,1,0,1
20105,EL ALTO,desnutricion global,desnutricion moderada (m),2006-02-01,239,192,115,124,354,316,670
71503,EL PUENTE(STC),desnutricion global,desnutricion moderada (m),2006-02-01,3,3,4,2,7,5,12
60502,EL PUENTE(TJA),desnutricion global,desnutricion moderada (m),2006-02-01,0,1,2,2,2,3,5
70105,EL TORNO,desnutricion global,desnutricion moderada (m),2006-02-01,3,4,6,5,9,9,18
10405,EL VILLAR,desnutricion global,desnutricion moderada (m),2006-02-01,3,2,1,11,4,13,17
60601,ENTRE RIOS,desnutricion global,desnutricion moderada (m),2006-02-01,12,8,5,9,17,17,34
60601,ENTRE RIOS,desnutricion global,desnutricion moderada (m),2006-02-01,5,6,3,8,8,14,22
41101,EUCALIPTUS,desnutricion global,desnutricion moderada (m),2006-02-01,0,1,0,0,0,1,1
80402,EXALTACION,desnutricion global,desnutricion moderada (m),2006-02-01,2,2,1,1,3,3,6
71004,FERNANDEZ ALONSO,desnutricion global,desnutricion moderada (m),2006-02-01,1,3,1,2,2,5,7
71002,GENERAL SAAVEDRA,desnutricion global,desnutricion moderada (m),2006-02-01,9,6,9,6,18,12,30
21601,GRAL. J.J. PEREZ (CHARAZANI),desnutricion global,desnutricion moderada (m),2006-02-01,8,8,7,8,15,16,31
20602,GUANAY,desnutricion global,desnutricion moderada (m),2006-02-01,4,3,4,7,8,10,18
20802,GUAQUI,desnutricion global,desnutricion moderada (m),2006-02-01,0,0,1,1,1,1,2
80202,GUAYARAMERIN,desnutricion global,desnutricion moderada (m),2006-02-01,19,14,6,2,25,16,41
70705,GUTIERREZ,desnutricion global,desnutricion moderada (m),2006-02-01,17,19,19,22,36,41,77
10502,HUACARETA,desnutricion global,desnutricion moderada (m),2006-02-01,3,2,7,3,10,5,15
11002,HUACAYA (VILLA DE HUACAYA),desnutricion global,desnutricion moderada (m),2006-02-01,0,1,1,0,1,1,2
40501,HUACHACALLA,desnutricion global,desnutricion moderada (m),2006-02-01,0,2,2,1,2,3,5
40701,HUANUNI,desnutricion global,desnutricion moderada (m),2006-02-01,7,3,1,10,8,13,21
80803,HUARACAJE,desnutricion global,desnutricion moderada (m),2006-02-01,1,0,1,1,2,1,3
41601,HUAYLLAMARCA,desnutricion global,desnutricion moderada (m),2006-02-01,1,0,0,0,1,0,1
21005,ICHOCA,desnutricion global,desnutricion moderada (m),2006-02-01,2,1,2,3,4,4,8
10304,ICLA,desnutricion global,desnutricion moderada (m),2006-02-01,17,30,32,39,49,69,118
10703,INCAHUASI,desnutricion global,desnutricion moderada (m),2006-02-01,30,33,15,37,45,70,115
90402,INGAVI (HUMAITA),desnutricion global,desnutricion moderada (m),2006-02-01,0,2,2,0,2,2,4
21001,INQUISIVI,desnutricion global,desnutricion moderada (m),2006-02-01,10,12,7,5,17,17,34
21102,IRUPANA (VILLA DE LANZA),desnutricion global,desnutricion moderada (m),2006-02-01,4,3,2,0,6,3,9
21501,IXIAMAS,desnutricion global,desnutricion moderada (m),2006-02-01,0,8,4,3,4,11,15
20806,JESUS DE MACHACA,desnutricion global,desnutricion moderada (m),2006-02-01,5,4,1,0,6,4,10
21105,LA ASUNTA,desnutricion global,desnutricion moderada (m),2006-02-01,6,15,6,7,12,22,34
70104,LA GUARDIA,desnutricion global,desnutricion moderada (m),2006-02-01,14,17,3,11,17,28,45
20101,LA PAZ,desnutricion global,desnutricion moderada (m),2006-02-01,148,118,63,80,211,198,409
70701,LAGUNILLAS,desnutricion global,desnutricion moderada (m),2006-02-01,2,1,1,3,3,4,7
21202,LAJA,desnutricion global,desnutricion moderada (m),2006-02-01,3,3,2,4,5,7,12
10903,LAS CARRERAS,desnutricion global,desnutricion moderada (m),2006-02-01,1,1,0,4,1,5,6
50203,LLALLAGUA,desnutricion global,desnutricion moderada (m),2006-02-01,17,19,17,18,34,37,71
80601,LORETO,desnutricion global,desnutricion moderada (m),2006-02-01,1,0,0,0,1,0,1
20901,LURIBAY,desnutricion global,desnutricion moderada (m),2006-02-01,6,7,7,6,13,13,26
11003,MACHARETI,desnutricion global,desnutricion moderada (m),2006-02-01,6,5,5,4,11,9,20
80801,MAGDALENA,desnutricion global,desnutricion moderada (m),2006-02-01,1,6,0,1,1,7,8
70903,MAIRANA,desnutricion global,desnutricion moderada (m),2006-02-01,3,4,0,1,3,5,8
20904,MALLA,desnutricion global,desnutricion moderada (m),2006-02-01,3,2,0,2,3,4,7
20607,MAPIRI,desnutricion global,desnutricion moderada (m),2006-02-01,2,1,1,1,3,2,5
20103,MECAPACA,desnutricion global,desnutricion moderada (m),2006-02-01,0,2,0,2,0,4,4
71003,MINEROS,desnutricion global,desnutricion moderada (m),2006-02-01,2,8,0,3,2,11,13
31301,MIZQUE,desnutricion global,desnutricion moderada (m),2006-02-01,7,23,4,17,11,40,51
20402,MOCOMOCO,desnutricion global,desnutricion moderada (m),2006-02-01,7,3,5,4,12,7,19
51002,MOJINETE,desnutricion global,desnutricion moderada (m),2006-02-01,1,0,0,0,1,0,1
10303,MOJOCOYA,desnutricion global,desnutricion moderada (m),2006-02-01,2,1,5,2,7,3,10
10501,MONTEAGUDO,desnutricion global,desnutricion moderada (m),2006-02-01,16,3,5,16,21,19,40
71001,MONTERO,desnutricion global,desnutricion moderada (m),2006-02-01,35,35,21,24,56,59,115
70803,MORO MORO,desnutricion global,desnutricion moderada (m),2006-02-01,0,0,1,0,1,0,1
30302,MOROCHATA,desnutricion global,desnutricion moderada (m),2006-02-01,4,11,10,8,14,19,33
50404,OCURI,desnutricion global,desnutricion moderada (m),2006-02-01,24,18,8,12,32,30,62
70202,OKINAWA,desnutricion global,desnutricion moderada (m),2006-02-01,1,0,1,0,2,0,2
30203,OMEREQUE,desnutricion global,desnutricion moderada (m),2006-02-01,0,3,0,2,0,5,5
40101,ORURO,desnutricion global,desnutricion moderada (m),2006-02-01,39,45,35,31,74,76,150
60201,PADCAYA,desnutricion global,desnutricion moderada (m),2006-02-01,1,2,2,3,3,5,8
10401,PADILLA,desnutricion global,desnutricion moderada (m),2006-02-01,6,3,13,14,19,17,36
70502,PAILON,desnutricion global,desnutricion moderada (m),2006-02-01,0,6,2,1,2,7,9
20102,PALCA,desnutricion global,desnutricion moderada (m),2006-02-01,2,1,6,3,8,4,12
21104,PALOS BLANCOS,desnutricion global,desnutricion moderada (m),2006-02-01,15,17,10,19,25,36,61
40802,PAMPA AULLAGAS,desnutricion global,desnutricion moderada (m),2006-02-01,0,3,0,1,0,4,4
70902,PAMPA GRANDE,desnutricion global,desnutricion moderada (m),2006-02-01,1,1,1,0,2,1,3
21802,PAPEL PAMPA,desnutricion global,desnutricion moderada (m),2006-02-01,2,0,0,0,2,0,2
30202,PASORAPA,desnutricion global,desnutricion moderada (m),2006-02-01,2,6,1,2,3,8,11
21305,PATACAMAYA,desnutricion global,desnutricion moderada (m),2006-02-01,17,8,12,11,29,19,48
40602,PAZÑA,desnutricion global,desnutricion moderada (m),2006-02-01,1,1,1,0,2,1,3
20702,PELECHUCO,desnutricion global,desnutricion moderada (m),2006-02-01,6,3,2,1,8,4,12
50403,POCOATA,desnutricion global,desnutricion moderada (m),2006-02-01,9,21,11,12,20,33,53
31203,POCONA,desnutricion global,desnutricion moderada (m),2006-02-01,8,7,8,10,16,17,33
31202,POJO (CBBA),desnutricion global,desnutricion moderada (m),2006-02-01,5,1,2,4,7,5,12
40601,POOPO,desnutricion global,desnutricion moderada (m),2006-02-01,0,1,2,0,2,1,3
51203,PORCO,desnutricion global,desnutricion moderada (m),2006-02-01,2,1,3,1,5,2,7
10103,POROMA,desnutricion global,desnutricion moderada (m),2006-02-01,16,18,9,11,25,29,54
70103,PORONGO,desnutricion global,desnutricion moderada (m),2006-02-01,0,1,0,0,0,1,1
70601,PORTACHUELO,desnutricion global,desnutricion moderada (m),2006-02-01,4,1,1,5,5,6,11
90102,PORVENIR,desnutricion global,desnutricion moderada (m),2006-02-01,1,0,0,2,1,2,3
50101,POTOSI,desnutricion global,desnutricion moderada (m),2006-02-01,86,59,39,27,125,86,211
10302,PRESTO,desnutricion global,desnutricion moderada (m),2006-02-01,13,9,5,10,18,19,37
21201,PUCARANI,desnutricion global,desnutricion moderada (m),2006-02-01,2,9,1,0,3,9,12
20401,PUERTO ACOSTA,desnutricion global,desnutricion moderada (m),2006-02-01,3,4,0,0,3,4,7
20403,PUERTO CARABUCO,desnutricion global,desnutricion moderada (m),2006-02-01,3,0,2,3,5,3,8
90301,PUERTO GONZALO MORENO,desnutricion global,desnutricion moderada (m),2006-02-01,3,5,1,4,4,9,13
71402,PUERTO QUIJARRO,desnutricion global,desnutricion moderada (m),2006-02-01,3,5,0,1,3,6,9
90201,PUERTO RICO,desnutricion global,desnutricion moderada (m),2006-02-01,0,0,3,0,3,0,3
80703,PUERTO SILES,desnutricion global,desnutricion moderada (m),2006-02-01,0,1,0,1,0,2,2
71401,PUERTO SUAREZ,desnutricion global,desnutricion moderada (m),2006-02-01,4,4,1,1,5,5,10
31205,PUERTO VILLARROEL,desnutricion global,desnutricion moderada (m),2006-02-01,30,32,24,27,54,59,113
51101,PUNA,desnutricion global,desnutricion moderada (m),2006-02-01,17,26,19,14,36,40,76
31401,PUNATA,desnutricion global,desnutricion moderada (m),2006-02-01,4,4,2,6,6,10,16
20604,QUIABAYA,desnutricion global,desnutricion moderada (m),2006-02-01,2,1,1,0,3,1,4
30901,QUILLACOLLO,desnutricion global,desnutricion moderada (m),2006-02-01,11,5,21,13,32,18,50
21002,QUIME,desnutricion global,desnutricion moderada (m),2006-02-01,3,3,2,4,5,7,12
70904,QUIRUSILLAS,desnutricion global,desnutricion moderada (m),2006-02-01,1,0,0,2,1,2,3
50402,RAVELO,desnutricion global,desnutricion moderada (m),2006-02-01,31,31,20,43,51,74,125
80301,REYES,desnutricion global,desnutricion moderada (m),2006-02-01,2,2,1,2,3,4,7
80201,RIBERALTA,desnutricion global,desnutricion moderada (m),2006-02-01,19,49,14,17,33,66,99
70503,ROBORE,desnutricion global,desnutricion moderada (m),2006-02-01,4,8,1,5,5,13,18
80304,RURRENABAQUE,desnutricion global,desnutricion moderada (m),2006-02-01,0,1,0,1,0,2,2
31001,SACABA,desnutricion global,desnutricion moderada (m),2006-02-01,24,33,7,11,31,44,75
30404,SACABAMBA,desnutricion global,desnutricion moderada (m),2006-02-01,5,6,2,2,7,8,15
50701,SACACA,desnutricion global,desnutricion moderada (m),2006-02-01,28,34,64,47,92,81,173
71302,SAIPINA,desnutricion global,desnutricion moderada (m),2006-02-01,1,1,3,4,4,5,9
40801,SALINAS DE GARCI MENDOZA,desnutricion global,desnutricion moderada (m),2006-02-01,2,0,4,0,6,0,6
70901,SAMAIPATA,desnutricion global,desnutricion moderada (m),2006-02-01,3,3,1,1,4,4,8
80602,SAN ANDRES,desnutricion global,desnutricion moderada (m),2006-02-01,6,2,1,1,7,3,10
20805,SAN ANDRES DE MACHACA,desnutricion global,desnutricion moderada (m),2006-02-01,0,1,0,0,0,1,1
71105,SAN ANTONIO DE LOMERIO,desnutricion global,desnutricion moderada (m),2006-02-01,2,0,5,8,7,8,15
31403,SAN BENITO,desnutricion global,desnutricion moderada (m),2006-02-01,3,0,4,5,7,5,12
80302,SAN BORJA,desnutricion global,desnutricion moderada (m),2006-02-01,14,10,5,7,19,17,36
21502,SAN BUENA VENTURA,desnutricion global,desnutricion moderada (m),2006-02-01,5,6,3,2,8,8,16
70402,SAN CARLOS,desnutricion global,desnutricion moderada (m),2006-02-01,1,8,5,3,6,11,17
80501,SAN IGNACIO,desnutricion global,desnutricion moderada (m),2006-02-01,6,7,5,3,11,10,21
70301,SAN IGNACIO DE VELASCO,desnutricion global,desnutricion moderada (m),2006-02-01,23,38,24,40,47,78,125
80102,SAN JAVIER(BNI),desnutricion global,desnutricion moderada (m),2006-02-01,0,0,0,1,0,1,1
71102,SAN JAVIER(STC),desnutricion global,desnutricion moderada (m),2006-02-01,3,1,0,0,3,1,4
80701,SAN JOAQUIN,desnutricion global,desnutricion moderada (m),2006-02-01,3,1,1,1,4,2,6
70501,SAN JOSE DE CHIQUITOS,desnutricion global,desnutricion moderada (m),2006-02-01,3,4,1,2,4,6,10
70404,SAN JUAN DE YAPACANI,desnutricion global,desnutricion moderada (m),2006-02-01,0,2,0,0,0,2,2
71104,SAN JULIAN,desnutricion global,desnutricion moderada (m),2006-02-01,1,2,0,2,1,4,5
90302,SAN LORENZO(PND),desnutricion global,desnutricion moderada (m),2006-02-01,1,1,2,3,3,4,7
60501,SAN LORENZO(TJA),desnutricion global,desnutricion moderada (m),2006-02-01,4,3,3,9,7,12,19
10702,SAN LUCAS,desnutricion global,desnutricion moderada (m),2006-02-01,49,46,40,47,89,93,182
71201,SAN MATIAS,desnutricion global,desnutricion moderada (m),2006-02-01,3,3,2,0,5,3,8
70302,SAN MIGUEL DE VELASCO,desnutricion global,desnutricion moderada (m),2006-02-01,2,2,2,3,4,5,9
51001,SAN PABLO DE LIPEZ,desnutricion global,desnutricion moderada (m),2006-02-01,0,0,1,0,1,0,1
71005,SAN PEDRO,desnutricion global,desnutricion moderada (m),2006-02-01,2,4,0,0,2,4,6
50501,SAN PEDRO DE BUENA VISTA,desnutricion global,desnutricion moderada (m),2006-02-01,6,16,5,13,11,29,40
21801,SAN PEDRO DE CURAHUARA,desnutricion global,desnutricion moderada (m),2006-02-01,0,0,0,1,0,1,1
21702,SAN PEDRO DE TIQUINA,desnutricion global,desnutricion moderada (m),2006-02-01,4,0,0,1,4,1,5
70303,SAN RAFAEL,desnutricion global,desnutricion moderada (m),2006-02-01,4,0,0,0,4,0,4
80702,SAN RAMON,desnutricion global,desnutricion moderada (m),2006-02-01,2,0,1,0,3,0,3
80401,SANTA ANA,desnutricion global,desnutricion moderada (m),2006-02-01,3,1,0,2,3,3,6
70101,SANTA CRUZ DE LA SIERRA,desnutricion global,desnutricion moderada (m),2006-02-01,93,91,40,46,133,137,270
70602,SANTA ROSA DEL SARA,desnutricion global,desnutricion moderada (m),2006-02-01,4,1,1,2,5,3,8
20308,SANTIAGO DE CALLAPA,desnutricion global,desnutricion moderada (m),2006-02-01,1,7,3,4,4,11,15
41401,SANTIAGO DE HUARI,desnutricion global,desnutricion moderada (m),2006-02-01,4,4,5,4,9,8,17
21901,SANTIAGO DE MACHACA,desnutricion global,desnutricion moderada (m),2006-02-01,0,0,1,0,1,0,1
30702,SANTIVAÑES,desnutricion global,desnutricion moderada (m),2006-02-01,1,4,0,0,1,4,5
40202,SANTUARIO DE QUILLACAS,desnutricion global,desnutricion moderada (m),2006-02-01,1,0,1,0,2,0,2
20902,SAPAHAQUI,desnutricion global,desnutricion moderada (m),2006-02-01,8,1,1,4,9,5,14
90303,SENA,desnutricion global,desnutricion moderada (m),2006-02-01,0,1,0,1,0,2,2
21301,SICA SICA (VILLA AROMA),desnutricion global,desnutricion moderada (m),2006-02-01,10,3,3,5,13,8,21
30703,SICAYA,desnutricion global,desnutricion moderada (m),2006-02-01,1,1,0,0,1,1,2
30902,SIPE SIPE,desnutricion global,desnutricion moderada (m),2006-02-01,21,17,6,13,27,30,57
10403,SOPACHUY,desnutricion global,desnutricion moderada (m),2006-02-01,2,4,4,6,6,10,16
40104,SORACACHI,desnutricion global,desnutricion moderada (m),2006-02-01,3,2,3,1,6,3,9
20601,SORATA,desnutricion global,desnutricion moderada (m),2006-02-01,0,3,2,2,2,5,7
10101,SUCRE,desnutricion global,desnutricion moderada (m),2006-02-01,58,47,35,49,93,96,189
31404,TACACHI,desnutricion global,desnutricion moderada (m),2006-02-01,2,2,0,0,2,2,4
50303,TACOBAMBA,desnutricion global,desnutricion moderada (m),2006-02-01,9,8,14,3,23,11,34
30602,TACOPAYA,desnutricion global,desnutricion moderada (m),2006-02-01,6,16,6,11,12,27,39
31101,TAPACARI,desnutricion global,desnutricion moderada (m),2006-02-01,23,21,14,11,37,32,69
10601,TARABUCO,desnutricion global,desnutricion moderada (m),2006-02-01,44,43,32,54,76,97,173
20807,TARACO,desnutricion global,desnutricion moderada (m),2006-02-01,1,0,0,0,1,0,1
30401,TARATA,desnutricion global,desnutricion moderada (m),2006-02-01,1,5,3,1,4,6,10
60101,TARIJA,desnutricion global,desnutricion moderada (m),2006-02-01,22,22,16,17,38,39,77
10202,TARVITA,desnutricion global,desnutricion moderada (m),2006-02-01,6,4,7,8,13,12,25
20608,TEOPONTE,desnutricion global,desnutricion moderada (m),2006-02-01,2,6,4,0,6,6,12
20803,TIAWANACU,desnutricion global,desnutricion moderada (m),2006-02-01,1,0,0,0,1,0,1
50102,TINGUIPAYA,desnutricion global,desnutricion moderada (m),2006-02-01,17,20,17,19,34,39,73
20606,TIPUANI,desnutricion global,desnutricion moderada (m),2006-02-01,7,5,3,1,10,6,16
30903,TIQUIPAYA,desnutricion global,desnutricion moderada (m),2006-02-01,2,6,4,4,6,10,16
31601,TIRAQUE (CBBA),desnutricion global,desnutricion moderada (m),2006-02-01,29,21,6,9,35,30,65
21703,TITO YUPANQUI (PARQUIPUJIO),desnutricion global,desnutricion moderada (m),2006-02-01,0,1,0,1,0,2,2
30802,TOCO,desnutricion global,desnutricion moderada (m),2006-02-01,2,1,1,1,3,2,5
30803,TOLATA,desnutricion global,desnutricion moderada (m),2006-02-01,0,1,0,0,0,1,1
51202,TOMAVE,desnutricion global,desnutricion moderada (m),2006-02-01,5,9,8,3,13,12,25
10402,TOMINA,desnutricion global,desnutricion moderada (m),2006-02-01,17,23,14,21,31,44,75
50502,TORO TORO,desnutricion global,desnutricion moderada (m),2006-02-01,26,21,13,13,39,34,73
31201,TOTORA(CBBA),desnutricion global,desnutricion moderada (m),2006-02-01,1,2,0,1,1,3,4
41301,TOTORA(ORR),desnutricion global,desnutricion moderada (m),2006-02-01,0,1,0,0,0,1,1
80101,TRINIDAD,desnutricion global,desnutricion moderada (m),2006-02-01,36,19,15,18,51,37,88
50801,TUPIZA,desnutricion global,desnutricion moderada (m),2006-02-01,15,8,6,13,21,21,42
40402,TURCO,desnutricion global,desnutricion moderada (m),2006-02-01,1,1,2,3,3,4,7
21302,UMALA,desnutricion global,desnutricion moderada (m),2006-02-01,4,3,2,2,6,5,11
50201,UNCIA,desnutricion global,desnutricion moderada (m),2006-02-01,9,6,3,3,12,9,21
60401,URIONDO (A. CONCEPCION),desnutricion global,desnutricion moderada (m),2006-02-01,8,6,4,3,12,9,21
71502,URUBICHA,desnutricion global,desnutricion moderada (m),2006-02-01,12,14,11,26,23,40,63
51201,UYUNI,desnutricion global,desnutricion moderada (m),2006-02-01,6,1,3,3,9,4,13
30502,VACAS,desnutricion global,desnutricion moderada (m),2006-02-01,2,5,1,3,3,8,11
70801,VALLEGRANDE,desnutricion global,desnutricion moderada (m),2006-02-01,7,2,2,1,9,3,12
20801,VIACHA,desnutricion global,desnutricion moderada (m),2006-02-01,7,14,4,8,11,22,33
31302,VILA VILA,desnutricion global,desnutricion moderada (m),2006-02-01,1,2,1,1,2,3,5
60303,VILLA MONTES,desnutricion global,desnutricion moderada (m),2006-02-01,6,14,4,10,10,24,34
90502,VILLA NUEVA (LOMA ALTA),desnutricion global,desnutricion moderada (m),2006-02-01,1,0,0,0,1,0,1
31402,VILLA RIVERO,desnutricion global,desnutricion moderada (m),2006-02-01,2,3,4,2,6,5,11
10801,VILLA SERRANO,desnutricion global,desnutricion moderada (m),2006-02-01,8,12,8,14,16,26,42
31003,VILLA TUNARI,desnutricion global,desnutricion moderada (m),2006-02-01,28,25,23,18,51,43,94
11001,VILLA VACA GUZMAN (MUYUPAMPA),desnutricion global,desnutricion moderada (m),2006-02-01,2,2,2,3,4,5,9
51501,VILLAZON,desnutricion global,desnutricion moderada (m),2006-02-01,8,9,8,12,16,21,37
50602,VITICHI,desnutricion global,desnutricion moderada (m),2006-02-01,12,20,28,26,40,46,86
20306,WALDO BALLIVIAN,desnutricion global,desnutricion moderada (m),2006-02-01,1,2,1,1,2,3,5
70201,WARNES,desnutricion global,desnutricion moderada (m),2006-02-01,16,12,6,6,22,18,40
20903,YACO,desnutricion global,desnutricion moderada (m),2006-02-01,6,6,3,3,9,9,18
60301,YACUIBA,desnutricion global,desnutricion moderada (m),2006-02-01,9,8,12,7,21,15,36
10602,YAMPARAEZ,desnutricion global,desnutricion moderada (m),2006-02-01,14,10,14,19,28,29,57
70403,YAPACANI,desnutricion global,desnutricion moderada (m),2006-02-01,26,6,12,8,38,14,52
50103,YOCALLA,desnutricion global,desnutricion moderada (m),2006-02-01,3,2,2,2,5,4,9
10102,YOTALA,desnutricion global,desnutricion moderada (m),2006-02-01,4,3,3,12,7,15,22
60402,YUNCHARA,desnutricion global,desnutricion moderada (m),2006-02-01,4,4,13,10,17,14,31
10301,ZUDAÑEZ,desnutricion global,desnutricion moderada (m),2006-02-01,12,7,3,8,15,15,30
51302,ACACIO,desnutricion global,desnutricion moderada (m),2006-03-01,7,6,7,11,14,17,31
20201,ACHACACHI,desnutricion global,desnutricion moderada (m),2006-03-01,7,6,3,5,10,11,21
20104,ACHOCALLA,desnutricion global,desnutricion moderada (m),2006-03-01,1,6,6,8,7,14,21
30201,AIQUILE,desnutricion global,desnutricion moderada (m),2006-03-01,5,7,7,7,12,14,26
31303,ALALAY,desnutricion global,desnutricion moderada (m),2006-03-01,3,4,4,4,7,8,15
10404,ALCALA,desnutricion global,desnutricion moderada (m),2006-03-01,4,2,2,2,6,4,10
20202,ANCORAIMES,desnutricion global,desnutricion moderada (m),2006-03-01,4,2,1,2,5,4,9
41201,ANDAMARCA,desnutricion global,desnutricion moderada (m),2006-03-01,2,2,1,0,3,2,5
30402,ANZALDO,desnutricion global,desnutricion moderada (m),2006-03-01,1,0,0,0,1,0,1
20701,APOLO,desnutricion global,desnutricion moderada (m),2006-03-01,7,6,3,11,10,17,27
51301,ARAMPAMPA,desnutricion global,desnutricion moderada (m),2006-03-01,9,8,14,13,23,21,44
30501,ARANI,desnutricion global,desnutricion moderada (m),2006-03-01,2,2,5,8,7,10,17
30403,ARBIETO,desnutricion global,desnutricion moderada (m),2006-03-01,0,2,0,1,0,3,3
30601,ARQUE,desnutricion global,desnutricion moderada (m),2006-03-01,16,9,5,5,21,14,35
71501,ASCENCION DE GUARAYOS,desnutricion global,desnutricion moderada (m),2006-03-01,0,0,2,1,2,1,3
50802,ATOCHA,desnutricion global,desnutricion moderada (m),2006-03-01,13,11,12,9,25,20,45
20503,AUCAPATA,desnutricion global,desnutricion moderada (m),2006-03-01,1,1,2,1,3,2,5
20502,AYATA,desnutricion global,desnutricion moderada (m),2006-03-01,4,3,9,4,13,7,20
21303,AYO AYO,desnutricion global,desnutricion moderada (m),2006-03-01,7,1,2,1,9,2,11
30301,AYOPAYA (V. DE INDEPENDENCIA),desnutricion global,desnutricion moderada (m),2006-03-01,7,8,9,17,16,25,41
10201,AZURDUY,desnutricion global,desnutricion moderada (m),2006-03-01,17,27,22,34,39,61,100
21203,BATALLAS,desnutricion global,desnutricion moderada (m),2006-03-01,2,1,0,2,2,3,5
80802,BAURES,desnutricion global,desnutricion moderada (m),2006-03-01,0,1,0,0,0,1,1
41202,BELEN DE ANDAMARCA,desnutricion global,desnutricion moderada (m),2006-03-01,1,0,0,1,1,1,2
50104,BELEN DE URMIRI,desnutricion global,desnutricion moderada (m),2006-03-01,0,0,0,2,0,2,2
90104,BELLA FLOR,desnutricion global,desnutricion moderada (m),2006-03-01,1,2,3,2,4,4,8
60202,BERMEJO,desnutricion global,desnutricion moderada (m),2006-03-01,4,2,0,0,4,2,6
50301,BETANZOS,desnutricion global,desnutricion moderada (m),2006-03-01,38,32,31,46,69,78,147
31501,BOLIVAR,desnutricion global,desnutricion moderada (m),2006-03-01,23,14,9,11,32,25,57
70707,BOYUIBE,desnutricion global,desnutricion moderada (m),2006-03-01,1,2,1,2,2,4,6
70401,BUENA VISTA,desnutricion global,desnutricion moderada (m),2006-03-01,2,2,0,3,2,5,7
70703,CABEZAS,desnutricion global,desnutricion moderada (m),2006-03-01,3,8,10,6,13,14,27
20905,CAIROMA,desnutricion global,desnutricion moderada (m),2006-03-01,20,14,13,12,33,26,59
51102,"CAIZA ""D""",desnutricion global,desnutricion moderada (m),2006-03-01,3,2,5,6,8,8,16
21003,CAJUATA,desnutricion global,desnutricion moderada (m),2006-03-01,6,4,2,0,8,4,12
20303,CALACOTO,desnutricion global,desnutricion moderada (m),2006-03-01,3,0,6,2,9,2,11
21304,CALAMARCA,desnutricion global,desnutricion moderada (m),2006-03-01,22,22,9,13,31,35,66
10701,CAMARGO,desnutricion global,desnutricion moderada (m),2006-03-01,16,11,5,17,21,28,49
10901,CAMATAQUI (C. VILLA ABECIA),desnutricion global,desnutricion moderada (m),2006-03-01,4,6,2,7,6,13,19
70706,CAMIRI,desnutricion global,desnutricion moderada (m),2006-03-01,11,11,8,9,19,20,39
30701,CAPINOTA,desnutricion global,desnutricion moderada (m),2006-03-01,13,11,6,6,19,17,36
20302,CAQUIAVIRI,desnutricion global,desnutricion moderada (m),2006-03-01,5,2,1,1,6,3,9
40102,CARACOLLO,desnutricion global,desnutricion moderada (m),2006-03-01,4,1,1,0,5,1,6
22001,CARANAVI,desnutricion global,desnutricion moderada (m),2006-03-01,27,27,6,13,33,40,73
60302,CARAPARI,desnutricion global,desnutricion moderada (m),2006-03-01,0,1,2,3,2,4,6
50702,CARIPUYO,desnutricion global,desnutricion moderada (m),2006-03-01,13,9,12,19,25,28,53
71403,CARMEN RIVERO TORREZ,desnutricion global,desnutricion moderada (m),2006-03-01,0,1,1,0,1,1,2
21902,CATACORA,desnutricion global,desnutricion moderada (m),2006-03-01,1,0,0,1,1,1,2
21803,CHACARILLA,desnutricion global,desnutricion moderada (m),2006-03-01,0,1,0,0,0,1,1
40201,CHALLAPATA,desnutricion global,desnutricion moderada (m),2006-03-01,15,7,11,11,26,18,44
50302,CHAQUI,desnutricion global,desnutricion moderada (m),2006-03-01,3,1,0,1,3,2,5
70702,CHARAGUA,desnutricion global,desnutricion moderada (m),2006-03-01,19,20,9,7,28,27,55
20305,CHARAÑA,desnutricion global,desnutricion moderada (m),2006-03-01,2,1,0,0,2,1,3
50202,CHAYANTA,desnutricion global,desnutricion moderada (m),2006-03-01,11,10,8,22,19,32,51
31204,CHIMORE,desnutricion global,desnutricion moderada (m),2006-03-01,9,8,1,5,10,13,23
40903,CHIPAYA,desnutricion global,desnutricion moderada (m),2006-03-01,0,1,2,0,2,1,3
40302,CHOQUE COTA,desnutricion global,desnutricion moderada (m),2006-03-01,1,0,2,0,3,0,3
21101,CHULUMANI (V. DE LA LIBERTAD),desnutricion global,desnutricion moderada (m),2006-03-01,2,4,0,1,2,5,7
20501,CHUMA,desnutricion global,desnutricion moderada (m),2006-03-01,6,8,3,8,9,16,25
30801,CLIZA,desnutricion global,desnutricion moderada (m),2006-03-01,9,11,2,5,11,16,27
90101,COBIJA,desnutricion global,desnutricion moderada (m),2006-03-01,7,5,3,7,10,12,22
30101,COCHABAMBA,desnutricion global,desnutricion moderada (m),2006-03-01,118,119,73,82,191,201,392
30905,COLCAPIRHUA,desnutricion global,desnutricion moderada (m),2006-03-01,13,14,12,14,25,28,53
50901,"COLCHA ""K""",desnutricion global,desnutricion moderada (m),2006-03-01,1,4,2,0,3,4,7
31002,COLOMI,desnutricion global,desnutricion moderada (m),2006-03-01,11,9,6,6,17,15,32
70603,COLPA BELGICA,desnutricion global,desnutricion moderada (m),2006-03-01,4,1,1,4,5,5,10
50401,COLQUECHACA,desnutricion global,desnutricion moderada (m),2006-03-01,32,41,62,49,94,90,184
21306,COLQUENCHA,desnutricion global,desnutricion moderada (m),2006-03-01,5,2,7,2,12,4,16
21004,COLQUIRI,desnutricion global,desnutricion moderada (m),2006-03-01,7,12,5,3,12,15,27
20304,COMANCHE,desnutricion global,desnutricion moderada (m),2006-03-01,0,0,1,2,1,2,3
71301,COMARAPA,desnutricion global,desnutricion moderada (m),2006-03-01,11,5,3,3,14,8,22
20605,COMBAYA,desnutricion global,desnutricion moderada (m),2006-03-01,0,1,2,1,2,2,4
71101,CONCEPCION,desnutricion global,desnutricion moderada (m),2006-03-01,19,9,10,13,29,22,51
21701,COPACABANA,desnutricion global,desnutricion moderada (m),2006-03-01,3,2,0,2,3,4,7
21402,CORIPATA,desnutricion global,desnutricion moderada (m),2006-03-01,1,1,1,0,2,1,3
20301,CORO CORO,desnutricion global,desnutricion moderada (m),2006-03-01,5,1,5,1,10,2,12
21401,COROICO,desnutricion global,desnutricion moderada (m),2006-03-01,3,0,3,5,6,5,11
40301,CORQUE,desnutricion global,desnutricion moderada (m),2006-03-01,3,3,1,2,4,5,9
50601,COTAGAITA,desnutricion global,desnutricion moderada (m),2006-03-01,25,21,23,21,48,42,90
70102,COTOCA,desnutricion global,desnutricion moderada (m),2006-03-01,7,7,3,4,10,11,21
71106,CUATRO CAÑADAS,desnutricion global,desnutricion moderada (m),2006-03-01,2,2,0,3,2,5,7
31405,CUCHUMUELA (V. G. VILLARROEL),desnutricion global,desnutricion moderada (m),2006-03-01,4,0,0,1,4,1,5
70704,CUEVO,desnutricion global,desnutricion moderada (m),2006-03-01,0,1,0,4,0,5,5
10902,CULPINA,desnutricion global,desnutricion moderada (m),2006-03-01,26,21,15,27,41,48,89
40401,CURAHUARA DE CARANGAS,desnutricion global,desnutricion moderada (m),2006-03-01,1,3,1,2,2,5,7
21602,CURVA,desnutricion global,desnutricion moderada (m),2006-03-01,8,3,9,8,17,11,28
20804,DESAGUADERO,desnutricion global,desnutricion moderada (m),2006-03-01,2,2,0,1,2,3,5
20105,EL ALTO,desnutricion global,desnutricion moderada (m),2006-03-01,352,233,163,179,515,412,927
40103,EL CHORO,desnutricion global,desnutricion moderada (m),2006-03-01,1,2,0,1,1,3,4
71503,EL PUENTE(STC),desnutricion global,desnutricion moderada (m),2006-03-01,2,9,22,11,24,20,44
60502,EL PUENTE(TJA),desnutricion global,desnutricion moderada (m),2006-03-01,3,2,2,5,5,7,12
70105,EL TORNO,desnutricion global,desnutricion moderada (m),2006-03-01,5,5,8,10,13,15,28
10405,EL VILLAR,desnutricion global,desnutricion moderada (m),2006-03-01,1,4,2,15,3,19,22
60601,ENTRE RIOS,desnutricion global,desnutricion moderada (m),2006-03-01,15,7,11,18,26,25,51
60601,ENTRE RIOS,desnutricion global,desnutricion moderada (m),2006-03-01,7,5,3,10,10,15,25
41101,EUCALIPTUS,desnutricion global,desnutricion moderada (m),2006-03-01,2,0,1,1,3,1,4
80402,EXALTACION,desnutricion global,desnutricion moderada (m),2006-03-01,0,0,0,1,0,1,1
71004,FERNANDEZ ALONSO,desnutricion global,desnutricion moderada (m),2006-03-01,8,3,2,4,10,7,17
90203,FILADELFIA,desnutricion global,desnutricion moderada (m),2006-03-01,1,0,0,1,1,1,2
71002,GENERAL SAAVEDRA,desnutricion global,desnutricion moderada (m),2006-03-01,17,10,10,10,27,20,47
21601,GRAL. J.J. PEREZ (CHARAZANI),desnutricion global,desnutricion moderada (m),2006-03-01,7,6,4,7,11,13,24
20602,GUANAY,desnutricion global,desnutricion moderada (m),2006-03-01,7,8,3,4,10,12,22
80202,GUAYARAMERIN,desnutricion global,desnutricion moderada (m),2006-03-01,19,12,7,8,26,20,46
70705,GUTIERREZ,desnutricion global,desnutricion moderada (m),2006-03-01,12,17,9,26,21,43,64
10502,HUACARETA,desnutricion global,desnutricion moderada (m),2006-03-01,3,6,4,5,7,11,18
11002,HUACAYA (VILLA DE HUACAYA),desnutricion global,desnutricion moderada (m),2006-03-01,2,1,0,0,2,1,3
40501,HUACHACALLA,desnutricion global,desnutricion moderada (m),2006-03-01,2,0,0,1,2,1,3
40701,HUANUNI,desnutricion global,desnutricion moderada (m),2006-03-01,11,9,1,3,12,12,24
41601,HUAYLLAMARCA,desnutricion global,desnutricion moderada (m),2006-03-01,0,1,0,0,0,1,1
21005,ICHOCA,desnutricion global,desnutricion moderada (m),2006-03-01,1,2,0,2,1,4,5
10304,ICLA,desnutricion global,desnutricion moderada (m),2006-03-01,26,25,21,22,47,47,94
10703,INCAHUASI,desnutricion global,desnutricion moderada (m),2006-03-01,28,31,18,38,46,69,115
90402,INGAVI (HUMAITA),desnutricion global,desnutricion moderada (m),2006-03-01,0,2,7,1,7,3,10
21001,INQUISIVI,desnutricion global,desnutricion moderada (m),2006-03-01,4,10,4,8,8,18,26
21102,IRUPANA (VILLA DE LANZA),desnutricion global,desnutricion moderada (m),2006-03-01,2,0,2,3,4,3,7
21501,IXIAMAS,desnutricion global,desnutricion moderada (m),2006-03-01,3,4,1,0,4,4,8
20806,JESUS DE MACHACA,desnutricion global,desnutricion moderada (m),2006-03-01,3,4,4,1,7,5,12
21105,LA ASUNTA,desnutricion global,desnutricion moderada (m),2006-03-01,9,5,6,9,15,14,29
70104,LA GUARDIA,desnutricion global,desnutricion moderada (m),2006-03-01,14,14,6,1,20,15,35
20101,LA PAZ,desnutricion global,desnutricion moderada (m),2006-03-01,203,191,61,92,264,283,547
70701,LAGUNILLAS,desnutricion global,desnutricion moderada (m),2006-03-01,3,5,2,6,5,11,16
21202,LAJA,desnutricion global,desnutricion moderada (m),2006-03-01,2,3,0,3,2,6,8
10903,LAS CARRERAS,desnutricion global,desnutricion moderada (m),2006-03-01,0,2,1,2,1,4,5
21006,LICOMA PAMPA,desnutricion global,desnutricion moderada (m),2006-03-01,2,2,0,1,2,3,5
50203,LLALLAGUA,desnutricion global,desnutricion moderada (m),2006-03-01,10,16,24,32,34,48,82
51401,LLICA,desnutricion global,desnutricion moderada (m),2006-03-01,0,3,0,0,0,3,3
80601,LORETO,desnutricion global,desnutricion moderada (m),2006-03-01,1,1,0,0,1,1,2
20901,LURIBAY,desnutricion global,desnutricion moderada (m),2006-03-01,9,10,10,7,19,17,36
40702,MACHACAMARCA,desnutricion global,desnutricion moderada (m),2006-03-01,3,1,1,2,4,3,7
11003,MACHARETI,desnutricion global,desnutricion moderada (m),2006-03-01,2,2,3,9,5,11,16
80801,MAGDALENA,desnutricion global,desnutricion moderada (m),2006-03-01,0,3,1,0,1,3,4
70903,MAIRANA,desnutricion global,desnutricion moderada (m),2006-03-01,1,0,0,0,1,0,1
20904,MALLA,desnutricion global,desnutricion moderada (m),2006-03-01,2,2,1,1,3,3,6
20607,MAPIRI,desnutricion global,desnutricion moderada (m),2006-03-01,3,2,3,2,6,4,10
20103,MECAPACA,desnutricion global,desnutricion moderada (m),2006-03-01,2,1,1,2,3,3,6
71003,MINEROS,desnutricion global,desnutricion moderada (m),2006-03-01,7,7,5,10,12,17,29
31301,MIZQUE,desnutricion global,desnutricion moderada (m),2006-03-01,13,10,4,10,17,20,37
20402,MOCOMOCO,desnutricion global,desnutricion moderada (m),2006-03-01,7,9,3,2,10,11,21
10303,MOJOCOYA,desnutricion global,desnutricion moderada (m),2006-03-01,7,2,3,3,10,5,15
10501,MONTEAGUDO,desnutricion global,desnutricion moderada (m),2006-03-01,18,13,12,16,30,29,59
71001,MONTERO,desnutricion global,desnutricion moderada (m),2006-03-01,65,60,22,42,87,102,189
70803,MORO MORO,desnutricion global,desnutricion moderada (m),2006-03-01,1,0,0,0,1,0,1
30302,MOROCHATA,desnutricion global,desnutricion moderada (m),2006-03-01,10,11,14,7,24,18,42
90401,NACEBE (SANTA ROSA DEL ABUNA),desnutricion global,desnutricion moderada (m),2006-03-01,0,1,0,0,0,1,1
90501,NUEVO MANOA (NUEVA ESPERANZA),desnutricion global,desnutricion moderada (m),2006-03-01,2,0,1,1,3,1,4
50404,OCURI,desnutricion global,desnutricion moderada (m),2006-03-01,27,26,26,28,53,54,107
70202,OKINAWA,desnutricion global,desnutricion moderada (m),2006-03-01,5,4,1,5,6,9,15
30203,OMEREQUE,desnutricion global,desnutricion moderada (m),2006-03-01,0,1,0,3,0,4,4
40101,ORURO,desnutricion global,desnutricion moderada (m),2006-03-01,67,76,52,62,119,138,257
60201,PADCAYA,desnutricion global,desnutricion moderada (m),2006-03-01,1,2,3,2,4,4,8
10401,PADILLA,desnutricion global,desnutricion moderada (m),2006-03-01,10,10,11,20,21,30,51
70502,PAILON,desnutricion global,desnutricion moderada (m),2006-03-01,0,15,10,0,10,15,25
20102,PALCA,desnutricion global,desnutricion moderada (m),2006-03-01,1,1,4,2,5,3,8
21104,PALOS BLANCOS,desnutricion global,desnutricion moderada (m),2006-03-01,14,13,11,9,25,22,47
40802,PAMPA AULLAGAS,desnutricion global,desnutricion moderada (m),2006-03-01,2,0,1,2,3,2,5
70902,PAMPA GRANDE,desnutricion global,desnutricion moderada (m),2006-03-01,3,3,0,5,3,8,11
21802,PAPEL PAMPA,desnutricion global,desnutricion moderada (m),2006-03-01,1,0,1,1,2,1,3
30202,PASORAPA,desnutricion global,desnutricion moderada (m),2006-03-01,1,2,1,3,2,5,7
21305,PATACAMAYA,desnutricion global,desnutricion moderada (m),2006-03-01,8,7,10,7,18,14,32
40602,PAZÑA,desnutricion global,desnutricion moderada (m),2006-03-01,0,1,1,0,1,1,2
20702,PELECHUCO,desnutricion global,desnutricion moderada (m),2006-03-01,4,6,1,1,5,7,12
50403,POCOATA,desnutricion global,desnutricion moderada (m),2006-03-01,10,17,13,9,23,26,49
31203,POCONA,desnutricion global,desnutricion moderada (m),2006-03-01,7,1,2,4,9,5,14
31202,POJO (CBBA),desnutricion global,desnutricion moderada (m),2006-03-01,10,5,8,7,18,12,30
40601,POOPO,desnutricion global,desnutricion moderada (m),2006-03-01,1,1,4,2,5,3,8
51203,PORCO,desnutricion global,desnutricion moderada (m),2006-03-01,3,1,2,1,5,2,7
10103,POROMA,desnutricion global,desnutricion moderada (m),2006-03-01,35,26,13,22,48,48,96
70103,PORONGO,desnutricion global,desnutricion moderada (m),2006-03-01,1,0,1,0,2,0,2
70601,PORTACHUELO,desnutricion global,desnutricion moderada (m),2006-03-01,11,6,4,6,15,12,27
90102,PORVENIR,desnutricion global,desnutricion moderada (m),2006-03-01,0,2,1,1,1,3,4
70804,POSTRER VALLE,desnutricion global,desnutricion moderada (m),2006-03-01,3,1,1,0,4,1,5
50101,POTOSI,desnutricion global,desnutricion moderada (m),2006-03-01,112,70,44,45,156,115,271
10302,PRESTO,desnutricion global,desnutricion moderada (m),2006-03-01,18,15,19,10,37,25,62
70805,PUCARA,desnutricion global,desnutricion moderada (m),2006-03-01,0,0,1,1,1,1,2
21201,PUCARANI,desnutricion global,desnutricion moderada (m),2006-03-01,5,11,4,2,9,13,22
20401,PUERTO ACOSTA,desnutricion global,desnutricion moderada (m),2006-03-01,3,2,0,4,3,6,9
20403,PUERTO CARABUCO,desnutricion global,desnutricion moderada (m),2006-03-01,3,5,1,1,4,6,10
90301,PUERTO GONZALO MORENO,desnutricion global,desnutricion moderada (m),2006-03-01,9,5,5,3,14,8,22
21204,PUERTO PEREZ,desnutricion global,desnutricion moderada (m),2006-03-01,1,1,0,1,1,2,3
71402,PUERTO QUIJARRO,desnutricion global,desnutricion moderada (m),2006-03-01,1,4,0,1,1,5,6
90201,PUERTO RICO,desnutricion global,desnutricion moderada (m),2006-03-01,2,2,3,4,5,6,11
71401,PUERTO SUAREZ,desnutricion global,desnutricion moderada (m),2006-03-01,7,7,1,2,8,9,17
31205,PUERTO VILLARROEL,desnutricion global,desnutricion moderada (m),2006-03-01,47,51,16,37,63,88,151
51101,PUNA,desnutricion global,desnutricion moderada (m),2006-03-01,40,53,34,43,74,96,170
31401,PUNATA,desnutricion global,desnutricion moderada (m),2006-03-01,12,5,5,5,17,10,27
30901,QUILLACOLLO,desnutricion global,desnutricion moderada (m),2006-03-01,32,21,10,17,42,38,80
21002,QUIME,desnutricion global,desnutricion moderada (m),2006-03-01,4,3,7,5,11,8,19
70904,QUIRUSILLAS,desnutricion global,desnutricion moderada (m),2006-03-01,3,0,0,2,3,2,5
50402,RAVELO,desnutricion global,desnutricion moderada (m),2006-03-01,47,35,24,39,71,74,145
80301,REYES,desnutricion global,desnutricion moderada (m),2006-03-01,3,3,2,2,5,5,10
80201,RIBERALTA,desnutricion global,desnutricion moderada (m),2006-03-01,45,64,28,37,73,101,174
70503,ROBORE,desnutricion global,desnutricion moderada (m),2006-03-01,1,5,1,4,2,9,11
80304,RURRENABAQUE,desnutricion global,desnutricion moderada (m),2006-03-01,13,4,5,1,18,5,23
40901,SABAYA,desnutricion global,desnutricion moderada (m),2006-03-01,1,0,0,1,1,1,2
31001,SACABA,desnutricion global,desnutricion moderada (m),2006-03-01,28,26,18,20,46,46,92
30404,SACABAMBA,desnutricion global,desnutricion moderada (m),2006-03-01,7,3,2,3,9,6,15
50701,SACACA,desnutricion global,desnutricion moderada (m),2006-03-01,24,19,32,19,56,38,94
71302,SAIPINA,desnutricion global,desnutricion moderada (m),2006-03-01,2,0,3,1,5,1,6
40801,SALINAS DE GARCI MENDOZA,desnutricion global,desnutricion moderada (m),2006-03-01,5,2,1,1,6,3,9
70901,SAMAIPATA,desnutricion global,desnutricion moderada (m),2006-03-01,5,1,1,3,6,4,10
51601,SAN AGUSTIN,desnutricion global,desnutricion moderada (m),2006-03-01,1,1,0,2,1,3,4
80602,SAN ANDRES,desnutricion global,desnutricion moderada (m),2006-03-01,6,2,0,1,6,3,9
20805,SAN ANDRES DE MACHACA,desnutricion global,desnutricion moderada (m),2006-03-01,1,2,0,0,1,2,3
51003,SAN ANTONIO DE ESMORUCO,desnutricion global,desnutricion moderada (m),2006-03-01,0,2,0,0,0,2,2
71105,SAN ANTONIO DE LOMERIO,desnutricion global,desnutricion moderada (m),2006-03-01,9,12,12,4,21,16,37
31403,SAN BENITO,desnutricion global,desnutricion moderada (m),2006-03-01,6,3,7,6,13,9,22
80302,SAN BORJA,desnutricion global,desnutricion moderada (m),2006-03-01,27,11,10,18,37,29,66
21502,SAN BUENA VENTURA,desnutricion global,desnutricion moderada (m),2006-03-01,5,3,3,2,8,5,13
70402,SAN CARLOS,desnutricion global,desnutricion moderada (m),2006-03-01,4,3,3,0,7,3,10
80501,SAN IGNACIO,desnutricion global,desnutricion moderada (m),2006-03-01,15,10,21,20,36,30,66
70301,SAN IGNACIO DE VELASCO,desnutricion global,desnutricion moderada (m),2006-03-01,34,62,30,53,64,115,179
80102,SAN JAVIER(BNI),desnutricion global,desnutricion moderada (m),2006-03-01,0,2,0,2,0,4,4
80701,SAN JOAQUIN,desnutricion global,desnutricion moderada (m),2006-03-01,0,1,0,2,0,3,3
70501,SAN JOSE DE CHIQUITOS,desnutricion global,desnutricion moderada (m),2006-03-01,13,8,4,8,17,16,33
70404,SAN JUAN DE YAPACANI,desnutricion global,desnutricion moderada (m),2006-03-01,2,3,0,1,2,4,6
71104,SAN JULIAN,desnutricion global,desnutricion moderada (m),2006-03-01,16,20,3,5,19,25,44
90302,SAN LORENZO(PND),desnutricion global,desnutricion moderada (m),2006-03-01,1,0,0,0,1,0,1
60501,SAN LORENZO(TJA),desnutricion global,desnutricion moderada (m),2006-03-01,9,10,18,20,27,30,57
10702,SAN LUCAS,desnutricion global,desnutricion moderada (m),2006-03-01,60,51,44,61,104,112,216
71201,SAN MATIAS,desnutricion global,desnutricion moderada (m),2006-03-01,2,5,2,5,4,10,14
70302,SAN MIGUEL DE VELASCO,desnutricion global,desnutricion moderada (m),2006-03-01,3,1,5,4,8,5,13
51001,SAN PABLO DE LIPEZ,desnutricion global,desnutricion moderada (m),2006-03-01,1,0,1,0,2,0,2
71005,SAN PEDRO,desnutricion global,desnutricion moderada (m),2006-03-01,2,1,1,1,3,2,5
50501,SAN PEDRO DE BUENA VISTA,desnutricion global,desnutricion moderada (m),2006-03-01,24,18,16,30,40,48,88
21801,SAN PEDRO DE CURAHUARA,desnutricion global,desnutricion moderada (m),2006-03-01,0,0,2,0,2,0,2
50902,SAN PEDRO DE QUEMES,desnutricion global,desnutricion moderada (m),2006-03-01,1,0,1,0,2,0,2
21702,SAN PEDRO DE TIQUINA,desnutricion global,desnutricion moderada (m),2006-03-01,2,1,1,3,3,4,7
70303,SAN RAFAEL,desnutricion global,desnutricion moderada (m),2006-03-01,5,4,7,0,12,4,16
80702,SAN RAMON,desnutricion global,desnutricion moderada (m),2006-03-01,2,0,0,2,2,2,4
80401,SANTA ANA,desnutricion global,desnutricion moderada (m),2006-03-01,0,1,1,1,1,2,3
70101,SANTA CRUZ DE LA SIERRA,desnutricion global,desnutricion moderada (m),2006-03-01,168,136,44,65,212,201,413
80303,SANTA ROSA,desnutricion global,desnutricion moderada (m),2006-03-01,4,1,0,3,4,4,8
70602,SANTA ROSA DEL SARA,desnutricion global,desnutricion moderada (m),2006-03-01,5,7,4,2,9,9,18
20308,SANTIAGO DE CALLAPA,desnutricion global,desnutricion moderada (m),2006-03-01,1,0,4,0,5,0,5
41401,SANTIAGO DE HUARI,desnutricion global,desnutricion moderada (m),2006-03-01,0,1,4,1,4,2,6
30702,SANTIVAÑES,desnutricion global,desnutricion moderada (m),2006-03-01,2,1,2,0,4,1,5
40202,SANTUARIO DE QUILLACAS,desnutricion global,desnutricion moderada (m),2006-03-01,2,1,0,0,2,1,3
20902,SAPAHAQUI,desnutricion global,desnutricion moderada (m),2006-03-01,6,10,5,5,11,15,26
90303,SENA,desnutricion global,desnutricion moderada (m),2006-03-01,3,3,1,2,4,5,9
21301,SICA SICA (VILLA AROMA),desnutricion global,desnutricion moderada (m),2006-03-01,20,15,6,18,26,33,59
30703,SICAYA,desnutricion global,desnutricion moderada (m),2006-03-01,6,6,3,3,9,9,18
30902,SIPE SIPE,desnutricion global,desnutricion moderada (m),2006-03-01,41,30,16,20,57,50,107
10403,SOPACHUY,desnutricion global,desnutricion moderada (m),2006-03-01,7,11,3,18,10,29,39
40104,SORACACHI,desnutricion global,desnutricion moderada (m),2006-03-01,1,5,2,4,3,9,12
20601,SORATA,desnutricion global,desnutricion moderada (m),2006-03-01,1,0,1,1,2,1,3
10101,SUCRE,desnutricion global,desnutricion moderada (m),2006-03-01,82,58,63,69,145,127,272
31404,TACACHI,desnutricion global,desnutricion moderada (m),2006-03-01,0,1,0,0,0,1,1
20603,TACACOMA,desnutricion global,desnutricion moderada (m),2006-03-01,2,2,1,1,3,3,6
50303,TACOBAMBA,desnutricion global,desnutricion moderada (m),2006-03-01,10,8,5,11,15,19,34
30602,TACOPAYA,desnutricion global,desnutricion moderada (m),2006-03-01,13,12,9,11,22,23,45
51402,TAHUA,desnutricion global,desnutricion moderada (m),2006-03-01,0,1,0,1,0,2,2
31101,TAPACARI,desnutricion global,desnutricion moderada (m),2006-03-01,19,22,16,11,35,33,68
10601,TARABUCO,desnutricion global,desnutricion moderada (m),2006-03-01,37,31,25,37,62,68,130
30401,TARATA,desnutricion global,desnutricion moderada (m),2006-03-01,0,1,0,0,0,1,1
60101,TARIJA,desnutricion global,desnutricion moderada (m),2006-03-01,23,30,25,23,48,53,101
10202,TARVITA,desnutricion global,desnutricion moderada (m),2006-03-01,16,19,16,26,32,45,77
20608,TEOPONTE,desnutricion global,desnutricion moderada (m),2006-03-01,0,2,1,4,1,6,7
20803,TIAWANACU,desnutricion global,desnutricion moderada (m),2006-03-01,1,2,1,0,2,2,4
50102,TINGUIPAYA,desnutricion global,desnutricion moderada (m),2006-03-01,21,18,24,25,45,43,88
20606,TIPUANI,desnutricion global,desnutricion moderada (m),2006-03-01,3,2,1,3,4,5,9
30903,TIQUIPAYA,desnutricion global,desnutricion moderada (m),2006-03-01,7,8,12,3,19,11,30
31601,TIRAQUE (CBBA),desnutricion global,desnutricion moderada (m),2006-03-01,30,27,21,26,51,53,104
21703,TITO YUPANQUI (PARQUIPUJIO),desnutricion global,desnutricion moderada (m),2006-03-01,0,0,0,1,0,1,1
30802,TOCO,desnutricion global,desnutricion moderada (m),2006-03-01,3,1,0,3,3,4,7
30803,TOLATA,desnutricion global,desnutricion moderada (m),2006-03-01,0,4,0,1,0,5,5
41001,TOLEDO,desnutricion global,desnutricion moderada (m),2006-03-01,1,0,1,1,2,1,3
51202,TOMAVE,desnutricion global,desnutricion moderada (m),2006-03-01,12,5,8,7,20,12,32
10402,TOMINA,desnutricion global,desnutricion moderada (m),2006-03-01,21,20,19,18,40,38,78
50502,TORO TORO,desnutricion global,desnutricion moderada (m),2006-03-01,37,19,13,28,50,47,97
31201,TOTORA(CBBA),desnutricion global,desnutricion moderada (m),2006-03-01,19,12,4,5,23,17,40
41301,TOTORA(ORR),desnutricion global,desnutricion moderada (m),2006-03-01,3,0,0,1,3,1,4
70802,TRIGAL,desnutricion global,desnutricion moderada (m),2006-03-01,0,1,0,0,0,1,1
80101,TRINIDAD,desnutricion global,desnutricion moderada (m),2006-03-01,30,36,18,18,48,54,102
50801,TUPIZA,desnutricion global,desnutricion moderada (m),2006-03-01,17,17,21,23,38,40,78
40402,TURCO,desnutricion global,desnutricion moderada (m),2006-03-01,1,0,0,1,1,1,2
21302,UMALA,desnutricion global,desnutricion moderada (m),2006-03-01,0,1,5,3,5,4,9
50201,UNCIA,desnutricion global,desnutricion moderada (m),2006-03-01,13,7,8,8,21,15,36
60401,URIONDO (A. CONCEPCION),desnutricion global,desnutricion moderada (m),2006-03-01,5,7,5,7,10,14,24
51201,UYUNI,desnutricion global,desnutricion moderada (m),2006-03-01,9,5,5,6,14,11,25
30502,VACAS,desnutricion global,desnutricion moderada (m),2006-03-01,6,7,3,5,9,12,21
70801,VALLEGRANDE,desnutricion global,desnutricion moderada (m),2006-03-01,0,4,6,6,6,10,16
20801,VIACHA,desnutricion global,desnutricion moderada (m),2006-03-01,4,2,3,4,7,6,13
31302,VILA VILA,desnutricion global,desnutricion moderada (m),2006-03-01,2,6,3,3,5,9,14
60303,VILLA MONTES,desnutricion global,desnutricion moderada (m),2006-03-01,10,11,3,11,13,22,35
90502,VILLA NUEVA (LOMA ALTA),desnutricion global,desnutricion moderada (m),2006-03-01,0,1,3,3,3,4,7
31402,VILLA RIVERO,desnutricion global,desnutricion moderada (m),2006-03-01,3,2,0,3,3,5,8
10801,VILLA SERRANO,desnutricion global,desnutricion moderada (m),2006-03-01,20,13,17,16,37,29,66
31003,VILLA TUNARI,desnutricion global,desnutricion moderada (m),2006-03-01,33,39,19,16,52,55,107
11001,VILLA VACA GUZMAN (MUYUPAMPA),desnutricion global,desnutricion moderada (m),2006-03-01,5,4,6,8,11,12,23
51501,VILLAZON,desnutricion global,desnutricion moderada (m),2006-03-01,20,15,15,16,35,31,66
30904,VINTO,desnutricion global,desnutricion moderada (m),2006-03-01,8,11,6,5,14,16,30
50602,VITICHI,desnutricion global,desnutricion moderada (m),2006-03-01,14,15,12,22,26,37,63
20306,WALDO BALLIVIAN,desnutricion global,desnutricion moderada (m),2006-03-01,1,2,0,1,1,3,4
70201,WARNES,desnutricion global,desnutricion moderada (m),2006-03-01,12,15,3,12,15,27,42
20903,YACO,desnutricion global,desnutricion moderada (m),2006-03-01,8,5,5,7,13,12,25
60301,YACUIBA,desnutricion global,desnutricion moderada (m),2006-03-01,4,10,1,11,5,21,26
10602,YAMPARAEZ,desnutricion global,desnutricion moderada (m),2006-03-01,12,8,12,12,24,20,44
21103,YANACACHI,desnutricion global,desnutricion moderada (m),2006-03-01,1,0,0,0,1,0,1
70403,YAPACANI,desnutricion global,desnutricion moderada (m),2006-03-01,18,22,9,7,27,29,56
50103,YOCALLA,desnutricion global,desnutricion moderada (m),2006-03-01,1,1,0,1,1,2,3
10102,YOTALA,desnutricion global,desnutricion moderada (m),2006-03-01,6,4,2,9,8,13,21
60402,YUNCHARA,desnutricion global,desnutricion moderada (m),2006-03-01,5,8,12,5,17,13,30
10301,ZUDAÑEZ,desnutricion global,desnutricion moderada (m),2006-03-01,8,6,9,7,17,13,30
51302,ACACIO,desnutricion global,desnutricion moderada (m),2006-04-01,9,8,4,2,13,10,23
20201,ACHACACHI,desnutricion global,desnutricion moderada (m),2006-04-01,3,8,3,5,6,13,19
20104,ACHOCALLA,desnutricion global,desnutricion moderada (m),2006-04-01,2,0,1,0,3,0,3
30201,AIQUILE,desnutricion global,desnutricion moderada (m),2006-04-01,4,6,7,6,11,12,23
31303,ALALAY,desnutricion global,desnutricion moderada (m),2006-04-01,1,4,1,2,2,6,8
10404,ALCALA,desnutricion global,desnutricion moderada (m),2006-04-01,3,4,6,7,9,11,20
20202,ANCORAIMES,desnutricion global,desnutricion moderada (m),2006-04-01,3,2,0,1,3,3,6
41201,ANDAMARCA,desnutricion global,desnutricion moderada (m),2006-04-01,3,3,3,2,6,5,11
30402,ANZALDO,desnutricion global,desnutricion moderada (m),2006-04-01,5,3,1,3,6,6,12
20701,APOLO,desnutricion global,desnutricion moderada (m),2006-04-01,8,7,6,13,14,20,34
51301,ARAMPAMPA,desnutricion global,desnutricion moderada (m),2006-04-01,8,4,7,7,15,11,26
30501,ARANI,desnutricion global,desnutricion moderada (m),2006-04-01,2,3,4,1,6,4,10
30403,ARBIETO,desnutricion global,desnutricion moderada (m),2006-04-01,5,4,0,1,5,5,10
30601,ARQUE,desnutricion global,desnutricion moderada (m),2006-04-01,15,16,7,9,22,25,47
71501,ASCENCION DE GUARAYOS,desnutricion global,desnutricion moderada (m),2006-04-01,27,12,25,25,52,37,89
50802,ATOCHA,desnutricion global,desnutricion moderada (m),2006-04-01,6,2,13,6,19,8,27
20503,AUCAPATA,desnutricion global,desnutricion moderada (m),2006-04-01,5,5,4,4,9,9,18
20502,AYATA,desnutricion global,desnutricion moderada (m),2006-04-01,4,8,7,0,11,8,19
21303,AYO AYO,desnutricion global,desnutricion moderada (m),2006-04-01,6,3,1,1,7,4,11
30301,AYOPAYA (V. DE INDEPENDENCIA),desnutricion global,desnutricion moderada (m),2006-04-01,13,10,10,7,23,17,40
10201,AZURDUY,desnutricion global,desnutricion moderada (m),2006-04-01,18,27,21,15,39,42,81
21203,BATALLAS,desnutricion global,desnutricion moderada (m),2006-04-01,2,2,1,0,3,2,5
80802,BAURES,desnutricion global,desnutricion moderada (m),2006-04-01,0,0,0,1,0,1,1
50104,BELEN DE URMIRI,desnutricion global,desnutricion moderada (m),2006-04-01,0,0,0,1,0,1,1
90104,BELLA FLOR,desnutricion global,desnutricion moderada (m),2006-04-01,1,2,0,3,1,5,6
60202,BERMEJO,desnutricion global,desnutricion moderada (m),2006-04-01,0,1,2,2,2,3,5
50301,BETANZOS,desnutricion global,desnutricion moderada (m),2006-04-01,12,15,13,13,25,28,53
31501,BOLIVAR,desnutricion global,desnutricion moderada (m),2006-04-01,7,12,2,8,9,20,29
70707,BOYUIBE,desnutricion global,desnutricion moderada (m),2006-04-01,1,1,2,0,3,1,4
70401,BUENA VISTA,desnutricion global,desnutricion moderada (m),2006-04-01,1,1,6,3,7,4,11
70703,CABEZAS,desnutricion global,desnutricion moderada (m),2006-04-01,8,5,5,6,13,11,24
20905,CAIROMA,desnutricion global,desnutricion moderada (m),2006-04-01,21,20,13,11,34,31,65
51102,"CAIZA ""D""",desnutricion global,desnutricion moderada (m),2006-04-01,3,3,5,6,8,9,17
21003,CAJUATA,desnutricion global,desnutricion moderada (m),2006-04-01,2,1,2,1,4,2,6
20303,CALACOTO,desnutricion global,desnutricion moderada (m),2006-04-01,2,2,3,2,5,4,9
21304,CALAMARCA,desnutricion global,desnutricion moderada (m),2006-04-01,20,18,4,15,24,33,57
10701,CAMARGO,desnutricion global,desnutricion moderada (m),2006-04-01,16,10,8,13,24,23,47
10901,CAMATAQUI (C. VILLA ABECIA),desnutricion global,desnutricion moderada (m),2006-04-01,1,1,3,2,4,3,7
70706,CAMIRI,desnutricion global,desnutricion moderada (m),2006-04-01,6,12,8,9,14,21,35
30701,CAPINOTA,desnutricion global,desnutricion moderada (m),2006-04-01,16,17,14,15,30,32,62
20302,CAQUIAVIRI,desnutricion global,desnutricion moderada (m),2006-04-01,0,0,0,1,0,1,1
40102,CARACOLLO,desnutricion global,desnutricion moderada (m),2006-04-01,4,2,2,2,6,4,10
22001,CARANAVI,desnutricion global,desnutricion moderada (m),2006-04-01,21,19,6,14,27,33,60
60302,CARAPARI,desnutricion global,desnutricion moderada (m),2006-04-01,2,1,1,3,3,4,7
50702,CARIPUYO,desnutricion global,desnutricion moderada (m),2006-04-01,8,2,5,15,13,17,30
71403,CARMEN RIVERO TORREZ,desnutricion global,desnutricion moderada (m),2006-04-01,2,1,1,0,3,1,4
21803,CHACARILLA,desnutricion global,desnutricion moderada (m),2006-04-01,1,1,2,1,3,2,5
40201,CHALLAPATA,desnutricion global,desnutricion moderada (m),2006-04-01,21,10,13,10,34,20,54
50302,CHAQUI,desnutricion global,desnutricion moderada (m),2006-04-01,1,1,1,2,2,3,5
70702,CHARAGUA,desnutricion global,desnutricion moderada (m),2006-04-01,10,11,6,3,16,14,30
20305,CHARAÑA,desnutricion global,desnutricion moderada (m),2006-04-01,0,0,0,1,0,1,1
50202,CHAYANTA,desnutricion global,desnutricion moderada (m),2006-04-01,7,12,15,24,22,36,58
31204,CHIMORE,desnutricion global,desnutricion moderada (m),2006-04-01,3,8,3,3,6,11,17
40903,CHIPAYA,desnutricion global,desnutricion moderada (m),2006-04-01,0,0,1,0,1,0,1
21101,CHULUMANI (V. DE LA LIBERTAD),desnutricion global,desnutricion moderada (m),2006-04-01,3,5,2,1,5,6,11
20501,CHUMA,desnutricion global,desnutricion moderada (m),2006-04-01,5,6,4,8,9,14,23
30801,CLIZA,desnutricion global,desnutricion moderada (m),2006-04-01,3,2,0,0,3,2,5
90101,COBIJA,desnutricion global,desnutricion moderada (m),2006-04-01,3,2,3,2,6,4,10
30101,COCHABAMBA,desnutricion global,desnutricion moderada (m),2006-04-01,70,95,54,45,124,140,264
40902,COIPASA,desnutricion global,desnutricion moderada (m),2006-04-01,0,0,1,0,1,0,1
30905,COLCAPIRHUA,desnutricion global,desnutricion moderada (m),2006-04-01,10,6,3,10,13,16,29
50901,"COLCHA ""K""",desnutricion global,desnutricion moderada (m),2006-04-01,1,3,3,3,4,6,10
21307,COLLANA,desnutricion global,desnutricion moderada (m),2006-04-01,0,1,1,0,1,1,2
31002,COLOMI,desnutricion global,desnutricion moderada (m),2006-04-01,12,5,5,1,17,6,23
70603,COLPA BELGICA,desnutricion global,desnutricion moderada (m),2006-04-01,1,0,1,3,2,3,5
50401,COLQUECHACA,desnutricion global,desnutricion moderada (m),2006-04-01,30,14,25,20,55,34,89
21306,COLQUENCHA,desnutricion global,desnutricion moderada (m),2006-04-01,4,3,0,0,4,3,7
21004,COLQUIRI,desnutricion global,desnutricion moderada (m),2006-04-01,10,11,8,10,18,21,39
71301,COMARAPA,desnutricion global,desnutricion moderada (m),2006-04-01,6,6,3,1,9,7,16
20605,COMBAYA,desnutricion global,desnutricion moderada (m),2006-04-01,1,1,1,0,2,1,3
71101,CONCEPCION,desnutricion global,desnutricion moderada (m),2006-04-01,10,12,1,0,11,12,23
21701,COPACABANA,desnutricion global,desnutricion moderada (m),2006-04-01,7,1,1,1,8,2,10
21402,CORIPATA,desnutricion global,desnutricion moderada (m),2006-04-01,1,0,1,1,2,1,3
20301,CORO CORO,desnutricion global,desnutricion moderada (m),2006-04-01,5,3,5,5,10,8,18
21401,COROICO,desnutricion global,desnutricion moderada (m),2006-04-01,2,2,0,3,2,5,7
40301,CORQUE,desnutricion global,desnutricion moderada (m),2006-04-01,2,4,0,1,2,5,7
50601,COTAGAITA,desnutricion global,desnutricion moderada (m),2006-04-01,26,20,41,22,67,42,109
70102,COTOCA,desnutricion global,desnutricion moderada (m),2006-04-01,1,7,2,3,3,10,13
71106,CUATRO CAÑADAS,desnutricion global,desnutricion moderada (m),2006-04-01,1,4,0,5,1,9,10
70704,CUEVO,desnutricion global,desnutricion moderada (m),2006-04-01,1,2,0,1,1,3,4
10902,CULPINA,desnutricion global,desnutricion moderada (m),2006-04-01,23,14,15,19,38,33,71
40401,CURAHUARA DE CARANGAS,desnutricion global,desnutricion moderada (m),2006-04-01,2,2,0,3,2,5,7
21602,CURVA,desnutricion global,desnutricion moderada (m),2006-04-01,0,1,2,0,2,1,3
20804,DESAGUADERO,desnutricion global,desnutricion moderada (m),2006-04-01,2,0,2,0,4,0,4
20105,EL ALTO,desnutricion global,desnutricion moderada (m),2006-04-01,286,213,180,203,466,416,882
40103,EL CHORO,desnutricion global,desnutricion moderada (m),2006-04-01,0,1,1,0,1,1,2
71503,EL PUENTE(STC),desnutricion global,desnutricion moderada (m),2006-04-01,6,8,0,1,6,9,15
60502,EL PUENTE(TJA),desnutricion global,desnutricion moderada (m),2006-04-01,1,0,1,2,2,2,4
70105,EL TORNO,desnutricion global,desnutricion moderada (m),2006-04-01,2,2,3,8,5,10,15
10405,EL VILLAR,desnutricion global,desnutricion moderada (m),2006-04-01,1,3,1,12,2,15,17
60601,ENTRE RIOS,desnutricion global,desnutricion moderada (m),2006-04-01,11,12,13,11,24,23,47
60601,ENTRE RIOS,desnutricion global,desnutricion moderada (m),2006-04-01,3,1,1,6,4,7,11
41101,EUCALIPTUS,desnutricion global,desnutricion moderada (m),2006-04-01,3,1,1,1,4,2,6
80402,EXALTACION,desnutricion global,desnutricion moderada (m),2006-04-01,3,0,1,2,4,2,6
71004,FERNANDEZ ALONSO,desnutricion global,desnutricion moderada (m),2006-04-01,1,6,0,3,1,9,10
71002,GENERAL SAAVEDRA,desnutricion global,desnutricion moderada (m),2006-04-01,12,7,2,5,14,12,26
21601,GRAL. J.J. PEREZ (CHARAZANI),desnutricion global,desnutricion moderada (m),2006-04-01,7,5,1,4,8,9,17
20602,GUANAY,desnutricion global,desnutricion moderada (m),2006-04-01,2,4,3,7,5,11,16
20802,GUAQUI,desnutricion global,desnutricion moderada (m),2006-04-01,0,2,1,0,1,2,3
80202,GUAYARAMERIN,desnutricion global,desnutricion moderada (m),2006-04-01,12,13,7,11,19,24,43
70705,GUTIERREZ,desnutricion global,desnutricion moderada (m),2006-04-01,11,11,16,22,27,33,60
10502,HUACARETA,desnutricion global,desnutricion moderada (m),2006-04-01,2,7,1,5,3,12,15
11002,HUACAYA (VILLA DE HUACAYA),desnutricion global,desnutricion moderada (m),2006-04-01,0,1,1,0,1,1,2
40501,HUACHACALLA,desnutricion global,desnutricion moderada (m),2006-04-01,0,0,1,0,1,0,1
40701,HUANUNI,desnutricion global,desnutricion moderada (m),2006-04-01,6,8,3,2,9,10,19
80803,HUARACAJE,desnutricion global,desnutricion moderada (m),2006-04-01,0,0,2,1,2,1,3
21005,ICHOCA,desnutricion global,desnutricion moderada (m),2006-04-01,7,4,2,1,9,5,14
10304,ICLA,desnutricion global,desnutricion moderada (m),2006-04-01,25,25,29,34,54,59,113
10703,INCAHUASI,desnutricion global,desnutricion moderada (m),2006-04-01,41,24,11,24,52,48,100
90402,INGAVI (HUMAITA),desnutricion global,desnutricion moderada (m),2006-04-01,1,0,1,0,2,0,2
21001,INQUISIVI,desnutricion global,desnutricion moderada (m),2006-04-01,10,14,5,7,15,21,36
21102,IRUPANA (VILLA DE LANZA),desnutricion global,desnutricion moderada (m),2006-04-01,1,1,1,1,2,2,4
21501,IXIAMAS,desnutricion global,desnutricion moderada (m),2006-04-01,2,4,0,0,2,4,6
20806,JESUS DE MACHACA,desnutricion global,desnutricion moderada (m),2006-04-01,3,2,2,3,5,5,10
21105,LA ASUNTA,desnutricion global,desnutricion moderada (m),2006-04-01,2,2,5,4,7,6,13
70104,LA GUARDIA,desnutricion global,desnutricion moderada (m),2006-04-01,10,21,4,7,14,28,42
20101,LA PAZ,desnutricion global,desnutricion moderada (m),2006-04-01,170,159,58,76,228,235,463
70701,LAGUNILLAS,desnutricion global,desnutricion moderada (m),2006-04-01,2,2,2,4,4,6,10
21202,LAJA,desnutricion global,desnutricion moderada (m),2006-04-01,4,0,2,0,6,0,6
10903,LAS CARRERAS,desnutricion global,desnutricion moderada (m),2006-04-01,0,1,1,1,1,2,3
50203,LLALLAGUA,desnutricion global,desnutricion moderada (m),2006-04-01,19,16,10,9,29,25,54
51401,LLICA,desnutricion global,desnutricion moderada (m),2006-04-01,0,1,3,0,3,1,4
80601,LORETO,desnutricion global,desnutricion moderada (m),2006-04-01,1,1,0,0,1,1,2
20901,LURIBAY,desnutricion global,desnutricion moderada (m),2006-04-01,8,6,4,3,12,9,21
40702,MACHACAMARCA,desnutricion global,desnutricion moderada (m),2006-04-01,1,0,1,2,2,2,4
11003,MACHARETI,desnutricion global,desnutricion moderada (m),2006-04-01,5,0,4,4,9,4,13
80801,MAGDALENA,desnutricion global,desnutricion moderada (m),2006-04-01,5,5,1,2,6,7,13
70903,MAIRANA,desnutricion global,desnutricion moderada (m),2006-04-01,1,0,0,0,1,0,1
20904,MALLA,desnutricion global,desnutricion moderada (m),2006-04-01,2,3,1,1,3,4,7
20607,MAPIRI,desnutricion global,desnutricion moderada (m),2006-04-01,4,10,3,6,7,16,23
71003,MINEROS,desnutricion global,desnutricion moderada (m),2006-04-01,7,9,5,3,12,12,24
31301,MIZQUE,desnutricion global,desnutricion moderada (m),2006-04-01,8,12,6,9,14,21,35
20402,MOCOMOCO,desnutricion global,desnutricion moderada (m),2006-04-01,6,2,3,7,9,9,18
51002,MOJINETE,desnutricion global,desnutricion moderada (m),2006-04-01,0,0,1,1,1,1,2
10303,MOJOCOYA,desnutricion global,desnutricion moderada (m),2006-04-01,3,5,6,2,9,7,16
10501,MONTEAGUDO,desnutricion global,desnutricion moderada (m),2006-04-01,13,5,7,12,20,17,37
71001,MONTERO,desnutricion global,desnutricion moderada (m),2006-04-01,43,43,27,21,70,64,134
70803,MORO MORO,desnutricion global,desnutricion moderada (m),2006-04-01,0,0,1,1,1,1,2
30302,MOROCHATA,desnutricion global,desnutricion moderada (m),2006-04-01,17,11,6,8,23,19,42
50404,OCURI,desnutricion global,desnutricion moderada (m),2006-04-01,19,24,24,24,43,48,91
70202,OKINAWA,desnutricion global,desnutricion moderada (m),2006-04-01,0,1,0,0,0,1,1
30203,OMEREQUE,desnutricion global,desnutricion moderada (m),2006-04-01,0,1,0,3,0,4,4
40101,ORURO,desnutricion global,desnutricion moderada (m),2006-04-01,83,70,40,44,123,114,237
60201,PADCAYA,desnutricion global,desnutricion moderada (m),2006-04-01,1,8,0,1,1,9,10
10401,PADILLA,desnutricion global,desnutricion moderada (m),2006-04-01,8,8,9,12,17,20,37
70502,PAILON,desnutricion global,desnutricion moderada (m),2006-04-01,0,11,4,1,4,12,16
20102,PALCA,desnutricion global,desnutricion moderada (m),2006-04-01,4,4,0,0,4,4,8
21104,PALOS BLANCOS,desnutricion global,desnutricion moderada (m),2006-04-01,10,4,5,8,15,12,27
40802,PAMPA AULLAGAS,desnutricion global,desnutricion moderada (m),2006-04-01,1,2,1,1,2,3,5
70902,PAMPA GRANDE,desnutricion global,desnutricion moderada (m),2006-04-01,2,1,0,0,2,1,3
21802,PAPEL PAMPA,desnutricion global,desnutricion moderada (m),2006-04-01,0,1,0,0,0,1,1
30202,PASORAPA,desnutricion global,desnutricion moderada (m),2006-04-01,0,4,1,5,1,9,10
21305,PATACAMAYA,desnutricion global,desnutricion moderada (m),2006-04-01,15,16,4,1,19,17,36
40602,PAZÑA,desnutricion global,desnutricion moderada (m),2006-04-01,2,0,5,1,7,1,8
20702,PELECHUCO,desnutricion global,desnutricion moderada (m),2006-04-01,1,4,2,3,3,7,10
50403,POCOATA,desnutricion global,desnutricion moderada (m),2006-04-01,9,14,14,15,23,29,52
31203,POCONA,desnutricion global,desnutricion moderada (m),2006-04-01,7,6,7,8,14,14,28
31202,POJO (CBBA),desnutricion global,desnutricion moderada (m),2006-04-01,8,3,8,10,16,13,29
40601,POOPO,desnutricion global,desnutricion moderada (m),2006-04-01,3,0,0,1,3,1,4
51203,PORCO,desnutricion global,desnutricion moderada (m),2006-04-01,2,0,1,0,3,0,3
10103,POROMA,desnutricion global,desnutricion moderada (m),2006-04-01,15,8,9,26,24,34,58
70601,PORTACHUELO,desnutricion global,desnutricion moderada (m),2006-04-01,7,4,7,2,14,6,20
70804,POSTRER VALLE,desnutricion global,desnutricion moderada (m),2006-04-01,0,1,0,1,0,2,2
50101,POTOSI,desnutricion global,desnutricion moderada (m),2006-04-01,80,68,32,36,112,104,216
10302,PRESTO,desnutricion global,desnutricion moderada (m),2006-04-01,19,8,14,12,33,20,53
70805,PUCARA,desnutricion global,desnutricion moderada (m),2006-04-01,1,0,0,0,1,0,1
21201,PUCARANI,desnutricion global,desnutricion moderada (m),2006-04-01,1,7,1,1,2,8,10
20401,PUERTO ACOSTA,desnutricion global,desnutricion moderada (m),2006-04-01,0,2,0,1,0,3,3
20403,PUERTO CARABUCO,desnutricion global,desnutricion moderada (m),2006-04-01,1,1,3,1,4,2,6
90301,PUERTO GONZALO MORENO,desnutricion global,desnutricion moderada (m),2006-04-01,1,4,1,2,2,6,8
21204,PUERTO PEREZ,desnutricion global,desnutricion moderada (m),2006-04-01,1,3,1,1,2,4,6
71402,PUERTO QUIJARRO,desnutricion global,desnutricion moderada (m),2006-04-01,2,2,0,1,2,3,5
90201,PUERTO RICO,desnutricion global,desnutricion moderada (m),2006-04-01,0,1,0,2,0,3,3
80703,PUERTO SILES,desnutricion global,desnutricion moderada (m),2006-04-01,1,1,1,1,2,2,4
71401,PUERTO SUAREZ,desnutricion global,desnutricion moderada (m),2006-04-01,0,2,5,0,5,2,7
31205,PUERTO VILLARROEL,desnutricion global,desnutricion moderada (m),2006-04-01,13,19,9,14,22,33,55
51101,PUNA,desnutricion global,desnutricion moderada (m),2006-04-01,35,23,23,24,58,47,105
31401,PUNATA,desnutricion global,desnutricion moderada (m),2006-04-01,10,7,3,4,13,11,24
20604,QUIABAYA,desnutricion global,desnutricion moderada (m),2006-04-01,4,0,1,2,5,2,7
30901,QUILLACOLLO,desnutricion global,desnutricion moderada (m),2006-04-01,15,16,15,21,30,37,67
21002,QUIME,desnutricion global,desnutricion moderada (m),2006-04-01,2,0,2,3,4,3,7
70904,QUIRUSILLAS,desnutricion global,desnutricion moderada (m),2006-04-01,0,1,0,0,0,1,1
50402,RAVELO,desnutricion global,desnutricion moderada (m),2006-04-01,51,31,24,38,75,69,144
80301,REYES,desnutricion global,desnutricion moderada (m),2006-04-01,6,2,8,7,14,9,23
80201,RIBERALTA,desnutricion global,desnutricion moderada (m),2006-04-01,40,56,8,20,48,76,124
70503,ROBORE,desnutricion global,desnutricion moderada (m),2006-04-01,5,3,1,6,6,9,15
80304,RURRENABAQUE,desnutricion global,desnutricion moderada (m),2006-04-01,0,2,0,0,0,2,2
40901,SABAYA,desnutricion global,desnutricion moderada (m),2006-04-01,2,0,0,0,2,0,2
31001,SACABA,desnutricion global,desnutricion moderada (m),2006-04-01,31,19,9,7,40,26,66
30404,SACABAMBA,desnutricion global,desnutricion moderada (m),2006-04-01,0,1,5,1,5,2,7
50701,SACACA,desnutricion global,desnutricion moderada (m),2006-04-01,17,30,26,17,43,47,90
71302,SAIPINA,desnutricion global,desnutricion moderada (m),2006-04-01,2,2,3,2,5,4,9
40801,SALINAS DE GARCI MENDOZA,desnutricion global,desnutricion moderada (m),2006-04-01,4,0,1,1,5,1,6
70901,SAMAIPATA,desnutricion global,desnutricion moderada (m),2006-04-01,2,1,1,0,3,1,4
51601,SAN AGUSTIN,desnutricion global,desnutricion moderada (m),2006-04-01,0,1,0,0,0,1,1
80602,SAN ANDRES,desnutricion global,desnutricion moderada (m),2006-04-01,2,6,0,1,2,7,9
20805,SAN ANDRES DE MACHACA,desnutricion global,desnutricion moderada (m),2006-04-01,1,2,0,0,1,2,3
71105,SAN ANTONIO DE LOMERIO,desnutricion global,desnutricion moderada (m),2006-04-01,8,15,10,10,18,25,43
31403,SAN BENITO,desnutricion global,desnutricion moderada (m),2006-04-01,1,2,3,2,4,4,8
80302,SAN BORJA,desnutricion global,desnutricion moderada (m),2006-04-01,16,11,2,8,18,19,37
21502,SAN BUENA VENTURA,desnutricion global,desnutricion moderada (m),2006-04-01,3,4,3,5,6,9,15
70402,SAN CARLOS,desnutricion global,desnutricion moderada (m),2006-04-01,2,6,1,0,3,6,9
80501,SAN IGNACIO,desnutricion global,desnutricion moderada (m),2006-04-01,11,9,2,8,13,17,30
70301,SAN IGNACIO DE VELASCO,desnutricion global,desnutricion moderada (m),2006-04-01,16,26,10,31,26,57,83
80102,SAN JAVIER(BNI),desnutricion global,desnutricion moderada (m),2006-04-01,0,1,0,1,0,2,2
80701,SAN JOAQUIN,desnutricion global,desnutricion moderada (m),2006-04-01,2,2,0,0,2,2,4
70501,SAN JOSE DE CHIQUITOS,desnutricion global,desnutricion moderada (m),2006-04-01,4,6,5,3,9,9,18
70404,SAN JUAN DE YAPACANI,desnutricion global,desnutricion moderada (m),2006-04-01,1,0,0,1,1,1,2
71104,SAN JULIAN,desnutricion global,desnutricion moderada (m),2006-04-01,5,8,5,8,10,16,26
90302,SAN LORENZO(PND),desnutricion global,desnutricion moderada (m),2006-04-01,1,1,2,5,3,6,9
60501,SAN LORENZO(TJA),desnutricion global,desnutricion moderada (m),2006-04-01,8,11,12,9,20,20,40
10702,SAN LUCAS,desnutricion global,desnutricion moderada (m),2006-04-01,43,62,35,55,78,117,195
71201,SAN MATIAS,desnutricion global,desnutricion moderada (m),2006-04-01,0,2,1,0,1,2,3
70302,SAN MIGUEL DE VELASCO,desnutricion global,desnutricion moderada (m),2006-04-01,2,2,1,1,3,3,6
51001,SAN PABLO DE LIPEZ,desnutricion global,desnutricion moderada (m),2006-04-01,0,1,2,1,2,2,4
71005,SAN PEDRO,desnutricion global,desnutricion moderada (m),2006-04-01,2,1,1,3,3,4,7
50501,SAN PEDRO DE BUENA VISTA,desnutricion global,desnutricion moderada (m),2006-04-01,21,26,24,25,45,51,96
21801,SAN PEDRO DE CURAHUARA,desnutricion global,desnutricion moderada (m),2006-04-01,0,0,0,1,0,1,1
50902,SAN PEDRO DE QUEMES,desnutricion global,desnutricion moderada (m),2006-04-01,0,0,1,0,1,0,1
21702,SAN PEDRO DE TIQUINA,desnutricion global,desnutricion moderada (m),2006-04-01,1,0,0,0,1,0,1
90202,SAN PEDRO(PND),desnutricion global,desnutricion moderada (m),2006-04-01,3,1,1,0,4,1,5
70303,SAN RAFAEL,desnutricion global,desnutricion moderada (m),2006-04-01,4,4,4,2,8,6,14
80401,SANTA ANA,desnutricion global,desnutricion moderada (m),2006-04-01,0,3,0,2,0,5,5
70101,SANTA CRUZ DE LA SIERRA,desnutricion global,desnutricion moderada (m),2006-04-01,105,98,47,55,152,153,305
80303,SANTA ROSA,desnutricion global,desnutricion moderada (m),2006-04-01,1,1,1,0,2,1,3
70602,SANTA ROSA DEL SARA,desnutricion global,desnutricion moderada (m),2006-04-01,5,2,2,2,7,4,11
20308,SANTIAGO DE CALLAPA,desnutricion global,desnutricion moderada (m),2006-04-01,3,1,2,3,5,4,9
41401,SANTIAGO DE HUARI,desnutricion global,desnutricion moderada (m),2006-04-01,1,1,1,3,2,4,6
21901,SANTIAGO DE MACHACA,desnutricion global,desnutricion moderada (m),2006-04-01,1,0,0,0,1,0,1
30702,SANTIVAÑES,desnutricion global,desnutricion moderada (m),2006-04-01,2,3,10,4,12,7,19
40202,SANTUARIO DE QUILLACAS,desnutricion global,desnutricion moderada (m),2006-04-01,1,0,0,2,1,2,3
20902,SAPAHAQUI,desnutricion global,desnutricion moderada (m),2006-04-01,7,7,2,4,9,11,20
90303,SENA,desnutricion global,desnutricion moderada (m),2006-04-01,1,2,1,1,2,3,5
21301,SICA SICA (VILLA AROMA),desnutricion global,desnutricion moderada (m),2006-04-01,5,5,0,4,5,9,14
30703,SICAYA,desnutricion global,desnutricion moderada (m),2006-04-01,5,3,1,1,6,4,10
30902,SIPE SIPE,desnutricion global,desnutricion moderada (m),2006-04-01,30,23,9,16,39,39,78
10403,SOPACHUY,desnutricion global,desnutricion moderada (m),2006-04-01,5,2,2,5,7,7,14
40104,SORACACHI,desnutricion global,desnutricion moderada (m),2006-04-01,4,2,0,4,4,6,10
20601,SORATA,desnutricion global,desnutricion moderada (m),2006-04-01,1,4,0,2,1,6,7
10101,SUCRE,desnutricion global,desnutricion moderada (m),2006-04-01,64,58,38,57,102,115,217
31404,TACACHI,desnutricion global,desnutricion moderada (m),2006-04-01,2,1,0,0,2,1,3
50303,TACOBAMBA,desnutricion global,desnutricion moderada (m),2006-04-01,9,7,9,8,18,15,33
30602,TACOPAYA,desnutricion global,desnutricion moderada (m),2006-04-01,20,15,11,12,31,27,58
51402,TAHUA,desnutricion global,desnutricion moderada (m),2006-04-01,0,0,1,0,1,0,1
31101,TAPACARI,desnutricion global,desnutricion moderada (m),2006-04-01,17,26,9,6,26,32,58
10601,TARABUCO,desnutricion global,desnutricion moderada (m),2006-04-01,45,31,36,56,81,87,168
20807,TARACO,desnutricion global,desnutricion moderada (m),2006-04-01,0,0,1,0,1,0,1
30401,TARATA,desnutricion global,desnutricion moderada (m),2006-04-01,2,3,0,2,2,5,7
60101,TARIJA,desnutricion global,desnutricion moderada (m),2006-04-01,27,23,15,28,42,51,93
10202,TARVITA,desnutricion global,desnutricion moderada (m),2006-04-01,8,12,5,5,13,17,30
20608,TEOPONTE,desnutricion global,desnutricion moderada (m),2006-04-01,0,0,1,3,1,3,4
50102,TINGUIPAYA,desnutricion global,desnutricion moderada (m),2006-04-01,29,18,21,14,50,32,82
20606,TIPUANI,desnutricion global,desnutricion moderada (m),2006-04-01,2,1,0,0,2,1,3
30903,TIQUIPAYA,desnutricion global,desnutricion moderada (m),2006-04-01,16,8,4,3,20,11,31
31601,TIRAQUE (CBBA),desnutricion global,desnutricion moderada (m),2006-04-01,25,25,10,7,35,32,67
21703,TITO YUPANQUI (PARQUIPUJIO),desnutricion global,desnutricion moderada (m),2006-04-01,0,1,0,0,0,1,1
30802,TOCO,desnutricion global,desnutricion moderada (m),2006-04-01,0,1,0,1,0,2,2
41001,TOLEDO,desnutricion global,desnutricion moderada (m),2006-04-01,1,0,0,0,1,0,1
51202,TOMAVE,desnutricion global,desnutricion moderada (m),2006-04-01,7,5,4,7,11,12,23
10402,TOMINA,desnutricion global,desnutricion moderada (m),2006-04-01,18,18,20,23,38,41,79
50502,TORO TORO,desnutricion global,desnutricion moderada (m),2006-04-01,30,24,9,18,39,42,81
31201,TOTORA(CBBA),desnutricion global,desnutricion moderada (m),2006-04-01,13,9,6,6,19,15,34
41301,TOTORA(ORR),desnutricion global,desnutricion moderada (m),2006-04-01,1,0,0,0,1,0,1
80101,TRINIDAD,desnutricion global,desnutricion moderada (m),2006-04-01,27,15,8,16,35,31,66
50801,TUPIZA,desnutricion global,desnutricion moderada (m),2006-04-01,13,6,5,14,18,20,38
40402,TURCO,desnutricion global,desnutricion moderada (m),2006-04-01,0,1,0,0,0,1,1
21302,UMALA,desnutricion global,desnutricion moderada (m),2006-04-01,3,1,2,1,5,2,7
50201,UNCIA,desnutricion global,desnutricion moderada (m),2006-04-01,6,8,8,7,14,15,29
60401,URIONDO (A. CONCEPCION),desnutricion global,desnutricion moderada (m),2006-04-01,3,4,3,9,6,13,19
71502,URUBICHA,desnutricion global,desnutricion moderada (m),2006-04-01,15,45,24,50,39,95,134
51201,UYUNI,desnutricion global,desnutricion moderada (m),2006-04-01,6,4,4,5,10,9,19
30502,VACAS,desnutricion global,desnutricion moderada (m),2006-04-01,8,4,6,4,14,8,22
70801,VALLEGRANDE,desnutricion global,desnutricion moderada (m),2006-04-01,2,2,3,2,5,4,9
20801,VIACHA,desnutricion global,desnutricion moderada (m),2006-04-01,5,9,3,3,8,12,20
31302,VILA VILA,desnutricion global,desnutricion moderada (m),2006-04-01,2,3,4,3,6,6,12
60303,VILLA MONTES,desnutricion global,desnutricion moderada (m),2006-04-01,6,6,8,6,14,12,26
90502,VILLA NUEVA (LOMA ALTA),desnutricion global,desnutricion moderada (m),2006-04-01,0,1,0,1,0,2,2
31402,VILLA RIVERO,desnutricion global,desnutricion moderada (m),2006-04-01,6,5,4,2,10,7,17
10801,VILLA SERRANO,desnutricion global,desnutricion moderada (m),2006-04-01,17,10,16,16,33,26,59
31003,VILLA TUNARI,desnutricion global,desnutricion moderada (m),2006-04-01,31,45,26,17,57,62,119
11001,VILLA VACA GUZMAN (MUYUPAMPA),desnutricion global,desnutricion moderada (m),2006-04-01,3,1,5,1,8,2,10
51501,VILLAZON,desnutricion global,desnutricion moderada (m),2006-04-01,8,10,8,6,16,16,32
30904,VINTO,desnutricion global,desnutricion moderada (m),2006-04-01,0,2,1,0,1,2,3
50602,VITICHI,desnutricion global,desnutricion moderada (m),2006-04-01,10,12,15,11,25,23,48
20306,WALDO BALLIVIAN,desnutricion global,desnutricion moderada (m),2006-04-01,2,3,0,2,2,5,7
70201,WARNES,desnutricion global,desnutricion moderada (m),2006-04-01,23,10,5,4,28,14,42
20903,YACO,desnutricion global,desnutricion moderada (m),2006-04-01,10,7,2,4,12,11,23
60301,YACUIBA,desnutricion global,desnutricion moderada (m),2006-04-01,5,8,5,4,10,12,22
10602,YAMPARAEZ,desnutricion global,desnutricion moderada (m),2006-04-01,11,9,12,13,23,22,45
21103,YANACACHI,desnutricion global,desnutricion moderada (m),2006-04-01,1,0,0,0,1,0,1
70403,YAPACANI,desnutricion global,desnutricion moderada (m),2006-04-01,24,25,10,8,34,33,67
50103,YOCALLA,desnutricion global,desnutricion moderada (m),2006-04-01,2,1,3,2,5,3,8
10102,YOTALA,desnutricion global,desnutricion moderada (m),2006-04-01,12,4,4,11,16,15,31
60402,YUNCHARA,desnutricion global,desnutricion moderada (m),2006-04-01,5,6,11,10,16,16,32
10301,ZUDAÑEZ,desnutricion global,desnutricion moderada (m),2006-04-01,10,5,10,13,20,18,38
51302,ACACIO,desnutricion global,desnutricion moderada (m),2006-05-01,9,7,7,4,16,11,27
20201,ACHACACHI,desnutricion global,desnutricion moderada (m),2006-05-01,2,3,0,1,2,4,6
20104,ACHOCALLA,desnutricion global,desnutricion moderada (m),2006-05-01,2,0,0,1,2,1,3
30201,AIQUILE,desnutricion global,desnutricion moderada (m),2006-05-01,4,1,1,5,5,6,11
31303,ALALAY,desnutricion global,desnutricion moderada (m),2006-05-01,4,3,1,0,5,3,8
10404,ALCALA,desnutricion global,desnutricion moderada (m),2006-05-01,5,2,3,6,8,8,16
20202,ANCORAIMES,desnutricion global,desnutricion moderada (m),2006-05-01,5,0,0,2,5,2,7
41201,ANDAMARCA,desnutricion global,desnutricion moderada (m),2006-05-01,3,0,0,2,3,2,5
40603,ANTEQUERA,desnutricion global,desnutricion moderada (m),2006-05-01,0,0,0,1,0,1,1
30402,ANZALDO,desnutricion global,desnutricion moderada (m),2006-05-01,5,1,6,10,11,11,22
20701,APOLO,desnutricion global,desnutricion moderada (m),2006-05-01,9,6,9,6,18,12,30
51301,ARAMPAMPA,desnutricion global,desnutricion moderada (m),2006-05-01,8,2,4,10,12,12,24
30501,ARANI,desnutricion global,desnutricion moderada (m),2006-05-01,4,1,8,5,12,6,18
30403,ARBIETO,desnutricion global,desnutricion moderada (m),2006-05-01,2,1,1,0,3,1,4
30601,ARQUE,desnutricion global,desnutricion moderada (m),2006-05-01,12,19,6,12,18,31,49
50802,ATOCHA,desnutricion global,desnutricion moderada (m),2006-05-01,8,4,4,4,12,8,20
20503,AUCAPATA,desnutricion global,desnutricion moderada (m),2006-05-01,3,4,2,3,5,7,12
20502,AYATA,desnutricion global,desnutricion moderada (m),2006-05-01,12,8,3,2,15,10,25
21303,AYO AYO,desnutricion global,desnutricion moderada (m),2006-05-01,7,5,1,0,8,5,13
30301,AYOPAYA (V. DE INDEPENDENCIA),desnutricion global,desnutricion moderada (m),2006-05-01,16,12,11,12,27,24,51
10201,AZURDUY,desnutricion global,desnutricion moderada (m),2006-05-01,10,20,18,24,28,44,72
21203,BATALLAS,desnutricion global,desnutricion moderada (m),2006-05-01,2,4,2,0,4,4,8
80802,BAURES,desnutricion global,desnutricion moderada (m),2006-05-01,1,0,1,0,2,0,2
41202,BELEN DE ANDAMARCA,desnutricion global,desnutricion moderada (m),2006-05-01,1,0,2,2,3,2,5
50104,BELEN DE URMIRI,desnutricion global,desnutricion moderada (m),2006-05-01,2,5,4,4,6,9,15
90104,BELLA FLOR,desnutricion global,desnutricion moderada (m),2006-05-01,2,0,1,0,3,0,3
60202,BERMEJO,desnutricion global,desnutricion moderada (m),2006-05-01,0,0,2,0,2,0,2
50301,BETANZOS,desnutricion global,desnutricion moderada (m),2006-05-01,29,34,24,49,53,83,136
31501,BOLIVAR,desnutricion global,desnutricion moderada (m),2006-05-01,31,25,14,18,45,43,88
70401,BUENA VISTA,desnutricion global,desnutricion moderada (m),2006-05-01,0,0,3,1,3,1,4
70703,CABEZAS,desnutricion global,desnutricion moderada (m),2006-05-01,3,2,1,4,4,6,10
20905,CAIROMA,desnutricion global,desnutricion moderada (m),2006-05-01,14,17,14,13,28,30,58
51102,"CAIZA ""D""",desnutricion global,desnutricion moderada (m),2006-05-01,3,4,3,9,6,13,19
21003,CAJUATA,desnutricion global,desnutricion moderada (m),2006-05-01,1,1,2,1,3,2,5
20303,CALACOTO,desnutricion global,desnutricion moderada (m),2006-05-01,1,2,1,1,2,3,5
21304,CALAMARCA,desnutricion global,desnutricion moderada (m),2006-05-01,23,14,15,15,38,29,67
10701,CAMARGO,desnutricion global,desnutricion moderada (m),2006-05-01,21,20,17,18,38,38,76
10901,CAMATAQUI (C. VILLA ABECIA),desnutricion global,desnutricion moderada (m),2006-05-01,1,2,2,1,3,3,6
70706,CAMIRI,desnutricion global,desnutricion moderada (m),2006-05-01,5,9,9,8,14,17,31
30701,CAPINOTA,desnutricion global,desnutricion moderada (m),2006-05-01,16,6,9,11,25,17,42
20302,CAQUIAVIRI,desnutricion global,desnutricion moderada (m),2006-05-01,0,0,0,4,0,4,4
40102,CARACOLLO,desnutricion global,desnutricion moderada (m),2006-05-01,2,2,0,1,2,3,5
22001,CARANAVI,desnutricion global,desnutricion moderada (m),2006-05-01,13,18,5,2,18,20,38
60302,CARAPARI,desnutricion global,desnutricion moderada (m),2006-05-01,1,1,0,1,1,2,3
50702,CARIPUYO,desnutricion global,desnutricion moderada (m),2006-05-01,3,13,18,18,21,31,52
71403,CARMEN RIVERO TORREZ,desnutricion global,desnutricion moderada (m),2006-05-01,2,7,3,1,5,8,13
21803,CHACARILLA,desnutricion global,desnutricion moderada (m),2006-05-01,1,0,4,3,5,3,8
40201,CHALLAPATA,desnutricion global,desnutricion moderada (m),2006-05-01,17,8,13,20,30,28,58
50302,CHAQUI,desnutricion global,desnutricion moderada (m),2006-05-01,6,6,2,2,8,8,16
70702,CHARAGUA,desnutricion global,desnutricion moderada (m),2006-05-01,5,5,1,4,6,9,15
20305,CHARAÑA,desnutricion global,desnutricion moderada (m),2006-05-01,2,1,1,3,3,4,7
50202,CHAYANTA,desnutricion global,desnutricion moderada (m),2006-05-01,21,23,32,23,53,46,99
31204,CHIMORE,desnutricion global,desnutricion moderada (m),2006-05-01,13,5,0,4,13,9,22
40903,CHIPAYA,desnutricion global,desnutricion moderada (m),2006-05-01,1,0,1,1,2,1,3
40302,CHOQUE COTA,desnutricion global,desnutricion moderada (m),2006-05-01,1,1,0,1,1,2,3
21101,CHULUMANI (V. DE LA LIBERTAD),desnutricion global,desnutricion moderada (m),2006-05-01,3,4,1,2,4,6,10
20501,CHUMA,desnutricion global,desnutricion moderada (m),2006-05-01,20,7,9,8,29,15,44
30801,CLIZA,desnutricion global,desnutricion moderada (m),2006-05-01,8,3,1,4,9,7,16
90101,COBIJA,desnutricion global,desnutricion moderada (m),2006-05-01,6,2,1,2,7,4,11
30101,COCHABAMBA,desnutricion global,desnutricion moderada (m),2006-05-01,117,98,61,78,178,176,354
30905,COLCAPIRHUA,desnutricion global,desnutricion moderada (m),2006-05-01,12,8,8,9,20,17,37
50901,"COLCHA ""K""",desnutricion global,desnutricion moderada (m),2006-05-01,3,1,0,2,3,3,6
31002,COLOMI,desnutricion global,desnutricion moderada (m),2006-05-01,8,8,1,4,9,12,21
70603,COLPA BELGICA,desnutricion global,desnutricion moderada (m),2006-05-01,1,1,0,1,1,2,3
50401,COLQUECHACA,desnutricion global,desnutricion moderada (m),2006-05-01,19,18,48,39,67,57,124
21306,COLQUENCHA,desnutricion global,desnutricion moderada (m),2006-05-01,5,6,2,8,7,14,21
21004,COLQUIRI,desnutricion global,desnutricion moderada (m),2006-05-01,8,9,3,7,11,16,27
20304,COMANCHE,desnutricion global,desnutricion moderada (m),2006-05-01,1,0,2,3,3,3,6
71301,COMARAPA,desnutricion global,desnutricion moderada (m),2006-05-01,9,6,0,4,9,10,19
20605,COMBAYA,desnutricion global,desnutricion moderada (m),2006-05-01,1,3,2,1,3,4,7
21701,COPACABANA,desnutricion global,desnutricion moderada (m),2006-05-01,4,3,2,4,6,7,13
21402,CORIPATA,desnutricion global,desnutricion moderada (m),2006-05-01,1,0,0,0,1,0,1
20301,CORO CORO,desnutricion global,desnutricion moderada (m),2006-05-01,8,4,9,8,17,12,29
21401,COROICO,desnutricion global,desnutricion moderada (m),2006-05-01,1,1,3,0,4,1,5
40301,CORQUE,desnutricion global,desnutricion moderada (m),2006-05-01,2,3,4,1,6,4,10
50601,COTAGAITA,desnutricion global,desnutricion moderada (m),2006-05-01,13,16,12,23,25,39,64
70102,COTOCA,desnutricion global,desnutricion moderada (m),2006-05-01,7,2,3,0,10,2,12
71106,CUATRO CAÑADAS,desnutricion global,desnutricion moderada (m),2006-05-01,0,4,1,2,1,6,7
31405,CUCHUMUELA (V. G. VILLARROEL),desnutricion global,desnutricion moderada (m),2006-05-01,1,0,0,1,1,1,2
70704,CUEVO,desnutricion global,desnutricion moderada (m),2006-05-01,1,3,0,0,1,3,4
10902,CULPINA,desnutricion global,desnutricion moderada (m),2006-05-01,31,11,16,27,47,38,85
40401,CURAHUARA DE CARANGAS,desnutricion global,desnutricion moderada (m),2006-05-01,1,0,1,0,2,0,2
21602,CURVA,desnutricion global,desnutricion moderada (m),2006-05-01,2,1,1,0,3,1,4
20804,DESAGUADERO,desnutricion global,desnutricion moderada (m),2006-05-01,3,2,1,1,4,3,7
20105,EL ALTO,desnutricion global,desnutricion moderada (m),2006-05-01,362,304,214,248,576,552,1128
40103,EL CHORO,desnutricion global,desnutricion moderada (m),2006-05-01,1,0,0,0,1,0,1
71503,EL PUENTE(STC),desnutricion global,desnutricion moderada (m),2006-05-01,1,4,3,0,4,4,8
60502,EL PUENTE(TJA),desnutricion global,desnutricion moderada (m),2006-05-01,1,1,4,5,5,6,11
70105,EL TORNO,desnutricion global,desnutricion moderada (m),2006-05-01,0,3,8,4,8,7,15
10405,EL VILLAR,desnutricion global,desnutricion moderada (m),2006-05-01,2,1,1,9,3,10,13
60601,ENTRE RIOS,desnutricion global,desnutricion moderada (m),2006-05-01,11,17,13,9,24,26,50
60601,ENTRE RIOS,desnutricion global,desnutricion moderada (m),2006-05-01,4,3,1,4,5,7,12
80402,EXALTACION,desnutricion global,desnutricion moderada (m),2006-05-01,2,0,2,2,4,2,6
71004,FERNANDEZ ALONSO,desnutricion global,desnutricion moderada (m),2006-05-01,5,10,0,3,5,13,18
90203,FILADELFIA,desnutricion global,desnutricion moderada (m),2006-05-01,0,0,0,2,0,2,2
71002,GENERAL SAAVEDRA,desnutricion global,desnutricion moderada (m),2006-05-01,1,1,1,1,2,2,4
21601,GRAL. J.J. PEREZ (CHARAZANI),desnutricion global,desnutricion moderada (m),2006-05-01,9,4,5,8,14,12,26
20602,GUANAY,desnutricion global,desnutricion moderada (m),2006-05-01,8,2,1,5,9,7,16
20802,GUAQUI,desnutricion global,desnutricion moderada (m),2006-05-01,1,1,0,1,1,2,3
80202,GUAYARAMERIN,desnutricion global,desnutricion moderada (m),2006-05-01,15,18,2,11,17,29,46
70705,GUTIERREZ,desnutricion global,desnutricion moderada (m),2006-05-01,7,7,12,10,19,17,36
10502,HUACARETA,desnutricion global,desnutricion moderada (m),2006-05-01,3,4,5,11,8,15,23
11002,HUACAYA (VILLA DE HUACAYA),desnutricion global,desnutricion moderada (m),2006-05-01,1,0,0,0,1,0,1
40501,HUACHACALLA,desnutricion global,desnutricion moderada (m),2006-05-01,0,0,0,2,0,2,2
40701,HUANUNI,desnutricion global,desnutricion moderada (m),2006-05-01,11,11,2,11,13,22,35
80803,HUARACAJE,desnutricion global,desnutricion moderada (m),2006-05-01,0,2,1,0,1,2,3
41601,HUAYLLAMARCA,desnutricion global,desnutricion moderada (m),2006-05-01,0,0,0,1,0,1,1
21005,ICHOCA,desnutricion global,desnutricion moderada (m),2006-05-01,1,3,1,0,2,3,5
10304,ICLA,desnutricion global,desnutricion moderada (m),2006-05-01,46,31,21,40,67,71,138
10703,INCAHUASI,desnutricion global,desnutricion moderada (m),2006-05-01,34,32,20,28,54,60,114
21001,INQUISIVI,desnutricion global,desnutricion moderada (m),2006-05-01,14,8,7,11,21,19,40
21102,IRUPANA (VILLA DE LANZA),desnutricion global,desnutricion moderada (m),2006-05-01,1,1,5,4,6,5,11
21501,IXIAMAS,desnutricion global,desnutricion moderada (m),2006-05-01,1,3,6,1,7,4,11
20806,JESUS DE MACHACA,desnutricion global,desnutricion moderada (m),2006-05-01,3,8,2,4,5,12,17
21105,LA ASUNTA,desnutricion global,desnutricion moderada (m),2006-05-01,4,4,4,3,8,7,15
70104,LA GUARDIA,desnutricion global,desnutricion moderada (m),2006-05-01,9,15,2,5,11,20,31
20101,LA PAZ,desnutricion global,desnutricion moderada (m),2006-05-01,247,242,85,108,332,350,682
70701,LAGUNILLAS,desnutricion global,desnutricion moderada (m),2006-05-01,0,8,2,8,2,16,18
21202,LAJA,desnutricion global,desnutricion moderada (m),2006-05-01,4,3,0,3,4,6,10
10903,LAS CARRERAS,desnutricion global,desnutricion moderada (m),2006-05-01,1,1,1,2,2,3,5
21006,LICOMA PAMPA,desnutricion global,desnutricion moderada (m),2006-05-01,1,3,0,2,1,5,6
50203,LLALLAGUA,desnutricion global,desnutricion moderada (m),2006-05-01,24,24,28,20,52,44,96
51401,LLICA,desnutricion global,desnutricion moderada (m),2006-05-01,0,0,2,3,2,3,5
80601,LORETO,desnutricion global,desnutricion moderada (m),2006-05-01,0,1,0,0,0,1,1
20901,LURIBAY,desnutricion global,desnutricion moderada (m),2006-05-01,7,5,8,7,15,12,27
11003,MACHARETI,desnutricion global,desnutricion moderada (m),2006-05-01,2,0,3,2,5,2,7
80801,MAGDALENA,desnutricion global,desnutricion moderada (m),2006-05-01,0,5,0,1,0,6,6
70903,MAIRANA,desnutricion global,desnutricion moderada (m),2006-05-01,1,0,2,0,3,0,3
20904,MALLA,desnutricion global,desnutricion moderada (m),2006-05-01,2,2,1,2,3,4,7
20607,MAPIRI,desnutricion global,desnutricion moderada (m),2006-05-01,3,1,4,4,7,5,12
20103,MECAPACA,desnutricion global,desnutricion moderada (m),2006-05-01,1,0,0,1,1,1,2
71003,MINEROS,desnutricion global,desnutricion moderada (m),2006-05-01,5,14,4,1,9,15,24
31301,MIZQUE,desnutricion global,desnutricion moderada (m),2006-05-01,12,17,7,11,19,28,47
20402,MOCOMOCO,desnutricion global,desnutricion moderada (m),2006-05-01,12,2,0,3,12,5,17
51002,MOJINETE,desnutricion global,desnutricion moderada (m),2006-05-01,0,0,0,1,0,1,1
10303,MOJOCOYA,desnutricion global,desnutricion moderada (m),2006-05-01,4,3,4,1,8,4,12
10501,MONTEAGUDO,desnutricion global,desnutricion moderada (m),2006-05-01,12,6,18,11,30,17,47
71001,MONTERO,desnutricion global,desnutricion moderada (m),2006-05-01,30,37,15,28,45,65,110
70803,MORO MORO,desnutricion global,desnutricion moderada (m),2006-05-01,1,1,0,1,1,2,3
30302,MOROCHATA,desnutricion global,desnutricion moderada (m),2006-05-01,18,15,9,7,27,22,49
90501,NUEVO MANOA (NUEVA ESPERANZA),desnutricion global,desnutricion moderada (m),2006-05-01,2,0,1,0,3,0,3
50404,OCURI,desnutricion global,desnutricion moderada (m),2006-05-01,24,20,10,28,34,48,82
70202,OKINAWA,desnutricion global,desnutricion moderada (m),2006-05-01,1,0,1,0,2,0,2
30203,OMEREQUE,desnutricion global,desnutricion moderada (m),2006-05-01,3,3,0,1,3,4,7
40101,ORURO,desnutricion global,desnutricion moderada (m),2006-05-01,108,57,29,42,137,99,236
60201,PADCAYA,desnutricion global,desnutricion moderada (m),2006-05-01,1,3,3,3,4,6,10
10401,PADILLA,desnutricion global,desnutricion moderada (m),2006-05-01,6,11,8,13,14,24,38
70502,PAILON,desnutricion global,desnutricion moderada (m),2006-05-01,0,7,9,0,9,7,16
20102,PALCA,desnutricion global,desnutricion moderada (m),2006-05-01,3,1,5,0,8,1,9
21104,PALOS BLANCOS,desnutricion global,desnutricion moderada (m),2006-05-01,12,11,3,8,15,19,34
40802,PAMPA AULLAGAS,desnutricion global,desnutricion moderada (m),2006-05-01,1,1,1,3,2,4,6
70902,PAMPA GRANDE,desnutricion global,desnutricion moderada (m),2006-05-01,4,3,1,1,5,4,9
21802,PAPEL PAMPA,desnutricion global,desnutricion moderada (m),2006-05-01,1,0,0,0,1,0,1
30202,PASORAPA,desnutricion global,desnutricion moderada (m),2006-05-01,4,3,3,5,7,8,15
21305,PATACAMAYA,desnutricion global,desnutricion moderada (m),2006-05-01,11,13,3,6,14,19,33
40602,PAZÑA,desnutricion global,desnutricion moderada (m),2006-05-01,3,1,2,1,5,2,7
20702,PELECHUCO,desnutricion global,desnutricion moderada (m),2006-05-01,5,2,3,3,8,5,13
50403,POCOATA,desnutricion global,desnutricion moderada (m),2006-05-01,12,21,9,19,21,40,61
31203,POCONA,desnutricion global,desnutricion moderada (m),2006-05-01,10,6,6,11,16,17,33
31202,POJO (CBBA),desnutricion global,desnutricion moderada (m),2006-05-01,10,7,3,7,13,14,27
40601,POOPO,desnutricion global,desnutricion moderada (m),2006-05-01,2,4,2,1,4,5,9
51203,PORCO,desnutricion global,desnutricion moderada (m),2006-05-01,2,1,4,6,6,7,13
10103,POROMA,desnutricion global,desnutricion moderada (m),2006-05-01,29,29,34,25,63,54,117
70601,PORTACHUELO,desnutricion global,desnutricion moderada (m),2006-05-01,11,3,3,0,14,3,17
90102,PORVENIR,desnutricion global,desnutricion moderada (m),2006-05-01,0,1,0,0,0,1,1
70804,POSTRER VALLE,desnutricion global,desnutricion moderada (m),2006-05-01,2,0,1,3,3,3,6
50101,POTOSI,desnutricion global,desnutricion moderada (m),2006-05-01,118,63,44,53,162,116,278
10302,PRESTO,desnutricion global,desnutricion moderada (m),2006-05-01,18,12,21,10,39,22,61
21201,PUCARANI,desnutricion global,desnutricion moderada (m),2006-05-01,5,20,2,1,7,21,28
20401,PUERTO ACOSTA,desnutricion global,desnutricion moderada (m),2006-05-01,3,7,0,0,3,7,10
20403,PUERTO CARABUCO,desnutricion global,desnutricion moderada (m),2006-05-01,4,2,2,5,6,7,13
90301,PUERTO GONZALO MORENO,desnutricion global,desnutricion moderada (m),2006-05-01,4,1,2,0,6,1,7
21204,PUERTO PEREZ,desnutricion global,desnutricion moderada (m),2006-05-01,1,0,0,1,1,1,2
71402,PUERTO QUIJARRO,desnutricion global,desnutricion moderada (m),2006-05-01,1,2,3,1,4,3,7
90201,PUERTO RICO,desnutricion global,desnutricion moderada (m),2006-05-01,0,1,1,2,1,3,4
71401,PUERTO SUAREZ,desnutricion global,desnutricion moderada (m),2006-05-01,1,3,0,1,1,4,5
31205,PUERTO VILLARROEL,desnutricion global,desnutricion moderada (m),2006-05-01,28,25,18,16,46,41,87
51101,PUNA,desnutricion global,desnutricion moderada (m),2006-05-01,50,29,39,33,89,62,151
31401,PUNATA,desnutricion global,desnutricion moderada (m),2006-05-01,6,2,5,5,11,7,18
20604,QUIABAYA,desnutricion global,desnutricion moderada (m),2006-05-01,2,0,0,0,2,0,2
30901,QUILLACOLLO,desnutricion global,desnutricion moderada (m),2006-05-01,18,9,10,11,28,20,48
21002,QUIME,desnutricion global,desnutricion moderada (m),2006-05-01,2,4,1,4,3,8,11
50402,RAVELO,desnutricion global,desnutricion moderada (m),2006-05-01,63,40,45,51,108,91,199
80301,REYES,desnutricion global,desnutricion moderada (m),2006-05-01,6,3,6,4,12,7,19
80201,RIBERALTA,desnutricion global,desnutricion moderada (m),2006-05-01,35,55,16,16,51,71,122
70503,ROBORE,desnutricion global,desnutricion moderada (m),2006-05-01,2,3,3,5,5,8,13
80304,RURRENABAQUE,desnutricion global,desnutricion moderada (m),2006-05-01,0,1,0,0,0,1,1
40901,SABAYA,desnutricion global,desnutricion moderada (m),2006-05-01,1,1,0,0,1,1,2
31001,SACABA,desnutricion global,desnutricion moderada (m),2006-05-01,19,24,9,20,28,44,72
30404,SACABAMBA,desnutricion global,desnutricion moderada (m),2006-05-01,5,1,0,2,5,3,8
50701,SACACA,desnutricion global,desnutricion moderada (m),2006-05-01,22,28,29,17,51,45,96
71302,SAIPINA,desnutricion global,desnutricion moderada (m),2006-05-01,3,4,8,5,11,9,20
40801,SALINAS DE GARCI MENDOZA,desnutricion global,desnutricion moderada (m),2006-05-01,5,4,1,3,6,7,13
70901,SAMAIPATA,desnutricion global,desnutricion moderada (m),2006-05-01,1,2,6,4,7,6,13
51601,SAN AGUSTIN,desnutricion global,desnutricion moderada (m),2006-05-01,1,1,0,1,1,2,3
80602,SAN ANDRES,desnutricion global,desnutricion moderada (m),2006-05-01,1,1,0,0,1,1,2
20805,SAN ANDRES DE MACHACA,desnutricion global,desnutricion moderada (m),2006-05-01,0,1,1,2,1,3,4
51003,SAN ANTONIO DE ESMORUCO,desnutricion global,desnutricion moderada (m),2006-05-01,0,3,0,0,0,3,3
71105,SAN ANTONIO DE LOMERIO,desnutricion global,desnutricion moderada (m),2006-05-01,7,8,5,3,12,11,23
31403,SAN BENITO,desnutricion global,desnutricion moderada (m),2006-05-01,1,6,1,3,2,9,11
80302,SAN BORJA,desnutricion global,desnutricion moderada (m),2006-05-01,14,10,7,4,21,14,35
21502,SAN BUENA VENTURA,desnutricion global,desnutricion moderada (m),2006-05-01,3,2,2,3,5,5,10
70402,SAN CARLOS,desnutricion global,desnutricion moderada (m),2006-05-01,0,1,1,2,1,3,4
80501,SAN IGNACIO,desnutricion global,desnutricion moderada (m),2006-05-01,9,23,6,7,15,30,45
70301,SAN IGNACIO DE VELASCO,desnutricion global,desnutricion moderada (m),2006-05-01,26,37,22,31,48,68,116
80701,SAN JOAQUIN,desnutricion global,desnutricion moderada (m),2006-05-01,0,0,1,0,1,0,1
70501,SAN JOSE DE CHIQUITOS,desnutricion global,desnutricion moderada (m),2006-05-01,4,6,1,6,5,12,17
70404,SAN JUAN DE YAPACANI,desnutricion global,desnutricion moderada (m),2006-05-01,2,0,0,1,2,1,3
71104,SAN JULIAN,desnutricion global,desnutricion moderada (m),2006-05-01,0,2,1,0,1,2,3
90302,SAN LORENZO(PND),desnutricion global,desnutricion moderada (m),2006-05-01,0,2,1,0,1,2,3
60501,SAN LORENZO(TJA),desnutricion global,desnutricion moderada (m),2006-05-01,4,3,12,9,16,12,28
10702,SAN LUCAS,desnutricion global,desnutricion moderada (m),2006-05-01,52,64,63,68,115,132,247
71201,SAN MATIAS,desnutricion global,desnutricion moderada (m),2006-05-01,2,1,1,0,3,1,4
70302,SAN MIGUEL DE VELASCO,desnutricion global,desnutricion moderada (m),2006-05-01,1,1,0,3,1,4,5
51001,SAN PABLO DE LIPEZ,desnutricion global,desnutricion moderada (m),2006-05-01,1,1,3,0,4,1,5
71005,SAN PEDRO,desnutricion global,desnutricion moderada (m),2006-05-01,2,0,2,2,4,2,6
50501,SAN PEDRO DE BUENA VISTA,desnutricion global,desnutricion moderada (m),2006-05-01,23,17,26,23,49,40,89
21801,SAN PEDRO DE CURAHUARA,desnutricion global,desnutricion moderada (m),2006-05-01,1,1,1,2,2,3,5
21702,SAN PEDRO DE TIQUINA,desnutricion global,desnutricion moderada (m),2006-05-01,0,1,1,0,1,1,2
90202,SAN PEDRO(PND),desnutricion global,desnutricion moderada (m),2006-05-01,0,0,0,1,0,1,1
70303,SAN RAFAEL,desnutricion global,desnutricion moderada (m),2006-05-01,0,1,0,4,0,5,5
80702,SAN RAMON,desnutricion global,desnutricion moderada (m),2006-05-01,0,0,0,1,0,1,1
80702,SAN RAMON,desnutricion global,desnutricion moderada (m),2006-05-01,1,0,0,0,1,0,1
80401,SANTA ANA,desnutricion global,desnutricion moderada (m),2006-05-01,1,3,0,1,1,4,5
70101,SANTA CRUZ DE LA SIERRA,desnutricion global,desnutricion moderada (m),2006-05-01,89,80,31,33,120,113,233
80303,SANTA ROSA,desnutricion global,desnutricion moderada (m),2006-05-01,3,5,0,0,3,5,8
70602,SANTA ROSA DEL SARA,desnutricion global,desnutricion moderada (m),2006-05-01,0,2,2,3,2,5,7
20308,SANTIAGO DE CALLAPA,desnutricion global,desnutricion moderada (m),2006-05-01,7,1,2,4,9,5,14
41401,SANTIAGO DE HUARI,desnutricion global,desnutricion moderada (m),2006-05-01,1,4,4,1,5,5,10
21901,SANTIAGO DE MACHACA,desnutricion global,desnutricion moderada (m),2006-05-01,6,3,1,1,7,4,11
30702,SANTIVAÑES,desnutricion global,desnutricion moderada (m),2006-05-01,1,2,1,1,2,3,5
40202,SANTUARIO DE QUILLACAS,desnutricion global,desnutricion moderada (m),2006-05-01,1,0,1,6,2,6,8
20902,SAPAHAQUI,desnutricion global,desnutricion moderada (m),2006-05-01,16,8,9,10,25,18,43
90303,SENA,desnutricion global,desnutricion moderada (m),2006-05-01,4,4,0,2,4,6,10
21301,SICA SICA (VILLA AROMA),desnutricion global,desnutricion moderada (m),2006-05-01,14,5,5,6,19,11,30
30703,SICAYA,desnutricion global,desnutricion moderada (m),2006-05-01,4,2,2,1,6,3,9
30902,SIPE SIPE,desnutricion global,desnutricion moderada (m),2006-05-01,28,23,11,25,39,48,87
10403,SOPACHUY,desnutricion global,desnutricion moderada (m),2006-05-01,15,19,6,22,21,41,62
40104,SORACACHI,desnutricion global,desnutricion moderada (m),2006-05-01,5,6,4,4,9,10,19
20601,SORATA,desnutricion global,desnutricion moderada (m),2006-05-01,0,0,1,1,1,1,2
10101,SUCRE,desnutricion global,desnutricion moderada (m),2006-05-01,64,64,43,60,107,124,231
31404,TACACHI,desnutricion global,desnutricion moderada (m),2006-05-01,2,1,0,1,2,2,4
20603,TACACOMA,desnutricion global,desnutricion moderada (m),2006-05-01,2,2,0,0,2,2,4
50303,TACOBAMBA,desnutricion global,desnutricion moderada (m),2006-05-01,13,19,14,5,27,24,51
30602,TACOPAYA,desnutricion global,desnutricion moderada (m),2006-05-01,6,3,0,5,6,8,14
31101,TAPACARI,desnutricion global,desnutricion moderada (m),2006-05-01,19,17,15,6,34,23,57
10601,TARABUCO,desnutricion global,desnutricion moderada (m),2006-05-01,34,32,43,47,77,79,156
20807,TARACO,desnutricion global,desnutricion moderada (m),2006-05-01,0,2,0,0,0,2,2
30401,TARATA,desnutricion global,desnutricion moderada (m),2006-05-01,0,1,0,0,0,1,1
60101,TARIJA,desnutricion global,desnutricion moderada (m),2006-05-01,33,41,21,16,54,57,111
10202,TARVITA,desnutricion global,desnutricion moderada (m),2006-05-01,26,41,27,37,53,78,131
20608,TEOPONTE,desnutricion global,desnutricion moderada (m),2006-05-01,0,2,0,0,0,2,2
20803,TIAWANACU,desnutricion global,desnutricion moderada (m),2006-05-01,1,0,0,1,1,1,2
50102,TINGUIPAYA,desnutricion global,desnutricion moderada (m),2006-05-01,29,32,24,33,53,65,118
20606,TIPUANI,desnutricion global,desnutricion moderada (m),2006-05-01,0,1,1,1,1,2,3
30903,TIQUIPAYA,desnutricion global,desnutricion moderada (m),2006-05-01,16,8,8,6,24,14,38
31601,TIRAQUE (CBBA),desnutricion global,desnutricion moderada (m),2006-05-01,30,21,14,27,44,48,92
21703,TITO YUPANQUI (PARQUIPUJIO),desnutricion global,desnutricion moderada (m),2006-05-01,0,1,0,1,0,2,2
30802,TOCO,desnutricion global,desnutricion moderada (m),2006-05-01,0,0,1,1,1,1,2
30803,TOLATA,desnutricion global,desnutricion moderada (m),2006-05-01,1,2,5,3,6,5,11
41001,TOLEDO,desnutricion global,desnutricion moderada (m),2006-05-01,4,2,0,0,4,2,6
51202,TOMAVE,desnutricion global,desnutricion moderada (m),2006-05-01,12,4,8,6,20,10,30
10402,TOMINA,desnutricion global,desnutricion moderada (m),2006-05-01,13,20,15,22,28,42,70
50502,TORO TORO,desnutricion global,desnutricion moderada (m),2006-05-01,39,31,16,23,55,54,109
31201,TOTORA(CBBA),desnutricion global,desnutricion moderada (m),2006-05-01,11,9,2,5,13,14,27
41301,TOTORA(ORR),desnutricion global,desnutricion moderada (m),2006-05-01,3,1,1,0,4,1,5
70802,TRIGAL,desnutricion global,desnutricion moderada (m),2006-05-01,0,1,0,0,0,1,1
80101,TRINIDAD,desnutricion global,desnutricion moderada (m),2006-05-01,24,13,4,8,28,21,49
50801,TUPIZA,desnutricion global,desnutricion moderada (m),2006-05-01,19,12,9,12,28,24,52
40402,TURCO,desnutricion global,desnutricion moderada (m),2006-05-01,1,1,2,0,3,1,4
21302,UMALA,desnutricion global,desnutricion moderada (m),2006-05-01,1,0,0,0,1,0,1
50201,UNCIA,desnutricion global,desnutricion moderada (m),2006-05-01,5,7,3,5,8,12,20
60401,URIONDO (A. CONCEPCION),desnutricion global,desnutricion moderada (m),2006-05-01,6,0,2,7,8,7,15
51201,UYUNI,desnutricion global,desnutricion moderada (m),2006-05-01,8,6,6,4,14,10,24
30502,VACAS,desnutricion global,desnutricion moderada (m),2006-05-01,4,1,2,5,6,6,12
70801,VALLEGRANDE,desnutricion global,desnutricion moderada (m),2006-05-01,7,2,0,4,7,6,13
20801,VIACHA,desnutricion global,desnutricion moderada (m),2006-05-01,5,7,9,6,14,13,27
31302,VILA VILA,desnutricion global,desnutricion moderada (m),2006-05-01,0,2,1,2,1,4,5
60303,VILLA MONTES,desnutricion global,desnutricion moderada (m),2006-05-01,2,5,4,6,6,11,17
90502,VILLA NUEVA (LOMA ALTA),desnutricion global,desnutricion moderada (m),2006-05-01,1,2,2,1,3,3,6
31402,VILLA RIVERO,desnutricion global,desnutricion moderada (m),2006-05-01,3,2,5,2,8,4,12
10801,VILLA SERRANO,desnutricion global,desnutricion moderada (m),2006-05-01,17,11,15,20,32,31,63
31003,VILLA TUNARI,desnutricion global,desnutricion moderada (m),2006-05-01,24,32,27,34,51,66,117
11001,VILLA VACA GUZMAN (MUYUPAMPA),desnutricion global,desnutricion moderada (m),2006-05-01,3,2,3,2,6,4,10
51501,VILLAZON,desnutricion global,desnutricion moderada (m),2006-05-01,20,15,11,10,31,25,56
30904,VINTO,desnutricion global,desnutricion moderada (m),2006-05-01,5,1,1,1,6,2,8
50602,VITICHI,desnutricion global,desnutricion moderada (m),2006-05-01,11,11,9,17,20,28,48
20306,WALDO BALLIVIAN,desnutricion global,desnutricion moderada (m),2006-05-01,0,1,0,1,0,2,2
70201,WARNES,desnutricion global,desnutricion moderada (m),2006-05-01,9,10,4,2,13,12,25
20903,YACO,desnutricion global,desnutricion moderada (m),2006-05-01,9,11,4,4,13,15,28
60301,YACUIBA,desnutricion global,desnutricion moderada (m),2006-05-01,3,4,1,1,4,5,9
10602,YAMPARAEZ,desnutricion global,desnutricion moderada (m),2006-05-01,15,10,14,22,29,32,61
21103,YANACACHI,desnutricion global,desnutricion moderada (m),2006-05-01,1,1,0,0,1,1,2
70403,YAPACANI,desnutricion global,desnutricion moderada (m),2006-05-01,17,16,3,7,20,23,43
50103,YOCALLA,desnutricion global,desnutricion moderada (m),2006-05-01,1,1,1,3,2,4,6
10102,YOTALA,desnutricion global,desnutricion moderada (m),2006-05-01,9,8,6,13,15,21,36
60402,YUNCHARA,desnutricion global,desnutricion moderada (m),2006-05-01,4,4,9,4,13,8,21
10301,ZUDAÑEZ,desnutricion global,desnutricion moderada (m),2006-05-01,14,9,6,19,20,28,48
51302,ACACIO,desnutricion global,desnutricion moderada (m),2006-06-01,9,8,3,3,12,11,23
20201,ACHACACHI,desnutricion global,desnutricion moderada (m),2006-06-01,7,3,3,3,10,6,16
20104,ACHOCALLA,desnutricion global,desnutricion moderada (m),2006-06-01,0,0,0,1,0,1,1
30201,AIQUILE,desnutricion global,desnutricion moderada (m),2006-06-01,4,3,7,9,11,12,23
31303,ALALAY,desnutricion global,desnutricion moderada (m),2006-06-01,4,3,0,2,4,5,9
10404,ALCALA,desnutricion global,desnutricion moderada (m),2006-06-01,7,5,7,5,14,10,24
20202,ANCORAIMES,desnutricion global,desnutricion moderada (m),2006-06-01,4,5,1,4,5,9,14
41201,ANDAMARCA,desnutricion global,desnutricion moderada (m),2006-06-01,3,0,1,0,4,0,4
40603,ANTEQUERA,desnutricion global,desnutricion moderada (m),2006-06-01,1,0,0,1,1,1,2
30402,ANZALDO,desnutricion global,desnutricion moderada (m),2006-06-01,3,1,7,10,10,11,21
20701,APOLO,desnutricion global,desnutricion moderada (m),2006-06-01,7,4,2,6,9,10,19
51301,ARAMPAMPA,desnutricion global,desnutricion moderada (m),2006-06-01,5,2,5,4,10,6,16
30501,ARANI,desnutricion global,desnutricion moderada (m),2006-06-01,2,1,1,4,3,5,8
30403,ARBIETO,desnutricion global,desnutricion moderada (m),2006-06-01,1,1,0,0,1,1,2
30601,ARQUE,desnutricion global,desnutricion moderada (m),2006-06-01,10,8,8,7,18,15,33
71501,ASCENCION DE GUARAYOS,desnutricion global,desnutricion moderada (m),2006-06-01,20,20,23,30,43,50,93
50802,ATOCHA,desnutricion global,desnutricion moderada (m),2006-06-01,5,6,4,2,9,8,17
20503,AUCAPATA,desnutricion global,desnutricion moderada (m),2006-06-01,3,5,4,2,7,7,14
20502,AYATA,desnutricion global,desnutricion moderada (m),2006-06-01,3,2,3,3,6,5,11
21303,AYO AYO,desnutricion global,desnutricion moderada (m),2006-06-01,9,4,3,2,12,6,18
30301,AYOPAYA (V. DE INDEPENDENCIA),desnutricion global,desnutricion moderada (m),2006-06-01,10,14,13,18,23,32,55
10201,AZURDUY,desnutricion global,desnutricion moderada (m),2006-06-01,19,25,25,27,44,52,96
21203,BATALLAS,desnutricion global,desnutricion moderada (m),2006-06-01,4,1,2,3,6,4,10
80802,BAURES,desnutricion global,desnutricion moderada (m),2006-06-01,1,0,2,1,3,1,4
41202,BELEN DE ANDAMARCA,desnutricion global,desnutricion moderada (m),2006-06-01,2,0,1,0,3,0,3
50104,BELEN DE URMIRI,desnutricion global,desnutricion moderada (m),2006-06-01,0,2,0,1,0,3,3
60202,BERMEJO,desnutricion global,desnutricion moderada (m),2006-06-01,0,0,1,0,1,0,1
50301,BETANZOS,desnutricion global,desnutricion moderada (m),2006-06-01,24,25,19,23,43,48,91
31501,BOLIVAR,desnutricion global,desnutricion moderada (m),2006-06-01,16,11,5,4,21,15,36
70707,BOYUIBE,desnutricion global,desnutricion moderada (m),2006-06-01,0,2,1,2,1,4,5
70401,BUENA VISTA,desnutricion global,desnutricion moderada (m),2006-06-01,2,2,1,0,3,2,5
70703,CABEZAS,desnutricion global,desnutricion moderada (m),2006-06-01,7,2,4,4,11,6,17
20905,CAIROMA,desnutricion global,desnutricion moderada (m),2006-06-01,20,13,11,11,31,24,55
51102,"CAIZA ""D""",desnutricion global,desnutricion moderada (m),2006-06-01,1,3,2,4,3,7,10
21003,CAJUATA,desnutricion global,desnutricion moderada (m),2006-06-01,2,0,1,0,3,0,3
20303,CALACOTO,desnutricion global,desnutricion moderada (m),2006-06-01,1,0,0,0,1,0,1
21304,CALAMARCA,desnutricion global,desnutricion moderada (m),2006-06-01,23,17,3,10,26,27,53
10701,CAMARGO,desnutricion global,desnutricion moderada (m),2006-06-01,14,14,11,15,25,29,54
10901,CAMATAQUI (C. VILLA ABECIA),desnutricion global,desnutricion moderada (m),2006-06-01,2,2,4,0,6,2,8
70706,CAMIRI,desnutricion global,desnutricion moderada (m),2006-06-01,2,5,5,4,7,9,16
30701,CAPINOTA,desnutricion global,desnutricion moderada (m),2006-06-01,17,14,11,11,28,25,53
20302,CAQUIAVIRI,desnutricion global,desnutricion moderada (m),2006-06-01,1,1,0,0,1,1,2
40102,CARACOLLO,desnutricion global,desnutricion moderada (m),2006-06-01,0,0,1,0,1,0,1
22001,CARANAVI,desnutricion global,desnutricion moderada (m),2006-06-01,7,15,8,11,15,26,41
60302,CARAPARI,desnutricion global,desnutricion moderada (m),2006-06-01,3,1,1,1,4,2,6
50702,CARIPUYO,desnutricion global,desnutricion moderada (m),2006-06-01,6,4,6,5,12,9,21
71403,CARMEN RIVERO TORREZ,desnutricion global,desnutricion moderada (m),2006-06-01,1,1,0,0,1,1,2
21803,CHACARILLA,desnutricion global,desnutricion moderada (m),2006-06-01,2,4,1,0,3,4,7
40201,CHALLAPATA,desnutricion global,desnutricion moderada (m),2006-06-01,11,7,10,9,21,16,37
50302,CHAQUI,desnutricion global,desnutricion moderada (m),2006-06-01,11,6,4,7,15,13,28
70702,CHARAGUA,desnutricion global,desnutricion moderada (m),2006-06-01,7,6,1,2,8,8,16
20305,CHARAÑA,desnutricion global,desnutricion moderada (m),2006-06-01,0,1,1,0,1,1,2
50202,CHAYANTA,desnutricion global,desnutricion moderada (m),2006-06-01,30,34,35,43,65,77,142
31204,CHIMORE,desnutricion global,desnutricion moderada (m),2006-06-01,5,8,2,4,7,12,19
40903,CHIPAYA,desnutricion global,desnutricion moderada (m),2006-06-01,2,0,0,0,2,0,2
21101,CHULUMANI (V. DE LA LIBERTAD),desnutricion global,desnutricion moderada (m),2006-06-01,0,3,0,0,0,3,3
20501,CHUMA,desnutricion global,desnutricion moderada (m),2006-06-01,9,10,0,6,9,16,25
30801,CLIZA,desnutricion global,desnutricion moderada (m),2006-06-01,4,2,2,1,6,3,9
90101,COBIJA,desnutricion global,desnutricion moderada (m),2006-06-01,7,5,8,10,15,15,30
30101,COCHABAMBA,desnutricion global,desnutricion moderada (m),2006-06-01,76,51,31,42,107,93,200
30905,COLCAPIRHUA,desnutricion global,desnutricion moderada (m),2006-06-01,0,0,3,1,3,1,4
50901,"COLCHA ""K""",desnutricion global,desnutricion moderada (m),2006-06-01,2,3,1,3,3,6,9
21307,COLLANA,desnutricion global,desnutricion moderada (m),2006-06-01,2,1,0,1,2,2,4
31002,COLOMI,desnutricion global,desnutricion moderada (m),2006-06-01,11,6,1,5,12,11,23
70603,COLPA BELGICA,desnutricion global,desnutricion moderada (m),2006-06-01,2,0,1,0,3,0,3
50401,COLQUECHACA,desnutricion global,desnutricion moderada (m),2006-06-01,41,39,44,49,85,88,173
21306,COLQUENCHA,desnutricion global,desnutricion moderada (m),2006-06-01,3,3,3,2,6,5,11
21004,COLQUIRI,desnutricion global,desnutricion moderada (m),2006-06-01,3,5,4,5,7,10,17
20304,COMANCHE,desnutricion global,desnutricion moderada (m),2006-06-01,1,1,0,2,1,3,4
71301,COMARAPA,desnutricion global,desnutricion moderada (m),2006-06-01,3,3,3,0,6,3,9
20605,COMBAYA,desnutricion global,desnutricion moderada (m),2006-06-01,1,2,0,0,1,2,3
71101,CONCEPCION,desnutricion global,desnutricion moderada (m),2006-06-01,1,0,0,0,1,0,1
21701,COPACABANA,desnutricion global,desnutricion moderada (m),2006-06-01,4,3,1,2,5,5,10
21402,CORIPATA,desnutricion global,desnutricion moderada (m),2006-06-01,1,0,0,0,1,0,1
20301,CORO CORO,desnutricion global,desnutricion moderada (m),2006-06-01,3,0,1,2,4,2,6
21401,COROICO,desnutricion global,desnutricion moderada (m),2006-06-01,8,1,3,1,11,2,13
40301,CORQUE,desnutricion global,desnutricion moderada (m),2006-06-01,1,1,0,1,1,2,3
50601,COTAGAITA,desnutricion global,desnutricion moderada (m),2006-06-01,16,16,14,15,30,31,61
70102,COTOCA,desnutricion global,desnutricion moderada (m),2006-06-01,1,6,0,1,1,7,8
71106,CUATRO CAÑADAS,desnutricion global,desnutricion moderada (m),2006-06-01,4,3,2,2,6,5,11
31405,CUCHUMUELA (V. G. VILLARROEL),desnutricion global,desnutricion moderada (m),2006-06-01,1,0,1,0,2,0,2
70704,CUEVO,desnutricion global,desnutricion moderada (m),2006-06-01,4,3,3,1,7,4,11
10902,CULPINA,desnutricion global,desnutricion moderada (m),2006-06-01,24,15,18,25,42,40,82
40401,CURAHUARA DE CARANGAS,desnutricion global,desnutricion moderada (m),2006-06-01,1,3,2,0,3,3,6
21602,CURVA,desnutricion global,desnutricion moderada (m),2006-06-01,1,2,1,1,2,3,5
20804,DESAGUADERO,desnutricion global,desnutricion moderada (m),2006-06-01,0,0,0,1,0,1,1
20105,EL ALTO,desnutricion global,desnutricion moderada (m),2006-06-01,237,213,112,105,349,318,667
40103,EL CHORO,desnutricion global,desnutricion moderada (m),2006-06-01,0,1,1,2,1,3,4
71503,EL PUENTE(STC),desnutricion global,desnutricion moderada (m),2006-06-01,3,3,1,4,4,7,11
60502,EL PUENTE(TJA),desnutricion global,desnutricion moderada (m),2006-06-01,3,2,6,6,9,8,17
70105,EL TORNO,desnutricion global,desnutricion moderada (m),2006-06-01,0,3,8,7,8,10,18
10405,EL VILLAR,desnutricion global,desnutricion moderada (m),2006-06-01,2,3,2,10,4,13,17
60601,ENTRE RIOS,desnutricion global,desnutricion moderada (m),2006-06-01,6,2,8,13,14,15,29
60601,ENTRE RIOS,desnutricion global,desnutricion moderada (m),2006-06-01,4,9,7,9,11,18,29
41101,EUCALIPTUS,desnutricion global,desnutricion moderada (m),2006-06-01,1,0,0,0,1,0,1
80402,EXALTACION,desnutricion global,desnutricion moderada (m),2006-06-01,3,1,0,1,3,2,5
71004,FERNANDEZ ALONSO,desnutricion global,desnutricion moderada (m),2006-06-01,0,4,1,1,1,5,6
90203,FILADELFIA,desnutricion global,desnutricion moderada (m),2006-06-01,4,6,0,0,4,6,10
71002,GENERAL SAAVEDRA,desnutricion global,desnutricion moderada (m),2006-06-01,9,4,4,0,13,4,17
21601,GRAL. J.J. PEREZ (CHARAZANI),desnutricion global,desnutricion moderada (m),2006-06-01,9,4,4,8,13,12,25
20602,GUANAY,desnutricion global,desnutricion moderada (m),2006-06-01,1,3,2,4,3,7,10
20802,GUAQUI,desnutricion global,desnutricion moderada (m),2006-06-01,4,0,0,0,4,0,4
80202,GUAYARAMERIN,desnutricion global,desnutricion moderada (m),2006-06-01,13,7,4,6,17,13,30
70705,GUTIERREZ,desnutricion global,desnutricion moderada (m),2006-06-01,13,6,7,20,20,26,46
10502,HUACARETA,desnutricion global,desnutricion moderada (m),2006-06-01,5,2,2,1,7,3,10
11002,HUACAYA (VILLA DE HUACAYA),desnutricion global,desnutricion moderada (m),2006-06-01,0,0,0,1,0,1,1
40701,HUANUNI,desnutricion global,desnutricion moderada (m),2006-06-01,7,2,1,2,8,4,12
80803,HUARACAJE,desnutricion global,desnutricion moderada (m),2006-06-01,0,2,0,1,0,3,3
41601,HUAYLLAMARCA,desnutricion global,desnutricion moderada (m),2006-06-01,0,2,1,0,1,2,3
21005,ICHOCA,desnutricion global,desnutricion moderada (m),2006-06-01,0,0,0,1,0,1,1
10304,ICLA,desnutricion global,desnutricion moderada (m),2006-06-01,26,30,16,16,42,46,88
10703,INCAHUASI,desnutricion global,desnutricion moderada (m),2006-06-01,35,37,15,19,50,56,106
21001,INQUISIVI,desnutricion global,desnutricion moderada (m),2006-06-01,4,9,2,6,6,15,21
21102,IRUPANA (VILLA DE LANZA),desnutricion global,desnutricion moderada (m),2006-06-01,2,5,2,2,4,7,11
21501,IXIAMAS,desnutricion global,desnutricion moderada (m),2006-06-01,1,2,1,4,2,6,8
20806,JESUS DE MACHACA,desnutricion global,desnutricion moderada (m),2006-06-01,4,1,2,2,6,3,9
21105,LA ASUNTA,desnutricion global,desnutricion moderada (m),2006-06-01,6,5,6,7,12,12,24
70104,LA GUARDIA,desnutricion global,desnutricion moderada (m),2006-06-01,7,8,4,2,11,10,21
20101,LA PAZ,desnutricion global,desnutricion moderada (m),2006-06-01,197,173,38,61,235,234,469
70701,LAGUNILLAS,desnutricion global,desnutricion moderada (m),2006-06-01,4,0,2,4,6,4,10
21202,LAJA,desnutricion global,desnutricion moderada (m),2006-06-01,5,1,1,1,6,2,8
10903,LAS CARRERAS,desnutricion global,desnutricion moderada (m),2006-06-01,0,0,1,5,1,5,6
21006,LICOMA PAMPA,desnutricion global,desnutricion moderada (m),2006-06-01,1,0,0,2,1,2,3
50203,LLALLAGUA,desnutricion global,desnutricion moderada (m),2006-06-01,43,38,28,42,71,80,151
51401,LLICA,desnutricion global,desnutricion moderada (m),2006-06-01,1,3,0,0,1,3,4
80601,LORETO,desnutricion global,desnutricion moderada (m),2006-06-01,0,1,0,0,0,1,1
20901,LURIBAY,desnutricion global,desnutricion moderada (m),2006-06-01,2,9,4,2,6,11,17
40702,MACHACAMARCA,desnutricion global,desnutricion moderada (m),2006-06-01,0,1,0,0,0,1,1
11003,MACHARETI,desnutricion global,desnutricion moderada (m),2006-06-01,4,0,2,3,6,3,9
80801,MAGDALENA,desnutricion global,desnutricion moderada (m),2006-06-01,2,1,2,3,4,4,8
70903,MAIRANA,desnutricion global,desnutricion moderada (m),2006-06-01,1,1,1,2,2,3,5
20904,MALLA,desnutricion global,desnutricion moderada (m),2006-06-01,4,2,4,3,8,5,13
20607,MAPIRI,desnutricion global,desnutricion moderada (m),2006-06-01,1,3,1,3,2,6,8
20103,MECAPACA,desnutricion global,desnutricion moderada (m),2006-06-01,1,1,1,1,2,2,4
71003,MINEROS,desnutricion global,desnutricion moderada (m),2006-06-01,7,3,2,7,9,10,19
31301,MIZQUE,desnutricion global,desnutricion moderada (m),2006-06-01,6,4,2,2,8,6,14
20402,MOCOMOCO,desnutricion global,desnutricion moderada (m),2006-06-01,8,6,7,11,15,17,32
10303,MOJOCOYA,desnutricion global,desnutricion moderada (m),2006-06-01,4,2,3,6,7,8,15
10501,MONTEAGUDO,desnutricion global,desnutricion moderada (m),2006-06-01,12,3,8,10,20,13,33
71001,MONTERO,desnutricion global,desnutricion moderada (m),2006-06-01,24,27,13,13,37,40,77
30302,MOROCHATA,desnutricion global,desnutricion moderada (m),2006-06-01,7,10,10,7,17,17,34
50404,OCURI,desnutricion global,desnutricion moderada (m),2006-06-01,26,28,26,20,52,48,100
70202,OKINAWA,desnutricion global,desnutricion moderada (m),2006-06-01,1,2,2,0,3,2,5
30203,OMEREQUE,desnutricion global,desnutricion moderada (m),2006-06-01,2,1,2,1,4,2,6
40101,ORURO,desnutricion global,desnutricion moderada (m),2006-06-01,56,44,24,22,80,66,146
60201,PADCAYA,desnutricion global,desnutricion moderada (m),2006-06-01,0,4,2,1,2,5,7
10401,PADILLA,desnutricion global,desnutricion moderada (m),2006-06-01,6,6,7,10,13,16,29
70502,PAILON,desnutricion global,desnutricion moderada (m),2006-06-01,1,7,1,1,2,8,10
20102,PALCA,desnutricion global,desnutricion moderada (m),2006-06-01,0,2,5,0,5,2,7
21104,PALOS BLANCOS,desnutricion global,desnutricion moderada (m),2006-06-01,4,2,4,5,8,7,15
40802,PAMPA AULLAGAS,desnutricion global,desnutricion moderada (m),2006-06-01,0,0,2,2,2,2,4
70902,PAMPA GRANDE,desnutricion global,desnutricion moderada (m),2006-06-01,0,1,2,1,2,2,4
30202,PASORAPA,desnutricion global,desnutricion moderada (m),2006-06-01,2,4,3,2,5,6,11
21305,PATACAMAYA,desnutricion global,desnutricion moderada (m),2006-06-01,10,5,6,6,16,11,27
40602,PAZÑA,desnutricion global,desnutricion moderada (m),2006-06-01,1,1,1,1,2,2,4
20702,PELECHUCO,desnutricion global,desnutricion moderada (m),2006-06-01,2,1,1,1,3,2,5
50403,POCOATA,desnutricion global,desnutricion moderada (m),2006-06-01,23,26,7,16,30,42,72
31203,POCONA,desnutricion global,desnutricion moderada (m),2006-06-01,12,6,4,4,16,10,26
31202,POJO (CBBA),desnutricion global,desnutricion moderada (m),2006-06-01,2,3,0,0,2,3,5
40601,POOPO,desnutricion global,desnutricion moderada (m),2006-06-01,1,0,6,6,7,6,13
51203,PORCO,desnutricion global,desnutricion moderada (m),2006-06-01,2,6,3,7,5,13,18
10103,POROMA,desnutricion global,desnutricion moderada (m),2006-06-01,14,21,13,13,27,34,61
70601,PORTACHUELO,desnutricion global,desnutricion moderada (m),2006-06-01,3,2,3,2,6,4,10
90102,PORVENIR,desnutricion global,desnutricion moderada (m),2006-06-01,3,1,0,2,3,3,6
70804,POSTRER VALLE,desnutricion global,desnutricion moderada (m),2006-06-01,1,1,2,5,3,6,9
50101,POTOSI,desnutricion global,desnutricion moderada (m),2006-06-01,83,59,19,24,102,83,185
10302,PRESTO,desnutricion global,desnutricion moderada (m),2006-06-01,15,13,11,12,26,25,51
70805,PUCARA,desnutricion global,desnutricion moderada (m),2006-06-01,0,0,0,1,0,1,1
21201,PUCARANI,desnutricion global,desnutricion moderada (m),2006-06-01,0,7,1,1,1,8,9
20401,PUERTO ACOSTA,desnutricion global,desnutricion moderada (m),2006-06-01,2,3,0,1,2,4,6
20403,PUERTO CARABUCO,desnutricion global,desnutricion moderada (m),2006-06-01,2,1,1,2,3,3,6
90301,PUERTO GONZALO MORENO,desnutricion global,desnutricion moderada (m),2006-06-01,4,3,3,4,7,7,14
71402,PUERTO QUIJARRO,desnutricion global,desnutricion moderada (m),2006-06-01,0,2,0,0,0,2,2
90201,PUERTO RICO,desnutricion global,desnutricion moderada (m),2006-06-01,7,6,3,4,10,10,20
71401,PUERTO SUAREZ,desnutricion global,desnutricion moderada (m),2006-06-01,1,2,0,0,1,2,3
31205,PUERTO VILLARROEL,desnutricion global,desnutricion moderada (m),2006-06-01,18,18,19,7,37,25,62
51101,PUNA,desnutricion global,desnutricion moderada (m),2006-06-01,28,33,24,34,52,67,119
31401,PUNATA,desnutricion global,desnutricion moderada (m),2006-06-01,10,5,4,2,14,7,21
20604,QUIABAYA,desnutricion global,desnutricion moderada (m),2006-06-01,1,1,0,0,1,1,2
30901,QUILLACOLLO,desnutricion global,desnutricion moderada (m),2006-06-01,16,9,7,11,23,20,43
21002,QUIME,desnutricion global,desnutricion moderada (m),2006-06-01,4,3,2,3,6,6,12
70904,QUIRUSILLAS,desnutricion global,desnutricion moderada (m),2006-06-01,0,0,0,2,0,2,2
50402,RAVELO,desnutricion global,desnutricion moderada (m),2006-06-01,52,47,25,46,77,93,170
80301,REYES,desnutricion global,desnutricion moderada (m),2006-06-01,1,2,6,5,7,7,14
80201,RIBERALTA,desnutricion global,desnutricion moderada (m),2006-06-01,60,58,13,40,73,98,171
70503,ROBORE,desnutricion global,desnutricion moderada (m),2006-06-01,0,2,1,3,1,5,6
80304,RURRENABAQUE,desnutricion global,desnutricion moderada (m),2006-06-01,2,2,0,0,2,2,4
40901,SABAYA,desnutricion global,desnutricion moderada (m),2006-06-01,1,1,1,0,2,1,3
31001,SACABA,desnutricion global,desnutricion moderada (m),2006-06-01,20,23,6,5,26,28,54
30404,SACABAMBA,desnutricion global,desnutricion moderada (m),2006-06-01,3,1,1,0,4,1,5
50701,SACACA,desnutricion global,desnutricion moderada (m),2006-06-01,26,22,22,22,48,44,92
71302,SAIPINA,desnutricion global,desnutricion moderada (m),2006-06-01,0,2,2,1,2,3,5
40801,SALINAS DE GARCI MENDOZA,desnutricion global,desnutricion moderada (m),2006-06-01,3,2,0,0,3,2,5
70901,SAMAIPATA,desnutricion global,desnutricion moderada (m),2006-06-01,2,0,2,2,4,2,6
51601,SAN AGUSTIN,desnutricion global,desnutricion moderada (m),2006-06-01,1,3,0,0,1,3,4
80602,SAN ANDRES,desnutricion global,desnutricion moderada (m),2006-06-01,2,2,1,0,3,2,5
20805,SAN ANDRES DE MACHACA,desnutricion global,desnutricion moderada (m),2006-06-01,0,2,1,1,1,3,4
51003,SAN ANTONIO DE ESMORUCO,desnutricion global,desnutricion moderada (m),2006-06-01,0,1,0,0,0,1,1
71105,SAN ANTONIO DE LOMERIO,desnutricion global,desnutricion moderada (m),2006-06-01,9,8,1,3,10,11,21
31403,SAN BENITO,desnutricion global,desnutricion moderada (m),2006-06-01,2,2,2,3,4,5,9
80302,SAN BORJA,desnutricion global,desnutricion moderada (m),2006-06-01,14,11,8,10,22,21,43
21502,SAN BUENA VENTURA,desnutricion global,desnutricion moderada (m),2006-06-01,1,0,1,2,2,2,4
70402,SAN CARLOS,desnutricion global,desnutricion moderada (m),2006-06-01,1,5,0,3,1,8,9
80501,SAN IGNACIO,desnutricion global,desnutricion moderada (m),2006-06-01,17,14,9,14,26,28,54
70301,SAN IGNACIO DE VELASCO,desnutricion global,desnutricion moderada (m),2006-06-01,26,39,17,22,43,61,104
80102,SAN JAVIER(BNI),desnutricion global,desnutricion moderada (m),2006-06-01,1,0,0,1,1,1,2
71102,SAN JAVIER(STC),desnutricion global,desnutricion moderada (m),2006-06-01,1,0,0,0,1,0,1
80701,SAN JOAQUIN,desnutricion global,desnutricion moderada (m),2006-06-01,1,1,0,1,1,2,3
70501,SAN JOSE DE CHIQUITOS,desnutricion global,desnutricion moderada (m),2006-06-01,0,2,3,4,3,6,9
70404,SAN JUAN DE YAPACANI,desnutricion global,desnutricion moderada (m),2006-06-01,1,1,0,1,1,2,3
71104,SAN JULIAN,desnutricion global,desnutricion moderada (m),2006-06-01,4,10,2,6,6,16,22
90302,SAN LORENZO(PND),desnutricion global,desnutricion moderada (m),2006-06-01,3,2,2,2,5,4,9
60501,SAN LORENZO(TJA),desnutricion global,desnutricion moderada (m),2006-06-01,20,21,16,18,36,39,75
10702,SAN LUCAS,desnutricion global,desnutricion moderada (m),2006-06-01,66,66,51,67,117,133,250
71201,SAN MATIAS,desnutricion global,desnutricion moderada (m),2006-06-01,3,2,0,3,3,5,8
70302,SAN MIGUEL DE VELASCO,desnutricion global,desnutricion moderada (m),2006-06-01,5,1,1,4,6,5,11
51001,SAN PABLO DE LIPEZ,desnutricion global,desnutricion moderada (m),2006-06-01,2,2,0,0,2,2,4
71005,SAN PEDRO,desnutricion global,desnutricion moderada (m),2006-06-01,2,4,1,2,3,6,9
50501,SAN PEDRO DE BUENA VISTA,desnutricion global,desnutricion moderada (m),2006-06-01,26,26,19,33,45,59,104
21702,SAN PEDRO DE TIQUINA,desnutricion global,desnutricion moderada (m),2006-06-01,1,0,0,0,1,0,1
90202,SAN PEDRO(PND),desnutricion global,desnutricion moderada (m),2006-06-01,0,0,0,2,0,2,2
70303,SAN RAFAEL,desnutricion global,desnutricion moderada (m),2006-06-01,2,1,1,1,3,2,5
80702,SAN RAMON,desnutricion global,desnutricion moderada (m),2006-06-01,0,1,1,0,1,1,2
80702,SAN RAMON,desnutricion global,desnutricion moderada (m),2006-06-01,0,1,0,2,0,3,3
80401,SANTA ANA,desnutricion global,desnutricion moderada (m),2006-06-01,1,5,0,1,1,6,7
70101,SANTA CRUZ DE LA SIERRA,desnutricion global,desnutricion moderada (m),2006-06-01,52,66,19,25,71,91,162
80303,SANTA ROSA,desnutricion global,desnutricion moderada (m),2006-06-01,5,3,0,0,5,3,8
70602,SANTA ROSA DEL SARA,desnutricion global,desnutricion moderada (m),2006-06-01,3,6,3,4,6,10,16
20308,SANTIAGO DE CALLAPA,desnutricion global,desnutricion moderada (m),2006-06-01,1,0,2,1,3,1,4
41401,SANTIAGO DE HUARI,desnutricion global,desnutricion moderada (m),2006-06-01,3,1,1,2,4,3,7
21901,SANTIAGO DE MACHACA,desnutricion global,desnutricion moderada (m),2006-06-01,2,2,1,1,3,3,6
30702,SANTIVAÑES,desnutricion global,desnutricion moderada (m),2006-06-01,0,2,3,2,3,4,7
40202,SANTUARIO DE QUILLACAS,desnutricion global,desnutricion moderada (m),2006-06-01,0,2,0,0,0,2,2
20902,SAPAHAQUI,desnutricion global,desnutricion moderada (m),2006-06-01,7,3,2,4,9,7,16
90303,SENA,desnutricion global,desnutricion moderada (m),2006-06-01,0,6,0,0,0,6,6
21301,SICA SICA (VILLA AROMA),desnutricion global,desnutricion moderada (m),2006-06-01,10,8,1,10,11,18,29
30703,SICAYA,desnutricion global,desnutricion moderada (m),2006-06-01,0,0,1,0,1,0,1
30902,SIPE SIPE,desnutricion global,desnutricion moderada (m),2006-06-01,12,29,9,6,21,35,56
10403,SOPACHUY,desnutricion global,desnutricion moderada (m),2006-06-01,9,6,8,18,17,24,41
40104,SORACACHI,desnutricion global,desnutricion moderada (m),2006-06-01,5,4,0,1,5,5,10
20601,SORATA,desnutricion global,desnutricion moderada (m),2006-06-01,0,0,1,1,1,1,2
10101,SUCRE,desnutricion global,desnutricion moderada (m),2006-06-01,54,47,38,62,92,109,201
31404,TACACHI,desnutricion global,desnutricion moderada (m),2006-06-01,1,0,0,0,1,0,1
50303,TACOBAMBA,desnutricion global,desnutricion moderada (m),2006-06-01,0,2,4,5,4,7,11
30602,TACOPAYA,desnutricion global,desnutricion moderada (m),2006-06-01,12,15,2,12,14,27,41
31101,TAPACARI,desnutricion global,desnutricion moderada (m),2006-06-01,29,23,12,15,41,38,79
10601,TARABUCO,desnutricion global,desnutricion moderada (m),2006-06-01,35,37,38,69,73,106,179
30401,TARATA,desnutricion global,desnutricion moderada (m),2006-06-01,1,2,0,1,1,3,4
60101,TARIJA,desnutricion global,desnutricion moderada (m),2006-06-01,20,31,28,12,48,43,91
10202,TARVITA,desnutricion global,desnutricion moderada (m),2006-06-01,5,12,5,6,10,18,28
20608,TEOPONTE,desnutricion global,desnutricion moderada (m),2006-06-01,0,1,1,2,1,3,4
20803,TIAWANACU,desnutricion global,desnutricion moderada (m),2006-06-01,2,0,0,1,2,1,3
50102,TINGUIPAYA,desnutricion global,desnutricion moderada (m),2006-06-01,24,7,10,13,34,20,54
20606,TIPUANI,desnutricion global,desnutricion moderada (m),2006-06-01,0,0,1,0,1,0,1
30903,TIQUIPAYA,desnutricion global,desnutricion moderada (m),2006-06-01,4,3,2,2,6,5,11
31601,TIRAQUE (CBBA),desnutricion global,desnutricion moderada (m),2006-06-01,19,18,15,8,34,26,60
21703,TITO YUPANQUI (PARQUIPUJIO),desnutricion global,desnutricion moderada (m),2006-06-01,1,1,0,1,1,2,3
30802,TOCO,desnutricion global,desnutricion moderada (m),2006-06-01,0,1,0,0,0,1,1
30803,TOLATA,desnutricion global,desnutricion moderada (m),2006-06-01,0,1,0,1,0,2,2
41001,TOLEDO,desnutricion global,desnutricion moderada (m),2006-06-01,1,0,0,0,1,0,1
51202,TOMAVE,desnutricion global,desnutricion moderada (m),2006-06-01,6,5,3,1,9,6,15
10402,TOMINA,desnutricion global,desnutricion moderada (m),2006-06-01,20,23,9,14,29,37,66
50502,TORO TORO,desnutricion global,desnutricion moderada (m),2006-06-01,27,21,19,26,46,47,93
31201,TOTORA(CBBA),desnutricion global,desnutricion moderada (m),2006-06-01,6,4,3,3,9,7,16
41301,TOTORA(ORR),desnutricion global,desnutricion moderada (m),2006-06-01,1,1,0,0,1,1,2
70802,TRIGAL,desnutricion global,desnutricion moderada (m),2006-06-01,0,1,0,0,0,1,1
80101,TRINIDAD,desnutricion global,desnutricion moderada (m),2006-06-01,27,20,8,5,35,25,60
50801,TUPIZA,desnutricion global,desnutricion moderada (m),2006-06-01,13,10,8,12,21,22,43
40402,TURCO,desnutricion global,desnutricion moderada (m),2006-06-01,2,1,2,1,4,2,6
21302,UMALA,desnutricion global,desnutricion moderada (m),2006-06-01,3,2,3,3,6,5,11
50201,UNCIA,desnutricion global,desnutricion moderada (m),2006-06-01,14,12,10,6,24,18,42
60401,URIONDO (A. CONCEPCION),desnutricion global,desnutricion moderada (m),2006-06-01,3,1,4,11,7,12,19
71502,URUBICHA,desnutricion global,desnutricion moderada (m),2006-06-01,27,33,25,35,52,68,120
51201,UYUNI,desnutricion global,desnutricion moderada (m),2006-06-01,5,2,3,4,8,6,14
30502,VACAS,desnutricion global,desnutricion moderada (m),2006-06-01,5,2,4,6,9,8,17
70801,VALLEGRANDE,desnutricion global,desnutricion moderada (m),2006-06-01,2,0,1,1,3,1,4
20801,VIACHA,desnutricion global,desnutricion moderada (m),2006-06-01,1,6,6,4,7,10,17
31302,VILA VILA,desnutricion global,desnutricion moderada (m),2006-06-01,4,3,2,0,6,3,9
60303,VILLA MONTES,desnutricion global,desnutricion moderada (m),2006-06-01,3,4,1,3,4,7,11
90502,VILLA NUEVA (LOMA ALTA),desnutricion global,desnutricion moderada (m),2006-06-01,1,3,2,1,3,4,7
31402,VILLA RIVERO,desnutricion global,desnutricion moderada (m),2006-06-01,9,2,4,2,13,4,17
10801,VILLA SERRANO,desnutricion global,desnutricion moderada (m),2006-06-01,12,17,12,12,24,29,53
31003,VILLA TUNARI,desnutricion global,desnutricion moderada (m),2006-06-01,27,31,23,21,50,52,102
11001,VILLA VACA GUZMAN (MUYUPAMPA),desnutricion global,desnutricion moderada (m),2006-06-01,1,4,3,4,4,8,12
51501,VILLAZON,desnutricion global,desnutricion moderada (m),2006-06-01,13,9,10,10,23,19,42
30904,VINTO,desnutricion global,desnutricion moderada (m),2006-06-01,0,12,0,0,0,12,12
50602,VITICHI,desnutricion global,desnutricion moderada (m),2006-06-01,18,15,32,14,50,29,79
20306,WALDO BALLIVIAN,desnutricion global,desnutricion moderada (m),2006-06-01,1,5,0,1,1,6,7
70201,WARNES,desnutricion global,desnutricion moderada (m),2006-06-01,20,24,4,6,24,30,54
20903,YACO,desnutricion global,desnutricion moderada (m),2006-06-01,12,14,15,5,27,19,46
60301,YACUIBA,desnutricion global,desnutricion moderada (m),2006-06-01,11,6,6,3,17,9,26
10602,YAMPARAEZ,desnutricion global,desnutricion moderada (m),2006-06-01,17,12,11,23,28,35,63
70403,YAPACANI,desnutricion global,desnutricion moderada (m),2006-06-01,6,4,3,3,9,7,16
50103,YOCALLA,desnutricion global,desnutricion moderada (m),2006-06-01,2,1,0,1,2,2,4
10102,YOTALA,desnutricion global,desnutricion moderada (m),2006-06-01,8,5,11,11,19,16,35
60402,YUNCHARA,desnutricion global,desnutricion moderada (m),2006-06-01,2,7,8,14,10,21,31
10301,ZUDAÑEZ,desnutricion global,desnutricion moderada (m),2006-06-01,15,3,7,8,22,11,33
51302,ACACIO,desnutricion global,desnutricion moderada (m),2006-07-01,7,2,5,5,12,7,19
20201,ACHACACHI,desnutricion global,desnutricion moderada (m),2006-07-01,2,3,1,1,3,4,7
20104,ACHOCALLA,desnutricion global,desnutricion moderada (m),2006-07-01,1,0,0,0,1,0,1
30201,AIQUILE,desnutricion global,desnutricion moderada (m),2006-07-01,7,6,3,7,10,13,23
31303,ALALAY,desnutricion global,desnutricion moderada (m),2006-07-01,2,4,0,0,2,4,6
10404,ALCALA,desnutricion global,desnutricion moderada (m),2006-07-01,5,2,6,3,11,5,16
20202,ANCORAIMES,desnutricion global,desnutricion moderada (m),2006-07-01,5,5,0,4,5,9,14
41201,ANDAMARCA,desnutricion global,desnutricion moderada (m),2006-07-01,3,0,0,0,3,0,3
40603,ANTEQUERA,desnutricion global,desnutricion moderada (m),2006-07-01,0,0,0,1,0,1,1
30402,ANZALDO,desnutricion global,desnutricion moderada (m),2006-07-01,1,0,2,2,3,2,5
20701,APOLO,desnutricion global,desnutricion moderada (m),2006-07-01,6,3,5,1,11,4,15
51301,ARAMPAMPA,desnutricion global,desnutricion moderada (m),2006-07-01,4,6,10,6,14,12,26
30501,ARANI,desnutricion global,desnutricion moderada (m),2006-07-01,3,4,7,7,10,11,21
30403,ARBIETO,desnutricion global,desnutricion moderada (m),2006-07-01,0,1,0,0,0,1,1
30601,ARQUE,desnutricion global,desnutricion moderada (m),2006-07-01,17,20,6,9,23,29,52
50802,ATOCHA,desnutricion global,desnutricion moderada (m),2006-07-01,3,0,2,2,5,2,7
20503,AUCAPATA,desnutricion global,desnutricion moderada (m),2006-07-01,0,1,0,0,0,1,1
20502,AYATA,desnutricion global,desnutricion moderada (m),2006-07-01,4,2,1,2,5,4,9
21303,AYO AYO,desnutricion global,desnutricion moderada (m),2006-07-01,6,1,0,2,6,3,9
30301,AYOPAYA (V. DE INDEPENDENCIA),desnutricion global,desnutricion moderada (m),2006-07-01,4,10,3,8,7,18,25
10201,AZURDUY,desnutricion global,desnutricion moderada (m),2006-07-01,10,22,28,26,38,48,86
21203,BATALLAS,desnutricion global,desnutricion moderada (m),2006-07-01,0,3,0,2,0,5,5
80802,BAURES,desnutricion global,desnutricion moderada (m),2006-07-01,2,1,3,0,5,1,6
50104,BELEN DE URMIRI,desnutricion global,desnutricion moderada (m),2006-07-01,1,2,0,0,1,2,3
90104,BELLA FLOR,desnutricion global,desnutricion moderada (m),2006-07-01,0,1,1,0,1,1,2
60202,BERMEJO,desnutricion global,desnutricion moderada (m),2006-07-01,1,0,1,2,2,2,4
50301,BETANZOS,desnutricion global,desnutricion moderada (m),2006-07-01,28,32,28,34,56,66,122
31501,BOLIVAR,desnutricion global,desnutricion moderada (m),2006-07-01,28,19,9,6,37,25,62
70707,BOYUIBE,desnutricion global,desnutricion moderada (m),2006-07-01,1,1,1,0,2,1,3
70401,BUENA VISTA,desnutricion global,desnutricion moderada (m),2006-07-01,1,1,0,0,1,1,2
70703,CABEZAS,desnutricion global,desnutricion moderada (m),2006-07-01,2,0,1,2,3,2,5
20905,CAIROMA,desnutricion global,desnutricion moderada (m),2006-07-01,16,6,3,9,19,15,34
51102,"CAIZA ""D""",desnutricion global,desnutricion moderada (m),2006-07-01,0,3,1,5,1,8,9
21003,CAJUATA,desnutricion global,desnutricion moderada (m),2006-07-01,2,7,3,3,5,10,15
20303,CALACOTO,desnutricion global,desnutricion moderada (m),2006-07-01,0,1,0,0,0,1,1
21304,CALAMARCA,desnutricion global,desnutricion moderada (m),2006-07-01,19,10,10,11,29,21,50
10701,CAMARGO,desnutricion global,desnutricion moderada (m),2006-07-01,13,20,10,18,23,38,61
10901,CAMATAQUI (C. VILLA ABECIA),desnutricion global,desnutricion moderada (m),2006-07-01,0,2,2,0,2,2,4
70706,CAMIRI,desnutricion global,desnutricion moderada (m),2006-07-01,14,6,14,7,28,13,41
30701,CAPINOTA,desnutricion global,desnutricion moderada (m),2006-07-01,13,10,3,7,16,17,33
20302,CAQUIAVIRI,desnutricion global,desnutricion moderada (m),2006-07-01,2,0,0,0,2,0,2
40102,CARACOLLO,desnutricion global,desnutricion moderada (m),2006-07-01,0,0,1,0,1,0,1
22001,CARANAVI,desnutricion global,desnutricion moderada (m),2006-07-01,6,12,4,8,10,20,30
60302,CARAPARI,desnutricion global,desnutricion moderada (m),2006-07-01,0,0,1,6,1,6,7
50702,CARIPUYO,desnutricion global,desnutricion moderada (m),2006-07-01,3,11,2,6,5,17,22
21803,CHACARILLA,desnutricion global,desnutricion moderada (m),2006-07-01,1,1,0,0,1,1,2
40201,CHALLAPATA,desnutricion global,desnutricion moderada (m),2006-07-01,11,5,4,10,15,15,30
50302,CHAQUI,desnutricion global,desnutricion moderada (m),2006-07-01,6,0,1,4,7,4,11
70702,CHARAGUA,desnutricion global,desnutricion moderada (m),2006-07-01,9,9,3,5,12,14,26
20305,CHARAÑA,desnutricion global,desnutricion moderada (m),2006-07-01,2,0,0,1,2,1,3
50202,CHAYANTA,desnutricion global,desnutricion moderada (m),2006-07-01,25,31,19,16,44,47,91
31204,CHIMORE,desnutricion global,desnutricion moderada (m),2006-07-01,7,10,2,4,9,14,23
40903,CHIPAYA,desnutricion global,desnutricion moderada (m),2006-07-01,1,2,0,0,1,2,3
40302,CHOQUE COTA,desnutricion global,desnutricion moderada (m),2006-07-01,0,2,0,1,0,3,3
21101,CHULUMANI (V. DE LA LIBERTAD),desnutricion global,desnutricion moderada (m),2006-07-01,0,1,0,0,0,1,1
20501,CHUMA,desnutricion global,desnutricion moderada (m),2006-07-01,3,5,1,2,4,7,11
30801,CLIZA,desnutricion global,desnutricion moderada (m),2006-07-01,5,6,1,3,6,9,15
90101,COBIJA,desnutricion global,desnutricion moderada (m),2006-07-01,1,4,4,4,5,8,13
30101,COCHABAMBA,desnutricion global,desnutricion moderada (m),2006-07-01,56,42,28,42,84,84,168
30905,COLCAPIRHUA,desnutricion global,desnutricion moderada (m),2006-07-01,4,10,1,3,5,13,18
50901,"COLCHA ""K""",desnutricion global,desnutricion moderada (m),2006-07-01,2,1,0,0,2,1,3
31002,COLOMI,desnutricion global,desnutricion moderada (m),2006-07-01,7,6,3,2,10,8,18
70603,COLPA BELGICA,desnutricion global,desnutricion moderada (m),2006-07-01,0,1,0,0,0,1,1
50401,COLQUECHACA,desnutricion global,desnutricion moderada (m),2006-07-01,21,12,21,19,42,31,73
21306,COLQUENCHA,desnutricion global,desnutricion moderada (m),2006-07-01,9,3,1,2,10,5,15
21004,COLQUIRI,desnutricion global,desnutricion moderada (m),2006-07-01,9,10,5,15,14,25,39
71301,COMARAPA,desnutricion global,desnutricion moderada (m),2006-07-01,5,4,2,1,7,5,12
20605,COMBAYA,desnutricion global,desnutricion moderada (m),2006-07-01,2,0,0,2,2,2,4
71101,CONCEPCION,desnutricion global,desnutricion moderada (m),2006-07-01,2,2,0,0,2,2,4
21701,COPACABANA,desnutricion global,desnutricion moderada (m),2006-07-01,2,4,0,1,2,5,7
21402,CORIPATA,desnutricion global,desnutricion moderada (m),2006-07-01,1,1,0,2,1,3,4
20301,CORO CORO,desnutricion global,desnutricion moderada (m),2006-07-01,4,1,2,3,6,4,10
21401,COROICO,desnutricion global,desnutricion moderada (m),2006-07-01,1,1,2,2,3,3,6
40301,CORQUE,desnutricion global,desnutricion moderada (m),2006-07-01,1,0,1,1,2,1,3
50601,COTAGAITA,desnutricion global,desnutricion moderada (m),2006-07-01,10,14,10,21,20,35,55
70102,COTOCA,desnutricion global,desnutricion moderada (m),2006-07-01,10,9,1,1,11,10,21
71106,CUATRO CAÑADAS,desnutricion global,desnutricion moderada (m),2006-07-01,1,0,1,1,2,1,3
31405,CUCHUMUELA (V. G. VILLARROEL),desnutricion global,desnutricion moderada (m),2006-07-01,0,1,0,1,0,2,2
70704,CUEVO,desnutricion global,desnutricion moderada (m),2006-07-01,6,4,0,1,6,5,11
10902,CULPINA,desnutricion global,desnutricion moderada (m),2006-07-01,22,15,20,17,42,32,74
40401,CURAHUARA DE CARANGAS,desnutricion global,desnutricion moderada (m),2006-07-01,0,0,2,0,2,0,2
21602,CURVA,desnutricion global,desnutricion moderada (m),2006-07-01,1,1,2,0,3,1,4
20804,DESAGUADERO,desnutricion global,desnutricion moderada (m),2006-07-01,0,1,0,1,0,2,2
20105,EL ALTO,desnutricion global,desnutricion moderada (m),2006-07-01,210,157,105,67,315,224,539
40103,EL CHORO,desnutricion global,desnutricion moderada (m),2006-07-01,2,0,0,1,2,1,3
71503,EL PUENTE(STC),desnutricion global,desnutricion moderada (m),2006-07-01,2,2,1,1,3,3,6
60502,EL PUENTE(TJA),desnutricion global,desnutricion moderada (m),2006-07-01,1,5,2,5,3,10,13
70105,EL TORNO,desnutricion global,desnutricion moderada (m),2006-07-01,3,2,7,6,10,8,18
10405,EL VILLAR,desnutricion global,desnutricion moderada (m),2006-07-01,3,3,1,9,4,12,16
60601,ENTRE RIOS,desnutricion global,desnutricion moderada (m),2006-07-01,10,11,7,6,17,17,34
60601,ENTRE RIOS,desnutricion global,desnutricion moderada (m),2006-07-01,3,1,0,7,3,8,11
41101,EUCALIPTUS,desnutricion global,desnutricion moderada (m),2006-07-01,0,0,1,0,1,0,1
71004,FERNANDEZ ALONSO,desnutricion global,desnutricion moderada (m),2006-07-01,2,3,2,2,4,5,9
71002,GENERAL SAAVEDRA,desnutricion global,desnutricion moderada (m),2006-07-01,6,10,3,5,9,15,24
21601,GRAL. J.J. PEREZ (CHARAZANI),desnutricion global,desnutricion moderada (m),2006-07-01,11,4,2,2,13,6,19
20602,GUANAY,desnutricion global,desnutricion moderada (m),2006-07-01,4,3,2,3,6,6,12
20802,GUAQUI,desnutricion global,desnutricion moderada (m),2006-07-01,0,0,1,1,1,1,2
80202,GUAYARAMERIN,desnutricion global,desnutricion moderada (m),2006-07-01,9,8,1,14,10,22,32
70705,GUTIERREZ,desnutricion global,desnutricion moderada (m),2006-07-01,6,13,11,17,17,30,47
10502,HUACARETA,desnutricion global,desnutricion moderada (m),2006-07-01,1,3,0,5,1,8,9
11002,HUACAYA (VILLA DE HUACAYA),desnutricion global,desnutricion moderada (m),2006-07-01,3,0,0,0,3,0,3
40701,HUANUNI,desnutricion global,desnutricion moderada (m),2006-07-01,5,2,0,4,5,6,11
80803,HUARACAJE,desnutricion global,desnutricion moderada (m),2006-07-01,1,0,1,1,2,1,3
41601,HUAYLLAMARCA,desnutricion global,desnutricion moderada (m),2006-07-01,1,0,0,0,1,0,1
21005,ICHOCA,desnutricion global,desnutricion moderada (m),2006-07-01,0,3,0,0,0,3,3
10304,ICLA,desnutricion global,desnutricion moderada (m),2006-07-01,26,26,25,26,51,52,103
10703,INCAHUASI,desnutricion global,desnutricion moderada (m),2006-07-01,30,28,16,27,46,55,101
21001,INQUISIVI,desnutricion global,desnutricion moderada (m),2006-07-01,8,8,1,6,9,14,23
21102,IRUPANA (VILLA DE LANZA),desnutricion global,desnutricion moderada (m),2006-07-01,0,1,1,2,1,3,4
21501,IXIAMAS,desnutricion global,desnutricion moderada (m),2006-07-01,4,6,1,2,5,8,13
20806,JESUS DE MACHACA,desnutricion global,desnutricion moderada (m),2006-07-01,4,3,3,4,7,7,14
21105,LA ASUNTA,desnutricion global,desnutricion moderada (m),2006-07-01,3,5,2,5,5,10,15
70104,LA GUARDIA,desnutricion global,desnutricion moderada (m),2006-07-01,5,11,4,1,9,12,21
20101,LA PAZ,desnutricion global,desnutricion moderada (m),2006-07-01,176,154,39,44,215,198,413
70701,LAGUNILLAS,desnutricion global,desnutricion moderada (m),2006-07-01,2,2,3,3,5,5,10
21202,LAJA,desnutricion global,desnutricion moderada (m),2006-07-01,3,2,1,0,4,2,6
10903,LAS CARRERAS,desnutricion global,desnutricion moderada (m),2006-07-01,0,0,1,2,1,2,3
50203,LLALLAGUA,desnutricion global,desnutricion moderada (m),2006-07-01,31,29,33,28,64,57,121
51401,LLICA,desnutricion global,desnutricion moderada (m),2006-07-01,0,1,0,3,0,4,4
80601,LORETO,desnutricion global,desnutricion moderada (m),2006-07-01,0,1,1,0,1,1,2
20901,LURIBAY,desnutricion global,desnutricion moderada (m),2006-07-01,7,8,2,5,9,13,22
11003,MACHARETI,desnutricion global,desnutricion moderada (m),2006-07-01,5,0,1,0,6,0,6
80801,MAGDALENA,desnutricion global,desnutricion moderada (m),2006-07-01,2,2,0,0,2,2,4
70903,MAIRANA,desnutricion global,desnutricion moderada (m),2006-07-01,1,0,1,1,2,1,3
20904,MALLA,desnutricion global,desnutricion moderada (m),2006-07-01,4,0,1,1,5,1,6
20607,MAPIRI,desnutricion global,desnutricion moderada (m),2006-07-01,2,6,4,8,6,14,20
20103,MECAPACA,desnutricion global,desnutricion moderada (m),2006-07-01,0,1,2,3,2,4,6
71003,MINEROS,desnutricion global,desnutricion moderada (m),2006-07-01,7,7,3,3,10,10,20
31301,MIZQUE,desnutricion global,desnutricion moderada (m),2006-07-01,14,18,7,14,21,32,53
20402,MOCOMOCO,desnutricion global,desnutricion moderada (m),2006-07-01,8,6,5,8,13,14,27
10303,MOJOCOYA,desnutricion global,desnutricion moderada (m),2006-07-01,2,2,2,3,4,5,9
10501,MONTEAGUDO,desnutricion global,desnutricion moderada (m),2006-07-01,7,8,3,9,10,17,27
71001,MONTERO,desnutricion global,desnutricion moderada (m),2006-07-01,19,28,15,23,34,51,85
70803,MORO MORO,desnutricion global,desnutricion moderada (m),2006-07-01,0,0,0,1,0,1,1
30302,MOROCHATA,desnutricion global,desnutricion moderada (m),2006-07-01,15,8,11,15,26,23,49
50404,OCURI,desnutricion global,desnutricion moderada (m),2006-07-01,24,15,16,14,40,29,69
70202,OKINAWA,desnutricion global,desnutricion moderada (m),2006-07-01,3,2,0,1,3,3,6
30203,OMEREQUE,desnutricion global,desnutricion moderada (m),2006-07-01,2,0,1,1,3,1,4
40101,ORURO,desnutricion global,desnutricion moderada (m),2006-07-01,45,39,18,23,63,62,125
60201,PADCAYA,desnutricion global,desnutricion moderada (m),2006-07-01,1,4,1,4,2,8,10
10401,PADILLA,desnutricion global,desnutricion moderada (m),2006-07-01,6,7,9,13,15,20,35
20102,PALCA,desnutricion global,desnutricion moderada (m),2006-07-01,0,3,2,1,2,4,6
21104,PALOS BLANCOS,desnutricion global,desnutricion moderada (m),2006-07-01,7,4,2,1,9,5,14
40802,PAMPA AULLAGAS,desnutricion global,desnutricion moderada (m),2006-07-01,0,1,0,2,0,3,3
70902,PAMPA GRANDE,desnutricion global,desnutricion moderada (m),2006-07-01,2,4,0,2,2,6,8
21802,PAPEL PAMPA,desnutricion global,desnutricion moderada (m),2006-07-01,1,1,0,0,1,1,2
30202,PASORAPA,desnutricion global,desnutricion moderada (m),2006-07-01,0,6,5,4,5,10,15
21305,PATACAMAYA,desnutricion global,desnutricion moderada (m),2006-07-01,16,15,9,11,25,26,51
40602,PAZÑA,desnutricion global,desnutricion moderada (m),2006-07-01,2,3,0,0,2,3,5
20702,PELECHUCO,desnutricion global,desnutricion moderada (m),2006-07-01,3,0,0,1,3,1,4
50403,POCOATA,desnutricion global,desnutricion moderada (m),2006-07-01,9,12,5,13,14,25,39
31203,POCONA,desnutricion global,desnutricion moderada (m),2006-07-01,10,6,5,7,15,13,28
31202,POJO (CBBA),desnutricion global,desnutricion moderada (m),2006-07-01,8,7,2,6,10,13,23
51203,PORCO,desnutricion global,desnutricion moderada (m),2006-07-01,6,6,1,2,7,8,15
10103,POROMA,desnutricion global,desnutricion moderada (m),2006-07-01,22,22,14,16,36,38,74
70601,PORTACHUELO,desnutricion global,desnutricion moderada (m),2006-07-01,3,1,1,0,4,1,5
90102,PORVENIR,desnutricion global,desnutricion moderada (m),2006-07-01,3,0,0,4,3,4,7
70804,POSTRER VALLE,desnutricion global,desnutricion moderada (m),2006-07-01,4,2,2,4,6,6,12
50101,POTOSI,desnutricion global,desnutricion moderada (m),2006-07-01,75,69,28,24,103,93,196
10302,PRESTO,desnutricion global,desnutricion moderada (m),2006-07-01,19,12,9,11,28,23,51
21201,PUCARANI,desnutricion global,desnutricion moderada (m),2006-07-01,2,8,0,1,2,9,11
20401,PUERTO ACOSTA,desnutricion global,desnutricion moderada (m),2006-07-01,3,9,0,2,3,11,14
20403,PUERTO CARABUCO,desnutricion global,desnutricion moderada (m),2006-07-01,5,9,0,3,5,12,17
90301,PUERTO GONZALO MORENO,desnutricion global,desnutricion moderada (m),2006-07-01,5,1,2,2,7,3,10
21204,PUERTO PEREZ,desnutricion global,desnutricion moderada (m),2006-07-01,1,1,1,1,2,2,4
71402,PUERTO QUIJARRO,desnutricion global,desnutricion moderada (m),2006-07-01,3,1,0,0,3,1,4
90201,PUERTO RICO,desnutricion global,desnutricion moderada (m),2006-07-01,3,2,1,1,4,3,7
31205,PUERTO VILLARROEL,desnutricion global,desnutricion moderada (m),2006-07-01,14,33,6,10,20,43,63
51101,PUNA,desnutricion global,desnutricion moderada (m),2006-07-01,40,39,35,31,75,70,145
31401,PUNATA,desnutricion global,desnutricion moderada (m),2006-07-01,10,10,3,3,13,13,26
20604,QUIABAYA,desnutricion global,desnutricion moderada (m),2006-07-01,5,2,3,1,8,3,11
30901,QUILLACOLLO,desnutricion global,desnutricion moderada (m),2006-07-01,23,8,4,5,27,13,40
21002,QUIME,desnutricion global,desnutricion moderada (m),2006-07-01,3,5,1,3,4,8,12
50402,RAVELO,desnutricion global,desnutricion moderada (m),2006-07-01,47,32,32,30,79,62,141
80301,REYES,desnutricion global,desnutricion moderada (m),2006-07-01,2,2,3,5,5,7,12
80201,RIBERALTA,desnutricion global,desnutricion moderada (m),2006-07-01,39,52,9,23,48,75,123
80304,RURRENABAQUE,desnutricion global,desnutricion moderada (m),2006-07-01,1,3,1,1,2,4,6
40901,SABAYA,desnutricion global,desnutricion moderada (m),2006-07-01,0,1,0,0,0,1,1
31001,SACABA,desnutricion global,desnutricion moderada (m),2006-07-01,20,11,5,9,25,20,45
30404,SACABAMBA,desnutricion global,desnutricion moderada (m),2006-07-01,3,0,1,1,4,1,5
50701,SACACA,desnutricion global,desnutricion moderada (m),2006-07-01,24,21,15,19,39,40,79
71302,SAIPINA,desnutricion global,desnutricion moderada (m),2006-07-01,0,1,0,0,0,1,1
40801,SALINAS DE GARCI MENDOZA,desnutricion global,desnutricion moderada (m),2006-07-01,0,3,1,0,1,3,4
70901,SAMAIPATA,desnutricion global,desnutricion moderada (m),2006-07-01,0,0,0,1,0,1,1
80602,SAN ANDRES,desnutricion global,desnutricion moderada (m),2006-07-01,2,5,1,1,3,6,9
20805,SAN ANDRES DE MACHACA,desnutricion global,desnutricion moderada (m),2006-07-01,0,2,1,1,1,3,4
51003,SAN ANTONIO DE ESMORUCO,desnutricion global,desnutricion moderada (m),2006-07-01,0,1,0,0,0,1,1
71105,SAN ANTONIO DE LOMERIO,desnutricion global,desnutricion moderada (m),2006-07-01,4,10,2,11,6,21,27
31403,SAN BENITO,desnutricion global,desnutricion moderada (m),2006-07-01,0,4,0,1,0,5,5
80302,SAN BORJA,desnutricion global,desnutricion moderada (m),2006-07-01,10,9,6,6,16,15,31
21502,SAN BUENA VENTURA,desnutricion global,desnutricion moderada (m),2006-07-01,3,8,0,2,3,10,13
70402,SAN CARLOS,desnutricion global,desnutricion moderada (m),2006-07-01,3,2,1,1,4,3,7
80501,SAN IGNACIO,desnutricion global,desnutricion moderada (m),2006-07-01,15,19,0,7,15,26,41
70301,SAN IGNACIO DE VELASCO,desnutricion global,desnutricion moderada (m),2006-07-01,16,16,9,23,25,39,64
80102,SAN JAVIER(BNI),desnutricion global,desnutricion moderada (m),2006-07-01,0,0,1,1,1,1,2
80701,SAN JOAQUIN,desnutricion global,desnutricion moderada (m),2006-07-01,2,3,0,0,2,3,5
70404,SAN JUAN DE YAPACANI,desnutricion global,desnutricion moderada (m),2006-07-01,0,2,1,0,1,2,3
71104,SAN JULIAN,desnutricion global,desnutricion moderada (m),2006-07-01,1,4,2,3,3,7,10
60501,SAN LORENZO(TJA),desnutricion global,desnutricion moderada (m),2006-07-01,8,6,13,8,21,14,35
10702,SAN LUCAS,desnutricion global,desnutricion moderada (m),2006-07-01,69,49,46,43,115,92,207
71201,SAN MATIAS,desnutricion global,desnutricion moderada (m),2006-07-01,3,5,2,2,5,7,12
70302,SAN MIGUEL DE VELASCO,desnutricion global,desnutricion moderada (m),2006-07-01,1,5,1,2,2,7,9
51001,SAN PABLO DE LIPEZ,desnutricion global,desnutricion moderada (m),2006-07-01,0,1,0,0,0,1,1
71005,SAN PEDRO,desnutricion global,desnutricion moderada (m),2006-07-01,3,3,1,2,4,5,9
50501,SAN PEDRO DE BUENA VISTA,desnutricion global,desnutricion moderada (m),2006-07-01,12,15,8,9,20,24,44
21801,SAN PEDRO DE CURAHUARA,desnutricion global,desnutricion moderada (m),2006-07-01,1,0,0,2,1,2,3
21702,SAN PEDRO DE TIQUINA,desnutricion global,desnutricion moderada (m),2006-07-01,1,1,0,0,1,1,2
90202,SAN PEDRO(PND),desnutricion global,desnutricion moderada (m),2006-07-01,0,1,1,1,1,2,3
70303,SAN RAFAEL,desnutricion global,desnutricion moderada (m),2006-07-01,2,3,0,2,2,5,7
80401,SANTA ANA,desnutricion global,desnutricion moderada (m),2006-07-01,0,1,0,0,0,1,1
70101,SANTA CRUZ DE LA SIERRA,desnutricion global,desnutricion moderada (m),2006-07-01,71,47,30,16,101,63,164
80303,SANTA ROSA,desnutricion global,desnutricion moderada (m),2006-07-01,4,5,1,0,5,5,10
70602,SANTA ROSA DEL SARA,desnutricion global,desnutricion moderada (m),2006-07-01,2,6,0,1,2,7,9
20308,SANTIAGO DE CALLAPA,desnutricion global,desnutricion moderada (m),2006-07-01,3,1,1,0,4,1,5
41401,SANTIAGO DE HUARI,desnutricion global,desnutricion moderada (m),2006-07-01,2,4,2,2,4,6,10
30702,SANTIVAÑES,desnutricion global,desnutricion moderada (m),2006-07-01,0,3,1,0,1,3,4
40202,SANTUARIO DE QUILLACAS,desnutricion global,desnutricion moderada (m),2006-07-01,0,0,1,1,1,1,2
20902,SAPAHAQUI,desnutricion global,desnutricion moderada (m),2006-07-01,16,9,8,4,24,13,37
21301,SICA SICA (VILLA AROMA),desnutricion global,desnutricion moderada (m),2006-07-01,14,9,5,9,19,18,37
30703,SICAYA,desnutricion global,desnutricion moderada (m),2006-07-01,0,2,1,0,1,2,3
30902,SIPE SIPE,desnutricion global,desnutricion moderada (m),2006-07-01,18,18,7,11,25,29,54
10403,SOPACHUY,desnutricion global,desnutricion moderada (m),2006-07-01,9,18,10,23,19,41,60
40104,SORACACHI,desnutricion global,desnutricion moderada (m),2006-07-01,2,4,0,0,2,4,6
20601,SORATA,desnutricion global,desnutricion moderada (m),2006-07-01,7,0,1,6,8,6,14
10101,SUCRE,desnutricion global,desnutricion moderada (m),2006-07-01,43,47,27,41,70,88,158
31404,TACACHI,desnutricion global,desnutricion moderada (m),2006-07-01,1,0,0,0,1,0,1
50303,TACOBAMBA,desnutricion global,desnutricion moderada (m),2006-07-01,6,14,3,5,9,19,28
30602,TACOPAYA,desnutricion global,desnutricion moderada (m),2006-07-01,8,9,3,7,11,16,27
31101,TAPACARI,desnutricion global,desnutricion moderada (m),2006-07-01,42,41,22,40,64,81,145
10601,TARABUCO,desnutricion global,desnutricion moderada (m),2006-07-01,29,23,32,35,61,58,119
30401,TARATA,desnutricion global,desnutricion moderada (m),2006-07-01,5,4,0,2,5,6,11
60101,TARIJA,desnutricion global,desnutricion moderada (m),2006-07-01,32,29,15,7,47,36,83
10202,TARVITA,desnutricion global,desnutricion moderada (m),2006-07-01,24,29,15,29,39,58,97
20608,TEOPONTE,desnutricion global,desnutricion moderada (m),2006-07-01,0,2,1,0,1,2,3
20803,TIAWANACU,desnutricion global,desnutricion moderada (m),2006-07-01,1,0,1,0,2,0,2
50102,TINGUIPAYA,desnutricion global,desnutricion moderada (m),2006-07-01,31,16,24,31,55,47,102
30903,TIQUIPAYA,desnutricion global,desnutricion moderada (m),2006-07-01,4,3,1,0,5,3,8
31601,TIRAQUE (CBBA),desnutricion global,desnutricion moderada (m),2006-07-01,22,15,6,6,28,21,49
21703,TITO YUPANQUI (PARQUIPUJIO),desnutricion global,desnutricion moderada (m),2006-07-01,0,1,0,1,0,2,2
30802,TOCO,desnutricion global,desnutricion moderada (m),2006-07-01,2,1,0,0,2,1,3
41001,TOLEDO,desnutricion global,desnutricion moderada (m),2006-07-01,2,0,0,0,2,0,2
51202,TOMAVE,desnutricion global,desnutricion moderada (m),2006-07-01,1,2,3,1,4,3,7
10402,TOMINA,desnutricion global,desnutricion moderada (m),2006-07-01,15,20,12,17,27,37,64
50502,TORO TORO,desnutricion global,desnutricion moderada (m),2006-07-01,21,13,8,8,29,21,50
31201,TOTORA(CBBA),desnutricion global,desnutricion moderada (m),2006-07-01,7,5,2,3,9,8,17
41301,TOTORA(ORR),desnutricion global,desnutricion moderada (m),2006-07-01,1,2,2,0,3,2,5
70802,TRIGAL,desnutricion global,desnutricion moderada (m),2006-07-01,0,1,0,0,0,1,1
80101,TRINIDAD,desnutricion global,desnutricion moderada (m),2006-07-01,24,20,6,9,30,29,59
50801,TUPIZA,desnutricion global,desnutricion moderada (m),2006-07-01,15,14,7,10,22,24,46
40402,TURCO,desnutricion global,desnutricion moderada (m),2006-07-01,0,2,0,0,0,2,2
21302,UMALA,desnutricion global,desnutricion moderada (m),2006-07-01,1,0,1,2,2,2,4
50201,UNCIA,desnutricion global,desnutricion moderada (m),2006-07-01,14,16,10,16,24,32,56
60401,URIONDO (A. CONCEPCION),desnutricion global,desnutricion moderada (m),2006-07-01,6,4,13,10,19,14,33
71502,URUBICHA,desnutricion global,desnutricion moderada (m),2006-07-01,2,0,0,2,2,2,4
51201,UYUNI,desnutricion global,desnutricion moderada (m),2006-07-01,3,2,2,1,5,3,8
30502,VACAS,desnutricion global,desnutricion moderada (m),2006-07-01,7,4,2,2,9,6,15
70801,VALLEGRANDE,desnutricion global,desnutricion moderada (m),2006-07-01,1,2,3,7,4,9,13
20801,VIACHA,desnutricion global,desnutricion moderada (m),2006-07-01,4,4,2,3,6,7,13
31302,VILA VILA,desnutricion global,desnutricion moderada (m),2006-07-01,1,3,1,2,2,5,7
60303,VILLA MONTES,desnutricion global,desnutricion moderada (m),2006-07-01,1,2,4,2,5,4,9
90502,VILLA NUEVA (LOMA ALTA),desnutricion global,desnutricion moderada (m),2006-07-01,0,5,1,1,1,6,7
31402,VILLA RIVERO,desnutricion global,desnutricion moderada (m),2006-07-01,7,3,1,4,8,7,15
10801,VILLA SERRANO,desnutricion global,desnutricion moderada (m),2006-07-01,19,10,10,12,29,22,51
31003,VILLA TUNARI,desnutricion global,desnutricion moderada (m),2006-07-01,16,21,8,14,24,35,59
11001,VILLA VACA GUZMAN (MUYUPAMPA),desnutricion global,desnutricion moderada (m),2006-07-01,2,1,1,2,3,3,6
51501,VILLAZON,desnutricion global,desnutricion moderada (m),2006-07-01,11,8,8,6,19,14,33
30904,VINTO,desnutricion global,desnutricion moderada (m),2006-07-01,3,8,1,1,4,9,13
50602,VITICHI,desnutricion global,desnutricion moderada (m),2006-07-01,11,10,6,16,17,26,43
20306,WALDO BALLIVIAN,desnutricion global,desnutricion moderada (m),2006-07-01,0,3,0,1,0,4,4
70201,WARNES,desnutricion global,desnutricion moderada (m),2006-07-01,15,19,7,12,22,31,53
20903,YACO,desnutricion global,desnutricion moderada (m),2006-07-01,9,11,10,10,19,21,40
60301,YACUIBA,desnutricion global,desnutricion moderada (m),2006-07-01,0,2,1,1,1,3,4
10602,YAMPARAEZ,desnutricion global,desnutricion moderada (m),2006-07-01,15,13,13,15,28,28,56
70403,YAPACANI,desnutricion global,desnutricion moderada (m),2006-07-01,4,7,2,1,6,8,14
50103,YOCALLA,desnutricion global,desnutricion moderada (m),2006-07-01,0,0,0,1,0,1,1
10102,YOTALA,desnutricion global,desnutricion moderada (m),2006-07-01,5,3,2,8,7,11,18
60402,YUNCHARA,desnutricion global,desnutricion moderada (m),2006-07-01,3,3,5,2,8,5,13
10301,ZUDAÑEZ,desnutricion global,desnutricion moderada (m),2006-07-01,10,11,11,14,21,25,46
51302,ACACIO,desnutricion global,desnutricion moderada (m),2006-08-01,11,7,6,10,17,17,34
20201,ACHACACHI,desnutricion global,desnutricion moderada (m),2006-08-01,13,10,3,5,16,15,31
20104,ACHOCALLA,desnutricion global,desnutricion moderada (m),2006-08-01,1,0,0,0,1,0,1
30201,AIQUILE,desnutricion global,desnutricion moderada (m),2006-08-01,10,6,1,3,11,9,20
10404,ALCALA,desnutricion global,desnutricion moderada (m),2006-08-01,5,3,5,3,10,6,16
20202,ANCORAIMES,desnutricion global,desnutricion moderada (m),2006-08-01,4,3,2,1,6,4,10
41201,ANDAMARCA,desnutricion global,desnutricion moderada (m),2006-08-01,3,1,2,2,5,3,8
40603,ANTEQUERA,desnutricion global,desnutricion moderada (m),2006-08-01,3,1,0,1,3,2,5
30402,ANZALDO,desnutricion global,desnutricion moderada (m),2006-08-01,5,1,3,2,8,3,11
20701,APOLO,desnutricion global,desnutricion moderada (m),2006-08-01,6,9,3,6,9,15,24
51301,ARAMPAMPA,desnutricion global,desnutricion moderada (m),2006-08-01,8,11,5,8,13,19,32
30501,ARANI,desnutricion global,desnutricion moderada (m),2006-08-01,1,5,1,0,2,5,7
30403,ARBIETO,desnutricion global,desnutricion moderada (m),2006-08-01,1,1,1,0,2,1,3
30601,ARQUE,desnutricion global,desnutricion moderada (m),2006-08-01,10,8,5,11,15,19,34
71501,ASCENCION DE GUARAYOS,desnutricion global,desnutricion moderada (m),2006-08-01,19,19,18,23,37,42,79
50802,ATOCHA,desnutricion global,desnutricion moderada (m),2006-08-01,5,4,6,0,11,4,15
20503,AUCAPATA,desnutricion global,desnutricion moderada (m),2006-08-01,0,0,1,0,1,0,1
20502,AYATA,desnutricion global,desnutricion moderada (m),2006-08-01,3,0,3,0,6,0,6
21303,AYO AYO,desnutricion global,desnutricion moderada (m),2006-08-01,5,3,2,1,7,4,11
30301,AYOPAYA (V. DE INDEPENDENCIA),desnutricion global,desnutricion moderada (m),2006-08-01,6,11,13,15,19,26,45
10201,AZURDUY,desnutricion global,desnutricion moderada (m),2006-08-01,23,27,16,20,39,47,86
21203,BATALLAS,desnutricion global,desnutricion moderada (m),2006-08-01,4,3,0,1,4,4,8
80802,BAURES,desnutricion global,desnutricion moderada (m),2006-08-01,0,0,2,0,2,0,2
41202,BELEN DE ANDAMARCA,desnutricion global,desnutricion moderada (m),2006-08-01,0,0,0,3,0,3,3
50104,BELEN DE URMIRI,desnutricion global,desnutricion moderada (m),2006-08-01,3,3,4,8,7,11,18
90104,BELLA FLOR,desnutricion global,desnutricion moderada (m),2006-08-01,2,0,0,0,2,0,2
60202,BERMEJO,desnutricion global,desnutricion moderada (m),2006-08-01,1,0,0,1,1,1,2
50301,BETANZOS,desnutricion global,desnutricion moderada (m),2006-08-01,34,21,14,25,48,46,94
31501,BOLIVAR,desnutricion global,desnutricion moderada (m),2006-08-01,9,8,2,6,11,14,25
70707,BOYUIBE,desnutricion global,desnutricion moderada (m),2006-08-01,0,0,0,4,0,4,4
70401,BUENA VISTA,desnutricion global,desnutricion moderada (m),2006-08-01,1,2,0,0,1,2,3
70703,CABEZAS,desnutricion global,desnutricion moderada (m),2006-08-01,4,1,1,1,5,2,7
20905,CAIROMA,desnutricion global,desnutricion moderada (m),2006-08-01,14,10,12,18,26,28,54
51102,"CAIZA ""D""",desnutricion global,desnutricion moderada (m),2006-08-01,7,3,1,6,8,9,17
21003,CAJUATA,desnutricion global,desnutricion moderada (m),2006-08-01,1,3,0,0,1,3,4
20303,CALACOTO,desnutricion global,desnutricion moderada (m),2006-08-01,2,1,2,1,4,2,6
21304,CALAMARCA,desnutricion global,desnutricion moderada (m),2006-08-01,24,8,8,12,32,20,52
10701,CAMARGO,desnutricion global,desnutricion moderada (m),2006-08-01,15,20,8,11,23,31,54
10901,CAMATAQUI (C. VILLA ABECIA),desnutricion global,desnutricion moderada (m),2006-08-01,2,1,2,1,4,2,6
70706,CAMIRI,desnutricion global,desnutricion moderada (m),2006-08-01,12,9,8,10,20,19,39
30701,CAPINOTA,desnutricion global,desnutricion moderada (m),2006-08-01,18,7,7,6,25,13,38
20302,CAQUIAVIRI,desnutricion global,desnutricion moderada (m),2006-08-01,0,2,0,0,0,2,2
40102,CARACOLLO,desnutricion global,desnutricion moderada (m),2006-08-01,1,3,1,2,2,5,7
22001,CARANAVI,desnutricion global,desnutricion moderada (m),2006-08-01,4,13,9,8,13,21,34
60302,CARAPARI,desnutricion global,desnutricion moderada (m),2006-08-01,3,3,3,0,6,3,9
50702,CARIPUYO,desnutricion global,desnutricion moderada (m),2006-08-01,10,12,10,10,20,22,42
71403,CARMEN RIVERO TORREZ,desnutricion global,desnutricion moderada (m),2006-08-01,1,0,0,1,1,1,2
21803,CHACARILLA,desnutricion global,desnutricion moderada (m),2006-08-01,1,2,0,0,1,2,3
40201,CHALLAPATA,desnutricion global,desnutricion moderada (m),2006-08-01,24,11,6,10,30,21,51
50302,CHAQUI,desnutricion global,desnutricion moderada (m),2006-08-01,10,2,2,1,12,3,15
70702,CHARAGUA,desnutricion global,desnutricion moderada (m),2006-08-01,3,8,3,5,6,13,19
50202,CHAYANTA,desnutricion global,desnutricion moderada (m),2006-08-01,23,16,26,23,49,39,88
31204,CHIMORE,desnutricion global,desnutricion moderada (m),2006-08-01,12,0,1,5,13,5,18
40903,CHIPAYA,desnutricion global,desnutricion moderada (m),2006-08-01,1,0,0,1,1,1,2
40302,CHOQUE COTA,desnutricion global,desnutricion moderada (m),2006-08-01,2,2,0,1,2,3,5
21101,CHULUMANI (V. DE LA LIBERTAD),desnutricion global,desnutricion moderada (m),2006-08-01,0,4,0,0,0,4,4
20501,CHUMA,desnutricion global,desnutricion moderada (m),2006-08-01,7,4,1,5,8,9,17
30801,CLIZA,desnutricion global,desnutricion moderada (m),2006-08-01,5,8,5,12,10,20,30
90101,COBIJA,desnutricion global,desnutricion moderada (m),2006-08-01,8,7,5,2,13,9,22
30101,COCHABAMBA,desnutricion global,desnutricion moderada (m),2006-08-01,103,68,34,46,137,114,251
30905,COLCAPIRHUA,desnutricion global,desnutricion moderada (m),2006-08-01,4,12,5,9,9,21,30
50901,"COLCHA ""K""",desnutricion global,desnutricion moderada (m),2006-08-01,3,1,3,1,6,2,8
21307,COLLANA,desnutricion global,desnutricion moderada (m),2006-08-01,1,0,1,0,2,0,2
31002,COLOMI,desnutricion global,desnutricion moderada (m),2006-08-01,2,6,0,2,2,8,10
70603,COLPA BELGICA,desnutricion global,desnutricion moderada (m),2006-08-01,1,1,0,0,1,1,2
50401,COLQUECHACA,desnutricion global,desnutricion moderada (m),2006-08-01,22,20,6,14,28,34,62
21306,COLQUENCHA,desnutricion global,desnutricion moderada (m),2006-08-01,7,3,2,3,9,6,15
21004,COLQUIRI,desnutricion global,desnutricion moderada (m),2006-08-01,10,9,4,3,14,12,26
71301,COMARAPA,desnutricion global,desnutricion moderada (m),2006-08-01,5,5,2,4,7,9,16
71101,CONCEPCION,desnutricion global,desnutricion moderada (m),2006-08-01,2,2,1,2,3,4,7
21701,COPACABANA,desnutricion global,desnutricion moderada (m),2006-08-01,2,0,0,1,2,1,3
21402,CORIPATA,desnutricion global,desnutricion moderada (m),2006-08-01,1,1,0,0,1,1,2
20301,CORO CORO,desnutricion global,desnutricion moderada (m),2006-08-01,8,2,8,2,16,4,20
21401,COROICO,desnutricion global,desnutricion moderada (m),2006-08-01,1,0,1,4,2,4,6
40301,CORQUE,desnutricion global,desnutricion moderada (m),2006-08-01,3,1,2,2,5,3,8
50601,COTAGAITA,desnutricion global,desnutricion moderada (m),2006-08-01,15,20,18,13,33,33,66
70102,COTOCA,desnutricion global,desnutricion moderada (m),2006-08-01,0,3,0,2,0,5,5
71106,CUATRO CAÑADAS,desnutricion global,desnutricion moderada (m),2006-08-01,0,1,0,0,0,1,1
31405,CUCHUMUELA (V. G. VILLARROEL),desnutricion global,desnutricion moderada (m),2006-08-01,0,0,1,0,1,0,1
70704,CUEVO,desnutricion global,desnutricion moderada (m),2006-08-01,0,1,1,0,1,1,2
10902,CULPINA,desnutricion global,desnutricion moderada (m),2006-08-01,24,19,23,24,47,43,90
40401,CURAHUARA DE CARANGAS,desnutricion global,desnutricion moderada (m),2006-08-01,3,0,0,1,3,1,4
21602,CURVA,desnutricion global,desnutricion moderada (m),2006-08-01,2,1,3,1,5,2,7
20804,DESAGUADERO,desnutricion global,desnutricion moderada (m),2006-08-01,1,2,2,4,3,6,9
20105,EL ALTO,desnutricion global,desnutricion moderada (m),2006-08-01,240,194,83,112,323,306,629
40103,EL CHORO,desnutricion global,desnutricion moderada (m),2006-08-01,1,1,0,0,1,1,2
71503,EL PUENTE(STC),desnutricion global,desnutricion moderada (m),2006-08-01,1,1,0,1,1,2,3
60502,EL PUENTE(TJA),desnutricion global,desnutricion moderada (m),2006-08-01,1,3,3,7,4,10,14
70105,EL TORNO,desnutricion global,desnutricion moderada (m),2006-08-01,1,3,5,5,6,8,14
10405,EL VILLAR,desnutricion global,desnutricion moderada (m),2006-08-01,1,3,2,13,3,16,19
60601,ENTRE RIOS,desnutricion global,desnutricion moderada (m),2006-08-01,9,10,6,7,15,17,32
60601,ENTRE RIOS,desnutricion global,desnutricion moderada (m),2006-08-01,4,6,4,1,8,7,15
40502,ESCARA,desnutricion global,desnutricion moderada (m),2006-08-01,0,1,0,0,0,1,1
41101,EUCALIPTUS,desnutricion global,desnutricion moderada (m),2006-08-01,0,0,1,1,1,1,2
80402,EXALTACION,desnutricion global,desnutricion moderada (m),2006-08-01,1,0,1,0,2,0,2
71004,FERNANDEZ ALONSO,desnutricion global,desnutricion moderada (m),2006-08-01,2,2,0,3,2,5,7
71002,GENERAL SAAVEDRA,desnutricion global,desnutricion moderada (m),2006-08-01,20,18,7,11,27,29,56
21601,GRAL. J.J. PEREZ (CHARAZANI),desnutricion global,desnutricion moderada (m),2006-08-01,6,5,3,1,9,6,15
20602,GUANAY,desnutricion global,desnutricion moderada (m),2006-08-01,5,5,5,5,10,10,20
20802,GUAQUI,desnutricion global,desnutricion moderada (m),2006-08-01,1,0,2,2,3,2,5
80202,GUAYARAMERIN,desnutricion global,desnutricion moderada (m),2006-08-01,16,8,4,4,20,12,32
70705,GUTIERREZ,desnutricion global,desnutricion moderada (m),2006-08-01,8,11,12,11,20,22,42
10502,HUACARETA,desnutricion global,desnutricion moderada (m),2006-08-01,2,4,0,2,2,6,8
11002,HUACAYA (VILLA DE HUACAYA),desnutricion global,desnutricion moderada (m),2006-08-01,0,0,2,0,2,0,2
40701,HUANUNI,desnutricion global,desnutricion moderada (m),2006-08-01,7,9,6,3,13,12,25
80803,HUARACAJE,desnutricion global,desnutricion moderada (m),2006-08-01,1,2,0,0,1,2,3
41601,HUAYLLAMARCA,desnutricion global,desnutricion moderada (m),2006-08-01,1,0,0,0,1,0,1
21005,ICHOCA,desnutricion global,desnutricion moderada (m),2006-08-01,0,0,2,1,2,1,3
10304,ICLA,desnutricion global,desnutricion moderada (m),2006-08-01,26,37,44,38,70,75,145
10703,INCAHUASI,desnutricion global,desnutricion moderada (m),2006-08-01,45,55,30,44,75,99,174
21001,INQUISIVI,desnutricion global,desnutricion moderada (m),2006-08-01,4,4,3,1,7,5,12
21102,IRUPANA (VILLA DE LANZA),desnutricion global,desnutricion moderada (m),2006-08-01,3,0,1,0,4,0,4
21501,IXIAMAS,desnutricion global,desnutricion moderada (m),2006-08-01,3,5,1,5,4,10,14
20806,JESUS DE MACHACA,desnutricion global,desnutricion moderada (m),2006-08-01,6,2,4,5,10,7,17
21105,LA ASUNTA,desnutricion global,desnutricion moderada (m),2006-08-01,2,5,0,2,2,7,9
70104,LA GUARDIA,desnutricion global,desnutricion moderada (m),2006-08-01,4,12,8,3,12,15,27
20101,LA PAZ,desnutricion global,desnutricion moderada (m),2006-08-01,227,164,48,82,275,246,521
70701,LAGUNILLAS,desnutricion global,desnutricion moderada (m),2006-08-01,1,1,1,0,2,1,3
21202,LAJA,desnutricion global,desnutricion moderada (m),2006-08-01,2,1,1,1,3,2,5
10903,LAS CARRERAS,desnutricion global,desnutricion moderada (m),2006-08-01,1,0,1,4,2,4,6
50203,LLALLAGUA,desnutricion global,desnutricion moderada (m),2006-08-01,36,25,35,31,71,56,127
80601,LORETO,desnutricion global,desnutricion moderada (m),2006-08-01,1,0,0,0,1,0,1
20901,LURIBAY,desnutricion global,desnutricion moderada (m),2006-08-01,8,14,3,6,11,20,31
40702,MACHACAMARCA,desnutricion global,desnutricion moderada (m),2006-08-01,0,1,0,0,0,1,1
11003,MACHARETI,desnutricion global,desnutricion moderada (m),2006-08-01,1,0,2,2,3,2,5
80801,MAGDALENA,desnutricion global,desnutricion moderada (m),2006-08-01,0,2,0,2,0,4,4
70903,MAIRANA,desnutricion global,desnutricion moderada (m),2006-08-01,1,1,0,1,1,2,3
20904,MALLA,desnutricion global,desnutricion moderada (m),2006-08-01,2,5,4,5,6,10,16
20607,MAPIRI,desnutricion global,desnutricion moderada (m),2006-08-01,1,6,5,4,6,10,16
20103,MECAPACA,desnutricion global,desnutricion moderada (m),2006-08-01,1,1,0,0,1,1,2
71003,MINEROS,desnutricion global,desnutricion moderada (m),2006-08-01,12,8,0,1,12,9,21
31301,MIZQUE,desnutricion global,desnutricion moderada (m),2006-08-01,10,11,9,6,19,17,36
20402,MOCOMOCO,desnutricion global,desnutricion moderada (m),2006-08-01,10,14,4,7,14,21,35
10303,MOJOCOYA,desnutricion global,desnutricion moderada (m),2006-08-01,6,4,5,8,11,12,23
10501,MONTEAGUDO,desnutricion global,desnutricion moderada (m),2006-08-01,11,7,14,13,25,20,45
71001,MONTERO,desnutricion global,desnutricion moderada (m),2006-08-01,38,40,11,16,49,56,105
30302,MOROCHATA,desnutricion global,desnutricion moderada (m),2006-08-01,10,5,5,6,15,11,26
50404,OCURI,desnutricion global,desnutricion moderada (m),2006-08-01,21,29,14,14,35,43,78
70202,OKINAWA,desnutricion global,desnutricion moderada (m),2006-08-01,1,1,0,0,1,1,2
30203,OMEREQUE,desnutricion global,desnutricion moderada (m),2006-08-01,0,1,0,0,0,1,1
40101,ORURO,desnutricion global,desnutricion moderada (m),2006-08-01,75,40,24,33,99,73,172
60201,PADCAYA,desnutricion global,desnutricion moderada (m),2006-08-01,1,1,0,2,1,3,4
10401,PADILLA,desnutricion global,desnutricion moderada (m),2006-08-01,6,15,9,13,15,28,43
70502,PAILON,desnutricion global,desnutricion moderada (m),2006-08-01,0,3,6,0,6,3,9
20102,PALCA,desnutricion global,desnutricion moderada (m),2006-08-01,3,3,4,3,7,6,13
21104,PALOS BLANCOS,desnutricion global,desnutricion moderada (m),2006-08-01,2,2,6,1,8,3,11
40802,PAMPA AULLAGAS,desnutricion global,desnutricion moderada (m),2006-08-01,0,1,1,2,1,3,4
70902,PAMPA GRANDE,desnutricion global,desnutricion moderada (m),2006-08-01,0,0,2,2,2,2,4
21802,PAPEL PAMPA,desnutricion global,desnutricion moderada (m),2006-08-01,1,1,0,1,1,2,3
30202,PASORAPA,desnutricion global,desnutricion moderada (m),2006-08-01,4,2,3,3,7,5,12
21305,PATACAMAYA,desnutricion global,desnutricion moderada (m),2006-08-01,8,4,8,5,16,9,25
40602,PAZÑA,desnutricion global,desnutricion moderada (m),2006-08-01,1,1,2,4,3,5,8
20702,PELECHUCO,desnutricion global,desnutricion moderada (m),2006-08-01,4,2,3,2,7,4,11
50403,POCOATA,desnutricion global,desnutricion moderada (m),2006-08-01,17,19,6,11,23,30,53
31203,POCONA,desnutricion global,desnutricion moderada (m),2006-08-01,3,2,1,5,4,7,11
31202,POJO (CBBA),desnutricion global,desnutricion moderada (m),2006-08-01,4,3,1,1,5,4,9
40601,POOPO,desnutricion global,desnutricion moderada (m),2006-08-01,1,1,1,3,2,4,6
51203,PORCO,desnutricion global,desnutricion moderada (m),2006-08-01,4,1,1,4,5,5,10
10103,POROMA,desnutricion global,desnutricion moderada (m),2006-08-01,28,21,11,16,39,37,76
70601,PORTACHUELO,desnutricion global,desnutricion moderada (m),2006-08-01,2,1,0,0,2,1,3
90102,PORVENIR,desnutricion global,desnutricion moderada (m),2006-08-01,3,2,6,1,9,3,12
70804,POSTRER VALLE,desnutricion global,desnutricion moderada (m),2006-08-01,2,1,2,4,4,5,9
50101,POTOSI,desnutricion global,desnutricion moderada (m),2006-08-01,95,57,39,33,134,90,224
10302,PRESTO,desnutricion global,desnutricion moderada (m),2006-08-01,11,3,15,12,26,15,41
70805,PUCARA,desnutricion global,desnutricion moderada (m),2006-08-01,1,0,0,0,1,0,1
21201,PUCARANI,desnutricion global,desnutricion moderada (m),2006-08-01,3,4,2,2,5,6,11
20401,PUERTO ACOSTA,desnutricion global,desnutricion moderada (m),2006-08-01,9,16,3,11,12,27,39
20403,PUERTO CARABUCO,desnutricion global,desnutricion moderada (m),2006-08-01,5,3,0,4,5,7,12
90301,PUERTO GONZALO MORENO,desnutricion global,desnutricion moderada (m),2006-08-01,2,3,0,3,2,6,8
21204,PUERTO PEREZ,desnutricion global,desnutricion moderada (m),2006-08-01,0,1,0,0,0,1,1
90201,PUERTO RICO,desnutricion global,desnutricion moderada (m),2006-08-01,1,1,0,0,1,1,2
71401,PUERTO SUAREZ,desnutricion global,desnutricion moderada (m),2006-08-01,3,2,1,1,4,3,7
31205,PUERTO VILLARROEL,desnutricion global,desnutricion moderada (m),2006-08-01,14,24,26,30,40,54,94
51101,PUNA,desnutricion global,desnutricion moderada (m),2006-08-01,41,34,29,32,70,66,136
31401,PUNATA,desnutricion global,desnutricion moderada (m),2006-08-01,3,10,5,4,8,14,22
20604,QUIABAYA,desnutricion global,desnutricion moderada (m),2006-08-01,5,1,0,1,5,2,7
30901,QUILLACOLLO,desnutricion global,desnutricion moderada (m),2006-08-01,9,6,5,10,14,16,30
21002,QUIME,desnutricion global,desnutricion moderada (m),2006-08-01,5,4,1,7,6,11,17
50402,RAVELO,desnutricion global,desnutricion moderada (m),2006-08-01,66,56,43,49,109,105,214
80301,REYES,desnutricion global,desnutricion moderada (m),2006-08-01,4,4,4,0,8,4,12
80201,RIBERALTA,desnutricion global,desnutricion moderada (m),2006-08-01,53,72,23,33,76,105,181
70503,ROBORE,desnutricion global,desnutricion moderada (m),2006-08-01,1,1,1,3,2,4,6
80304,RURRENABAQUE,desnutricion global,desnutricion moderada (m),2006-08-01,3,3,0,1,3,4,7
40901,SABAYA,desnutricion global,desnutricion moderada (m),2006-08-01,1,1,3,0,4,1,5
31001,SACABA,desnutricion global,desnutricion moderada (m),2006-08-01,17,9,3,10,20,19,39
30404,SACABAMBA,desnutricion global,desnutricion moderada (m),2006-08-01,0,0,1,1,1,1,2
50701,SACACA,desnutricion global,desnutricion moderada (m),2006-08-01,46,48,30,36,76,84,160
71302,SAIPINA,desnutricion global,desnutricion moderada (m),2006-08-01,1,2,3,4,4,6,10
40801,SALINAS DE GARCI MENDOZA,desnutricion global,desnutricion moderada (m),2006-08-01,4,3,7,3,11,6,17
70901,SAMAIPATA,desnutricion global,desnutricion moderada (m),2006-08-01,1,2,0,1,1,3,4
51601,SAN AGUSTIN,desnutricion global,desnutricion moderada (m),2006-08-01,0,1,0,0,0,1,1
80602,SAN ANDRES,desnutricion global,desnutricion moderada (m),2006-08-01,4,4,0,0,4,4,8
20805,SAN ANDRES DE MACHACA,desnutricion global,desnutricion moderada (m),2006-08-01,0,1,0,1,0,2,2
71105,SAN ANTONIO DE LOMERIO,desnutricion global,desnutricion moderada (m),2006-08-01,6,13,7,8,13,21,34
31403,SAN BENITO,desnutricion global,desnutricion moderada (m),2006-08-01,2,2,3,2,5,4,9
80302,SAN BORJA,desnutricion global,desnutricion moderada (m),2006-08-01,12,15,8,13,20,28,48
21502,SAN BUENA VENTURA,desnutricion global,desnutricion moderada (m),2006-08-01,4,1,1,4,5,5,10
70402,SAN CARLOS,desnutricion global,desnutricion moderada (m),2006-08-01,6,3,1,3,7,6,13
80501,SAN IGNACIO,desnutricion global,desnutricion moderada (m),2006-08-01,8,5,2,2,10,7,17
70301,SAN IGNACIO DE VELASCO,desnutricion global,desnutricion moderada (m),2006-08-01,17,33,20,21,37,54,91
80102,SAN JAVIER(BNI),desnutricion global,desnutricion moderada (m),2006-08-01,0,0,0,3,0,3,3
80701,SAN JOAQUIN,desnutricion global,desnutricion moderada (m),2006-08-01,0,0,0,2,0,2,2
70501,SAN JOSE DE CHIQUITOS,desnutricion global,desnutricion moderada (m),2006-08-01,2,2,1,2,3,4,7
70404,SAN JUAN DE YAPACANI,desnutricion global,desnutricion moderada (m),2006-08-01,1,1,0,4,1,5,6
71104,SAN JULIAN,desnutricion global,desnutricion moderada (m),2006-08-01,6,6,11,8,17,14,31
90302,SAN LORENZO(PND),desnutricion global,desnutricion moderada (m),2006-08-01,3,0,1,3,4,3,7
60501,SAN LORENZO(TJA),desnutricion global,desnutricion moderada (m),2006-08-01,5,4,5,10,10,14,24
10702,SAN LUCAS,desnutricion global,desnutricion moderada (m),2006-08-01,66,62,40,66,106,128,234
71201,SAN MATIAS,desnutricion global,desnutricion moderada (m),2006-08-01,1,1,2,4,3,5,8
70302,SAN MIGUEL DE VELASCO,desnutricion global,desnutricion moderada (m),2006-08-01,3,1,2,4,5,5,10
51001,SAN PABLO DE LIPEZ,desnutricion global,desnutricion moderada (m),2006-08-01,0,1,0,1,0,2,2
71005,SAN PEDRO,desnutricion global,desnutricion moderada (m),2006-08-01,4,1,0,1,4,2,6
50501,SAN PEDRO DE BUENA VISTA,desnutricion global,desnutricion moderada (m),2006-08-01,25,26,29,35,54,61,115
21801,SAN PEDRO DE CURAHUARA,desnutricion global,desnutricion moderada (m),2006-08-01,2,1,5,1,7,2,9
21702,SAN PEDRO DE TIQUINA,desnutricion global,desnutricion moderada (m),2006-08-01,1,0,0,1,1,1,2
90202,SAN PEDRO(PND),desnutricion global,desnutricion moderada (m),2006-08-01,0,0,0,3,0,3,3
70303,SAN RAFAEL,desnutricion global,desnutricion moderada (m),2006-08-01,4,2,0,2,4,4,8
80702,SAN RAMON,desnutricion global,desnutricion moderada (m),2006-08-01,1,0,0,1,1,1,2
80401,SANTA ANA,desnutricion global,desnutricion moderada (m),2006-08-01,2,2,0,0,2,2,4
70101,SANTA CRUZ DE LA SIERRA,desnutricion global,desnutricion moderada (m),2006-08-01,87,68,12,23,99,91,190
80303,SANTA ROSA,desnutricion global,desnutricion moderada (m),2006-08-01,1,7,0,1,1,8,9
70602,SANTA ROSA DEL SARA,desnutricion global,desnutricion moderada (m),2006-08-01,3,0,1,3,4,3,7
20308,SANTIAGO DE CALLAPA,desnutricion global,desnutricion moderada (m),2006-08-01,3,0,1,2,4,2,6
41401,SANTIAGO DE HUARI,desnutricion global,desnutricion moderada (m),2006-08-01,3,2,3,2,6,4,10
21901,SANTIAGO DE MACHACA,desnutricion global,desnutricion moderada (m),2006-08-01,0,1,0,0,0,1,1
30702,SANTIVAÑES,desnutricion global,desnutricion moderada (m),2006-08-01,6,6,7,4,13,10,23
20902,SAPAHAQUI,desnutricion global,desnutricion moderada (m),2006-08-01,11,5,0,5,11,10,21
90303,SENA,desnutricion global,desnutricion moderada (m),2006-08-01,2,1,5,1,7,2,9
21301,SICA SICA (VILLA AROMA),desnutricion global,desnutricion moderada (m),2006-08-01,15,9,2,8,17,17,34
30703,SICAYA,desnutricion global,desnutricion moderada (m),2006-08-01,1,3,1,0,2,3,5
30902,SIPE SIPE,desnutricion global,desnutricion moderada (m),2006-08-01,24,25,17,8,41,33,74
10403,SOPACHUY,desnutricion global,desnutricion moderada (m),2006-08-01,11,7,7,26,18,33,51
40104,SORACACHI,desnutricion global,desnutricion moderada (m),2006-08-01,8,9,1,3,9,12,21
20601,SORATA,desnutricion global,desnutricion moderada (m),2006-08-01,2,4,0,2,2,6,8
10101,SUCRE,desnutricion global,desnutricion moderada (m),2006-08-01,52,49,29,52,81,101,182
31404,TACACHI,desnutricion global,desnutricion moderada (m),2006-08-01,2,0,0,0,2,0,2
50303,TACOBAMBA,desnutricion global,desnutricion moderada (m),2006-08-01,5,20,8,7,13,27,40
30602,TACOPAYA,desnutricion global,desnutricion moderada (m),2006-08-01,11,10,5,7,16,17,33
31101,TAPACARI,desnutricion global,desnutricion moderada (m),2006-08-01,35,31,25,12,60,43,103
10601,TARABUCO,desnutricion global,desnutricion moderada (m),2006-08-01,39,27,43,53,82,80,162
30401,TARATA,desnutricion global,desnutricion moderada (m),2006-08-01,2,3,5,11,7,14,21
60101,TARIJA,desnutricion global,desnutricion moderada (m),2006-08-01,23,18,12,11,35,29,64
10202,TARVITA,desnutricion global,desnutricion moderada (m),2006-08-01,17,27,4,5,21,32,53
20608,TEOPONTE,desnutricion global,desnutricion moderada (m),2006-08-01,1,0,0,2,1,2,3
50102,TINGUIPAYA,desnutricion global,desnutricion moderada (m),2006-08-01,34,23,22,31,56,54,110
20606,TIPUANI,desnutricion global,desnutricion moderada (m),2006-08-01,2,0,2,0,4,0,4
30903,TIQUIPAYA,desnutricion global,desnutricion moderada (m),2006-08-01,7,5,6,4,13,9,22
31601,TIRAQUE (CBBA),desnutricion global,desnutricion moderada (m),2006-08-01,31,21,16,14,47,35,82
21703,TITO YUPANQUI (PARQUIPUJIO),desnutricion global,desnutricion moderada (m),2006-08-01,1,1,0,1,1,2,3
30802,TOCO,desnutricion global,desnutricion moderada (m),2006-08-01,1,0,0,0,1,0,1
30803,TOLATA,desnutricion global,desnutricion moderada (m),2006-08-01,0,2,0,0,0,2,2
51202,TOMAVE,desnutricion global,desnutricion moderada (m),2006-08-01,3,9,4,6,7,15,22
10402,TOMINA,desnutricion global,desnutricion moderada (m),2006-08-01,15,22,20,15,35,37,72
50502,TORO TORO,desnutricion global,desnutricion moderada (m),2006-08-01,29,16,14,12,43,28,71
31201,TOTORA(CBBA),desnutricion global,desnutricion moderada (m),2006-08-01,8,4,4,6,12,10,22
41301,TOTORA(ORR),desnutricion global,desnutricion moderada (m),2006-08-01,3,7,3,0,6,7,13
80101,TRINIDAD,desnutricion global,desnutricion moderada (m),2006-08-01,28,8,9,3,37,11,48
50801,TUPIZA,desnutricion global,desnutricion moderada (m),2006-08-01,10,15,8,6,18,21,39
40402,TURCO,desnutricion global,desnutricion moderada (m),2006-08-01,1,0,0,1,1,1,2
21302,UMALA,desnutricion global,desnutricion moderada (m),2006-08-01,2,3,0,1,2,4,6
50201,UNCIA,desnutricion global,desnutricion moderada (m),2006-08-01,8,8,10,5,18,13,31
60401,URIONDO (A. CONCEPCION),desnutricion global,desnutricion moderada (m),2006-08-01,1,5,1,9,2,14,16
71502,URUBICHA,desnutricion global,desnutricion moderada (m),2006-08-01,6,4,2,4,8,8,16
51201,UYUNI,desnutricion global,desnutricion moderada (m),2006-08-01,5,7,4,8,9,15,24
30502,VACAS,desnutricion global,desnutricion moderada (m),2006-08-01,6,7,2,6,8,13,21
70801,VALLEGRANDE,desnutricion global,desnutricion moderada (m),2006-08-01,1,2,0,2,1,4,5
20801,VIACHA,desnutricion global,desnutricion moderada (m),2006-08-01,2,2,0,3,2,5,7
31302,VILA VILA,desnutricion global,desnutricion moderada (m),2006-08-01,2,9,4,2,6,11,17
60303,VILLA MONTES,desnutricion global,desnutricion moderada (m),2006-08-01,2,2,3,2,5,4,9
90502,VILLA NUEVA (LOMA ALTA),desnutricion global,desnutricion moderada (m),2006-08-01,2,1,0,2,2,3,5
31402,VILLA RIVERO,desnutricion global,desnutricion moderada (m),2006-08-01,5,7,5,4,10,11,21
10801,VILLA SERRANO,desnutricion global,desnutricion moderada (m),2006-08-01,11,10,14,18,25,28,53
31003,VILLA TUNARI,desnutricion global,desnutricion moderada (m),2006-08-01,30,30,17,20,47,50,97
11001,VILLA VACA GUZMAN (MUYUPAMPA),desnutricion global,desnutricion moderada (m),2006-08-01,0,2,2,1,2,3,5
51501,VILLAZON,desnutricion global,desnutricion moderada (m),2006-08-01,14,10,9,9,23,19,42
30904,VINTO,desnutricion global,desnutricion moderada (m),2006-08-01,5,3,0,4,5,7,12
50602,VITICHI,desnutricion global,desnutricion moderada (m),2006-08-01,19,6,25,24,44,30,74
20306,WALDO BALLIVIAN,desnutricion global,desnutricion moderada (m),2006-08-01,0,2,0,3,0,5,5
70201,WARNES,desnutricion global,desnutricion moderada (m),2006-08-01,13,8,2,9,15,17,32
20903,YACO,desnutricion global,desnutricion moderada (m),2006-08-01,5,9,6,8,11,17,28
60301,YACUIBA,desnutricion global,desnutricion moderada (m),2006-08-01,8,5,4,3,12,8,20
10602,YAMPARAEZ,desnutricion global,desnutricion moderada (m),2006-08-01,12,12,10,13,22,25,47
21103,YANACACHI,desnutricion global,desnutricion moderada (m),2006-08-01,2,0,0,1,2,1,3
70403,YAPACANI,desnutricion global,desnutricion moderada (m),2006-08-01,7,8,4,4,11,12,23
50103,YOCALLA,desnutricion global,desnutricion moderada (m),2006-08-01,0,0,0,1,0,1,1
10102,YOTALA,desnutricion global,desnutricion moderada (m),2006-08-01,9,4,2,12,11,16,27
60402,YUNCHARA,desnutricion global,desnutricion moderada (m),2006-08-01,1,4,2,6,3,10,13
10301,ZUDAÑEZ,desnutricion global,desnutricion moderada (m),2006-08-01,6,3,11,15,17,18,35
51302,ACACIO,desnutricion global,desnutricion moderada (m),2006-09-01,8,6,1,3,9,9,18
20201,ACHACACHI,desnutricion global,desnutricion moderada (m),2006-09-01,12,7,4,5,16,12,28
30201,AIQUILE,desnutricion global,desnutricion moderada (m),2006-09-01,8,9,5,8,13,17,30
10404,ALCALA,desnutricion global,desnutricion moderada (m),2006-09-01,6,2,10,7,16,9,25
20202,ANCORAIMES,desnutricion global,desnutricion moderada (m),2006-09-01,3,2,0,1,3,3,6
41201,ANDAMARCA,desnutricion global,desnutricion moderada (m),2006-09-01,5,0,0,1,5,1,6
30402,ANZALDO,desnutricion global,desnutricion moderada (m),2006-09-01,5,6,4,4,9,10,19
20701,APOLO,desnutricion global,desnutricion moderada (m),2006-09-01,7,4,2,2,9,6,15
51301,ARAMPAMPA,desnutricion global,desnutricion moderada (m),2006-09-01,11,8,7,14,18,22,40
30501,ARANI,desnutricion global,desnutricion moderada (m),2006-09-01,5,3,2,1,7,4,11
30403,ARBIETO,desnutricion global,desnutricion moderada (m),2006-09-01,1,1,0,0,1,1,2
30601,ARQUE,desnutricion global,desnutricion moderada (m),2006-09-01,13,12,7,10,20,22,42
50802,ATOCHA,desnutricion global,desnutricion moderada (m),2006-09-01,4,1,2,0,6,1,7
20503,AUCAPATA,desnutricion global,desnutricion moderada (m),2006-09-01,5,3,4,2,9,5,14
20502,AYATA,desnutricion global,desnutricion moderada (m),2006-09-01,7,1,4,4,11,5,16
21303,AYO AYO,desnutricion global,desnutricion moderada (m),2006-09-01,5,1,0,0,5,1,6
30301,AYOPAYA (V. DE INDEPENDENCIA),desnutricion global,desnutricion moderada (m),2006-09-01,10,17,10,5,20,22,42
10201,AZURDUY,desnutricion global,desnutricion moderada (m),2006-09-01,21,24,19,19,40,43,83
21203,BATALLAS,desnutricion global,desnutricion moderada (m),2006-09-01,0,3,1,0,1,3,4
80802,BAURES,desnutricion global,desnutricion moderada (m),2006-09-01,2,0,0,1,2,1,3
41202,BELEN DE ANDAMARCA,desnutricion global,desnutricion moderada (m),2006-09-01,1,1,1,0,2,1,3
50104,BELEN DE URMIRI,desnutricion global,desnutricion moderada (m),2006-09-01,3,1,0,1,3,2,5
90104,BELLA FLOR,desnutricion global,desnutricion moderada (m),2006-09-01,2,1,1,0,3,1,4
60202,BERMEJO,desnutricion global,desnutricion moderada (m),2006-09-01,2,1,1,0,3,1,4
50301,BETANZOS,desnutricion global,desnutricion moderada (m),2006-09-01,33,22,13,26,46,48,94
31501,BOLIVAR,desnutricion global,desnutricion moderada (m),2006-09-01,24,24,8,9,32,33,65
70707,BOYUIBE,desnutricion global,desnutricion moderada (m),2006-09-01,3,1,0,1,3,2,5
70401,BUENA VISTA,desnutricion global,desnutricion moderada (m),2006-09-01,0,0,3,1,3,1,4
70703,CABEZAS,desnutricion global,desnutricion moderada (m),2006-09-01,1,3,2,3,3,6,9
20905,CAIROMA,desnutricion global,desnutricion moderada (m),2006-09-01,14,8,10,16,24,24,48
51102,"CAIZA ""D""",desnutricion global,desnutricion moderada (m),2006-09-01,4,3,6,4,10,7,17
21003,CAJUATA,desnutricion global,desnutricion moderada (m),2006-09-01,4,1,0,2,4,3,7
21304,CALAMARCA,desnutricion global,desnutricion moderada (m),2006-09-01,21,7,13,11,34,18,52
10701,CAMARGO,desnutricion global,desnutricion moderada (m),2006-09-01,13,19,8,9,21,28,49
10901,CAMATAQUI (C. VILLA ABECIA),desnutricion global,desnutricion moderada (m),2006-09-01,1,1,1,1,2,2,4
70706,CAMIRI,desnutricion global,desnutricion moderada (m),2006-09-01,9,8,10,13,19,21,40
30701,CAPINOTA,desnutricion global,desnutricion moderada (m),2006-09-01,7,8,13,9,20,17,37
20302,CAQUIAVIRI,desnutricion global,desnutricion moderada (m),2006-09-01,1,4,1,0,2,4,6
40102,CARACOLLO,desnutricion global,desnutricion moderada (m),2006-09-01,0,5,0,1,0,6,6
22001,CARANAVI,desnutricion global,desnutricion moderada (m),2006-09-01,13,12,6,5,19,17,36
60302,CARAPARI,desnutricion global,desnutricion moderada (m),2006-09-01,2,1,2,1,4,2,6
50702,CARIPUYO,desnutricion global,desnutricion moderada (m),2006-09-01,9,10,9,18,18,28,46
71403,CARMEN RIVERO TORREZ,desnutricion global,desnutricion moderada (m),2006-09-01,1,0,0,0,1,0,1
21803,CHACARILLA,desnutricion global,desnutricion moderada (m),2006-09-01,1,1,1,1,2,2,4
40201,CHALLAPATA,desnutricion global,desnutricion moderada (m),2006-09-01,12,9,5,12,17,21,38
50302,CHAQUI,desnutricion global,desnutricion moderada (m),2006-09-01,6,4,4,3,10,7,17
70702,CHARAGUA,desnutricion global,desnutricion moderada (m),2006-09-01,5,0,1,2,6,2,8
50202,CHAYANTA,desnutricion global,desnutricion moderada (m),2006-09-01,21,18,13,13,34,31,65
31204,CHIMORE,desnutricion global,desnutricion moderada (m),2006-09-01,3,4,1,6,4,10,14
40903,CHIPAYA,desnutricion global,desnutricion moderada (m),2006-09-01,1,1,1,0,2,1,3
40302,CHOQUE COTA,desnutricion global,desnutricion moderada (m),2006-09-01,2,1,1,2,3,3,6
21101,CHULUMANI (V. DE LA LIBERTAD),desnutricion global,desnutricion moderada (m),2006-09-01,1,2,0,0,1,2,3
20501,CHUMA,desnutricion global,desnutricion moderada (m),2006-09-01,4,3,6,6,10,9,19
30801,CLIZA,desnutricion global,desnutricion moderada (m),2006-09-01,1,2,1,1,2,3,5
90101,COBIJA,desnutricion global,desnutricion moderada (m),2006-09-01,6,1,6,4,12,5,17
30101,COCHABAMBA,desnutricion global,desnutricion moderada (m),2006-09-01,88,53,50,32,138,85,223
40902,COIPASA,desnutricion global,desnutricion moderada (m),2006-09-01,1,0,0,0,1,0,1
30905,COLCAPIRHUA,desnutricion global,desnutricion moderada (m),2006-09-01,6,4,9,2,15,6,21
50901,"COLCHA ""K""",desnutricion global,desnutricion moderada (m),2006-09-01,2,3,0,0,2,3,5
21307,COLLANA,desnutricion global,desnutricion moderada (m),2006-09-01,1,0,0,0,1,0,1
31002,COLOMI,desnutricion global,desnutricion moderada (m),2006-09-01,4,5,1,2,5,7,12
70603,COLPA BELGICA,desnutricion global,desnutricion moderada (m),2006-09-01,3,0,0,1,3,1,4
50401,COLQUECHACA,desnutricion global,desnutricion moderada (m),2006-09-01,25,26,35,15,60,41,101
21306,COLQUENCHA,desnutricion global,desnutricion moderada (m),2006-09-01,9,6,2,1,11,7,18
21004,COLQUIRI,desnutricion global,desnutricion moderada (m),2006-09-01,11,11,5,5,16,16,32
20304,COMANCHE,desnutricion global,desnutricion moderada (m),2006-09-01,0,0,0,1,0,1,1
71301,COMARAPA,desnutricion global,desnutricion moderada (m),2006-09-01,0,3,3,4,3,7,10
20605,COMBAYA,desnutricion global,desnutricion moderada (m),2006-09-01,1,1,0,0,1,1,2
71101,CONCEPCION,desnutricion global,desnutricion moderada (m),2006-09-01,1,0,1,0,2,0,2
21701,COPACABANA,desnutricion global,desnutricion moderada (m),2006-09-01,0,1,2,0,2,1,3
21402,CORIPATA,desnutricion global,desnutricion moderada (m),2006-09-01,2,4,0,1,2,5,7
20301,CORO CORO,desnutricion global,desnutricion moderada (m),2006-09-01,3,1,1,1,4,2,6
21401,COROICO,desnutricion global,desnutricion moderada (m),2006-09-01,1,4,3,2,4,6,10
40301,CORQUE,desnutricion global,desnutricion moderada (m),2006-09-01,1,4,0,3,1,7,8
50601,COTAGAITA,desnutricion global,desnutricion moderada (m),2006-09-01,13,21,5,11,18,32,50
70102,COTOCA,desnutricion global,desnutricion moderada (m),2006-09-01,5,4,1,2,6,6,12
71106,CUATRO CAÑADAS,desnutricion global,desnutricion moderada (m),2006-09-01,1,1,0,4,1,5,6
31405,CUCHUMUELA (V. G. VILLARROEL),desnutricion global,desnutricion moderada (m),2006-09-01,0,1,0,0,0,1,1
70704,CUEVO,desnutricion global,desnutricion moderada (m),2006-09-01,2,1,3,1,5,2,7
10902,CULPINA,desnutricion global,desnutricion moderada (m),2006-09-01,27,20,13,23,40,43,83
40401,CURAHUARA DE CARANGAS,desnutricion global,desnutricion moderada (m),2006-09-01,0,1,1,0,1,1,2
21602,CURVA,desnutricion global,desnutricion moderada (m),2006-09-01,2,0,3,1,5,1,6
20804,DESAGUADERO,desnutricion global,desnutricion moderada (m),2006-09-01,4,1,0,0,4,1,5
20105,EL ALTO,desnutricion global,desnutricion moderada (m),2006-09-01,212,161,97,99,309,260,569
40103,EL CHORO,desnutricion global,desnutricion moderada (m),2006-09-01,0,1,1,0,1,1,2
71503,EL PUENTE(STC),desnutricion global,desnutricion moderada (m),2006-09-01,8,4,1,1,9,5,14
60502,EL PUENTE(TJA),desnutricion global,desnutricion moderada (m),2006-09-01,1,0,2,2,3,2,5
70105,EL TORNO,desnutricion global,desnutricion moderada (m),2006-09-01,3,0,5,7,8,7,15
10405,EL VILLAR,desnutricion global,desnutricion moderada (m),2006-09-01,3,2,1,6,4,8,12
60601,ENTRE RIOS,desnutricion global,desnutricion moderada (m),2006-09-01,10,14,2,5,12,19,31
60601,ENTRE RIOS,desnutricion global,desnutricion moderada (m),2006-09-01,4,5,3,7,7,12,19
41101,EUCALIPTUS,desnutricion global,desnutricion moderada (m),2006-09-01,0,0,0,3,0,3,3
90503,EUREKA (SANTOS MERCADO),desnutricion global,desnutricion moderada (m),2006-09-01,0,1,0,1,0,2,2
80402,EXALTACION,desnutricion global,desnutricion moderada (m),2006-09-01,1,0,0,0,1,0,1
71004,FERNANDEZ ALONSO,desnutricion global,desnutricion moderada (m),2006-09-01,0,1,2,1,2,2,4
71002,GENERAL SAAVEDRA,desnutricion global,desnutricion moderada (m),2006-09-01,10,3,3,2,13,5,18
21601,GRAL. J.J. PEREZ (CHARAZANI),desnutricion global,desnutricion moderada (m),2006-09-01,6,3,6,4,12,7,19
20602,GUANAY,desnutricion global,desnutricion moderada (m),2006-09-01,7,6,3,1,10,7,17
20802,GUAQUI,desnutricion global,desnutricion moderada (m),2006-09-01,1,1,1,1,2,2,4
80202,GUAYARAMERIN,desnutricion global,desnutricion moderada (m),2006-09-01,15,12,2,7,17,19,36
70705,GUTIERREZ,desnutricion global,desnutricion moderada (m),2006-09-01,10,12,8,20,18,32,50
10502,HUACARETA,desnutricion global,desnutricion moderada (m),2006-09-01,6,5,0,0,6,5,11
11002,HUACAYA (VILLA DE HUACAYA),desnutricion global,desnutricion moderada (m),2006-09-01,0,0,1,0,1,0,1
40501,HUACHACALLA,desnutricion global,desnutricion moderada (m),2006-09-01,0,0,0,1,0,1,1
40701,HUANUNI,desnutricion global,desnutricion moderada (m),2006-09-01,5,3,1,1,6,4,10
41601,HUAYLLAMARCA,desnutricion global,desnutricion moderada (m),2006-09-01,2,1,0,2,2,3,5
21005,ICHOCA,desnutricion global,desnutricion moderada (m),2006-09-01,1,2,2,2,3,4,7
10304,ICLA,desnutricion global,desnutricion moderada (m),2006-09-01,21,27,25,34,46,61,107
10703,INCAHUASI,desnutricion global,desnutricion moderada (m),2006-09-01,36,35,25,44,61,79,140
21001,INQUISIVI,desnutricion global,desnutricion moderada (m),2006-09-01,8,4,5,6,13,10,23
21102,IRUPANA (VILLA DE LANZA),desnutricion global,desnutricion moderada (m),2006-09-01,6,4,3,1,9,5,14
21501,IXIAMAS,desnutricion global,desnutricion moderada (m),2006-09-01,2,2,0,1,2,3,5
20806,JESUS DE MACHACA,desnutricion global,desnutricion moderada (m),2006-09-01,8,2,3,4,11,6,17
21105,LA ASUNTA,desnutricion global,desnutricion moderada (m),2006-09-01,0,4,2,1,2,5,7
70104,LA GUARDIA,desnutricion global,desnutricion moderada (m),2006-09-01,6,7,5,6,11,13,24
20101,LA PAZ,desnutricion global,desnutricion moderada (m),2006-09-01,169,135,45,53,214,188,402
70701,LAGUNILLAS,desnutricion global,desnutricion moderada (m),2006-09-01,2,4,4,4,6,8,14
21202,LAJA,desnutricion global,desnutricion moderada (m),2006-09-01,1,2,1,1,2,3,5
10903,LAS CARRERAS,desnutricion global,desnutricion moderada (m),2006-09-01,0,0,1,3,1,3,4
21006,LICOMA PAMPA,desnutricion global,desnutricion moderada (m),2006-09-01,2,0,0,1,2,1,3
50203,LLALLAGUA,desnutricion global,desnutricion moderada (m),2006-09-01,21,25,15,14,36,39,75
51401,LLICA,desnutricion global,desnutricion moderada (m),2006-09-01,0,0,1,1,1,1,2
20901,LURIBAY,desnutricion global,desnutricion moderada (m),2006-09-01,6,4,8,6,14,10,24
40702,MACHACAMARCA,desnutricion global,desnutricion moderada (m),2006-09-01,0,0,1,0,1,0,1
11003,MACHARETI,desnutricion global,desnutricion moderada (m),2006-09-01,1,0,2,3,3,3,6
80801,MAGDALENA,desnutricion global,desnutricion moderada (m),2006-09-01,0,6,1,0,1,6,7
70903,MAIRANA,desnutricion global,desnutricion moderada (m),2006-09-01,0,0,1,1,1,1,2
20904,MALLA,desnutricion global,desnutricion moderada (m),2006-09-01,2,2,5,4,7,6,13
20607,MAPIRI,desnutricion global,desnutricion moderada (m),2006-09-01,1,4,1,2,2,6,8
20103,MECAPACA,desnutricion global,desnutricion moderada (m),2006-09-01,2,3,0,1,2,4,6
71003,MINEROS,desnutricion global,desnutricion moderada (m),2006-09-01,4,6,1,5,5,11,16
31301,MIZQUE,desnutricion global,desnutricion moderada (m),2006-09-01,6,11,2,13,8,24,32
20402,MOCOMOCO,desnutricion global,desnutricion moderada (m),2006-09-01,10,10,1,2,11,12,23
10303,MOJOCOYA,desnutricion global,desnutricion moderada (m),2006-09-01,5,5,4,7,9,12,21
10501,MONTEAGUDO,desnutricion global,desnutricion moderada (m),2006-09-01,14,6,11,12,25,18,43
71001,MONTERO,desnutricion global,desnutricion moderada (m),2006-09-01,14,14,13,13,27,27,54
30302,MOROCHATA,desnutricion global,desnutricion moderada (m),2006-09-01,10,8,9,10,19,18,37
50404,OCURI,desnutricion global,desnutricion moderada (m),2006-09-01,34,25,9,13,43,38,81
70202,OKINAWA,desnutricion global,desnutricion moderada (m),2006-09-01,3,1,0,0,3,1,4
30203,OMEREQUE,desnutricion global,desnutricion moderada (m),2006-09-01,0,1,1,1,1,2,3
40101,ORURO,desnutricion global,desnutricion moderada (m),2006-09-01,48,31,25,19,73,50,123
60201,PADCAYA,desnutricion global,desnutricion moderada (m),2006-09-01,3,5,3,7,6,12,18
10401,PADILLA,desnutricion global,desnutricion moderada (m),2006-09-01,10,7,5,7,15,14,29
70502,PAILON,desnutricion global,desnutricion moderada (m),2006-09-01,0,6,2,0,2,6,8
20102,PALCA,desnutricion global,desnutricion moderada (m),2006-09-01,3,2,3,0,6,2,8
21104,PALOS BLANCOS,desnutricion global,desnutricion moderada (m),2006-09-01,2,2,9,5,11,7,18
40802,PAMPA AULLAGAS,desnutricion global,desnutricion moderada (m),2006-09-01,1,0,1,1,2,1,3
70902,PAMPA GRANDE,desnutricion global,desnutricion moderada (m),2006-09-01,0,0,0,3,0,3,3
21802,PAPEL PAMPA,desnutricion global,desnutricion moderada (m),2006-09-01,0,0,1,0,1,0,1
30202,PASORAPA,desnutricion global,desnutricion moderada (m),2006-09-01,1,1,3,2,4,3,7
21305,PATACAMAYA,desnutricion global,desnutricion moderada (m),2006-09-01,3,7,1,1,4,8,12
40602,PAZÑA,desnutricion global,desnutricion moderada (m),2006-09-01,2,2,2,1,4,3,7
20702,PELECHUCO,desnutricion global,desnutricion moderada (m),2006-09-01,7,3,3,4,10,7,17
50403,POCOATA,desnutricion global,desnutricion moderada (m),2006-09-01,15,20,9,15,24,35,59
31203,POCONA,desnutricion global,desnutricion moderada (m),2006-09-01,6,11,5,13,11,24,35
31202,POJO (CBBA),desnutricion global,desnutricion moderada (m),2006-09-01,7,5,3,8,10,13,23
51203,PORCO,desnutricion global,desnutricion moderada (m),2006-09-01,6,7,0,4,6,11,17
10103,POROMA,desnutricion global,desnutricion moderada (m),2006-09-01,32,28,16,29,48,57,105
70601,PORTACHUELO,desnutricion global,desnutricion moderada (m),2006-09-01,1,0,1,0,2,0,2
90102,PORVENIR,desnutricion global,desnutricion moderada (m),2006-09-01,1,1,0,0,1,1,2
70804,POSTRER VALLE,desnutricion global,desnutricion moderada (m),2006-09-01,1,1,2,0,3,1,4
50101,POTOSI,desnutricion global,desnutricion moderada (m),2006-09-01,94,57,29,31,123,88,211
10302,PRESTO,desnutricion global,desnutricion moderada (m),2006-09-01,13,3,8,4,21,7,28
70805,PUCARA,desnutricion global,desnutricion moderada (m),2006-09-01,1,0,0,0,1,0,1
21201,PUCARANI,desnutricion global,desnutricion moderada (m),2006-09-01,3,4,4,0,7,4,11
20401,PUERTO ACOSTA,desnutricion global,desnutricion moderada (m),2006-09-01,7,12,6,5,13,17,30
20403,PUERTO CARABUCO,desnutricion global,desnutricion moderada (m),2006-09-01,6,4,2,3,8,7,15
90301,PUERTO GONZALO MORENO,desnutricion global,desnutricion moderada (m),2006-09-01,3,6,3,1,6,7,13
21204,PUERTO PEREZ,desnutricion global,desnutricion moderada (m),2006-09-01,0,0,1,0,1,0,1
71402,PUERTO QUIJARRO,desnutricion global,desnutricion moderada (m),2006-09-01,3,2,1,0,4,2,6
80703,PUERTO SILES,desnutricion global,desnutricion moderada (m),2006-09-01,0,1,1,1,1,2,3
71401,PUERTO SUAREZ,desnutricion global,desnutricion moderada (m),2006-09-01,2,2,0,1,2,3,5
31205,PUERTO VILLARROEL,desnutricion global,desnutricion moderada (m),2006-09-01,15,31,12,20,27,51,78
51101,PUNA,desnutricion global,desnutricion moderada (m),2006-09-01,42,43,27,31,69,74,143
31401,PUNATA,desnutricion global,desnutricion moderada (m),2006-09-01,7,7,5,2,12,9,21
20604,QUIABAYA,desnutricion global,desnutricion moderada (m),2006-09-01,3,1,1,1,4,2,6
30901,QUILLACOLLO,desnutricion global,desnutricion moderada (m),2006-09-01,9,11,9,13,18,24,42
21002,QUIME,desnutricion global,desnutricion moderada (m),2006-09-01,3,3,0,2,3,5,8
50402,RAVELO,desnutricion global,desnutricion moderada (m),2006-09-01,74,48,35,46,109,94,203
80301,REYES,desnutricion global,desnutricion moderada (m),2006-09-01,4,4,2,4,6,8,14
80201,RIBERALTA,desnutricion global,desnutricion moderada (m),2006-09-01,45,49,14,32,59,81,140
70503,ROBORE,desnutricion global,desnutricion moderada (m),2006-09-01,0,1,2,1,2,2,4
80304,RURRENABAQUE,desnutricion global,desnutricion moderada (m),2006-09-01,3,0,0,2,3,2,5
40901,SABAYA,desnutricion global,desnutricion moderada (m),2006-09-01,1,0,0,0,1,0,1
31001,SACABA,desnutricion global,desnutricion moderada (m),2006-09-01,22,15,14,21,36,36,72
30404,SACABAMBA,desnutricion global,desnutricion moderada (m),2006-09-01,6,7,8,6,14,13,27
50701,SACACA,desnutricion global,desnutricion moderada (m),2006-09-01,31,39,28,28,59,67,126
71302,SAIPINA,desnutricion global,desnutricion moderada (m),2006-09-01,0,2,1,2,1,4,5
40801,SALINAS DE GARCI MENDOZA,desnutricion global,desnutricion moderada (m),2006-09-01,7,1,2,1,9,2,11
70901,SAMAIPATA,desnutricion global,desnutricion moderada (m),2006-09-01,3,1,0,0,3,1,4
80602,SAN ANDRES,desnutricion global,desnutricion moderada (m),2006-09-01,1,1,2,1,3,2,5
20805,SAN ANDRES DE MACHACA,desnutricion global,desnutricion moderada (m),2006-09-01,0,1,0,1,0,2,2
51003,SAN ANTONIO DE ESMORUCO,desnutricion global,desnutricion moderada (m),2006-09-01,0,1,0,0,0,1,1
71105,SAN ANTONIO DE LOMERIO,desnutricion global,desnutricion moderada (m),2006-09-01,6,8,6,4,12,12,24
31403,SAN BENITO,desnutricion global,desnutricion moderada (m),2006-09-01,6,3,7,5,13,8,21
80302,SAN BORJA,desnutricion global,desnutricion moderada (m),2006-09-01,8,11,2,3,10,14,24
21502,SAN BUENA VENTURA,desnutricion global,desnutricion moderada (m),2006-09-01,4,0,0,4,4,4,8
70402,SAN CARLOS,desnutricion global,desnutricion moderada (m),2006-09-01,8,3,0,3,8,6,14
80501,SAN IGNACIO,desnutricion global,desnutricion moderada (m),2006-09-01,6,4,5,13,11,17,28
70301,SAN IGNACIO DE VELASCO,desnutricion global,desnutricion moderada (m),2006-09-01,19,20,12,31,31,51,82
80102,SAN JAVIER(BNI),desnutricion global,desnutricion moderada (m),2006-09-01,0,0,1,2,1,2,3
70501,SAN JOSE DE CHIQUITOS,desnutricion global,desnutricion moderada (m),2006-09-01,1,4,1,1,2,5,7
70404,SAN JUAN DE YAPACANI,desnutricion global,desnutricion moderada (m),2006-09-01,0,0,1,0,1,0,1
71104,SAN JULIAN,desnutricion global,desnutricion moderada (m),2006-09-01,1,6,5,7,6,13,19
60501,SAN LORENZO(TJA),desnutricion global,desnutricion moderada (m),2006-09-01,10,13,12,15,22,28,50
10702,SAN LUCAS,desnutricion global,desnutricion moderada (m),2006-09-01,55,49,47,64,102,113,215
71201,SAN MATIAS,desnutricion global,desnutricion moderada (m),2006-09-01,0,4,2,0,2,4,6
70302,SAN MIGUEL DE VELASCO,desnutricion global,desnutricion moderada (m),2006-09-01,2,1,1,4,3,5,8
51001,SAN PABLO DE LIPEZ,desnutricion global,desnutricion moderada (m),2006-09-01,3,2,1,1,4,3,7
71005,SAN PEDRO,desnutricion global,desnutricion moderada (m),2006-09-01,3,2,0,0,3,2,5
50501,SAN PEDRO DE BUENA VISTA,desnutricion global,desnutricion moderada (m),2006-09-01,21,28,22,14,43,42,85
21801,SAN PEDRO DE CURAHUARA,desnutricion global,desnutricion moderada (m),2006-09-01,0,2,0,3,0,5,5
90202,SAN PEDRO(PND),desnutricion global,desnutricion moderada (m),2006-09-01,0,0,0,1,0,1,1
70303,SAN RAFAEL,desnutricion global,desnutricion moderada (m),2006-09-01,2,3,2,0,4,3,7
80702,SAN RAMON,desnutricion global,desnutricion moderada (m),2006-09-01,1,0,0,0,1,0,1
80401,SANTA ANA,desnutricion global,desnutricion moderada (m),2006-09-01,2,1,0,1,2,2,4
70101,SANTA CRUZ DE LA SIERRA,desnutricion global,desnutricion moderada (m),2006-09-01,64,63,22,28,86,91,177
80303,SANTA ROSA,desnutricion global,desnutricion moderada (m),2006-09-01,5,6,0,2,5,8,13
70602,SANTA ROSA DEL SARA,desnutricion global,desnutricion moderada (m),2006-09-01,5,0,1,1,6,1,7
20308,SANTIAGO DE CALLAPA,desnutricion global,desnutricion moderada (m),2006-09-01,1,0,1,1,2,1,3
41401,SANTIAGO DE HUARI,desnutricion global,desnutricion moderada (m),2006-09-01,4,3,3,1,7,4,11
30702,SANTIVAÑES,desnutricion global,desnutricion moderada (m),2006-09-01,1,3,8,4,9,7,16
40202,SANTUARIO DE QUILLACAS,desnutricion global,desnutricion moderada (m),2006-09-01,0,0,0,1,0,1,1
20902,SAPAHAQUI,desnutricion global,desnutricion moderada (m),2006-09-01,13,7,5,5,18,12,30
90303,SENA,desnutricion global,desnutricion moderada (m),2006-09-01,3,1,1,1,4,2,6
21301,SICA SICA (VILLA AROMA),desnutricion global,desnutricion moderada (m),2006-09-01,20,16,4,6,24,22,46
30703,SICAYA,desnutricion global,desnutricion moderada (m),2006-09-01,3,2,4,1,7,3,10
30902,SIPE SIPE,desnutricion global,desnutricion moderada (m),2006-09-01,21,18,22,18,43,36,79
10403,SOPACHUY,desnutricion global,desnutricion moderada (m),2006-09-01,7,14,13,34,20,48,68
40104,SORACACHI,desnutricion global,desnutricion moderada (m),2006-09-01,8,7,0,2,8,9,17
20601,SORATA,desnutricion global,desnutricion moderada (m),2006-09-01,3,0,2,2,5,2,7
10101,SUCRE,desnutricion global,desnutricion moderada (m),2006-09-01,56,47,23,42,79,89,168
31404,TACACHI,desnutricion global,desnutricion moderada (m),2006-09-01,1,0,1,0,2,0,2
20603,TACACOMA,desnutricion global,desnutricion moderada (m),2006-09-01,0,0,0,1,0,1,1
50303,TACOBAMBA,desnutricion global,desnutricion moderada (m),2006-09-01,10,17,2,4,12,21,33
30602,TACOPAYA,desnutricion global,desnutricion moderada (m),2006-09-01,12,5,12,6,24,11,35
51402,TAHUA,desnutricion global,desnutricion moderada (m),2006-09-01,0,0,0,1,0,1,1
31101,TAPACARI,desnutricion global,desnutricion moderada (m),2006-09-01,44,40,22,36,66,76,142
10601,TARABUCO,desnutricion global,desnutricion moderada (m),2006-09-01,40,17,17,30,57,47,104
30401,TARATA,desnutricion global,desnutricion moderada (m),2006-09-01,2,3,0,2,2,5,7
60101,TARIJA,desnutricion global,desnutricion moderada (m),2006-09-01,16,11,14,15,30,26,56
10202,TARVITA,desnutricion global,desnutricion moderada (m),2006-09-01,23,22,24,28,47,50,97
20608,TEOPONTE,desnutricion global,desnutricion moderada (m),2006-09-01,3,1,2,1,5,2,7
20803,TIAWANACU,desnutricion global,desnutricion moderada (m),2006-09-01,1,1,0,0,1,1,2
50102,TINGUIPAYA,desnutricion global,desnutricion moderada (m),2006-09-01,26,32,31,36,57,68,125
20606,TIPUANI,desnutricion global,desnutricion moderada (m),2006-09-01,0,0,1,0,1,0,1
30903,TIQUIPAYA,desnutricion global,desnutricion moderada (m),2006-09-01,7,6,0,3,7,9,16
31601,TIRAQUE (CBBA),desnutricion global,desnutricion moderada (m),2006-09-01,17,21,19,19,36,40,76
21703,TITO YUPANQUI (PARQUIPUJIO),desnutricion global,desnutricion moderada (m),2006-09-01,0,1,0,1,0,2,2
30802,TOCO,desnutricion global,desnutricion moderada (m),2006-09-01,3,1,0,0,3,1,4
30803,TOLATA,desnutricion global,desnutricion moderada (m),2006-09-01,0,1,0,1,0,2,2
41001,TOLEDO,desnutricion global,desnutricion moderada (m),2006-09-01,0,0,0,1,0,1,1
51202,TOMAVE,desnutricion global,desnutricion moderada (m),2006-09-01,13,3,5,0,18,3,21
10402,TOMINA,desnutricion global,desnutricion moderada (m),2006-09-01,23,19,17,18,40,37,77
50502,TORO TORO,desnutricion global,desnutricion moderada (m),2006-09-01,33,21,9,23,42,44,86
31201,TOTORA(CBBA),desnutricion global,desnutricion moderada (m),2006-09-01,7,18,8,7,15,25,40
41301,TOTORA(ORR),desnutricion global,desnutricion moderada (m),2006-09-01,2,2,2,1,4,3,7
70802,TRIGAL,desnutricion global,desnutricion moderada (m),2006-09-01,0,1,0,0,0,1,1
80101,TRINIDAD,desnutricion global,desnutricion moderada (m),2006-09-01,21,14,9,10,30,24,54
50801,TUPIZA,desnutricion global,desnutricion moderada (m),2006-09-01,12,11,8,9,20,20,40
40402,TURCO,desnutricion global,desnutricion moderada (m),2006-09-01,1,2,1,0,2,2,4
21302,UMALA,desnutricion global,desnutricion moderada (m),2006-09-01,1,2,0,1,1,3,4
50201,UNCIA,desnutricion global,desnutricion moderada (m),2006-09-01,23,11,7,10,30,21,51
60401,URIONDO (A. CONCEPCION),desnutricion global,desnutricion moderada (m),2006-09-01,5,4,3,5,8,9,17
51201,UYUNI,desnutricion global,desnutricion moderada (m),2006-09-01,7,5,0,1,7,6,13
30502,VACAS,desnutricion global,desnutricion moderada (m),2006-09-01,4,3,1,3,5,6,11
70801,VALLEGRANDE,desnutricion global,desnutricion moderada (m),2006-09-01,3,0,1,1,4,1,5
20801,VIACHA,desnutricion global,desnutricion moderada (m),2006-09-01,0,1,1,3,1,4,5
31302,VILA VILA,desnutricion global,desnutricion moderada (m),2006-09-01,2,1,0,4,2,5,7
60303,VILLA MONTES,desnutricion global,desnutricion moderada (m),2006-09-01,1,2,1,2,2,4,6
90502,VILLA NUEVA (LOMA ALTA),desnutricion global,desnutricion moderada (m),2006-09-01,0,2,1,1,1,3,4
31402,VILLA RIVERO,desnutricion global,desnutricion moderada (m),2006-09-01,1,3,0,0,1,3,4
10801,VILLA SERRANO,desnutricion global,desnutricion moderada (m),2006-09-01,9,8,20,15,29,23,52
31003,VILLA TUNARI,desnutricion global,desnutricion moderada (m),2006-09-01,14,19,9,122,23,141,164
11001,VILLA VACA GUZMAN (MUYUPAMPA),desnutricion global,desnutricion moderada (m),2006-09-01,4,1,3,2,7,3,10
51501,VILLAZON,desnutricion global,desnutricion moderada (m),2006-09-01,8,10,7,7,15,17,32
30904,VINTO,desnutricion global,desnutricion moderada (m),2006-09-01,0,6,2,2,2,8,10
50602,VITICHI,desnutricion global,desnutricion moderada (m),2006-09-01,13,11,7,15,20,26,46
20306,WALDO BALLIVIAN,desnutricion global,desnutricion moderada (m),2006-09-01,2,2,0,1,2,3,5
70201,WARNES,desnutricion global,desnutricion moderada (m),2006-09-01,5,12,4,4,9,16,25
20903,YACO,desnutricion global,desnutricion moderada (m),2006-09-01,13,12,5,10,18,22,40
60301,YACUIBA,desnutricion global,desnutricion moderada (m),2006-09-01,9,10,6,9,15,19,34
10602,YAMPARAEZ,desnutricion global,desnutricion moderada (m),2006-09-01,15,9,9,10,24,19,43
21103,YANACACHI,desnutricion global,desnutricion moderada (m),2006-09-01,0,0,0,1,0,1,1
70403,YAPACANI,desnutricion global,desnutricion moderada (m),2006-09-01,6,14,2,4,8,18,26
50103,YOCALLA,desnutricion global,desnutricion moderada (m),2006-09-01,4,0,0,2,4,2,6
10102,YOTALA,desnutricion global,desnutricion moderada (m),2006-09-01,5,7,3,10,8,17,25
60402,YUNCHARA,desnutricion global,desnutricion moderada (m),2006-09-01,2,0,2,4,4,4,8
10301,ZUDAÑEZ,desnutricion global,desnutricion moderada (m),2006-09-01,12,3,6,13,18,16,34
51302,ACACIO,desnutricion global,desnutricion moderada (m),2006-10-01,15,5,8,12,23,17,40
20201,ACHACACHI,desnutricion global,desnutricion moderada (m),2006-10-01,13,6,6,4,19,10,29
20104,ACHOCALLA,desnutricion global,desnutricion moderada (m),2006-10-01,0,2,0,0,0,2,2
30201,AIQUILE,desnutricion global,desnutricion moderada (m),2006-10-01,3,3,5,1,8,4,12
10404,ALCALA,desnutricion global,desnutricion moderada (m),2006-10-01,6,3,7,4,13,7,20
20202,ANCORAIMES,desnutricion global,desnutricion moderada (m),2006-10-01,4,3,0,0,4,3,7
41201,ANDAMARCA,desnutricion global,desnutricion moderada (m),2006-10-01,3,1,0,2,3,3,6
30402,ANZALDO,desnutricion global,desnutricion moderada (m),2006-10-01,0,2,2,5,2,7,9
20701,APOLO,desnutricion global,desnutricion moderada (m),2006-10-01,4,9,4,6,8,15,23
51301,ARAMPAMPA,desnutricion global,desnutricion moderada (m),2006-10-01,8,9,5,7,13,16,29
30501,ARANI,desnutricion global,desnutricion moderada (m),2006-10-01,2,1,3,3,5,4,9
30403,ARBIETO,desnutricion global,desnutricion moderada (m),2006-10-01,3,8,7,3,10,11,21
30601,ARQUE,desnutricion global,desnutricion moderada (m),2006-10-01,9,8,10,16,19,24,43
71501,ASCENCION DE GUARAYOS,desnutricion global,desnutricion moderada (m),2006-10-01,14,25,16,26,30,51,81
50802,ATOCHA,desnutricion global,desnutricion moderada (m),2006-10-01,2,1,5,2,7,3,10
20503,AUCAPATA,desnutricion global,desnutricion moderada (m),2006-10-01,2,1,1,0,3,1,4
20502,AYATA,desnutricion global,desnutricion moderada (m),2006-10-01,8,1,2,1,10,2,12
21303,AYO AYO,desnutricion global,desnutricion moderada (m),2006-10-01,6,2,3,2,9,4,13
30301,AYOPAYA (V. DE INDEPENDENCIA),desnutricion global,desnutricion moderada (m),2006-10-01,10,11,13,22,23,33,56
10201,AZURDUY,desnutricion global,desnutricion moderada (m),2006-10-01,13,11,16,18,29,29,58
21203,BATALLAS,desnutricion global,desnutricion moderada (m),2006-10-01,0,2,3,1,3,3,6
80802,BAURES,desnutricion global,desnutricion moderada (m),2006-10-01,0,0,2,0,2,0,2
41202,BELEN DE ANDAMARCA,desnutricion global,desnutricion moderada (m),2006-10-01,1,1,2,1,3,2,5
50104,BELEN DE URMIRI,desnutricion global,desnutricion moderada (m),2006-10-01,1,0,1,5,2,5,7
90104,BELLA FLOR,desnutricion global,desnutricion moderada (m),2006-10-01,2,1,0,0,2,1,3
60202,BERMEJO,desnutricion global,desnutricion moderada (m),2006-10-01,4,4,1,0,5,4,9
50301,BETANZOS,desnutricion global,desnutricion moderada (m),2006-10-01,19,23,13,12,32,35,67
31501,BOLIVAR,desnutricion global,desnutricion moderada (m),2006-10-01,30,18,9,9,39,27,66
90103,BOLPEBRA,desnutricion global,desnutricion moderada (m),2006-10-01,0,0,0,1,0,1,1
70707,BOYUIBE,desnutricion global,desnutricion moderada (m),2006-10-01,1,0,0,0,1,0,1
70401,BUENA VISTA,desnutricion global,desnutricion moderada (m),2006-10-01,0,0,0,2,0,2,2
70703,CABEZAS,desnutricion global,desnutricion moderada (m),2006-10-01,1,3,6,7,7,10,17
20905,CAIROMA,desnutricion global,desnutricion moderada (m),2006-10-01,13,13,6,8,19,21,40
51102,"CAIZA ""D""",desnutricion global,desnutricion moderada (m),2006-10-01,4,2,0,6,4,8,12
21003,CAJUATA,desnutricion global,desnutricion moderada (m),2006-10-01,8,3,2,0,10,3,13
20303,CALACOTO,desnutricion global,desnutricion moderada (m),2006-10-01,4,2,6,0,10,2,12
21304,CALAMARCA,desnutricion global,desnutricion moderada (m),2006-10-01,27,5,8,12,35,17,52
10701,CAMARGO,desnutricion global,desnutricion moderada (m),2006-10-01,11,15,6,9,17,24,41
10901,CAMATAQUI (C. VILLA ABECIA),desnutricion global,desnutricion moderada (m),2006-10-01,0,0,0,1,0,1,1
70706,CAMIRI,desnutricion global,desnutricion moderada (m),2006-10-01,5,8,6,8,11,16,27
30701,CAPINOTA,desnutricion global,desnutricion moderada (m),2006-10-01,11,7,11,3,22,10,32
20302,CAQUIAVIRI,desnutricion global,desnutricion moderada (m),2006-10-01,0,1,2,0,2,1,3
40102,CARACOLLO,desnutricion global,desnutricion moderada (m),2006-10-01,3,6,8,2,11,8,19
22001,CARANAVI,desnutricion global,desnutricion moderada (m),2006-10-01,12,18,21,10,33,28,61
60302,CARAPARI,desnutricion global,desnutricion moderada (m),2006-10-01,1,0,1,0,2,0,2
50702,CARIPUYO,desnutricion global,desnutricion moderada (m),2006-10-01,9,8,4,9,13,17,30
71403,CARMEN RIVERO TORREZ,desnutricion global,desnutricion moderada (m),2006-10-01,0,0,0,1,0,1,1
21803,CHACARILLA,desnutricion global,desnutricion moderada (m),2006-10-01,0,1,0,0,0,1,1
40201,CHALLAPATA,desnutricion global,desnutricion moderada (m),2006-10-01,22,12,7,10,29,22,51
50302,CHAQUI,desnutricion global,desnutricion moderada (m),2006-10-01,3,5,8,12,11,17,28
70702,CHARAGUA,desnutricion global,desnutricion moderada (m),2006-10-01,10,5,4,2,14,7,21
20305,CHARAÑA,desnutricion global,desnutricion moderada (m),2006-10-01,0,2,0,0,0,2,2
50202,CHAYANTA,desnutricion global,desnutricion moderada (m),2006-10-01,21,22,32,32,53,54,107
31204,CHIMORE,desnutricion global,desnutricion moderada (m),2006-10-01,1,4,2,4,3,8,11
21101,CHULUMANI (V. DE LA LIBERTAD),desnutricion global,desnutricion moderada (m),2006-10-01,2,1,0,0,2,1,3
20501,CHUMA,desnutricion global,desnutricion moderada (m),2006-10-01,7,5,1,2,8,7,15
30801,CLIZA,desnutricion global,desnutricion moderada (m),2006-10-01,1,3,1,3,2,6,8
90101,COBIJA,desnutricion global,desnutricion moderada (m),2006-10-01,11,1,3,5,14,6,20
30101,COCHABAMBA,desnutricion global,desnutricion moderada (m),2006-10-01,88,63,53,44,141,107,248
30905,COLCAPIRHUA,desnutricion global,desnutricion moderada (m),2006-10-01,8,6,6,1,14,7,21
50901,"COLCHA ""K""",desnutricion global,desnutricion moderada (m),2006-10-01,0,1,0,1,0,2,2
31002,COLOMI,desnutricion global,desnutricion moderada (m),2006-10-01,13,5,1,4,14,9,23
70603,COLPA BELGICA,desnutricion global,desnutricion moderada (m),2006-10-01,2,0,1,2,3,2,5
50401,COLQUECHACA,desnutricion global,desnutricion moderada (m),2006-10-01,28,29,15,16,43,45,88
21306,COLQUENCHA,desnutricion global,desnutricion moderada (m),2006-10-01,9,8,4,3,13,11,24
21004,COLQUIRI,desnutricion global,desnutricion moderada (m),2006-10-01,5,12,4,2,9,14,23
71301,COMARAPA,desnutricion global,desnutricion moderada (m),2006-10-01,4,6,2,3,6,9,15
20605,COMBAYA,desnutricion global,desnutricion moderada (m),2006-10-01,1,0,0,0,1,0,1
71101,CONCEPCION,desnutricion global,desnutricion moderada (m),2006-10-01,3,5,2,1,5,6,11
21701,COPACABANA,desnutricion global,desnutricion moderada (m),2006-10-01,2,3,1,2,3,5,8
20301,CORO CORO,desnutricion global,desnutricion moderada (m),2006-10-01,6,5,5,4,11,9,20
21401,COROICO,desnutricion global,desnutricion moderada (m),2006-10-01,6,8,5,3,11,11,22
40301,CORQUE,desnutricion global,desnutricion moderada (m),2006-10-01,3,3,1,2,4,5,9
50601,COTAGAITA,desnutricion global,desnutricion moderada (m),2006-10-01,17,23,26,27,43,50,93
70102,COTOCA,desnutricion global,desnutricion moderada (m),2006-10-01,3,3,0,3,3,6,9
71106,CUATRO CAÑADAS,desnutricion global,desnutricion moderada (m),2006-10-01,0,1,0,0,0,1,1
70704,CUEVO,desnutricion global,desnutricion moderada (m),2006-10-01,4,2,1,0,5,2,7
10902,CULPINA,desnutricion global,desnutricion moderada (m),2006-10-01,23,18,16,22,39,40,79
40401,CURAHUARA DE CARANGAS,desnutricion global,desnutricion moderada (m),2006-10-01,1,0,2,1,3,1,4
21602,CURVA,desnutricion global,desnutricion moderada (m),2006-10-01,4,0,1,0,5,0,5
20804,DESAGUADERO,desnutricion global,desnutricion moderada (m),2006-10-01,2,0,0,0,2,0,2
20105,EL ALTO,desnutricion global,desnutricion moderada (m),2006-10-01,221,170,105,119,326,289,615
40103,EL CHORO,desnutricion global,desnutricion moderada (m),2006-10-01,0,0,1,0,1,0,1
71503,EL PUENTE(STC),desnutricion global,desnutricion moderada (m),2006-10-01,1,4,3,1,4,5,9
60502,EL PUENTE(TJA),desnutricion global,desnutricion moderada (m),2006-10-01,0,6,2,4,2,10,12
70105,EL TORNO,desnutricion global,desnutricion moderada (m),2006-10-01,2,4,7,7,9,11,20
10405,EL VILLAR,desnutricion global,desnutricion moderada (m),2006-10-01,3,4,2,9,5,13,18
60601,ENTRE RIOS,desnutricion global,desnutricion moderada (m),2006-10-01,7,14,4,5,11,19,30
60601,ENTRE RIOS,desnutricion global,desnutricion moderada (m),2006-10-01,3,6,7,6,10,12,22
41101,EUCALIPTUS,desnutricion global,desnutricion moderada (m),2006-10-01,1,0,0,0,1,0,1
80402,EXALTACION,desnutricion global,desnutricion moderada (m),2006-10-01,0,1,0,0,0,1,1
71004,FERNANDEZ ALONSO,desnutricion global,desnutricion moderada (m),2006-10-01,1,0,1,0,2,0,2
90203,FILADELFIA,desnutricion global,desnutricion moderada (m),2006-10-01,0,0,1,3,1,3,4
71002,GENERAL SAAVEDRA,desnutricion global,desnutricion moderada (m),2006-10-01,6,5,5,4,11,9,20
21601,GRAL. J.J. PEREZ (CHARAZANI),desnutricion global,desnutricion moderada (m),2006-10-01,3,1,1,2,4,3,7
20602,GUANAY,desnutricion global,desnutricion moderada (m),2006-10-01,3,2,5,5,8,7,15
20802,GUAQUI,desnutricion global,desnutricion moderada (m),2006-10-01,0,0,2,3,2,3,5
80202,GUAYARAMERIN,desnutricion global,desnutricion moderada (m),2006-10-01,14,8,6,6,20,14,34
70705,GUTIERREZ,desnutricion global,desnutricion moderada (m),2006-10-01,14,12,9,20,23,32,55
10502,HUACARETA,desnutricion global,desnutricion moderada (m),2006-10-01,5,6,4,2,9,8,17
11002,HUACAYA (VILLA DE HUACAYA),desnutricion global,desnutricion moderada (m),2006-10-01,1,0,3,0,4,0,4
40701,HUANUNI,desnutricion global,desnutricion moderada (m),2006-10-01,11,7,2,3,13,10,23
80803,HUARACAJE,desnutricion global,desnutricion moderada (m),2006-10-01,2,1,0,0,2,1,3
41601,HUAYLLAMARCA,desnutricion global,desnutricion moderada (m),2006-10-01,0,1,0,0,0,1,1
21005,ICHOCA,desnutricion global,desnutricion moderada (m),2006-10-01,1,2,0,2,1,4,5
10304,ICLA,desnutricion global,desnutricion moderada (m),2006-10-01,21,24,19,30,40,54,94
10703,INCAHUASI,desnutricion global,desnutricion moderada (m),2006-10-01,22,23,17,20,39,43,82
90402,INGAVI (HUMAITA),desnutricion global,desnutricion moderada (m),2006-10-01,1,1,0,0,1,1,2
21001,INQUISIVI,desnutricion global,desnutricion moderada (m),2006-10-01,3,11,2,3,5,14,19
21102,IRUPANA (VILLA DE LANZA),desnutricion global,desnutricion moderada (m),2006-10-01,1,3,2,1,3,4,7
21501,IXIAMAS,desnutricion global,desnutricion moderada (m),2006-10-01,1,5,1,11,2,16,18
20806,JESUS DE MACHACA,desnutricion global,desnutricion moderada (m),2006-10-01,4,1,1,4,5,5,10
21105,LA ASUNTA,desnutricion global,desnutricion moderada (m),2006-10-01,2,4,1,0,3,4,7
70104,LA GUARDIA,desnutricion global,desnutricion moderada (m),2006-10-01,4,10,7,2,11,12,23
20101,LA PAZ,desnutricion global,desnutricion moderada (m),2006-10-01,144,134,52,59,196,193,389
70701,LAGUNILLAS,desnutricion global,desnutricion moderada (m),2006-10-01,4,5,8,3,12,8,20
21202,LAJA,desnutricion global,desnutricion moderada (m),2006-10-01,5,2,0,0,5,2,7
10903,LAS CARRERAS,desnutricion global,desnutricion moderada (m),2006-10-01,0,1,3,2,3,3,6
21006,LICOMA PAMPA,desnutricion global,desnutricion moderada (m),2006-10-01,1,1,0,0,1,1,2
50203,LLALLAGUA,desnutricion global,desnutricion moderada (m),2006-10-01,24,27,23,16,47,43,90
51401,LLICA,desnutricion global,desnutricion moderada (m),2006-10-01,1,1,2,1,3,2,5
80601,LORETO,desnutricion global,desnutricion moderada (m),2006-10-01,0,3,0,0,0,3,3
20901,LURIBAY,desnutricion global,desnutricion moderada (m),2006-10-01,5,3,7,5,12,8,20
40702,MACHACAMARCA,desnutricion global,desnutricion moderada (m),2006-10-01,1,1,1,3,2,4,6
11003,MACHARETI,desnutricion global,desnutricion moderada (m),2006-10-01,2,1,1,2,3,3,6
80801,MAGDALENA,desnutricion global,desnutricion moderada (m),2006-10-01,0,3,0,2,0,5,5
70903,MAIRANA,desnutricion global,desnutricion moderada (m),2006-10-01,1,0,3,0,4,0,4
20904,MALLA,desnutricion global,desnutricion moderada (m),2006-10-01,2,1,4,3,6,4,10
20607,MAPIRI,desnutricion global,desnutricion moderada (m),2006-10-01,1,2,1,1,2,3,5
20103,MECAPACA,desnutricion global,desnutricion moderada (m),2006-10-01,0,0,1,0,1,0,1
71003,MINEROS,desnutricion global,desnutricion moderada (m),2006-10-01,14,10,1,1,15,11,26
31301,MIZQUE,desnutricion global,desnutricion moderada (m),2006-10-01,11,12,7,4,18,16,34
20402,MOCOMOCO,desnutricion global,desnutricion moderada (m),2006-10-01,6,9,6,8,12,17,29
10303,MOJOCOYA,desnutricion global,desnutricion moderada (m),2006-10-01,3,5,3,7,6,12,18
10501,MONTEAGUDO,desnutricion global,desnutricion moderada (m),2006-10-01,17,10,13,15,30,25,55
71001,MONTERO,desnutricion global,desnutricion moderada (m),2006-10-01,23,34,23,15,46,49,95
30302,MOROCHATA,desnutricion global,desnutricion moderada (m),2006-10-01,15,16,7,6,22,22,44
50404,OCURI,desnutricion global,desnutricion moderada (m),2006-10-01,19,8,4,10,23,18,41
70202,OKINAWA,desnutricion global,desnutricion moderada (m),2006-10-01,4,0,1,2,5,2,7
30203,OMEREQUE,desnutricion global,desnutricion moderada (m),2006-10-01,0,1,0,1,0,2,2
40101,ORURO,desnutricion global,desnutricion moderada (m),2006-10-01,54,40,27,17,81,57,138
60201,PADCAYA,desnutricion global,desnutricion moderada (m),2006-10-01,18,5,3,8,21,13,34
10401,PADILLA,desnutricion global,desnutricion moderada (m),2006-10-01,7,8,9,6,16,14,30
70502,PAILON,desnutricion global,desnutricion moderada (m),2006-10-01,0,10,2,0,2,10,12
20102,PALCA,desnutricion global,desnutricion moderada (m),2006-10-01,3,3,3,1,6,4,10
21104,PALOS BLANCOS,desnutricion global,desnutricion moderada (m),2006-10-01,1,6,6,13,7,19,26
40802,PAMPA AULLAGAS,desnutricion global,desnutricion moderada (m),2006-10-01,2,0,0,4,2,4,6
70902,PAMPA GRANDE,desnutricion global,desnutricion moderada (m),2006-10-01,3,0,1,3,4,3,7
21802,PAPEL PAMPA,desnutricion global,desnutricion moderada (m),2006-10-01,3,0,1,0,4,0,4
30202,PASORAPA,desnutricion global,desnutricion moderada (m),2006-10-01,1,2,0,3,1,5,6
21305,PATACAMAYA,desnutricion global,desnutricion moderada (m),2006-10-01,10,11,3,4,13,15,28
40602,PAZÑA,desnutricion global,desnutricion moderada (m),2006-10-01,1,2,3,0,4,2,6
20702,PELECHUCO,desnutricion global,desnutricion moderada (m),2006-10-01,3,3,5,2,8,5,13
50403,POCOATA,desnutricion global,desnutricion moderada (m),2006-10-01,12,29,4,13,16,42,58
31203,POCONA,desnutricion global,desnutricion moderada (m),2006-10-01,6,4,5,6,11,10,21
31202,POJO (CBBA),desnutricion global,desnutricion moderada (m),2006-10-01,1,2,1,3,2,5,7
40601,POOPO,desnutricion global,desnutricion moderada (m),2006-10-01,1,3,1,1,2,4,6
51203,PORCO,desnutricion global,desnutricion moderada (m),2006-10-01,4,9,5,7,9,16,25
10103,POROMA,desnutricion global,desnutricion moderada (m),2006-10-01,13,21,21,17,34,38,72
70103,PORONGO,desnutricion global,desnutricion moderada (m),2006-10-01,0,1,0,0,0,1,1
70601,PORTACHUELO,desnutricion global,desnutricion moderada (m),2006-10-01,3,1,1,2,4,3,7
90102,PORVENIR,desnutricion global,desnutricion moderada (m),2006-10-01,0,1,1,1,1,2,3
70804,POSTRER VALLE,desnutricion global,desnutricion moderada (m),2006-10-01,0,0,1,4,1,4,5
50101,POTOSI,desnutricion global,desnutricion moderada (m),2006-10-01,97,66,32,45,129,111,240
10302,PRESTO,desnutricion global,desnutricion moderada (m),2006-10-01,15,6,12,9,27,15,42
70805,PUCARA,desnutricion global,desnutricion moderada (m),2006-10-01,0,0,1,2,1,2,3
21201,PUCARANI,desnutricion global,desnutricion moderada (m),2006-10-01,2,10,1,5,3,15,18
20401,PUERTO ACOSTA,desnutricion global,desnutricion moderada (m),2006-10-01,3,5,1,1,4,6,10
20403,PUERTO CARABUCO,desnutricion global,desnutricion moderada (m),2006-10-01,5,3,1,2,6,5,11
90301,PUERTO GONZALO MORENO,desnutricion global,desnutricion moderada (m),2006-10-01,5,3,8,12,13,15,28
21204,PUERTO PEREZ,desnutricion global,desnutricion moderada (m),2006-10-01,1,2,1,2,2,4,6
71402,PUERTO QUIJARRO,desnutricion global,desnutricion moderada (m),2006-10-01,1,3,2,2,3,5,8
80703,PUERTO SILES,desnutricion global,desnutricion moderada (m),2006-10-01,1,0,0,0,1,0,1
71401,PUERTO SUAREZ,desnutricion global,desnutricion moderada (m),2006-10-01,1,3,2,2,3,5,8
31205,PUERTO VILLARROEL,desnutricion global,desnutricion moderada (m),2006-10-01,31,32,10,12,41,44,85
51101,PUNA,desnutricion global,desnutricion moderada (m),2006-10-01,30,27,19,33,49,60,109
31401,PUNATA,desnutricion global,desnutricion moderada (m),2006-10-01,2,3,3,3,5,6,11
20604,QUIABAYA,desnutricion global,desnutricion moderada (m),2006-10-01,0,1,0,0,0,1,1
30901,QUILLACOLLO,desnutricion global,desnutricion moderada (m),2006-10-01,12,9,6,12,18,21,39
21002,QUIME,desnutricion global,desnutricion moderada (m),2006-10-01,3,5,5,4,8,9,17
50402,RAVELO,desnutricion global,desnutricion moderada (m),2006-10-01,51,40,48,53,99,93,192
80301,REYES,desnutricion global,desnutricion moderada (m),2006-10-01,2,5,0,4,2,9,11
80201,RIBERALTA,desnutricion global,desnutricion moderada (m),2006-10-01,34,62,15,30,49,92,141
70503,ROBORE,desnutricion global,desnutricion moderada (m),2006-10-01,2,4,2,0,4,4,8
80304,RURRENABAQUE,desnutricion global,desnutricion moderada (m),2006-10-01,3,4,0,0,3,4,7
40901,SABAYA,desnutricion global,desnutricion moderada (m),2006-10-01,0,0,1,0,1,0,1
31001,SACABA,desnutricion global,desnutricion moderada (m),2006-10-01,13,10,12,17,25,27,52
30404,SACABAMBA,desnutricion global,desnutricion moderada (m),2006-10-01,2,7,4,3,6,10,16
50701,SACACA,desnutricion global,desnutricion moderada (m),2006-10-01,34,25,25,33,59,58,117
71302,SAIPINA,desnutricion global,desnutricion moderada (m),2006-10-01,1,0,1,1,2,1,3
40801,SALINAS DE GARCI MENDOZA,desnutricion global,desnutricion moderada (m),2006-10-01,1,0,2,0,3,0,3
70901,SAMAIPATA,desnutricion global,desnutricion moderada (m),2006-10-01,0,1,1,1,1,2,3
51601,SAN AGUSTIN,desnutricion global,desnutricion moderada (m),2006-10-01,0,0,0,1,0,1,1
80602,SAN ANDRES,desnutricion global,desnutricion moderada (m),2006-10-01,2,2,2,4,4,6,10
20805,SAN ANDRES DE MACHACA,desnutricion global,desnutricion moderada (m),2006-10-01,1,1,0,1,1,2,3
51003,SAN ANTONIO DE ESMORUCO,desnutricion global,desnutricion moderada (m),2006-10-01,0,1,1,0,1,1,2
71105,SAN ANTONIO DE LOMERIO,desnutricion global,desnutricion moderada (m),2006-10-01,5,10,6,7,11,17,28
31403,SAN BENITO,desnutricion global,desnutricion moderada (m),2006-10-01,4,2,4,2,8,4,12
80302,SAN BORJA,desnutricion global,desnutricion moderada (m),2006-10-01,13,12,8,12,21,24,45
21502,SAN BUENA VENTURA,desnutricion global,desnutricion moderada (m),2006-10-01,5,4,4,3,9,7,16
70402,SAN CARLOS,desnutricion global,desnutricion moderada (m),2006-10-01,2,5,2,1,4,6,10
80501,SAN IGNACIO,desnutricion global,desnutricion moderada (m),2006-10-01,12,9,4,1,16,10,26
70301,SAN IGNACIO DE VELASCO,desnutricion global,desnutricion moderada (m),2006-10-01,11,19,21,21,32,40,72
80701,SAN JOAQUIN,desnutricion global,desnutricion moderada (m),2006-10-01,0,3,0,2,0,5,5
70501,SAN JOSE DE CHIQUITOS,desnutricion global,desnutricion moderada (m),2006-10-01,2,11,2,2,4,13,17
70404,SAN JUAN DE YAPACANI,desnutricion global,desnutricion moderada (m),2006-10-01,2,2,2,1,4,3,7
71104,SAN JULIAN,desnutricion global,desnutricion moderada (m),2006-10-01,0,1,4,2,4,3,7
90302,SAN LORENZO(PND),desnutricion global,desnutricion moderada (m),2006-10-01,3,3,0,0,3,3,6
60501,SAN LORENZO(TJA),desnutricion global,desnutricion moderada (m),2006-10-01,13,6,9,10,22,16,38
10702,SAN LUCAS,desnutricion global,desnutricion moderada (m),2006-10-01,63,47,39,43,102,90,192
71201,SAN MATIAS,desnutricion global,desnutricion moderada (m),2006-10-01,2,1,1,2,3,3,6
70302,SAN MIGUEL DE VELASCO,desnutricion global,desnutricion moderada (m),2006-10-01,1,1,1,0,2,1,3
51001,SAN PABLO DE LIPEZ,desnutricion global,desnutricion moderada (m),2006-10-01,0,1,1,0,1,1,2
71005,SAN PEDRO,desnutricion global,desnutricion moderada (m),2006-10-01,2,2,3,0,5,2,7
50501,SAN PEDRO DE BUENA VISTA,desnutricion global,desnutricion moderada (m),2006-10-01,14,12,18,19,32,31,63
21801,SAN PEDRO DE CURAHUARA,desnutricion global,desnutricion moderada (m),2006-10-01,2,0,0,1,2,1,3
21702,SAN PEDRO DE TIQUINA,desnutricion global,desnutricion moderada (m),2006-10-01,1,1,0,2,1,3,4
90202,SAN PEDRO(PND),desnutricion global,desnutricion moderada (m),2006-10-01,1,1,1,2,2,3,5
70303,SAN RAFAEL,desnutricion global,desnutricion moderada (m),2006-10-01,6,0,0,1,6,1,7
80702,SAN RAMON,desnutricion global,desnutricion moderada (m),2006-10-01,1,0,0,0,1,0,1
80401,SANTA ANA,desnutricion global,desnutricion moderada (m),2006-10-01,2,4,0,1,2,5,7
70101,SANTA CRUZ DE LA SIERRA,desnutricion global,desnutricion moderada (m),2006-10-01,72,59,24,32,96,91,187
80303,SANTA ROSA,desnutricion global,desnutricion moderada (m),2006-10-01,1,1,0,0,1,1,2
70602,SANTA ROSA DEL SARA,desnutricion global,desnutricion moderada (m),2006-10-01,2,3,4,1,6,4,10
20308,SANTIAGO DE CALLAPA,desnutricion global,desnutricion moderada (m),2006-10-01,1,0,0,1,1,1,2
41401,SANTIAGO DE HUARI,desnutricion global,desnutricion moderada (m),2006-10-01,1,4,4,2,5,6,11
21901,SANTIAGO DE MACHACA,desnutricion global,desnutricion moderada (m),2006-10-01,0,0,0,1,0,1,1
30702,SANTIVAÑES,desnutricion global,desnutricion moderada (m),2006-10-01,2,3,0,0,2,3,5
40202,SANTUARIO DE QUILLACAS,desnutricion global,desnutricion moderada (m),2006-10-01,0,2,2,0,2,2,4
20902,SAPAHAQUI,desnutricion global,desnutricion moderada (m),2006-10-01,9,2,2,4,11,6,17
90303,SENA,desnutricion global,desnutricion moderada (m),2006-10-01,2,2,5,2,7,4,11
21301,SICA SICA (VILLA AROMA),desnutricion global,desnutricion moderada (m),2006-10-01,7,5,2,4,9,9,18
30703,SICAYA,desnutricion global,desnutricion moderada (m),2006-10-01,4,6,1,0,5,6,11
30902,SIPE SIPE,desnutricion global,desnutricion moderada (m),2006-10-01,15,19,9,9,24,28,52
10403,SOPACHUY,desnutricion global,desnutricion moderada (m),2006-10-01,5,15,8,30,13,45,58
40104,SORACACHI,desnutricion global,desnutricion moderada (m),2006-10-01,0,4,6,1,6,5,11
20601,SORATA,desnutricion global,desnutricion moderada (m),2006-10-01,1,0,0,0,1,0,1
10101,SUCRE,desnutricion global,desnutricion moderada (m),2006-10-01,79,52,45,54,124,106,230
31404,TACACHI,desnutricion global,desnutricion moderada (m),2006-10-01,0,1,1,0,1,1,2
50303,TACOBAMBA,desnutricion global,desnutricion moderada (m),2006-10-01,8,10,3,2,11,12,23
30602,TACOPAYA,desnutricion global,desnutricion moderada (m),2006-10-01,22,17,5,12,27,29,56
31101,TAPACARI,desnutricion global,desnutricion moderada (m),2006-10-01,43,36,19,17,62,53,115
10601,TARABUCO,desnutricion global,desnutricion moderada (m),2006-10-01,44,36,43,44,87,80,167
20807,TARACO,desnutricion global,desnutricion moderada (m),2006-10-01,0,1,0,0,0,1,1
30401,TARATA,desnutricion global,desnutricion moderada (m),2006-10-01,3,2,0,0,3,2,5
60101,TARIJA,desnutricion global,desnutricion moderada (m),2006-10-01,13,19,13,26,26,45,71
10202,TARVITA,desnutricion global,desnutricion moderada (m),2006-10-01,18,12,12,14,30,26,56
20608,TEOPONTE,desnutricion global,desnutricion moderada (m),2006-10-01,2,4,0,0,2,4,6
20803,TIAWANACU,desnutricion global,desnutricion moderada (m),2006-10-01,1,1,1,2,2,3,5
50102,TINGUIPAYA,desnutricion global,desnutricion moderada (m),2006-10-01,23,27,30,17,53,44,97
20606,TIPUANI,desnutricion global,desnutricion moderada (m),2006-10-01,2,0,0,0,2,0,2
30903,TIQUIPAYA,desnutricion global,desnutricion moderada (m),2006-10-01,6,9,4,8,10,17,27
31601,TIRAQUE (CBBA),desnutricion global,desnutricion moderada (m),2006-10-01,14,13,15,6,29,19,48
21703,TITO YUPANQUI (PARQUIPUJIO),desnutricion global,desnutricion moderada (m),2006-10-01,1,0,0,0,1,0,1
30802,TOCO,desnutricion global,desnutricion moderada (m),2006-10-01,0,0,3,0,3,0,3
30803,TOLATA,desnutricion global,desnutricion moderada (m),2006-10-01,0,0,1,0,1,0,1
41001,TOLEDO,desnutricion global,desnutricion moderada (m),2006-10-01,0,2,1,0,1,2,3
51202,TOMAVE,desnutricion global,desnutricion moderada (m),2006-10-01,3,5,0,3,3,8,11
10402,TOMINA,desnutricion global,desnutricion moderada (m),2006-10-01,23,19,20,18,43,37,80
50502,TORO TORO,desnutricion global,desnutricion moderada (m),2006-10-01,13,14,11,4,24,18,42
31201,TOTORA(CBBA),desnutricion global,desnutricion moderada (m),2006-10-01,2,4,1,3,3,7,10
41301,TOTORA(ORR),desnutricion global,desnutricion moderada (m),2006-10-01,2,3,2,2,4,5,9
70802,TRIGAL,desnutricion global,desnutricion moderada (m),2006-10-01,0,1,0,0,0,1,1
80101,TRINIDAD,desnutricion global,desnutricion moderada (m),2006-10-01,20,18,3,4,23,22,45
50801,TUPIZA,desnutricion global,desnutricion moderada (m),2006-10-01,11,14,4,10,15,24,39
21302,UMALA,desnutricion global,desnutricion moderada (m),2006-10-01,0,1,3,1,3,2,5
50201,UNCIA,desnutricion global,desnutricion moderada (m),2006-10-01,3,9,8,8,11,17,28
60401,URIONDO (A. CONCEPCION),desnutricion global,desnutricion moderada (m),2006-10-01,2,1,2,5,4,6,10
71502,URUBICHA,desnutricion global,desnutricion moderada (m),2006-10-01,10,10,3,21,13,31,44
51201,UYUNI,desnutricion global,desnutricion moderada (m),2006-10-01,4,7,4,4,8,11,19
30502,VACAS,desnutricion global,desnutricion moderada (m),2006-10-01,5,3,1,3,6,6,12
70801,VALLEGRANDE,desnutricion global,desnutricion moderada (m),2006-10-01,3,6,1,0,4,6,10
20801,VIACHA,desnutricion global,desnutricion moderada (m),2006-10-01,7,3,2,6,9,9,18
31302,VILA VILA,desnutricion global,desnutricion moderada (m),2006-10-01,1,6,4,3,5,9,14
60303,VILLA MONTES,desnutricion global,desnutricion moderada (m),2006-10-01,1,3,2,3,3,6,9
90502,VILLA NUEVA (LOMA ALTA),desnutricion global,desnutricion moderada (m),2006-10-01,0,2,1,0,1,2,3
31402,VILLA RIVERO,desnutricion global,desnutricion moderada (m),2006-10-01,7,5,4,3,11,8,19
10801,VILLA SERRANO,desnutricion global,desnutricion moderada (m),2006-10-01,7,7,19,11,26,18,44
31003,VILLA TUNARI,desnutricion global,desnutricion moderada (m),2006-10-01,18,18,13,13,31,31,62
11001,VILLA VACA GUZMAN (MUYUPAMPA),desnutricion global,desnutricion moderada (m),2006-10-01,3,2,1,10,4,12,16
51501,VILLAZON,desnutricion global,desnutricion moderada (m),2006-10-01,13,12,7,8,20,20,40
30904,VINTO,desnutricion global,desnutricion moderada (m),2006-10-01,4,6,0,3,4,9,13
50602,VITICHI,desnutricion global,desnutricion moderada (m),2006-10-01,13,14,19,21,32,35,67
20306,WALDO BALLIVIAN,desnutricion global,desnutricion moderada (m),2006-10-01,0,3,1,3,1,6,7
70201,WARNES,desnutricion global,desnutricion moderada (m),2006-10-01,11,9,3,5,14,14,28
20903,YACO,desnutricion global,desnutricion moderada (m),2006-10-01,12,11,7,10,19,21,40
60301,YACUIBA,desnutricion global,desnutricion moderada (m),2006-10-01,8,9,11,11,19,20,39
10602,YAMPARAEZ,desnutricion global,desnutricion moderada (m),2006-10-01,18,12,15,15,33,27,60
21103,YANACACHI,desnutricion global,desnutricion moderada (m),2006-10-01,0,1,0,2,0,3,3
70403,YAPACANI,desnutricion global,desnutricion moderada (m),2006-10-01,4,9,4,3,8,12,20
50103,YOCALLA,desnutricion global,desnutricion moderada (m),2006-10-01,2,0,2,2,4,2,6
10102,YOTALA,desnutricion global,desnutricion moderada (m),2006-10-01,5,3,3,7,8,10,18
60402,YUNCHARA,desnutricion global,desnutricion moderada (m),2006-10-01,9,6,8,12,17,18,35
10301,ZUDAÑEZ,desnutricion global,desnutricion moderada (m),2006-10-01,12,8,9,8,21,16,37
51302,ACACIO,desnutricion global,desnutricion moderada (m),2006-11-01,10,10,5,6,15,16,31
20201,ACHACACHI,desnutricion global,desnutricion moderada (m),2006-11-01,6,8,8,8,14,16,30
20104,ACHOCALLA,desnutricion global,desnutricion moderada (m),2006-11-01,1,2,0,0,1,2,3
30201,AIQUILE,desnutricion global,desnutricion moderada (m),2006-11-01,10,11,5,8,15,19,34
10404,ALCALA,desnutricion global,desnutricion moderada (m),2006-11-01,5,5,9,3,14,8,22
20202,ANCORAIMES,desnutricion global,desnutricion moderada (m),2006-11-01,3,5,4,1,7,6,13
41201,ANDAMARCA,desnutricion global,desnutricion moderada (m),2006-11-01,1,1,1,1,2,2,4
40603,ANTEQUERA,desnutricion global,desnutricion moderada (m),2006-11-01,2,0,0,3,2,3,5
30402,ANZALDO,desnutricion global,desnutricion moderada (m),2006-11-01,3,2,9,4,12,6,18
20701,APOLO,desnutricion global,desnutricion moderada (m),2006-11-01,11,5,6,4,17,9,26
51301,ARAMPAMPA,desnutricion global,desnutricion moderada (m),2006-11-01,8,5,4,4,12,9,21
30501,ARANI,desnutricion global,desnutricion moderada (m),2006-11-01,2,9,5,9,7,18,25
30403,ARBIETO,desnutricion global,desnutricion moderada (m),2006-11-01,3,1,0,2,3,3,6
30601,ARQUE,desnutricion global,desnutricion moderada (m),2006-11-01,12,13,15,13,27,26,53
71501,ASCENCION DE GUARAYOS,desnutricion global,desnutricion moderada (m),2006-11-01,6,9,5,6,11,15,26
50802,ATOCHA,desnutricion global,desnutricion moderada (m),2006-11-01,9,13,10,4,19,17,36
20503,AUCAPATA,desnutricion global,desnutricion moderada (m),2006-11-01,5,1,3,1,8,2,10
20502,AYATA,desnutricion global,desnutricion moderada (m),2006-11-01,6,0,2,3,8,3,11
21303,AYO AYO,desnutricion global,desnutricion moderada (m),2006-11-01,4,1,0,0,4,1,5
30301,AYOPAYA (V. DE INDEPENDENCIA),desnutricion global,desnutricion moderada (m),2006-11-01,3,7,10,15,13,22,35
10201,AZURDUY,desnutricion global,desnutricion moderada (m),2006-11-01,10,21,21,13,31,34,65
21203,BATALLAS,desnutricion global,desnutricion moderada (m),2006-11-01,2,4,1,1,3,5,8
80802,BAURES,desnutricion global,desnutricion moderada (m),2006-11-01,1,2,1,0,2,2,4
41202,BELEN DE ANDAMARCA,desnutricion global,desnutricion moderada (m),2006-11-01,0,0,2,0,2,0,2
90104,BELLA FLOR,desnutricion global,desnutricion moderada (m),2006-11-01,1,3,3,3,4,6,10
60202,BERMEJO,desnutricion global,desnutricion moderada (m),2006-11-01,0,0,1,1,1,1,2
50301,BETANZOS,desnutricion global,desnutricion moderada (m),2006-11-01,28,28,26,44,54,72,126
31501,BOLIVAR,desnutricion global,desnutricion moderada (m),2006-11-01,19,18,6,11,25,29,54
90103,BOLPEBRA,desnutricion global,desnutricion moderada (m),2006-11-01,0,1,0,0,0,1,1
70707,BOYUIBE,desnutricion global,desnutricion moderada (m),2006-11-01,1,0,0,2,1,2,3
70401,BUENA VISTA,desnutricion global,desnutricion moderada (m),2006-11-01,2,0,0,2,2,2,4
70703,CABEZAS,desnutricion global,desnutricion moderada (m),2006-11-01,2,6,4,2,6,8,14
20905,CAIROMA,desnutricion global,desnutricion moderada (m),2006-11-01,13,23,13,20,26,43,69
51102,"CAIZA ""D""",desnutricion global,desnutricion moderada (m),2006-11-01,8,3,6,9,14,12,26
21003,CAJUATA,desnutricion global,desnutricion moderada (m),2006-11-01,0,1,1,1,1,2,3
20303,CALACOTO,desnutricion global,desnutricion moderada (m),2006-11-01,1,0,0,1,1,1,2
21304,CALAMARCA,desnutricion global,desnutricion moderada (m),2006-11-01,20,12,13,8,33,20,53
10701,CAMARGO,desnutricion global,desnutricion moderada (m),2006-11-01,14,22,8,13,22,35,57
10901,CAMATAQUI (C. VILLA ABECIA),desnutricion global,desnutricion moderada (m),2006-11-01,0,1,3,0,3,1,4
70706,CAMIRI,desnutricion global,desnutricion moderada (m),2006-11-01,6,5,3,8,9,13,22
30701,CAPINOTA,desnutricion global,desnutricion moderada (m),2006-11-01,5,8,14,11,19,19,38
20302,CAQUIAVIRI,desnutricion global,desnutricion moderada (m),2006-11-01,1,1,1,0,2,1,3
40102,CARACOLLO,desnutricion global,desnutricion moderada (m),2006-11-01,3,1,1,4,4,5,9
22001,CARANAVI,desnutricion global,desnutricion moderada (m),2006-11-01,14,24,7,14,21,38,59
60302,CARAPARI,desnutricion global,desnutricion moderada (m),2006-11-01,0,1,1,1,1,2,3
50702,CARIPUYO,desnutricion global,desnutricion moderada (m),2006-11-01,12,12,6,8,18,20,38
71403,CARMEN RIVERO TORREZ,desnutricion global,desnutricion moderada (m),2006-11-01,1,0,0,0,1,0,1
40201,CHALLAPATA,desnutricion global,desnutricion moderada (m),2006-11-01,18,18,12,8,30,26,56
50302,CHAQUI,desnutricion global,desnutricion moderada (m),2006-11-01,2,2,2,1,4,3,7
70702,CHARAGUA,desnutricion global,desnutricion moderada (m),2006-11-01,11,8,5,4,16,12,28
50202,CHAYANTA,desnutricion global,desnutricion moderada (m),2006-11-01,17,22,17,12,34,34,68
31204,CHIMORE,desnutricion global,desnutricion moderada (m),2006-11-01,4,7,5,7,9,14,23
40903,CHIPAYA,desnutricion global,desnutricion moderada (m),2006-11-01,1,2,1,1,2,3,5
40302,CHOQUE COTA,desnutricion global,desnutricion moderada (m),2006-11-01,0,0,0,1,0,1,1
21101,CHULUMANI (V. DE LA LIBERTAD),desnutricion global,desnutricion moderada (m),2006-11-01,1,5,0,2,1,7,8
20501,CHUMA,desnutricion global,desnutricion moderada (m),2006-11-01,14,8,5,3,19,11,30
30801,CLIZA,desnutricion global,desnutricion moderada (m),2006-11-01,5,3,0,3,5,6,11
90101,COBIJA,desnutricion global,desnutricion moderada (m),2006-11-01,3,6,4,6,7,12,19
30101,COCHABAMBA,desnutricion global,desnutricion moderada (m),2006-11-01,106,101,52,62,158,163,321
40902,COIPASA,desnutricion global,desnutricion moderada (m),2006-11-01,0,1,0,3,0,4,4
30905,COLCAPIRHUA,desnutricion global,desnutricion moderada (m),2006-11-01,10,7,8,9,18,16,34
50901,"COLCHA ""K""",desnutricion global,desnutricion moderada (m),2006-11-01,4,1,0,3,4,4,8
21307,COLLANA,desnutricion global,desnutricion moderada (m),2006-11-01,0,0,0,1,0,1,1
31002,COLOMI,desnutricion global,desnutricion moderada (m),2006-11-01,12,8,3,5,15,13,28
70603,COLPA BELGICA,desnutricion global,desnutricion moderada (m),2006-11-01,2,4,1,0,3,4,7
50401,COLQUECHACA,desnutricion global,desnutricion moderada (m),2006-11-01,21,18,10,29,31,47,78
21306,COLQUENCHA,desnutricion global,desnutricion moderada (m),2006-11-01,6,4,2,1,8,5,13
21004,COLQUIRI,desnutricion global,desnutricion moderada (m),2006-11-01,7,5,4,2,11,7,18
20304,COMANCHE,desnutricion global,desnutricion moderada (m),2006-11-01,0,0,1,1,1,1,2
71301,COMARAPA,desnutricion global,desnutricion moderada (m),2006-11-01,7,8,1,4,8,12,20
20605,COMBAYA,desnutricion global,desnutricion moderada (m),2006-11-01,2,3,2,0,4,3,7
71101,CONCEPCION,desnutricion global,desnutricion moderada (m),2006-11-01,3,9,5,5,8,14,22
21701,COPACABANA,desnutricion global,desnutricion moderada (m),2006-11-01,3,3,2,1,5,4,9
21402,CORIPATA,desnutricion global,desnutricion moderada (m),2006-11-01,0,2,0,0,0,2,2
20301,CORO CORO,desnutricion global,desnutricion moderada (m),2006-11-01,8,4,5,6,13,10,23
21401,COROICO,desnutricion global,desnutricion moderada (m),2006-11-01,4,4,6,7,10,11,21
40301,CORQUE,desnutricion global,desnutricion moderada (m),2006-11-01,2,4,0,1,2,5,7
50601,COTAGAITA,desnutricion global,desnutricion moderada (m),2006-11-01,7,15,19,18,26,33,59
70102,COTOCA,desnutricion global,desnutricion moderada (m),2006-11-01,7,5,2,2,9,7,16
71106,CUATRO CAÑADAS,desnutricion global,desnutricion moderada (m),2006-11-01,0,3,2,0,2,3,5
31405,CUCHUMUELA (V. G. VILLARROEL),desnutricion global,desnutricion moderada (m),2006-11-01,1,0,0,2,1,2,3
70704,CUEVO,desnutricion global,desnutricion moderada (m),2006-11-01,0,3,1,2,1,5,6
10902,CULPINA,desnutricion global,desnutricion moderada (m),2006-11-01,24,17,13,12,37,29,66
40401,CURAHUARA DE CARANGAS,desnutricion global,desnutricion moderada (m),2006-11-01,5,1,2,2,7,3,10
21602,CURVA,desnutricion global,desnutricion moderada (m),2006-11-01,0,2,0,1,0,3,3
20105,EL ALTO,desnutricion global,desnutricion moderada (m),2006-11-01,226,185,124,119,350,304,654
71503,EL PUENTE(STC),desnutricion global,desnutricion moderada (m),2006-11-01,3,2,5,0,8,2,10
60502,EL PUENTE(TJA),desnutricion global,desnutricion moderada (m),2006-11-01,1,0,2,1,3,1,4
70105,EL TORNO,desnutricion global,desnutricion moderada (m),2006-11-01,0,0,7,6,7,6,13
10405,EL VILLAR,desnutricion global,desnutricion moderada (m),2006-11-01,1,5,0,8,1,13,14
60601,ENTRE RIOS,desnutricion global,desnutricion moderada (m),2006-11-01,7,5,8,15,15,20,35
60601,ENTRE RIOS,desnutricion global,desnutricion moderada (m),2006-11-01,3,8,4,9,7,17,24
41101,EUCALIPTUS,desnutricion global,desnutricion moderada (m),2006-11-01,0,0,2,1,2,1,3
80402,EXALTACION,desnutricion global,desnutricion moderada (m),2006-11-01,1,0,0,0,1,0,1
71004,FERNANDEZ ALONSO,desnutricion global,desnutricion moderada (m),2006-11-01,2,0,0,0,2,0,2
71002,GENERAL SAAVEDRA,desnutricion global,desnutricion moderada (m),2006-11-01,3,7,2,9,5,16,21
21601,GRAL. J.J. PEREZ (CHARAZANI),desnutricion global,desnutricion moderada (m),2006-11-01,5,4,0,3,5,7,12
20602,GUANAY,desnutricion global,desnutricion moderada (m),2006-11-01,1,1,0,2,1,3,4
20802,GUAQUI,desnutricion global,desnutricion moderada (m),2006-11-01,2,0,0,0,2,0,2
80202,GUAYARAMERIN,desnutricion global,desnutricion moderada (m),2006-11-01,26,10,9,13,35,23,58
70705,GUTIERREZ,desnutricion global,desnutricion moderada (m),2006-11-01,10,10,11,13,21,23,44
10502,HUACARETA,desnutricion global,desnutricion moderada (m),2006-11-01,5,4,1,4,6,8,14
11002,HUACAYA (VILLA DE HUACAYA),desnutricion global,desnutricion moderada (m),2006-11-01,1,0,1,0,2,0,2
40501,HUACHACALLA,desnutricion global,desnutricion moderada (m),2006-11-01,1,0,0,0,1,0,1
40701,HUANUNI,desnutricion global,desnutricion moderada (m),2006-11-01,6,4,2,1,8,5,13
80803,HUARACAJE,desnutricion global,desnutricion moderada (m),2006-11-01,0,1,0,0,0,1,1
41601,HUAYLLAMARCA,desnutricion global,desnutricion moderada (m),2006-11-01,0,0,0,1,0,1,1
21005,ICHOCA,desnutricion global,desnutricion moderada (m),2006-11-01,0,4,0,2,0,6,6
10304,ICLA,desnutricion global,desnutricion moderada (m),2006-11-01,14,20,28,37,42,57,99
10703,INCAHUASI,desnutricion global,desnutricion moderada (m),2006-11-01,18,24,15,19,33,43,76
21001,INQUISIVI,desnutricion global,desnutricion moderada (m),2006-11-01,5,6,1,3,6,9,15
21102,IRUPANA (VILLA DE LANZA),desnutricion global,desnutricion moderada (m),2006-11-01,5,6,3,1,8,7,15
21501,IXIAMAS,desnutricion global,desnutricion moderada (m),2006-11-01,5,4,2,3,7,7,14
20806,JESUS DE MACHACA,desnutricion global,desnutricion moderada (m),2006-11-01,4,4,2,1,6,5,11
21105,LA ASUNTA,desnutricion global,desnutricion moderada (m),2006-11-01,4,5,6,8,10,13,23
70104,LA GUARDIA,desnutricion global,desnutricion moderada (m),2006-11-01,8,10,8,4,16,14,30
20101,LA PAZ,desnutricion global,desnutricion moderada (m),2006-11-01,161,142,67,66,228,208,436
70701,LAGUNILLAS,desnutricion global,desnutricion moderada (m),2006-11-01,3,1,0,2,3,3,6
21202,LAJA,desnutricion global,desnutricion moderada (m),2006-11-01,4,2,2,3,6,5,11
10903,LAS CARRERAS,desnutricion global,desnutricion moderada (m),2006-11-01,1,2,2,4,3,6,9
21006,LICOMA PAMPA,desnutricion global,desnutricion moderada (m),2006-11-01,3,0,0,0,3,0,3
50203,LLALLAGUA,desnutricion global,desnutricion moderada (m),2006-11-01,25,21,24,27,49,48,97
51401,LLICA,desnutricion global,desnutricion moderada (m),2006-11-01,1,0,0,0,1,0,1
80601,LORETO,desnutricion global,desnutricion moderada (m),2006-11-01,1,2,0,1,1,3,4
20901,LURIBAY,desnutricion global,desnutricion moderada (m),2006-11-01,5,6,3,6,8,12,20
40702,MACHACAMARCA,desnutricion global,desnutricion moderada (m),2006-11-01,2,3,0,1,2,4,6
11003,MACHARETI,desnutricion global,desnutricion moderada (m),2006-11-01,5,0,2,3,7,3,10
80801,MAGDALENA,desnutricion global,desnutricion moderada (m),2006-11-01,1,1,1,1,2,2,4
70903,MAIRANA,desnutricion global,desnutricion moderada (m),2006-11-01,1,1,0,1,1,2,3
20904,MALLA,desnutricion global,desnutricion moderada (m),2006-11-01,4,5,2,4,6,9,15
20607,MAPIRI,desnutricion global,desnutricion moderada (m),2006-11-01,1,6,3,3,4,9,13
20103,MECAPACA,desnutricion global,desnutricion moderada (m),2006-11-01,2,1,0,1,2,2,4
71003,MINEROS,desnutricion global,desnutricion moderada (m),2006-11-01,3,6,2,1,5,7,12
31301,MIZQUE,desnutricion global,desnutricion moderada (m),2006-11-01,10,17,9,8,19,25,44
20402,MOCOMOCO,desnutricion global,desnutricion moderada (m),2006-11-01,8,6,4,5,12,11,23
51002,MOJINETE,desnutricion global,desnutricion moderada (m),2006-11-01,1,0,1,0,2,0,2
10303,MOJOCOYA,desnutricion global,desnutricion moderada (m),2006-11-01,5,1,4,3,9,4,13
10501,MONTEAGUDO,desnutricion global,desnutricion moderada (m),2006-11-01,11,16,6,21,17,37,54
71001,MONTERO,desnutricion global,desnutricion moderada (m),2006-11-01,28,37,24,26,52,63,115
70803,MORO MORO,desnutricion global,desnutricion moderada (m),2006-11-01,1,0,0,0,1,0,1
30302,MOROCHATA,desnutricion global,desnutricion moderada (m),2006-11-01,7,7,22,12,29,19,48
90401,NACEBE (SANTA ROSA DEL ABUNA),desnutricion global,desnutricion moderada (m),2006-11-01,1,0,0,0,1,0,1
50404,OCURI,desnutricion global,desnutricion moderada (m),2006-11-01,33,25,24,20,57,45,102
70202,OKINAWA,desnutricion global,desnutricion moderada (m),2006-11-01,2,0,0,0,2,0,2
30203,OMEREQUE,desnutricion global,desnutricion moderada (m),2006-11-01,0,1,2,0,2,1,3
40101,ORURO,desnutricion global,desnutricion moderada (m),2006-11-01,99,77,55,45,154,122,276
60201,PADCAYA,desnutricion global,desnutricion moderada (m),2006-11-01,3,1,2,2,5,3,8
10401,PADILLA,desnutricion global,desnutricion moderada (m),2006-11-01,5,5,7,12,12,17,29
70502,PAILON,desnutricion global,desnutricion moderada (m),2006-11-01,0,8,2,0,2,8,10
20102,PALCA,desnutricion global,desnutricion moderada (m),2006-11-01,3,7,2,2,5,9,14
21104,PALOS BLANCOS,desnutricion global,desnutricion moderada (m),2006-11-01,3,4,3,5,6,9,15
40802,PAMPA AULLAGAS,desnutricion global,desnutricion moderada (m),2006-11-01,1,1,2,2,3,3,6
70902,PAMPA GRANDE,desnutricion global,desnutricion moderada (m),2006-11-01,0,1,2,3,2,4,6
21802,PAPEL PAMPA,desnutricion global,desnutricion moderada (m),2006-11-01,1,2,0,1,1,3,4
30202,PASORAPA,desnutricion global,desnutricion moderada (m),2006-11-01,1,2,1,2,2,4,6
21305,PATACAMAYA,desnutricion global,desnutricion moderada (m),2006-11-01,8,7,3,12,11,19,30
40602,PAZÑA,desnutricion global,desnutricion moderada (m),2006-11-01,3,0,0,2,3,2,5
20702,PELECHUCO,desnutricion global,desnutricion moderada (m),2006-11-01,2,2,1,2,3,4,7
50403,POCOATA,desnutricion global,desnutricion moderada (m),2006-11-01,19,24,12,16,31,40,71
31203,POCONA,desnutricion global,desnutricion moderada (m),2006-11-01,5,4,12,14,17,18,35
31202,POJO (CBBA),desnutricion global,desnutricion moderada (m),2006-11-01,7,6,7,7,14,13,27
40601,POOPO,desnutricion global,desnutricion moderada (m),2006-11-01,3,0,2,1,5,1,6
51203,PORCO,desnutricion global,desnutricion moderada (m),2006-11-01,0,3,1,3,1,6,7
10103,POROMA,desnutricion global,desnutricion moderada (m),2006-11-01,19,27,23,13,42,40,82
70103,PORONGO,desnutricion global,desnutricion moderada (m),2006-11-01,2,1,0,0,2,1,3
70601,PORTACHUELO,desnutricion global,desnutricion moderada (m),2006-11-01,2,0,2,7,4,7,11
90102,PORVENIR,desnutricion global,desnutricion moderada (m),2006-11-01,1,2,0,1,1,3,4
70804,POSTRER VALLE,desnutricion global,desnutricion moderada (m),2006-11-01,1,1,0,1,1,2,3
50101,POTOSI,desnutricion global,desnutricion moderada (m),2006-11-01,128,86,34,56,162,142,304
10302,PRESTO,desnutricion global,desnutricion moderada (m),2006-11-01,11,3,8,13,19,16,35
21201,PUCARANI,desnutricion global,desnutricion moderada (m),2006-11-01,3,6,2,3,5,9,14
20401,PUERTO ACOSTA,desnutricion global,desnutricion moderada (m),2006-11-01,9,13,6,12,15,25,40
20403,PUERTO CARABUCO,desnutricion global,desnutricion moderada (m),2006-11-01,4,4,1,5,5,9,14
90301,PUERTO GONZALO MORENO,desnutricion global,desnutricion moderada (m),2006-11-01,7,8,4,5,11,13,24
21204,PUERTO PEREZ,desnutricion global,desnutricion moderada (m),2006-11-01,2,5,0,1,2,6,8
71402,PUERTO QUIJARRO,desnutricion global,desnutricion moderada (m),2006-11-01,4,3,0,0,4,3,7
80703,PUERTO SILES,desnutricion global,desnutricion moderada (m),2006-11-01,0,4,1,1,1,5,6
71401,PUERTO SUAREZ,desnutricion global,desnutricion moderada (m),2006-11-01,0,5,0,0,0,5,5
31205,PUERTO VILLARROEL,desnutricion global,desnutricion moderada (m),2006-11-01,11,53,15,17,26,70,96
51101,PUNA,desnutricion global,desnutricion moderada (m),2006-11-01,41,33,27,36,68,69,137
31401,PUNATA,desnutricion global,desnutricion moderada (m),2006-11-01,11,15,6,12,17,27,44
20604,QUIABAYA,desnutricion global,desnutricion moderada (m),2006-11-01,1,1,1,1,2,2,4
30901,QUILLACOLLO,desnutricion global,desnutricion moderada (m),2006-11-01,22,14,10,6,32,20,52
21002,QUIME,desnutricion global,desnutricion moderada (m),2006-11-01,0,3,2,4,2,7,9
70904,QUIRUSILLAS,desnutricion global,desnutricion moderada (m),2006-11-01,1,0,0,0,1,0,1
50402,RAVELO,desnutricion global,desnutricion moderada (m),2006-11-01,47,34,37,47,84,81,165
80301,REYES,desnutricion global,desnutricion moderada (m),2006-11-01,4,4,1,4,5,8,13
80201,RIBERALTA,desnutricion global,desnutricion moderada (m),2006-11-01,48,70,22,46,70,116,186
70503,ROBORE,desnutricion global,desnutricion moderada (m),2006-11-01,3,7,2,1,5,8,13
80304,RURRENABAQUE,desnutricion global,desnutricion moderada (m),2006-11-01,1,2,0,0,1,2,3
40901,SABAYA,desnutricion global,desnutricion moderada (m),2006-11-01,2,1,1,1,3,2,5
31001,SACABA,desnutricion global,desnutricion moderada (m),2006-11-01,23,23,14,21,37,44,81
30404,SACABAMBA,desnutricion global,desnutricion moderada (m),2006-11-01,1,2,3,4,4,6,10
50701,SACACA,desnutricion global,desnutricion moderada (m),2006-11-01,40,28,45,35,85,63,148
71302,SAIPINA,desnutricion global,desnutricion moderada (m),2006-11-01,1,0,1,0,2,0,2
40801,SALINAS DE GARCI MENDOZA,desnutricion global,desnutricion moderada (m),2006-11-01,4,5,3,4,7,9,16
70901,SAMAIPATA,desnutricion global,desnutricion moderada (m),2006-11-01,2,3,1,0,3,3,6
51601,SAN AGUSTIN,desnutricion global,desnutricion moderada (m),2006-11-01,1,1,0,0,1,1,2
80602,SAN ANDRES,desnutricion global,desnutricion moderada (m),2006-11-01,1,5,2,3,3,8,11
20805,SAN ANDRES DE MACHACA,desnutricion global,desnutricion moderada (m),2006-11-01,2,0,0,0,2,0,2
51003,SAN ANTONIO DE ESMORUCO,desnutricion global,desnutricion moderada (m),2006-11-01,0,2,0,0,0,2,2
71105,SAN ANTONIO DE LOMERIO,desnutricion global,desnutricion moderada (m),2006-11-01,9,13,9,9,18,22,40
31403,SAN BENITO,desnutricion global,desnutricion moderada (m),2006-11-01,1,0,4,7,5,7,12
80302,SAN BORJA,desnutricion global,desnutricion moderada (m),2006-11-01,25,17,8,16,33,33,66
21502,SAN BUENA VENTURA,desnutricion global,desnutricion moderada (m),2006-11-01,7,4,2,1,9,5,14
70402,SAN CARLOS,desnutricion global,desnutricion moderada (m),2006-11-01,9,5,3,1,12,6,18
80501,SAN IGNACIO,desnutricion global,desnutricion moderada (m),2006-11-01,20,8,6,38,26,46,72
70301,SAN IGNACIO DE VELASCO,desnutricion global,desnutricion moderada (m),2006-11-01,44,46,20,39,64,85,149
80701,SAN JOAQUIN,desnutricion global,desnutricion moderada (m),2006-11-01,2,1,1,1,3,2,5
70501,SAN JOSE DE CHIQUITOS,desnutricion global,desnutricion moderada (m),2006-11-01,5,4,4,2,9,6,15
70404,SAN JUAN DE YAPACANI,desnutricion global,desnutricion moderada (m),2006-11-01,4,9,6,4,10,13,23
71104,SAN JULIAN,desnutricion global,desnutricion moderada (m),2006-11-01,4,8,2,8,6,16,22
90302,SAN LORENZO(PND),desnutricion global,desnutricion moderada (m),2006-11-01,1,0,0,0,1,0,1
60501,SAN LORENZO(TJA),desnutricion global,desnutricion moderada (m),2006-11-01,4,6,10,5,14,11,25
10702,SAN LUCAS,desnutricion global,desnutricion moderada (m),2006-11-01,52,57,48,51,100,108,208
71201,SAN MATIAS,desnutricion global,desnutricion moderada (m),2006-11-01,5,0,1,2,6,2,8
70302,SAN MIGUEL DE VELASCO,desnutricion global,desnutricion moderada (m),2006-11-01,3,2,2,2,5,4,9
51001,SAN PABLO DE LIPEZ,desnutricion global,desnutricion moderada (m),2006-11-01,1,0,0,1,1,1,2
71005,SAN PEDRO,desnutricion global,desnutricion moderada (m),2006-11-01,2,2,2,1,4,3,7
50501,SAN PEDRO DE BUENA VISTA,desnutricion global,desnutricion moderada (m),2006-11-01,21,24,20,21,41,45,86
21801,SAN PEDRO DE CURAHUARA,desnutricion global,desnutricion moderada (m),2006-11-01,1,1,2,5,3,6,9
21702,SAN PEDRO DE TIQUINA,desnutricion global,desnutricion moderada (m),2006-11-01,0,11,0,0,0,11,11
90202,SAN PEDRO(PND),desnutricion global,desnutricion moderada (m),2006-11-01,0,2,0,0,0,2,2
70303,SAN RAFAEL,desnutricion global,desnutricion moderada (m),2006-11-01,1,1,1,2,2,3,5
80702,SAN RAMON,desnutricion global,desnutricion moderada (m),2006-11-01,0,0,1,0,1,0,1
80401,SANTA ANA,desnutricion global,desnutricion moderada (m),2006-11-01,4,6,0,2,4,8,12
70101,SANTA CRUZ DE LA SIERRA,desnutricion global,desnutricion moderada (m),2006-11-01,97,88,29,44,126,132,258
80303,SANTA ROSA,desnutricion global,desnutricion moderada (m),2006-11-01,3,2,0,1,3,3,6
70602,SANTA ROSA DEL SARA,desnutricion global,desnutricion moderada (m),2006-11-01,4,3,1,4,5,7,12
20308,SANTIAGO DE CALLAPA,desnutricion global,desnutricion moderada (m),2006-11-01,2,1,1,1,3,2,5
41401,SANTIAGO DE HUARI,desnutricion global,desnutricion moderada (m),2006-11-01,1,1,1,6,2,7,9
21901,SANTIAGO DE MACHACA,desnutricion global,desnutricion moderada (m),2006-11-01,1,1,2,2,3,3,6
30702,SANTIVAÑES,desnutricion global,desnutricion moderada (m),2006-11-01,1,3,0,1,1,4,5
40202,SANTUARIO DE QUILLACAS,desnutricion global,desnutricion moderada (m),2006-11-01,1,1,1,1,2,2,4
20902,SAPAHAQUI,desnutricion global,desnutricion moderada (m),2006-11-01,14,10,10,10,24,20,44
90303,SENA,desnutricion global,desnutricion moderada (m),2006-11-01,5,0,2,2,7,2,9
21301,SICA SICA (VILLA AROMA),desnutricion global,desnutricion moderada (m),2006-11-01,14,13,6,12,20,25,45
30703,SICAYA,desnutricion global,desnutricion moderada (m),2006-11-01,2,4,1,3,3,7,10
30902,SIPE SIPE,desnutricion global,desnutricion moderada (m),2006-11-01,37,28,14,12,51,40,91
10403,SOPACHUY,desnutricion global,desnutricion moderada (m),2006-11-01,6,12,8,21,14,33,47
40104,SORACACHI,desnutricion global,desnutricion moderada (m),2006-11-01,7,6,5,2,12,8,20
20601,SORATA,desnutricion global,desnutricion moderada (m),2006-11-01,1,1,0,0,1,1,2
10101,SUCRE,desnutricion global,desnutricion moderada (m),2006-11-01,55,53,40,62,95,115,210
31404,TACACHI,desnutricion global,desnutricion moderada (m),2006-11-01,2,0,0,0,2,0,2
50303,TACOBAMBA,desnutricion global,desnutricion moderada (m),2006-11-01,13,14,2,8,15,22,37
30602,TACOPAYA,desnutricion global,desnutricion moderada (m),2006-11-01,5,4,3,4,8,8,16
51402,TAHUA,desnutricion global,desnutricion moderada (m),2006-11-01,1,1,0,0,1,1,2
31101,TAPACARI,desnutricion global,desnutricion moderada (m),2006-11-01,39,25,27,26,66,51,117
10601,TARABUCO,desnutricion global,desnutricion moderada (m),2006-11-01,49,22,30,43,79,65,144
30401,TARATA,desnutricion global,desnutricion moderada (m),2006-11-01,3,3,0,4,3,7,10
60101,TARIJA,desnutricion global,desnutricion moderada (m),2006-11-01,28,29,23,25,51,54,105
10202,TARVITA,desnutricion global,desnutricion moderada (m),2006-11-01,21,17,27,31,48,48,96
20608,TEOPONTE,desnutricion global,desnutricion moderada (m),2006-11-01,6,13,6,6,12,19,31
20803,TIAWANACU,desnutricion global,desnutricion moderada (m),2006-11-01,2,0,0,0,2,0,2
50102,TINGUIPAYA,desnutricion global,desnutricion moderada (m),2006-11-01,24,23,16,21,40,44,84
20606,TIPUANI,desnutricion global,desnutricion moderada (m),2006-11-01,1,0,3,1,4,1,5
30903,TIQUIPAYA,desnutricion global,desnutricion moderada (m),2006-11-01,7,1,0,0,7,1,8
31601,TIRAQUE (CBBA),desnutricion global,desnutricion moderada (m),2006-11-01,29,37,19,39,48,76,124
41001,TOLEDO,desnutricion global,desnutricion moderada (m),2006-11-01,1,0,0,2,1,2,3
51202,TOMAVE,desnutricion global,desnutricion moderada (m),2006-11-01,2,7,1,11,3,18,21
10402,TOMINA,desnutricion global,desnutricion moderada (m),2006-11-01,20,12,26,16,46,28,74
50502,TORO TORO,desnutricion global,desnutricion moderada (m),2006-11-01,19,18,7,5,26,23,49
31201,TOTORA(CBBA),desnutricion global,desnutricion moderada (m),2006-11-01,8,4,3,3,11,7,18
41301,TOTORA(ORR),desnutricion global,desnutricion moderada (m),2006-11-01,2,0,0,2,2,2,4
80101,TRINIDAD,desnutricion global,desnutricion moderada (m),2006-11-01,27,11,12,9,39,20,59
50801,TUPIZA,desnutricion global,desnutricion moderada (m),2006-11-01,5,11,5,10,10,21,31
40402,TURCO,desnutricion global,desnutricion moderada (m),2006-11-01,1,0,0,2,1,2,3
21302,UMALA,desnutricion global,desnutricion moderada (m),2006-11-01,5,1,0,0,5,1,6
50201,UNCIA,desnutricion global,desnutricion moderada (m),2006-11-01,14,8,13,6,27,14,41
60401,URIONDO (A. CONCEPCION),desnutricion global,desnutricion moderada (m),2006-11-01,4,7,2,9,6,16,22
71502,URUBICHA,desnutricion global,desnutricion moderada (m),2006-11-01,1,0,0,4,1,4,5
51201,UYUNI,desnutricion global,desnutricion moderada (m),2006-11-01,10,5,5,3,15,8,23
30502,VACAS,desnutricion global,desnutricion moderada (m),2006-11-01,7,4,0,3,7,7,14
70801,VALLEGRANDE,desnutricion global,desnutricion moderada (m),2006-11-01,2,2,2,0,4,2,6
20801,VIACHA,desnutricion global,desnutricion moderada (m),2006-11-01,4,2,3,6,7,8,15
31302,VILA VILA,desnutricion global,desnutricion moderada (m),2006-11-01,2,8,1,4,3,12,15
60303,VILLA MONTES,desnutricion global,desnutricion moderada (m),2006-11-01,5,2,0,8,5,10,15
90502,VILLA NUEVA (LOMA ALTA),desnutricion global,desnutricion moderada (m),2006-11-01,0,1,0,0,0,1,1
31402,VILLA RIVERO,desnutricion global,desnutricion moderada (m),2006-11-01,5,4,2,2,7,6,13
10801,VILLA SERRANO,desnutricion global,desnutricion moderada (m),2006-11-01,8,7,14,16,22,23,45
31003,VILLA TUNARI,desnutricion global,desnutricion moderada (m),2006-11-01,33,39,11,18,44,57,101
11001,VILLA VACA GUZMAN (MUYUPAMPA),desnutricion global,desnutricion moderada (m),2006-11-01,4,2,3,5,7,7,14
51501,VILLAZON,desnutricion global,desnutricion moderada (m),2006-11-01,11,8,5,9,16,17,33
30904,VINTO,desnutricion global,desnutricion moderada (m),2006-11-01,3,3,0,1,3,4,7
50602,VITICHI,desnutricion global,desnutricion moderada (m),2006-11-01,15,12,21,30,36,42,78
20306,WALDO BALLIVIAN,desnutricion global,desnutricion moderada (m),2006-11-01,1,2,1,2,2,4,6
70201,WARNES,desnutricion global,desnutricion moderada (m),2006-11-01,7,20,6,3,13,23,36
20903,YACO,desnutricion global,desnutricion moderada (m),2006-11-01,8,7,3,14,11,21,32
60301,YACUIBA,desnutricion global,desnutricion moderada (m),2006-11-01,6,19,12,14,18,33,51
10602,YAMPARAEZ,desnutricion global,desnutricion moderada (m),2006-11-01,18,8,11,19,29,27,56
21103,YANACACHI,desnutricion global,desnutricion moderada (m),2006-11-01,0,0,0,1,0,1,1
70403,YAPACANI,desnutricion global,desnutricion moderada (m),2006-11-01,11,8,3,5,14,13,27
50103,YOCALLA,desnutricion global,desnutricion moderada (m),2006-11-01,1,2,0,1,1,3,4
10102,YOTALA,desnutricion global,desnutricion moderada (m),2006-11-01,10,13,5,8,15,21,36
60402,YUNCHARA,desnutricion global,desnutricion moderada (m),2006-11-01,7,1,4,4,11,5,16
10301,ZUDAÑEZ,desnutricion global,desnutricion moderada (m),2006-11-01,13,5,10,15,23,20,43
51302,ACACIO,desnutricion global,desnutricion moderada (m),2006-12-01,12,9,12,12,24,21,45
20201,ACHACACHI,desnutricion global,desnutricion moderada (m),2006-12-01,3,5,1,0,4,5,9
30201,AIQUILE,desnutricion global,desnutricion moderada (m),2006-12-01,5,4,3,4,8,8,16
10404,ALCALA,desnutricion global,desnutricion moderada (m),2006-12-01,5,4,7,6,12,10,22
20202,ANCORAIMES,desnutricion global,desnutricion moderada (m),2006-12-01,1,1,1,0,2,1,3
41201,ANDAMARCA,desnutricion global,desnutricion moderada (m),2006-12-01,0,0,2,2,2,2,4
40603,ANTEQUERA,desnutricion global,desnutricion moderada (m),2006-12-01,2,1,0,2,2,3,5
30402,ANZALDO,desnutricion global,desnutricion moderada (m),2006-12-01,0,1,5,0,5,1,6
20701,APOLO,desnutricion global,desnutricion moderada (m),2006-12-01,2,4,1,6,3,10,13
51301,ARAMPAMPA,desnutricion global,desnutricion moderada (m),2006-12-01,5,4,4,16,9,20,29
30501,ARANI,desnutricion global,desnutricion moderada (m),2006-12-01,4,0,0,0,4,0,4
30403,ARBIETO,desnutricion global,desnutricion moderada (m),2006-12-01,3,0,1,0,4,0,4
30601,ARQUE,desnutricion global,desnutricion moderada (m),2006-12-01,3,5,9,12,12,17,29
71501,ASCENCION DE GUARAYOS,desnutricion global,desnutricion moderada (m),2006-12-01,22,23,24,17,46,40,86
50802,ATOCHA,desnutricion global,desnutricion moderada (m),2006-12-01,4,2,2,1,6,3,9
20503,AUCAPATA,desnutricion global,desnutricion moderada (m),2006-12-01,0,2,3,1,3,3,6
20502,AYATA,desnutricion global,desnutricion moderada (m),2006-12-01,4,6,4,4,8,10,18
21303,AYO AYO,desnutricion global,desnutricion moderada (m),2006-12-01,2,2,3,2,5,4,9
30301,AYOPAYA (V. DE INDEPENDENCIA),desnutricion global,desnutricion moderada (m),2006-12-01,8,5,6,9,14,14,28
10201,AZURDUY,desnutricion global,desnutricion moderada (m),2006-12-01,7,16,15,15,22,31,53
21203,BATALLAS,desnutricion global,desnutricion moderada (m),2006-12-01,3,1,2,3,5,4,9
80802,BAURES,desnutricion global,desnutricion moderada (m),2006-12-01,1,0,0,1,1,1,2
41202,BELEN DE ANDAMARCA,desnutricion global,desnutricion moderada (m),2006-12-01,1,1,0,1,1,2,3
50104,BELEN DE URMIRI,desnutricion global,desnutricion moderada (m),2006-12-01,0,1,1,0,1,1,2
90104,BELLA FLOR,desnutricion global,desnutricion moderada (m),2006-12-01,2,2,2,1,4,3,7
60202,BERMEJO,desnutricion global,desnutricion moderada (m),2006-12-01,0,0,0,1,0,1,1
50301,BETANZOS,desnutricion global,desnutricion moderada (m),2006-12-01,18,18,15,18,33,36,69
31501,BOLIVAR,desnutricion global,desnutricion moderada (m),2006-12-01,20,15,8,8,28,23,51
70707,BOYUIBE,desnutricion global,desnutricion moderada (m),2006-12-01,1,0,1,6,2,6,8
70401,BUENA VISTA,desnutricion global,desnutricion moderada (m),2006-12-01,1,4,0,0,1,4,5
70703,CABEZAS,desnutricion global,desnutricion moderada (m),2006-12-01,1,3,1,2,2,5,7
20905,CAIROMA,desnutricion global,desnutricion moderada (m),2006-12-01,7,7,9,2,16,9,25
51102,"CAIZA ""D""",desnutricion global,desnutricion moderada (m),2006-12-01,3,0,4,3,7,3,10
21003,CAJUATA,desnutricion global,desnutricion moderada (m),2006-12-01,0,3,2,0,2,3,5
20303,CALACOTO,desnutricion global,desnutricion moderada (m),2006-12-01,1,0,0,3,1,3,4
21304,CALAMARCA,desnutricion global,desnutricion moderada (m),2006-12-01,15,8,8,8,23,16,39
10701,CAMARGO,desnutricion global,desnutricion moderada (m),2006-12-01,11,16,3,9,14,25,39
10901,CAMATAQUI (C. VILLA ABECIA),desnutricion global,desnutricion moderada (m),2006-12-01,2,4,1,0,3,4,7
70706,CAMIRI,desnutricion global,desnutricion moderada (m),2006-12-01,5,11,5,4,10,15,25
30701,CAPINOTA,desnutricion global,desnutricion moderada (m),2006-12-01,9,7,2,2,11,9,20
20302,CAQUIAVIRI,desnutricion global,desnutricion moderada (m),2006-12-01,1,1,1,0,2,1,3
40102,CARACOLLO,desnutricion global,desnutricion moderada (m),2006-12-01,1,1,2,0,3,1,4
22001,CARANAVI,desnutricion global,desnutricion moderada (m),2006-12-01,14,17,6,9,20,26,46
41503,CARANGAS,desnutricion global,desnutricion moderada (m),2006-12-01,0,0,1,0,1,0,1
60302,CARAPARI,desnutricion global,desnutricion moderada (m),2006-12-01,1,0,2,3,3,3,6
50702,CARIPUYO,desnutricion global,desnutricion moderada (m),2006-12-01,5,9,6,20,11,29,40
71403,CARMEN RIVERO TORREZ,desnutricion global,desnutricion moderada (m),2006-12-01,0,0,0,1,0,1,1
21803,CHACARILLA,desnutricion global,desnutricion moderada (m),2006-12-01,0,1,0,0,0,1,1
40201,CHALLAPATA,desnutricion global,desnutricion moderada (m),2006-12-01,12,17,6,7,18,24,42
50302,CHAQUI,desnutricion global,desnutricion moderada (m),2006-12-01,8,3,3,4,11,7,18
70702,CHARAGUA,desnutricion global,desnutricion moderada (m),2006-12-01,7,8,5,1,12,9,21
20305,CHARAÑA,desnutricion global,desnutricion moderada (m),2006-12-01,1,0,0,0,1,0,1
50202,CHAYANTA,desnutricion global,desnutricion moderada (m),2006-12-01,25,20,24,30,49,50,99
31204,CHIMORE,desnutricion global,desnutricion moderada (m),2006-12-01,11,17,12,6,23,23,46
40903,CHIPAYA,desnutricion global,desnutricion moderada (m),2006-12-01,1,0,1,3,2,3,5
40302,CHOQUE COTA,desnutricion global,desnutricion moderada (m),2006-12-01,1,1,1,2,2,3,5
21101,CHULUMANI (V. DE LA LIBERTAD),desnutricion global,desnutricion moderada (m),2006-12-01,1,3,0,0,1,3,4
20501,CHUMA,desnutricion global,desnutricion moderada (m),2006-12-01,12,10,1,7,13,17,30
30801,CLIZA,desnutricion global,desnutricion moderada (m),2006-12-01,1,3,1,4,2,7,9
90101,COBIJA,desnutricion global,desnutricion moderada (m),2006-12-01,10,3,12,7,22,10,32
30101,COCHABAMBA,desnutricion global,desnutricion moderada (m),2006-12-01,75,73,44,45,119,118,237
40902,COIPASA,desnutricion global,desnutricion moderada (m),2006-12-01,0,0,0,1,0,1,1
30905,COLCAPIRHUA,desnutricion global,desnutricion moderada (m),2006-12-01,8,3,0,2,8,5,13
50901,"COLCHA ""K""",desnutricion global,desnutricion moderada (m),2006-12-01,2,0,0,0,2,0,2
21307,COLLANA,desnutricion global,desnutricion moderada (m),2006-12-01,0,0,0,1,0,1,1
31002,COLOMI,desnutricion global,desnutricion moderada (m),2006-12-01,10,7,2,2,12,9,21
50401,COLQUECHACA,desnutricion global,desnutricion moderada (m),2006-12-01,18,15,24,17,42,32,74
21306,COLQUENCHA,desnutricion global,desnutricion moderada (m),2006-12-01,10,8,5,5,15,13,28
21004,COLQUIRI,desnutricion global,desnutricion moderada (m),2006-12-01,9,10,4,5,13,15,28
20304,COMANCHE,desnutricion global,desnutricion moderada (m),2006-12-01,0,0,0,1,0,1,1
71301,COMARAPA,desnutricion global,desnutricion moderada (m),2006-12-01,4,3,0,8,4,11,15
20605,COMBAYA,desnutricion global,desnutricion moderada (m),2006-12-01,0,0,0,1,0,1,1
71101,CONCEPCION,desnutricion global,desnutricion moderada (m),2006-12-01,3,3,0,1,3,4,7
21701,COPACABANA,desnutricion global,desnutricion moderada (m),2006-12-01,3,1,0,3,3,4,7
20301,CORO CORO,desnutricion global,desnutricion moderada (m),2006-12-01,1,1,2,0,3,1,4
21401,COROICO,desnutricion global,desnutricion moderada (m),2006-12-01,4,2,0,2,4,4,8
40301,CORQUE,desnutricion global,desnutricion moderada (m),2006-12-01,1,0,0,2,1,2,3
50601,COTAGAITA,desnutricion global,desnutricion moderada (m),2006-12-01,14,18,27,27,41,45,86
70102,COTOCA,desnutricion global,desnutricion moderada (m),2006-12-01,2,6,0,3,2,9,11
71106,CUATRO CAÑADAS,desnutricion global,desnutricion moderada (m),2006-12-01,0,2,0,2,0,4,4
31405,CUCHUMUELA (V. G. VILLARROEL),desnutricion global,desnutricion moderada (m),2006-12-01,0,0,0,2,0,2,2
10902,CULPINA,desnutricion global,desnutricion moderada (m),2006-12-01,17,18,13,17,30,35,65
40401,CURAHUARA DE CARANGAS,desnutricion global,desnutricion moderada (m),2006-12-01,1,4,2,1,3,5,8
21602,CURVA,desnutricion global,desnutricion moderada (m),2006-12-01,2,1,0,1,2,2,4
20804,DESAGUADERO,desnutricion global,desnutricion moderada (m),2006-12-01,2,0,0,0,2,0,2
20105,EL ALTO,desnutricion global,desnutricion moderada (m),2006-12-01,164,135,81,99,245,234,479
40103,EL CHORO,desnutricion global,desnutricion moderada (m),2006-12-01,0,1,0,0,0,1,1
71503,EL PUENTE(STC),desnutricion global,desnutricion moderada (m),2006-12-01,1,2,0,0,1,2,3
60502,EL PUENTE(TJA),desnutricion global,desnutricion moderada (m),2006-12-01,0,1,1,0,1,1,2
70105,EL TORNO,desnutricion global,desnutricion moderada (m),2006-12-01,1,5,3,7,4,12,16
10405,EL VILLAR,desnutricion global,desnutricion moderada (m),2006-12-01,2,4,5,4,7,8,15
60601,ENTRE RIOS,desnutricion global,desnutricion moderada (m),2006-12-01,5,6,10,5,15,11,26
60601,ENTRE RIOS,desnutricion global,desnutricion moderada (m),2006-12-01,4,9,4,6,8,15,23
41101,EUCALIPTUS,desnutricion global,desnutricion moderada (m),2006-12-01,0,0,0,1,0,1,1
71004,FERNANDEZ ALONSO,desnutricion global,desnutricion moderada (m),2006-12-01,3,2,0,2,3,4,7
71002,GENERAL SAAVEDRA,desnutricion global,desnutricion moderada (m),2006-12-01,5,15,5,4,10,19,29
21601,GRAL. J.J. PEREZ (CHARAZANI),desnutricion global,desnutricion moderada (m),2006-12-01,3,3,3,4,6,7,13
20602,GUANAY,desnutricion global,desnutricion moderada (m),2006-12-01,4,5,0,3,4,8,12
20802,GUAQUI,desnutricion global,desnutricion moderada (m),2006-12-01,2,3,0,0,2,3,5
80202,GUAYARAMERIN,desnutricion global,desnutricion moderada (m),2006-12-01,15,17,5,9,20,26,46
70705,GUTIERREZ,desnutricion global,desnutricion moderada (m),2006-12-01,15,8,9,12,24,20,44
10502,HUACARETA,desnutricion global,desnutricion moderada (m),2006-12-01,4,4,0,2,4,6,10
11002,HUACAYA (VILLA DE HUACAYA),desnutricion global,desnutricion moderada (m),2006-12-01,0,0,4,0,4,0,4
40501,HUACHACALLA,desnutricion global,desnutricion moderada (m),2006-12-01,1,0,1,0,2,0,2
40701,HUANUNI,desnutricion global,desnutricion moderada (m),2006-12-01,11,7,6,3,17,10,27
21005,ICHOCA,desnutricion global,desnutricion moderada (m),2006-12-01,0,0,0,1,0,1,1
10304,ICLA,desnutricion global,desnutricion moderada (m),2006-12-01,8,18,19,16,27,34,61
10703,INCAHUASI,desnutricion global,desnutricion moderada (m),2006-12-01,24,22,25,17,49,39,88
21001,INQUISIVI,desnutricion global,desnutricion moderada (m),2006-12-01,9,3,2,3,11,6,17
21102,IRUPANA (VILLA DE LANZA),desnutricion global,desnutricion moderada (m),2006-12-01,4,4,1,5,5,9,14
21501,IXIAMAS,desnutricion global,desnutricion moderada (m),2006-12-01,1,2,1,3,2,5,7
20806,JESUS DE MACHACA,desnutricion global,desnutricion moderada (m),2006-12-01,3,2,6,1,9,3,12
21105,LA ASUNTA,desnutricion global,desnutricion moderada (m),2006-12-01,1,7,0,2,1,9,10
70104,LA GUARDIA,desnutricion global,desnutricion moderada (m),2006-12-01,8,12,4,5,12,17,29
20101,LA PAZ,desnutricion global,desnutricion moderada (m),2006-12-01,105,88,28,26,133,114,247
70701,LAGUNILLAS,desnutricion global,desnutricion moderada (m),2006-12-01,1,1,1,1,2,2,4
21202,LAJA,desnutricion global,desnutricion moderada (m),2006-12-01,7,3,2,0,9,3,12
10903,LAS CARRERAS,desnutricion global,desnutricion moderada (m),2006-12-01,1,2,2,4,3,6,9
50203,LLALLAGUA,desnutricion global,desnutricion moderada (m),2006-12-01,17,15,11,7,28,22,50
51401,LLICA,desnutricion global,desnutricion moderada (m),2006-12-01,1,0,1,0,2,0,2
20901,LURIBAY,desnutricion global,desnutricion moderada (m),2006-12-01,7,2,1,6,8,8,16
40702,MACHACAMARCA,desnutricion global,desnutricion moderada (m),2006-12-01,2,1,1,1,3,2,5
11003,MACHARETI,desnutricion global,desnutricion moderada (m),2006-12-01,4,4,3,5,7,9,16
80801,MAGDALENA,desnutricion global,desnutricion moderada (m),2006-12-01,1,0,0,0,1,0,1
70903,MAIRANA,desnutricion global,desnutricion moderada (m),2006-12-01,1,2,2,1,3,3,6
20904,MALLA,desnutricion global,desnutricion moderada (m),2006-12-01,1,1,2,1,3,2,5
20607,MAPIRI,desnutricion global,desnutricion moderada (m),2006-12-01,1,1,0,0,1,1,2
71003,MINEROS,desnutricion global,desnutricion moderada (m),2006-12-01,2,11,2,1,4,12,16
31301,MIZQUE,desnutricion global,desnutricion moderada (m),2006-12-01,2,8,3,6,5,14,19
20402,MOCOMOCO,desnutricion global,desnutricion moderada (m),2006-12-01,5,1,4,1,9,2,11
10303,MOJOCOYA,desnutricion global,desnutricion moderada (m),2006-12-01,1,2,1,5,2,7,9
10501,MONTEAGUDO,desnutricion global,desnutricion moderada (m),2006-12-01,9,8,6,13,15,21,36
71001,MONTERO,desnutricion global,desnutricion moderada (m),2006-12-01,18,23,17,16,35,39,74
70803,MORO MORO,desnutricion global,desnutricion moderada (m),2006-12-01,1,0,0,0,1,0,1
30302,MOROCHATA,desnutricion global,desnutricion moderada (m),2006-12-01,3,8,3,9,6,17,23
90401,NACEBE (SANTA ROSA DEL ABUNA),desnutricion global,desnutricion moderada (m),2006-12-01,1,0,0,0,1,0,1
50404,OCURI,desnutricion global,desnutricion moderada (m),2006-12-01,30,28,20,27,50,55,105
70202,OKINAWA,desnutricion global,desnutricion moderada (m),2006-12-01,0,0,0,1,0,1,1
30203,OMEREQUE,desnutricion global,desnutricion moderada (m),2006-12-01,1,3,2,2,3,5,8
40101,ORURO,desnutricion global,desnutricion moderada (m),2006-12-01,58,63,36,37,94,100,194
60201,PADCAYA,desnutricion global,desnutricion moderada (m),2006-12-01,2,4,2,3,4,7,11
10401,PADILLA,desnutricion global,desnutricion moderada (m),2006-12-01,14,3,8,5,22,8,30
70502,PAILON,desnutricion global,desnutricion moderada (m),2006-12-01,6,8,3,3,9,11,20
20102,PALCA,desnutricion global,desnutricion moderada (m),2006-12-01,0,1,1,2,1,3,4
21104,PALOS BLANCOS,desnutricion global,desnutricion moderada (m),2006-12-01,3,3,3,0,6,3,9
40802,PAMPA AULLAGAS,desnutricion global,desnutricion moderada (m),2006-12-01,2,0,0,2,2,2,4
70902,PAMPA GRANDE,desnutricion global,desnutricion moderada (m),2006-12-01,0,0,2,1,2,1,3
21802,PAPEL PAMPA,desnutricion global,desnutricion moderada (m),2006-12-01,1,1,0,0,1,1,2
30202,PASORAPA,desnutricion global,desnutricion moderada (m),2006-12-01,0,0,1,1,1,1,2
21305,PATACAMAYA,desnutricion global,desnutricion moderada (m),2006-12-01,11,4,2,7,13,11,24
40602,PAZÑA,desnutricion global,desnutricion moderada (m),2006-12-01,1,1,1,2,2,3,5
20702,PELECHUCO,desnutricion global,desnutricion moderada (m),2006-12-01,3,7,4,5,7,12,19
50403,POCOATA,desnutricion global,desnutricion moderada (m),2006-12-01,14,24,11,15,25,39,64
31203,POCONA,desnutricion global,desnutricion moderada (m),2006-12-01,3,1,6,4,9,5,14
31202,POJO (CBBA),desnutricion global,desnutricion moderada (m),2006-12-01,4,1,0,2,4,3,7
40601,POOPO,desnutricion global,desnutricion moderada (m),2006-12-01,0,1,0,0,0,1,1
51203,PORCO,desnutricion global,desnutricion moderada (m),2006-12-01,6,10,4,7,10,17,27
10103,POROMA,desnutricion global,desnutricion moderada (m),2006-12-01,30,25,14,22,44,47,91
70103,PORONGO,desnutricion global,desnutricion moderada (m),2006-12-01,1,0,0,0,1,0,1
70601,PORTACHUELO,desnutricion global,desnutricion moderada (m),2006-12-01,2,2,4,3,6,5,11
70804,POSTRER VALLE,desnutricion global,desnutricion moderada (m),2006-12-01,0,1,0,0,0,1,1
50101,POTOSI,desnutricion global,desnutricion moderada (m),2006-12-01,59,58,28,25,87,83,170
10302,PRESTO,desnutricion global,desnutricion moderada (m),2006-12-01,0,0,0,1,0,1,1
70805,PUCARA,desnutricion global,desnutricion moderada (m),2006-12-01,0,0,0,2,0,2,2
21201,PUCARANI,desnutricion global,desnutricion moderada (m),2006-12-01,6,7,1,3,7,10,17
20401,PUERTO ACOSTA,desnutricion global,desnutricion moderada (m),2006-12-01,7,7,3,5,10,12,22
20403,PUERTO CARABUCO,desnutricion global,desnutricion moderada (m),2006-12-01,0,2,0,2,0,4,4
90301,PUERTO GONZALO MORENO,desnutricion global,desnutricion moderada (m),2006-12-01,3,3,2,2,5,5,10
71402,PUERTO QUIJARRO,desnutricion global,desnutricion moderada (m),2006-12-01,1,2,0,0,1,2,3
71401,PUERTO SUAREZ,desnutricion global,desnutricion moderada (m),2006-12-01,1,1,0,0,1,1,2
31205,PUERTO VILLARROEL,desnutricion global,desnutricion moderada (m),2006-12-01,20,22,16,14,36,36,72
51101,PUNA,desnutricion global,desnutricion moderada (m),2006-12-01,31,13,20,29,51,42,93
31401,PUNATA,desnutricion global,desnutricion moderada (m),2006-12-01,7,3,4,2,11,5,16
20604,QUIABAYA,desnutricion global,desnutricion moderada (m),2006-12-01,1,1,2,0,3,1,4
30901,QUILLACOLLO,desnutricion global,desnutricion moderada (m),2006-12-01,13,14,12,14,25,28,53
21002,QUIME,desnutricion global,desnutricion moderada (m),2006-12-01,3,4,1,6,4,10,14
50402,RAVELO,desnutricion global,desnutricion moderada (m),2006-12-01,47,27,32,45,79,72,151
80301,REYES,desnutricion global,desnutricion moderada (m),2006-12-01,9,2,3,2,12,4,16
80201,RIBERALTA,desnutricion global,desnutricion moderada (m),2006-12-01,48,60,22,32,70,92,162
70503,ROBORE,desnutricion global,desnutricion moderada (m),2006-12-01,4,4,3,1,7,5,12
40901,SABAYA,desnutricion global,desnutricion moderada (m),2006-12-01,2,2,1,1,3,3,6
31001,SACABA,desnutricion global,desnutricion moderada (m),2006-12-01,9,16,13,11,22,27,49
30404,SACABAMBA,desnutricion global,desnutricion moderada (m),2006-12-01,3,2,0,0,3,2,5
50701,SACACA,desnutricion global,desnutricion moderada (m),2006-12-01,28,37,35,34,63,71,134
71302,SAIPINA,desnutricion global,desnutricion moderada (m),2006-12-01,0,2,0,0,0,2,2
40801,SALINAS DE GARCI MENDOZA,desnutricion global,desnutricion moderada (m),2006-12-01,4,2,2,6,6,8,14
70901,SAMAIPATA,desnutricion global,desnutricion moderada (m),2006-12-01,0,1,0,0,0,1,1
51601,SAN AGUSTIN,desnutricion global,desnutricion moderada (m),2006-12-01,1,0,0,0,1,0,1
80602,SAN ANDRES,desnutricion global,desnutricion moderada (m),2006-12-01,3,3,0,1,3,4,7
20805,SAN ANDRES DE MACHACA,desnutricion global,desnutricion moderada (m),2006-12-01,0,2,0,0,0,2,2
51003,SAN ANTONIO DE ESMORUCO,desnutricion global,desnutricion moderada (m),2006-12-01,2,1,2,0,4,1,5
71105,SAN ANTONIO DE LOMERIO,desnutricion global,desnutricion moderada (m),2006-12-01,5,11,8,6,13,17,30
31403,SAN BENITO,desnutricion global,desnutricion moderada (m),2006-12-01,1,2,1,2,2,4,6
80302,SAN BORJA,desnutricion global,desnutricion moderada (m),2006-12-01,13,15,8,14,21,29,50
21502,SAN BUENA VENTURA,desnutricion global,desnutricion moderada (m),2006-12-01,2,3,3,1,5,4,9
70402,SAN CARLOS,desnutricion global,desnutricion moderada (m),2006-12-01,2,2,1,1,3,3,6
80501,SAN IGNACIO,desnutricion global,desnutricion moderada (m),2006-12-01,4,7,3,2,7,9,16
70301,SAN IGNACIO DE VELASCO,desnutricion global,desnutricion moderada (m),2006-12-01,19,38,13,20,32,58,90
80701,SAN JOAQUIN,desnutricion global,desnutricion moderada (m),2006-12-01,0,1,0,0,0,1,1
70501,SAN JOSE DE CHIQUITOS,desnutricion global,desnutricion moderada (m),2006-12-01,5,5,1,2,6,7,13
71104,SAN JULIAN,desnutricion global,desnutricion moderada (m),2006-12-01,1,1,2,3,3,4,7
90302,SAN LORENZO(PND),desnutricion global,desnutricion moderada (m),2006-12-01,1,1,0,0,1,1,2
60501,SAN LORENZO(TJA),desnutricion global,desnutricion moderada (m),2006-12-01,8,11,12,18,20,29,49
10702,SAN LUCAS,desnutricion global,desnutricion moderada (m),2006-12-01,59,39,42,52,101,91,192
71201,SAN MATIAS,desnutricion global,desnutricion moderada (m),2006-12-01,1,2,1,0,2,2,4
70302,SAN MIGUEL DE VELASCO,desnutricion global,desnutricion moderada (m),2006-12-01,2,1,1,2,3,3,6
51001,SAN PABLO DE LIPEZ,desnutricion global,desnutricion moderada (m),2006-12-01,1,0,3,3,4,3,7
71005,SAN PEDRO,desnutricion global,desnutricion moderada (m),2006-12-01,0,2,2,2,2,4,6
50501,SAN PEDRO DE BUENA VISTA,desnutricion global,desnutricion moderada (m),2006-12-01,19,16,9,14,28,30,58
21801,SAN PEDRO DE CURAHUARA,desnutricion global,desnutricion moderada (m),2006-12-01,1,0,0,1,1,1,2
50902,SAN PEDRO DE QUEMES,desnutricion global,desnutricion moderada (m),2006-12-01,0,3,1,1,1,4,5
21702,SAN PEDRO DE TIQUINA,desnutricion global,desnutricion moderada (m),2006-12-01,1,0,2,1,3,1,4
90202,SAN PEDRO(PND),desnutricion global,desnutricion moderada (m),2006-12-01,0,0,0,1,0,1,1
70303,SAN RAFAEL,desnutricion global,desnutricion moderada (m),2006-12-01,3,2,0,6,3,8,11
80702,SAN RAMON,desnutricion global,desnutricion moderada (m),2006-12-01,1,0,1,0,2,0,2
80401,SANTA ANA,desnutricion global,desnutricion moderada (m),2006-12-01,0,1,1,0,1,1,2
70101,SANTA CRUZ DE LA SIERRA,desnutricion global,desnutricion moderada (m),2006-12-01,83,95,20,46,103,141,244
80303,SANTA ROSA,desnutricion global,desnutricion moderada (m),2006-12-01,3,1,0,1,3,2,5
70602,SANTA ROSA DEL SARA,desnutricion global,desnutricion moderada (m),2006-12-01,5,7,2,2,7,9,16
41401,SANTIAGO DE HUARI,desnutricion global,desnutricion moderada (m),2006-12-01,2,2,1,0,3,2,5
21901,SANTIAGO DE MACHACA,desnutricion global,desnutricion moderada (m),2006-12-01,1,0,0,1,1,1,2
30702,SANTIVAÑES,desnutricion global,desnutricion moderada (m),2006-12-01,0,1,1,2,1,3,4
40202,SANTUARIO DE QUILLACAS,desnutricion global,desnutricion moderada (m),2006-12-01,0,0,1,0,1,0,1
20902,SAPAHAQUI,desnutricion global,desnutricion moderada (m),2006-12-01,10,7,4,4,14,11,25
90303,SENA,desnutricion global,desnutricion moderada (m),2006-12-01,0,2,1,0,1,2,3
21301,SICA SICA (VILLA AROMA),desnutricion global,desnutricion moderada (m),2006-12-01,8,1,2,6,10,7,17
30703,SICAYA,desnutricion global,desnutricion moderada (m),2006-12-01,1,2,0,0,1,2,3
30902,SIPE SIPE,desnutricion global,desnutricion moderada (m),2006-12-01,22,10,10,14,32,24,56
10403,SOPACHUY,desnutricion global,desnutricion moderada (m),2006-12-01,0,14,9,22,9,36,45
40104,SORACACHI,desnutricion global,desnutricion moderada (m),2006-12-01,5,5,1,0,6,5,11
20601,SORATA,desnutricion global,desnutricion moderada (m),2006-12-01,0,0,1,0,1,0,1
10101,SUCRE,desnutricion global,desnutricion moderada (m),2006-12-01,40,21,21,20,61,41,102
50303,TACOBAMBA,desnutricion global,desnutricion moderada (m),2006-12-01,10,12,5,4,15,16,31
30602,TACOPAYA,desnutricion global,desnutricion moderada (m),2006-12-01,13,14,9,13,22,27,49
31101,TAPACARI,desnutricion global,desnutricion moderada (m),2006-12-01,32,22,22,13,54,35,89
10601,TARABUCO,desnutricion global,desnutricion moderada (m),2006-12-01,48,38,40,54,88,92,180
20807,TARACO,desnutricion global,desnutricion moderada (m),2006-12-01,0,0,0,1,0,1,1
30401,TARATA,desnutricion global,desnutricion moderada (m),2006-12-01,2,0,4,3,6,3,9
60101,TARIJA,desnutricion global,desnutricion moderada (m),2006-12-01,18,21,10,14,28,35,63
10202,TARVITA,desnutricion global,desnutricion moderada (m),2006-12-01,5,16,4,4,9,20,29
20608,TEOPONTE,desnutricion global,desnutricion moderada (m),2006-12-01,2,4,0,1,2,5,7
20803,TIAWANACU,desnutricion global,desnutricion moderada (m),2006-12-01,1,0,1,0,2,0,2
50102,TINGUIPAYA,desnutricion global,desnutricion moderada (m),2006-12-01,11,10,16,12,27,22,49
20606,TIPUANI,desnutricion global,desnutricion moderada (m),2006-12-01,0,1,0,0,0,1,1
30903,TIQUIPAYA,desnutricion global,desnutricion moderada (m),2006-12-01,11,6,1,3,12,9,21
31601,TIRAQUE (CBBA),desnutricion global,desnutricion moderada (m),2006-12-01,23,13,11,7,34,20,54
30802,TOCO,desnutricion global,desnutricion moderada (m),2006-12-01,1,1,0,1,1,2,3
30803,TOLATA,desnutricion global,desnutricion moderada (m),2006-12-01,0,1,0,0,0,1,1
41001,TOLEDO,desnutricion global,desnutricion moderada (m),2006-12-01,1,1,1,2,2,3,5
51202,TOMAVE,desnutricion global,desnutricion moderada (m),2006-12-01,2,10,2,5,4,15,19
10402,TOMINA,desnutricion global,desnutricion moderada (m),2006-12-01,6,8,9,12,15,20,35
50502,TORO TORO,desnutricion global,desnutricion moderada (m),2006-12-01,20,19,10,17,30,36,66
31201,TOTORA(CBBA),desnutricion global,desnutricion moderada (m),2006-12-01,6,5,4,6,10,11,21
41301,TOTORA(ORR),desnutricion global,desnutricion moderada (m),2006-12-01,4,5,1,2,5,7,12
70802,TRIGAL,desnutricion global,desnutricion moderada (m),2006-12-01,0,0,1,0,1,0,1
80101,TRINIDAD,desnutricion global,desnutricion moderada (m),2006-12-01,22,18,3,4,25,22,47
50801,TUPIZA,desnutricion global,desnutricion moderada (m),2006-12-01,14,13,10,13,24,26,50
40402,TURCO,desnutricion global,desnutricion moderada (m),2006-12-01,0,2,0,2,0,4,4
21302,UMALA,desnutricion global,desnutricion moderada (m),2006-12-01,1,0,0,0,1,0,1
50201,UNCIA,desnutricion global,desnutricion moderada (m),2006-12-01,5,8,4,11,9,19,28
60401,URIONDO (A. CONCEPCION),desnutricion global,desnutricion moderada (m),2006-12-01,2,3,4,6,6,9,15
71502,URUBICHA,desnutricion global,desnutricion moderada (m),2006-12-01,12,10,7,17,19,27,46
51201,UYUNI,desnutricion global,desnutricion moderada (m),2006-12-01,8,7,3,6,11,13,24
30502,VACAS,desnutricion global,desnutricion moderada (m),2006-12-01,4,3,1,4,5,7,12
70801,VALLEGRANDE,desnutricion global,desnutricion moderada (m),2006-12-01,2,0,1,0,3,0,3
20801,VIACHA,desnutricion global,desnutricion moderada (m),2006-12-01,7,4,4,3,11,7,18
31302,VILA VILA,desnutricion global,desnutricion moderada (m),2006-12-01,1,1,0,0,1,1,2
60303,VILLA MONTES,desnutricion global,desnutricion moderada (m),2006-12-01,7,2,3,1,10,3,13
31402,VILLA RIVERO,desnutricion global,desnutricion moderada (m),2006-12-01,2,1,0,0,2,1,3
10801,VILLA SERRANO,desnutricion global,desnutricion moderada (m),2006-12-01,9,8,16,10,25,18,43
31003,VILLA TUNARI,desnutricion global,desnutricion moderada (m),2006-12-01,25,21,15,23,40,44,84
11001,VILLA VACA GUZMAN (MUYUPAMPA),desnutricion global,desnutricion moderada (m),2006-12-01,3,0,1,4,4,4,8
51501,VILLAZON,desnutricion global,desnutricion moderada (m),2006-12-01,17,11,9,5,26,16,42
30904,VINTO,desnutricion global,desnutricion moderada (m),2006-12-01,1,1,0,2,1,3,4
50602,VITICHI,desnutricion global,desnutricion moderada (m),2006-12-01,16,2,15,10,31,12,43
20306,WALDO BALLIVIAN,desnutricion global,desnutricion moderada (m),2006-12-01,3,2,2,2,5,4,9
70201,WARNES,desnutricion global,desnutricion moderada (m),2006-12-01,13,17,3,13,16,30,46
20903,YACO,desnutricion global,desnutricion moderada (m),2006-12-01,5,3,3,3,8,6,14
60301,YACUIBA,desnutricion global,desnutricion moderada (m),2006-12-01,11,9,5,6,16,15,31
10602,YAMPARAEZ,desnutricion global,desnutricion moderada (m),2006-12-01,20,15,10,16,30,31,61
21103,YANACACHI,desnutricion global,desnutricion moderada (m),2006-12-01,1,0,0,0,1,0,1
70403,YAPACANI,desnutricion global,desnutricion moderada (m),2006-12-01,8,8,4,6,12,14,26
50103,YOCALLA,desnutricion global,desnutricion moderada (m),2006-12-01,0,0,0,1,0,1,1
10102,YOTALA,desnutricion global,desnutricion moderada (m),2006-12-01,7,6,5,9,12,15,27
60402,YUNCHARA,desnutricion global,desnutricion moderada (m),2006-12-01,2,2,20,18,22,20,42
10301,ZUDAÑEZ,desnutricion global,desnutricion moderada (m),2006-12-01,16,6,10,18,26,24,50
51302,ACACIO,desnutricion aguda,desnutricion moderada (m),2007-01-01,1,2,1,3,2,5,7
30201,AIQUILE,desnutricion aguda,desnutricion moderada (m),2007-01-01,4,9,3,6,7,15,22
31303,ALALAY,desnutricion aguda,desnutricion moderada (m),2007-01-01,2,0,0,0,2,0,2
10404,ALCALA,desnutricion aguda,desnutricion moderada (m),2007-01-01,3,2,1,5,4,7,11
41201,ANDAMARCA,desnutricion aguda,desnutricion moderada (m),2007-01-01,1,0,0,0,1,0,1
30402,ANZALDO,desnutricion aguda,desnutricion moderada (m),2007-01-01,3,1,1,1,4,2,6
51301,ARAMPAMPA,desnutricion aguda,desnutricion moderada (m),2007-01-01,4,5,6,5,10,10,20
30501,ARANI,desnutricion aguda,desnutricion moderada (m),2007-01-01,1,3,1,4,2,7,9
30403,ARBIETO,desnutricion aguda,desnutricion moderada (m),2007-01-01,4,5,2,7,6,12,18
30601,ARQUE,desnutricion aguda,desnutricion moderada (m),2007-01-01,9,11,41,11,50,22,72
50802,ATOCHA,desnutricion aguda,desnutricion moderada (m),2007-01-01,3,2,4,3,7,5,12
30301,AYOPAYA (V. DE INDEPENDENCIA),desnutricion aguda,desnutricion moderada (m),2007-01-01,3,4,2,3,5,7,12
10201,AZURDUY,desnutricion aguda,desnutricion moderada (m),2007-01-01,11,14,8,15,19,29,48
80802,BAURES,desnutricion aguda,desnutricion moderada (m),2007-01-01,2,2,0,3,2,5,7
50104,BELEN DE URMIRI,desnutricion aguda,desnutricion moderada (m),2007-01-01,0,1,1,1,1,2,3
90104,BELLA FLOR,desnutricion aguda,desnutricion moderada (m),2007-01-01,1,1,0,2,1,3,4
60202,BERMEJO,desnutricion aguda,desnutricion moderada (m),2007-01-01,0,0,1,0,1,0,1
50301,BETANZOS,desnutricion aguda,desnutricion moderada (m),2007-01-01,13,21,17,15,30,36,66
31501,BOLIVAR,desnutricion aguda,desnutricion moderada (m),2007-01-01,18,8,4,5,22,13,35
70707,BOYUIBE,desnutricion aguda,desnutricion moderada (m),2007-01-01,2,0,3,1,5,1,6
70401,BUENA VISTA,desnutricion aguda,desnutricion moderada (m),2007-01-01,0,1,0,0,0,1,1
70703,CABEZAS,desnutricion aguda,desnutricion moderada (m),2007-01-01,1,5,5,10,6,15,21
51102,"CAIZA ""D""",desnutricion aguda,desnutricion moderada (m),2007-01-01,2,0,1,2,3,2,5
21003,CAJUATA,desnutricion aguda,desnutricion moderada (m),2007-01-01,1,4,1,2,2,6,8
10701,CAMARGO,desnutricion aguda,desnutricion moderada (m),2007-01-01,7,11,4,14,11,25,36
10901,CAMATAQUI (C. VILLA ABECIA),desnutricion aguda,desnutricion moderada (m),2007-01-01,3,0,3,1,6,1,7
70706,CAMIRI,desnutricion aguda,desnutricion moderada (m),2007-01-01,6,3,5,12,11,15,26
30701,CAPINOTA,desnutricion aguda,desnutricion moderada (m),2007-01-01,19,9,11,16,30,25,55
40102,CARACOLLO,desnutricion aguda,desnutricion moderada (m),2007-01-01,2,2,3,3,5,5,10
60302,CARAPARI,desnutricion aguda,desnutricion moderada (m),2007-01-01,0,3,4,3,4,6,10
50702,CARIPUYO,desnutricion aguda,desnutricion moderada (m),2007-01-01,6,7,11,11,17,18,35
71403,CARMEN RIVERO TORREZ,desnutricion aguda,desnutricion moderada (m),2007-01-01,1,1,0,0,1,1,2
40201,CHALLAPATA,desnutricion aguda,desnutricion moderada (m),2007-01-01,20,9,7,12,27,21,48
50302,CHAQUI,desnutricion aguda,desnutricion moderada (m),2007-01-01,4,0,3,2,7,2,9
70702,CHARAGUA,desnutricion aguda,desnutricion moderada (m),2007-01-01,6,5,0,10,6,15,21
50202,CHAYANTA,desnutricion aguda,desnutricion moderada (m),2007-01-01,6,8,13,12,19,20,39
31204,CHIMORE,desnutricion aguda,desnutricion moderada (m),2007-01-01,15,13,7,4,22,17,39
40903,CHIPAYA,desnutricion aguda,desnutricion moderada (m),2007-01-01,1,2,0,1,1,3,4
90101,COBIJA,desnutricion aguda,desnutricion moderada (m),2007-01-01,8,3,3,4,11,7,18
30101,COCHABAMBA,desnutricion aguda,desnutricion moderada (m),2007-01-01,116,104,80,60,196,164,360
40902,COIPASA,desnutricion aguda,desnutricion moderada (m),2007-01-01,1,1,0,0,1,1,2
30905,COLCAPIRHUA,desnutricion aguda,desnutricion moderada (m),2007-01-01,4,7,0,4,4,11,15
50901,"COLCHA ""K""",desnutricion aguda,desnutricion moderada (m),2007-01-01,1,1,1,0,2,1,3
31002,COLOMI,desnutricion aguda,desnutricion moderada (m),2007-01-01,8,14,8,2,16,16,32
70603,COLPA BELGICA,desnutricion aguda,desnutricion moderada (m),2007-01-01,4,0,4,3,8,3,11
50401,COLQUECHACA,desnutricion aguda,desnutricion moderada (m),2007-01-01,17,20,8,11,25,31,56
21004,COLQUIRI,desnutricion aguda,desnutricion moderada (m),2007-01-01,2,1,0,2,2,3,5
71301,COMARAPA,desnutricion aguda,desnutricion moderada (m),2007-01-01,3,6,5,5,8,11,19
71101,CONCEPCION,desnutricion aguda,desnutricion moderada (m),2007-01-01,3,5,2,4,5,9,14
40301,CORQUE,desnutricion aguda,desnutricion moderada (m),2007-01-01,1,0,1,1,2,1,3
50601,COTAGAITA,desnutricion aguda,desnutricion moderada (m),2007-01-01,10,14,11,7,21,21,42
71106,CUATRO CAÑADAS,desnutricion aguda,desnutricion moderada (m),2007-01-01,1,0,1,0,2,0,2
31405,CUCHUMUELA (V. G. VILLARROEL),desnutricion aguda,desnutricion moderada (m),2007-01-01,0,0,0,1,0,1,1
70704,CUEVO,desnutricion aguda,desnutricion moderada (m),2007-01-01,2,3,2,2,4,5,9
10902,CULPINA,desnutricion aguda,desnutricion moderada (m),2007-01-01,9,17,11,14,20,31,51
40401,CURAHUARA DE CARANGAS,desnutricion aguda,desnutricion moderada (m),2007-01-01,2,1,2,2,4,3,7
71503,EL PUENTE(STC),desnutricion aguda,desnutricion moderada (m),2007-01-01,7,3,1,3,8,6,14
60502,EL PUENTE(TJA),desnutricion aguda,desnutricion moderada (m),2007-01-01,2,1,3,3,5,4,9
70105,EL TORNO,desnutricion aguda,desnutricion moderada (m),2007-01-01,1,1,1,0,2,1,3
10405,EL VILLAR,desnutricion aguda,desnutricion moderada (m),2007-01-01,2,2,1,3,3,5,8
60601,ENTRE RIOS,desnutricion aguda,desnutricion moderada (m),2007-01-01,9,6,7,4,16,10,26
60601,ENTRE RIOS,desnutricion aguda,desnutricion moderada (m),2007-01-01,1,1,10,8,11,9,20
41101,EUCALIPTUS,desnutricion aguda,desnutricion moderada (m),2007-01-01,2,1,1,3,3,4,7
80402,EXALTACION,desnutricion aguda,desnutricion moderada (m),2007-01-01,0,0,1,0,1,0,1
71004,FERNANDEZ ALONSO,desnutricion aguda,desnutricion moderada (m),2007-01-01,0,2,1,2,1,4,5
71002,GENERAL SAAVEDRA,desnutricion aguda,desnutricion moderada (m),2007-01-01,6,5,2,2,8,7,15
80202,GUAYARAMERIN,desnutricion aguda,desnutricion moderada (m),2007-01-01,13,13,5,10,18,23,41
70705,GUTIERREZ,desnutricion aguda,desnutricion moderada (m),2007-01-01,1,3,4,7,5,10,15
10502,HUACARETA,desnutricion aguda,desnutricion moderada (m),2007-01-01,1,3,2,0,3,3,6
11002,HUACAYA (VILLA DE HUACAYA),desnutricion aguda,desnutricion moderada (m),2007-01-01,0,1,1,1,1,2,3
40701,HUANUNI,desnutricion aguda,desnutricion moderada (m),2007-01-01,5,8,5,3,10,11,21
80803,HUARACAJE,desnutricion aguda,desnutricion moderada (m),2007-01-01,1,0,1,1,2,1,3
41601,HUAYLLAMARCA,desnutricion aguda,desnutricion moderada (m),2007-01-01,2,1,0,1,2,2,4
10304,ICLA,desnutricion aguda,desnutricion moderada (m),2007-01-01,17,17,29,28,46,45,91
10703,INCAHUASI,desnutricion aguda,desnutricion moderada (m),2007-01-01,20,14,12,20,32,34,66
21001,INQUISIVI,desnutricion aguda,desnutricion moderada (m),2007-01-01,5,4,2,2,7,6,13
70104,LA GUARDIA,desnutricion aguda,desnutricion moderada (m),2007-01-01,13,12,5,10,18,22,40
70701,LAGUNILLAS,desnutricion aguda,desnutricion moderada (m),2007-01-01,4,12,2,6,6,18,24
10903,LAS CARRERAS,desnutricion aguda,desnutricion moderada (m),2007-01-01,0,0,1,2,1,2,3
50203,LLALLAGUA,desnutricion aguda,desnutricion moderada (m),2007-01-01,16,20,15,14,31,34,65
51401,LLICA,desnutricion aguda,desnutricion moderada (m),2007-01-01,1,0,1,0,2,0,2
40702,MACHACAMARCA,desnutricion aguda,desnutricion moderada (m),2007-01-01,4,6,6,0,10,6,16
11003,MACHARETI,desnutricion aguda,desnutricion moderada (m),2007-01-01,1,3,3,3,4,6,10
80801,MAGDALENA,desnutricion aguda,desnutricion moderada (m),2007-01-01,3,6,1,1,4,7,11
70903,MAIRANA,desnutricion aguda,desnutricion moderada (m),2007-01-01,3,2,1,1,4,3,7
71003,MINEROS,desnutricion aguda,desnutricion moderada (m),2007-01-01,1,6,0,2,1,8,9
31301,MIZQUE,desnutricion aguda,desnutricion moderada (m),2007-01-01,15,8,12,20,27,28,55
10303,MOJOCOYA,desnutricion aguda,desnutricion moderada (m),2007-01-01,4,2,0,4,4,6,10
10501,MONTEAGUDO,desnutricion aguda,desnutricion moderada (m),2007-01-01,13,14,7,11,20,25,45
71001,MONTERO,desnutricion aguda,desnutricion moderada (m),2007-01-01,44,41,25,32,69,73,142
30302,MOROCHATA,desnutricion aguda,desnutricion moderada (m),2007-01-01,6,6,3,1,9,7,16
50404,OCURI,desnutricion aguda,desnutricion moderada (m),2007-01-01,21,17,11,12,32,29,61
70202,OKINAWA,desnutricion aguda,desnutricion moderada (m),2007-01-01,2,0,0,1,2,1,3
30203,OMEREQUE,desnutricion aguda,desnutricion moderada (m),2007-01-01,2,2,1,4,3,6,9
40101,ORURO,desnutricion aguda,desnutricion moderada (m),2007-01-01,71,74,27,47,98,121,219
60201,PADCAYA,desnutricion aguda,desnutricion moderada (m),2007-01-01,2,3,0,3,2,6,8
10401,PADILLA,desnutricion aguda,desnutricion moderada (m),2007-01-01,6,5,13,13,19,18,37
70502,PAILON,desnutricion aguda,desnutricion moderada (m),2007-01-01,5,8,1,4,6,12,18
40802,PAMPA AULLAGAS,desnutricion aguda,desnutricion moderada (m),2007-01-01,1,0,0,2,1,2,3
70902,PAMPA GRANDE,desnutricion aguda,desnutricion moderada (m),2007-01-01,0,1,2,3,2,4,6
30202,PASORAPA,desnutricion aguda,desnutricion moderada (m),2007-01-01,1,1,0,0,1,1,2
40602,PAZÑA,desnutricion aguda,desnutricion moderada (m),2007-01-01,0,1,0,0,0,1,1
50403,POCOATA,desnutricion aguda,desnutricion moderada (m),2007-01-01,11,9,5,10,16,19,35
31203,POCONA,desnutricion aguda,desnutricion moderada (m),2007-01-01,5,4,5,5,10,9,19
31202,POJO (CBBA),desnutricion aguda,desnutricion moderada (m),2007-01-01,1,2,2,1,3,3,6
40601,POOPO,desnutricion aguda,desnutricion moderada (m),2007-01-01,3,1,1,1,4,2,6
51203,PORCO,desnutricion aguda,desnutricion moderada (m),2007-01-01,12,10,3,7,15,17,32
10103,POROMA,desnutricion aguda,desnutricion moderada (m),2007-01-01,2,4,2,1,4,5,9
70103,PORONGO,desnutricion aguda,desnutricion moderada (m),2007-01-01,0,1,0,0,0,1,1
70601,PORTACHUELO,desnutricion aguda,desnutricion moderada (m),2007-01-01,4,6,1,7,5,13,18
90102,PORVENIR,desnutricion aguda,desnutricion moderada (m),2007-01-01,0,4,1,1,1,5,6
70804,POSTRER VALLE,desnutricion aguda,desnutricion moderada (m),2007-01-01,0,0,1,0,1,0,1
50101,POTOSI,desnutricion aguda,desnutricion moderada (m),2007-01-01,93,75,31,27,124,102,226
10302,PRESTO,desnutricion aguda,desnutricion moderada (m),2007-01-01,13,7,5,2,18,9,27
90301,PUERTO GONZALO MORENO,desnutricion aguda,desnutricion moderada (m),2007-01-01,1,5,5,7,6,12,18
71402,PUERTO QUIJARRO,desnutricion aguda,desnutricion moderada (m),2007-01-01,0,2,1,0,1,2,3
90201,PUERTO RICO,desnutricion aguda,desnutricion moderada (m),2007-01-01,0,0,0,3,0,3,3
71401,PUERTO SUAREZ,desnutricion aguda,desnutricion moderada (m),2007-01-01,2,3,0,3,2,6,8
31205,PUERTO VILLARROEL,desnutricion aguda,desnutricion moderada (m),2007-01-01,21,25,26,20,47,45,92
51101,PUNA,desnutricion aguda,desnutricion moderada (m),2007-01-01,20,12,12,28,32,40,72
31401,PUNATA,desnutricion aguda,desnutricion moderada (m),2007-01-01,12,9,5,2,17,11,28
30901,QUILLACOLLO,desnutricion aguda,desnutricion moderada (m),2007-01-01,12,22,14,16,26,38,64
21002,QUIME,desnutricion aguda,desnutricion moderada (m),2007-01-01,1,2,0,0,1,2,3
70904,QUIRUSILLAS,desnutricion aguda,desnutricion moderada (m),2007-01-01,1,0,0,0,1,0,1
50402,RAVELO,desnutricion aguda,desnutricion moderada (m),2007-01-01,23,26,20,20,43,46,89
80301,REYES,desnutricion aguda,desnutricion moderada (m),2007-01-01,6,6,6,2,12,8,20
80201,RIBERALTA,desnutricion aguda,desnutricion moderada (m),2007-01-01,39,61,28,39,67,100,167
70503,ROBORE,desnutricion aguda,desnutricion moderada (m),2007-01-01,6,8,2,4,8,12,20
80304,RURRENABAQUE,desnutricion aguda,desnutricion moderada (m),2007-01-01,3,2,2,1,5,3,8
31001,SACABA,desnutricion aguda,desnutricion moderada (m),2007-01-01,10,8,6,6,16,14,30
30404,SACABAMBA,desnutricion aguda,desnutricion moderada (m),2007-01-01,2,3,0,0,2,3,5
50701,SACACA,desnutricion aguda,desnutricion moderada (m),2007-01-01,19,17,29,27,48,44,92
71302,SAIPINA,desnutricion aguda,desnutricion moderada (m),2007-01-01,0,0,4,1,4,1,5
40801,SALINAS DE GARCI MENDOZA,desnutricion aguda,desnutricion moderada (m),2007-01-01,1,0,2,0,3,0,3
70901,SAMAIPATA,desnutricion aguda,desnutricion moderada (m),2007-01-01,1,0,0,2,1,2,3
51601,SAN AGUSTIN,desnutricion aguda,desnutricion moderada (m),2007-01-01,0,0,0,1,0,1,1
80602,SAN ANDRES,desnutricion aguda,desnutricion moderada (m),2007-01-01,3,2,2,3,5,5,10
51003,SAN ANTONIO DE ESMORUCO,desnutricion aguda,desnutricion moderada (m),2007-01-01,0,1,1,0,1,1,2
71105,SAN ANTONIO DE LOMERIO,desnutricion aguda,desnutricion moderada (m),2007-01-01,15,13,7,6,22,19,41
31403,SAN BENITO,desnutricion aguda,desnutricion moderada (m),2007-01-01,1,7,4,5,5,12,17
80302,SAN BORJA,desnutricion aguda,desnutricion moderada (m),2007-01-01,16,13,3,5,19,18,37
70402,SAN CARLOS,desnutricion aguda,desnutricion moderada (m),2007-01-01,6,1,3,0,9,1,10
80501,SAN IGNACIO,desnutricion aguda,desnutricion moderada (m),2007-01-01,18,13,5,7,23,20,43
70301,SAN IGNACIO DE VELASCO,desnutricion aguda,desnutricion moderada (m),2007-01-01,37,43,14,32,51,75,126
80102,SAN JAVIER(BNI),desnutricion aguda,desnutricion moderada (m),2007-01-01,0,0,1,0,1,0,1
80701,SAN JOAQUIN,desnutricion aguda,desnutricion moderada (m),2007-01-01,0,1,0,2,0,3,3
70501,SAN JOSE DE CHIQUITOS,desnutricion aguda,desnutricion moderada (m),2007-01-01,13,9,5,1,18,10,28
70404,SAN JUAN DE YAPACANI,desnutricion aguda,desnutricion moderada (m),2007-01-01,3,1,0,0,3,1,4
71104,SAN JULIAN,desnutricion aguda,desnutricion moderada (m),2007-01-01,1,1,4,3,5,4,9
90302,SAN LORENZO(PND),desnutricion aguda,desnutricion moderada (m),2007-01-01,2,0,0,0,2,0,2
60501,SAN LORENZO(TJA),desnutricion aguda,desnutricion moderada (m),2007-01-01,4,11,9,7,13,18,31
10702,SAN LUCAS,desnutricion aguda,desnutricion moderada (m),2007-01-01,39,28,16,28,55,56,111
71201,SAN MATIAS,desnutricion aguda,desnutricion moderada (m),2007-01-01,0,3,0,2,0,5,5
70302,SAN MIGUEL DE VELASCO,desnutricion aguda,desnutricion moderada (m),2007-01-01,3,2,1,3,4,5,9
51001,SAN PABLO DE LIPEZ,desnutricion aguda,desnutricion moderada (m),2007-01-01,1,0,0,1,1,1,2
71005,SAN PEDRO,desnutricion aguda,desnutricion moderada (m),2007-01-01,4,4,2,3,6,7,13
90202,SAN PEDRO(PND),desnutricion aguda,desnutricion moderada (m),2007-01-01,0,0,1,1,1,1,2
70303,SAN RAFAEL,desnutricion aguda,desnutricion moderada (m),2007-01-01,3,3,1,7,4,10,14
80401,SANTA ANA,desnutricion aguda,desnutricion moderada (m),2007-01-01,3,6,1,3,4,9,13
70101,SANTA CRUZ DE LA SIERRA,desnutricion aguda,desnutricion moderada (m),2007-01-01,101,117,22,43,123,160,283
80303,SANTA ROSA,desnutricion aguda,desnutricion moderada (m),2007-01-01,2,5,1,2,3,7,10
70602,SANTA ROSA DEL SARA,desnutricion aguda,desnutricion moderada (m),2007-01-01,2,1,4,3,6,4,10
41401,SANTIAGO DE HUARI,desnutricion aguda,desnutricion moderada (m),2007-01-01,5,0,0,2,5,2,7
30702,SANTIVAÑES,desnutricion aguda,desnutricion moderada (m),2007-01-01,0,3,2,1,2,4,6
40202,SANTUARIO DE QUILLACAS,desnutricion aguda,desnutricion moderada (m),2007-01-01,0,0,1,1,1,1,2
90303,SENA,desnutricion aguda,desnutricion moderada (m),2007-01-01,2,1,3,4,5,5,10
30703,SICAYA,desnutricion aguda,desnutricion moderada (m),2007-01-01,5,3,0,1,5,4,9
30902,SIPE SIPE,desnutricion aguda,desnutricion moderada (m),2007-01-01,20,17,15,15,35,32,67
10403,SOPACHUY,desnutricion aguda,desnutricion moderada (m),2007-01-01,7,12,5,15,12,27,39
40104,SORACACHI,desnutricion aguda,desnutricion moderada (m),2007-01-01,3,5,1,1,4,6,10
10101,SUCRE,desnutricion aguda,desnutricion moderada (m),2007-01-01,41,25,25,28,66,53,119
31404,TACACHI,desnutricion aguda,desnutricion moderada (m),2007-01-01,1,0,0,1,1,1,2
50303,TACOBAMBA,desnutricion aguda,desnutricion moderada (m),2007-01-01,2,7,1,1,3,8,11
30602,TACOPAYA,desnutricion aguda,desnutricion moderada (m),2007-01-01,14,13,5,5,19,18,37
31101,TAPACARI,desnutricion aguda,desnutricion moderada (m),2007-01-01,31,29,12,19,43,48,91
10601,TARABUCO,desnutricion aguda,desnutricion moderada (m),2007-01-01,39,28,25,33,64,61,125
30401,TARATA,desnutricion aguda,desnutricion moderada (m),2007-01-01,4,4,1,0,5,4,9
60101,TARIJA,desnutricion aguda,desnutricion moderada (m),2007-01-01,28,35,28,31,56,66,122
10202,TARVITA,desnutricion aguda,desnutricion moderada (m),2007-01-01,19,16,27,27,46,43,89
50102,TINGUIPAYA,desnutricion aguda,desnutricion moderada (m),2007-01-01,17,12,8,13,25,25,50
30903,TIQUIPAYA,desnutricion aguda,desnutricion moderada (m),2007-01-01,7,5,7,8,14,13,27
31601,TIRAQUE (CBBA),desnutricion aguda,desnutricion moderada (m),2007-01-01,26,15,11,20,37,35,72
30802,TOCO,desnutricion aguda,desnutricion moderada (m),2007-01-01,1,1,2,3,3,4,7
30803,TOLATA,desnutricion aguda,desnutricion moderada (m),2007-01-01,0,0,1,0,1,0,1
41001,TOLEDO,desnutricion aguda,desnutricion moderada (m),2007-01-01,4,3,0,0,4,3,7
51202,TOMAVE,desnutricion aguda,desnutricion moderada (m),2007-01-01,6,2,5,1,11,3,14
10402,TOMINA,desnutricion aguda,desnutricion moderada (m),2007-01-01,20,6,10,14,30,20,50
50502,TORO TORO,desnutricion aguda,desnutricion moderada (m),2007-01-01,6,0,1,0,7,0,7
31201,TOTORA(CBBA),desnutricion aguda,desnutricion moderada (m),2007-01-01,6,2,4,1,10,3,13
41301,TOTORA(ORR),desnutricion aguda,desnutricion moderada (m),2007-01-01,1,2,1,0,2,2,4
70802,TRIGAL,desnutricion aguda,desnutricion moderada (m),2007-01-01,2,0,0,0,2,0,2
80101,TRINIDAD,desnutricion aguda,desnutricion moderada (m),2007-01-01,13,20,18,8,31,28,59
50801,TUPIZA,desnutricion aguda,desnutricion moderada (m),2007-01-01,18,9,10,18,28,27,55
40402,TURCO,desnutricion aguda,desnutricion moderada (m),2007-01-01,1,0,0,0,1,0,1
50201,UNCIA,desnutricion aguda,desnutricion moderada (m),2007-01-01,4,1,1,3,5,4,9
60401,URIONDO (A. CONCEPCION),desnutricion aguda,desnutricion moderada (m),2007-01-01,0,2,6,8,6,10,16
51201,UYUNI,desnutricion aguda,desnutricion moderada (m),2007-01-01,3,1,1,2,4,3,7
30502,VACAS,desnutricion aguda,desnutricion moderada (m),2007-01-01,4,6,1,0,5,6,11
70801,VALLEGRANDE,desnutricion aguda,desnutricion moderada (m),2007-01-01,5,4,2,3,7,7,14
31302,VILA VILA,desnutricion aguda,desnutricion moderada (m),2007-01-01,0,1,0,0,0,1,1
60303,VILLA MONTES,desnutricion aguda,desnutricion moderada (m),2007-01-01,9,6,3,2,12,8,20
90502,VILLA NUEVA (LOMA ALTA),desnutricion aguda,desnutricion moderada (m),2007-01-01,0,2,3,0,3,2,5
31402,VILLA RIVERO,desnutricion aguda,desnutricion moderada (m),2007-01-01,4,3,3,3,7,6,13
10801,VILLA SERRANO,desnutricion aguda,desnutricion moderada (m),2007-01-01,9,6,12,10,21,16,37
31003,VILLA TUNARI,desnutricion aguda,desnutricion moderada (m),2007-01-01,32,27,13,22,45,49,94
11001,VILLA VACA GUZMAN (MUYUPAMPA),desnutricion aguda,desnutricion moderada (m),2007-01-01,5,3,0,6,5,9,14
51501,VILLAZON,desnutricion aguda,desnutricion moderada (m),2007-01-01,17,16,8,10,25,26,51
30904,VINTO,desnutricion aguda,desnutricion moderada (m),2007-01-01,0,1,0,0,0,1,1
50602,VITICHI,desnutricion aguda,desnutricion moderada (m),2007-01-01,6,7,5,6,11,13,24
70201,WARNES,desnutricion aguda,desnutricion moderada (m),2007-01-01,11,8,3,10,14,18,32
60301,YACUIBA,desnutricion aguda,desnutricion moderada (m),2007-01-01,11,11,8,13,19,24,43
10602,YAMPARAEZ,desnutricion aguda,desnutricion moderada (m),2007-01-01,9,11,8,13,17,24,41
70403,YAPACANI,desnutricion aguda,desnutricion moderada (m),2007-01-01,13,16,4,9,17,25,42
50103,YOCALLA,desnutricion aguda,desnutricion moderada (m),2007-01-01,1,0,1,0,2,0,2
10102,YOTALA,desnutricion aguda,desnutricion moderada (m),2007-01-01,2,0,1,3,3,3,6
60402,YUNCHARA,desnutricion aguda,desnutricion moderada (m),2007-01-01,0,3,1,7,1,10,11
10301,ZUDAÑEZ,desnutricion aguda,desnutricion moderada (m),2007-01-01,8,7,9,12,17,19,36
51302,ACACIO,desnutricion aguda,desnutricion moderada (m),2007-02-01,10,3,7,6,17,9,26
30201,AIQUILE,desnutricion aguda,desnutricion moderada (m),2007-02-01,7,6,5,7,12,13,25
31303,ALALAY,desnutricion aguda,desnutricion moderada (m),2007-02-01,6,1,0,4,6,5,11
10404,ALCALA,desnutricion aguda,desnutricion moderada (m),2007-02-01,1,3,2,8,3,11,14
41201,ANDAMARCA,desnutricion aguda,desnutricion moderada (m),2007-02-01,2,0,1,0,3,0,3
30402,ANZALDO,desnutricion aguda,desnutricion moderada (m),2007-02-01,10,8,2,1,12,9,21
51301,ARAMPAMPA,desnutricion aguda,desnutricion moderada (m),2007-02-01,10,9,5,6,15,15,30
30501,ARANI,desnutricion aguda,desnutricion moderada (m),2007-02-01,2,3,0,1,2,4,6
30403,ARBIETO,desnutricion aguda,desnutricion moderada (m),2007-02-01,3,3,1,5,4,8,12
30601,ARQUE,desnutricion aguda,desnutricion moderada (m),2007-02-01,3,12,3,5,6,17,23
71501,ASCENCION DE GUARAYOS,desnutricion aguda,desnutricion moderada (m),2007-02-01,32,32,28,32,60,64,124
50802,ATOCHA,desnutricion aguda,desnutricion moderada (m),2007-02-01,0,2,3,1,3,3,6
30301,AYOPAYA (V. DE INDEPENDENCIA),desnutricion aguda,desnutricion moderada (m),2007-02-01,16,4,4,4,20,8,28
10201,AZURDUY,desnutricion aguda,desnutricion moderada (m),2007-02-01,7,27,21,22,28,49,77
80802,BAURES,desnutricion aguda,desnutricion moderada (m),2007-02-01,0,0,1,0,1,0,1
41202,BELEN DE ANDAMARCA,desnutricion aguda,desnutricion moderada (m),2007-02-01,1,0,1,0,2,0,2
50104,BELEN DE URMIRI,desnutricion aguda,desnutricion moderada (m),2007-02-01,0,0,0,2,0,2,2
60202,BERMEJO,desnutricion aguda,desnutricion moderada (m),2007-02-01,1,1,2,0,3,1,4
50301,BETANZOS,desnutricion aguda,desnutricion moderada (m),2007-02-01,11,11,9,11,20,22,42
31501,BOLIVAR,desnutricion aguda,desnutricion moderada (m),2007-02-01,15,6,2,4,17,10,27
70707,BOYUIBE,desnutricion aguda,desnutricion moderada (m),2007-02-01,2,1,1,0,3,1,4
70401,BUENA VISTA,desnutricion aguda,desnutricion moderada (m),2007-02-01,2,0,1,0,3,0,3
70703,CABEZAS,desnutricion aguda,desnutricion moderada (m),2007-02-01,1,3,4,2,5,5,10
51102,"CAIZA ""D""",desnutricion aguda,desnutricion moderada (m),2007-02-01,1,0,1,5,2,5,7
21003,CAJUATA,desnutricion aguda,desnutricion moderada (m),2007-02-01,3,1,0,1,3,2,5
10701,CAMARGO,desnutricion aguda,desnutricion moderada (m),2007-02-01,9,8,8,7,17,15,32
10901,CAMATAQUI (C. VILLA ABECIA),desnutricion aguda,desnutricion moderada (m),2007-02-01,2,0,1,1,3,1,4
70706,CAMIRI,desnutricion aguda,desnutricion moderada (m),2007-02-01,6,20,3,13,9,33,42
30701,CAPINOTA,desnutricion aguda,desnutricion moderada (m),2007-02-01,8,11,6,4,14,15,29
40102,CARACOLLO,desnutricion aguda,desnutricion moderada (m),2007-02-01,3,2,0,2,3,4,7
60302,CARAPARI,desnutricion aguda,desnutricion moderada (m),2007-02-01,2,1,3,4,5,5,10
50702,CARIPUYO,desnutricion aguda,desnutricion moderada (m),2007-02-01,8,4,5,11,13,15,28
71403,CARMEN RIVERO TORREZ,desnutricion aguda,desnutricion moderada (m),2007-02-01,1,1,0,0,1,1,2
40201,CHALLAPATA,desnutricion aguda,desnutricion moderada (m),2007-02-01,14,7,7,7,21,14,35
50302,CHAQUI,desnutricion aguda,desnutricion moderada (m),2007-02-01,2,1,1,1,3,2,5
70702,CHARAGUA,desnutricion aguda,desnutricion moderada (m),2007-02-01,9,8,4,2,13,10,23
50202,CHAYANTA,desnutricion aguda,desnutricion moderada (m),2007-02-01,21,22,15,22,36,44,80
31204,CHIMORE,desnutricion aguda,desnutricion moderada (m),2007-02-01,16,7,6,6,22,13,35
40903,CHIPAYA,desnutricion aguda,desnutricion moderada (m),2007-02-01,0,1,0,0,0,1,1
90101,COBIJA,desnutricion aguda,desnutricion moderada (m),2007-02-01,8,6,2,4,10,10,20
30101,COCHABAMBA,desnutricion aguda,desnutricion moderada (m),2007-02-01,83,67,44,50,127,117,244
40902,COIPASA,desnutricion aguda,desnutricion moderada (m),2007-02-01,1,1,0,0,1,1,2
30905,COLCAPIRHUA,desnutricion aguda,desnutricion moderada (m),2007-02-01,3,2,2,4,5,6,11
50901,"COLCHA ""K""",desnutricion aguda,desnutricion moderada (m),2007-02-01,0,1,1,0,1,1,2
31002,COLOMI,desnutricion aguda,desnutricion moderada (m),2007-02-01,10,3,4,2,14,5,19
70603,COLPA BELGICA,desnutricion aguda,desnutricion moderada (m),2007-02-01,3,1,2,0,5,1,6
50401,COLQUECHACA,desnutricion aguda,desnutricion moderada (m),2007-02-01,10,21,9,6,19,27,46
21004,COLQUIRI,desnutricion aguda,desnutricion moderada (m),2007-02-01,1,3,0,1,1,4,5
71301,COMARAPA,desnutricion aguda,desnutricion moderada (m),2007-02-01,7,4,2,3,9,7,16
71101,CONCEPCION,desnutricion aguda,desnutricion moderada (m),2007-02-01,6,8,1,10,7,18,25
40301,CORQUE,desnutricion aguda,desnutricion moderada (m),2007-02-01,2,0,1,1,3,1,4
50601,COTAGAITA,desnutricion aguda,desnutricion moderada (m),2007-02-01,14,18,13,31,27,49,76
71106,CUATRO CAÑADAS,desnutricion aguda,desnutricion moderada (m),2007-02-01,3,0,0,2,3,2,5
70704,CUEVO,desnutricion aguda,desnutricion moderada (m),2007-02-01,0,0,0,2,0,2,2
10902,CULPINA,desnutricion aguda,desnutricion moderada (m),2007-02-01,21,10,16,16,37,26,63
40401,CURAHUARA DE CARANGAS,desnutricion aguda,desnutricion moderada (m),2007-02-01,1,2,1,0,2,2,4
40103,EL CHORO,desnutricion aguda,desnutricion moderada (m),2007-02-01,1,0,0,0,1,0,1
71503,EL PUENTE(STC),desnutricion aguda,desnutricion moderada (m),2007-02-01,2,2,1,2,3,4,7
60502,EL PUENTE(TJA),desnutricion aguda,desnutricion moderada (m),2007-02-01,0,2,3,5,3,7,10
70105,EL TORNO,desnutricion aguda,desnutricion moderada (m),2007-02-01,2,1,0,2,2,3,5
10405,EL VILLAR,desnutricion aguda,desnutricion moderada (m),2007-02-01,3,3,1,2,4,5,9
60601,ENTRE RIOS,desnutricion aguda,desnutricion moderada (m),2007-02-01,16,5,7,5,23,10,33
60601,ENTRE RIOS,desnutricion aguda,desnutricion moderada (m),2007-02-01,4,6,5,7,9,13,22
41101,EUCALIPTUS,desnutricion aguda,desnutricion moderada (m),2007-02-01,1,1,1,0,2,1,3
71004,FERNANDEZ ALONSO,desnutricion aguda,desnutricion moderada (m),2007-02-01,0,2,0,2,0,4,4
90203,FILADELFIA,desnutricion aguda,desnutricion moderada (m),2007-02-01,1,0,0,0,1,0,1
71002,GENERAL SAAVEDRA,desnutricion aguda,desnutricion moderada (m),2007-02-01,5,3,2,4,7,7,14
80202,GUAYARAMERIN,desnutricion aguda,desnutricion moderada (m),2007-02-01,15,14,7,10,22,24,46
70705,GUTIERREZ,desnutricion aguda,desnutricion moderada (m),2007-02-01,1,3,1,3,2,6,8
10502,HUACARETA,desnutricion aguda,desnutricion moderada (m),2007-02-01,7,5,0,3,7,8,15
11002,HUACAYA (VILLA DE HUACAYA),desnutricion aguda,desnutricion moderada (m),2007-02-01,1,3,0,0,1,3,4
40501,HUACHACALLA,desnutricion aguda,desnutricion moderada (m),2007-02-01,0,2,0,0,0,2,2
40701,HUANUNI,desnutricion aguda,desnutricion moderada (m),2007-02-01,2,8,1,10,3,18,21
21005,ICHOCA,desnutricion aguda,desnutricion moderada (m),2007-02-01,4,0,0,0,4,0,4
10304,ICLA,desnutricion aguda,desnutricion moderada (m),2007-02-01,18,25,29,37,47,62,109
10703,INCAHUASI,desnutricion aguda,desnutricion moderada (m),2007-02-01,34,28,24,22,58,50,108
90402,INGAVI (HUMAITA),desnutricion aguda,desnutricion moderada (m),2007-02-01,0,0,1,0,1,0,1
21001,INQUISIVI,desnutricion aguda,desnutricion moderada (m),2007-02-01,2,5,3,0,5,5,10
70104,LA GUARDIA,desnutricion aguda,desnutricion moderada (m),2007-02-01,5,0,0,0,5,0,5
70701,LAGUNILLAS,desnutricion aguda,desnutricion moderada (m),2007-02-01,5,4,3,5,8,9,17
10903,LAS CARRERAS,desnutricion aguda,desnutricion moderada (m),2007-02-01,0,0,1,2,1,2,3
50203,LLALLAGUA,desnutricion aguda,desnutricion moderada (m),2007-02-01,6,12,16,7,22,19,41
51401,LLICA,desnutricion aguda,desnutricion moderada (m),2007-02-01,0,1,0,0,0,1,1
40702,MACHACAMARCA,desnutricion aguda,desnutricion moderada (m),2007-02-01,1,3,1,2,2,5,7
11003,MACHARETI,desnutricion aguda,desnutricion moderada (m),2007-02-01,2,1,2,4,4,5,9
80801,MAGDALENA,desnutricion aguda,desnutricion moderada (m),2007-02-01,3,2,0,1,3,3,6
70903,MAIRANA,desnutricion aguda,desnutricion moderada (m),2007-02-01,3,1,1,3,4,4,8
71003,MINEROS,desnutricion aguda,desnutricion moderada (m),2007-02-01,7,9,1,3,8,12,20
31301,MIZQUE,desnutricion aguda,desnutricion moderada (m),2007-02-01,10,13,8,17,18,30,48
10303,MOJOCOYA,desnutricion aguda,desnutricion moderada (m),2007-02-01,3,3,1,4,4,7,11
10501,MONTEAGUDO,desnutricion aguda,desnutricion moderada (m),2007-02-01,6,7,7,3,13,10,23
71001,MONTERO,desnutricion aguda,desnutricion moderada (m),2007-02-01,22,23,13,24,35,47,82
70803,MORO MORO,desnutricion aguda,desnutricion moderada (m),2007-02-01,1,0,1,0,2,0,2
30302,MOROCHATA,desnutricion aguda,desnutricion moderada (m),2007-02-01,12,10,4,5,16,15,31
90401,NACEBE (SANTA ROSA DEL ABUNA),desnutricion aguda,desnutricion moderada (m),2007-02-01,0,0,1,1,1,1,2
50404,OCURI,desnutricion aguda,desnutricion moderada (m),2007-02-01,16,10,9,9,25,19,44
70202,OKINAWA,desnutricion aguda,desnutricion moderada (m),2007-02-01,3,1,2,0,5,1,6
30203,OMEREQUE,desnutricion aguda,desnutricion moderada (m),2007-02-01,2,1,2,1,4,2,6
40101,ORURO,desnutricion aguda,desnutricion moderada (m),2007-02-01,57,44,21,34,78,78,156
60201,PADCAYA,desnutricion aguda,desnutricion moderada (m),2007-02-01,2,4,0,2,2,6,8
10401,PADILLA,desnutricion aguda,desnutricion moderada (m),2007-02-01,6,3,8,8,14,11,25
70502,PAILON,desnutricion aguda,desnutricion moderada (m),2007-02-01,7,8,1,1,8,9,17
40802,PAMPA AULLAGAS,desnutricion aguda,desnutricion moderada (m),2007-02-01,2,1,0,1,2,2,4
70902,PAMPA GRANDE,desnutricion aguda,desnutricion moderada (m),2007-02-01,0,0,0,1,0,1,1
30202,PASORAPA,desnutricion aguda,desnutricion moderada (m),2007-02-01,2,4,1,5,3,9,12
40602,PAZÑA,desnutricion aguda,desnutricion moderada (m),2007-02-01,4,0,0,0,4,0,4
50403,POCOATA,desnutricion aguda,desnutricion moderada (m),2007-02-01,13,15,7,13,20,28,48
31203,POCONA,desnutricion aguda,desnutricion moderada (m),2007-02-01,2,1,3,3,5,4,9
31202,POJO (CBBA),desnutricion aguda,desnutricion moderada (m),2007-02-01,1,2,0,1,1,3,4
40601,POOPO,desnutricion aguda,desnutricion moderada (m),2007-02-01,1,2,2,1,3,3,6
51203,PORCO,desnutricion aguda,desnutricion moderada (m),2007-02-01,5,7,1,4,6,11,17
10103,POROMA,desnutricion aguda,desnutricion moderada (m),2007-02-01,8,12,7,15,15,27,42
70103,PORONGO,desnutricion aguda,desnutricion moderada (m),2007-02-01,0,4,1,0,1,4,5
70601,PORTACHUELO,desnutricion aguda,desnutricion moderada (m),2007-02-01,4,7,1,3,5,10,15
90102,PORVENIR,desnutricion aguda,desnutricion moderada (m),2007-02-01,3,1,1,1,4,2,6
70804,POSTRER VALLE,desnutricion aguda,desnutricion moderada (m),2007-02-01,4,1,1,2,5,3,8
50101,POTOSI,desnutricion aguda,desnutricion moderada (m),2007-02-01,71,65,31,27,102,92,194
10302,PRESTO,desnutricion aguda,desnutricion moderada (m),2007-02-01,12,4,4,1,16,5,21
70805,PUCARA,desnutricion aguda,desnutricion moderada (m),2007-02-01,2,1,1,0,3,1,4
90301,PUERTO GONZALO MORENO,desnutricion aguda,desnutricion moderada (m),2007-02-01,7,4,13,3,20,7,27
71402,PUERTO QUIJARRO,desnutricion aguda,desnutricion moderada (m),2007-02-01,2,3,0,1,2,4,6
90201,PUERTO RICO,desnutricion aguda,desnutricion moderada (m),2007-02-01,0,0,0,2,0,2,2
80703,PUERTO SILES,desnutricion aguda,desnutricion moderada (m),2007-02-01,1,2,1,1,2,3,5
71401,PUERTO SUAREZ,desnutricion aguda,desnutricion moderada (m),2007-02-01,2,3,1,0,3,3,6
31205,PUERTO VILLARROEL,desnutricion aguda,desnutricion moderada (m),2007-02-01,29,34,14,3,43,37,80
51101,PUNA,desnutricion aguda,desnutricion moderada (m),2007-02-01,23,18,18,15,41,33,74
31401,PUNATA,desnutricion aguda,desnutricion moderada (m),2007-02-01,7,6,3,2,10,8,18
30901,QUILLACOLLO,desnutricion aguda,desnutricion moderada (m),2007-02-01,11,14,12,15,23,29,52
21002,QUIME,desnutricion aguda,desnutricion moderada (m),2007-02-01,1,0,2,2,3,2,5
50402,RAVELO,desnutricion aguda,desnutricion moderada (m),2007-02-01,29,23,18,22,47,45,92
80301,REYES,desnutricion aguda,desnutricion moderada (m),2007-02-01,1,1,2,3,3,4,7
80201,RIBERALTA,desnutricion aguda,desnutricion moderada (m),2007-02-01,22,57,18,19,40,76,116
70503,ROBORE,desnutricion aguda,desnutricion moderada (m),2007-02-01,2,5,1,2,3,7,10
80304,RURRENABAQUE,desnutricion aguda,desnutricion moderada (m),2007-02-01,1,3,0,0,1,3,4
31001,SACABA,desnutricion aguda,desnutricion moderada (m),2007-02-01,22,10,7,12,29,22,51
30404,SACABAMBA,desnutricion aguda,desnutricion moderada (m),2007-02-01,1,0,1,0,2,0,2
50701,SACACA,desnutricion aguda,desnutricion moderada (m),2007-02-01,38,30,38,43,76,73,149
71302,SAIPINA,desnutricion aguda,desnutricion moderada (m),2007-02-01,0,2,0,0,0,2,2
40801,SALINAS DE GARCI MENDOZA,desnutricion aguda,desnutricion moderada (m),2007-02-01,3,0,5,1,8,1,9
70901,SAMAIPATA,desnutricion aguda,desnutricion moderada (m),2007-02-01,2,0,0,1,2,1,3
80602,SAN ANDRES,desnutricion aguda,desnutricion moderada (m),2007-02-01,3,1,1,2,4,3,7
71105,SAN ANTONIO DE LOMERIO,desnutricion aguda,desnutricion moderada (m),2007-02-01,10,6,5,3,15,9,24
31403,SAN BENITO,desnutricion aguda,desnutricion moderada (m),2007-02-01,5,2,3,5,8,7,15
80302,SAN BORJA,desnutricion aguda,desnutricion moderada (m),2007-02-01,12,17,9,5,21,22,43
70402,SAN CARLOS,desnutricion aguda,desnutricion moderada (m),2007-02-01,4,7,1,4,5,11,16
80501,SAN IGNACIO,desnutricion aguda,desnutricion moderada (m),2007-02-01,12,6,6,8,18,14,32
70301,SAN IGNACIO DE VELASCO,desnutricion aguda,desnutricion moderada (m),2007-02-01,30,35,11,27,41,62,103
80102,SAN JAVIER(BNI),desnutricion aguda,desnutricion moderada (m),2007-02-01,0,0,0,1,0,1,1
80701,SAN JOAQUIN,desnutricion aguda,desnutricion moderada (m),2007-02-01,0,0,1,1,1,1,2
70501,SAN JOSE DE CHIQUITOS,desnutricion aguda,desnutricion moderada (m),2007-02-01,4,7,1,4,5,11,16
71104,SAN JULIAN,desnutricion aguda,desnutricion moderada (m),2007-02-01,3,2,5,1,8,3,11
90302,SAN LORENZO(PND),desnutricion aguda,desnutricion moderada (m),2007-02-01,1,0,0,0,1,0,1
60501,SAN LORENZO(TJA),desnutricion aguda,desnutricion moderada (m),2007-02-01,10,15,7,12,17,27,44
10702,SAN LUCAS,desnutricion aguda,desnutricion moderada (m),2007-02-01,46,45,42,39,88,84,172
71201,SAN MATIAS,desnutricion aguda,desnutricion moderada (m),2007-02-01,0,0,0,2,0,2,2
70302,SAN MIGUEL DE VELASCO,desnutricion aguda,desnutricion moderada (m),2007-02-01,3,2,0,1,3,3,6
51001,SAN PABLO DE LIPEZ,desnutricion aguda,desnutricion moderada (m),2007-02-01,2,0,1,0,3,0,3
71005,SAN PEDRO,desnutricion aguda,desnutricion moderada (m),2007-02-01,4,6,4,3,8,9,17
90202,SAN PEDRO(PND),desnutricion aguda,desnutricion moderada (m),2007-02-01,0,1,0,0,0,1,1
70303,SAN RAFAEL,desnutricion aguda,desnutricion moderada (m),2007-02-01,2,1,0,0,2,1,3
80702,SAN RAMON,desnutricion aguda,desnutricion moderada (m),2007-02-01,0,4,2,2,2,6,8
80401,SANTA ANA,desnutricion aguda,desnutricion moderada (m),2007-02-01,2,4,1,0,3,4,7
70101,SANTA CRUZ DE LA SIERRA,desnutricion aguda,desnutricion moderada (m),2007-02-01,83,96,43,51,126,147,273
80303,SANTA ROSA,desnutricion aguda,desnutricion moderada (m),2007-02-01,1,2,0,1,1,3,4
70602,SANTA ROSA DEL SARA,desnutricion aguda,desnutricion moderada (m),2007-02-01,4,2,2,1,6,3,9
41401,SANTIAGO DE HUARI,desnutricion aguda,desnutricion moderada (m),2007-02-01,5,1,4,2,9,3,12
30702,SANTIVAÑES,desnutricion aguda,desnutricion moderada (m),2007-02-01,1,2,0,1,1,3,4
40202,SANTUARIO DE QUILLACAS,desnutricion aguda,desnutricion moderada (m),2007-02-01,0,0,0,2,0,2,2
90303,SENA,desnutricion aguda,desnutricion moderada (m),2007-02-01,2,5,2,1,4,6,10
30703,SICAYA,desnutricion aguda,desnutricion moderada (m),2007-02-01,1,2,1,1,2,3,5
30902,SIPE SIPE,desnutricion aguda,desnutricion moderada (m),2007-02-01,15,6,5,11,20,17,37
10403,SOPACHUY,desnutricion aguda,desnutricion moderada (m),2007-02-01,9,14,6,24,15,38,53
40104,SORACACHI,desnutricion aguda,desnutricion moderada (m),2007-02-01,2,4,1,1,3,5,8
10101,SUCRE,desnutricion aguda,desnutricion moderada (m),2007-02-01,43,39,48,39,91,78,169
31404,TACACHI,desnutricion aguda,desnutricion moderada (m),2007-02-01,0,0,1,0,1,0,1
50303,TACOBAMBA,desnutricion aguda,desnutricion moderada (m),2007-02-01,7,9,7,5,14,14,28
30602,TACOPAYA,desnutricion aguda,desnutricion moderada (m),2007-02-01,10,10,5,5,15,15,30
31101,TAPACARI,desnutricion aguda,desnutricion moderada (m),2007-02-01,32,22,12,16,44,38,82
10601,TARABUCO,desnutricion aguda,desnutricion moderada (m),2007-02-01,46,40,32,42,78,82,160
30401,TARATA,desnutricion aguda,desnutricion moderada (m),2007-02-01,4,3,0,0,4,3,7
60101,TARIJA,desnutricion aguda,desnutricion moderada (m),2007-02-01,19,23,16,34,35,57,92
10202,TARVITA,desnutricion aguda,desnutricion moderada (m),2007-02-01,15,12,10,23,25,35,60
50102,TINGUIPAYA,desnutricion aguda,desnutricion moderada (m),2007-02-01,21,10,22,17,43,27,70
30903,TIQUIPAYA,desnutricion aguda,desnutricion moderada (m),2007-02-01,14,8,3,8,17,16,33
31601,TIRAQUE (CBBA),desnutricion aguda,desnutricion moderada (m),2007-02-01,21,12,8,14,29,26,55
30802,TOCO,desnutricion aguda,desnutricion moderada (m),2007-02-01,1,0,0,1,1,1,2
30803,TOLATA,desnutricion aguda,desnutricion moderada (m),2007-02-01,0,1,0,0,0,1,1
41001,TOLEDO,desnutricion aguda,desnutricion moderada (m),2007-02-01,1,0,0,0,1,0,1
51202,TOMAVE,desnutricion aguda,desnutricion moderada (m),2007-02-01,16,2,7,5,23,7,30
10402,TOMINA,desnutricion aguda,desnutricion moderada (m),2007-02-01,26,12,11,20,37,32,69
50502,TORO TORO,desnutricion aguda,desnutricion moderada (m),2007-02-01,13,3,5,5,18,8,26
31201,TOTORA(CBBA),desnutricion aguda,desnutricion moderada (m),2007-02-01,3,4,5,5,8,9,17
41301,TOTORA(ORR),desnutricion aguda,desnutricion moderada (m),2007-02-01,0,1,0,1,0,2,2
80101,TRINIDAD,desnutricion aguda,desnutricion moderada (m),2007-02-01,23,22,10,8,33,30,63
50801,TUPIZA,desnutricion aguda,desnutricion moderada (m),2007-02-01,19,9,11,16,30,25,55
50201,UNCIA,desnutricion aguda,desnutricion moderada (m),2007-02-01,7,1,4,5,11,6,17
60401,URIONDO (A. CONCEPCION),desnutricion aguda,desnutricion moderada (m),2007-02-01,1,3,5,4,6,7,13
71502,URUBICHA,desnutricion aguda,desnutricion moderada (m),2007-02-01,23,37,18,27,41,64,105
51201,UYUNI,desnutricion aguda,desnutricion moderada (m),2007-02-01,1,0,2,3,3,3,6
30502,VACAS,desnutricion aguda,desnutricion moderada (m),2007-02-01,4,2,3,4,7,6,13
70801,VALLEGRANDE,desnutricion aguda,desnutricion moderada (m),2007-02-01,3,1,0,0,3,1,4
31302,VILA VILA,desnutricion aguda,desnutricion moderada (m),2007-02-01,2,2,0,0,2,2,4
60303,VILLA MONTES,desnutricion aguda,desnutricion moderada (m),2007-02-01,9,11,4,3,13,14,27
90502,VILLA NUEVA (LOMA ALTA),desnutricion aguda,desnutricion moderada (m),2007-02-01,1,2,2,6,3,8,11
31402,VILLA RIVERO,desnutricion aguda,desnutricion moderada (m),2007-02-01,1,4,2,5,3,9,12
10801,VILLA SERRANO,desnutricion aguda,desnutricion moderada (m),2007-02-01,8,5,11,9,19,14,33
31003,VILLA TUNARI,desnutricion aguda,desnutricion moderada (m),2007-02-01,28,28,17,18,45,46,91
11001,VILLA VACA GUZMAN (MUYUPAMPA),desnutricion aguda,desnutricion moderada (m),2007-02-01,4,2,1,1,5,3,8
51501,VILLAZON,desnutricion aguda,desnutricion moderada (m),2007-02-01,16,12,2,13,18,25,43
30904,VINTO,desnutricion aguda,desnutricion moderada (m),2007-02-01,0,2,0,0,0,2,2
50602,VITICHI,desnutricion aguda,desnutricion moderada (m),2007-02-01,16,20,14,17,30,37,67
70201,WARNES,desnutricion aguda,desnutricion moderada (m),2007-02-01,4,5,7,7,11,12,23
60301,YACUIBA,desnutricion aguda,desnutricion moderada (m),2007-02-01,6,17,3,11,9,28,37
10602,YAMPARAEZ,desnutricion aguda,desnutricion moderada (m),2007-02-01,20,9,15,24,35,33,68
70403,YAPACANI,desnutricion aguda,desnutricion moderada (m),2007-02-01,19,10,2,5,21,15,36
50103,YOCALLA,desnutricion aguda,desnutricion moderada (m),2007-02-01,2,0,0,1,2,1,3
10102,YOTALA,desnutricion aguda,desnutricion moderada (m),2007-02-01,3,5,5,14,8,19,27
60402,YUNCHARA,desnutricion aguda,desnutricion moderada (m),2007-02-01,4,1,9,10,13,11,24
10301,ZUDAÑEZ,desnutricion aguda,desnutricion moderada (m),2007-02-01,3,6,7,8,10,14,24
51302,ACACIO,desnutricion aguda,desnutricion moderada (m),2007-03-01,2,2,2,5,4,7,11
30201,AIQUILE,desnutricion aguda,desnutricion moderada (m),2007-03-01,3,13,3,5,6,18,24
31303,ALALAY,desnutricion aguda,desnutricion moderada (m),2007-03-01,3,1,3,0,6,1,7
10404,ALCALA,desnutricion aguda,desnutricion moderada (m),2007-03-01,4,8,6,5,10,13,23
41201,ANDAMARCA,desnutricion aguda,desnutricion moderada (m),2007-03-01,4,2,0,4,4,6,10
40603,ANTEQUERA,desnutricion aguda,desnutricion moderada (m),2007-03-01,0,0,1,1,1,1,2
30402,ANZALDO,desnutricion aguda,desnutricion moderada (m),2007-03-01,10,14,5,8,15,22,37
51301,ARAMPAMPA,desnutricion aguda,desnutricion moderada (m),2007-03-01,10,7,5,7,15,14,29
30501,ARANI,desnutricion aguda,desnutricion moderada (m),2007-03-01,3,4,2,1,5,5,10
30403,ARBIETO,desnutricion aguda,desnutricion moderada (m),2007-03-01,1,1,4,6,5,7,12
30601,ARQUE,desnutricion aguda,desnutricion moderada (m),2007-03-01,13,7,4,8,17,15,32
50802,ATOCHA,desnutricion aguda,desnutricion moderada (m),2007-03-01,2,3,4,1,6,4,10
30301,AYOPAYA (V. DE INDEPENDENCIA),desnutricion aguda,desnutricion moderada (m),2007-03-01,16,15,10,13,26,28,54
10201,AZURDUY,desnutricion aguda,desnutricion moderada (m),2007-03-01,11,27,17,25,28,52,80
80802,BAURES,desnutricion aguda,desnutricion moderada (m),2007-03-01,1,1,0,0,1,1,2
50104,BELEN DE URMIRI,desnutricion aguda,desnutricion moderada (m),2007-03-01,1,6,2,3,3,9,12
90104,BELLA FLOR,desnutricion aguda,desnutricion moderada (m),2007-03-01,1,2,2,0,3,2,5
60202,BERMEJO,desnutricion aguda,desnutricion moderada (m),2007-03-01,1,2,4,3,5,5,10
50301,BETANZOS,desnutricion aguda,desnutricion moderada (m),2007-03-01,22,28,19,23,41,51,92
31501,BOLIVAR,desnutricion aguda,desnutricion moderada (m),2007-03-01,21,19,8,17,29,36,65
90103,BOLPEBRA,desnutricion aguda,desnutricion moderada (m),2007-03-01,0,0,1,0,1,0,1
70707,BOYUIBE,desnutricion aguda,desnutricion moderada (m),2007-03-01,2,3,1,0,3,3,6
70401,BUENA VISTA,desnutricion aguda,desnutricion moderada (m),2007-03-01,2,2,1,1,3,3,6
70703,CABEZAS,desnutricion aguda,desnutricion moderada (m),2007-03-01,3,4,2,4,5,8,13
51102,"CAIZA ""D""",desnutricion aguda,desnutricion moderada (m),2007-03-01,2,0,4,7,6,7,13
21003,CAJUATA,desnutricion aguda,desnutricion moderada (m),2007-03-01,0,2,2,0,2,2,4
10701,CAMARGO,desnutricion aguda,desnutricion moderada (m),2007-03-01,11,8,7,17,18,25,43
10901,CAMATAQUI (C. VILLA ABECIA),desnutricion aguda,desnutricion moderada (m),2007-03-01,0,1,1,0,1,1,2
70706,CAMIRI,desnutricion aguda,desnutricion moderada (m),2007-03-01,15,28,11,11,26,39,65
30701,CAPINOTA,desnutricion aguda,desnutricion moderada (m),2007-03-01,26,12,13,8,39,20,59
40102,CARACOLLO,desnutricion aguda,desnutricion moderada (m),2007-03-01,5,6,2,6,7,12,19
60302,CARAPARI,desnutricion aguda,desnutricion moderada (m),2007-03-01,2,1,2,1,4,2,6
50702,CARIPUYO,desnutricion aguda,desnutricion moderada (m),2007-03-01,20,26,6,13,26,39,65
71403,CARMEN RIVERO TORREZ,desnutricion aguda,desnutricion moderada (m),2007-03-01,1,3,2,0,3,3,6
40201,CHALLAPATA,desnutricion aguda,desnutricion moderada (m),2007-03-01,10,5,6,7,16,12,28
50302,CHAQUI,desnutricion aguda,desnutricion moderada (m),2007-03-01,4,2,5,5,9,7,16
70702,CHARAGUA,desnutricion aguda,desnutricion moderada (m),2007-03-01,4,12,3,4,7,16,23
50202,CHAYANTA,desnutricion aguda,desnutricion moderada (m),2007-03-01,3,7,20,18,23,25,48
31204,CHIMORE,desnutricion aguda,desnutricion moderada (m),2007-03-01,5,12,9,3,14,15,29
40903,CHIPAYA,desnutricion aguda,desnutricion moderada (m),2007-03-01,1,2,0,1,1,3,4
40302,CHOQUE COTA,desnutricion aguda,desnutricion moderada (m),2007-03-01,1,0,0,1,1,1,2
90101,COBIJA,desnutricion aguda,desnutricion moderada (m),2007-03-01,12,5,13,11,25,16,41
30101,COCHABAMBA,desnutricion aguda,desnutricion moderada (m),2007-03-01,69,76,48,49,117,125,242
30905,COLCAPIRHUA,desnutricion aguda,desnutricion moderada (m),2007-03-01,0,2,2,4,2,6,8
50901,"COLCHA ""K""",desnutricion aguda,desnutricion moderada (m),2007-03-01,3,1,1,0,4,1,5
31002,COLOMI,desnutricion aguda,desnutricion moderada (m),2007-03-01,8,5,4,2,12,7,19
70603,COLPA BELGICA,desnutricion aguda,desnutricion moderada (m),2007-03-01,3,2,1,1,4,3,7
50401,COLQUECHACA,desnutricion aguda,desnutricion moderada (m),2007-03-01,24,22,21,15,45,37,82
21004,COLQUIRI,desnutricion aguda,desnutricion moderada (m),2007-03-01,5,2,0,2,5,4,9
71301,COMARAPA,desnutricion aguda,desnutricion moderada (m),2007-03-01,3,11,2,3,5,14,19
71101,CONCEPCION,desnutricion aguda,desnutricion moderada (m),2007-03-01,8,6,1,4,9,10,19
40301,CORQUE,desnutricion aguda,desnutricion moderada (m),2007-03-01,3,1,0,1,3,2,5
50601,COTAGAITA,desnutricion aguda,desnutricion moderada (m),2007-03-01,16,9,18,16,34,25,59
70102,COTOCA,desnutricion aguda,desnutricion moderada (m),2007-03-01,0,1,0,0,0,1,1
71106,CUATRO CAÑADAS,desnutricion aguda,desnutricion moderada (m),2007-03-01,1,0,1,2,2,2,4
70704,CUEVO,desnutricion aguda,desnutricion moderada (m),2007-03-01,0,2,1,1,1,3,4
10902,CULPINA,desnutricion aguda,desnutricion moderada (m),2007-03-01,23,22,16,16,39,38,77
40401,CURAHUARA DE CARANGAS,desnutricion aguda,desnutricion moderada (m),2007-03-01,0,1,1,1,1,2,3
40103,EL CHORO,desnutricion aguda,desnutricion moderada (m),2007-03-01,0,1,0,0,0,1,1
71503,EL PUENTE(STC),desnutricion aguda,desnutricion moderada (m),2007-03-01,5,4,0,2,5,6,11
60502,EL PUENTE(TJA),desnutricion aguda,desnutricion moderada (m),2007-03-01,0,1,1,1,1,2,3
10405,EL VILLAR,desnutricion aguda,desnutricion moderada (m),2007-03-01,2,5,2,6,4,11,15
60601,ENTRE RIOS,desnutricion aguda,desnutricion moderada (m),2007-03-01,13,12,6,8,19,20,39
60601,ENTRE RIOS,desnutricion aguda,desnutricion moderada (m),2007-03-01,3,5,6,5,9,10,19
41101,EUCALIPTUS,desnutricion aguda,desnutricion moderada (m),2007-03-01,1,2,1,1,2,3,5
71004,FERNANDEZ ALONSO,desnutricion aguda,desnutricion moderada (m),2007-03-01,1,1,0,2,1,3,4
90203,FILADELFIA,desnutricion aguda,desnutricion moderada (m),2007-03-01,3,2,0,1,3,3,6
71002,GENERAL SAAVEDRA,desnutricion aguda,desnutricion moderada (m),2007-03-01,4,1,4,2,8,3,11
80202,GUAYARAMERIN,desnutricion aguda,desnutricion moderada (m),2007-03-01,17,14,6,8,23,22,45
70705,GUTIERREZ,desnutricion aguda,desnutricion moderada (m),2007-03-01,1,3,1,5,2,8,10
10502,HUACARETA,desnutricion aguda,desnutricion moderada (m),2007-03-01,3,5,3,3,6,8,14
11002,HUACAYA (VILLA DE HUACAYA),desnutricion aguda,desnutricion moderada (m),2007-03-01,0,2,0,1,0,3,3
40701,HUANUNI,desnutricion aguda,desnutricion moderada (m),2007-03-01,2,0,0,1,2,1,3
10304,ICLA,desnutricion aguda,desnutricion moderada (m),2007-03-01,11,25,25,23,36,48,84
10703,INCAHUASI,desnutricion aguda,desnutricion moderada (m),2007-03-01,38,28,27,31,65,59,124
90402,INGAVI (HUMAITA),desnutricion aguda,desnutricion moderada (m),2007-03-01,0,1,0,0,0,1,1
21001,INQUISIVI,desnutricion aguda,desnutricion moderada (m),2007-03-01,2,0,2,1,4,1,5
70701,LAGUNILLAS,desnutricion aguda,desnutricion moderada (m),2007-03-01,5,2,5,5,10,7,17
10903,LAS CARRERAS,desnutricion aguda,desnutricion moderada (m),2007-03-01,0,1,1,3,1,4,5
50203,LLALLAGUA,desnutricion aguda,desnutricion moderada (m),2007-03-01,20,30,16,13,36,43,79
51401,LLICA,desnutricion aguda,desnutricion moderada (m),2007-03-01,1,3,0,0,1,3,4
80601,LORETO,desnutricion aguda,desnutricion moderada (m),2007-03-01,1,0,0,0,1,0,1
40702,MACHACAMARCA,desnutricion aguda,desnutricion moderada (m),2007-03-01,1,2,0,1,1,3,4
11003,MACHARETI,desnutricion aguda,desnutricion moderada (m),2007-03-01,6,1,3,2,9,3,12
80801,MAGDALENA,desnutricion aguda,desnutricion moderada (m),2007-03-01,0,1,1,0,1,1,2
70903,MAIRANA,desnutricion aguda,desnutricion moderada (m),2007-03-01,4,3,3,2,7,5,12
71003,MINEROS,desnutricion aguda,desnutricion moderada (m),2007-03-01,8,7,0,7,8,14,22
31301,MIZQUE,desnutricion aguda,desnutricion moderada (m),2007-03-01,20,15,5,18,25,33,58
10303,MOJOCOYA,desnutricion aguda,desnutricion moderada (m),2007-03-01,8,4,7,4,15,8,23
10501,MONTEAGUDO,desnutricion aguda,desnutricion moderada (m),2007-03-01,7,6,5,11,12,17,29
71001,MONTERO,desnutricion aguda,desnutricion moderada (m),2007-03-01,25,32,18,34,43,66,109
70803,MORO MORO,desnutricion aguda,desnutricion moderada (m),2007-03-01,0,0,1,0,1,0,1
30302,MOROCHATA,desnutricion aguda,desnutricion moderada (m),2007-03-01,13,9,10,4,23,13,36
90401,NACEBE (SANTA ROSA DEL ABUNA),desnutricion aguda,desnutricion moderada (m),2007-03-01,1,0,0,0,1,0,1
50404,OCURI,desnutricion aguda,desnutricion moderada (m),2007-03-01,30,12,14,16,44,28,72
70202,OKINAWA,desnutricion aguda,desnutricion moderada (m),2007-03-01,1,2,0,3,1,5,6
30203,OMEREQUE,desnutricion aguda,desnutricion moderada (m),2007-03-01,1,3,1,1,2,4,6
40101,ORURO,desnutricion aguda,desnutricion moderada (m),2007-03-01,74,34,20,23,94,57,151
60201,PADCAYA,desnutricion aguda,desnutricion moderada (m),2007-03-01,2,1,4,0,6,1,7
10401,PADILLA,desnutricion aguda,desnutricion moderada (m),2007-03-01,13,8,10,9,23,17,40
70502,PAILON,desnutricion aguda,desnutricion moderada (m),2007-03-01,5,4,1,3,6,7,13
40802,PAMPA AULLAGAS,desnutricion aguda,desnutricion moderada (m),2007-03-01,0,3,0,0,0,3,3
70902,PAMPA GRANDE,desnutricion aguda,desnutricion moderada (m),2007-03-01,2,3,1,4,3,7,10
30202,PASORAPA,desnutricion aguda,desnutricion moderada (m),2007-03-01,1,1,1,1,2,2,4
40602,PAZÑA,desnutricion aguda,desnutricion moderada (m),2007-03-01,0,4,0,0,0,4,4
50403,POCOATA,desnutricion aguda,desnutricion moderada (m),2007-03-01,24,22,14,24,38,46,84
31203,POCONA,desnutricion aguda,desnutricion moderada (m),2007-03-01,3,4,5,5,8,9,17
31202,POJO (CBBA),desnutricion aguda,desnutricion moderada (m),2007-03-01,9,6,1,3,10,9,19
40601,POOPO,desnutricion aguda,desnutricion moderada (m),2007-03-01,1,3,0,2,1,5,6
51203,PORCO,desnutricion aguda,desnutricion moderada (m),2007-03-01,6,7,0,2,6,9,15
10103,POROMA,desnutricion aguda,desnutricion moderada (m),2007-03-01,23,27,12,8,35,35,70
70601,PORTACHUELO,desnutricion aguda,desnutricion moderada (m),2007-03-01,6,5,1,3,7,8,15
90102,PORVENIR,desnutricion aguda,desnutricion moderada (m),2007-03-01,0,1,4,3,4,4,8
70804,POSTRER VALLE,desnutricion aguda,desnutricion moderada (m),2007-03-01,2,0,0,0,2,0,2
50101,POTOSI,desnutricion aguda,desnutricion moderada (m),2007-03-01,81,66,44,31,125,97,222
10302,PRESTO,desnutricion aguda,desnutricion moderada (m),2007-03-01,24,9,9,6,33,15,48
70805,PUCARA,desnutricion aguda,desnutricion moderada (m),2007-03-01,1,0,0,0,1,0,1
90301,PUERTO GONZALO MORENO,desnutricion aguda,desnutricion moderada (m),2007-03-01,9,4,3,3,12,7,19
71402,PUERTO QUIJARRO,desnutricion aguda,desnutricion moderada (m),2007-03-01,1,0,1,2,2,2,4
90201,PUERTO RICO,desnutricion aguda,desnutricion moderada (m),2007-03-01,1,5,3,4,4,9,13
80703,PUERTO SILES,desnutricion aguda,desnutricion moderada (m),2007-03-01,0,0,0,1,0,1,1
71401,PUERTO SUAREZ,desnutricion aguda,desnutricion moderada (m),2007-03-01,0,1,0,0,0,1,1
31205,PUERTO VILLARROEL,desnutricion aguda,desnutricion moderada (m),2007-03-01,31,45,16,21,47,66,113
51101,PUNA,desnutricion aguda,desnutricion moderada (m),2007-03-01,29,27,20,34,49,61,110
31401,PUNATA,desnutricion aguda,desnutricion moderada (m),2007-03-01,6,5,2,5,8,10,18
30901,QUILLACOLLO,desnutricion aguda,desnutricion moderada (m),2007-03-01,6,10,4,11,10,21,31
21002,QUIME,desnutricion aguda,desnutricion moderada (m),2007-03-01,0,2,1,0,1,2,3
70904,QUIRUSILLAS,desnutricion aguda,desnutricion moderada (m),2007-03-01,3,0,1,1,4,1,5
50402,RAVELO,desnutricion aguda,desnutricion moderada (m),2007-03-01,36,30,30,33,66,63,129
80301,REYES,desnutricion aguda,desnutricion moderada (m),2007-03-01,8,2,1,3,9,5,14
80201,RIBERALTA,desnutricion aguda,desnutricion moderada (m),2007-03-01,47,84,27,29,74,113,187
70503,ROBORE,desnutricion aguda,desnutricion moderada (m),2007-03-01,5,6,0,5,5,11,16
80304,RURRENABAQUE,desnutricion aguda,desnutricion moderada (m),2007-03-01,0,4,0,2,0,6,6
40901,SABAYA,desnutricion aguda,desnutricion moderada (m),2007-03-01,0,0,1,0,1,0,1
31001,SACABA,desnutricion aguda,desnutricion moderada (m),2007-03-01,16,25,9,20,25,45,70
30404,SACABAMBA,desnutricion aguda,desnutricion moderada (m),2007-03-01,4,2,2,3,6,5,11
50701,SACACA,desnutricion aguda,desnutricion moderada (m),2007-03-01,30,27,36,31,66,58,124
71302,SAIPINA,desnutricion aguda,desnutricion moderada (m),2007-03-01,3,1,2,1,5,2,7
40801,SALINAS DE GARCI MENDOZA,desnutricion aguda,desnutricion moderada (m),2007-03-01,2,2,1,5,3,7,10
70901,SAMAIPATA,desnutricion aguda,desnutricion moderada (m),2007-03-01,4,0,3,2,7,2,9
51601,SAN AGUSTIN,desnutricion aguda,desnutricion moderada (m),2007-03-01,0,1,1,0,1,1,2
80602,SAN ANDRES,desnutricion aguda,desnutricion moderada (m),2007-03-01,1,1,2,2,3,3,6
51003,SAN ANTONIO DE ESMORUCO,desnutricion aguda,desnutricion moderada (m),2007-03-01,1,0,0,0,1,0,1
71105,SAN ANTONIO DE LOMERIO,desnutricion aguda,desnutricion moderada (m),2007-03-01,12,11,8,10,20,21,41
31403,SAN BENITO,desnutricion aguda,desnutricion moderada (m),2007-03-01,5,4,7,1,12,5,17
80302,SAN BORJA,desnutricion aguda,desnutricion moderada (m),2007-03-01,10,14,3,4,13,18,31
70402,SAN CARLOS,desnutricion aguda,desnutricion moderada (m),2007-03-01,10,6,1,2,11,8,19
80501,SAN IGNACIO,desnutricion aguda,desnutricion moderada (m),2007-03-01,16,12,2,7,18,19,37
70301,SAN IGNACIO DE VELASCO,desnutricion aguda,desnutricion moderada (m),2007-03-01,23,40,31,47,54,87,141
80701,SAN JOAQUIN,desnutricion aguda,desnutricion moderada (m),2007-03-01,0,0,0,1,0,1,1
70501,SAN JOSE DE CHIQUITOS,desnutricion aguda,desnutricion moderada (m),2007-03-01,4,8,2,4,6,12,18
70404,SAN JUAN DE YAPACANI,desnutricion aguda,desnutricion moderada (m),2007-03-01,1,4,1,0,2,4,6
71104,SAN JULIAN,desnutricion aguda,desnutricion moderada (m),2007-03-01,6,7,6,7,12,14,26
90302,SAN LORENZO(PND),desnutricion aguda,desnutricion moderada (m),2007-03-01,3,6,1,4,4,10,14
60501,SAN LORENZO(TJA),desnutricion aguda,desnutricion moderada (m),2007-03-01,10,11,10,18,20,29,49
10702,SAN LUCAS,desnutricion aguda,desnutricion moderada (m),2007-03-01,61,47,35,63,96,110,206
71201,SAN MATIAS,desnutricion aguda,desnutricion moderada (m),2007-03-01,0,1,0,1,0,2,2
70302,SAN MIGUEL DE VELASCO,desnutricion aguda,desnutricion moderada (m),2007-03-01,4,3,1,1,5,4,9
51001,SAN PABLO DE LIPEZ,desnutricion aguda,desnutricion moderada (m),2007-03-01,0,1,0,0,0,1,1
71005,SAN PEDRO,desnutricion aguda,desnutricion moderada (m),2007-03-01,7,2,1,1,8,3,11
70303,SAN RAFAEL,desnutricion aguda,desnutricion moderada (m),2007-03-01,1,1,1,3,2,4,6
80702,SAN RAMON,desnutricion aguda,desnutricion moderada (m),2007-03-01,1,2,0,1,1,3,4
80401,SANTA ANA,desnutricion aguda,desnutricion moderada (m),2007-03-01,2,1,0,4,2,5,7
70101,SANTA CRUZ DE LA SIERRA,desnutricion aguda,desnutricion moderada (m),2007-03-01,125,141,35,53,160,194,354
80303,SANTA ROSA,desnutricion aguda,desnutricion moderada (m),2007-03-01,4,4,0,1,4,5,9
70602,SANTA ROSA DEL SARA,desnutricion aguda,desnutricion moderada (m),2007-03-01,1,2,0,4,1,6,7
41401,SANTIAGO DE HUARI,desnutricion aguda,desnutricion moderada (m),2007-03-01,3,2,4,3,7,5,12
30702,SANTIVAÑES,desnutricion aguda,desnutricion moderada (m),2007-03-01,1,2,3,1,4,3,7
40202,SANTUARIO DE QUILLACAS,desnutricion aguda,desnutricion moderada (m),2007-03-01,0,2,0,0,0,2,2
90303,SENA,desnutricion aguda,desnutricion moderada (m),2007-03-01,0,2,5,0,5,2,7
30703,SICAYA,desnutricion aguda,desnutricion moderada (m),2007-03-01,3,6,2,1,5,7,12
30902,SIPE SIPE,desnutricion aguda,desnutricion moderada (m),2007-03-01,15,12,9,11,24,23,47
10403,SOPACHUY,desnutricion aguda,desnutricion moderada (m),2007-03-01,14,18,8,25,22,43,65
40104,SORACACHI,desnutricion aguda,desnutricion moderada (m),2007-03-01,1,2,4,2,5,4,9
10101,SUCRE,desnutricion aguda,desnutricion moderada (m),2007-03-01,64,57,43,53,107,110,217
31404,TACACHI,desnutricion aguda,desnutricion moderada (m),2007-03-01,1,0,1,0,2,0,2
50303,TACOBAMBA,desnutricion aguda,desnutricion moderada (m),2007-03-01,11,7,1,1,12,8,20
30602,TACOPAYA,desnutricion aguda,desnutricion moderada (m),2007-03-01,9,11,5,7,14,18,32
31101,TAPACARI,desnutricion aguda,desnutricion moderada (m),2007-03-01,28,41,20,20,48,61,109
10601,TARABUCO,desnutricion aguda,desnutricion moderada (m),2007-03-01,66,60,31,51,97,111,208
30401,TARATA,desnutricion aguda,desnutricion moderada (m),2007-03-01,2,2,1,1,3,3,6
60101,TARIJA,desnutricion aguda,desnutricion moderada (m),2007-03-01,38,30,44,34,82,64,146
10202,TARVITA,desnutricion aguda,desnutricion moderada (m),2007-03-01,18,33,20,31,38,64,102
50102,TINGUIPAYA,desnutricion aguda,desnutricion moderada (m),2007-03-01,28,26,20,15,48,41,89
30903,TIQUIPAYA,desnutricion aguda,desnutricion moderada (m),2007-03-01,12,10,3,4,15,14,29
31601,TIRAQUE (CBBA),desnutricion aguda,desnutricion moderada (m),2007-03-01,38,35,23,37,61,72,133
30802,TOCO,desnutricion aguda,desnutricion moderada (m),2007-03-01,2,0,1,0,3,0,3
30803,TOLATA,desnutricion aguda,desnutricion moderada (m),2007-03-01,0,2,0,1,0,3,3
41001,TOLEDO,desnutricion aguda,desnutricion moderada (m),2007-03-01,2,0,0,0,2,0,2
51202,TOMAVE,desnutricion aguda,desnutricion moderada (m),2007-03-01,8,5,3,2,11,7,18
10402,TOMINA,desnutricion aguda,desnutricion moderada (m),2007-03-01,29,22,16,20,45,42,87
50502,TORO TORO,desnutricion aguda,desnutricion moderada (m),2007-03-01,13,12,10,8,23,20,43
31201,TOTORA(CBBA),desnutricion aguda,desnutricion moderada (m),2007-03-01,7,3,2,4,9,7,16
41301,TOTORA(ORR),desnutricion aguda,desnutricion moderada (m),2007-03-01,1,0,2,0,3,0,3
70802,TRIGAL,desnutricion aguda,desnutricion moderada (m),2007-03-01,0,0,0,1,0,1,1
80101,TRINIDAD,desnutricion aguda,desnutricion moderada (m),2007-03-01,22,14,7,6,29,20,49
50801,TUPIZA,desnutricion aguda,desnutricion moderada (m),2007-03-01,14,19,16,14,30,33,63
40402,TURCO,desnutricion aguda,desnutricion moderada (m),2007-03-01,1,0,1,1,2,1,3
50201,UNCIA,desnutricion aguda,desnutricion moderada (m),2007-03-01,14,7,4,9,18,16,34
60401,URIONDO (A. CONCEPCION),desnutricion aguda,desnutricion moderada (m),2007-03-01,3,1,3,7,6,8,14
51201,UYUNI,desnutricion aguda,desnutricion moderada (m),2007-03-01,6,3,3,4,9,7,16
30502,VACAS,desnutricion aguda,desnutricion moderada (m),2007-03-01,8,5,0,3,8,8,16
70801,VALLEGRANDE,desnutricion aguda,desnutricion moderada (m),2007-03-01,3,1,1,1,4,2,6
31302,VILA VILA,desnutricion aguda,desnutricion moderada (m),2007-03-01,3,2,2,0,5,2,7
60303,VILLA MONTES,desnutricion aguda,desnutricion moderada (m),2007-03-01,3,14,3,1,6,15,21
90502,VILLA NUEVA (LOMA ALTA),desnutricion aguda,desnutricion moderada (m),2007-03-01,0,0,0,1,0,1,1
31402,VILLA RIVERO,desnutricion aguda,desnutricion moderada (m),2007-03-01,0,1,2,1,2,2,4
10801,VILLA SERRANO,desnutricion aguda,desnutricion moderada (m),2007-03-01,5,14,9,13,14,27,41
31003,VILLA TUNARI,desnutricion aguda,desnutricion moderada (m),2007-03-01,33,26,25,35,58,61,119
11001,VILLA VACA GUZMAN (MUYUPAMPA),desnutricion aguda,desnutricion moderada (m),2007-03-01,4,2,1,4,5,6,11
51501,VILLAZON,desnutricion aguda,desnutricion moderada (m),2007-03-01,19,14,11,11,30,25,55
30904,VINTO,desnutricion aguda,desnutricion moderada (m),2007-03-01,4,4,0,0,4,4,8
50602,VITICHI,desnutricion aguda,desnutricion moderada (m),2007-03-01,19,16,8,8,27,24,51
70201,WARNES,desnutricion aguda,desnutricion moderada (m),2007-03-01,5,9,3,6,8,15,23
60301,YACUIBA,desnutricion aguda,desnutricion moderada (m),2007-03-01,5,14,4,11,9,25,34
10602,YAMPARAEZ,desnutricion aguda,desnutricion moderada (m),2007-03-01,19,12,14,23,33,35,68
70403,YAPACANI,desnutricion aguda,desnutricion moderada (m),2007-03-01,25,16,4,5,29,21,50
50103,YOCALLA,desnutricion aguda,desnutricion moderada (m),2007-03-01,2,1,1,1,3,2,5
10102,YOTALA,desnutricion aguda,desnutricion moderada (m),2007-03-01,7,7,3,7,10,14,24
60402,YUNCHARA,desnutricion aguda,desnutricion moderada (m),2007-03-01,6,3,7,5,13,8,21
10301,ZUDAÑEZ,desnutricion aguda,desnutricion moderada (m),2007-03-01,13,7,8,14,21,21,42
51302,ACACIO,desnutricion aguda,desnutricion moderada (m),2007-04-01,15,7,9,8,24,15,39
30201,AIQUILE,desnutricion aguda,desnutricion moderada (m),2007-04-01,6,6,4,5,10,11,21
31303,ALALAY,desnutricion aguda,desnutricion moderada (m),2007-04-01,1,5,3,4,4,9,13
10404,ALCALA,desnutricion aguda,desnutricion moderada (m),2007-04-01,7,5,7,4,14,9,23
41201,ANDAMARCA,desnutricion aguda,desnutricion moderada (m),2007-04-01,2,0,1,1,3,1,4
40603,ANTEQUERA,desnutricion aguda,desnutricion moderada (m),2007-04-01,0,1,4,5,4,6,10
30402,ANZALDO,desnutricion aguda,desnutricion moderada (m),2007-04-01,5,10,1,8,6,18,24
51301,ARAMPAMPA,desnutricion aguda,desnutricion moderada (m),2007-04-01,11,5,6,7,17,12,29
30403,ARBIETO,desnutricion aguda,desnutricion moderada (m),2007-04-01,4,0,6,1,10,1,11
30601,ARQUE,desnutricion aguda,desnutricion moderada (m),2007-04-01,6,5,12,12,18,17,35
71501,ASCENCION DE GUARAYOS,desnutricion aguda,desnutricion moderada (m),2007-04-01,23,24,19,23,42,47,89
50802,ATOCHA,desnutricion aguda,desnutricion moderada (m),2007-04-01,2,4,2,1,4,5,9
30301,AYOPAYA (V. DE INDEPENDENCIA),desnutricion aguda,desnutricion moderada (m),2007-04-01,14,22,4,7,18,29,47
10201,AZURDUY,desnutricion aguda,desnutricion moderada (m),2007-04-01,16,28,12,23,28,51,79
80802,BAURES,desnutricion aguda,desnutricion moderada (m),2007-04-01,0,3,0,1,0,4,4
41202,BELEN DE ANDAMARCA,desnutricion aguda,desnutricion moderada (m),2007-04-01,0,3,0,0,0,3,3
50104,BELEN DE URMIRI,desnutricion aguda,desnutricion moderada (m),2007-04-01,2,2,0,1,2,3,5
90104,BELLA FLOR,desnutricion aguda,desnutricion moderada (m),2007-04-01,1,2,1,0,2,2,4
60202,BERMEJO,desnutricion aguda,desnutricion moderada (m),2007-04-01,0,0,1,1,1,1,2
50301,BETANZOS,desnutricion aguda,desnutricion moderada (m),2007-04-01,19,23,15,22,34,45,79
31501,BOLIVAR,desnutricion aguda,desnutricion moderada (m),2007-04-01,13,4,2,2,15,6,21
70707,BOYUIBE,desnutricion aguda,desnutricion moderada (m),2007-04-01,3,0,0,0,3,0,3
70401,BUENA VISTA,desnutricion aguda,desnutricion moderada (m),2007-04-01,0,0,1,1,1,1,2
70703,CABEZAS,desnutricion aguda,desnutricion moderada (m),2007-04-01,5,10,7,2,12,12,24
51102,"CAIZA ""D""",desnutricion aguda,desnutricion moderada (m),2007-04-01,4,3,1,2,5,5,10
21003,CAJUATA,desnutricion aguda,desnutricion moderada (m),2007-04-01,4,4,0,2,4,6,10
10701,CAMARGO,desnutricion aguda,desnutricion moderada (m),2007-04-01,17,17,9,19,26,36,62
10901,CAMATAQUI (C. VILLA ABECIA),desnutricion aguda,desnutricion moderada (m),2007-04-01,0,0,2,3,2,3,5
70706,CAMIRI,desnutricion aguda,desnutricion moderada (m),2007-04-01,11,10,4,7,15,17,32
30701,CAPINOTA,desnutricion aguda,desnutricion moderada (m),2007-04-01,23,18,8,10,31,28,59
40102,CARACOLLO,desnutricion aguda,desnutricion moderada (m),2007-04-01,1,1,1,0,2,1,3
41503,CARANGAS,desnutricion aguda,desnutricion moderada (m),2007-04-01,0,2,0,0,0,2,2
60302,CARAPARI,desnutricion aguda,desnutricion moderada (m),2007-04-01,2,2,2,1,4,3,7
50702,CARIPUYO,desnutricion aguda,desnutricion moderada (m),2007-04-01,9,5,7,13,16,18,34
71403,CARMEN RIVERO TORREZ,desnutricion aguda,desnutricion moderada (m),2007-04-01,0,0,0,3,0,3,3
40201,CHALLAPATA,desnutricion aguda,desnutricion moderada (m),2007-04-01,12,9,10,3,22,12,34
50302,CHAQUI,desnutricion aguda,desnutricion moderada (m),2007-04-01,4,2,5,3,9,5,14
70702,CHARAGUA,desnutricion aguda,desnutricion moderada (m),2007-04-01,9,12,2,4,11,16,27
50202,CHAYANTA,desnutricion aguda,desnutricion moderada (m),2007-04-01,9,11,12,10,21,21,42
31204,CHIMORE,desnutricion aguda,desnutricion moderada (m),2007-04-01,7,3,5,4,12,7,19
40903,CHIPAYA,desnutricion aguda,desnutricion moderada (m),2007-04-01,0,1,1,0,1,1,2
40302,CHOQUE COTA,desnutricion aguda,desnutricion moderada (m),2007-04-01,1,0,0,0,1,0,1
90101,COBIJA,desnutricion aguda,desnutricion moderada (m),2007-04-01,16,4,8,12,24,16,40
30101,COCHABAMBA,desnutricion aguda,desnutricion moderada (m),2007-04-01,75,69,33,36,108,105,213
30905,COLCAPIRHUA,desnutricion aguda,desnutricion moderada (m),2007-04-01,4,5,2,3,6,8,14
50901,"COLCHA ""K""",desnutricion aguda,desnutricion moderada (m),2007-04-01,2,3,0,2,2,5,7
31002,COLOMI,desnutricion aguda,desnutricion moderada (m),2007-04-01,13,5,6,4,19,9,28
70603,COLPA BELGICA,desnutricion aguda,desnutricion moderada (m),2007-04-01,1,2,1,1,2,3,5
50401,COLQUECHACA,desnutricion aguda,desnutricion moderada (m),2007-04-01,30,26,12,26,42,52,94
21004,COLQUIRI,desnutricion aguda,desnutricion moderada (m),2007-04-01,1,1,2,0,3,1,4
71301,COMARAPA,desnutricion aguda,desnutricion moderada (m),2007-04-01,5,1,4,5,9,6,15
71101,CONCEPCION,desnutricion aguda,desnutricion moderada (m),2007-04-01,6,8,5,1,11,9,20
40301,CORQUE,desnutricion aguda,desnutricion moderada (m),2007-04-01,0,0,1,2,1,2,3
50601,COTAGAITA,desnutricion aguda,desnutricion moderada (m),2007-04-01,21,25,23,25,44,50,94
70102,COTOCA,desnutricion aguda,desnutricion moderada (m),2007-04-01,9,15,1,7,10,22,32
71106,CUATRO CAÑADAS,desnutricion aguda,desnutricion moderada (m),2007-04-01,2,3,2,1,4,4,8
31405,CUCHUMUELA (V. G. VILLARROEL),desnutricion aguda,desnutricion moderada (m),2007-04-01,1,0,0,1,1,1,2
70704,CUEVO,desnutricion aguda,desnutricion moderada (m),2007-04-01,2,0,2,1,4,1,5
10902,CULPINA,desnutricion aguda,desnutricion moderada (m),2007-04-01,24,20,9,15,33,35,68
40401,CURAHUARA DE CARANGAS,desnutricion aguda,desnutricion moderada (m),2007-04-01,0,2,1,0,1,2,3
40103,EL CHORO,desnutricion aguda,desnutricion moderada (m),2007-04-01,0,0,0,1,0,1,1
71503,EL PUENTE(STC),desnutricion aguda,desnutricion moderada (m),2007-04-01,0,2,2,1,2,3,5
60502,EL PUENTE(TJA),desnutricion aguda,desnutricion moderada (m),2007-04-01,3,2,2,1,5,3,8
70105,EL TORNO,desnutricion aguda,desnutricion moderada (m),2007-04-01,2,2,3,2,5,4,9
10405,EL VILLAR,desnutricion aguda,desnutricion moderada (m),2007-04-01,2,4,3,7,5,11,16
60601,ENTRE RIOS,desnutricion aguda,desnutricion moderada (m),2007-04-01,14,11,8,4,22,15,37
60601,ENTRE RIOS,desnutricion aguda,desnutricion moderada (m),2007-04-01,2,1,4,6,6,7,13
80402,EXALTACION,desnutricion aguda,desnutricion moderada (m),2007-04-01,0,2,0,0,0,2,2
71004,FERNANDEZ ALONSO,desnutricion aguda,desnutricion moderada (m),2007-04-01,1,1,0,1,1,2,3
71002,GENERAL SAAVEDRA,desnutricion aguda,desnutricion moderada (m),2007-04-01,4,3,2,2,6,5,11
80202,GUAYARAMERIN,desnutricion aguda,desnutricion moderada (m),2007-04-01,12,11,5,9,17,20,37
70705,GUTIERREZ,desnutricion aguda,desnutricion moderada (m),2007-04-01,11,8,9,9,20,17,37
10502,HUACARETA,desnutricion aguda,desnutricion moderada (m),2007-04-01,5,5,1,5,6,10,16
40501,HUACHACALLA,desnutricion aguda,desnutricion moderada (m),2007-04-01,2,0,0,1,2,1,3
40701,HUANUNI,desnutricion aguda,desnutricion moderada (m),2007-04-01,1,0,0,0,1,0,1
80803,HUARACAJE,desnutricion aguda,desnutricion moderada (m),2007-04-01,0,1,0,1,0,2,2
10304,ICLA,desnutricion aguda,desnutricion moderada (m),2007-04-01,17,15,16,19,33,34,67
10703,INCAHUASI,desnutricion aguda,desnutricion moderada (m),2007-04-01,34,37,25,34,59,71,130
90402,INGAVI (HUMAITA),desnutricion aguda,desnutricion moderada (m),2007-04-01,0,0,1,1,1,1,2
21001,INQUISIVI,desnutricion aguda,desnutricion moderada (m),2007-04-01,4,2,5,0,9,2,11
70104,LA GUARDIA,desnutricion aguda,desnutricion moderada (m),2007-04-01,5,3,2,1,7,4,11
70701,LAGUNILLAS,desnutricion aguda,desnutricion moderada (m),2007-04-01,1,2,2,2,3,4,7
10903,LAS CARRERAS,desnutricion aguda,desnutricion moderada (m),2007-04-01,0,2,1,3,1,5,6
50203,LLALLAGUA,desnutricion aguda,desnutricion moderada (m),2007-04-01,14,21,15,19,29,40,69
51401,LLICA,desnutricion aguda,desnutricion moderada (m),2007-04-01,3,0,1,0,4,0,4
80601,LORETO,desnutricion aguda,desnutricion moderada (m),2007-04-01,1,0,0,0,1,0,1
11003,MACHARETI,desnutricion aguda,desnutricion moderada (m),2007-04-01,1,1,2,3,3,4,7
80801,MAGDALENA,desnutricion aguda,desnutricion moderada (m),2007-04-01,0,1,0,2,0,3,3
70903,MAIRANA,desnutricion aguda,desnutricion moderada (m),2007-04-01,0,1,1,0,1,1,2
71003,MINEROS,desnutricion aguda,desnutricion moderada (m),2007-04-01,1,7,2,3,3,10,13
31301,MIZQUE,desnutricion aguda,desnutricion moderada (m),2007-04-01,10,34,9,7,19,41,60
10303,MOJOCOYA,desnutricion aguda,desnutricion moderada (m),2007-04-01,6,2,2,4,8,6,14
10501,MONTEAGUDO,desnutricion aguda,desnutricion moderada (m),2007-04-01,8,7,9,3,17,10,27
71001,MONTERO,desnutricion aguda,desnutricion moderada (m),2007-04-01,26,23,11,26,37,49,86
70803,MORO MORO,desnutricion aguda,desnutricion moderada (m),2007-04-01,2,1,1,1,3,2,5
30302,MOROCHATA,desnutricion aguda,desnutricion moderada (m),2007-04-01,9,3,5,10,14,13,27
90401,NACEBE (SANTA ROSA DEL ABUNA),desnutricion aguda,desnutricion moderada (m),2007-04-01,1,0,1,0,2,0,2
90501,NUEVO MANOA (NUEVA ESPERANZA),desnutricion aguda,desnutricion moderada (m),2007-04-01,1,1,0,0,1,1,2
50404,OCURI,desnutricion aguda,desnutricion moderada (m),2007-04-01,13,5,8,7,21,12,33
70202,OKINAWA,desnutricion aguda,desnutricion moderada (m),2007-04-01,2,1,2,3,4,4,8
30203,OMEREQUE,desnutricion aguda,desnutricion moderada (m),2007-04-01,0,2,0,0,0,2,2
40101,ORURO,desnutricion aguda,desnutricion moderada (m),2007-04-01,23,17,6,17,29,34,63
60201,PADCAYA,desnutricion aguda,desnutricion moderada (m),2007-04-01,4,5,1,1,5,6,11
10401,PADILLA,desnutricion aguda,desnutricion moderada (m),2007-04-01,12,2,4,15,16,17,33
70502,PAILON,desnutricion aguda,desnutricion moderada (m),2007-04-01,4,4,3,2,7,6,13
40802,PAMPA AULLAGAS,desnutricion aguda,desnutricion moderada (m),2007-04-01,2,0,2,0,4,0,4
70902,PAMPA GRANDE,desnutricion aguda,desnutricion moderada (m),2007-04-01,0,2,0,0,0,2,2
30202,PASORAPA,desnutricion aguda,desnutricion moderada (m),2007-04-01,2,1,1,2,3,3,6
40602,PAZÑA,desnutricion aguda,desnutricion moderada (m),2007-04-01,0,1,0,0,0,1,1
50403,POCOATA,desnutricion aguda,desnutricion moderada (m),2007-04-01,14,25,9,7,23,32,55
31203,POCONA,desnutricion aguda,desnutricion moderada (m),2007-04-01,4,4,5,6,9,10,19
31202,POJO (CBBA),desnutricion aguda,desnutricion moderada (m),2007-04-01,2,2,2,1,4,3,7
40601,POOPO,desnutricion aguda,desnutricion moderada (m),2007-04-01,0,0,3,1,3,1,4
51203,PORCO,desnutricion aguda,desnutricion moderada (m),2007-04-01,4,8,3,8,7,16,23
10103,POROMA,desnutricion aguda,desnutricion moderada (m),2007-04-01,21,27,18,19,39,46,85
70601,PORTACHUELO,desnutricion aguda,desnutricion moderada (m),2007-04-01,3,1,1,2,4,3,7
90102,PORVENIR,desnutricion aguda,desnutricion moderada (m),2007-04-01,0,1,0,0,0,1,1
70804,POSTRER VALLE,desnutricion aguda,desnutricion moderada (m),2007-04-01,1,1,0,1,1,2,3
50101,POTOSI,desnutricion aguda,desnutricion moderada (m),2007-04-01,68,60,29,30,97,90,187
10302,PRESTO,desnutricion aguda,desnutricion moderada (m),2007-04-01,15,14,5,7,20,21,41
90301,PUERTO GONZALO MORENO,desnutricion aguda,desnutricion moderada (m),2007-04-01,7,1,0,0,7,1,8
71402,PUERTO QUIJARRO,desnutricion aguda,desnutricion moderada (m),2007-04-01,0,2,1,0,1,2,3
90201,PUERTO RICO,desnutricion aguda,desnutricion moderada (m),2007-04-01,3,1,0,0,3,1,4
80703,PUERTO SILES,desnutricion aguda,desnutricion moderada (m),2007-04-01,0,1,0,0,0,1,1
71401,PUERTO SUAREZ,desnutricion aguda,desnutricion moderada (m),2007-04-01,3,1,0,0,3,1,4
31205,PUERTO VILLARROEL,desnutricion aguda,desnutricion moderada (m),2007-04-01,30,35,16,10,46,45,91
51101,PUNA,desnutricion aguda,desnutricion moderada (m),2007-04-01,16,9,15,12,31,21,52
31401,PUNATA,desnutricion aguda,desnutricion moderada (m),2007-04-01,4,7,3,1,7,8,15
30901,QUILLACOLLO,desnutricion aguda,desnutricion moderada (m),2007-04-01,13,12,7,8,20,20,40
21002,QUIME,desnutricion aguda,desnutricion moderada (m),2007-04-01,2,1,1,0,3,1,4
70904,QUIRUSILLAS,desnutricion aguda,desnutricion moderada (m),2007-04-01,1,0,0,1,1,1,2
50402,RAVELO,desnutricion aguda,desnutricion moderada (m),2007-04-01,23,20,22,41,45,61,106
80301,REYES,desnutricion aguda,desnutricion moderada (m),2007-04-01,5,2,1,2,6,4,10
80201,RIBERALTA,desnutricion aguda,desnutricion moderada (m),2007-04-01,47,72,18,24,65,96,161
70503,ROBORE,desnutricion aguda,desnutricion moderada (m),2007-04-01,4,2,1,0,5,2,7
80304,RURRENABAQUE,desnutricion aguda,desnutricion moderada (m),2007-04-01,1,1,1,0,2,1,3
40901,SABAYA,desnutricion aguda,desnutricion moderada (m),2007-04-01,0,3,0,1,0,4,4
31001,SACABA,desnutricion aguda,desnutricion moderada (m),2007-04-01,23,26,5,11,28,37,65
30404,SACABAMBA,desnutricion aguda,desnutricion moderada (m),2007-04-01,1,0,2,0,3,0,3
50701,SACACA,desnutricion aguda,desnutricion moderada (m),2007-04-01,25,32,35,32,60,64,124
71302,SAIPINA,desnutricion aguda,desnutricion moderada (m),2007-04-01,1,0,1,0,2,0,2
40801,SALINAS DE GARCI MENDOZA,desnutricion aguda,desnutricion moderada (m),2007-04-01,2,1,1,0,3,1,4
70901,SAMAIPATA,desnutricion aguda,desnutricion moderada (m),2007-04-01,3,2,1,0,4,2,6
51601,SAN AGUSTIN,desnutricion aguda,desnutricion moderada (m),2007-04-01,1,0,0,1,1,1,2
51003,SAN ANTONIO DE ESMORUCO,desnutricion aguda,desnutricion moderada (m),2007-04-01,3,1,0,1,3,2,5
71105,SAN ANTONIO DE LOMERIO,desnutricion aguda,desnutricion moderada (m),2007-04-01,11,14,9,11,20,25,45
31403,SAN BENITO,desnutricion aguda,desnutricion moderada (m),2007-04-01,0,2,0,2,0,4,4
80302,SAN BORJA,desnutricion aguda,desnutricion moderada (m),2007-04-01,11,4,2,4,13,8,21
70402,SAN CARLOS,desnutricion aguda,desnutricion moderada (m),2007-04-01,11,3,1,9,12,12,24
80501,SAN IGNACIO,desnutricion aguda,desnutricion moderada (m),2007-04-01,7,9,2,11,9,20,29
70301,SAN IGNACIO DE VELASCO,desnutricion aguda,desnutricion moderada (m),2007-04-01,17,26,17,20,34,46,80
80102,SAN JAVIER(BNI),desnutricion aguda,desnutricion moderada (m),2007-04-01,1,1,1,0,2,1,3
80701,SAN JOAQUIN,desnutricion aguda,desnutricion moderada (m),2007-04-01,1,0,2,0,3,0,3
70501,SAN JOSE DE CHIQUITOS,desnutricion aguda,desnutricion moderada (m),2007-04-01,4,5,1,1,5,6,11
70404,SAN JUAN DE YAPACANI,desnutricion aguda,desnutricion moderada (m),2007-04-01,2,2,0,0,2,2,4
71104,SAN JULIAN,desnutricion aguda,desnutricion moderada (m),2007-04-01,5,2,3,2,8,4,12
60501,SAN LORENZO(TJA),desnutricion aguda,desnutricion moderada (m),2007-04-01,7,8,6,6,13,14,27
10702,SAN LUCAS,desnutricion aguda,desnutricion moderada (m),2007-04-01,51,49,36,49,87,98,185
71201,SAN MATIAS,desnutricion aguda,desnutricion moderada (m),2007-04-01,2,0,0,0,2,0,2
70302,SAN MIGUEL DE VELASCO,desnutricion aguda,desnutricion moderada (m),2007-04-01,5,0,0,6,5,6,11
51001,SAN PABLO DE LIPEZ,desnutricion aguda,desnutricion moderada (m),2007-04-01,1,3,0,3,1,6,7
71005,SAN PEDRO,desnutricion aguda,desnutricion moderada (m),2007-04-01,7,5,1,5,8,10,18
50501,SAN PEDRO DE BUENA VISTA,desnutricion aguda,desnutricion moderada (m),2007-04-01,3,0,0,0,3,0,3
70303,SAN RAFAEL,desnutricion aguda,desnutricion moderada (m),2007-04-01,3,1,2,0,5,1,6
80702,SAN RAMON,desnutricion aguda,desnutricion moderada (m),2007-04-01,4,0,0,0,4,0,4
80401,SANTA ANA,desnutricion aguda,desnutricion moderada (m),2007-04-01,1,0,0,1,1,1,2
70101,SANTA CRUZ DE LA SIERRA,desnutricion aguda,desnutricion moderada (m),2007-04-01,100,86,40,53,140,139,279
70602,SANTA ROSA DEL SARA,desnutricion aguda,desnutricion moderada (m),2007-04-01,2,8,0,2,2,10,12
41401,SANTIAGO DE HUARI,desnutricion aguda,desnutricion moderada (m),2007-04-01,5,3,3,1,8,4,12
30702,SANTIVAÑES,desnutricion aguda,desnutricion moderada (m),2007-04-01,0,2,4,5,4,7,11
40202,SANTUARIO DE QUILLACAS,desnutricion aguda,desnutricion moderada (m),2007-04-01,1,0,1,0,2,0,2
30703,SICAYA,desnutricion aguda,desnutricion moderada (m),2007-04-01,3,0,1,0,4,0,4
30902,SIPE SIPE,desnutricion aguda,desnutricion moderada (m),2007-04-01,25,16,9,7,34,23,57
10403,SOPACHUY,desnutricion aguda,desnutricion moderada (m),2007-04-01,7,6,6,25,13,31,44
40104,SORACACHI,desnutricion aguda,desnutricion moderada (m),2007-04-01,1,4,1,4,2,8,10
10101,SUCRE,desnutricion aguda,desnutricion moderada (m),2007-04-01,46,40,35,46,81,86,167
50303,TACOBAMBA,desnutricion aguda,desnutricion moderada (m),2007-04-01,20,20,8,14,28,34,62
30602,TACOPAYA,desnutricion aguda,desnutricion moderada (m),2007-04-01,6,2,3,6,9,8,17
31101,TAPACARI,desnutricion aguda,desnutricion moderada (m),2007-04-01,26,27,11,13,37,40,77
10601,TARABUCO,desnutricion aguda,desnutricion moderada (m),2007-04-01,63,53,39,54,102,107,209
60101,TARIJA,desnutricion aguda,desnutricion moderada (m),2007-04-01,32,20,23,26,55,46,101
10202,TARVITA,desnutricion aguda,desnutricion moderada (m),2007-04-01,24,21,15,23,39,44,83
50102,TINGUIPAYA,desnutricion aguda,desnutricion moderada (m),2007-04-01,31,25,14,32,45,57,102
30903,TIQUIPAYA,desnutricion aguda,desnutricion moderada (m),2007-04-01,7,4,4,3,11,7,18
31601,TIRAQUE (CBBA),desnutricion aguda,desnutricion moderada (m),2007-04-01,28,18,7,17,35,35,70
30802,TOCO,desnutricion aguda,desnutricion moderada (m),2007-04-01,1,0,0,1,1,1,2
41001,TOLEDO,desnutricion aguda,desnutricion moderada (m),2007-04-01,0,1,0,0,0,1,1
51202,TOMAVE,desnutricion aguda,desnutricion moderada (m),2007-04-01,7,4,5,2,12,6,18
10402,TOMINA,desnutricion aguda,desnutricion moderada (m),2007-04-01,29,15,25,20,54,35,89
50502,TORO TORO,desnutricion aguda,desnutricion moderada (m),2007-04-01,9,15,9,12,18,27,45
31201,TOTORA(CBBA),desnutricion aguda,desnutricion moderada (m),2007-04-01,3,5,1,7,4,12,16
41301,TOTORA(ORR),desnutricion aguda,desnutricion moderada (m),2007-04-01,0,0,1,0,1,0,1
80101,TRINIDAD,desnutricion aguda,desnutricion moderada (m),2007-04-01,27,17,19,12,46,29,75
50801,TUPIZA,desnutricion aguda,desnutricion moderada (m),2007-04-01,7,5,9,14,16,19,35
40402,TURCO,desnutricion aguda,desnutricion moderada (m),2007-04-01,2,0,0,0,2,0,2
50201,UNCIA,desnutricion aguda,desnutricion moderada (m),2007-04-01,3,2,1,0,4,2,6
60401,URIONDO (A. CONCEPCION),desnutricion aguda,desnutricion moderada (m),2007-04-01,3,4,1,5,4,9,13
71502,URUBICHA,desnutricion aguda,desnutricion moderada (m),2007-04-01,4,8,1,6,5,14,19
51201,UYUNI,desnutricion aguda,desnutricion moderada (m),2007-04-01,0,1,0,1,0,2,2
30502,VACAS,desnutricion aguda,desnutricion moderada (m),2007-04-01,6,6,3,4,9,10,19
70801,VALLEGRANDE,desnutricion aguda,desnutricion moderada (m),2007-04-01,0,1,0,2,0,3,3
31302,VILA VILA,desnutricion aguda,desnutricion moderada (m),2007-04-01,7,4,1,4,8,8,16
60303,VILLA MONTES,desnutricion aguda,desnutricion moderada (m),2007-04-01,2,1,4,1,6,2,8
90502,VILLA NUEVA (LOMA ALTA),desnutricion aguda,desnutricion moderada (m),2007-04-01,1,4,1,1,2,5,7
31402,VILLA RIVERO,desnutricion aguda,desnutricion moderada (m),2007-04-01,0,4,3,3,3,7,10
10801,VILLA SERRANO,desnutricion aguda,desnutricion moderada (m),2007-04-01,12,9,11,8,23,17,40
31003,VILLA TUNARI,desnutricion aguda,desnutricion moderada (m),2007-04-01,17,15,23,13,40,28,68
11001,VILLA VACA GUZMAN (MUYUPAMPA),desnutricion aguda,desnutricion moderada (m),2007-04-01,0,1,1,1,1,2,3
51501,VILLAZON,desnutricion aguda,desnutricion moderada (m),2007-04-01,21,13,5,14,26,27,53
30904,VINTO,desnutricion aguda,desnutricion moderada (m),2007-04-01,2,4,0,6,2,10,12
50602,VITICHI,desnutricion aguda,desnutricion moderada (m),2007-04-01,11,12,10,13,21,25,46
70201,WARNES,desnutricion aguda,desnutricion moderada (m),2007-04-01,8,7,2,3,10,10,20
60301,YACUIBA,desnutricion aguda,desnutricion moderada (m),2007-04-01,4,7,6,13,10,20,30
10602,YAMPARAEZ,desnutricion aguda,desnutricion moderada (m),2007-04-01,20,19,20,27,40,46,86
70403,YAPACANI,desnutricion aguda,desnutricion moderada (m),2007-04-01,13,11,8,11,21,22,43
50103,YOCALLA,desnutricion aguda,desnutricion moderada (m),2007-04-01,1,0,0,0,1,0,1
10102,YOTALA,desnutricion aguda,desnutricion moderada (m),2007-04-01,6,7,3,6,9,13,22
60402,YUNCHARA,desnutricion aguda,desnutricion moderada (m),2007-04-01,7,1,11,10,18,11,29
10301,ZUDAÑEZ,desnutricion aguda,desnutricion moderada (m),2007-04-01,18,9,15,14,33,23,56
51302,ACACIO,desnutricion aguda,desnutricion moderada (m),2007-05-01,5,2,4,5,9,7,16
30201,AIQUILE,desnutricion aguda,desnutricion moderada (m),2007-05-01,9,14,10,8,19,22,41
31303,ALALAY,desnutricion aguda,desnutricion moderada (m),2007-05-01,6,2,0,0,6,2,8
10404,ALCALA,desnutricion aguda,desnutricion moderada (m),2007-05-01,3,2,4,6,7,8,15
41201,ANDAMARCA,desnutricion aguda,desnutricion moderada (m),2007-05-01,3,0,0,0,3,0,3
40603,ANTEQUERA,desnutricion aguda,desnutricion moderada (m),2007-05-01,3,3,0,0,3,3,6
30402,ANZALDO,desnutricion aguda,desnutricion moderada (m),2007-05-01,9,8,4,5,13,13,26
51301,ARAMPAMPA,desnutricion aguda,desnutricion moderada (m),2007-05-01,11,7,4,8,15,15,30
30501,ARANI,desnutricion aguda,desnutricion moderada (m),2007-05-01,3,6,3,3,6,9,15
30403,ARBIETO,desnutricion aguda,desnutricion moderada (m),2007-05-01,2,1,2,0,4,1,5
30601,ARQUE,desnutricion aguda,desnutricion moderada (m),2007-05-01,3,8,5,9,8,17,25
50802,ATOCHA,desnutricion aguda,desnutricion moderada (m),2007-05-01,2,3,1,1,3,4,7
30301,AYOPAYA (V. DE INDEPENDENCIA),desnutricion aguda,desnutricion moderada (m),2007-05-01,14,11,9,7,23,18,41
10201,AZURDUY,desnutricion aguda,desnutricion moderada (m),2007-05-01,10,22,10,23,20,45,65
80802,BAURES,desnutricion aguda,desnutricion moderada (m),2007-05-01,0,1,2,2,2,3,5
50104,BELEN DE URMIRI,desnutricion aguda,desnutricion moderada (m),2007-05-01,0,1,0,0,0,1,1
90104,BELLA FLOR,desnutricion aguda,desnutricion moderada (m),2007-05-01,1,2,5,4,6,6,12
60202,BERMEJO,desnutricion aguda,desnutricion moderada (m),2007-05-01,2,1,6,3,8,4,12
50301,BETANZOS,desnutricion aguda,desnutricion moderada (m),2007-05-01,26,21,17,17,43,38,81
31501,BOLIVAR,desnutricion aguda,desnutricion moderada (m),2007-05-01,21,23,8,24,29,47,76
70401,BUENA VISTA,desnutricion aguda,desnutricion moderada (m),2007-05-01,1,0,1,0,2,0,2
70703,CABEZAS,desnutricion aguda,desnutricion moderada (m),2007-05-01,3,8,8,4,11,12,23
51102,"CAIZA ""D""",desnutricion aguda,desnutricion moderada (m),2007-05-01,5,4,1,5,6,9,15
21003,CAJUATA,desnutricion aguda,desnutricion moderada (m),2007-05-01,0,3,0,0,0,3,3
10701,CAMARGO,desnutricion aguda,desnutricion moderada (m),2007-05-01,6,15,8,9,14,24,38
10901,CAMATAQUI (C. VILLA ABECIA),desnutricion aguda,desnutricion moderada (m),2007-05-01,0,0,1,2,1,2,3
70706,CAMIRI,desnutricion aguda,desnutricion moderada (m),2007-05-01,2,4,1,3,3,7,10
30701,CAPINOTA,desnutricion aguda,desnutricion moderada (m),2007-05-01,7,13,4,9,11,22,33
40102,CARACOLLO,desnutricion aguda,desnutricion moderada (m),2007-05-01,0,1,0,0,0,1,1
60302,CARAPARI,desnutricion aguda,desnutricion moderada (m),2007-05-01,1,1,0,3,1,4,5
50702,CARIPUYO,desnutricion aguda,desnutricion moderada (m),2007-05-01,11,6,11,13,22,19,41
71403,CARMEN RIVERO TORREZ,desnutricion aguda,desnutricion moderada (m),2007-05-01,0,0,0,1,0,1,1
40201,CHALLAPATA,desnutricion aguda,desnutricion moderada (m),2007-05-01,9,6,2,5,11,11,22
50302,CHAQUI,desnutricion aguda,desnutricion moderada (m),2007-05-01,3,1,0,2,3,3,6
70702,CHARAGUA,desnutricion aguda,desnutricion moderada (m),2007-05-01,5,6,4,4,9,10,19
50202,CHAYANTA,desnutricion aguda,desnutricion moderada (m),2007-05-01,11,11,13,10,24,21,45
31204,CHIMORE,desnutricion aguda,desnutricion moderada (m),2007-05-01,12,7,8,8,20,15,35
40903,CHIPAYA,desnutricion aguda,desnutricion moderada (m),2007-05-01,0,0,1,2,1,2,3
90101,COBIJA,desnutricion aguda,desnutricion moderada (m),2007-05-01,9,3,2,2,11,5,16
30101,COCHABAMBA,desnutricion aguda,desnutricion moderada (m),2007-05-01,67,65,44,58,111,123,234
30905,COLCAPIRHUA,desnutricion aguda,desnutricion moderada (m),2007-05-01,4,6,2,6,6,12,18
50901,"COLCHA ""K""",desnutricion aguda,desnutricion moderada (m),2007-05-01,2,2,1,2,3,4,7
31002,COLOMI,desnutricion aguda,desnutricion moderada (m),2007-05-01,12,9,2,3,14,12,26
70603,COLPA BELGICA,desnutricion aguda,desnutricion moderada (m),2007-05-01,0,1,0,0,0,1,1
50401,COLQUECHACA,desnutricion aguda,desnutricion moderada (m),2007-05-01,16,20,14,18,30,38,68
21004,COLQUIRI,desnutricion aguda,desnutricion moderada (m),2007-05-01,2,2,1,1,3,3,6
71301,COMARAPA,desnutricion aguda,desnutricion moderada (m),2007-05-01,3,4,4,3,7,7,14
71101,CONCEPCION,desnutricion aguda,desnutricion moderada (m),2007-05-01,2,3,0,3,2,6,8
40301,CORQUE,desnutricion aguda,desnutricion moderada (m),2007-05-01,2,2,1,2,3,4,7
50601,COTAGAITA,desnutricion aguda,desnutricion moderada (m),2007-05-01,11,11,13,14,24,25,49
70102,COTOCA,desnutricion aguda,desnutricion moderada (m),2007-05-01,9,21,4,5,13,26,39
71106,CUATRO CAÑADAS,desnutricion aguda,desnutricion moderada (m),2007-05-01,2,1,0,1,2,2,4
70704,CUEVO,desnutricion aguda,desnutricion moderada (m),2007-05-01,1,0,2,1,3,1,4
10902,CULPINA,desnutricion aguda,desnutricion moderada (m),2007-05-01,22,27,11,18,33,45,78
40401,CURAHUARA DE CARANGAS,desnutricion aguda,desnutricion moderada (m),2007-05-01,1,2,0,2,1,4,5
40103,EL CHORO,desnutricion aguda,desnutricion moderada (m),2007-05-01,0,0,1,0,1,0,1
71503,EL PUENTE(STC),desnutricion aguda,desnutricion moderada (m),2007-05-01,2,7,0,2,2,9,11
60502,EL PUENTE(TJA),desnutricion aguda,desnutricion moderada (m),2007-05-01,1,0,0,0,1,0,1
70105,EL TORNO,desnutricion aguda,desnutricion moderada (m),2007-05-01,4,7,1,4,5,11,16
10405,EL VILLAR,desnutricion aguda,desnutricion moderada (m),2007-05-01,1,7,2,7,3,14,17
60601,ENTRE RIOS,desnutricion aguda,desnutricion moderada (m),2007-05-01,7,7,8,2,15,9,24
60601,ENTRE RIOS,desnutricion aguda,desnutricion moderada (m),2007-05-01,0,2,4,3,4,5,9
41101,EUCALIPTUS,desnutricion aguda,desnutricion moderada (m),2007-05-01,3,1,2,0,5,1,6
80402,EXALTACION,desnutricion aguda,desnutricion moderada (m),2007-05-01,0,1,0,2,0,3,3
71004,FERNANDEZ ALONSO,desnutricion aguda,desnutricion moderada (m),2007-05-01,3,1,2,0,5,1,6
71002,GENERAL SAAVEDRA,desnutricion aguda,desnutricion moderada (m),2007-05-01,2,0,3,4,5,4,9
80202,GUAYARAMERIN,desnutricion aguda,desnutricion moderada (m),2007-05-01,8,1,5,8,13,9,22
70705,GUTIERREZ,desnutricion aguda,desnutricion moderada (m),2007-05-01,10,17,13,11,23,28,51
10502,HUACARETA,desnutricion aguda,desnutricion moderada (m),2007-05-01,3,4,4,1,7,5,12
11002,HUACAYA (VILLA DE HUACAYA),desnutricion aguda,desnutricion moderada (m),2007-05-01,0,0,2,0,2,0,2
40701,HUANUNI,desnutricion aguda,desnutricion moderada (m),2007-05-01,1,1,0,0,1,1,2
80803,HUARACAJE,desnutricion aguda,desnutricion moderada (m),2007-05-01,2,1,0,1,2,2,4
41601,HUAYLLAMARCA,desnutricion aguda,desnutricion moderada (m),2007-05-01,4,2,0,3,4,5,9
21005,ICHOCA,desnutricion aguda,desnutricion moderada (m),2007-05-01,0,1,0,0,0,1,1
10304,ICLA,desnutricion aguda,desnutricion moderada (m),2007-05-01,19,22,18,23,37,45,82
10703,INCAHUASI,desnutricion aguda,desnutricion moderada (m),2007-05-01,29,30,16,21,45,51,96
90402,INGAVI (HUMAITA),desnutricion aguda,desnutricion moderada (m),2007-05-01,0,0,0,1,0,1,1
21001,INQUISIVI,desnutricion aguda,desnutricion moderada (m),2007-05-01,5,2,2,1,7,3,10
70104,LA GUARDIA,desnutricion aguda,desnutricion moderada (m),2007-05-01,10,10,5,3,15,13,28
70701,LAGUNILLAS,desnutricion aguda,desnutricion moderada (m),2007-05-01,3,4,0,2,3,6,9
10903,LAS CARRERAS,desnutricion aguda,desnutricion moderada (m),2007-05-01,0,0,1,1,1,1,2
50203,LLALLAGUA,desnutricion aguda,desnutricion moderada (m),2007-05-01,11,13,10,16,21,29,50
51401,LLICA,desnutricion aguda,desnutricion moderada (m),2007-05-01,1,0,1,0,2,0,2
40702,MACHACAMARCA,desnutricion aguda,desnutricion moderada (m),2007-05-01,0,1,0,0,0,1,1
11003,MACHARETI,desnutricion aguda,desnutricion moderada (m),2007-05-01,2,1,4,2,6,3,9
80801,MAGDALENA,desnutricion aguda,desnutricion moderada (m),2007-05-01,3,0,1,1,4,1,5
70903,MAIRANA,desnutricion aguda,desnutricion moderada (m),2007-05-01,1,0,1,0,2,0,2
71003,MINEROS,desnutricion aguda,desnutricion moderada (m),2007-05-01,4,7,0,3,4,10,14
31301,MIZQUE,desnutricion aguda,desnutricion moderada (m),2007-05-01,8,14,5,6,13,20,33
51002,MOJINETE,desnutricion aguda,desnutricion moderada (m),2007-05-01,0,0,0,1,0,1,1
10303,MOJOCOYA,desnutricion aguda,desnutricion moderada (m),2007-05-01,5,7,9,4,14,11,25
10501,MONTEAGUDO,desnutricion aguda,desnutricion moderada (m),2007-05-01,8,10,6,4,14,14,28
71001,MONTERO,desnutricion aguda,desnutricion moderada (m),2007-05-01,37,34,21,11,58,45,103
70803,MORO MORO,desnutricion aguda,desnutricion moderada (m),2007-05-01,0,0,1,0,1,0,1
30302,MOROCHATA,desnutricion aguda,desnutricion moderada (m),2007-05-01,9,10,4,2,13,12,25
90401,NACEBE (SANTA ROSA DEL ABUNA),desnutricion aguda,desnutricion moderada (m),2007-05-01,1,0,0,0,1,0,1
90501,NUEVO MANOA (NUEVA ESPERANZA),desnutricion aguda,desnutricion moderada (m),2007-05-01,0,0,1,0,1,0,1
50404,OCURI,desnutricion aguda,desnutricion moderada (m),2007-05-01,13,11,5,11,18,22,40
70202,OKINAWA,desnutricion aguda,desnutricion moderada (m),2007-05-01,4,2,0,2,4,4,8
30203,OMEREQUE,desnutricion aguda,desnutricion moderada (m),2007-05-01,1,1,1,0,2,1,3
40101,ORURO,desnutricion aguda,desnutricion moderada (m),2007-05-01,46,27,14,20,60,47,107
60201,PADCAYA,desnutricion aguda,desnutricion moderada (m),2007-05-01,5,2,1,0,6,2,8
10401,PADILLA,desnutricion aguda,desnutricion moderada (m),2007-05-01,6,6,6,14,12,20,32
70502,PAILON,desnutricion aguda,desnutricion moderada (m),2007-05-01,1,4,1,3,2,7,9
40802,PAMPA AULLAGAS,desnutricion aguda,desnutricion moderada (m),2007-05-01,2,0,0,1,2,1,3
70902,PAMPA GRANDE,desnutricion aguda,desnutricion moderada (m),2007-05-01,2,0,2,0,4,0,4
30202,PASORAPA,desnutricion aguda,desnutricion moderada (m),2007-05-01,3,0,2,3,5,3,8
50403,POCOATA,desnutricion aguda,desnutricion moderada (m),2007-05-01,13,23,10,22,23,45,68
31203,POCONA,desnutricion aguda,desnutricion moderada (m),2007-05-01,5,10,3,4,8,14,22
31202,POJO (CBBA),desnutricion aguda,desnutricion moderada (m),2007-05-01,6,4,4,5,10,9,19
40601,POOPO,desnutricion aguda,desnutricion moderada (m),2007-05-01,1,1,0,0,1,1,2
51203,PORCO,desnutricion aguda,desnutricion moderada (m),2007-05-01,6,15,3,4,9,19,28
10103,POROMA,desnutricion aguda,desnutricion moderada (m),2007-05-01,25,39,23,32,48,71,119
70103,PORONGO,desnutricion aguda,desnutricion moderada (m),2007-05-01,1,0,0,1,1,1,2
70601,PORTACHUELO,desnutricion aguda,desnutricion moderada (m),2007-05-01,4,2,1,0,5,2,7
70804,POSTRER VALLE,desnutricion aguda,desnutricion moderada (m),2007-05-01,0,0,1,0,1,0,1
50101,POTOSI,desnutricion aguda,desnutricion moderada (m),2007-05-01,106,82,41,41,147,123,270
10302,PRESTO,desnutricion aguda,desnutricion moderada (m),2007-05-01,19,10,11,11,30,21,51
90301,PUERTO GONZALO MORENO,desnutricion aguda,desnutricion moderada (m),2007-05-01,3,0,0,0,3,0,3
71402,PUERTO QUIJARRO,desnutricion aguda,desnutricion moderada (m),2007-05-01,2,1,0,0,2,1,3
90201,PUERTO RICO,desnutricion aguda,desnutricion moderada (m),2007-05-01,1,1,0,1,1,2,3
80703,PUERTO SILES,desnutricion aguda,desnutricion moderada (m),2007-05-01,2,1,0,0,2,1,3
71401,PUERTO SUAREZ,desnutricion aguda,desnutricion moderada (m),2007-05-01,1,0,0,1,1,1,2
31205,PUERTO VILLARROEL,desnutricion aguda,desnutricion moderada (m),2007-05-01,37,24,18,13,55,37,92
51101,PUNA,desnutricion aguda,desnutricion moderada (m),2007-05-01,30,28,23,30,53,58,111
31401,PUNATA,desnutricion aguda,desnutricion moderada (m),2007-05-01,1,3,3,6,4,9,13
30901,QUILLACOLLO,desnutricion aguda,desnutricion moderada (m),2007-05-01,13,8,5,16,18,24,42
21002,QUIME,desnutricion aguda,desnutricion moderada (m),2007-05-01,1,3,0,0,1,3,4
70904,QUIRUSILLAS,desnutricion aguda,desnutricion moderada (m),2007-05-01,0,0,0,1,0,1,1
50402,RAVELO,desnutricion aguda,desnutricion moderada (m),2007-05-01,30,27,27,41,57,68,125
80301,REYES,desnutricion aguda,desnutricion moderada (m),2007-05-01,2,0,4,3,6,3,9
80201,RIBERALTA,desnutricion aguda,desnutricion moderada (m),2007-05-01,34,64,21,30,55,94,149
70503,ROBORE,desnutricion aguda,desnutricion moderada (m),2007-05-01,4,5,1,2,5,7,12
80304,RURRENABAQUE,desnutricion aguda,desnutricion moderada (m),2007-05-01,0,1,0,2,0,3,3
40901,SABAYA,desnutricion aguda,desnutricion moderada (m),2007-05-01,0,1,0,0,0,1,1
31001,SACABA,desnutricion aguda,desnutricion moderada (m),2007-05-01,17,19,20,33,37,52,89
30404,SACABAMBA,desnutricion aguda,desnutricion moderada (m),2007-05-01,4,1,0,0,4,1,5
50701,SACACA,desnutricion aguda,desnutricion moderada (m),2007-05-01,16,22,14,23,30,45,75
71302,SAIPINA,desnutricion aguda,desnutricion moderada (m),2007-05-01,3,0,0,1,3,1,4
40801,SALINAS DE GARCI MENDOZA,desnutricion aguda,desnutricion moderada (m),2007-05-01,3,2,0,1,3,3,6
70901,SAMAIPATA,desnutricion aguda,desnutricion moderada (m),2007-05-01,2,1,2,1,4,2,6
51601,SAN AGUSTIN,desnutricion aguda,desnutricion moderada (m),2007-05-01,1,0,0,1,1,1,2
80602,SAN ANDRES,desnutricion aguda,desnutricion moderada (m),2007-05-01,2,1,0,0,2,1,3
51003,SAN ANTONIO DE ESMORUCO,desnutricion aguda,desnutricion moderada (m),2007-05-01,0,0,1,0,1,0,1
71105,SAN ANTONIO DE LOMERIO,desnutricion aguda,desnutricion moderada (m),2007-05-01,10,15,3,6,13,21,34
31403,SAN BENITO,desnutricion aguda,desnutricion moderada (m),2007-05-01,4,2,1,5,5,7,12
80302,SAN BORJA,desnutricion aguda,desnutricion moderada (m),2007-05-01,17,19,18,36,35,55,90
70402,SAN CARLOS,desnutricion aguda,desnutricion moderada (m),2007-05-01,10,5,1,2,11,7,18
80501,SAN IGNACIO,desnutricion aguda,desnutricion moderada (m),2007-05-01,22,18,10,15,32,33,65
70301,SAN IGNACIO DE VELASCO,desnutricion aguda,desnutricion moderada (m),2007-05-01,25,31,20,37,45,68,113
80102,SAN JAVIER(BNI),desnutricion aguda,desnutricion moderada (m),2007-05-01,2,0,0,2,2,2,4
70501,SAN JOSE DE CHIQUITOS,desnutricion aguda,desnutricion moderada (m),2007-05-01,5,6,1,1,6,7,13
70404,SAN JUAN DE YAPACANI,desnutricion aguda,desnutricion moderada (m),2007-05-01,0,0,3,2,3,2,5
71104,SAN JULIAN,desnutricion aguda,desnutricion moderada (m),2007-05-01,8,4,1,4,9,8,17
90302,SAN LORENZO(PND),desnutricion aguda,desnutricion moderada (m),2007-05-01,0,3,0,0,0,3,3
60501,SAN LORENZO(TJA),desnutricion aguda,desnutricion moderada (m),2007-05-01,8,9,6,15,14,24,38
10702,SAN LUCAS,desnutricion aguda,desnutricion moderada (m),2007-05-01,47,38,30,35,77,73,150
71201,SAN MATIAS,desnutricion aguda,desnutricion moderada (m),2007-05-01,0,0,1,0,1,0,1
70302,SAN MIGUEL DE VELASCO,desnutricion aguda,desnutricion moderada (m),2007-05-01,0,1,1,0,1,1,2
51001,SAN PABLO DE LIPEZ,desnutricion aguda,desnutricion moderada (m),2007-05-01,0,0,1,0,1,0,1
71005,SAN PEDRO,desnutricion aguda,desnutricion moderada (m),2007-05-01,1,6,0,1,1,7,8
50501,SAN PEDRO DE BUENA VISTA,desnutricion aguda,desnutricion moderada (m),2007-05-01,13,16,13,14,26,30,56
90202,SAN PEDRO(PND),desnutricion aguda,desnutricion moderada (m),2007-05-01,1,0,0,0,1,0,1
70303,SAN RAFAEL,desnutricion aguda,desnutricion moderada (m),2007-05-01,7,3,0,0,7,3,10
80702,SAN RAMON,desnutricion aguda,desnutricion moderada (m),2007-05-01,3,2,0,0,3,2,5
80401,SANTA ANA,desnutricion aguda,desnutricion moderada (m),2007-05-01,11,9,1,5,12,14,26
70101,SANTA CRUZ DE LA SIERRA,desnutricion aguda,desnutricion moderada (m),2007-05-01,54,67,35,21,89,88,177
80303,SANTA ROSA,desnutricion aguda,desnutricion moderada (m),2007-05-01,1,0,0,1,1,1,2
70602,SANTA ROSA DEL SARA,desnutricion aguda,desnutricion moderada (m),2007-05-01,3,3,3,2,6,5,11
41401,SANTIAGO DE HUARI,desnutricion aguda,desnutricion moderada (m),2007-05-01,2,3,2,0,4,3,7
30702,SANTIVAÑES,desnutricion aguda,desnutricion moderada (m),2007-05-01,1,1,1,4,2,5,7
40202,SANTUARIO DE QUILLACAS,desnutricion aguda,desnutricion moderada (m),2007-05-01,1,3,2,0,3,3,6
30703,SICAYA,desnutricion aguda,desnutricion moderada (m),2007-05-01,2,0,0,0,2,0,2
30902,SIPE SIPE,desnutricion aguda,desnutricion moderada (m),2007-05-01,22,24,7,10,29,34,63
10403,SOPACHUY,desnutricion aguda,desnutricion moderada (m),2007-05-01,6,23,11,24,17,47,64
40104,SORACACHI,desnutricion aguda,desnutricion moderada (m),2007-05-01,1,1,0,0,1,1,2
10101,SUCRE,desnutricion aguda,desnutricion moderada (m),2007-05-01,46,46,46,51,92,97,189
50303,TACOBAMBA,desnutricion aguda,desnutricion moderada (m),2007-05-01,11,10,3,6,14,16,30
30602,TACOPAYA,desnutricion aguda,desnutricion moderada (m),2007-05-01,1,11,2,5,3,16,19
31101,TAPACARI,desnutricion aguda,desnutricion moderada (m),2007-05-01,28,23,16,22,44,45,89
10601,TARABUCO,desnutricion aguda,desnutricion moderada (m),2007-05-01,60,37,30,37,90,74,164
30401,TARATA,desnutricion aguda,desnutricion moderada (m),2007-05-01,14,5,1,1,15,6,21
60101,TARIJA,desnutricion aguda,desnutricion moderada (m),2007-05-01,40,30,15,13,55,43,98
10202,TARVITA,desnutricion aguda,desnutricion moderada (m),2007-05-01,22,24,20,30,42,54,96
50102,TINGUIPAYA,desnutricion aguda,desnutricion moderada (m),2007-05-01,23,17,19,25,42,42,84
30903,TIQUIPAYA,desnutricion aguda,desnutricion moderada (m),2007-05-01,11,5,6,7,17,12,29
31601,TIRAQUE (CBBA),desnutricion aguda,desnutricion moderada (m),2007-05-01,31,21,21,16,52,37,89
30802,TOCO,desnutricion aguda,desnutricion moderada (m),2007-05-01,2,3,0,1,2,4,6
30803,TOLATA,desnutricion aguda,desnutricion moderada (m),2007-05-01,2,2,0,0,2,2,4
41001,TOLEDO,desnutricion aguda,desnutricion moderada (m),2007-05-01,0,0,1,0,1,0,1
51202,TOMAVE,desnutricion aguda,desnutricion moderada (m),2007-05-01,6,9,7,5,13,14,27
10402,TOMINA,desnutricion aguda,desnutricion moderada (m),2007-05-01,28,6,6,17,34,23,57
50502,TORO TORO,desnutricion aguda,desnutricion moderada (m),2007-05-01,11,10,8,10,19,20,39
31201,TOTORA(CBBA),desnutricion aguda,desnutricion moderada (m),2007-05-01,9,7,3,4,12,11,23
41301,TOTORA(ORR),desnutricion aguda,desnutricion moderada (m),2007-05-01,0,0,6,0,6,0,6
70802,TRIGAL,desnutricion aguda,desnutricion moderada (m),2007-05-01,2,0,0,0,2,0,2
80101,TRINIDAD,desnutricion aguda,desnutricion moderada (m),2007-05-01,16,13,9,12,25,25,50
50801,TUPIZA,desnutricion aguda,desnutricion moderada (m),2007-05-01,11,6,13,9,24,15,39
40402,TURCO,desnutricion aguda,desnutricion moderada (m),2007-05-01,0,1,0,0,0,1,1
50201,UNCIA,desnutricion aguda,desnutricion moderada (m),2007-05-01,2,1,2,3,4,4,8
60401,URIONDO (A. CONCEPCION),desnutricion aguda,desnutricion moderada (m),2007-05-01,1,2,3,4,4,6,10
71502,URUBICHA,desnutricion aguda,desnutricion moderada (m),2007-05-01,9,15,3,14,12,29,41
51201,UYUNI,desnutricion aguda,desnutricion moderada (m),2007-05-01,2,3,4,7,6,10,16
30502,VACAS,desnutricion aguda,desnutricion moderada (m),2007-05-01,5,3,2,2,7,5,12
70801,VALLEGRANDE,desnutricion aguda,desnutricion moderada (m),2007-05-01,1,2,1,2,2,4,6
31302,VILA VILA,desnutricion aguda,desnutricion moderada (m),2007-05-01,7,2,1,1,8,3,11
60303,VILLA MONTES,desnutricion aguda,desnutricion moderada (m),2007-05-01,5,10,1,4,6,14,20
90502,VILLA NUEVA (LOMA ALTA),desnutricion aguda,desnutricion moderada (m),2007-05-01,2,4,6,9,8,13,21
31402,VILLA RIVERO,desnutricion aguda,desnutricion moderada (m),2007-05-01,0,0,2,2,2,2,4
10801,VILLA SERRANO,desnutricion aguda,desnutricion moderada (m),2007-05-01,7,10,13,11,20,21,41
31003,VILLA TUNARI,desnutricion aguda,desnutricion moderada (m),2007-05-01,17,16,9,9,26,25,51
11001,VILLA VACA GUZMAN (MUYUPAMPA),desnutricion aguda,desnutricion moderada (m),2007-05-01,1,1,1,2,2,3,5
51501,VILLAZON,desnutricion aguda,desnutricion moderada (m),2007-05-01,10,10,17,8,27,18,45
30904,VINTO,desnutricion aguda,desnutricion moderada (m),2007-05-01,2,2,0,0,2,2,4
50602,VITICHI,desnutricion aguda,desnutricion moderada (m),2007-05-01,8,10,14,11,22,21,43
70201,WARNES,desnutricion aguda,desnutricion moderada (m),2007-05-01,2,9,1,2,3,11,14
60301,YACUIBA,desnutricion aguda,desnutricion moderada (m),2007-05-01,4,6,2,8,6,14,20
10602,YAMPARAEZ,desnutricion aguda,desnutricion moderada (m),2007-05-01,20,10,21,24,41,34,75
70403,YAPACANI,desnutricion aguda,desnutricion moderada (m),2007-05-01,14,13,4,1,18,14,32
50103,YOCALLA,desnutricion aguda,desnutricion moderada (m),2007-05-01,1,0,0,0,1,0,1
10102,YOTALA,desnutricion aguda,desnutricion moderada (m),2007-05-01,6,4,9,9,15,13,28
60402,YUNCHARA,desnutricion aguda,desnutricion moderada (m),2007-05-01,9,0,6,8,15,8,23
10301,ZUDAÑEZ,desnutricion aguda,desnutricion moderada (m),2007-05-01,15,11,23,13,38,24,62
51302,ACACIO,desnutricion aguda,desnutricion moderada (m),2007-06-01,12,14,8,17,20,31,51
30201,AIQUILE,desnutricion aguda,desnutricion moderada (m),2007-06-01,5,15,8,9,13,24,37
31303,ALALAY,desnutricion aguda,desnutricion moderada (m),2007-06-01,3,7,1,3,4,10,14
10404,ALCALA,desnutricion aguda,desnutricion moderada (m),2007-06-01,1,5,3,6,4,11,15
41201,ANDAMARCA,desnutricion aguda,desnutricion moderada (m),2007-06-01,0,1,0,0,0,1,1
40603,ANTEQUERA,desnutricion aguda,desnutricion moderada (m),2007-06-01,2,0,1,2,3,2,5
30402,ANZALDO,desnutricion aguda,desnutricion moderada (m),2007-06-01,11,4,1,15,12,19,31
51301,ARAMPAMPA,desnutricion aguda,desnutricion moderada (m),2007-06-01,15,10,5,5,20,15,35
30501,ARANI,desnutricion aguda,desnutricion moderada (m),2007-06-01,7,6,0,1,7,7,14
30403,ARBIETO,desnutricion aguda,desnutricion moderada (m),2007-06-01,0,1,1,2,1,3,4
30601,ARQUE,desnutricion aguda,desnutricion moderada (m),2007-06-01,13,12,23,20,36,32,68
71501,ASCENCION DE GUARAYOS,desnutricion aguda,desnutricion moderada (m),2007-06-01,22,24,13,12,35,36,71
50802,ATOCHA,desnutricion aguda,desnutricion moderada (m),2007-06-01,5,2,5,2,10,4,14
30301,AYOPAYA (V. DE INDEPENDENCIA),desnutricion aguda,desnutricion moderada (m),2007-06-01,7,23,14,6,21,29,50
10201,AZURDUY,desnutricion aguda,desnutricion moderada (m),2007-06-01,10,14,17,26,27,40,67
80802,BAURES,desnutricion aguda,desnutricion moderada (m),2007-06-01,0,2,0,1,0,3,3
41202,BELEN DE ANDAMARCA,desnutricion aguda,desnutricion moderada (m),2007-06-01,0,1,0,0,0,1,1
50104,BELEN DE URMIRI,desnutricion aguda,desnutricion moderada (m),2007-06-01,1,3,0,0,1,3,4
90104,BELLA FLOR,desnutricion aguda,desnutricion moderada (m),2007-06-01,3,2,4,1,7,3,10
60202,BERMEJO,desnutricion aguda,desnutricion moderada (m),2007-06-01,7,6,2,2,9,8,17
50301,BETANZOS,desnutricion aguda,desnutricion moderada (m),2007-06-01,20,40,21,18,41,58,99
31501,BOLIVAR,desnutricion aguda,desnutricion moderada (m),2007-06-01,11,6,1,5,12,11,23
70707,BOYUIBE,desnutricion aguda,desnutricion moderada (m),2007-06-01,0,0,0,2,0,2,2
70401,BUENA VISTA,desnutricion aguda,desnutricion moderada (m),2007-06-01,0,2,0,0,0,2,2
70703,CABEZAS,desnutricion aguda,desnutricion moderada (m),2007-06-01,3,8,1,1,4,9,13
51102,"CAIZA ""D""",desnutricion aguda,desnutricion moderada (m),2007-06-01,9,5,0,1,9,6,15
21003,CAJUATA,desnutricion aguda,desnutricion moderada (m),2007-06-01,7,3,0,0,7,3,10
10701,CAMARGO,desnutricion aguda,desnutricion moderada (m),2007-06-01,7,9,9,13,16,22,38
10901,CAMATAQUI (C. VILLA ABECIA),desnutricion aguda,desnutricion moderada (m),2007-06-01,2,0,2,2,4,2,6
70706,CAMIRI,desnutricion aguda,desnutricion moderada (m),2007-06-01,5,11,8,6,13,17,30
30701,CAPINOTA,desnutricion aguda,desnutricion moderada (m),2007-06-01,13,12,11,8,24,20,44
40102,CARACOLLO,desnutricion aguda,desnutricion moderada (m),2007-06-01,1,0,1,0,2,0,2
60302,CARAPARI,desnutricion aguda,desnutricion moderada (m),2007-06-01,0,3,3,2,3,5,8
50702,CARIPUYO,desnutricion aguda,desnutricion moderada (m),2007-06-01,9,7,11,16,20,23,43
71403,CARMEN RIVERO TORREZ,desnutricion aguda,desnutricion moderada (m),2007-06-01,9,2,4,3,13,5,18
40201,CHALLAPATA,desnutricion aguda,desnutricion moderada (m),2007-06-01,16,12,7,8,23,20,43
50302,CHAQUI,desnutricion aguda,desnutricion moderada (m),2007-06-01,1,3,0,4,1,7,8
70702,CHARAGUA,desnutricion aguda,desnutricion moderada (m),2007-06-01,4,4,1,7,5,11,16
50202,CHAYANTA,desnutricion aguda,desnutricion moderada (m),2007-06-01,26,23,19,32,45,55,100
31204,CHIMORE,desnutricion aguda,desnutricion moderada (m),2007-06-01,8,3,6,4,14,7,21
40302,CHOQUE COTA,desnutricion aguda,desnutricion moderada (m),2007-06-01,3,0,0,0,3,0,3
90101,COBIJA,desnutricion aguda,desnutricion moderada (m),2007-06-01,20,8,8,4,28,12,40
30101,COCHABAMBA,desnutricion aguda,desnutricion moderada (m),2007-06-01,70,53,29,36,99,89,188
30905,COLCAPIRHUA,desnutricion aguda,desnutricion moderada (m),2007-06-01,1,3,2,5,3,8,11
50901,"COLCHA ""K""",desnutricion aguda,desnutricion moderada (m),2007-06-01,7,1,0,3,7,4,11
31002,COLOMI,desnutricion aguda,desnutricion moderada (m),2007-06-01,7,11,6,4,13,15,28
70603,COLPA BELGICA,desnutricion aguda,desnutricion moderada (m),2007-06-01,1,0,0,1,1,1,2
50401,COLQUECHACA,desnutricion aguda,desnutricion moderada (m),2007-06-01,24,21,12,16,36,37,73
21004,COLQUIRI,desnutricion aguda,desnutricion moderada (m),2007-06-01,1,0,0,1,1,1,2
71301,COMARAPA,desnutricion aguda,desnutricion moderada (m),2007-06-01,2,2,0,1,2,3,5
71101,CONCEPCION,desnutricion aguda,desnutricion moderada (m),2007-06-01,3,6,1,1,4,7,11
40301,CORQUE,desnutricion aguda,desnutricion moderada (m),2007-06-01,1,1,0,1,1,2,3
50601,COTAGAITA,desnutricion aguda,desnutricion moderada (m),2007-06-01,13,18,17,27,30,45,75
70102,COTOCA,desnutricion aguda,desnutricion moderada (m),2007-06-01,2,4,2,1,4,5,9
71106,CUATRO CAÑADAS,desnutricion aguda,desnutricion moderada (m),2007-06-01,0,5,1,1,1,6,7
31405,CUCHUMUELA (V. G. VILLARROEL),desnutricion aguda,desnutricion moderada (m),2007-06-01,0,0,0,1,0,1,1
70704,CUEVO,desnutricion aguda,desnutricion moderada (m),2007-06-01,0,1,1,0,1,1,2
10902,CULPINA,desnutricion aguda,desnutricion moderada (m),2007-06-01,27,26,12,15,39,41,80
40401,CURAHUARA DE CARANGAS,desnutricion aguda,desnutricion moderada (m),2007-06-01,1,0,2,1,3,1,4
71503,EL PUENTE(STC),desnutricion aguda,desnutricion moderada (m),2007-06-01,4,4,1,0,5,4,9
60502,EL PUENTE(TJA),desnutricion aguda,desnutricion moderada (m),2007-06-01,1,0,2,0,3,0,3
70105,EL TORNO,desnutricion aguda,desnutricion moderada (m),2007-06-01,5,3,2,3,7,6,13
10405,EL VILLAR,desnutricion aguda,desnutricion moderada (m),2007-06-01,2,4,1,6,3,10,13
60601,ENTRE RIOS,desnutricion aguda,desnutricion moderada (m),2007-06-01,15,6,4,4,19,10,29
60601,ENTRE RIOS,desnutricion aguda,desnutricion moderada (m),2007-06-01,0,3,2,1,2,4,6
40502,ESCARA,desnutricion aguda,desnutricion moderada (m),2007-06-01,1,0,0,0,1,0,1
41101,EUCALIPTUS,desnutricion aguda,desnutricion moderada (m),2007-06-01,1,0,0,0,1,0,1
90503,EUREKA (SANTOS MERCADO),desnutricion aguda,desnutricion moderada (m),2007-06-01,0,0,1,0,1,0,1
80402,EXALTACION,desnutricion aguda,desnutricion moderada (m),2007-06-01,0,0,1,0,1,0,1
71004,FERNANDEZ ALONSO,desnutricion aguda,desnutricion moderada (m),2007-06-01,3,2,0,0,3,2,5
90203,FILADELFIA,desnutricion aguda,desnutricion moderada (m),2007-06-01,1,1,0,2,1,3,4
71002,GENERAL SAAVEDRA,desnutricion aguda,desnutricion moderada (m),2007-06-01,2,4,1,0,3,4,7
80202,GUAYARAMERIN,desnutricion aguda,desnutricion moderada (m),2007-06-01,10,15,0,7,10,22,32
70705,GUTIERREZ,desnutricion aguda,desnutricion moderada (m),2007-06-01,12,5,5,11,17,16,33
10502,HUACARETA,desnutricion aguda,desnutricion moderada (m),2007-06-01,2,3,1,1,3,4,7
11002,HUACAYA (VILLA DE HUACAYA),desnutricion aguda,desnutricion moderada (m),2007-06-01,1,0,0,1,1,1,2
40701,HUANUNI,desnutricion aguda,desnutricion moderada (m),2007-06-01,4,3,3,2,7,5,12
80803,HUARACAJE,desnutricion aguda,desnutricion moderada (m),2007-06-01,1,0,0,2,1,2,3
41601,HUAYLLAMARCA,desnutricion aguda,desnutricion moderada (m),2007-06-01,1,0,0,1,1,1,2
21005,ICHOCA,desnutricion aguda,desnutricion moderada (m),2007-06-01,1,0,0,0,1,0,1
10304,ICLA,desnutricion aguda,desnutricion moderada (m),2007-06-01,23,26,19,18,42,44,86
10703,INCAHUASI,desnutricion aguda,desnutricion moderada (m),2007-06-01,29,19,15,21,44,40,84
21001,INQUISIVI,desnutricion aguda,desnutricion moderada (m),2007-06-01,10,5,2,5,12,10,22
70104,LA GUARDIA,desnutricion aguda,desnutricion moderada (m),2007-06-01,7,8,2,7,9,15,24
70701,LAGUNILLAS,desnutricion aguda,desnutricion moderada (m),2007-06-01,1,0,2,5,3,5,8
21006,LICOMA PAMPA,desnutricion aguda,desnutricion moderada (m),2007-06-01,1,0,0,0,1,0,1
50203,LLALLAGUA,desnutricion aguda,desnutricion moderada (m),2007-06-01,35,24,29,34,64,58,122
51401,LLICA,desnutricion aguda,desnutricion moderada (m),2007-06-01,3,1,1,0,4,1,5
80601,LORETO,desnutricion aguda,desnutricion moderada (m),2007-06-01,1,0,0,0,1,0,1
11003,MACHARETI,desnutricion aguda,desnutricion moderada (m),2007-06-01,0,0,1,5,1,5,6
80801,MAGDALENA,desnutricion aguda,desnutricion moderada (m),2007-06-01,4,4,0,0,4,4,8
70903,MAIRANA,desnutricion aguda,desnutricion moderada (m),2007-06-01,1,0,0,0,1,0,1
71003,MINEROS,desnutricion aguda,desnutricion moderada (m),2007-06-01,5,4,1,1,6,5,11
31301,MIZQUE,desnutricion aguda,desnutricion moderada (m),2007-06-01,9,18,10,8,19,26,45
10303,MOJOCOYA,desnutricion aguda,desnutricion moderada (m),2007-06-01,5,4,5,4,10,8,18
10501,MONTEAGUDO,desnutricion aguda,desnutricion moderada (m),2007-06-01,4,10,5,7,9,17,26
71001,MONTERO,desnutricion aguda,desnutricion moderada (m),2007-06-01,31,22,11,23,42,45,87
70803,MORO MORO,desnutricion aguda,desnutricion moderada (m),2007-06-01,0,2,0,2,0,4,4
30302,MOROCHATA,desnutricion aguda,desnutricion moderada (m),2007-06-01,6,2,4,2,10,4,14
90401,NACEBE (SANTA ROSA DEL ABUNA),desnutricion aguda,desnutricion moderada (m),2007-06-01,0,0,1,0,1,0,1
90501,NUEVO MANOA (NUEVA ESPERANZA),desnutricion aguda,desnutricion moderada (m),2007-06-01,3,1,0,0,3,1,4
50404,OCURI,desnutricion aguda,desnutricion moderada (m),2007-06-01,33,28,19,24,52,52,104
70202,OKINAWA,desnutricion aguda,desnutricion moderada (m),2007-06-01,2,1,0,2,2,3,5
30203,OMEREQUE,desnutricion aguda,desnutricion moderada (m),2007-06-01,0,0,2,1,2,1,3
40101,ORURO,desnutricion aguda,desnutricion moderada (m),2007-06-01,27,17,9,12,36,29,65
60201,PADCAYA,desnutricion aguda,desnutricion moderada (m),2007-06-01,3,3,1,0,4,3,7
10401,PADILLA,desnutricion aguda,desnutricion moderada (m),2007-06-01,11,8,5,7,16,15,31
70502,PAILON,desnutricion aguda,desnutricion moderada (m),2007-06-01,4,1,0,0,4,1,5
40802,PAMPA AULLAGAS,desnutricion aguda,desnutricion moderada (m),2007-06-01,0,0,1,0,1,0,1
70902,PAMPA GRANDE,desnutricion aguda,desnutricion moderada (m),2007-06-01,0,0,0,2,0,2,2
30202,PASORAPA,desnutricion aguda,desnutricion moderada (m),2007-06-01,1,1,1,1,2,2,4
50403,POCOATA,desnutricion aguda,desnutricion moderada (m),2007-06-01,18,26,12,16,30,42,72
31203,POCONA,desnutricion aguda,desnutricion moderada (m),2007-06-01,2,6,2,5,4,11,15
31202,POJO (CBBA),desnutricion aguda,desnutricion moderada (m),2007-06-01,1,1,0,3,1,4,5
40601,POOPO,desnutricion aguda,desnutricion moderada (m),2007-06-01,0,3,0,0,0,3,3
51203,PORCO,desnutricion aguda,desnutricion moderada (m),2007-06-01,7,8,5,4,12,12,24
10103,POROMA,desnutricion aguda,desnutricion moderada (m),2007-06-01,29,36,18,25,47,61,108
70601,PORTACHUELO,desnutricion aguda,desnutricion moderada (m),2007-06-01,1,5,2,2,3,7,10
90102,PORVENIR,desnutricion aguda,desnutricion moderada (m),2007-06-01,1,0,0,0,1,0,1
70804,POSTRER VALLE,desnutricion aguda,desnutricion moderada (m),2007-06-01,0,0,1,0,1,0,1
50101,POTOSI,desnutricion aguda,desnutricion moderada (m),2007-06-01,73,62,26,30,99,92,191
10302,PRESTO,desnutricion aguda,desnutricion moderada (m),2007-06-01,20,7,8,11,28,18,46
90301,PUERTO GONZALO MORENO,desnutricion aguda,desnutricion moderada (m),2007-06-01,6,3,1,3,7,6,13
71402,PUERTO QUIJARRO,desnutricion aguda,desnutricion moderada (m),2007-06-01,1,2,0,0,1,2,3
90201,PUERTO RICO,desnutricion aguda,desnutricion moderada (m),2007-06-01,11,9,4,7,15,16,31
71401,PUERTO SUAREZ,desnutricion aguda,desnutricion moderada (m),2007-06-01,1,3,0,0,1,3,4
31205,PUERTO VILLARROEL,desnutricion aguda,desnutricion moderada (m),2007-06-01,13,15,8,6,21,21,42
51101,PUNA,desnutricion aguda,desnutricion moderada (m),2007-06-01,30,29,20,19,50,48,98
31401,PUNATA,desnutricion aguda,desnutricion moderada (m),2007-06-01,3,8,2,2,5,10,15
30901,QUILLACOLLO,desnutricion aguda,desnutricion moderada (m),2007-06-01,5,6,11,12,16,18,34
21002,QUIME,desnutricion aguda,desnutricion moderada (m),2007-06-01,2,3,1,1,3,4,7
70904,QUIRUSILLAS,desnutricion aguda,desnutricion moderada (m),2007-06-01,0,0,1,1,1,1,2
50402,RAVELO,desnutricion aguda,desnutricion moderada (m),2007-06-01,34,36,26,42,60,78,138
80301,REYES,desnutricion aguda,desnutricion moderada (m),2007-06-01,8,6,4,5,12,11,23
80201,RIBERALTA,desnutricion aguda,desnutricion moderada (m),2007-06-01,36,70,14,32,50,102,152
70503,ROBORE,desnutricion aguda,desnutricion moderada (m),2007-06-01,5,3,0,1,5,4,9
80304,RURRENABAQUE,desnutricion aguda,desnutricion moderada (m),2007-06-01,6,4,1,0,7,4,11
40901,SABAYA,desnutricion aguda,desnutricion moderada (m),2007-06-01,1,0,0,0,1,0,1
31001,SACABA,desnutricion aguda,desnutricion moderada (m),2007-06-01,17,10,6,11,23,21,44
30404,SACABAMBA,desnutricion aguda,desnutricion moderada (m),2007-06-01,7,3,1,2,8,5,13
50701,SACACA,desnutricion aguda,desnutricion moderada (m),2007-06-01,33,34,30,26,63,60,123
71302,SAIPINA,desnutricion aguda,desnutricion moderada (m),2007-06-01,3,0,0,0,3,0,3
40801,SALINAS DE GARCI MENDOZA,desnutricion aguda,desnutricion moderada (m),2007-06-01,0,5,2,0,2,5,7
70901,SAMAIPATA,desnutricion aguda,desnutricion moderada (m),2007-06-01,2,0,0,1,2,1,3
80602,SAN ANDRES,desnutricion aguda,desnutricion moderada (m),2007-06-01,1,2,0,1,1,3,4
71105,SAN ANTONIO DE LOMERIO,desnutricion aguda,desnutricion moderada (m),2007-06-01,6,5,2,3,8,8,16
31403,SAN BENITO,desnutricion aguda,desnutricion moderada (m),2007-06-01,5,8,11,8,16,16,32
80302,SAN BORJA,desnutricion aguda,desnutricion moderada (m),2007-06-01,8,12,5,2,13,14,27
70402,SAN CARLOS,desnutricion aguda,desnutricion moderada (m),2007-06-01,9,9,1,2,10,11,21
80501,SAN IGNACIO,desnutricion aguda,desnutricion moderada (m),2007-06-01,17,20,7,8,24,28,52
70301,SAN IGNACIO DE VELASCO,desnutricion aguda,desnutricion moderada (m),2007-06-01,30,37,11,21,41,58,99
80102,SAN JAVIER(BNI),desnutricion aguda,desnutricion moderada (m),2007-06-01,1,0,0,2,1,2,3
71102,SAN JAVIER(STC),desnutricion aguda,desnutricion moderada (m),2007-06-01,2,0,0,0,2,0,2
70501,SAN JOSE DE CHIQUITOS,desnutricion aguda,desnutricion moderada (m),2007-06-01,1,2,0,1,1,3,4
70404,SAN JUAN DE YAPACANI,desnutricion aguda,desnutricion moderada (m),2007-06-01,4,3,6,3,10,6,16
71104,SAN JULIAN,desnutricion aguda,desnutricion moderada (m),2007-06-01,6,4,0,4,6,8,14
90302,SAN LORENZO(PND),desnutricion aguda,desnutricion moderada (m),2007-06-01,3,1,1,2,4,3,7
60501,SAN LORENZO(TJA),desnutricion aguda,desnutricion moderada (m),2007-06-01,6,11,6,12,12,23,35
10702,SAN LUCAS,desnutricion aguda,desnutricion moderada (m),2007-06-01,58,62,48,67,106,129,235
71201,SAN MATIAS,desnutricion aguda,desnutricion moderada (m),2007-06-01,1,1,1,0,2,1,3
70302,SAN MIGUEL DE VELASCO,desnutricion aguda,desnutricion moderada (m),2007-06-01,1,1,0,3,1,4,5
51001,SAN PABLO DE LIPEZ,desnutricion aguda,desnutricion moderada (m),2007-06-01,2,3,4,1,6,4,10
71005,SAN PEDRO,desnutricion aguda,desnutricion moderada (m),2007-06-01,1,4,2,0,3,4,7
50501,SAN PEDRO DE BUENA VISTA,desnutricion aguda,desnutricion moderada (m),2007-06-01,27,36,26,28,53,64,117
90202,SAN PEDRO(PND),desnutricion aguda,desnutricion moderada (m),2007-06-01,4,2,1,5,5,7,12
70303,SAN RAFAEL,desnutricion aguda,desnutricion moderada (m),2007-06-01,0,2,2,0,2,2,4
80702,SAN RAMON,desnutricion aguda,desnutricion moderada (m),2007-06-01,1,0,0,0,1,0,1
80702,SAN RAMON,desnutricion aguda,desnutricion moderada (m),2007-06-01,1,4,1,0,2,4,6
80401,SANTA ANA,desnutricion aguda,desnutricion moderada (m),2007-06-01,7,7,4,2,11,9,20
70101,SANTA CRUZ DE LA SIERRA,desnutricion aguda,desnutricion moderada (m),2007-06-01,71,106,35,29,106,135,241
80303,SANTA ROSA,desnutricion aguda,desnutricion moderada (m),2007-06-01,0,1,0,0,0,1,1
70602,SANTA ROSA DEL SARA,desnutricion aguda,desnutricion moderada (m),2007-06-01,0,2,2,2,2,4,6
41401,SANTIAGO DE HUARI,desnutricion aguda,desnutricion moderada (m),2007-06-01,1,2,2,0,3,2,5
30702,SANTIVAÑES,desnutricion aguda,desnutricion moderada (m),2007-06-01,4,2,5,0,9,2,11
40202,SANTUARIO DE QUILLACAS,desnutricion aguda,desnutricion moderada (m),2007-06-01,2,1,0,0,2,1,3
90303,SENA,desnutricion aguda,desnutricion moderada (m),2007-06-01,1,0,1,0,2,0,2
30703,SICAYA,desnutricion aguda,desnutricion moderada (m),2007-06-01,0,2,1,2,1,4,5
30902,SIPE SIPE,desnutricion aguda,desnutricion moderada (m),2007-06-01,13,15,7,6,20,21,41
10403,SOPACHUY,desnutricion aguda,desnutricion moderada (m),2007-06-01,10,22,9,31,19,53,72
40104,SORACACHI,desnutricion aguda,desnutricion moderada (m),2007-06-01,0,4,0,0,0,4,4
10101,SUCRE,desnutricion aguda,desnutricion moderada (m),2007-06-01,61,33,39,52,100,85,185
31404,TACACHI,desnutricion aguda,desnutricion moderada (m),2007-06-01,1,0,0,1,1,1,2
50303,TACOBAMBA,desnutricion aguda,desnutricion moderada (m),2007-06-01,10,11,5,5,15,16,31
30602,TACOPAYA,desnutricion aguda,desnutricion moderada (m),2007-06-01,12,7,8,5,20,12,32
31101,TAPACARI,desnutricion aguda,desnutricion moderada (m),2007-06-01,30,45,15,27,45,72,117
10601,TARABUCO,desnutricion aguda,desnutricion moderada (m),2007-06-01,51,31,34,36,85,67,152
30401,TARATA,desnutricion aguda,desnutricion moderada (m),2007-06-01,5,4,2,1,7,5,12
60101,TARIJA,desnutricion aguda,desnutricion moderada (m),2007-06-01,25,17,20,24,45,41,86
10202,TARVITA,desnutricion aguda,desnutricion moderada (m),2007-06-01,21,25,24,35,45,60,105
50102,TINGUIPAYA,desnutricion aguda,desnutricion moderada (m),2007-06-01,35,36,27,43,62,79,141
30903,TIQUIPAYA,desnutricion aguda,desnutricion moderada (m),2007-06-01,3,6,0,0,3,6,9
31601,TIRAQUE (CBBA),desnutricion aguda,desnutricion moderada (m),2007-06-01,17,19,8,14,25,33,58
30802,TOCO,desnutricion aguda,desnutricion moderada (m),2007-06-01,6,6,1,1,7,7,14
30803,TOLATA,desnutricion aguda,desnutricion moderada (m),2007-06-01,0,0,1,0,1,0,1
41001,TOLEDO,desnutricion aguda,desnutricion moderada (m),2007-06-01,0,1,0,0,0,1,1
51202,TOMAVE,desnutricion aguda,desnutricion moderada (m),2007-06-01,8,6,7,4,15,10,25
10402,TOMINA,desnutricion aguda,desnutricion moderada (m),2007-06-01,24,18,10,20,34,38,72
50502,TORO TORO,desnutricion aguda,desnutricion moderada (m),2007-06-01,18,18,9,12,27,30,57
31201,TOTORA(CBBA),desnutricion aguda,desnutricion moderada (m),2007-06-01,4,1,3,2,7,3,10
41301,TOTORA(ORR),desnutricion aguda,desnutricion moderada (m),2007-06-01,3,1,1,0,4,1,5
80101,TRINIDAD,desnutricion aguda,desnutricion moderada (m),2007-06-01,30,26,15,12,45,38,83
50801,TUPIZA,desnutricion aguda,desnutricion moderada (m),2007-06-01,10,7,9,13,19,20,39
50201,UNCIA,desnutricion aguda,desnutricion moderada (m),2007-06-01,26,17,14,13,40,30,70
60401,URIONDO (A. CONCEPCION),desnutricion aguda,desnutricion moderada (m),2007-06-01,3,2,0,2,3,4,7
71502,URUBICHA,desnutricion aguda,desnutricion moderada (m),2007-06-01,10,14,6,14,16,28,44
51201,UYUNI,desnutricion aguda,desnutricion moderada (m),2007-06-01,3,7,3,4,6,11,17
30502,VACAS,desnutricion aguda,desnutricion moderada (m),2007-06-01,6,10,5,11,11,21,32
70801,VALLEGRANDE,desnutricion aguda,desnutricion moderada (m),2007-06-01,1,3,1,0,2,3,5
20801,VIACHA,desnutricion aguda,desnutricion moderada (m),2007-06-01,9,9,3,6,12,15,27
31302,VILA VILA,desnutricion aguda,desnutricion moderada (m),2007-06-01,3,0,0,3,3,3,6
60303,VILLA MONTES,desnutricion aguda,desnutricion moderada (m),2007-06-01,3,9,2,1,5,10,15
90502,VILLA NUEVA (LOMA ALTA),desnutricion aguda,desnutricion moderada (m),2007-06-01,0,0,3,4,3,4,7
31402,VILLA RIVERO,desnutricion aguda,desnutricion moderada (m),2007-06-01,1,3,0,5,1,8,9
10801,VILLA SERRANO,desnutricion aguda,desnutricion moderada (m),2007-06-01,5,8,9,7,14,15,29
31003,VILLA TUNARI,desnutricion aguda,desnutricion moderada (m),2007-06-01,24,21,7,9,31,30,61
11001,VILLA VACA GUZMAN (MUYUPAMPA),desnutricion aguda,desnutricion moderada (m),2007-06-01,0,0,1,2,1,2,3
51501,VILLAZON,desnutricion aguda,desnutricion moderada (m),2007-06-01,23,15,10,15,33,30,63
30904,VINTO,desnutricion aguda,desnutricion moderada (m),2007-06-01,0,1,1,0,1,1,2
50602,VITICHI,desnutricion aguda,desnutricion moderada (m),2007-06-01,12,16,12,15,24,31,55
70201,WARNES,desnutricion aguda,desnutricion moderada (m),2007-06-01,12,15,4,2,16,17,33
60301,YACUIBA,desnutricion aguda,desnutricion moderada (m),2007-06-01,11,3,3,0,14,3,17
10602,YAMPARAEZ,desnutricion aguda,desnutricion moderada (m),2007-06-01,13,10,24,25,37,35,72
70403,YAPACANI,desnutricion aguda,desnutricion moderada (m),2007-06-01,12,14,5,2,17,16,33
50103,YOCALLA,desnutricion aguda,desnutricion moderada (m),2007-06-01,0,0,0,1,0,1,1
10102,YOTALA,desnutricion aguda,desnutricion moderada (m),2007-06-01,3,8,2,7,5,15,20
60402,YUNCHARA,desnutricion aguda,desnutricion moderada (m),2007-06-01,7,3,3,10,10,13,23
10301,ZUDAÑEZ,desnutricion aguda,desnutricion moderada (m),2007-06-01,17,8,14,12,31,20,51
51302,ACACIO,desnutricion aguda,desnutricion moderada (m),2007-07-01,24,12,9,12,33,24,57
30201,AIQUILE,desnutricion aguda,desnutricion moderada (m),2007-07-01,9,6,6,9,15,15,30
31303,ALALAY,desnutricion aguda,desnutricion moderada (m),2007-07-01,4,2,3,2,7,4,11
10404,ALCALA,desnutricion aguda,desnutricion moderada (m),2007-07-01,3,8,6,4,9,12,21
41201,ANDAMARCA,desnutricion aguda,desnutricion moderada (m),2007-07-01,3,1,0,0,3,1,4
40603,ANTEQUERA,desnutricion aguda,desnutricion moderada (m),2007-07-01,0,0,2,1,2,1,3
30402,ANZALDO,desnutricion aguda,desnutricion moderada (m),2007-07-01,3,0,1,1,4,1,5
51301,ARAMPAMPA,desnutricion aguda,desnutricion moderada (m),2007-07-01,9,12,9,4,18,16,34
30501,ARANI,desnutricion aguda,desnutricion moderada (m),2007-07-01,0,4,6,2,6,6,12
30403,ARBIETO,desnutricion aguda,desnutricion moderada (m),2007-07-01,0,1,1,1,1,2,3
30601,ARQUE,desnutricion aguda,desnutricion moderada (m),2007-07-01,7,5,2,5,9,10,19
50802,ATOCHA,desnutricion aguda,desnutricion moderada (m),2007-07-01,3,0,0,0,3,0,3
30301,AYOPAYA (V. DE INDEPENDENCIA),desnutricion aguda,desnutricion moderada (m),2007-07-01,7,7,4,3,11,10,21
10201,AZURDUY,desnutricion aguda,desnutricion moderada (m),2007-07-01,6,17,6,16,12,33,45
80802,BAURES,desnutricion aguda,desnutricion moderada (m),2007-07-01,0,3,2,2,2,5,7
50104,BELEN DE URMIRI,desnutricion aguda,desnutricion moderada (m),2007-07-01,1,3,0,1,1,4,5
90104,BELLA FLOR,desnutricion aguda,desnutricion moderada (m),2007-07-01,2,0,1,1,3,1,4
60202,BERMEJO,desnutricion aguda,desnutricion moderada (m),2007-07-01,4,6,1,3,5,9,14
50301,BETANZOS,desnutricion aguda,desnutricion moderada (m),2007-07-01,27,27,29,14,56,41,97
31501,BOLIVAR,desnutricion aguda,desnutricion moderada (m),2007-07-01,12,8,2,5,14,13,27
90103,BOLPEBRA,desnutricion aguda,desnutricion moderada (m),2007-07-01,0,1,0,0,0,1,1
70707,BOYUIBE,desnutricion aguda,desnutricion moderada (m),2007-07-01,0,0,1,2,1,2,3
70401,BUENA VISTA,desnutricion aguda,desnutricion moderada (m),2007-07-01,0,0,0,1,0,1,1
70703,CABEZAS,desnutricion aguda,desnutricion moderada (m),2007-07-01,1,3,3,5,4,8,12
51102,"CAIZA ""D""",desnutricion aguda,desnutricion moderada (m),2007-07-01,6,5,2,0,8,5,13
21003,CAJUATA,desnutricion aguda,desnutricion moderada (m),2007-07-01,0,1,0,0,0,1,1
10701,CAMARGO,desnutricion aguda,desnutricion moderada (m),2007-07-01,8,13,2,11,10,24,34
10901,CAMATAQUI (C. VILLA ABECIA),desnutricion aguda,desnutricion moderada (m),2007-07-01,0,0,2,2,2,2,4
70706,CAMIRI,desnutricion aguda,desnutricion moderada (m),2007-07-01,2,6,3,1,5,7,12
30701,CAPINOTA,desnutricion aguda,desnutricion moderada (m),2007-07-01,11,5,2,3,13,8,21
40102,CARACOLLO,desnutricion aguda,desnutricion moderada (m),2007-07-01,2,1,3,1,5,2,7
60302,CARAPARI,desnutricion aguda,desnutricion moderada (m),2007-07-01,3,2,2,1,5,3,8
50702,CARIPUYO,desnutricion aguda,desnutricion moderada (m),2007-07-01,10,11,14,19,24,30,54
71403,CARMEN RIVERO TORREZ,desnutricion aguda,desnutricion moderada (m),2007-07-01,5,10,1,1,6,11,17
40201,CHALLAPATA,desnutricion aguda,desnutricion moderada (m),2007-07-01,5,5,5,3,10,8,18
50302,CHAQUI,desnutricion aguda,desnutricion moderada (m),2007-07-01,3,3,3,1,6,4,10
70702,CHARAGUA,desnutricion aguda,desnutricion moderada (m),2007-07-01,4,1,4,1,8,2,10
50202,CHAYANTA,desnutricion aguda,desnutricion moderada (m),2007-07-01,9,11,11,14,20,25,45
31204,CHIMORE,desnutricion aguda,desnutricion moderada (m),2007-07-01,1,3,2,2,3,5,8
40302,CHOQUE COTA,desnutricion aguda,desnutricion moderada (m),2007-07-01,1,0,0,0,1,0,1
90101,COBIJA,desnutricion aguda,desnutricion moderada (m),2007-07-01,19,8,2,2,21,10,31
30101,COCHABAMBA,desnutricion aguda,desnutricion moderada (m),2007-07-01,47,54,29,36,76,90,166
30905,COLCAPIRHUA,desnutricion aguda,desnutricion moderada (m),2007-07-01,5,2,4,4,9,6,15
50901,"COLCHA ""K""",desnutricion aguda,desnutricion moderada (m),2007-07-01,3,4,0,2,3,6,9
31002,COLOMI,desnutricion aguda,desnutricion moderada (m),2007-07-01,5,7,3,2,8,9,17
70603,COLPA BELGICA,desnutricion aguda,desnutricion moderada (m),2007-07-01,0,0,2,1,2,1,3
50401,COLQUECHACA,desnutricion aguda,desnutricion moderada (m),2007-07-01,30,19,18,12,48,31,79
21004,COLQUIRI,desnutricion aguda,desnutricion moderada (m),2007-07-01,3,2,0,0,3,2,5
71301,COMARAPA,desnutricion aguda,desnutricion moderada (m),2007-07-01,0,1,3,3,3,4,7
71101,CONCEPCION,desnutricion aguda,desnutricion moderada (m),2007-07-01,1,0,0,0,1,0,1
50601,COTAGAITA,desnutricion aguda,desnutricion moderada (m),2007-07-01,7,6,4,9,11,15,26
70102,COTOCA,desnutricion aguda,desnutricion moderada (m),2007-07-01,5,7,2,1,7,8,15
71106,CUATRO CAÑADAS,desnutricion aguda,desnutricion moderada (m),2007-07-01,0,2,2,1,2,3,5
70704,CUEVO,desnutricion aguda,desnutricion moderada (m),2007-07-01,4,2,0,1,4,3,7
10902,CULPINA,desnutricion aguda,desnutricion moderada (m),2007-07-01,19,12,10,12,29,24,53
40103,EL CHORO,desnutricion aguda,desnutricion moderada (m),2007-07-01,1,0,0,0,1,0,1
60502,EL PUENTE(TJA),desnutricion aguda,desnutricion moderada (m),2007-07-01,0,0,2,3,2,3,5
70105,EL TORNO,desnutricion aguda,desnutricion moderada (m),2007-07-01,2,4,1,2,3,6,9
10405,EL VILLAR,desnutricion aguda,desnutricion moderada (m),2007-07-01,2,5,1,4,3,9,12
60601,ENTRE RIOS,desnutricion aguda,desnutricion moderada (m),2007-07-01,2,5,3,3,5,8,13
60601,ENTRE RIOS,desnutricion aguda,desnutricion moderada (m),2007-07-01,0,1,2,6,2,7,9
40505,ESMERALDA,desnutricion aguda,desnutricion moderada (m),2007-07-01,0,1,0,0,0,1,1
80402,EXALTACION,desnutricion aguda,desnutricion moderada (m),2007-07-01,0,1,0,0,0,1,1
71004,FERNANDEZ ALONSO,desnutricion aguda,desnutricion moderada (m),2007-07-01,1,1,1,0,2,1,3
90203,FILADELFIA,desnutricion aguda,desnutricion moderada (m),2007-07-01,0,2,0,1,0,3,3
71002,GENERAL SAAVEDRA,desnutricion aguda,desnutricion moderada (m),2007-07-01,6,3,4,1,10,4,14
80202,GUAYARAMERIN,desnutricion aguda,desnutricion moderada (m),2007-07-01,10,11,5,5,15,16,31
70705,GUTIERREZ,desnutricion aguda,desnutricion moderada (m),2007-07-01,8,5,6,7,14,12,26
10502,HUACARETA,desnutricion aguda,desnutricion moderada (m),2007-07-01,2,3,0,1,2,4,6
11002,HUACAYA (VILLA DE HUACAYA),desnutricion aguda,desnutricion moderada (m),2007-07-01,0,0,1,0,1,0,1
40701,HUANUNI,desnutricion aguda,desnutricion moderada (m),2007-07-01,2,1,0,2,2,3,5
21005,ICHOCA,desnutricion aguda,desnutricion moderada (m),2007-07-01,0,2,2,0,2,2,4
10304,ICLA,desnutricion aguda,desnutricion moderada (m),2007-07-01,8,16,5,8,13,24,37
10703,INCAHUASI,desnutricion aguda,desnutricion moderada (m),2007-07-01,38,39,25,37,63,76,139
21001,INQUISIVI,desnutricion aguda,desnutricion moderada (m),2007-07-01,1,1,1,1,2,2,4
70104,LA GUARDIA,desnutricion aguda,desnutricion moderada (m),2007-07-01,7,10,0,5,7,15,22
70701,LAGUNILLAS,desnutricion aguda,desnutricion moderada (m),2007-07-01,1,1,0,1,1,2,3
50203,LLALLAGUA,desnutricion aguda,desnutricion moderada (m),2007-07-01,20,15,12,16,32,31,63
51401,LLICA,desnutricion aguda,desnutricion moderada (m),2007-07-01,1,0,0,0,1,0,1
11003,MACHARETI,desnutricion aguda,desnutricion moderada (m),2007-07-01,1,0,2,2,3,2,5
80801,MAGDALENA,desnutricion aguda,desnutricion moderada (m),2007-07-01,2,4,0,0,2,4,6
70903,MAIRANA,desnutricion aguda,desnutricion moderada (m),2007-07-01,0,0,1,1,1,1,2
20103,MECAPACA,desnutricion aguda,desnutricion moderada (m),2007-07-01,0,1,0,2,0,3,3
71003,MINEROS,desnutricion aguda,desnutricion moderada (m),2007-07-01,4,7,0,2,4,9,13
31301,MIZQUE,desnutricion aguda,desnutricion moderada (m),2007-07-01,14,15,4,7,18,22,40
10303,MOJOCOYA,desnutricion aguda,desnutricion moderada (m),2007-07-01,3,6,3,3,6,9,15
10501,MONTEAGUDO,desnutricion aguda,desnutricion moderada (m),2007-07-01,7,8,6,3,13,11,24
71001,MONTERO,desnutricion aguda,desnutricion moderada (m),2007-07-01,11,23,11,10,22,33,55
70803,MORO MORO,desnutricion aguda,desnutricion moderada (m),2007-07-01,0,0,1,1,1,1,2
30302,MOROCHATA,desnutricion aguda,desnutricion moderada (m),2007-07-01,13,17,9,11,22,28,50
90401,NACEBE (SANTA ROSA DEL ABUNA),desnutricion aguda,desnutricion moderada (m),2007-07-01,0,3,0,2,0,5,5
90501,NUEVO MANOA (NUEVA ESPERANZA),desnutricion aguda,desnutricion moderada (m),2007-07-01,0,0,1,1,1,1,2
50404,OCURI,desnutricion aguda,desnutricion moderada (m),2007-07-01,17,17,8,27,25,44,69
70202,OKINAWA,desnutricion aguda,desnutricion moderada (m),2007-07-01,0,0,0,1,0,1,1
30203,OMEREQUE,desnutricion aguda,desnutricion moderada (m),2007-07-01,0,2,0,1,0,3,3
40101,ORURO,desnutricion aguda,desnutricion moderada (m),2007-07-01,24,17,7,6,31,23,54
60201,PADCAYA,desnutricion aguda,desnutricion moderada (m),2007-07-01,0,1,0,0,0,1,1
10401,PADILLA,desnutricion aguda,desnutricion moderada (m),2007-07-01,14,6,3,12,17,18,35
70502,PAILON,desnutricion aguda,desnutricion moderada (m),2007-07-01,1,2,0,1,1,3,4
20102,PALCA,desnutricion aguda,desnutricion moderada (m),2007-07-01,2,4,1,1,3,5,8
40802,PAMPA AULLAGAS,desnutricion aguda,desnutricion moderada (m),2007-07-01,1,1,0,0,1,1,2
70902,PAMPA GRANDE,desnutricion aguda,desnutricion moderada (m),2007-07-01,0,0,2,1,2,1,3
30202,PASORAPA,desnutricion aguda,desnutricion moderada (m),2007-07-01,0,0,1,1,1,1,2
50403,POCOATA,desnutricion aguda,desnutricion moderada (m),2007-07-01,21,15,12,14,33,29,62
31203,POCONA,desnutricion aguda,desnutricion moderada (m),2007-07-01,2,4,2,4,4,8,12
31202,POJO (CBBA),desnutricion aguda,desnutricion moderada (m),2007-07-01,6,4,3,1,9,5,14
51203,PORCO,desnutricion aguda,desnutricion moderada (m),2007-07-01,1,4,2,2,3,6,9
10103,POROMA,desnutricion aguda,desnutricion moderada (m),2007-07-01,24,32,7,24,31,56,87
70601,PORTACHUELO,desnutricion aguda,desnutricion moderada (m),2007-07-01,1,3,0,2,1,5,6
90102,PORVENIR,desnutricion aguda,desnutricion moderada (m),2007-07-01,0,2,0,1,0,3,3
70804,POSTRER VALLE,desnutricion aguda,desnutricion moderada (m),2007-07-01,1,0,0,1,1,1,2
50101,POTOSI,desnutricion aguda,desnutricion moderada (m),2007-07-01,83,76,35,23,118,99,217
10302,PRESTO,desnutricion aguda,desnutricion moderada (m),2007-07-01,20,5,8,6,28,11,39
90301,PUERTO GONZALO MORENO,desnutricion aguda,desnutricion moderada (m),2007-07-01,5,2,1,1,6,3,9
71402,PUERTO QUIJARRO,desnutricion aguda,desnutricion moderada (m),2007-07-01,1,3,0,0,1,3,4
90201,PUERTO RICO,desnutricion aguda,desnutricion moderada (m),2007-07-01,7,2,5,1,12,3,15
80703,PUERTO SILES,desnutricion aguda,desnutricion moderada (m),2007-07-01,1,4,2,0,3,4,7
71401,PUERTO SUAREZ,desnutricion aguda,desnutricion moderada (m),2007-07-01,3,3,0,3,3,6,9
31205,PUERTO VILLARROEL,desnutricion aguda,desnutricion moderada (m),2007-07-01,14,15,17,7,31,22,53
51101,PUNA,desnutricion aguda,desnutricion moderada (m),2007-07-01,38,36,17,32,55,68,123
31401,PUNATA,desnutricion aguda,desnutricion moderada (m),2007-07-01,7,6,2,4,9,10,19
30901,QUILLACOLLO,desnutricion aguda,desnutricion moderada (m),2007-07-01,11,4,4,5,15,9,24
21002,QUIME,desnutricion aguda,desnutricion moderada (m),2007-07-01,1,0,0,0,1,0,1
70904,QUIRUSILLAS,desnutricion aguda,desnutricion moderada (m),2007-07-01,0,1,1,2,1,3,4
50402,RAVELO,desnutricion aguda,desnutricion moderada (m),2007-07-01,30,18,19,24,49,42,91
80301,REYES,desnutricion aguda,desnutricion moderada (m),2007-07-01,6,2,0,0,6,2,8
80201,RIBERALTA,desnutricion aguda,desnutricion moderada (m),2007-07-01,41,62,16,16,57,78,135
70503,ROBORE,desnutricion aguda,desnutricion moderada (m),2007-07-01,1,2,1,0,2,2,4
31001,SACABA,desnutricion aguda,desnutricion moderada (m),2007-07-01,21,18,12,13,33,31,64
30404,SACABAMBA,desnutricion aguda,desnutricion moderada (m),2007-07-01,1,2,0,0,1,2,3
50701,SACACA,desnutricion aguda,desnutricion moderada (m),2007-07-01,19,9,19,31,38,40,78
71302,SAIPINA,desnutricion aguda,desnutricion moderada (m),2007-07-01,2,0,1,1,3,1,4
40801,SALINAS DE GARCI MENDOZA,desnutricion aguda,desnutricion moderada (m),2007-07-01,0,1,1,1,1,2,3
70901,SAMAIPATA,desnutricion aguda,desnutricion moderada (m),2007-07-01,1,1,1,0,2,1,3
80602,SAN ANDRES,desnutricion aguda,desnutricion moderada (m),2007-07-01,2,2,3,0,5,2,7
71105,SAN ANTONIO DE LOMERIO,desnutricion aguda,desnutricion moderada (m),2007-07-01,11,7,5,8,16,15,31
31403,SAN BENITO,desnutricion aguda,desnutricion moderada (m),2007-07-01,1,1,3,2,4,3,7
80302,SAN BORJA,desnutricion aguda,desnutricion moderada (m),2007-07-01,17,17,8,9,25,26,51
70402,SAN CARLOS,desnutricion aguda,desnutricion moderada (m),2007-07-01,5,3,5,4,10,7,17
80501,SAN IGNACIO,desnutricion aguda,desnutricion moderada (m),2007-07-01,10,13,2,2,12,15,27
70301,SAN IGNACIO DE VELASCO,desnutricion aguda,desnutricion moderada (m),2007-07-01,25,28,15,29,40,57,97
80102,SAN JAVIER(BNI),desnutricion aguda,desnutricion moderada (m),2007-07-01,0,1,0,0,0,1,1
71102,SAN JAVIER(STC),desnutricion aguda,desnutricion moderada (m),2007-07-01,1,0,0,0,1,0,1
80701,SAN JOAQUIN,desnutricion aguda,desnutricion moderada (m),2007-07-01,0,0,0,1,0,1,1
70501,SAN JOSE DE CHIQUITOS,desnutricion aguda,desnutricion moderada (m),2007-07-01,1,4,2,2,3,6,9
70404,SAN JUAN DE YAPACANI,desnutricion aguda,desnutricion moderada (m),2007-07-01,0,4,1,1,1,5,6
71104,SAN JULIAN,desnutricion aguda,desnutricion moderada (m),2007-07-01,5,4,4,3,9,7,16
90302,SAN LORENZO(PND),desnutricion aguda,desnutricion moderada (m),2007-07-01,2,0,1,0,3,0,3
60501,SAN LORENZO(TJA),desnutricion aguda,desnutricion moderada (m),2007-07-01,3,6,7,6,10,12,22
10702,SAN LUCAS,desnutricion aguda,desnutricion moderada (m),2007-07-01,62,62,38,52,100,114,214
70302,SAN MIGUEL DE VELASCO,desnutricion aguda,desnutricion moderada (m),2007-07-01,2,0,1,0,3,0,3
51001,SAN PABLO DE LIPEZ,desnutricion aguda,desnutricion moderada (m),2007-07-01,1,1,0,0,1,1,2
71005,SAN PEDRO,desnutricion aguda,desnutricion moderada (m),2007-07-01,1,2,0,0,1,2,3
50501,SAN PEDRO DE BUENA VISTA,desnutricion aguda,desnutricion moderada (m),2007-07-01,29,23,18,22,47,45,92
90202,SAN PEDRO(PND),desnutricion aguda,desnutricion moderada (m),2007-07-01,4,1,0,1,4,2,6
70303,SAN RAFAEL,desnutricion aguda,desnutricion moderada (m),2007-07-01,0,2,1,1,1,3,4
80702,SAN RAMON,desnutricion aguda,desnutricion moderada (m),2007-07-01,0,5,1,1,1,6,7
80401,SANTA ANA,desnutricion aguda,desnutricion moderada (m),2007-07-01,6,1,1,1,7,2,9
70101,SANTA CRUZ DE LA SIERRA,desnutricion aguda,desnutricion moderada (m),2007-07-01,48,47,10,22,58,69,127
80303,SANTA ROSA,desnutricion aguda,desnutricion moderada (m),2007-07-01,0,1,1,1,1,2,3
70602,SANTA ROSA DEL SARA,desnutricion aguda,desnutricion moderada (m),2007-07-01,3,4,0,0,3,4,7
41401,SANTIAGO DE HUARI,desnutricion aguda,desnutricion moderada (m),2007-07-01,3,0,0,0,3,0,3
30702,SANTIVAÑES,desnutricion aguda,desnutricion moderada (m),2007-07-01,0,1,0,2,0,3,3
40202,SANTUARIO DE QUILLACAS,desnutricion aguda,desnutricion moderada (m),2007-07-01,1,0,0,0,1,0,1
90303,SENA,desnutricion aguda,desnutricion moderada (m),2007-07-01,0,2,0,0,0,2,2
30703,SICAYA,desnutricion aguda,desnutricion moderada (m),2007-07-01,0,1,3,0,3,1,4
30902,SIPE SIPE,desnutricion aguda,desnutricion moderada (m),2007-07-01,10,11,2,5,12,16,28
10403,SOPACHUY,desnutricion aguda,desnutricion moderada (m),2007-07-01,7,13,7,27,14,40,54
40104,SORACACHI,desnutricion aguda,desnutricion moderada (m),2007-07-01,2,2,2,0,4,2,6
10101,SUCRE,desnutricion aguda,desnutricion moderada (m),2007-07-01,47,39,32,40,79,79,158
50303,TACOBAMBA,desnutricion aguda,desnutricion moderada (m),2007-07-01,15,15,4,8,19,23,42
30602,TACOPAYA,desnutricion aguda,desnutricion moderada (m),2007-07-01,7,7,5,8,12,15,27
51402,TAHUA,desnutricion aguda,desnutricion moderada (m),2007-07-01,0,0,1,0,1,0,1
31101,TAPACARI,desnutricion aguda,desnutricion moderada (m),2007-07-01,23,25,13,10,36,35,71
10601,TARABUCO,desnutricion aguda,desnutricion moderada (m),2007-07-01,55,45,28,45,83,90,173
30401,TARATA,desnutricion aguda,desnutricion moderada (m),2007-07-01,3,4,1,1,4,5,9
60101,TARIJA,desnutricion aguda,desnutricion moderada (m),2007-07-01,20,16,11,10,31,26,57
10202,TARVITA,desnutricion aguda,desnutricion moderada (m),2007-07-01,23,29,35,34,58,63,121
50102,TINGUIPAYA,desnutricion aguda,desnutricion moderada (m),2007-07-01,13,16,17,12,30,28,58
30903,TIQUIPAYA,desnutricion aguda,desnutricion moderada (m),2007-07-01,2,3,3,6,5,9,14
31601,TIRAQUE (CBBA),desnutricion aguda,desnutricion moderada (m),2007-07-01,13,13,18,19,31,32,63
30802,TOCO,desnutricion aguda,desnutricion moderada (m),2007-07-01,0,3,1,1,1,4,5
51202,TOMAVE,desnutricion aguda,desnutricion moderada (m),2007-07-01,2,7,3,4,5,11,16
10402,TOMINA,desnutricion aguda,desnutricion moderada (m),2007-07-01,20,13,14,16,34,29,63
50502,TORO TORO,desnutricion aguda,desnutricion moderada (m),2007-07-01,11,6,2,5,13,11,24
31201,TOTORA(CBBA),desnutricion aguda,desnutricion moderada (m),2007-07-01,10,4,3,2,13,6,19
41301,TOTORA(ORR),desnutricion aguda,desnutricion moderada (m),2007-07-01,1,0,2,0,3,0,3
70802,TRIGAL,desnutricion aguda,desnutricion moderada (m),2007-07-01,2,0,0,0,2,0,2
80101,TRINIDAD,desnutricion aguda,desnutricion moderada (m),2007-07-01,27,23,13,12,40,35,75
50801,TUPIZA,desnutricion aguda,desnutricion moderada (m),2007-07-01,7,5,8,10,15,15,30
40402,TURCO,desnutricion aguda,desnutricion moderada (m),2007-07-01,1,0,0,0,1,0,1
50201,UNCIA,desnutricion aguda,desnutricion moderada (m),2007-07-01,22,10,15,7,37,17,54
60401,URIONDO (A. CONCEPCION),desnutricion aguda,desnutricion moderada (m),2007-07-01,1,0,1,3,2,3,5
51201,UYUNI,desnutricion aguda,desnutricion moderada (m),2007-07-01,7,8,5,8,12,16,28
30502,VACAS,desnutricion aguda,desnutricion moderada (m),2007-07-01,3,5,1,2,4,7,11
70801,VALLEGRANDE,desnutricion aguda,desnutricion moderada (m),2007-07-01,2,3,0,2,2,5,7
20801,VIACHA,desnutricion aguda,desnutricion moderada (m),2007-07-01,5,5,5,4,10,9,19
31302,VILA VILA,desnutricion aguda,desnutricion moderada (m),2007-07-01,3,0,4,4,7,4,11
60303,VILLA MONTES,desnutricion aguda,desnutricion moderada (m),2007-07-01,1,3,0,1,1,4,5
90502,VILLA NUEVA (LOMA ALTA),desnutricion aguda,desnutricion moderada (m),2007-07-01,4,6,1,4,5,10,15
31402,VILLA RIVERO,desnutricion aguda,desnutricion moderada (m),2007-07-01,0,0,1,1,1,1,2
10801,VILLA SERRANO,desnutricion aguda,desnutricion moderada (m),2007-07-01,9,4,8,7,17,11,28
31003,VILLA TUNARI,desnutricion aguda,desnutricion moderada (m),2007-07-01,20,10,12,13,32,23,55
11001,VILLA VACA GUZMAN (MUYUPAMPA),desnutricion aguda,desnutricion moderada (m),2007-07-01,1,1,0,0,1,1,2
51501,VILLAZON,desnutricion aguda,desnutricion moderada (m),2007-07-01,19,16,7,11,26,27,53
30904,VINTO,desnutricion aguda,desnutricion moderada (m),2007-07-01,0,1,0,1,0,2,2
50602,VITICHI,desnutricion aguda,desnutricion moderada (m),2007-07-01,12,15,11,20,23,35,58
70201,WARNES,desnutricion aguda,desnutricion moderada (m),2007-07-01,5,2,1,1,6,3,9
60301,YACUIBA,desnutricion aguda,desnutricion moderada (m),2007-07-01,3,7,6,5,9,12,21
10602,YAMPARAEZ,desnutricion aguda,desnutricion moderada (m),2007-07-01,9,11,17,18,26,29,55
70403,YAPACANI,desnutricion aguda,desnutricion moderada (m),2007-07-01,8,7,3,3,11,10,21
50103,YOCALLA,desnutricion aguda,desnutricion moderada (m),2007-07-01,3,0,2,0,5,0,5
10102,YOTALA,desnutricion aguda,desnutricion moderada (m),2007-07-01,1,0,0,0,1,0,1
60402,YUNCHARA,desnutricion aguda,desnutricion moderada (m),2007-07-01,9,0,6,4,15,4,19
10301,ZUDAÑEZ,desnutricion aguda,desnutricion moderada (m),2007-07-01,11,8,10,12,21,20,41
51302,ACACIO,desnutricion aguda,desnutricion moderada (m),2007-08-01,5,8,10,10,15,18,33
30201,AIQUILE,desnutricion aguda,desnutricion moderada (m),2007-08-01,6,11,6,14,12,25,37
31303,ALALAY,desnutricion aguda,desnutricion moderada (m),2007-08-01,5,6,1,7,6,13,19
10404,ALCALA,desnutricion aguda,desnutricion moderada (m),2007-08-01,0,6,3,0,3,6,9
41201,ANDAMARCA,desnutricion aguda,desnutricion moderada (m),2007-08-01,1,0,0,0,1,0,1
40603,ANTEQUERA,desnutricion aguda,desnutricion moderada (m),2007-08-01,0,1,0,3,0,4,4
30402,ANZALDO,desnutricion aguda,desnutricion moderada (m),2007-08-01,3,4,0,0,3,4,7
51301,ARAMPAMPA,desnutricion aguda,desnutricion moderada (m),2007-08-01,14,13,9,11,23,24,47
30501,ARANI,desnutricion aguda,desnutricion moderada (m),2007-08-01,3,1,1,1,4,2,6
30403,ARBIETO,desnutricion aguda,desnutricion moderada (m),2007-08-01,0,1,1,0,1,1,2
30601,ARQUE,desnutricion aguda,desnutricion moderada (m),2007-08-01,23,18,16,15,39,33,72
71501,ASCENCION DE GUARAYOS,desnutricion aguda,desnutricion moderada (m),2007-08-01,9,23,6,17,15,40,55
50802,ATOCHA,desnutricion aguda,desnutricion moderada (m),2007-08-01,2,3,0,1,2,4,6
30301,AYOPAYA (V. DE INDEPENDENCIA),desnutricion aguda,desnutricion moderada (m),2007-08-01,10,17,7,12,17,29,46
10201,AZURDUY,desnutricion aguda,desnutricion moderada (m),2007-08-01,14,28,10,24,24,52,76
80802,BAURES,desnutricion aguda,desnutricion moderada (m),2007-08-01,1,3,1,1,2,4,6
41202,BELEN DE ANDAMARCA,desnutricion aguda,desnutricion moderada (m),2007-08-01,2,0,0,1,2,1,3
50104,BELEN DE URMIRI,desnutricion aguda,desnutricion moderada (m),2007-08-01,2,0,0,0,2,0,2
90104,BELLA FLOR,desnutricion aguda,desnutricion moderada (m),2007-08-01,1,2,1,0,2,2,4
60202,BERMEJO,desnutricion aguda,desnutricion moderada (m),2007-08-01,2,0,3,2,5,2,7
50301,BETANZOS,desnutricion aguda,desnutricion moderada (m),2007-08-01,27,27,25,20,52,47,99
31501,BOLIVAR,desnutricion aguda,desnutricion moderada (m),2007-08-01,8,14,10,9,18,23,41
90103,BOLPEBRA,desnutricion aguda,desnutricion moderada (m),2007-08-01,0,0,0,1,0,1,1
70707,BOYUIBE,desnutricion aguda,desnutricion moderada (m),2007-08-01,0,0,0,1,0,1,1
70401,BUENA VISTA,desnutricion aguda,desnutricion moderada (m),2007-08-01,1,0,1,0,2,0,2
70703,CABEZAS,desnutricion aguda,desnutricion moderada (m),2007-08-01,2,3,3,5,5,8,13
51102,"CAIZA ""D""",desnutricion aguda,desnutricion moderada (m),2007-08-01,5,3,4,5,9,8,17
21003,CAJUATA,desnutricion aguda,desnutricion moderada (m),2007-08-01,1,2,0,1,1,3,4
10701,CAMARGO,desnutricion aguda,desnutricion moderada (m),2007-08-01,9,9,6,19,15,28,43
10901,CAMATAQUI (C. VILLA ABECIA),desnutricion aguda,desnutricion moderada (m),2007-08-01,1,0,2,2,3,2,5
70706,CAMIRI,desnutricion aguda,desnutricion moderada (m),2007-08-01,5,9,5,5,10,14,24
30701,CAPINOTA,desnutricion aguda,desnutricion moderada (m),2007-08-01,6,10,6,6,12,16,28
40102,CARACOLLO,desnutricion aguda,desnutricion moderada (m),2007-08-01,2,1,1,1,3,2,5
60302,CARAPARI,desnutricion aguda,desnutricion moderada (m),2007-08-01,1,2,1,4,2,6,8
50702,CARIPUYO,desnutricion aguda,desnutricion moderada (m),2007-08-01,13,10,16,13,29,23,52
71403,CARMEN RIVERO TORREZ,desnutricion aguda,desnutricion moderada (m),2007-08-01,6,5,1,1,7,6,13
40201,CHALLAPATA,desnutricion aguda,desnutricion moderada (m),2007-08-01,8,9,4,6,12,15,27
50302,CHAQUI,desnutricion aguda,desnutricion moderada (m),2007-08-01,1,1,3,0,4,1,5
70702,CHARAGUA,desnutricion aguda,desnutricion moderada (m),2007-08-01,1,3,1,4,2,7,9
50202,CHAYANTA,desnutricion aguda,desnutricion moderada (m),2007-08-01,23,23,21,32,44,55,99
31204,CHIMORE,desnutricion aguda,desnutricion moderada (m),2007-08-01,10,3,4,2,14,5,19
40302,CHOQUE COTA,desnutricion aguda,desnutricion moderada (m),2007-08-01,1,0,0,1,1,1,2
90101,COBIJA,desnutricion aguda,desnutricion moderada (m),2007-08-01,11,16,1,2,12,18,30
30101,COCHABAMBA,desnutricion aguda,desnutricion moderada (m),2007-08-01,77,96,49,47,126,143,269
40902,COIPASA,desnutricion aguda,desnutricion moderada (m),2007-08-01,1,0,0,0,1,0,1
30905,COLCAPIRHUA,desnutricion aguda,desnutricion moderada (m),2007-08-01,13,7,7,4,20,11,31
50901,"COLCHA ""K""",desnutricion aguda,desnutricion moderada (m),2007-08-01,2,1,1,0,3,1,4
31002,COLOMI,desnutricion aguda,desnutricion moderada (m),2007-08-01,5,10,5,5,10,15,25
70603,COLPA BELGICA,desnutricion aguda,desnutricion moderada (m),2007-08-01,1,1,0,0,1,1,2
50401,COLQUECHACA,desnutricion aguda,desnutricion moderada (m),2007-08-01,21,27,19,13,40,40,80
21004,COLQUIRI,desnutricion aguda,desnutricion moderada (m),2007-08-01,4,1,0,0,4,1,5
71301,COMARAPA,desnutricion aguda,desnutricion moderada (m),2007-08-01,6,5,2,5,8,10,18
71101,CONCEPCION,desnutricion aguda,desnutricion moderada (m),2007-08-01,2,3,1,2,3,5,8
40301,CORQUE,desnutricion aguda,desnutricion moderada (m),2007-08-01,0,1,1,0,1,1,2
50601,COTAGAITA,desnutricion aguda,desnutricion moderada (m),2007-08-01,13,23,10,16,23,39,62
70102,COTOCA,desnutricion aguda,desnutricion moderada (m),2007-08-01,4,8,6,6,10,14,24
71106,CUATRO CAÑADAS,desnutricion aguda,desnutricion moderada (m),2007-08-01,1,4,1,1,2,5,7
31405,CUCHUMUELA (V. G. VILLARROEL),desnutricion aguda,desnutricion moderada (m),2007-08-01,1,2,2,2,3,4,7
10902,CULPINA,desnutricion aguda,desnutricion moderada (m),2007-08-01,13,14,8,8,21,22,43
40401,CURAHUARA DE CARANGAS,desnutricion aguda,desnutricion moderada (m),2007-08-01,1,1,0,0,1,1,2
21602,CURVA,desnutricion aguda,desnutricion moderada (m),2007-08-01,4,2,2,1,6,3,9
40103,EL CHORO,desnutricion aguda,desnutricion moderada (m),2007-08-01,0,0,0,1,0,1,1
71503,EL PUENTE(STC),desnutricion aguda,desnutricion moderada (m),2007-08-01,5,2,3,0,8,2,10
60502,EL PUENTE(TJA),desnutricion aguda,desnutricion moderada (m),2007-08-01,0,1,1,1,1,2,3
70105,EL TORNO,desnutricion aguda,desnutricion moderada (m),2007-08-01,4,3,3,1,7,4,11
10405,EL VILLAR,desnutricion aguda,desnutricion moderada (m),2007-08-01,2,9,4,6,6,15,21
60601,ENTRE RIOS,desnutricion aguda,desnutricion moderada (m),2007-08-01,7,6,2,4,9,10,19
60601,ENTRE RIOS,desnutricion aguda,desnutricion moderada (m),2007-08-01,2,0,3,2,5,2,7
71004,FERNANDEZ ALONSO,desnutricion aguda,desnutricion moderada (m),2007-08-01,2,0,0,0,2,0,2
90203,FILADELFIA,desnutricion aguda,desnutricion moderada (m),2007-08-01,0,2,0,0,0,2,2
71002,GENERAL SAAVEDRA,desnutricion aguda,desnutricion moderada (m),2007-08-01,3,7,5,4,8,11,19
80202,GUAYARAMERIN,desnutricion aguda,desnutricion moderada (m),2007-08-01,23,22,7,6,30,28,58
70705,GUTIERREZ,desnutricion aguda,desnutricion moderada (m),2007-08-01,9,5,5,4,14,9,23
10502,HUACARETA,desnutricion aguda,desnutricion moderada (m),2007-08-01,5,3,2,4,7,7,14
11002,HUACAYA (VILLA DE HUACAYA),desnutricion aguda,desnutricion moderada (m),2007-08-01,0,0,1,1,1,1,2
40701,HUANUNI,desnutricion aguda,desnutricion moderada (m),2007-08-01,1,2,1,0,2,2,4
80803,HUARACAJE,desnutricion aguda,desnutricion moderada (m),2007-08-01,1,1,1,1,2,2,4
41601,HUAYLLAMARCA,desnutricion aguda,desnutricion moderada (m),2007-08-01,0,2,1,1,1,3,4
10304,ICLA,desnutricion aguda,desnutricion moderada (m),2007-08-01,27,31,16,23,43,54,97
10703,INCAHUASI,desnutricion aguda,desnutricion moderada (m),2007-08-01,33,31,41,24,74,55,129
90402,INGAVI (HUMAITA),desnutricion aguda,desnutricion moderada (m),2007-08-01,1,0,0,0,1,0,1
21001,INQUISIVI,desnutricion aguda,desnutricion moderada (m),2007-08-01,4,1,0,1,4,2,6
70104,LA GUARDIA,desnutricion aguda,desnutricion moderada (m),2007-08-01,7,13,3,5,10,18,28
70701,LAGUNILLAS,desnutricion aguda,desnutricion moderada (m),2007-08-01,4,1,0,1,4,2,6
10903,LAS CARRERAS,desnutricion aguda,desnutricion moderada (m),2007-08-01,0,2,1,0,1,2,3
50203,LLALLAGUA,desnutricion aguda,desnutricion moderada (m),2007-08-01,29,19,27,22,56,41,97
51401,LLICA,desnutricion aguda,desnutricion moderada (m),2007-08-01,2,1,0,1,2,2,4
80601,LORETO,desnutricion aguda,desnutricion moderada (m),2007-08-01,2,2,1,3,3,5,8
11003,MACHARETI,desnutricion aguda,desnutricion moderada (m),2007-08-01,3,2,1,2,4,4,8
80801,MAGDALENA,desnutricion aguda,desnutricion moderada (m),2007-08-01,0,3,0,0,0,3,3
70903,MAIRANA,desnutricion aguda,desnutricion moderada (m),2007-08-01,0,0,1,1,1,1,2
20103,MECAPACA,desnutricion aguda,desnutricion moderada (m),2007-08-01,1,2,3,2,4,4,8
71003,MINEROS,desnutricion aguda,desnutricion moderada (m),2007-08-01,3,7,0,2,3,9,12
31301,MIZQUE,desnutricion aguda,desnutricion moderada (m),2007-08-01,11,21,2,10,13,31,44
10303,MOJOCOYA,desnutricion aguda,desnutricion moderada (m),2007-08-01,3,5,0,5,3,10,13
10501,MONTEAGUDO,desnutricion aguda,desnutricion moderada (m),2007-08-01,5,13,5,4,10,17,27
71001,MONTERO,desnutricion aguda,desnutricion moderada (m),2007-08-01,20,22,13,16,33,38,71
70803,MORO MORO,desnutricion aguda,desnutricion moderada (m),2007-08-01,1,1,1,1,2,2,4
30302,MOROCHATA,desnutricion aguda,desnutricion moderada (m),2007-08-01,16,22,13,19,29,41,70
90401,NACEBE (SANTA ROSA DEL ABUNA),desnutricion aguda,desnutricion moderada (m),2007-08-01,0,0,0,1,0,1,1
90501,NUEVO MANOA (NUEVA ESPERANZA),desnutricion aguda,desnutricion moderada (m),2007-08-01,0,1,1,0,1,1,2
50404,OCURI,desnutricion aguda,desnutricion moderada (m),2007-08-01,10,10,11,11,21,21,42
70202,OKINAWA,desnutricion aguda,desnutricion moderada (m),2007-08-01,3,3,1,1,4,4,8
30203,OMEREQUE,desnutricion aguda,desnutricion moderada (m),2007-08-01,1,0,1,0,2,0,2
40101,ORURO,desnutricion aguda,desnutricion moderada (m),2007-08-01,29,16,4,11,33,27,60
60201,PADCAYA,desnutricion aguda,desnutricion moderada (m),2007-08-01,2,4,2,2,4,6,10
10401,PADILLA,desnutricion aguda,desnutricion moderada (m),2007-08-01,12,6,6,14,18,20,38
70502,PAILON,desnutricion aguda,desnutricion moderada (m),2007-08-01,7,5,3,3,10,8,18
20102,PALCA,desnutricion aguda,desnutricion moderada (m),2007-08-01,3,0,0,0,3,0,3
70902,PAMPA GRANDE,desnutricion aguda,desnutricion moderada (m),2007-08-01,0,0,0,1,0,1,1
30202,PASORAPA,desnutricion aguda,desnutricion moderada (m),2007-08-01,1,1,2,1,3,2,5
40602,PAZÑA,desnutricion aguda,desnutricion moderada (m),2007-08-01,1,0,0,0,1,0,1
50403,POCOATA,desnutricion aguda,desnutricion moderada (m),2007-08-01,15,21,11,15,26,36,62
31203,POCONA,desnutricion aguda,desnutricion moderada (m),2007-08-01,1,4,2,5,3,9,12
31202,POJO (CBBA),desnutricion aguda,desnutricion moderada (m),2007-08-01,2,2,0,1,2,3,5
40601,POOPO,desnutricion aguda,desnutricion moderada (m),2007-08-01,0,0,0,1,0,1,1
51203,PORCO,desnutricion aguda,desnutricion moderada (m),2007-08-01,3,11,1,4,4,15,19
10103,POROMA,desnutricion aguda,desnutricion moderada (m),2007-08-01,33,23,21,18,54,41,95
70103,PORONGO,desnutricion aguda,desnutricion moderada (m),2007-08-01,0,0,0,1,0,1,1
70601,PORTACHUELO,desnutricion aguda,desnutricion moderada (m),2007-08-01,3,2,0,0,3,2,5
90102,PORVENIR,desnutricion aguda,desnutricion moderada (m),2007-08-01,0,1,0,2,0,3,3
70804,POSTRER VALLE,desnutricion aguda,desnutricion moderada (m),2007-08-01,2,2,1,2,3,4,7
50101,POTOSI,desnutricion aguda,desnutricion moderada (m),2007-08-01,77,76,34,29,111,105,216
10302,PRESTO,desnutricion aguda,desnutricion moderada (m),2007-08-01,14,7,12,6,26,13,39
70805,PUCARA,desnutricion aguda,desnutricion moderada (m),2007-08-01,1,0,1,0,2,0,2
90301,PUERTO GONZALO MORENO,desnutricion aguda,desnutricion moderada (m),2007-08-01,8,5,4,5,12,10,22
71402,PUERTO QUIJARRO,desnutricion aguda,desnutricion moderada (m),2007-08-01,0,6,0,1,0,7,7
90201,PUERTO RICO,desnutricion aguda,desnutricion moderada (m),2007-08-01,4,5,6,1,10,6,16
71401,PUERTO SUAREZ,desnutricion aguda,desnutricion moderada (m),2007-08-01,2,2,0,0,2,2,4
31205,PUERTO VILLARROEL,desnutricion aguda,desnutricion moderada (m),2007-08-01,10,18,12,12,22,30,52
51101,PUNA,desnutricion aguda,desnutricion moderada (m),2007-08-01,41,46,18,41,59,87,146
31401,PUNATA,desnutricion aguda,desnutricion moderada (m),2007-08-01,4,5,2,2,6,7,13
30901,QUILLACOLLO,desnutricion aguda,desnutricion moderada (m),2007-08-01,7,14,11,8,18,22,40
21002,QUIME,desnutricion aguda,desnutricion moderada (m),2007-08-01,0,0,2,0,2,0,2
70904,QUIRUSILLAS,desnutricion aguda,desnutricion moderada (m),2007-08-01,0,0,0,1,0,1,1
50402,RAVELO,desnutricion aguda,desnutricion moderada (m),2007-08-01,49,32,27,31,76,63,139
80301,REYES,desnutricion aguda,desnutricion moderada (m),2007-08-01,1,0,2,1,3,1,4
80201,RIBERALTA,desnutricion aguda,desnutricion moderada (m),2007-08-01,46,79,19,29,65,108,173
70503,ROBORE,desnutricion aguda,desnutricion moderada (m),2007-08-01,2,0,1,3,3,3,6
80304,RURRENABAQUE,desnutricion aguda,desnutricion moderada (m),2007-08-01,0,4,0,1,0,5,5
31001,SACABA,desnutricion aguda,desnutricion moderada (m),2007-08-01,10,19,11,7,21,26,47
50701,SACACA,desnutricion aguda,desnutricion moderada (m),2007-08-01,29,42,26,37,55,79,134
40801,SALINAS DE GARCI MENDOZA,desnutricion aguda,desnutricion moderada (m),2007-08-01,2,0,0,0,2,0,2
70901,SAMAIPATA,desnutricion aguda,desnutricion moderada (m),2007-08-01,2,0,0,1,2,1,3
80602,SAN ANDRES,desnutricion aguda,desnutricion moderada (m),2007-08-01,8,14,1,7,9,21,30
51003,SAN ANTONIO DE ESMORUCO,desnutricion aguda,desnutricion moderada (m),2007-08-01,0,2,0,1,0,3,3
71105,SAN ANTONIO DE LOMERIO,desnutricion aguda,desnutricion moderada (m),2007-08-01,9,11,3,4,12,15,27
31403,SAN BENITO,desnutricion aguda,desnutricion moderada (m),2007-08-01,1,1,2,2,3,3,6
80302,SAN BORJA,desnutricion aguda,desnutricion moderada (m),2007-08-01,19,26,24,21,43,47,90
70402,SAN CARLOS,desnutricion aguda,desnutricion moderada (m),2007-08-01,3,2,0,0,3,2,5
80501,SAN IGNACIO,desnutricion aguda,desnutricion moderada (m),2007-08-01,25,21,12,14,37,35,72
70301,SAN IGNACIO DE VELASCO,desnutricion aguda,desnutricion moderada (m),2007-08-01,47,37,28,36,75,73,148
80102,SAN JAVIER(BNI),desnutricion aguda,desnutricion moderada (m),2007-08-01,2,0,1,1,3,1,4
71102,SAN JAVIER(STC),desnutricion aguda,desnutricion moderada (m),2007-08-01,2,3,0,0,2,3,5
80701,SAN JOAQUIN,desnutricion aguda,desnutricion moderada (m),2007-08-01,1,0,0,0,1,0,1
70501,SAN JOSE DE CHIQUITOS,desnutricion aguda,desnutricion moderada (m),2007-08-01,3,1,6,3,9,4,13
70404,SAN JUAN DE YAPACANI,desnutricion aguda,desnutricion moderada (m),2007-08-01,1,0,0,0,1,0,1
71104,SAN JULIAN,desnutricion aguda,desnutricion moderada (m),2007-08-01,3,1,2,1,5,2,7
90302,SAN LORENZO(PND),desnutricion aguda,desnutricion moderada (m),2007-08-01,4,1,1,1,5,2,7
60501,SAN LORENZO(TJA),desnutricion aguda,desnutricion moderada (m),2007-08-01,7,7,9,10,16,17,33
10702,SAN LUCAS,desnutricion aguda,desnutricion moderada (m),2007-08-01,63,56,51,59,114,115,229
70302,SAN MIGUEL DE VELASCO,desnutricion aguda,desnutricion moderada (m),2007-08-01,0,1,0,2,0,3,3
51001,SAN PABLO DE LIPEZ,desnutricion aguda,desnutricion moderada (m),2007-08-01,2,1,2,1,4,2,6
71005,SAN PEDRO,desnutricion aguda,desnutricion moderada (m),2007-08-01,1,2,2,2,3,4,7
50501,SAN PEDRO DE BUENA VISTA,desnutricion aguda,desnutricion moderada (m),2007-08-01,33,18,21,22,54,40,94
90202,SAN PEDRO(PND),desnutricion aguda,desnutricion moderada (m),2007-08-01,3,1,0,1,3,2,5
70303,SAN RAFAEL,desnutricion aguda,desnutricion moderada (m),2007-08-01,0,2,1,0,1,2,3
80702,SAN RAMON,desnutricion aguda,desnutricion moderada (m),2007-08-01,6,4,3,2,9,6,15
80401,SANTA ANA,desnutricion aguda,desnutricion moderada (m),2007-08-01,3,1,0,0,3,1,4
70101,SANTA CRUZ DE LA SIERRA,desnutricion aguda,desnutricion moderada (m),2007-08-01,54,58,19,26,73,84,157
80303,SANTA ROSA,desnutricion aguda,desnutricion moderada (m),2007-08-01,3,3,0,0,3,3,6
70602,SANTA ROSA DEL SARA,desnutricion aguda,desnutricion moderada (m),2007-08-01,0,1,3,1,3,2,5
41401,SANTIAGO DE HUARI,desnutricion aguda,desnutricion moderada (m),2007-08-01,0,0,1,0,1,0,1
30702,SANTIVAÑES,desnutricion aguda,desnutricion moderada (m),2007-08-01,0,3,0,0,0,3,3
40202,SANTUARIO DE QUILLACAS,desnutricion aguda,desnutricion moderada (m),2007-08-01,2,0,0,4,2,4,6
90303,SENA,desnutricion aguda,desnutricion moderada (m),2007-08-01,4,1,0,0,4,1,5
30703,SICAYA,desnutricion aguda,desnutricion moderada (m),2007-08-01,0,1,2,0,2,1,3
30902,SIPE SIPE,desnutricion aguda,desnutricion moderada (m),2007-08-01,8,10,2,0,10,10,20
10403,SOPACHUY,desnutricion aguda,desnutricion moderada (m),2007-08-01,9,15,8,23,17,38,55
10101,SUCRE,desnutricion aguda,desnutricion moderada (m),2007-08-01,38,36,37,40,75,76,151
31404,TACACHI,desnutricion aguda,desnutricion moderada (m),2007-08-01,0,0,1,1,1,1,2
50303,TACOBAMBA,desnutricion aguda,desnutricion moderada (m),2007-08-01,5,10,2,6,7,16,23
30602,TACOPAYA,desnutricion aguda,desnutricion moderada (m),2007-08-01,11,10,16,17,27,27,54
31101,TAPACARI,desnutricion aguda,desnutricion moderada (m),2007-08-01,19,25,12,15,31,40,71
10601,TARABUCO,desnutricion aguda,desnutricion moderada (m),2007-08-01,55,52,41,50,96,102,198
30401,TARATA,desnutricion aguda,desnutricion moderada (m),2007-08-01,0,1,4,0,4,1,5
60101,TARIJA,desnutricion aguda,desnutricion moderada (m),2007-08-01,20,20,14,18,34,38,72
10202,TARVITA,desnutricion aguda,desnutricion moderada (m),2007-08-01,21,25,20,37,41,62,103
50102,TINGUIPAYA,desnutricion aguda,desnutricion moderada (m),2007-08-01,16,19,20,16,36,35,71
30903,TIQUIPAYA,desnutricion aguda,desnutricion moderada (m),2007-08-01,0,2,0,1,0,3,3
31601,TIRAQUE (CBBA),desnutricion aguda,desnutricion moderada (m),2007-08-01,19,21,15,9,34,30,64
30802,TOCO,desnutricion aguda,desnutricion moderada (m),2007-08-01,2,1,0,1,2,2,4
30803,TOLATA,desnutricion aguda,desnutricion moderada (m),2007-08-01,0,1,0,0,0,1,1
41001,TOLEDO,desnutricion aguda,desnutricion moderada (m),2007-08-01,1,1,0,2,1,3,4
51202,TOMAVE,desnutricion aguda,desnutricion moderada (m),2007-08-01,2,3,2,1,4,4,8
10402,TOMINA,desnutricion aguda,desnutricion moderada (m),2007-08-01,21,13,16,22,37,35,72
50502,TORO TORO,desnutricion aguda,desnutricion moderada (m),2007-08-01,16,11,7,9,23,20,43
31201,TOTORA(CBBA),desnutricion aguda,desnutricion moderada (m),2007-08-01,7,7,4,2,11,9,20
41301,TOTORA(ORR),desnutricion aguda,desnutricion moderada (m),2007-08-01,0,0,1,0,1,0,1
80101,TRINIDAD,desnutricion aguda,desnutricion moderada (m),2007-08-01,15,25,6,9,21,34,55
50801,TUPIZA,desnutricion aguda,desnutricion moderada (m),2007-08-01,9,7,16,13,25,20,45
40402,TURCO,desnutricion aguda,desnutricion moderada (m),2007-08-01,0,1,0,0,0,1,1
50201,UNCIA,desnutricion aguda,desnutricion moderada (m),2007-08-01,25,21,13,14,38,35,73
60401,URIONDO (A. CONCEPCION),desnutricion aguda,desnutricion moderada (m),2007-08-01,1,5,0,5,1,10,11
71502,URUBICHA,desnutricion aguda,desnutricion moderada (m),2007-08-01,2,3,5,4,7,7,14
51201,UYUNI,desnutricion aguda,desnutricion moderada (m),2007-08-01,3,3,0,3,3,6,9
30502,VACAS,desnutricion aguda,desnutricion moderada (m),2007-08-01,6,6,6,5,12,11,23
70801,VALLEGRANDE,desnutricion aguda,desnutricion moderada (m),2007-08-01,0,1,0,0,0,1,1
20801,VIACHA,desnutricion aguda,desnutricion moderada (m),2007-08-01,2,5,3,3,5,8,13
60303,VILLA MONTES,desnutricion aguda,desnutricion moderada (m),2007-08-01,1,4,2,1,3,5,8
90502,VILLA NUEVA (LOMA ALTA),desnutricion aguda,desnutricion moderada (m),2007-08-01,3,9,1,4,4,13,17
31402,VILLA RIVERO,desnutricion aguda,desnutricion moderada (m),2007-08-01,2,3,0,2,2,5,7
10801,VILLA SERRANO,desnutricion aguda,desnutricion moderada (m),2007-08-01,8,7,11,11,19,18,37
31003,VILLA TUNARI,desnutricion aguda,desnutricion moderada (m),2007-08-01,19,19,2,16,21,35,56
11001,VILLA VACA GUZMAN (MUYUPAMPA),desnutricion aguda,desnutricion moderada (m),2007-08-01,1,0,1,0,2,0,2
51501,VILLAZON,desnutricion aguda,desnutricion moderada (m),2007-08-01,19,23,13,16,32,39,71
30904,VINTO,desnutricion aguda,desnutricion moderada (m),2007-08-01,1,1,0,1,1,2,3
50602,VITICHI,desnutricion aguda,desnutricion moderada (m),2007-08-01,7,6,7,8,14,14,28
70201,WARNES,desnutricion aguda,desnutricion moderada (m),2007-08-01,3,10,1,10,4,20,24
60301,YACUIBA,desnutricion aguda,desnutricion moderada (m),2007-08-01,4,3,3,5,7,8,15
10602,YAMPARAEZ,desnutricion aguda,desnutricion moderada (m),2007-08-01,8,4,10,21,18,25,43
70403,YAPACANI,desnutricion aguda,desnutricion moderada (m),2007-08-01,9,7,2,3,11,10,21
50103,YOCALLA,desnutricion aguda,desnutricion moderada (m),2007-08-01,3,2,0,0,3,2,5
10102,YOTALA,desnutricion aguda,desnutricion moderada (m),2007-08-01,3,0,0,0,3,0,3
60402,YUNCHARA,desnutricion aguda,desnutricion moderada (m),2007-08-01,3,3,7,5,10,8,18
10301,ZUDAÑEZ,desnutricion aguda,desnutricion moderada (m),2007-08-01,13,14,14,10,27,24,51
51302,ACACIO,desnutricion aguda,desnutricion moderada (m),2007-09-01,12,14,9,12,21,26,47
30201,AIQUILE,desnutricion aguda,desnutricion moderada (m),2007-09-01,9,7,18,17,27,24,51
31303,ALALAY,desnutricion aguda,desnutricion moderada (m),2007-09-01,5,2,0,3,5,5,10
10404,ALCALA,desnutricion aguda,desnutricion moderada (m),2007-09-01,4,8,5,6,9,14,23
41201,ANDAMARCA,desnutricion aguda,desnutricion moderada (m),2007-09-01,1,0,0,0,1,0,1
40603,ANTEQUERA,desnutricion aguda,desnutricion moderada (m),2007-09-01,5,0,0,3,5,3,8
30402,ANZALDO,desnutricion aguda,desnutricion moderada (m),2007-09-01,5,6,6,10,11,16,27
51301,ARAMPAMPA,desnutricion aguda,desnutricion moderada (m),2007-09-01,17,12,16,9,33,21,54
30501,ARANI,desnutricion aguda,desnutricion moderada (m),2007-09-01,3,4,3,5,6,9,15
30403,ARBIETO,desnutricion aguda,desnutricion moderada (m),2007-09-01,2,3,2,4,4,7,11
30601,ARQUE,desnutricion aguda,desnutricion moderada (m),2007-09-01,8,10,8,18,16,28,44
50802,ATOCHA,desnutricion aguda,desnutricion moderada (m),2007-09-01,1,2,4,2,5,4,9
30301,AYOPAYA (V. DE INDEPENDENCIA),desnutricion aguda,desnutricion moderada (m),2007-09-01,11,5,2,9,13,14,27
10201,AZURDUY,desnutricion aguda,desnutricion moderada (m),2007-09-01,12,24,13,14,25,38,63
80802,BAURES,desnutricion aguda,desnutricion moderada (m),2007-09-01,0,2,1,1,1,3,4
41202,BELEN DE ANDAMARCA,desnutricion aguda,desnutricion moderada (m),2007-09-01,1,1,0,0,1,1,2
50104,BELEN DE URMIRI,desnutricion aguda,desnutricion moderada (m),2007-09-01,1,1,1,0,2,1,3
90104,BELLA FLOR,desnutricion aguda,desnutricion moderada (m),2007-09-01,2,2,1,1,3,3,6
60202,BERMEJO,desnutricion aguda,desnutricion moderada (m),2007-09-01,3,1,5,4,8,5,13
50301,BETANZOS,desnutricion aguda,desnutricion moderada (m),2007-09-01,19,24,21,16,40,40,80
31501,BOLIVAR,desnutricion aguda,desnutricion moderada (m),2007-09-01,7,13,9,9,16,22,38
90103,BOLPEBRA,desnutricion aguda,desnutricion moderada (m),2007-09-01,1,0,0,2,1,2,3
70707,BOYUIBE,desnutricion aguda,desnutricion moderada (m),2007-09-01,1,2,1,0,2,2,4
70401,BUENA VISTA,desnutricion aguda,desnutricion moderada (m),2007-09-01,0,1,0,1,0,2,2
70703,CABEZAS,desnutricion aguda,desnutricion moderada (m),2007-09-01,4,0,0,2,4,2,6
51102,"CAIZA ""D""",desnutricion aguda,desnutricion moderada (m),2007-09-01,3,2,0,2,3,4,7
21003,CAJUATA,desnutricion aguda,desnutricion moderada (m),2007-09-01,2,2,4,0,6,2,8
10701,CAMARGO,desnutricion aguda,desnutricion moderada (m),2007-09-01,5,9,14,17,19,26,45
10901,CAMATAQUI (C. VILLA ABECIA),desnutricion aguda,desnutricion moderada (m),2007-09-01,1,0,3,0,4,0,4
70706,CAMIRI,desnutricion aguda,desnutricion moderada (m),2007-09-01,10,8,10,6,20,14,34
30701,CAPINOTA,desnutricion aguda,desnutricion moderada (m),2007-09-01,5,12,11,6,16,18,34
40102,CARACOLLO,desnutricion aguda,desnutricion moderada (m),2007-09-01,0,1,1,0,1,1,2
60302,CARAPARI,desnutricion aguda,desnutricion moderada (m),2007-09-01,0,1,0,0,0,1,1
50702,CARIPUYO,desnutricion aguda,desnutricion moderada (m),2007-09-01,14,21,10,17,24,38,62
71403,CARMEN RIVERO TORREZ,desnutricion aguda,desnutricion moderada (m),2007-09-01,2,5,2,1,4,6,10
40201,CHALLAPATA,desnutricion aguda,desnutricion moderada (m),2007-09-01,12,1,1,4,13,5,18
50302,CHAQUI,desnutricion aguda,desnutricion moderada (m),2007-09-01,3,2,0,1,3,3,6
70702,CHARAGUA,desnutricion aguda,desnutricion moderada (m),2007-09-01,2,1,2,2,4,3,7
50202,CHAYANTA,desnutricion aguda,desnutricion moderada (m),2007-09-01,11,17,14,14,25,31,56
31204,CHIMORE,desnutricion aguda,desnutricion moderada (m),2007-09-01,3,0,4,2,7,2,9
40302,CHOQUE COTA,desnutricion aguda,desnutricion moderada (m),2007-09-01,0,1,0,0,0,1,1
30801,CLIZA,desnutricion aguda,desnutricion moderada (m),2007-09-01,0,0,0,1,0,1,1
90101,COBIJA,desnutricion aguda,desnutricion moderada (m),2007-09-01,17,10,2,5,19,15,34
30101,COCHABAMBA,desnutricion aguda,desnutricion moderada (m),2007-09-01,67,51,35,34,102,85,187
40902,COIPASA,desnutricion aguda,desnutricion moderada (m),2007-09-01,0,1,0,0,0,1,1
30905,COLCAPIRHUA,desnutricion aguda,desnutricion moderada (m),2007-09-01,10,7,6,5,16,12,28
50901,"COLCHA ""K""",desnutricion aguda,desnutricion moderada (m),2007-09-01,2,4,0,1,2,5,7
31002,COLOMI,desnutricion aguda,desnutricion moderada (m),2007-09-01,4,3,1,3,5,6,11
70603,COLPA BELGICA,desnutricion aguda,desnutricion moderada (m),2007-09-01,0,2,0,0,0,2,2
50401,COLQUECHACA,desnutricion aguda,desnutricion moderada (m),2007-09-01,17,10,15,13,32,23,55
21004,COLQUIRI,desnutricion aguda,desnutricion moderada (m),2007-09-01,1,1,1,0,2,1,3
71301,COMARAPA,desnutricion aguda,desnutricion moderada (m),2007-09-01,2,2,1,6,3,8,11
71101,CONCEPCION,desnutricion aguda,desnutricion moderada (m),2007-09-01,1,2,0,1,1,3,4
40301,CORQUE,desnutricion aguda,desnutricion moderada (m),2007-09-01,0,0,1,0,1,0,1
50601,COTAGAITA,desnutricion aguda,desnutricion moderada (m),2007-09-01,7,14,6,9,13,23,36
70102,COTOCA,desnutricion aguda,desnutricion moderada (m),2007-09-01,7,9,13,10,20,19,39
71106,CUATRO CAÑADAS,desnutricion aguda,desnutricion moderada (m),2007-09-01,1,3,1,0,2,3,5
70704,CUEVO,desnutricion aguda,desnutricion moderada (m),2007-09-01,1,1,1,2,2,3,5
10902,CULPINA,desnutricion aguda,desnutricion moderada (m),2007-09-01,15,13,9,18,24,31,55
40103,EL CHORO,desnutricion aguda,desnutricion moderada (m),2007-09-01,1,0,0,0,1,0,1
71503,EL PUENTE(STC),desnutricion aguda,desnutricion moderada (m),2007-09-01,1,2,4,0,5,2,7
60502,EL PUENTE(TJA),desnutricion aguda,desnutricion moderada (m),2007-09-01,4,1,2,2,6,3,9
70105,EL TORNO,desnutricion aguda,desnutricion moderada (m),2007-09-01,0,8,0,7,0,15,15
10405,EL VILLAR,desnutricion aguda,desnutricion moderada (m),2007-09-01,1,10,4,7,5,17,22
60601,ENTRE RIOS,desnutricion aguda,desnutricion moderada (m),2007-09-01,1,4,5,4,6,8,14
60601,ENTRE RIOS,desnutricion aguda,desnutricion moderada (m),2007-09-01,3,5,7,5,10,10,20
41101,EUCALIPTUS,desnutricion aguda,desnutricion moderada (m),2007-09-01,1,0,0,0,1,0,1
90503,EUREKA (SANTOS MERCADO),desnutricion aguda,desnutricion moderada (m),2007-09-01,2,0,3,1,5,1,6
71004,FERNANDEZ ALONSO,desnutricion aguda,desnutricion moderada (m),2007-09-01,2,1,1,3,3,4,7
90203,FILADELFIA,desnutricion aguda,desnutricion moderada (m),2007-09-01,1,1,0,0,1,1,2
71002,GENERAL SAAVEDRA,desnutricion aguda,desnutricion moderada (m),2007-09-01,5,4,4,4,9,8,17
80202,GUAYARAMERIN,desnutricion aguda,desnutricion moderada (m),2007-09-01,15,12,4,8,19,20,39
70705,GUTIERREZ,desnutricion aguda,desnutricion moderada (m),2007-09-01,14,5,6,8,20,13,33
10502,HUACARETA,desnutricion aguda,desnutricion moderada (m),2007-09-01,1,3,1,3,2,6,8
11002,HUACAYA (VILLA DE HUACAYA),desnutricion aguda,desnutricion moderada (m),2007-09-01,0,0,1,0,1,0,1
40701,HUANUNI,desnutricion aguda,desnutricion moderada (m),2007-09-01,4,2,1,1,5,3,8
80803,HUARACAJE,desnutricion aguda,desnutricion moderada (m),2007-09-01,0,0,0,1,0,1,1
41601,HUAYLLAMARCA,desnutricion aguda,desnutricion moderada (m),2007-09-01,1,0,0,0,1,0,1
21005,ICHOCA,desnutricion aguda,desnutricion moderada (m),2007-09-01,0,1,0,1,0,2,2
10304,ICLA,desnutricion aguda,desnutricion moderada (m),2007-09-01,22,29,25,19,47,48,95
10703,INCAHUASI,desnutricion aguda,desnutricion moderada (m),2007-09-01,31,34,27,23,58,57,115
90402,INGAVI (HUMAITA),desnutricion aguda,desnutricion moderada (m),2007-09-01,1,0,1,0,2,0,2
21001,INQUISIVI,desnutricion aguda,desnutricion moderada (m),2007-09-01,8,5,0,1,8,6,14
70104,LA GUARDIA,desnutricion aguda,desnutricion moderada (m),2007-09-01,8,12,8,3,16,15,31
70701,LAGUNILLAS,desnutricion aguda,desnutricion moderada (m),2007-09-01,0,2,0,1,0,3,3
10903,LAS CARRERAS,desnutricion aguda,desnutricion moderada (m),2007-09-01,0,0,0,1,0,1,1
50203,LLALLAGUA,desnutricion aguda,desnutricion moderada (m),2007-09-01,12,16,16,13,28,29,57
51401,LLICA,desnutricion aguda,desnutricion moderada (m),2007-09-01,1,3,0,0,1,3,4
11003,MACHARETI,desnutricion aguda,desnutricion moderada (m),2007-09-01,1,4,1,5,2,9,11
80801,MAGDALENA,desnutricion aguda,desnutricion moderada (m),2007-09-01,1,1,0,0,1,1,2
70903,MAIRANA,desnutricion aguda,desnutricion moderada (m),2007-09-01,1,0,1,1,2,1,3
20103,MECAPACA,desnutricion aguda,desnutricion moderada (m),2007-09-01,0,2,0,0,0,2,2
71003,MINEROS,desnutricion aguda,desnutricion moderada (m),2007-09-01,4,3,0,1,4,4,8
31301,MIZQUE,desnutricion aguda,desnutricion moderada (m),2007-09-01,12,8,6,5,18,13,31
10303,MOJOCOYA,desnutricion aguda,desnutricion moderada (m),2007-09-01,0,1,1,0,1,1,2
10501,MONTEAGUDO,desnutricion aguda,desnutricion moderada (m),2007-09-01,6,9,9,8,15,17,32
71001,MONTERO,desnutricion aguda,desnutricion moderada (m),2007-09-01,13,19,12,11,25,30,55
70803,MORO MORO,desnutricion aguda,desnutricion moderada (m),2007-09-01,0,3,0,2,0,5,5
30302,MOROCHATA,desnutricion aguda,desnutricion moderada (m),2007-09-01,23,25,13,14,36,39,75
90501,NUEVO MANOA (NUEVA ESPERANZA),desnutricion aguda,desnutricion moderada (m),2007-09-01,1,1,1,2,2,3,5
50404,OCURI,desnutricion aguda,desnutricion moderada (m),2007-09-01,11,23,10,12,21,35,56
70202,OKINAWA,desnutricion aguda,desnutricion moderada (m),2007-09-01,1,0,1,0,2,0,2
40101,ORURO,desnutricion aguda,desnutricion moderada (m),2007-09-01,28,15,1,5,29,20,49
60201,PADCAYA,desnutricion aguda,desnutricion moderada (m),2007-09-01,1,1,2,2,3,3,6
10401,PADILLA,desnutricion aguda,desnutricion moderada (m),2007-09-01,6,6,8,7,14,13,27
70502,PAILON,desnutricion aguda,desnutricion moderada (m),2007-09-01,3,4,0,2,3,6,9
20102,PALCA,desnutricion aguda,desnutricion moderada (m),2007-09-01,6,2,0,0,6,2,8
70902,PAMPA GRANDE,desnutricion aguda,desnutricion moderada (m),2007-09-01,0,0,1,0,1,0,1
50403,POCOATA,desnutricion aguda,desnutricion moderada (m),2007-09-01,12,28,12,21,24,49,73
31203,POCONA,desnutricion aguda,desnutricion moderada (m),2007-09-01,3,5,3,1,6,6,12
31202,POJO (CBBA),desnutricion aguda,desnutricion moderada (m),2007-09-01,4,4,10,4,14,8,22
51203,PORCO,desnutricion aguda,desnutricion moderada (m),2007-09-01,7,7,1,3,8,10,18
10103,POROMA,desnutricion aguda,desnutricion moderada (m),2007-09-01,34,38,24,21,58,59,117
70103,PORONGO,desnutricion aguda,desnutricion moderada (m),2007-09-01,4,1,1,2,5,3,8
70601,PORTACHUELO,desnutricion aguda,desnutricion moderada (m),2007-09-01,0,2,0,4,0,6,6
90102,PORVENIR,desnutricion aguda,desnutricion moderada (m),2007-09-01,0,0,0,1,0,1,1
70804,POSTRER VALLE,desnutricion aguda,desnutricion moderada (m),2007-09-01,0,1,2,0,2,1,3
50101,POTOSI,desnutricion aguda,desnutricion moderada (m),2007-09-01,89,70,30,29,119,99,218
10302,PRESTO,desnutricion aguda,desnutricion moderada (m),2007-09-01,9,7,6,6,15,13,28
70805,PUCARA,desnutricion aguda,desnutricion moderada (m),2007-09-01,0,0,1,0,1,0,1
90301,PUERTO GONZALO MORENO,desnutricion aguda,desnutricion moderada (m),2007-09-01,6,5,5,4,11,9,20
71402,PUERTO QUIJARRO,desnutricion aguda,desnutricion moderada (m),2007-09-01,1,0,0,0,1,0,1
90201,PUERTO RICO,desnutricion aguda,desnutricion moderada (m),2007-09-01,8,3,5,0,13,3,16
80703,PUERTO SILES,desnutricion aguda,desnutricion moderada (m),2007-09-01,1,0,0,1,1,1,2
71401,PUERTO SUAREZ,desnutricion aguda,desnutricion moderada (m),2007-09-01,3,1,0,0,3,1,4
31205,PUERTO VILLARROEL,desnutricion aguda,desnutricion moderada (m),2007-09-01,30,21,10,12,40,33,73
51101,PUNA,desnutricion aguda,desnutricion moderada (m),2007-09-01,30,41,34,34,64,75,139
31401,PUNATA,desnutricion aguda,desnutricion moderada (m),2007-09-01,23,24,16,14,39,38,77
30901,QUILLACOLLO,desnutricion aguda,desnutricion moderada (m),2007-09-01,3,5,9,9,12,14,26
21002,QUIME,desnutricion aguda,desnutricion moderada (m),2007-09-01,0,0,1,0,1,0,1
70904,QUIRUSILLAS,desnutricion aguda,desnutricion moderada (m),2007-09-01,0,0,1,0,1,0,1
50402,RAVELO,desnutricion aguda,desnutricion moderada (m),2007-09-01,53,34,37,39,90,73,163
80301,REYES,desnutricion aguda,desnutricion moderada (m),2007-09-01,1,1,2,3,3,4,7
80201,RIBERALTA,desnutricion aguda,desnutricion moderada (m),2007-09-01,43,72,23,31,66,103,169
70503,ROBORE,desnutricion aguda,desnutricion moderada (m),2007-09-01,4,4,1,2,5,6,11
80304,RURRENABAQUE,desnutricion aguda,desnutricion moderada (m),2007-09-01,2,0,0,0,2,0,2
40901,SABAYA,desnutricion aguda,desnutricion moderada (m),2007-09-01,0,1,0,0,0,1,1
31001,SACABA,desnutricion aguda,desnutricion moderada (m),2007-09-01,12,17,11,15,23,32,55
30404,SACABAMBA,desnutricion aguda,desnutricion moderada (m),2007-09-01,1,1,0,0,1,1,2
50701,SACACA,desnutricion aguda,desnutricion moderada (m),2007-09-01,25,26,17,24,42,50,92
71302,SAIPINA,desnutricion aguda,desnutricion moderada (m),2007-09-01,1,1,0,0,1,1,2
40801,SALINAS DE GARCI MENDOZA,desnutricion aguda,desnutricion moderada (m),2007-09-01,0,1,2,0,2,1,3
70901,SAMAIPATA,desnutricion aguda,desnutricion moderada (m),2007-09-01,1,0,0,1,1,1,2
51601,SAN AGUSTIN,desnutricion aguda,desnutricion moderada (m),2007-09-01,0,1,0,1,0,2,2
80602,SAN ANDRES,desnutricion aguda,desnutricion moderada (m),2007-09-01,3,0,0,0,3,0,3
71105,SAN ANTONIO DE LOMERIO,desnutricion aguda,desnutricion moderada (m),2007-09-01,5,10,9,6,14,16,30
31403,SAN BENITO,desnutricion aguda,desnutricion moderada (m),2007-09-01,2,4,0,1,2,5,7
80302,SAN BORJA,desnutricion aguda,desnutricion moderada (m),2007-09-01,13,20,16,14,29,34,63
70402,SAN CARLOS,desnutricion aguda,desnutricion moderada (m),2007-09-01,11,3,3,2,14,5,19
80501,SAN IGNACIO,desnutricion aguda,desnutricion moderada (m),2007-09-01,10,12,3,3,13,15,28
70301,SAN IGNACIO DE VELASCO,desnutricion aguda,desnutricion moderada (m),2007-09-01,23,33,14,33,37,66,103
80102,SAN JAVIER(BNI),desnutricion aguda,desnutricion moderada (m),2007-09-01,1,0,1,1,2,1,3
71102,SAN JAVIER(STC),desnutricion aguda,desnutricion moderada (m),2007-09-01,0,1,1,0,1,1,2
80701,SAN JOAQUIN,desnutricion aguda,desnutricion moderada (m),2007-09-01,0,2,0,3,0,5,5
70501,SAN JOSE DE CHIQUITOS,desnutricion aguda,desnutricion moderada (m),2007-09-01,6,3,3,4,9,7,16
70404,SAN JUAN DE YAPACANI,desnutricion aguda,desnutricion moderada (m),2007-09-01,1,1,0,3,1,4,5
71104,SAN JULIAN,desnutricion aguda,desnutricion moderada (m),2007-09-01,1,2,0,2,1,4,5
90302,SAN LORENZO(PND),desnutricion aguda,desnutricion moderada (m),2007-09-01,0,2,0,0,0,2,2
60501,SAN LORENZO(TJA),desnutricion aguda,desnutricion moderada (m),2007-09-01,5,13,8,7,13,20,33
10702,SAN LUCAS,desnutricion aguda,desnutricion moderada (m),2007-09-01,48,54,39,41,87,95,182
70302,SAN MIGUEL DE VELASCO,desnutricion aguda,desnutricion moderada (m),2007-09-01,3,0,2,0,5,0,5
51001,SAN PABLO DE LIPEZ,desnutricion aguda,desnutricion moderada (m),2007-09-01,1,1,1,1,2,2,4
71005,SAN PEDRO,desnutricion aguda,desnutricion moderada (m),2007-09-01,1,1,0,1,1,2,3
50501,SAN PEDRO DE BUENA VISTA,desnutricion aguda,desnutricion moderada (m),2007-09-01,12,25,15,15,27,40,67
90202,SAN PEDRO(PND),desnutricion aguda,desnutricion moderada (m),2007-09-01,2,0,0,0,2,0,2
70303,SAN RAFAEL,desnutricion aguda,desnutricion moderada (m),2007-09-01,1,3,1,1,2,4,6
80401,SANTA ANA,desnutricion aguda,desnutricion moderada (m),2007-09-01,3,0,0,0,3,0,3
70101,SANTA CRUZ DE LA SIERRA,desnutricion aguda,desnutricion moderada (m),2007-09-01,55,53,16,30,71,83,154
80303,SANTA ROSA,desnutricion aguda,desnutricion moderada (m),2007-09-01,1,1,0,0,1,1,2
70602,SANTA ROSA DEL SARA,desnutricion aguda,desnutricion moderada (m),2007-09-01,1,2,3,3,4,5,9
41401,SANTIAGO DE HUARI,desnutricion aguda,desnutricion moderada (m),2007-09-01,1,0,1,0,2,0,2
30702,SANTIVAÑES,desnutricion aguda,desnutricion moderada (m),2007-09-01,1,0,0,1,1,1,2
40202,SANTUARIO DE QUILLACAS,desnutricion aguda,desnutricion moderada (m),2007-09-01,1,0,1,4,2,4,6
90303,SENA,desnutricion aguda,desnutricion moderada (m),2007-09-01,0,2,1,1,1,3,4
30703,SICAYA,desnutricion aguda,desnutricion moderada (m),2007-09-01,0,0,0,1,0,1,1
30902,SIPE SIPE,desnutricion aguda,desnutricion moderada (m),2007-09-01,9,7,2,0,11,7,18
10403,SOPACHUY,desnutricion aguda,desnutricion moderada (m),2007-09-01,13,13,8,29,21,42,63
10101,SUCRE,desnutricion aguda,desnutricion moderada (m),2007-09-01,45,43,46,40,91,83,174
50303,TACOBAMBA,desnutricion aguda,desnutricion moderada (m),2007-09-01,10,7,2,13,12,20,32
30602,TACOPAYA,desnutricion aguda,desnutricion moderada (m),2007-09-01,3,2,2,5,5,7,12
31101,TAPACARI,desnutricion aguda,desnutricion moderada (m),2007-09-01,32,31,25,29,57,60,117
10601,TARABUCO,desnutricion aguda,desnutricion moderada (m),2007-09-01,34,51,34,44,68,95,163
30401,TARATA,desnutricion aguda,desnutricion moderada (m),2007-09-01,5,4,0,1,5,5,10
60101,TARIJA,desnutricion aguda,desnutricion moderada (m),2007-09-01,20,30,12,25,32,55,87
10202,TARVITA,desnutricion aguda,desnutricion moderada (m),2007-09-01,19,56,27,35,46,91,137
50102,TINGUIPAYA,desnutricion aguda,desnutricion moderada (m),2007-09-01,26,13,9,16,35,29,64
30903,TIQUIPAYA,desnutricion aguda,desnutricion moderada (m),2007-09-01,2,0,0,3,2,3,5
31601,TIRAQUE (CBBA),desnutricion aguda,desnutricion moderada (m),2007-09-01,24,19,7,23,31,42,73
30802,TOCO,desnutricion aguda,desnutricion moderada (m),2007-09-01,1,1,1,1,2,2,4
30803,TOLATA,desnutricion aguda,desnutricion moderada (m),2007-09-01,0,2,0,1,0,3,3
51202,TOMAVE,desnutricion aguda,desnutricion moderada (m),2007-09-01,3,3,2,5,5,8,13
10402,TOMINA,desnutricion aguda,desnutricion moderada (m),2007-09-01,23,14,18,18,41,32,73
50502,TORO TORO,desnutricion aguda,desnutricion moderada (m),2007-09-01,6,7,3,4,9,11,20
31201,TOTORA(CBBA),desnutricion aguda,desnutricion moderada (m),2007-09-01,4,2,1,2,5,4,9
41301,TOTORA(ORR),desnutricion aguda,desnutricion moderada (m),2007-09-01,1,0,1,1,2,1,3
80101,TRINIDAD,desnutricion aguda,desnutricion moderada (m),2007-09-01,17,15,6,6,23,21,44
50801,TUPIZA,desnutricion aguda,desnutricion moderada (m),2007-09-01,12,5,8,9,20,14,34
40402,TURCO,desnutricion aguda,desnutricion moderada (m),2007-09-01,1,0,0,0,1,0,1
50201,UNCIA,desnutricion aguda,desnutricion moderada (m),2007-09-01,8,11,4,3,12,14,26
60401,URIONDO (A. CONCEPCION),desnutricion aguda,desnutricion moderada (m),2007-09-01,3,0,0,2,3,2,5
71502,URUBICHA,desnutricion aguda,desnutricion moderada (m),2007-09-01,1,1,0,1,1,2,3
51201,UYUNI,desnutricion aguda,desnutricion moderada (m),2007-09-01,4,7,1,7,5,14,19
30502,VACAS,desnutricion aguda,desnutricion moderada (m),2007-09-01,1,6,2,6,3,12,15
70801,VALLEGRANDE,desnutricion aguda,desnutricion moderada (m),2007-09-01,1,0,1,2,2,2,4
20801,VIACHA,desnutricion aguda,desnutricion moderada (m),2007-09-01,2,1,1,3,3,4,7
60303,VILLA MONTES,desnutricion aguda,desnutricion moderada (m),2007-09-01,2,1,3,4,5,5,10
90502,VILLA NUEVA (LOMA ALTA),desnutricion aguda,desnutricion moderada (m),2007-09-01,1,2,1,5,2,7,9
31402,VILLA RIVERO,desnutricion aguda,desnutricion moderada (m),2007-09-01,1,1,1,3,2,4,6
10801,VILLA SERRANO,desnutricion aguda,desnutricion moderada (m),2007-09-01,6,11,7,8,13,19,32
31003,VILLA TUNARI,desnutricion aguda,desnutricion moderada (m),2007-09-01,9,11,4,3,13,14,27
11001,VILLA VACA GUZMAN (MUYUPAMPA),desnutricion aguda,desnutricion moderada (m),2007-09-01,2,0,1,0,3,0,3
51501,VILLAZON,desnutricion aguda,desnutricion moderada (m),2007-09-01,12,14,9,2,21,16,37
30904,VINTO,desnutricion aguda,desnutricion moderada (m),2007-09-01,2,1,0,2,2,3,5
50602,VITICHI,desnutricion aguda,desnutricion moderada (m),2007-09-01,4,9,16,19,20,28,48
70201,WARNES,desnutricion aguda,desnutricion moderada (m),2007-09-01,6,2,3,2,9,4,13
60301,YACUIBA,desnutricion aguda,desnutricion moderada (m),2007-09-01,3,9,3,7,6,16,22
10602,YAMPARAEZ,desnutricion aguda,desnutricion moderada (m),2007-09-01,19,9,17,23,36,32,68
70403,YAPACANI,desnutricion aguda,desnutricion moderada (m),2007-09-01,12,7,4,6,16,13,29
50103,YOCALLA,desnutricion aguda,desnutricion moderada (m),2007-09-01,2,1,1,2,3,3,6
10102,YOTALA,desnutricion aguda,desnutricion moderada (m),2007-09-01,3,2,3,3,6,5,11
60402,YUNCHARA,desnutricion aguda,desnutricion moderada (m),2007-09-01,4,2,8,5,12,7,19
10301,ZUDAÑEZ,desnutricion aguda,desnutricion moderada (m),2007-09-01,19,12,7,19,26,31,57
51302,ACACIO,desnutricion aguda,desnutricion moderada (m),2007-10-01,2,9,12,13,14,22,36
30201,AIQUILE,desnutricion aguda,desnutricion moderada (m),2007-10-01,6,8,6,10,12,18,30
31303,ALALAY,desnutricion aguda,desnutricion moderada (m),2007-10-01,6,3,2,9,8,12,20
10404,ALCALA,desnutricion aguda,desnutricion moderada (m),2007-10-01,3,8,2,3,5,11,16
41201,ANDAMARCA,desnutricion aguda,desnutricion moderada (m),2007-10-01,1,0,0,0,1,0,1
40603,ANTEQUERA,desnutricion aguda,desnutricion moderada (m),2007-10-01,0,4,1,1,1,5,6
30402,ANZALDO,desnutricion aguda,desnutricion moderada (m),2007-10-01,0,1,3,3,3,4,7
51301,ARAMPAMPA,desnutricion aguda,desnutricion moderada (m),2007-10-01,16,13,11,5,27,18,45
30501,ARANI,desnutricion aguda,desnutricion moderada (m),2007-10-01,1,0,3,1,4,1,5
30403,ARBIETO,desnutricion aguda,desnutricion moderada (m),2007-10-01,1,2,2,1,3,3,6
30601,ARQUE,desnutricion aguda,desnutricion moderada (m),2007-10-01,5,15,13,6,18,21,39
71501,ASCENCION DE GUARAYOS,desnutricion aguda,desnutricion moderada (m),2007-10-01,7,13,14,16,21,29,50
50802,ATOCHA,desnutricion aguda,desnutricion moderada (m),2007-10-01,5,10,7,9,12,19,31
30301,AYOPAYA (V. DE INDEPENDENCIA),desnutricion aguda,desnutricion moderada (m),2007-10-01,11,13,8,15,19,28,47
10201,AZURDUY,desnutricion aguda,desnutricion moderada (m),2007-10-01,25,24,9,36,34,60,94
80802,BAURES,desnutricion aguda,desnutricion moderada (m),2007-10-01,3,2,0,3,3,5,8
41202,BELEN DE ANDAMARCA,desnutricion aguda,desnutricion moderada (m),2007-10-01,2,1,1,0,3,1,4
50104,BELEN DE URMIRI,desnutricion aguda,desnutricion moderada (m),2007-10-01,1,2,2,1,3,3,6
90104,BELLA FLOR,desnutricion aguda,desnutricion moderada (m),2007-10-01,2,0,0,0,2,0,2
60202,BERMEJO,desnutricion aguda,desnutricion moderada (m),2007-10-01,12,14,9,3,21,17,38
50301,BETANZOS,desnutricion aguda,desnutricion moderada (m),2007-10-01,20,27,27,30,47,57,104
31501,BOLIVAR,desnutricion aguda,desnutricion moderada (m),2007-10-01,12,18,9,12,21,30,51
90103,BOLPEBRA,desnutricion aguda,desnutricion moderada (m),2007-10-01,1,0,0,0,1,0,1
70707,BOYUIBE,desnutricion aguda,desnutricion moderada (m),2007-10-01,1,1,2,2,3,3,6
70401,BUENA VISTA,desnutricion aguda,desnutricion moderada (m),2007-10-01,0,1,0,0,0,1,1
70703,CABEZAS,desnutricion aguda,desnutricion moderada (m),2007-10-01,1,1,3,0,4,1,5
51102,"CAIZA ""D""",desnutricion aguda,desnutricion moderada (m),2007-10-01,6,5,4,3,10,8,18
21003,CAJUATA,desnutricion aguda,desnutricion moderada (m),2007-10-01,1,1,1,0,2,1,3
10701,CAMARGO,desnutricion aguda,desnutricion moderada (m),2007-10-01,10,13,13,20,23,33,56
10901,CAMATAQUI (C. VILLA ABECIA),desnutricion aguda,desnutricion moderada (m),2007-10-01,0,0,4,3,4,3,7
70706,CAMIRI,desnutricion aguda,desnutricion moderada (m),2007-10-01,11,19,3,4,14,23,37
30701,CAPINOTA,desnutricion aguda,desnutricion moderada (m),2007-10-01,9,11,4,5,13,16,29
40102,CARACOLLO,desnutricion aguda,desnutricion moderada (m),2007-10-01,2,3,0,1,2,4,6
60302,CARAPARI,desnutricion aguda,desnutricion moderada (m),2007-10-01,2,3,3,0,5,3,8
50702,CARIPUYO,desnutricion aguda,desnutricion moderada (m),2007-10-01,11,4,4,13,15,17,32
71403,CARMEN RIVERO TORREZ,desnutricion aguda,desnutricion moderada (m),2007-10-01,3,7,1,0,4,7,11
40201,CHALLAPATA,desnutricion aguda,desnutricion moderada (m),2007-10-01,8,4,5,4,13,8,21
50302,CHAQUI,desnutricion aguda,desnutricion moderada (m),2007-10-01,1,1,0,2,1,3,4
70702,CHARAGUA,desnutricion aguda,desnutricion moderada (m),2007-10-01,3,9,3,4,6,13,19
50202,CHAYANTA,desnutricion aguda,desnutricion moderada (m),2007-10-01,14,14,19,18,33,32,65
31204,CHIMORE,desnutricion aguda,desnutricion moderada (m),2007-10-01,3,7,3,3,6,10,16
40903,CHIPAYA,desnutricion aguda,desnutricion moderada (m),2007-10-01,0,0,0,2,0,2,2
90101,COBIJA,desnutricion aguda,desnutricion moderada (m),2007-10-01,18,12,4,9,22,21,43
30101,COCHABAMBA,desnutricion aguda,desnutricion moderada (m),2007-10-01,56,65,36,35,92,100,192
40902,COIPASA,desnutricion aguda,desnutricion moderada (m),2007-10-01,1,0,0,0,1,0,1
30905,COLCAPIRHUA,desnutricion aguda,desnutricion moderada (m),2007-10-01,7,4,2,2,9,6,15
50901,"COLCHA ""K""",desnutricion aguda,desnutricion moderada (m),2007-10-01,2,2,3,3,5,5,10
31002,COLOMI,desnutricion aguda,desnutricion moderada (m),2007-10-01,11,8,1,4,12,12,24
70603,COLPA BELGICA,desnutricion aguda,desnutricion moderada (m),2007-10-01,0,1,0,0,0,1,1
50401,COLQUECHACA,desnutricion aguda,desnutricion moderada (m),2007-10-01,29,36,20,29,49,65,114
21004,COLQUIRI,desnutricion aguda,desnutricion moderada (m),2007-10-01,2,4,4,1,6,5,11
71301,COMARAPA,desnutricion aguda,desnutricion moderada (m),2007-10-01,3,2,4,5,7,7,14
71101,CONCEPCION,desnutricion aguda,desnutricion moderada (m),2007-10-01,0,7,1,1,1,8,9
40301,CORQUE,desnutricion aguda,desnutricion moderada (m),2007-10-01,1,0,0,0,1,0,1
50601,COTAGAITA,desnutricion aguda,desnutricion moderada (m),2007-10-01,18,18,19,18,37,36,73
70102,COTOCA,desnutricion aguda,desnutricion moderada (m),2007-10-01,4,9,8,6,12,15,27
71106,CUATRO CAÑADAS,desnutricion aguda,desnutricion moderada (m),2007-10-01,2,2,0,0,2,2,4
31405,CUCHUMUELA (V. G. VILLARROEL),desnutricion aguda,desnutricion moderada (m),2007-10-01,1,0,0,0,1,0,1
70704,CUEVO,desnutricion aguda,desnutricion moderada (m),2007-10-01,0,1,1,0,1,1,2
10902,CULPINA,desnutricion aguda,desnutricion moderada (m),2007-10-01,13,11,14,13,27,24,51
40401,CURAHUARA DE CARANGAS,desnutricion aguda,desnutricion moderada (m),2007-10-01,1,0,0,1,1,1,2
60502,EL PUENTE(TJA),desnutricion aguda,desnutricion moderada (m),2007-10-01,1,1,0,5,1,6,7
70105,EL TORNO,desnutricion aguda,desnutricion moderada (m),2007-10-01,2,6,5,1,7,7,14
10405,EL VILLAR,desnutricion aguda,desnutricion moderada (m),2007-10-01,4,5,5,8,9,13,22
60601,ENTRE RIOS,desnutricion aguda,desnutricion moderada (m),2007-10-01,4,4,5,3,9,7,16
60601,ENTRE RIOS,desnutricion aguda,desnutricion moderada (m),2007-10-01,3,0,5,0,8,0,8
80402,EXALTACION,desnutricion aguda,desnutricion moderada (m),2007-10-01,5,0,0,0,5,0,5
71004,FERNANDEZ ALONSO,desnutricion aguda,desnutricion moderada (m),2007-10-01,1,3,4,1,5,4,9
71002,GENERAL SAAVEDRA,desnutricion aguda,desnutricion moderada (m),2007-10-01,3,1,0,0,3,1,4
80202,GUAYARAMERIN,desnutricion aguda,desnutricion moderada (m),2007-10-01,11,22,6,12,17,34,51
70705,GUTIERREZ,desnutricion aguda,desnutricion moderada (m),2007-10-01,8,9,7,12,15,21,36
10502,HUACARETA,desnutricion aguda,desnutricion moderada (m),2007-10-01,4,1,2,4,6,5,11
11002,HUACAYA (VILLA DE HUACAYA),desnutricion aguda,desnutricion moderada (m),2007-10-01,0,1,2,1,2,2,4
40501,HUACHACALLA,desnutricion aguda,desnutricion moderada (m),2007-10-01,1,0,0,0,1,0,1
40701,HUANUNI,desnutricion aguda,desnutricion moderada (m),2007-10-01,4,2,0,0,4,2,6
80803,HUARACAJE,desnutricion aguda,desnutricion moderada (m),2007-10-01,0,1,0,0,0,1,1
41601,HUAYLLAMARCA,desnutricion aguda,desnutricion moderada (m),2007-10-01,0,0,1,0,1,0,1
10304,ICLA,desnutricion aguda,desnutricion moderada (m),2007-10-01,27,23,28,32,55,55,110
10703,INCAHUASI,desnutricion aguda,desnutricion moderada (m),2007-10-01,30,33,18,28,48,61,109
21001,INQUISIVI,desnutricion aguda,desnutricion moderada (m),2007-10-01,6,3,5,5,11,8,19
70104,LA GUARDIA,desnutricion aguda,desnutricion moderada (m),2007-10-01,13,13,3,5,16,18,34
70701,LAGUNILLAS,desnutricion aguda,desnutricion moderada (m),2007-10-01,1,2,1,3,2,5,7
10903,LAS CARRERAS,desnutricion aguda,desnutricion moderada (m),2007-10-01,1,0,0,2,1,2,3
21006,LICOMA PAMPA,desnutricion aguda,desnutricion moderada (m),2007-10-01,0,1,0,0,0,1,1
50203,LLALLAGUA,desnutricion aguda,desnutricion moderada (m),2007-10-01,8,9,7,2,15,11,26
51401,LLICA,desnutricion aguda,desnutricion moderada (m),2007-10-01,0,3,0,3,0,6,6
80601,LORETO,desnutricion aguda,desnutricion moderada (m),2007-10-01,2,3,2,3,4,6,10
40702,MACHACAMARCA,desnutricion aguda,desnutricion moderada (m),2007-10-01,1,0,0,0,1,0,1
11003,MACHARETI,desnutricion aguda,desnutricion moderada (m),2007-10-01,0,0,2,0,2,0,2
80801,MAGDALENA,desnutricion aguda,desnutricion moderada (m),2007-10-01,3,1,0,1,3,2,5
70903,MAIRANA,desnutricion aguda,desnutricion moderada (m),2007-10-01,0,0,1,1,1,1,2
20103,MECAPACA,desnutricion aguda,desnutricion moderada (m),2007-10-01,2,0,0,0,2,0,2
71003,MINEROS,desnutricion aguda,desnutricion moderada (m),2007-10-01,3,4,0,1,3,5,8
31301,MIZQUE,desnutricion aguda,desnutricion moderada (m),2007-10-01,14,14,18,22,32,36,68
10303,MOJOCOYA,desnutricion aguda,desnutricion moderada (m),2007-10-01,5,3,5,9,10,12,22
10501,MONTEAGUDO,desnutricion aguda,desnutricion moderada (m),2007-10-01,10,15,8,8,18,23,41
71001,MONTERO,desnutricion aguda,desnutricion moderada (m),2007-10-01,17,31,7,29,24,60,84
70803,MORO MORO,desnutricion aguda,desnutricion moderada (m),2007-10-01,0,0,2,1,2,1,3
30302,MOROCHATA,desnutricion aguda,desnutricion moderada (m),2007-10-01,15,17,11,11,26,28,54
90501,NUEVO MANOA (NUEVA ESPERANZA),desnutricion aguda,desnutricion moderada (m),2007-10-01,0,1,0,1,0,2,2
50404,OCURI,desnutricion aguda,desnutricion moderada (m),2007-10-01,22,28,30,30,52,58,110
70202,OKINAWA,desnutricion aguda,desnutricion moderada (m),2007-10-01,0,2,1,0,1,2,3
30203,OMEREQUE,desnutricion aguda,desnutricion moderada (m),2007-10-01,1,1,2,2,3,3,6
40101,ORURO,desnutricion aguda,desnutricion moderada (m),2007-10-01,37,23,18,9,55,32,87
60201,PADCAYA,desnutricion aguda,desnutricion moderada (m),2007-10-01,5,3,0,1,5,4,9
10401,PADILLA,desnutricion aguda,desnutricion moderada (m),2007-10-01,4,6,14,13,18,19,37
70502,PAILON,desnutricion aguda,desnutricion moderada (m),2007-10-01,4,11,2,2,6,13,19
20102,PALCA,desnutricion aguda,desnutricion moderada (m),2007-10-01,6,2,1,4,7,6,13
30202,PASORAPA,desnutricion aguda,desnutricion moderada (m),2007-10-01,2,1,0,0,2,1,3
50403,POCOATA,desnutricion aguda,desnutricion moderada (m),2007-10-01,14,8,12,18,26,26,52
31203,POCONA,desnutricion aguda,desnutricion moderada (m),2007-10-01,1,3,4,7,5,10,15
31202,POJO (CBBA),desnutricion aguda,desnutricion moderada (m),2007-10-01,2,1,1,1,3,2,5
40601,POOPO,desnutricion aguda,desnutricion moderada (m),2007-10-01,2,1,0,0,2,1,3
51203,PORCO,desnutricion aguda,desnutricion moderada (m),2007-10-01,10,5,2,7,12,12,24
10103,POROMA,desnutricion aguda,desnutricion moderada (m),2007-10-01,21,31,19,17,40,48,88
70601,PORTACHUELO,desnutricion aguda,desnutricion moderada (m),2007-10-01,5,1,4,3,9,4,13
90102,PORVENIR,desnutricion aguda,desnutricion moderada (m),2007-10-01,1,1,0,0,1,1,2
70804,POSTRER VALLE,desnutricion aguda,desnutricion moderada (m),2007-10-01,0,2,1,0,1,2,3
50101,POTOSI,desnutricion aguda,desnutricion moderada (m),2007-10-01,54,71,38,47,92,118,210
10302,PRESTO,desnutricion aguda,desnutricion moderada (m),2007-10-01,16,4,6,4,22,8,30
70805,PUCARA,desnutricion aguda,desnutricion moderada (m),2007-10-01,0,0,1,1,1,1,2
90301,PUERTO GONZALO MORENO,desnutricion aguda,desnutricion moderada (m),2007-10-01,4,5,4,2,8,7,15
71402,PUERTO QUIJARRO,desnutricion aguda,desnutricion moderada (m),2007-10-01,0,1,0,0,0,1,1
90201,PUERTO RICO,desnutricion aguda,desnutricion moderada (m),2007-10-01,3,2,1,2,4,4,8
80703,PUERTO SILES,desnutricion aguda,desnutricion moderada (m),2007-10-01,0,0,0,1,0,1,1
71401,PUERTO SUAREZ,desnutricion aguda,desnutricion moderada (m),2007-10-01,1,5,0,1,1,6,7
31205,PUERTO VILLARROEL,desnutricion aguda,desnutricion moderada (m),2007-10-01,23,22,9,11,32,33,65
51101,PUNA,desnutricion aguda,desnutricion moderada (m),2007-10-01,33,24,27,29,60,53,113
31401,PUNATA,desnutricion aguda,desnutricion moderada (m),2007-10-01,85,73,37,26,122,99,221
30901,QUILLACOLLO,desnutricion aguda,desnutricion moderada (m),2007-10-01,13,17,6,8,19,25,44
21002,QUIME,desnutricion aguda,desnutricion moderada (m),2007-10-01,4,0,5,5,9,5,14
70904,QUIRUSILLAS,desnutricion aguda,desnutricion moderada (m),2007-10-01,0,1,1,1,1,2,3
50402,RAVELO,desnutricion aguda,desnutricion moderada (m),2007-10-01,45,35,47,48,92,83,175
80301,REYES,desnutricion aguda,desnutricion moderada (m),2007-10-01,3,6,4,0,7,6,13
80201,RIBERALTA,desnutricion aguda,desnutricion moderada (m),2007-10-01,36,67,30,31,66,98,164
70503,ROBORE,desnutricion aguda,desnutricion moderada (m),2007-10-01,2,3,4,2,6,5,11
80304,RURRENABAQUE,desnutricion aguda,desnutricion moderada (m),2007-10-01,0,0,2,0,2,0,2
31001,SACABA,desnutricion aguda,desnutricion moderada (m),2007-10-01,17,12,5,8,22,20,42
30404,SACABAMBA,desnutricion aguda,desnutricion moderada (m),2007-10-01,0,1,0,0,0,1,1
50701,SACACA,desnutricion aguda,desnutricion moderada (m),2007-10-01,36,35,27,37,63,72,135
71302,SAIPINA,desnutricion aguda,desnutricion moderada (m),2007-10-01,1,0,0,0,1,0,1
40801,SALINAS DE GARCI MENDOZA,desnutricion aguda,desnutricion moderada (m),2007-10-01,1,0,1,1,2,1,3
70901,SAMAIPATA,desnutricion aguda,desnutricion moderada (m),2007-10-01,2,0,0,0,2,0,2
51601,SAN AGUSTIN,desnutricion aguda,desnutricion moderada (m),2007-10-01,1,1,0,0,1,1,2
80602,SAN ANDRES,desnutricion aguda,desnutricion moderada (m),2007-10-01,1,0,0,1,1,1,2
51003,SAN ANTONIO DE ESMORUCO,desnutricion aguda,desnutricion moderada (m),2007-10-01,2,0,0,1,2,1,3
71105,SAN ANTONIO DE LOMERIO,desnutricion aguda,desnutricion moderada (m),2007-10-01,9,10,2,4,11,14,25
31403,SAN BENITO,desnutricion aguda,desnutricion moderada (m),2007-10-01,0,0,1,4,1,4,5
80302,SAN BORJA,desnutricion aguda,desnutricion moderada (m),2007-10-01,8,13,26,13,34,26,60
70402,SAN CARLOS,desnutricion aguda,desnutricion moderada (m),2007-10-01,6,4,1,2,7,6,13
80501,SAN IGNACIO,desnutricion aguda,desnutricion moderada (m),2007-10-01,9,12,3,10,12,22,34
70301,SAN IGNACIO DE VELASCO,desnutricion aguda,desnutricion moderada (m),2007-10-01,28,35,21,29,49,64,113
70501,SAN JOSE DE CHIQUITOS,desnutricion aguda,desnutricion moderada (m),2007-10-01,5,7,6,5,11,12,23
70404,SAN JUAN DE YAPACANI,desnutricion aguda,desnutricion moderada (m),2007-10-01,2,2,3,1,5,3,8
71104,SAN JULIAN,desnutricion aguda,desnutricion moderada (m),2007-10-01,2,4,0,1,2,5,7
60501,SAN LORENZO(TJA),desnutricion aguda,desnutricion moderada (m),2007-10-01,7,12,6,11,13,23,36
10702,SAN LUCAS,desnutricion aguda,desnutricion moderada (m),2007-10-01,55,53,34,45,89,98,187
71201,SAN MATIAS,desnutricion aguda,desnutricion moderada (m),2007-10-01,0,1,0,2,0,3,3
70302,SAN MIGUEL DE VELASCO,desnutricion aguda,desnutricion moderada (m),2007-10-01,2,0,0,2,2,2,4
51001,SAN PABLO DE LIPEZ,desnutricion aguda,desnutricion moderada (m),2007-10-01,2,5,3,4,5,9,14
71005,SAN PEDRO,desnutricion aguda,desnutricion moderada (m),2007-10-01,1,2,0,4,1,6,7
50501,SAN PEDRO DE BUENA VISTA,desnutricion aguda,desnutricion moderada (m),2007-10-01,29,30,17,34,46,64,110
50902,SAN PEDRO DE QUEMES,desnutricion aguda,desnutricion moderada (m),2007-10-01,1,0,0,0,1,0,1
90202,SAN PEDRO(PND),desnutricion aguda,desnutricion moderada (m),2007-10-01,1,0,1,3,2,3,5
70303,SAN RAFAEL,desnutricion aguda,desnutricion moderada (m),2007-10-01,1,2,1,0,2,2,4
80702,SAN RAMON,desnutricion aguda,desnutricion moderada (m),2007-10-01,1,2,0,1,1,3,4
80702,SAN RAMON,desnutricion aguda,desnutricion moderada (m),2007-10-01,0,2,1,2,1,4,5
80401,SANTA ANA,desnutricion aguda,desnutricion moderada (m),2007-10-01,3,4,3,3,6,7,13
70101,SANTA CRUZ DE LA SIERRA,desnutricion aguda,desnutricion moderada (m),2007-10-01,83,84,34,20,117,104,221
80303,SANTA ROSA,desnutricion aguda,desnutricion moderada (m),2007-10-01,2,2,0,0,2,2,4
70602,SANTA ROSA DEL SARA,desnutricion aguda,desnutricion moderada (m),2007-10-01,3,4,1,3,4,7,11
41401,SANTIAGO DE HUARI,desnutricion aguda,desnutricion moderada (m),2007-10-01,1,0,1,0,2,0,2
30702,SANTIVAÑES,desnutricion aguda,desnutricion moderada (m),2007-10-01,0,1,0,1,0,2,2
40202,SANTUARIO DE QUILLACAS,desnutricion aguda,desnutricion moderada (m),2007-10-01,0,0,0,1,0,1,1
90303,SENA,desnutricion aguda,desnutricion moderada (m),2007-10-01,3,0,0,0,3,0,3
30703,SICAYA,desnutricion aguda,desnutricion moderada (m),2007-10-01,4,5,2,0,6,5,11
30902,SIPE SIPE,desnutricion aguda,desnutricion moderada (m),2007-10-01,15,10,10,15,25,25,50
10403,SOPACHUY,desnutricion aguda,desnutricion moderada (m),2007-10-01,13,12,10,27,23,39,62
40104,SORACACHI,desnutricion aguda,desnutricion moderada (m),2007-10-01,1,1,1,0,2,1,3
10101,SUCRE,desnutricion aguda,desnutricion moderada (m),2007-10-01,40,29,39,46,79,75,154
31404,TACACHI,desnutricion aguda,desnutricion moderada (m),2007-10-01,0,0,2,0,2,0,2
50303,TACOBAMBA,desnutricion aguda,desnutricion moderada (m),2007-10-01,10,24,12,8,22,32,54
30602,TACOPAYA,desnutricion aguda,desnutricion moderada (m),2007-10-01,11,4,14,19,25,23,48
31101,TAPACARI,desnutricion aguda,desnutricion moderada (m),2007-10-01,25,22,10,21,35,43,78
10601,TARABUCO,desnutricion aguda,desnutricion moderada (m),2007-10-01,50,49,46,53,96,102,198
30401,TARATA,desnutricion aguda,desnutricion moderada (m),2007-10-01,2,1,3,2,5,3,8
60101,TARIJA,desnutricion aguda,desnutricion moderada (m),2007-10-01,31,24,23,23,54,47,101
10202,TARVITA,desnutricion aguda,desnutricion moderada (m),2007-10-01,17,27,30,29,47,56,103
50102,TINGUIPAYA,desnutricion aguda,desnutricion moderada (m),2007-10-01,18,22,24,22,42,44,86
30903,TIQUIPAYA,desnutricion aguda,desnutricion moderada (m),2007-10-01,0,1,1,0,1,1,2
31601,TIRAQUE (CBBA),desnutricion aguda,desnutricion moderada (m),2007-10-01,23,29,14,17,37,46,83
30802,TOCO,desnutricion aguda,desnutricion moderada (m),2007-10-01,2,3,4,2,6,5,11
30803,TOLATA,desnutricion aguda,desnutricion moderada (m),2007-10-01,0,2,0,1,0,3,3
41001,TOLEDO,desnutricion aguda,desnutricion moderada (m),2007-10-01,0,0,1,0,1,0,1
51202,TOMAVE,desnutricion aguda,desnutricion moderada (m),2007-10-01,5,2,1,7,6,9,15
10402,TOMINA,desnutricion aguda,desnutricion moderada (m),2007-10-01,16,18,29,32,45,50,95
50502,TORO TORO,desnutricion aguda,desnutricion moderada (m),2007-10-01,12,6,5,10,17,16,33
31201,TOTORA(CBBA),desnutricion aguda,desnutricion moderada (m),2007-10-01,5,2,0,3,5,5,10
80101,TRINIDAD,desnutricion aguda,desnutricion moderada (m),2007-10-01,26,36,6,15,32,51,83
50801,TUPIZA,desnutricion aguda,desnutricion moderada (m),2007-10-01,9,7,10,15,19,22,41
40402,TURCO,desnutricion aguda,desnutricion moderada (m),2007-10-01,1,1,0,0,1,1,2
50201,UNCIA,desnutricion aguda,desnutricion moderada (m),2007-10-01,8,6,3,4,11,10,21
60401,URIONDO (A. CONCEPCION),desnutricion aguda,desnutricion moderada (m),2007-10-01,1,3,3,2,4,5,9
51201,UYUNI,desnutricion aguda,desnutricion moderada (m),2007-10-01,1,7,1,5,2,12,14
30502,VACAS,desnutricion aguda,desnutricion moderada (m),2007-10-01,4,6,5,4,9,10,19
70801,VALLEGRANDE,desnutricion aguda,desnutricion moderada (m),2007-10-01,4,3,0,0,4,3,7
20801,VIACHA,desnutricion aguda,desnutricion moderada (m),2007-10-01,1,9,1,5,2,14,16
60303,VILLA MONTES,desnutricion aguda,desnutricion moderada (m),2007-10-01,3,6,2,4,5,10,15
90502,VILLA NUEVA (LOMA ALTA),desnutricion aguda,desnutricion moderada (m),2007-10-01,2,3,3,5,5,8,13
31402,VILLA RIVERO,desnutricion aguda,desnutricion moderada (m),2007-10-01,1,3,2,1,3,4,7
10801,VILLA SERRANO,desnutricion aguda,desnutricion moderada (m),2007-10-01,11,8,14,10,25,18,43
31003,VILLA TUNARI,desnutricion aguda,desnutricion moderada (m),2007-10-01,14,32,9,8,23,40,63
11001,VILLA VACA GUZMAN (MUYUPAMPA),desnutricion aguda,desnutricion moderada (m),2007-10-01,2,1,0,0,2,1,3
51501,VILLAZON,desnutricion aguda,desnutricion moderada (m),2007-10-01,28,32,21,22,49,54,103
30904,VINTO,desnutricion aguda,desnutricion moderada (m),2007-10-01,2,0,0,2,2,2,4
50602,VITICHI,desnutricion aguda,desnutricion moderada (m),2007-10-01,10,13,10,11,20,24,44
70201,WARNES,desnutricion aguda,desnutricion moderada (m),2007-10-01,5,1,1,3,6,4,10
60301,YACUIBA,desnutricion aguda,desnutricion moderada (m),2007-10-01,7,19,3,8,10,27,37
10602,YAMPARAEZ,desnutricion aguda,desnutricion moderada (m),2007-10-01,11,9,11,20,22,29,51
70403,YAPACANI,desnutricion aguda,desnutricion moderada (m),2007-10-01,10,12,3,3,13,15,28
50103,YOCALLA,desnutricion aguda,desnutricion moderada (m),2007-10-01,1,0,1,0,2,0,2
10102,YOTALA,desnutricion aguda,desnutricion moderada (m),2007-10-01,0,0,1,0,1,0,1
60402,YUNCHARA,desnutricion aguda,desnutricion moderada (m),2007-10-01,4,1,8,8,12,9,21
10301,ZUDAÑEZ,desnutricion aguda,desnutricion moderada (m),2007-10-01,15,13,17,11,32,24,56
51302,ACACIO,desnutricion aguda,desnutricion moderada (m),2007-11-01,9,5,2,6,11,11,22
30201,AIQUILE,desnutricion aguda,desnutricion moderada (m),2007-11-01,7,10,12,9,19,19,38
31303,ALALAY,desnutricion aguda,desnutricion moderada (m),2007-11-01,3,2,0,1,3,3,6
10404,ALCALA,desnutricion aguda,desnutricion moderada (m),2007-11-01,4,6,3,3,7,9,16
41201,ANDAMARCA,desnutricion aguda,desnutricion moderada (m),2007-11-01,1,0,0,0,1,0,1
40603,ANTEQUERA,desnutricion aguda,desnutricion moderada (m),2007-11-01,1,0,1,0,2,0,2
30402,ANZALDO,desnutricion aguda,desnutricion moderada (m),2007-11-01,2,4,4,2,6,6,12
51301,ARAMPAMPA,desnutricion aguda,desnutricion moderada (m),2007-11-01,12,13,3,3,15,16,31
30501,ARANI,desnutricion aguda,desnutricion moderada (m),2007-11-01,2,1,2,3,4,4,8
30403,ARBIETO,desnutricion aguda,desnutricion moderada (m),2007-11-01,1,2,3,3,4,5,9
30601,ARQUE,desnutricion aguda,desnutricion moderada (m),2007-11-01,15,5,7,10,22,15,37
50802,ATOCHA,desnutricion aguda,desnutricion moderada (m),2007-11-01,4,2,3,11,7,13,20
30301,AYOPAYA (V. DE INDEPENDENCIA),desnutricion aguda,desnutricion moderada (m),2007-11-01,14,12,2,10,16,22,38
10201,AZURDUY,desnutricion aguda,desnutricion moderada (m),2007-11-01,14,13,8,21,22,34,56
80802,BAURES,desnutricion aguda,desnutricion moderada (m),2007-11-01,0,3,0,0,0,3,3
50104,BELEN DE URMIRI,desnutricion aguda,desnutricion moderada (m),2007-11-01,0,1,0,0,0,1,1
90104,BELLA FLOR,desnutricion aguda,desnutricion moderada (m),2007-11-01,0,0,2,0,2,0,2
60202,BERMEJO,desnutricion aguda,desnutricion moderada (m),2007-11-01,12,10,5,4,17,14,31
50301,BETANZOS,desnutricion aguda,desnutricion moderada (m),2007-11-01,20,21,17,9,37,30,67
31501,BOLIVAR,desnutricion aguda,desnutricion moderada (m),2007-11-01,48,16,10,16,58,32,90
90103,BOLPEBRA,desnutricion aguda,desnutricion moderada (m),2007-11-01,1,0,0,1,1,1,2
70707,BOYUIBE,desnutricion aguda,desnutricion moderada (m),2007-11-01,0,0,1,1,1,1,2
70401,BUENA VISTA,desnutricion aguda,desnutricion moderada (m),2007-11-01,0,1,0,1,0,2,2
70703,CABEZAS,desnutricion aguda,desnutricion moderada (m),2007-11-01,1,1,1,2,2,3,5
51102,"CAIZA ""D""",desnutricion aguda,desnutricion moderada (m),2007-11-01,3,4,1,1,4,5,9
21003,CAJUATA,desnutricion aguda,desnutricion moderada (m),2007-11-01,2,0,0,0,2,0,2
10701,CAMARGO,desnutricion aguda,desnutricion moderada (m),2007-11-01,5,12,14,15,19,27,46
10901,CAMATAQUI (C. VILLA ABECIA),desnutricion aguda,desnutricion moderada (m),2007-11-01,2,0,5,0,7,0,7
70706,CAMIRI,desnutricion aguda,desnutricion moderada (m),2007-11-01,5,9,9,6,14,15,29
30701,CAPINOTA,desnutricion aguda,desnutricion moderada (m),2007-11-01,7,4,0,2,7,6,13
40102,CARACOLLO,desnutricion aguda,desnutricion moderada (m),2007-11-01,0,1,0,1,0,2,2
60302,CARAPARI,desnutricion aguda,desnutricion moderada (m),2007-11-01,1,1,0,2,1,3,4
50702,CARIPUYO,desnutricion aguda,desnutricion moderada (m),2007-11-01,9,7,7,16,16,23,39
71403,CARMEN RIVERO TORREZ,desnutricion aguda,desnutricion moderada (m),2007-11-01,4,2,1,1,5,3,8
40201,CHALLAPATA,desnutricion aguda,desnutricion moderada (m),2007-11-01,10,7,3,1,13,8,21
50302,CHAQUI,desnutricion aguda,desnutricion moderada (m),2007-11-01,6,0,2,0,8,0,8
70702,CHARAGUA,desnutricion aguda,desnutricion moderada (m),2007-11-01,9,4,2,1,11,5,16
50202,CHAYANTA,desnutricion aguda,desnutricion moderada (m),2007-11-01,14,13,21,23,35,36,71
31204,CHIMORE,desnutricion aguda,desnutricion moderada (m),2007-11-01,2,1,0,4,2,5,7
90101,COBIJA,desnutricion aguda,desnutricion moderada (m),2007-11-01,29,13,6,4,35,17,52
30101,COCHABAMBA,desnutricion aguda,desnutricion moderada (m),2007-11-01,44,70,21,44,65,114,179
40902,COIPASA,desnutricion aguda,desnutricion moderada (m),2007-11-01,0,1,0,0,0,1,1
30905,COLCAPIRHUA,desnutricion aguda,desnutricion moderada (m),2007-11-01,0,2,3,0,3,2,5
50901,"COLCHA ""K""",desnutricion aguda,desnutricion moderada (m),2007-11-01,3,0,0,0,3,0,3
31002,COLOMI,desnutricion aguda,desnutricion moderada (m),2007-11-01,7,3,2,4,9,7,16
70603,COLPA BELGICA,desnutricion aguda,desnutricion moderada (m),2007-11-01,0,2,0,0,0,2,2
50401,COLQUECHACA,desnutricion aguda,desnutricion moderada (m),2007-11-01,20,11,11,15,31,26,57
21004,COLQUIRI,desnutricion aguda,desnutricion moderada (m),2007-11-01,2,3,2,1,4,4,8
71301,COMARAPA,desnutricion aguda,desnutricion moderada (m),2007-11-01,2,3,1,4,3,7,10
71101,CONCEPCION,desnutricion aguda,desnutricion moderada (m),2007-11-01,5,2,2,2,7,4,11
50601,COTAGAITA,desnutricion aguda,desnutricion moderada (m),2007-11-01,16,16,13,11,29,27,56
70102,COTOCA,desnutricion aguda,desnutricion moderada (m),2007-11-01,8,15,3,7,11,22,33
71106,CUATRO CAÑADAS,desnutricion aguda,desnutricion moderada (m),2007-11-01,0,2,0,1,0,3,3
70704,CUEVO,desnutricion aguda,desnutricion moderada (m),2007-11-01,2,0,0,1,2,1,3
10902,CULPINA,desnutricion aguda,desnutricion moderada (m),2007-11-01,8,7,4,6,12,13,25
40401,CURAHUARA DE CARANGAS,desnutricion aguda,desnutricion moderada (m),2007-11-01,3,1,0,0,3,1,4
40103,EL CHORO,desnutricion aguda,desnutricion moderada (m),2007-11-01,0,1,0,0,0,1,1
71503,EL PUENTE(STC),desnutricion aguda,desnutricion moderada (m),2007-11-01,3,0,0,0,3,0,3
60502,EL PUENTE(TJA),desnutricion aguda,desnutricion moderada (m),2007-11-01,4,1,1,3,5,4,9
70105,EL TORNO,desnutricion aguda,desnutricion moderada (m),2007-11-01,4,5,6,4,10,9,19
10405,EL VILLAR,desnutricion aguda,desnutricion moderada (m),2007-11-01,5,1,2,4,7,5,12
60601,ENTRE RIOS,desnutricion aguda,desnutricion moderada (m),2007-11-01,2,3,1,1,3,4,7
60601,ENTRE RIOS,desnutricion aguda,desnutricion moderada (m),2007-11-01,0,0,0,2,0,2,2
41101,EUCALIPTUS,desnutricion aguda,desnutricion moderada (m),2007-11-01,0,0,1,0,1,0,1
90503,EUREKA (SANTOS MERCADO),desnutricion aguda,desnutricion moderada (m),2007-11-01,2,3,3,3,5,6,11
80402,EXALTACION,desnutricion aguda,desnutricion moderada (m),2007-11-01,1,1,2,2,3,3,6
71004,FERNANDEZ ALONSO,desnutricion aguda,desnutricion moderada (m),2007-11-01,1,3,1,2,2,5,7
90203,FILADELFIA,desnutricion aguda,desnutricion moderada (m),2007-11-01,1,4,1,0,2,4,6
71002,GENERAL SAAVEDRA,desnutricion aguda,desnutricion moderada (m),2007-11-01,2,6,1,3,3,9,12
80202,GUAYARAMERIN,desnutricion aguda,desnutricion moderada (m),2007-11-01,15,10,4,10,19,20,39
70705,GUTIERREZ,desnutricion aguda,desnutricion moderada (m),2007-11-01,19,12,9,13,28,25,53
10502,HUACARETA,desnutricion aguda,desnutricion moderada (m),2007-11-01,1,2,1,3,2,5,7
11002,HUACAYA (VILLA DE HUACAYA),desnutricion aguda,desnutricion moderada (m),2007-11-01,0,1,0,0,0,1,1
80803,HUARACAJE,desnutricion aguda,desnutricion moderada (m),2007-11-01,0,0,0,1,0,1,1
41601,HUAYLLAMARCA,desnutricion aguda,desnutricion moderada (m),2007-11-01,0,1,0,1,0,2,2
21005,ICHOCA,desnutricion aguda,desnutricion moderada (m),2007-11-01,1,0,0,1,1,1,2
10304,ICLA,desnutricion aguda,desnutricion moderada (m),2007-11-01,16,20,19,24,35,44,79
10703,INCAHUASI,desnutricion aguda,desnutricion moderada (m),2007-11-01,30,18,15,16,45,34,79
21001,INQUISIVI,desnutricion aguda,desnutricion moderada (m),2007-11-01,5,3,0,2,5,5,10
70104,LA GUARDIA,desnutricion aguda,desnutricion moderada (m),2007-11-01,10,12,11,6,21,18,39
70701,LAGUNILLAS,desnutricion aguda,desnutricion moderada (m),2007-11-01,0,1,2,5,2,6,8
10903,LAS CARRERAS,desnutricion aguda,desnutricion moderada (m),2007-11-01,1,0,0,0,1,0,1
21006,LICOMA PAMPA,desnutricion aguda,desnutricion moderada (m),2007-11-01,1,0,0,0,1,0,1
50203,LLALLAGUA,desnutricion aguda,desnutricion moderada (m),2007-11-01,9,6,11,16,20,22,42
51401,LLICA,desnutricion aguda,desnutricion moderada (m),2007-11-01,0,0,1,0,1,0,1
80601,LORETO,desnutricion aguda,desnutricion moderada (m),2007-11-01,0,1,0,0,0,1,1
11003,MACHARETI,desnutricion aguda,desnutricion moderada (m),2007-11-01,0,1,8,2,8,3,11
80801,MAGDALENA,desnutricion aguda,desnutricion moderada (m),2007-11-01,1,1,0,2,1,3,4
70903,MAIRANA,desnutricion aguda,desnutricion moderada (m),2007-11-01,0,0,2,0,2,0,2
20103,MECAPACA,desnutricion aguda,desnutricion moderada (m),2007-11-01,0,2,2,0,2,2,4
71003,MINEROS,desnutricion aguda,desnutricion moderada (m),2007-11-01,0,2,1,1,1,3,4
31301,MIZQUE,desnutricion aguda,desnutricion moderada (m),2007-11-01,12,13,13,13,25,26,51
51002,MOJINETE,desnutricion aguda,desnutricion moderada (m),2007-11-01,0,1,0,2,0,3,3
10303,MOJOCOYA,desnutricion aguda,desnutricion moderada (m),2007-11-01,7,3,7,12,14,15,29
10501,MONTEAGUDO,desnutricion aguda,desnutricion moderada (m),2007-11-01,6,6,9,8,15,14,29
71001,MONTERO,desnutricion aguda,desnutricion moderada (m),2007-11-01,23,20,15,13,38,33,71
30302,MOROCHATA,desnutricion aguda,desnutricion moderada (m),2007-11-01,17,14,14,7,31,21,52
90401,NACEBE (SANTA ROSA DEL ABUNA),desnutricion aguda,desnutricion moderada (m),2007-11-01,0,0,0,1,0,1,1
50404,OCURI,desnutricion aguda,desnutricion moderada (m),2007-11-01,39,34,18,22,57,56,113
70202,OKINAWA,desnutricion aguda,desnutricion moderada (m),2007-11-01,0,0,1,1,1,1,2
30203,OMEREQUE,desnutricion aguda,desnutricion moderada (m),2007-11-01,1,1,0,0,1,1,2
40101,ORURO,desnutricion aguda,desnutricion moderada (m),2007-11-01,12,12,6,3,18,15,33
60201,PADCAYA,desnutricion aguda,desnutricion moderada (m),2007-11-01,1,3,2,2,3,5,8
10401,PADILLA,desnutricion aguda,desnutricion moderada (m),2007-11-01,11,6,8,9,19,15,34
70502,PAILON,desnutricion aguda,desnutricion moderada (m),2007-11-01,1,5,3,2,4,7,11
20102,PALCA,desnutricion aguda,desnutricion moderada (m),2007-11-01,3,5,1,2,4,7,11
30202,PASORAPA,desnutricion aguda,desnutricion moderada (m),2007-11-01,0,1,1,0,1,1,2
40602,PAZÑA,desnutricion aguda,desnutricion moderada (m),2007-11-01,1,0,0,0,1,0,1
50403,POCOATA,desnutricion aguda,desnutricion moderada (m),2007-11-01,11,22,16,21,27,43,70
31203,POCONA,desnutricion aguda,desnutricion moderada (m),2007-11-01,1,2,2,1,3,3,6
31202,POJO (CBBA),desnutricion aguda,desnutricion moderada (m),2007-11-01,2,0,0,2,2,2,4
40601,POOPO,desnutricion aguda,desnutricion moderada (m),2007-11-01,1,0,0,0,1,0,1
51203,PORCO,desnutricion aguda,desnutricion moderada (m),2007-11-01,1,6,4,6,5,12,17
10103,POROMA,desnutricion aguda,desnutricion moderada (m),2007-11-01,21,28,14,17,35,45,80
70103,PORONGO,desnutricion aguda,desnutricion moderada (m),2007-11-01,0,1,0,1,0,2,2
70601,PORTACHUELO,desnutricion aguda,desnutricion moderada (m),2007-11-01,4,2,0,3,4,5,9
90102,PORVENIR,desnutricion aguda,desnutricion moderada (m),2007-11-01,2,0,0,0,2,0,2
70804,POSTRER VALLE,desnutricion aguda,desnutricion moderada (m),2007-11-01,0,0,1,0,1,0,1
50101,POTOSI,desnutricion aguda,desnutricion moderada (m),2007-11-01,54,74,31,28,85,102,187
10302,PRESTO,desnutricion aguda,desnutricion moderada (m),2007-11-01,8,6,3,5,11,11,22
70805,PUCARA,desnutricion aguda,desnutricion moderada (m),2007-11-01,1,0,0,1,1,1,2
90301,PUERTO GONZALO MORENO,desnutricion aguda,desnutricion moderada (m),2007-11-01,5,8,6,2,11,10,21
90201,PUERTO RICO,desnutricion aguda,desnutricion moderada (m),2007-11-01,0,2,0,2,0,4,4
80703,PUERTO SILES,desnutricion aguda,desnutricion moderada (m),2007-11-01,0,0,0,1,0,1,1
71401,PUERTO SUAREZ,desnutricion aguda,desnutricion moderada (m),2007-11-01,2,5,0,0,2,5,7
31205,PUERTO VILLARROEL,desnutricion aguda,desnutricion moderada (m),2007-11-01,23,20,19,10,42,30,72
51101,PUNA,desnutricion aguda,desnutricion moderada (m),2007-11-01,41,33,29,29,70,62,132
31401,PUNATA,desnutricion aguda,desnutricion moderada (m),2007-11-01,100,70,59,50,159,120,279
30901,QUILLACOLLO,desnutricion aguda,desnutricion moderada (m),2007-11-01,10,7,10,7,20,14,34
21002,QUIME,desnutricion aguda,desnutricion moderada (m),2007-11-01,1,1,0,0,1,1,2
70904,QUIRUSILLAS,desnutricion aguda,desnutricion moderada (m),2007-11-01,0,0,0,1,0,1,1
50402,RAVELO,desnutricion aguda,desnutricion moderada (m),2007-11-01,48,39,29,46,77,85,162
80301,REYES,desnutricion aguda,desnutricion moderada (m),2007-11-01,2,0,2,1,4,1,5
80201,RIBERALTA,desnutricion aguda,desnutricion moderada (m),2007-11-01,70,83,26,33,96,116,212
70503,ROBORE,desnutricion aguda,desnutricion moderada (m),2007-11-01,3,2,0,3,3,5,8
80304,RURRENABAQUE,desnutricion aguda,desnutricion moderada (m),2007-11-01,0,2,0,0,0,2,2
31001,SACABA,desnutricion aguda,desnutricion moderada (m),2007-11-01,20,10,9,21,29,31,60
30404,SACABAMBA,desnutricion aguda,desnutricion moderada (m),2007-11-01,1,1,0,0,1,1,2
50701,SACACA,desnutricion aguda,desnutricion moderada (m),2007-11-01,23,20,16,20,39,40,79
71302,SAIPINA,desnutricion aguda,desnutricion moderada (m),2007-11-01,1,0,1,0,2,0,2
40801,SALINAS DE GARCI MENDOZA,desnutricion aguda,desnutricion moderada (m),2007-11-01,1,0,0,1,1,1,2
70901,SAMAIPATA,desnutricion aguda,desnutricion moderada (m),2007-11-01,1,0,1,1,2,1,3
51601,SAN AGUSTIN,desnutricion aguda,desnutricion moderada (m),2007-11-01,0,1,0,1,0,2,2
80602,SAN ANDRES,desnutricion aguda,desnutricion moderada (m),2007-11-01,1,0,0,0,1,0,1
51003,SAN ANTONIO DE ESMORUCO,desnutricion aguda,desnutricion moderada (m),2007-11-01,1,0,0,0,1,0,1
31403,SAN BENITO,desnutricion aguda,desnutricion moderada (m),2007-11-01,2,4,3,2,5,6,11
80302,SAN BORJA,desnutricion aguda,desnutricion moderada (m),2007-11-01,4,12,4,4,8,16,24
70402,SAN CARLOS,desnutricion aguda,desnutricion moderada (m),2007-11-01,7,3,1,0,8,3,11
80501,SAN IGNACIO,desnutricion aguda,desnutricion moderada (m),2007-11-01,26,24,2,6,28,30,58
70301,SAN IGNACIO DE VELASCO,desnutricion aguda,desnutricion moderada (m),2007-11-01,19,34,19,29,38,63,101
80102,SAN JAVIER(BNI),desnutricion aguda,desnutricion moderada (m),2007-11-01,0,1,0,0,0,1,1
71102,SAN JAVIER(STC),desnutricion aguda,desnutricion moderada (m),2007-11-01,1,1,1,1,2,2,4
80701,SAN JOAQUIN,desnutricion aguda,desnutricion moderada (m),2007-11-01,0,4,0,0,0,4,4
70501,SAN JOSE DE CHIQUITOS,desnutricion aguda,desnutricion moderada (m),2007-11-01,4,2,3,3,7,5,12
70404,SAN JUAN DE YAPACANI,desnutricion aguda,desnutricion moderada (m),2007-11-01,1,5,3,2,4,7,11
71104,SAN JULIAN,desnutricion aguda,desnutricion moderada (m),2007-11-01,2,4,1,2,3,6,9
90302,SAN LORENZO(PND),desnutricion aguda,desnutricion moderada (m),2007-11-01,0,8,3,0,3,8,11
60501,SAN LORENZO(TJA),desnutricion aguda,desnutricion moderada (m),2007-11-01,5,3,3,4,8,7,15
10702,SAN LUCAS,desnutricion aguda,desnutricion moderada (m),2007-11-01,51,46,33,33,84,79,163
71201,SAN MATIAS,desnutricion aguda,desnutricion moderada (m),2007-11-01,1,4,3,0,4,4,8
70302,SAN MIGUEL DE VELASCO,desnutricion aguda,desnutricion moderada (m),2007-11-01,1,1,3,1,4,2,6
51001,SAN PABLO DE LIPEZ,desnutricion aguda,desnutricion moderada (m),2007-11-01,4,1,0,1,4,2,6
71005,SAN PEDRO,desnutricion aguda,desnutricion moderada (m),2007-11-01,2,0,0,3,2,3,5
50501,SAN PEDRO DE BUENA VISTA,desnutricion aguda,desnutricion moderada (m),2007-11-01,13,4,5,12,18,16,34
50902,SAN PEDRO DE QUEMES,desnutricion aguda,desnutricion moderada (m),2007-11-01,1,0,0,0,1,0,1
90202,SAN PEDRO(PND),desnutricion aguda,desnutricion moderada (m),2007-11-01,1,0,0,0,1,0,1
70303,SAN RAFAEL,desnutricion aguda,desnutricion moderada (m),2007-11-01,6,2,0,0,6,2,8
80702,SAN RAMON,desnutricion aguda,desnutricion moderada (m),2007-11-01,0,1,0,2,0,3,3
80702,SAN RAMON,desnutricion aguda,desnutricion moderada (m),2007-11-01,1,4,0,1,1,5,6
80401,SANTA ANA,desnutricion aguda,desnutricion moderada (m),2007-11-01,7,4,3,1,10,5,15
70101,SANTA CRUZ DE LA SIERRA,desnutricion aguda,desnutricion moderada (m),2007-11-01,23,28,9,5,32,33,65
70602,SANTA ROSA DEL SARA,desnutricion aguda,desnutricion moderada (m),2007-11-01,4,1,2,3,6,4,10
41401,SANTIAGO DE HUARI,desnutricion aguda,desnutricion moderada (m),2007-11-01,1,1,0,0,1,1,2
30702,SANTIVAÑES,desnutricion aguda,desnutricion moderada (m),2007-11-01,1,2,0,3,1,5,6
30902,SIPE SIPE,desnutricion aguda,desnutricion moderada (m),2007-11-01,17,9,8,8,25,17,42
10403,SOPACHUY,desnutricion aguda,desnutricion moderada (m),2007-11-01,12,15,5,12,17,27,44
40104,SORACACHI,desnutricion aguda,desnutricion moderada (m),2007-11-01,1,3,0,1,1,4,5
10101,SUCRE,desnutricion aguda,desnutricion moderada (m),2007-11-01,54,49,44,39,98,88,186
50303,TACOBAMBA,desnutricion aguda,desnutricion moderada (m),2007-11-01,7,7,3,4,10,11,21
30602,TACOPAYA,desnutricion aguda,desnutricion moderada (m),2007-11-01,3,6,2,6,5,12,17
31101,TAPACARI,desnutricion aguda,desnutricion moderada (m),2007-11-01,31,38,12,18,43,56,99
10601,TARABUCO,desnutricion aguda,desnutricion moderada (m),2007-11-01,26,16,18,27,44,43,87
30401,TARATA,desnutricion aguda,desnutricion moderada (m),2007-11-01,1,4,0,0,1,4,5
60101,TARIJA,desnutricion aguda,desnutricion moderada (m),2007-11-01,16,22,13,15,29,37,66
10202,TARVITA,desnutricion aguda,desnutricion moderada (m),2007-11-01,22,10,18,34,40,44,84
50102,TINGUIPAYA,desnutricion aguda,desnutricion moderada (m),2007-11-01,17,10,18,6,35,16,51
30903,TIQUIPAYA,desnutricion aguda,desnutricion moderada (m),2007-11-01,4,3,0,2,4,5,9
31601,TIRAQUE (CBBA),desnutricion aguda,desnutricion moderada (m),2007-11-01,24,21,19,13,43,34,77
51202,TOMAVE,desnutricion aguda,desnutricion moderada (m),2007-11-01,5,3,0,1,5,4,9
10402,TOMINA,desnutricion aguda,desnutricion moderada (m),2007-11-01,13,12,15,23,28,35,63
50502,TORO TORO,desnutricion aguda,desnutricion moderada (m),2007-11-01,10,6,6,5,16,11,27
31201,TOTORA(CBBA),desnutricion aguda,desnutricion moderada (m),2007-11-01,3,2,1,4,4,6,10
80101,TRINIDAD,desnutricion aguda,desnutricion moderada (m),2007-11-01,24,17,14,11,38,28,66
50801,TUPIZA,desnutricion aguda,desnutricion moderada (m),2007-11-01,14,9,17,21,31,30,61
50201,UNCIA,desnutricion aguda,desnutricion moderada (m),2007-11-01,6,8,5,7,11,15,26
60401,URIONDO (A. CONCEPCION),desnutricion aguda,desnutricion moderada (m),2007-11-01,1,0,1,1,2,1,3
51201,UYUNI,desnutricion aguda,desnutricion moderada (m),2007-11-01,5,2,2,4,7,6,13
30502,VACAS,desnutricion aguda,desnutricion moderada (m),2007-11-01,5,3,1,2,6,5,11
70801,VALLEGRANDE,desnutricion aguda,desnutricion moderada (m),2007-11-01,1,1,1,1,2,2,4
20801,VIACHA,desnutricion aguda,desnutricion moderada (m),2007-11-01,8,6,2,2,10,8,18
31302,VILA VILA,desnutricion aguda,desnutricion moderada (m),2007-11-01,2,1,4,2,6,3,9
60303,VILLA MONTES,desnutricion aguda,desnutricion moderada (m),2007-11-01,8,6,2,7,10,13,23
90502,VILLA NUEVA (LOMA ALTA),desnutricion aguda,desnutricion moderada (m),2007-11-01,0,1,0,1,0,2,2
31402,VILLA RIVERO,desnutricion aguda,desnutricion moderada (m),2007-11-01,0,5,1,1,1,6,7
10801,VILLA SERRANO,desnutricion aguda,desnutricion moderada (m),2007-11-01,6,6,7,5,13,11,24
31003,VILLA TUNARI,desnutricion aguda,desnutricion moderada (m),2007-11-01,12,32,6,6,18,38,56
11001,VILLA VACA GUZMAN (MUYUPAMPA),desnutricion aguda,desnutricion moderada (m),2007-11-01,0,3,2,3,2,6,8
51501,VILLAZON,desnutricion aguda,desnutricion moderada (m),2007-11-01,28,28,14,25,42,53,95
30904,VINTO,desnutricion aguda,desnutricion moderada (m),2007-11-01,2,1,1,1,3,2,5
50602,VITICHI,desnutricion aguda,desnutricion moderada (m),2007-11-01,6,9,16,13,22,22,44
70201,WARNES,desnutricion aguda,desnutricion moderada (m),2007-11-01,5,1,0,4,5,5,10
60301,YACUIBA,desnutricion aguda,desnutricion moderada (m),2007-11-01,3,14,1,5,4,19,23
10602,YAMPARAEZ,desnutricion aguda,desnutricion moderada (m),2007-11-01,18,7,14,21,32,28,60
70403,YAPACANI,desnutricion aguda,desnutricion moderada (m),2007-11-01,7,3,2,3,9,6,15
50103,YOCALLA,desnutricion aguda,desnutricion moderada (m),2007-11-01,1,0,0,1,1,1,2
10102,YOTALA,desnutricion aguda,desnutricion moderada (m),2007-11-01,4,1,0,0,4,1,5
60402,YUNCHARA,desnutricion aguda,desnutricion moderada (m),2007-11-01,3,3,4,3,7,6,13
10301,ZUDAÑEZ,desnutricion aguda,desnutricion moderada (m),2007-11-01,6,2,4,7,10,9,19
51302,ACACIO,desnutricion aguda,desnutricion moderada (m),2007-12-01,12,6,3,8,15,14,29
30201,AIQUILE,desnutricion aguda,desnutricion moderada (m),2007-12-01,5,3,4,3,9,6,15
31303,ALALAY,desnutricion aguda,desnutricion moderada (m),2007-12-01,1,1,1,4,2,5,7
10404,ALCALA,desnutricion aguda,desnutricion moderada (m),2007-12-01,2,5,5,3,7,8,15
40603,ANTEQUERA,desnutricion aguda,desnutricion moderada (m),2007-12-01,1,0,2,4,3,4,7
30402,ANZALDO,desnutricion aguda,desnutricion moderada (m),2007-12-01,0,2,0,2,0,4,4
51301,ARAMPAMPA,desnutricion aguda,desnutricion moderada (m),2007-12-01,10,11,6,4,16,15,31
30501,ARANI,desnutricion aguda,desnutricion moderada (m),2007-12-01,1,0,0,0,1,0,1
30403,ARBIETO,desnutricion aguda,desnutricion moderada (m),2007-12-01,4,0,1,2,5,2,7
30601,ARQUE,desnutricion aguda,desnutricion moderada (m),2007-12-01,9,11,5,4,14,15,29
71501,ASCENCION DE GUARAYOS,desnutricion aguda,desnutricion moderada (m),2007-12-01,30,19,23,33,53,52,105
50802,ATOCHA,desnutricion aguda,desnutricion moderada (m),2007-12-01,4,4,1,6,5,10,15
30301,AYOPAYA (V. DE INDEPENDENCIA),desnutricion aguda,desnutricion moderada (m),2007-12-01,10,7,1,2,11,9,20
10201,AZURDUY,desnutricion aguda,desnutricion moderada (m),2007-12-01,6,5,6,13,12,18,30
80802,BAURES,desnutricion aguda,desnutricion moderada (m),2007-12-01,0,2,1,0,1,2,3
50104,BELEN DE URMIRI,desnutricion aguda,desnutricion moderada (m),2007-12-01,0,1,1,1,1,2,3
90104,BELLA FLOR,desnutricion aguda,desnutricion moderada (m),2007-12-01,0,2,2,0,2,2,4
60202,BERMEJO,desnutricion aguda,desnutricion moderada (m),2007-12-01,6,4,1,2,7,6,13
50301,BETANZOS,desnutricion aguda,desnutricion moderada (m),2007-12-01,18,22,20,17,38,39,77
31501,BOLIVAR,desnutricion aguda,desnutricion moderada (m),2007-12-01,11,11,2,7,13,18,31
90103,BOLPEBRA,desnutricion aguda,desnutricion moderada (m),2007-12-01,0,0,0,2,0,2,2
70703,CABEZAS,desnutricion aguda,desnutricion moderada (m),2007-12-01,5,5,5,6,10,11,21
51102,"CAIZA ""D""",desnutricion aguda,desnutricion moderada (m),2007-12-01,2,1,0,0,2,1,3
21003,CAJUATA,desnutricion aguda,desnutricion moderada (m),2007-12-01,1,0,0,1,1,1,2
10701,CAMARGO,desnutricion aguda,desnutricion moderada (m),2007-12-01,11,10,9,17,20,27,47
10901,CAMATAQUI (C. VILLA ABECIA),desnutricion aguda,desnutricion moderada (m),2007-12-01,0,1,3,4,3,5,8
70706,CAMIRI,desnutricion aguda,desnutricion moderada (m),2007-12-01,5,10,8,5,13,15,28
30701,CAPINOTA,desnutricion aguda,desnutricion moderada (m),2007-12-01,5,2,0,3,5,5,10
40102,CARACOLLO,desnutricion aguda,desnutricion moderada (m),2007-12-01,0,2,0,1,0,3,3
60302,CARAPARI,desnutricion aguda,desnutricion moderada (m),2007-12-01,0,0,1,1,1,1,2
50702,CARIPUYO,desnutricion aguda,desnutricion moderada (m),2007-12-01,17,14,12,17,29,31,60
71403,CARMEN RIVERO TORREZ,desnutricion aguda,desnutricion moderada (m),2007-12-01,1,0,1,2,2,2,4
40201,CHALLAPATA,desnutricion aguda,desnutricion moderada (m),2007-12-01,10,9,3,0,13,9,22
50302,CHAQUI,desnutricion aguda,desnutricion moderada (m),2007-12-01,0,0,1,1,1,1,2
70702,CHARAGUA,desnutricion aguda,desnutricion moderada (m),2007-12-01,8,4,5,2,13,6,19
50202,CHAYANTA,desnutricion aguda,desnutricion moderada (m),2007-12-01,12,13,12,17,24,30,54
31204,CHIMORE,desnutricion aguda,desnutricion moderada (m),2007-12-01,1,2,0,2,1,4,5
40903,CHIPAYA,desnutricion aguda,desnutricion moderada (m),2007-12-01,0,0,0,3,0,3,3
30801,CLIZA,desnutricion aguda,desnutricion moderada (m),2007-12-01,0,2,0,0,0,2,2
90101,COBIJA,desnutricion aguda,desnutricion moderada (m),2007-12-01,17,10,3,6,20,16,36
30101,COCHABAMBA,desnutricion aguda,desnutricion moderada (m),2007-12-01,73,58,21,36,94,94,188
30905,COLCAPIRHUA,desnutricion aguda,desnutricion moderada (m),2007-12-01,2,2,3,0,5,2,7
50901,"COLCHA ""K""",desnutricion aguda,desnutricion moderada (m),2007-12-01,1,0,0,0,1,0,1
31002,COLOMI,desnutricion aguda,desnutricion moderada (m),2007-12-01,2,5,0,1,2,6,8
70603,COLPA BELGICA,desnutricion aguda,desnutricion moderada (m),2007-12-01,0,0,1,0,1,0,1
50401,COLQUECHACA,desnutricion aguda,desnutricion moderada (m),2007-12-01,22,16,20,24,42,40,82
21004,COLQUIRI,desnutricion aguda,desnutricion moderada (m),2007-12-01,1,1,0,0,1,1,2
71301,COMARAPA,desnutricion aguda,desnutricion moderada (m),2007-12-01,2,2,3,2,5,4,9
71101,CONCEPCION,desnutricion aguda,desnutricion moderada (m),2007-12-01,7,14,0,4,7,18,25
40301,CORQUE,desnutricion aguda,desnutricion moderada (m),2007-12-01,0,1,1,0,1,1,2
50601,COTAGAITA,desnutricion aguda,desnutricion moderada (m),2007-12-01,6,11,13,19,19,30,49
70102,COTOCA,desnutricion aguda,desnutricion moderada (m),2007-12-01,10,9,2,5,12,14,26
71106,CUATRO CAÑADAS,desnutricion aguda,desnutricion moderada (m),2007-12-01,1,1,0,0,1,1,2
70704,CUEVO,desnutricion aguda,desnutricion moderada (m),2007-12-01,3,2,0,0,3,2,5
10902,CULPINA,desnutricion aguda,desnutricion moderada (m),2007-12-01,6,8,9,9,15,17,32
40401,CURAHUARA DE CARANGAS,desnutricion aguda,desnutricion moderada (m),2007-12-01,1,0,0,1,1,1,2
71503,EL PUENTE(STC),desnutricion aguda,desnutricion moderada (m),2007-12-01,5,3,2,3,7,6,13
60502,EL PUENTE(TJA),desnutricion aguda,desnutricion moderada (m),2007-12-01,1,2,0,3,1,5,6
70105,EL TORNO,desnutricion aguda,desnutricion moderada (m),2007-12-01,1,3,6,3,7,6,13
10405,EL VILLAR,desnutricion aguda,desnutricion moderada (m),2007-12-01,1,2,4,5,5,7,12
60601,ENTRE RIOS,desnutricion aguda,desnutricion moderada (m),2007-12-01,4,8,1,3,5,11,16
60601,ENTRE RIOS,desnutricion aguda,desnutricion moderada (m),2007-12-01,3,1,3,1,6,2,8
41101,EUCALIPTUS,desnutricion aguda,desnutricion moderada (m),2007-12-01,2,0,1,0,3,0,3
90503,EUREKA (SANTOS MERCADO),desnutricion aguda,desnutricion moderada (m),2007-12-01,0,1,2,1,2,2,4
71004,FERNANDEZ ALONSO,desnutricion aguda,desnutricion moderada (m),2007-12-01,2,2,1,0,3,2,5
90203,FILADELFIA,desnutricion aguda,desnutricion moderada (m),2007-12-01,3,1,2,1,5,2,7
71002,GENERAL SAAVEDRA,desnutricion aguda,desnutricion moderada (m),2007-12-01,4,6,3,5,7,11,18
80202,GUAYARAMERIN,desnutricion aguda,desnutricion moderada (m),2007-12-01,16,15,5,3,21,18,39
70705,GUTIERREZ,desnutricion aguda,desnutricion moderada (m),2007-12-01,15,16,8,15,23,31,54
10502,HUACARETA,desnutricion aguda,desnutricion moderada (m),2007-12-01,2,3,1,2,3,5,8
11002,HUACAYA (VILLA DE HUACAYA),desnutricion aguda,desnutricion moderada (m),2007-12-01,0,0,4,1,4,1,5
40501,HUACHACALLA,desnutricion aguda,desnutricion moderada (m),2007-12-01,0,1,0,0,0,1,1
40701,HUANUNI,desnutricion aguda,desnutricion moderada (m),2007-12-01,1,1,1,1,2,2,4
80803,HUARACAJE,desnutricion aguda,desnutricion moderada (m),2007-12-01,0,0,0,1,0,1,1
41601,HUAYLLAMARCA,desnutricion aguda,desnutricion moderada (m),2007-12-01,1,0,0,0,1,0,1
21005,ICHOCA,desnutricion aguda,desnutricion moderada (m),2007-12-01,0,0,1,0,1,0,1
10304,ICLA,desnutricion aguda,desnutricion moderada (m),2007-12-01,16,20,24,26,40,46,86
10703,INCAHUASI,desnutricion aguda,desnutricion moderada (m),2007-12-01,23,14,18,30,41,44,85
21001,INQUISIVI,desnutricion aguda,desnutricion moderada (m),2007-12-01,5,0,0,0,5,0,5
70104,LA GUARDIA,desnutricion aguda,desnutricion moderada (m),2007-12-01,11,18,3,7,14,25,39
70701,LAGUNILLAS,desnutricion aguda,desnutricion moderada (m),2007-12-01,2,3,0,2,2,5,7
10903,LAS CARRERAS,desnutricion aguda,desnutricion moderada (m),2007-12-01,1,0,0,3,1,3,4
50203,LLALLAGUA,desnutricion aguda,desnutricion moderada (m),2007-12-01,11,17,10,4,21,21,42
51401,LLICA,desnutricion aguda,desnutricion moderada (m),2007-12-01,0,1,1,1,1,2,3
80601,LORETO,desnutricion aguda,desnutricion moderada (m),2007-12-01,0,0,1,1,1,1,2
11003,MACHARETI,desnutricion aguda,desnutricion moderada (m),2007-12-01,0,3,6,3,6,6,12
80801,MAGDALENA,desnutricion aguda,desnutricion moderada (m),2007-12-01,1,3,0,1,1,4,5
70903,MAIRANA,desnutricion aguda,desnutricion moderada (m),2007-12-01,4,2,2,7,6,9,15
20103,MECAPACA,desnutricion aguda,desnutricion moderada (m),2007-12-01,1,0,1,0,2,0,2
71003,MINEROS,desnutricion aguda,desnutricion moderada (m),2007-12-01,2,1,1,1,3,2,5
31301,MIZQUE,desnutricion aguda,desnutricion moderada (m),2007-12-01,6,5,1,1,7,6,13
10303,MOJOCOYA,desnutricion aguda,desnutricion moderada (m),2007-12-01,8,0,3,4,11,4,15
10501,MONTEAGUDO,desnutricion aguda,desnutricion moderada (m),2007-12-01,9,6,5,7,14,13,27
71001,MONTERO,desnutricion aguda,desnutricion moderada (m),2007-12-01,21,22,10,16,31,38,69
70803,MORO MORO,desnutricion aguda,desnutricion moderada (m),2007-12-01,0,0,1,0,1,0,1
30302,MOROCHATA,desnutricion aguda,desnutricion moderada (m),2007-12-01,9,6,6,8,15,14,29
90401,NACEBE (SANTA ROSA DEL ABUNA),desnutricion aguda,desnutricion moderada (m),2007-12-01,0,0,0,3,0,3,3
90501,NUEVO MANOA (NUEVA ESPERANZA),desnutricion aguda,desnutricion moderada (m),2007-12-01,0,0,2,1,2,1,3
50404,OCURI,desnutricion aguda,desnutricion moderada (m),2007-12-01,26,21,10,15,36,36,72
70202,OKINAWA,desnutricion aguda,desnutricion moderada (m),2007-12-01,2,4,0,1,2,5,7
30203,OMEREQUE,desnutricion aguda,desnutricion moderada (m),2007-12-01,0,2,1,2,1,4,5
40101,ORURO,desnutricion aguda,desnutricion moderada (m),2007-12-01,13,16,2,6,15,22,37
60201,PADCAYA,desnutricion aguda,desnutricion moderada (m),2007-12-01,1,2,0,1,1,3,4
10401,PADILLA,desnutricion aguda,desnutricion moderada (m),2007-12-01,8,6,5,14,13,20,33
70502,PAILON,desnutricion aguda,desnutricion moderada (m),2007-12-01,1,3,0,0,1,3,4
20102,PALCA,desnutricion aguda,desnutricion moderada (m),2007-12-01,1,3,1,1,2,4,6
70902,PAMPA GRANDE,desnutricion aguda,desnutricion moderada (m),2007-12-01,0,1,0,0,0,1,1
30202,PASORAPA,desnutricion aguda,desnutricion moderada (m),2007-12-01,1,0,0,0,1,0,1
50403,POCOATA,desnutricion aguda,desnutricion moderada (m),2007-12-01,15,14,12,18,27,32,59
31203,POCONA,desnutricion aguda,desnutricion moderada (m),2007-12-01,0,2,2,2,2,4,6
31202,POJO (CBBA),desnutricion aguda,desnutricion moderada (m),2007-12-01,0,3,3,0,3,3,6
40601,POOPO,desnutricion aguda,desnutricion moderada (m),2007-12-01,0,1,5,1,5,2,7
51203,PORCO,desnutricion aguda,desnutricion moderada (m),2007-12-01,9,5,1,3,10,8,18
10103,POROMA,desnutricion aguda,desnutricion moderada (m),2007-12-01,20,20,14,13,34,33,67
70103,PORONGO,desnutricion aguda,desnutricion moderada (m),2007-12-01,1,1,1,2,2,3,5
70601,PORTACHUELO,desnutricion aguda,desnutricion moderada (m),2007-12-01,5,2,6,1,11,3,14
90102,PORVENIR,desnutricion aguda,desnutricion moderada (m),2007-12-01,0,3,0,1,0,4,4
70804,POSTRER VALLE,desnutricion aguda,desnutricion moderada (m),2007-12-01,0,0,1,1,1,1,2
50101,POTOSI,desnutricion aguda,desnutricion moderada (m),2007-12-01,13,11,1,3,14,14,28
10302,PRESTO,desnutricion aguda,desnutricion moderada (m),2007-12-01,7,2,8,5,15,7,22
70805,PUCARA,desnutricion aguda,desnutricion moderada (m),2007-12-01,0,0,1,0,1,0,1
90301,PUERTO GONZALO MORENO,desnutricion aguda,desnutricion moderada (m),2007-12-01,6,5,7,4,13,9,22
71402,PUERTO QUIJARRO,desnutricion aguda,desnutricion moderada (m),2007-12-01,3,1,0,0,3,1,4
90201,PUERTO RICO,desnutricion aguda,desnutricion moderada (m),2007-12-01,4,2,0,1,4,3,7
71401,PUERTO SUAREZ,desnutricion aguda,desnutricion moderada (m),2007-12-01,0,3,1,0,1,3,4
31205,PUERTO VILLARROEL,desnutricion aguda,desnutricion moderada (m),2007-12-01,30,36,11,12,41,48,89
51101,PUNA,desnutricion aguda,desnutricion moderada (m),2007-12-01,28,30,21,29,49,59,108
31401,PUNATA,desnutricion aguda,desnutricion moderada (m),2007-12-01,9,5,1,2,10,7,17
30901,QUILLACOLLO,desnutricion aguda,desnutricion moderada (m),2007-12-01,5,12,5,13,10,25,35
21002,QUIME,desnutricion aguda,desnutricion moderada (m),2007-12-01,0,1,0,0,0,1,1
70904,QUIRUSILLAS,desnutricion aguda,desnutricion moderada (m),2007-12-01,1,0,0,0,1,0,1
50402,RAVELO,desnutricion aguda,desnutricion moderada (m),2007-12-01,30,25,28,25,58,50,108
80301,REYES,desnutricion aguda,desnutricion moderada (m),2007-12-01,1,1,2,2,3,3,6
80201,RIBERALTA,desnutricion aguda,desnutricion moderada (m),2007-12-01,55,81,19,31,74,112,186
70503,ROBORE,desnutricion aguda,desnutricion moderada (m),2007-12-01,4,0,1,1,5,1,6
80304,RURRENABAQUE,desnutricion aguda,desnutricion moderada (m),2007-12-01,0,2,0,0,0,2,2
31001,SACABA,desnutricion aguda,desnutricion moderada (m),2007-12-01,10,13,9,4,19,17,36
30404,SACABAMBA,desnutricion aguda,desnutricion moderada (m),2007-12-01,1,0,0,0,1,0,1
50701,SACACA,desnutricion aguda,desnutricion moderada (m),2007-12-01,25,23,18,21,43,44,87
71302,SAIPINA,desnutricion aguda,desnutricion moderada (m),2007-12-01,3,0,2,0,5,0,5
40801,SALINAS DE GARCI MENDOZA,desnutricion aguda,desnutricion moderada (m),2007-12-01,1,0,5,1,6,1,7
70901,SAMAIPATA,desnutricion aguda,desnutricion moderada (m),2007-12-01,0,0,1,0,1,0,1
51601,SAN AGUSTIN,desnutricion aguda,desnutricion moderada (m),2007-12-01,0,0,1,2,1,2,3
80602,SAN ANDRES,desnutricion aguda,desnutricion moderada (m),2007-12-01,2,0,0,0,2,0,2
51003,SAN ANTONIO DE ESMORUCO,desnutricion aguda,desnutricion moderada (m),2007-12-01,1,0,0,0,1,0,1
71105,SAN ANTONIO DE LOMERIO,desnutricion aguda,desnutricion moderada (m),2007-12-01,4,7,0,5,4,12,16
31403,SAN BENITO,desnutricion aguda,desnutricion moderada (m),2007-12-01,4,4,4,2,8,6,14
80302,SAN BORJA,desnutricion aguda,desnutricion moderada (m),2007-12-01,8,12,11,9,19,21,40
70402,SAN CARLOS,desnutricion aguda,desnutricion moderada (m),2007-12-01,2,5,2,2,4,7,11
80501,SAN IGNACIO,desnutricion aguda,desnutricion moderada (m),2007-12-01,13,20,0,3,13,23,36
70301,SAN IGNACIO DE VELASCO,desnutricion aguda,desnutricion moderada (m),2007-12-01,12,22,15,20,27,42,69
71102,SAN JAVIER(STC),desnutricion aguda,desnutricion moderada (m),2007-12-01,3,1,0,0,3,1,4
80701,SAN JOAQUIN,desnutricion aguda,desnutricion moderada (m),2007-12-01,1,3,2,0,3,3,6
70501,SAN JOSE DE CHIQUITOS,desnutricion aguda,desnutricion moderada (m),2007-12-01,6,5,2,1,8,6,14
70404,SAN JUAN DE YAPACANI,desnutricion aguda,desnutricion moderada (m),2007-12-01,1,3,9,6,10,9,19
71104,SAN JULIAN,desnutricion aguda,desnutricion moderada (m),2007-12-01,0,1,0,0,0,1,1
90302,SAN LORENZO(PND),desnutricion aguda,desnutricion moderada (m),2007-12-01,0,1,1,1,1,2,3
60501,SAN LORENZO(TJA),desnutricion aguda,desnutricion moderada (m),2007-12-01,5,10,2,3,7,13,20
10702,SAN LUCAS,desnutricion aguda,desnutricion moderada (m),2007-12-01,55,40,24,39,79,79,158
71201,SAN MATIAS,desnutricion aguda,desnutricion moderada (m),2007-12-01,1,1,0,0,1,1,2
70302,SAN MIGUEL DE VELASCO,desnutricion aguda,desnutricion moderada (m),2007-12-01,2,0,1,0,3,0,3
51001,SAN PABLO DE LIPEZ,desnutricion aguda,desnutricion moderada (m),2007-12-01,0,0,1,0,1,0,1
71005,SAN PEDRO,desnutricion aguda,desnutricion moderada (m),2007-12-01,2,3,3,3,5,6,11
50501,SAN PEDRO DE BUENA VISTA,desnutricion aguda,desnutricion moderada (m),2007-12-01,3,14,4,9,7,23,30
50902,SAN PEDRO DE QUEMES,desnutricion aguda,desnutricion moderada (m),2007-12-01,1,0,0,0,1,0,1
90202,SAN PEDRO(PND),desnutricion aguda,desnutricion moderada (m),2007-12-01,1,0,0,0,1,0,1
70303,SAN RAFAEL,desnutricion aguda,desnutricion moderada (m),2007-12-01,1,2,1,1,2,3,5
80702,SAN RAMON,desnutricion aguda,desnutricion moderada (m),2007-12-01,2,1,1,1,3,2,5
80401,SANTA ANA,desnutricion aguda,desnutricion moderada (m),2007-12-01,3,4,3,2,6,6,12
70101,SANTA CRUZ DE LA SIERRA,desnutricion aguda,desnutricion moderada (m),2007-12-01,53,57,18,25,71,82,153
80303,SANTA ROSA,desnutricion aguda,desnutricion moderada (m),2007-12-01,1,3,0,0,1,3,4
70602,SANTA ROSA DEL SARA,desnutricion aguda,desnutricion moderada (m),2007-12-01,0,4,3,1,3,5,8
41401,SANTIAGO DE HUARI,desnutricion aguda,desnutricion moderada (m),2007-12-01,2,1,0,0,2,1,3
30702,SANTIVAÑES,desnutricion aguda,desnutricion moderada (m),2007-12-01,0,1,0,0,0,1,1
90303,SENA,desnutricion aguda,desnutricion moderada (m),2007-12-01,3,0,1,1,4,1,5
30902,SIPE SIPE,desnutricion aguda,desnutricion moderada (m),2007-12-01,11,16,4,5,15,21,36
10403,SOPACHUY,desnutricion aguda,desnutricion moderada (m),2007-12-01,10,14,7,22,17,36,53
40104,SORACACHI,desnutricion aguda,desnutricion moderada (m),2007-12-01,1,1,0,0,1,1,2
10101,SUCRE,desnutricion aguda,desnutricion moderada (m),2007-12-01,29,30,23,39,52,69,121
50303,TACOBAMBA,desnutricion aguda,desnutricion moderada (m),2007-12-01,3,9,2,3,5,12,17
30602,TACOPAYA,desnutricion aguda,desnutricion moderada (m),2007-12-01,7,6,8,5,15,11,26
31101,TAPACARI,desnutricion aguda,desnutricion moderada (m),2007-12-01,35,31,11,20,46,51,97
10601,TARABUCO,desnutricion aguda,desnutricion moderada (m),2007-12-01,71,30,34,32,105,62,167
30401,TARATA,desnutricion aguda,desnutricion moderada (m),2007-12-01,1,2,0,1,1,3,4
60101,TARIJA,desnutricion aguda,desnutricion moderada (m),2007-12-01,21,24,13,13,34,37,71
10202,TARVITA,desnutricion aguda,desnutricion moderada (m),2007-12-01,10,13,20,18,30,31,61
50102,TINGUIPAYA,desnutricion aguda,desnutricion moderada (m),2007-12-01,14,13,12,14,26,27,53
30903,TIQUIPAYA,desnutricion aguda,desnutricion moderada (m),2007-12-01,3,2,3,1,6,3,9
31601,TIRAQUE (CBBA),desnutricion aguda,desnutricion moderada (m),2007-12-01,23,15,13,13,36,28,64
30802,TOCO,desnutricion aguda,desnutricion moderada (m),2007-12-01,3,0,2,0,5,0,5
30803,TOLATA,desnutricion aguda,desnutricion moderada (m),2007-12-01,0,1,0,0,0,1,1
51202,TOMAVE,desnutricion aguda,desnutricion moderada (m),2007-12-01,4,9,3,8,7,17,24
10402,TOMINA,desnutricion aguda,desnutricion moderada (m),2007-12-01,12,9,13,26,25,35,60
50502,TORO TORO,desnutricion aguda,desnutricion moderada (m),2007-12-01,8,1,2,0,10,1,11
31201,TOTORA(CBBA),desnutricion aguda,desnutricion moderada (m),2007-12-01,4,1,1,1,5,2,7
41301,TOTORA(ORR),desnutricion aguda,desnutricion moderada (m),2007-12-01,0,0,2,3,2,3,5
80101,TRINIDAD,desnutricion aguda,desnutricion moderada (m),2007-12-01,22,17,3,17,25,34,59
50801,TUPIZA,desnutricion aguda,desnutricion moderada (m),2007-12-01,12,11,13,7,25,18,43
40402,TURCO,desnutricion aguda,desnutricion moderada (m),2007-12-01,1,1,0,0,1,1,2
50201,UNCIA,desnutricion aguda,desnutricion moderada (m),2007-12-01,13,9,12,11,25,20,45
60401,URIONDO (A. CONCEPCION),desnutricion aguda,desnutricion moderada (m),2007-12-01,3,3,1,2,4,5,9
71502,URUBICHA,desnutricion aguda,desnutricion moderada (m),2007-12-01,16,16,15,22,31,38,69
51201,UYUNI,desnutricion aguda,desnutricion moderada (m),2007-12-01,3,4,0,5,3,9,12
30502,VACAS,desnutricion aguda,desnutricion moderada (m),2007-12-01,2,1,1,1,3,2,5
70801,VALLEGRANDE,desnutricion aguda,desnutricion moderada (m),2007-12-01,3,1,0,1,3,2,5
20801,VIACHA,desnutricion aguda,desnutricion moderada (m),2007-12-01,8,3,4,2,12,5,17
31302,VILA VILA,desnutricion aguda,desnutricion moderada (m),2007-12-01,0,0,1,0,1,0,1
60303,VILLA MONTES,desnutricion aguda,desnutricion moderada (m),2007-12-01,3,9,1,4,4,13,17
90502,VILLA NUEVA (LOMA ALTA),desnutricion aguda,desnutricion moderada (m),2007-12-01,0,1,2,3,2,4,6
31402,VILLA RIVERO,desnutricion aguda,desnutricion moderada (m),2007-12-01,1,2,0,1,1,3,4
10801,VILLA SERRANO,desnutricion aguda,desnutricion moderada (m),2007-12-01,3,6,12,5,15,11,26
31003,VILLA TUNARI,desnutricion aguda,desnutricion moderada (m),2007-12-01,9,16,3,8,12,24,36
11001,VILLA VACA GUZMAN (MUYUPAMPA),desnutricion aguda,desnutricion moderada (m),2007-12-01,1,0,3,0,4,0,4
51501,VILLAZON,desnutricion aguda,desnutricion moderada (m),2007-12-01,35,19,15,21,50,40,90
50602,VITICHI,desnutricion aguda,desnutricion moderada (m),2007-12-01,8,8,10,21,18,29,47
70201,WARNES,desnutricion aguda,desnutricion moderada (m),2007-12-01,7,9,3,7,10,16,26
60301,YACUIBA,desnutricion aguda,desnutricion moderada (m),2007-12-01,9,10,1,5,10,15,25
10602,YAMPARAEZ,desnutricion aguda,desnutricion moderada (m),2007-12-01,11,11,13,18,24,29,53
70403,YAPACANI,desnutricion aguda,desnutricion moderada (m),2007-12-01,18,9,6,6,24,15,39
50103,YOCALLA,desnutricion aguda,desnutricion moderada (m),2007-12-01,1,1,0,0,1,1,2
10102,YOTALA,desnutricion aguda,desnutricion moderada (m),2007-12-01,1,0,2,0,3,0,3
60402,YUNCHARA,desnutricion aguda,desnutricion moderada (m),2007-12-01,8,1,3,3,11,4,15
10301,ZUDAÑEZ,desnutricion aguda,desnutricion moderada (m),2007-12-01,9,8,8,13,17,21,38
